0 0.556944 0 0.0138889 0
0 0.557639 0 0.0125 0
0 0.556944 0 0.0138889 0
0 0.557639 0 0.0125 0
0 0.556944 0 0.0138889 0
0 0.556944 0 0.0138889 0
0 0.557639 0 0.0125 0
0 0.556944 0 0.0138889 0
0 0.557639 0 0.0125 0
0 0.556944 0 0.0138889 0
0 0.557639 0 0.0125 0
0 0.556944 0 0.0138889 0
0 0.557639 0 0.0125 0
0 0.556944 0 0.0138889 0
0 0.556944 0 0.0138889 0
0 0.557639 0 0.0125 0
0 0.556944 0 0.0138889 0
0 0.556944 0 0.0138889 0
0 0.556944 0 0.0138889 0
0 0.557639 0 0.0125 0
0 0.556944 0 0.0138889 0
0 0.556944 0 0.0138889 0
0 0.556944 0 0.0138889 0
0 0.556944 0 0.0138889 0
0 0.557639 0 0.0125 0
0 0.556944 0 0.0138889 0
0 0.557639 0 0.0125 0
0 0.556944 0 0.0138889 0
0 0.557639 0 0.0125 0
0 0.556944 0 0.0138889 0
0 0.556944 0 0.0138889 0
0 0.556944 0 0.0138889 0
0 0.556944 0 0.0138889 0
0 0.557639 0 0.0125 0
0 0.557639 0 0.0125 0
0 0.556944 0 0.0138889 0
0 0.557639 0 0.0125 0
0 0.556944 0 0.0138889 0
0 0.557639 0 0.0125 0
0 0.556944 0 0.0138889 0
0 0.556944 0 0.0138889 0
0 0.556944 0 0.0138889 0
0 0.556944 0 0.0138889 0
0 0.556944 0 0.0138889 0
0 0.557639 0 0.0125 0
0 0.556944 0 0.0138889 0
0 0.557639 0 0.0125 0
0 0.556944 0 0.0138889 0
0 0.556944 0 0.0138889 0
0 0.556944 0 0.0138889 0
0 0.556944 0 0.0138889 0
0 0.556944 0 0.0138889 0
0 0.556944 0 0.0138889 0
0 0.557639 0 0.0125 0
0 0.556944 0 0.0138889 0
0 0.557639 0 0.0125 0
0 0.557639 0 0.0125 0
0 0.556944 0 0.0138889 0
0 0.556944 0 0.0138889 0
0 0.557639 0 0.0125 0
0 0.556944 0 0.0138889 0
0 0.556944 0 0.0138889 0
0 0.557639 0 0.0125 0
0 0.556944 0 0.0138889 0
0 0.557639 0 0.0125 0
0 0.556944 0 0.0138889 0
0 0.55625 0 0.0125 0
0 0.55625 0 0.0125 0
0 0.55625 0 0.0125 0
0 0.55625 0 0.0125 0
0 0.55625 0 0.0125 0
0 0.55625 0 0.0125 0
0 0.55625 0 0.0125 0
0 0.55625 0 0.0125 0
0 0.55625 0 0.0125 0
0 0.555556 0 0.0111111 0
0 0.555556 0 0.0111111 0
0 0.554861 0 0.0125 0
0 0.554167 0 0.0111111 0
0 0.553472 0 0.0125 0
0 0.553472 0 0.0125 0
0 0.553472 0 0.0125 0
0 0.553472 0 0.0125 0
0 0.553472 0 0.0125 0
0 0.552083 0 0.0125 0
0 0.552083 0 0.0125 0
0 0.550694 0 0.0125 0
0 0.551389 0 0.0111111 0
0 0.55 0 0.0111111 0
0 0.55 0 0.0111111 0
0 0.549306 0 0.0125 0
0 0.548611 0 0.0111111 0
0 0.547917 0 0.0125 0
0 0.547917 0 0.0125 0
0 0.547917 0 0.0125 0
0 0.547917 0 0.0125 0
0 0.547222 0 0.0111111 0
0 0.546528 0 0.0125 0
0 0.545139 0 0.0125 0
0 0.545833 0 0.0111111 0
0 0.545139 0 0.0125 0
0 0.544444 0 0.0111111 0
0 0.54375 0 0.0125 0
0 0.54375 0 0.0125 0
0 0.543056 0 0.0111111 0
0 0.543056 0 0.0111111 0
0 0.543056 0 0.0111111 0
0 0.543056 0 0.0111111 0
0 0.541667 0 0.0111111 0
0 0.541667 0 0.0111111 0
0 0.540972 0 0.0125 0
0 0.540972 0 0.0125 0
0 0.540972 0 0.0125 0
0 0.540278 0 0.0111111 0
0 0.540278 0 0.0111111 0
0 0.539583 0 0.0125 0
0 0.539583 0 0.00972222 0
0 0.538889 0 0.0111111 0
0 0.538889 0 0.0111111 0
0 0.538194 0 0.00972222 0
0 0.5375 0 0.0111111 0
0 0.5375 0 0.0111111 0
0 0.5375 0 0.0111111 0
0 0.5375 0 0.0111111 0
0 0.536806 0 0.00972222 0
0 0.536111 0 0.0111111 0
0 0.535417 0 0.00972222 0
0 0.536111 0 0.0111111 0
0 0.535417 0 0.00972222 0
0 0.534722 0 0.0111111 0
0 0.534722 0 0.0111111 0
0 0.534028 0 0.00972222 0
0 0.533333 0 0.0111111 0
0 0.534028 0 0.00972222 0
0 0.533333 0 0.0111111 0
0 0.533333 0 0.0111111 0
0 0.533333 0 0.0111111 0
0 0.532639 0 0.00972222 0
0 0.532639 0 0.00972222 0
0 0.532639 0 0.00972222 0
0 0.532639 0 0.00972222 0
0 0.531944 0 0.0111111 0
0 0.531944 0 0.0111111 0
0 0.531944 0 0.0111111 0
0 0.531944 0 0.0111111 0
0 0.531944 0 0.0111111 0
0 0.531944 0 0.00833333 0
0 0.531944 0 0.00833333 0
0 0.53125 0 0.00972222 0
0 0.53125 0 0.00972222 0
0 0.53125 0 0.00972222 0
0 0.53125 0 0.00972222 0
0 0.53125 0 0.00972222 0
0 0.529861 0 0.00972222 0
0 0.529861 0 0.00972222 0
0 0.529861 0 0.00972222 0
0 0.529861 0 0.00972222 0
0 0.529167 0 0.00833333 0
0 0.528472 0 0.00972222 0
0 0.528472 0 0.00972222 0
0 0.528472 0 0.00972222 0
0 0.527083 0 0.00972222 0
0 0.527083 0 0.00694444 0
0 0.526389 0 0.00833333 0
0 0.527083 0 0.00972222 0
0 0.527083 0 0.00972222 0
0 0.526389 0 0.00833333 0
0 0.527083 0 0.00972222 0
0 0.527083 0 0.00972222 0
0 0.527083 0 0.00972222 0
0 0.527083 0 0.00972222 0
0 0.526389 0 0.0111111 0
0 0.526389 0 0.0111111 0
0 0.526389 0 0.0111111 0
0 0.526389 0 0.0111111 0
0 0.527083 0 0.00694444 0
0 0.527083 0 0.00694444 0
0 0.527778 0 0.00833333 0
0 0.527778 0 0.00833333 0
0 0.527778 0 0.00833333 0
0 0.527778 0 0.00833333 0
0 0.528472 0 0.00694444 0
0 0.528472 0 0.00694444 0
0 0.528472 0 0.00694444 0
0 0.528472 0 0.00694444 0
0 0.529861 0 0.00694444 0
0 0.529167 0 0.00833333 0
0 0.529167 0 0.00555556 0
0 0.529861 0 0.00694444 0
0 0.529167 0 0.00555556 0
0 0.529861 0 0.00694444 0
0 0.529861 0 0.00694444 0
0 0.529861 0 0.00694444 0
0 0.529861 0 0.00694444 0
0 0.530556 0 0.00833333 0
0 0.53125 0 0.00972222 0
0 0.53125 0 0.00694444 0
0 0.53125 0 0.00694444 0
0 0.531944 0 0.00833333 0
0 0.531944 0 0.00833333 0
0 0.532639 0 0.00694444 0
0 0.533333 0 0.00833333 0
0 0.531944 0 0.00833333 0
0 0.534028 0 0.00694444 0
0 0.534028 0 0.00972222 0
0 0.534028 0 0.00694444 0
0 0.534722 0 0.00833333 0
0 0.535417 0 0.00694444 0
0 0.536111 0 0.00555556 0
0 0.536111 0 0.00833333 0
0 0.536806 0 0.00694444 0
0 0.536111 0 0.00555556 0
0 0.536806 0 0.00694444 0
0 0.5375 0 0.00833333 0
0 0.536806 0 0.00694444 0
0 0.5375 0 0.00833333 0
0 0.5375 0 0.00833333 0
0 0.536806 0 0.00694444 0
0 0.536806 0 0.00694444 0
0 0.536806 0 0.00694444 0
0 0.536806 0 0.00694444 0
0 0.536806 0 0.00694444 0
0 0.536806 0 0.00694444 0
0 0.538194 0 0.00694444 0
0 0.538194 0 0.00694444 0
0 0.538194 0 0.00694444 0
0 0.538194 0 0.00694444 0
0 0.538889 0 0.00833333 0
0 0.538889 0 0.00833333 0
0 0.538194 0 0.00694444 0
0 0.538194 0 0.00694444 0
0 0.538194 0 0.00694444 0
0 0.540278 0 0.00555556 0
0 0.539583 0 0.00694444 0
0 0.540278 0 0.00555556 0
0 0.538889 0 0.00555556 0
0 0.538889 0 0.00555556 0
0 0.538194 0 0.00694444 0
0 0.538194 0 0.00694444 0
0 0.538889 0 0.00833333 0
0 0.538889 0 0.00833333 0
0 0.538194 0 0.00694444 0
0 0.538194 0 0.00694444 0
0 0.538194 0 0.00694444 0
0 0.538194 0 0.00694444 0
0 0.536111 0 0.00833333 0
0 0.536806 0 0.00694444 0
0 0.536806 0 0.00972222 0
0 0.536806 0 0.00694444 0
0 0.534028 0 0.00694444 0
0 0.534028 0 0.00694444 0
0 0.532639 0 0.00694444 0
0 0.538194 0 0.00416667 0
0 0.538194 0 0.00416667 0
0 0.539583 0 0.00416667 0
0 0.500694 0.5 0.0458333 1
0 0.500694 0.5 0.0458333 1
0 0.500694 0.5 0.0458333 1
0 0.500694 0.5 0.0458333 1
0 0.500694 0.5 0.0458333 1
0 0.500694 0.5 0.0458333 1
0 0.500694 0.5 0.0458333 1
0 0.500694 0.5 0.0458333 1
0 0.501389 0.5 0.0472222 1
0 0.500694 0.5 0.0458333 1
0 0.501389 0.5 0.0472222 1
0 0.500694 0.5 0.0458333 1
0 0.500694 0.5 0.0458333 1
0 0.500694 0.5 0.0458333 1
0 0.501389 0.5 0.0472222 1
0 0.500694 0.5 0.0458333 1
0 0.500694 0.5 0.0458333 1
0 0.501389 0.5 0.0472222 1
0 0.501389 0.5 0.0472222 1
0 0.500694 0.5 0.0458333 1
0 0.501389 0.5 0.0472222 1
0 0.501389 0.5 0.0472222 1
0 0.501389 0.5 0.0472222 1
0 0.501389 0.5 0.0472222 1
0 0.501389 0.5 0.0472222 1
0 0.500694 0.5 0.0458333 1
0 0.501389 0.5 0.0472222 1
0 0.500694 0.5 0.0458333 1
0 0.501389 0.5 0.0472222 1
0 0.501389 0.5 0.0472222 1
0 0.501389 0.5 0.0472222 1
0 0.501389 0.5 0.0472222 1
0 0.501389 0.5 0.0472222 1
0 0.501389 0.5 0.0472222 1
0 0.501389 0.5 0.0472222 1
0 0.501389 0.5 0.0472222 1
0 0.501389 0.5 0.0472222 1
0 0.501389 0.5 0.0472222 1
0 0.501389 0.5 0.0472222 1
0 0.501389 0.5 0.0472222 1
0 0.501389 0.5 0.0472222 1
0 0.501389 0.5 0.0472222 1
0 0.501389 0.5 0.0472222 1
0 0.501389 0.5 0.0472222 1
0 0.500694 0.5 0.0458333 1
0 0.501389 0.5 0.0472222 1
0 0.500694 0.5 0.0458333 1
0 0.501389 0.5 0.0472222 1
0 0.501389 0.5 0.0472222 1
0 0.501389 0.5 0.0472222 1
0 0.501389 0.5 0.0472222 1
0 0.501389 0.5 0.0472222 1
0 0.501389 0.5 0.0472222 1
0 0.501389 0.5 0.0472222 1
0 0.500694 0.5 0.0458333 1
0 0.501389 0.5 0.0472222 1
0 0.501389 0.5 0.0472222 1
0 0.501389 0.5 0.0472222 1
0 0.501389 0.5 0.0472222 1
0 0.501389 0.5 0.0472222 1
0 0.501389 0.5 0.0472222 1
0 0.501389 0.5 0.0472222 1
0 0.500694 0.5 0.0458333 1
0 0.500694 0.5 0.0458333 1
0 0.501389 0.5 0.0472222 1
0 0.501389 0.5 0.0472222 1
0 0.501389 0.5 0.0472222 1
0 0.500694 0.5 0.0458333 1
0 0.500694 0.5 0.0458333 1
0 0.500694 0.5 0.0458333 1
0 0.501389 0.5 0.0472222 1
0 0.501389 0.5 0.0472222 1
0 0.500694 0.5 0.0458333 1
0 0.500694 0.5 0.0458333 1
0 0.500694 0.5 0.0458333 1
0 0.501389 0.5 0.0472222 1
0 0.501389 0.5 0.0472222 1
0 0.500694 0.5 0.0458333 1
0 0.501389 0.5 0.0472222 1
0 0.500694 0.5 0.0458333 1
0 0.501389 0.5 0.0472222 1
0 0.500694 0.5 0.0458333 1
0 0.501389 0.5 0.0472222 1
0 0.501389 0.5 0.0472222 1
0 0.501389 0.5 0.0472222 1
0 0.501389 0.5 0.0472222 1
0 0.501389 0.5 0.0472222 1
0 0.501389 0.5 0.0472222 1
0 0.500694 0.5 0.0458333 1
0 0.501389 0.5 0.0472222 1
0 0.500694 0.5 0.0458333 1
0 0.500694 0.5 0.0458333 1
0 0.500694 0.5 0.0458333 1
0 0.500694 0.5 0.0458333 1
0 0.500694 0.5 0.0458333 1
0 0.500694 0.5 0.0458333 1
0 0.501389 0.5 0.0472222 1
0 0.501389 0.5 0.0472222 1
0 0.500694 0.5 0.0458333 1
0 0.501389 0.5 0.0472222 1
0 0.501389 0.5 0.0472222 1
0 0.501389 0.5 0.0472222 1
0 0.501389 0.5 0.0472222 1
0 0.501389 0.5 0.0472222 1
0 0.501389 0.5 0.0472222 1
0 0.500694 0.5 0.0458333 1
0 0.501389 0.5 0.0472222 1
0 0.500694 0.5 0.0458333 1
0 0.500694 0.5 0.0458333 1
0 0.501389 0.5 0.0472222 1
0 0.501389 0.5 0.0472222 1
0 0.501389 0.5 0.0472222 1
0 0.501389 0.5 0.0472222 1
0 0.501389 0.5 0.0472222 1
0 0.500694 0.5 0.0458333 1
0 0.501389 0.5 0.0472222 1
0 0.500694 0.5 0.0458333 1
0 0.501389 0.5 0.0472222 1
0 0.501389 0.5 0.0472222 1
0 0.501389 0.5 0.0472222 1
0 0.501389 0.5 0.0472222 1
0 0.500694 0.5 0.0458333 1
0 0.501389 0.5 0.0472222 1
0 0.501389 0.5 0.0472222 1
0 0.501389 0.5 0.0472222 1
0 0.500694 0.5 0.0458333 1
0 0.500694 0.5 0.0458333 1
0 0.500694 0.5 0.0458333 1
0 0.500694 0.5 0.0458333 1
0 0.500694 0.5 0.0458333 1
0 0.501389 0.5 0.0472222 1
0 0.500694 0.5 0.0458333 1
0 0.500694 0.5 0.0458333 1
0 0.500694 0.5 0.0458333 1
0 0.500694 0.5 0.0458333 1
0 0.46875 0 0.0208333 0
0 0.46875 0 0.0208333 0
0 0.468056 0 0.0222222 0
0 0.465972 0 0.0236111 0
0 0.464583 0 0.0208333 0
0 0.461111 0 0.0222222 0
0 0.459722 0 0.0222222 0
0 0.458333 0 0.0222222 0
0 0.457639 0 0.0208333 0
0 0.456944 0 0.0222222 0
0 0.456944 0 0.0222222 0
0 0.45625 0 0.0208333 0
0 0.455556 0 0.0222222 0
0 0.454167 0 0.0222222 0
0 0.454167 0 0.0222222 0
0 0.454167 0 0.0222222 0
0 0.453472 0 0.0236111 0
0 0.452778 0 0.0222222 0
0 0.452778 0 0.0222222 0
0 0.454167 0 0.0222222 0
0 0.453472 0 0.0236111 0
0 0.453472 0 0.0236111 0
0 0.453472 0 0.0236111 0
0 0.453472 0 0.0236111 0
0 0.453472 0 0.0236111 0
0 0.453472 0 0.0236111 0
0 0.453472 0 0.0236111 0
0 0.453472 0 0.0236111 0
0 0.453472 0 0.0236111 0
0 0.453472 0 0.0236111 0
0 0.453472 0 0.0236111 0
0 0.453472 0 0.0236111 0
0 0.453472 0 0.0236111 0
0 0.453472 0 0.0236111 0
0 0.453472 0 0.0236111 0
0 0.453472 0 0.0236111 0
0 0.453472 0 0.0236111 0
0 0.453472 0 0.0236111 0
0 0.453472 0 0.0236111 0
0 0.453472 0 0.0236111 0
0 0.453472 0 0.0236111 0
0 0.453472 0 0.0236111 0
0 0.453472 0 0.0236111 0
0 0.453472 0 0.0236111 0
0 0.453472 0 0.0236111 0
0 0.453472 0 0.0236111 0
0 0.453472 0 0.0236111 0
0 0.453472 0 0.0236111 0
0 0.453472 0 0.0236111 0
0 0.453472 0 0.0236111 0
0 0.453472 0 0.0236111 0
0 0.453472 0 0.0236111 0
0 0.453472 0 0.0236111 0
0 0.453472 0 0.0236111 0
0 0.453472 0 0.0236111 0
0 0.453472 0 0.0236111 0
0 0.453472 0 0.0236111 0
0 0.453472 0 0.0236111 0
0 0.453472 0 0.0236111 0
0 0.453472 0 0.0236111 0
0 0.453472 0 0.0236111 0
0 0.453472 0 0.0236111 0
0 0.453472 0 0.0236111 0
0 0.453472 0 0.0236111 0
0 0.453472 0 0.0236111 0
0 0.453472 0 0.0236111 0
0 0.453472 0 0.0236111 0
0 0.453472 0 0.0236111 0
0 0.453472 0 0.0236111 0
0 0.453472 0 0.0236111 0
0 0.453472 0 0.0236111 0
0 0.453472 0 0.0236111 0
0 0.453472 0 0.0236111 0
0 0.453472 0 0.0236111 0
0 0.453472 0 0.0236111 0
0 0.453472 0 0.0236111 0
0 0.453472 0 0.0236111 0
0 0.453472 0 0.0236111 0
0 0.453472 0 0.0236111 0
0 0.453472 0 0.0236111 0
0 0.453472 0 0.0236111 0
0 0.453472 0 0.0236111 0
0 0.453472 0 0.0236111 0
0 0.453472 0 0.0236111 0
0 0.453472 0 0.0236111 0
0 0.453472 0 0.0236111 0
0 0.453472 0 0.0236111 0
0 0.453472 0 0.0236111 0
0 0.453472 0 0.0236111 0
0 0.452778 0 0.0222222 0
0 0.452778 0 0.0222222 0
0 0.453472 0 0.0236111 0
0 0.452778 0 0.0222222 0
0 0.452778 0 0.0222222 0
0 0.452778 0 0.0222222 0
0 0.453472 0 0.0236111 0
0 0.453472 0 0.0236111 0
0 0.452778 0 0.0222222 0
0 0.452778 0 0.0222222 0
0 0.452778 0 0.0222222 0
0 0.452778 0 0.0222222 0
0 0.452778 0 0.0222222 0
0 0.452778 0 0.0222222 0
0 0.452778 0 0.0222222 0
0 0.453472 0 0.0236111 0
0 0.453472 0 0.0236111 0
0 0.453472 0 0.0236111 0
0 0.453472 0 0.0236111 0
0 0.453472 0 0.0236111 0
0 0.452778 0 0.0222222 0
0 0.452778 0 0.0222222 0
0 0.453472 0 0.0236111 0
0 0.452778 0 0.0222222 0
0 0.452778 0 0.0222222 0
0 0.452778 0 0.0222222 0
0 0.453472 0 0.0236111 0
0 0.452778 0 0.0222222 0
0 0.452778 0 0.0222222 0
0 0.452778 0 0.0222222 0
0 0.452778 0 0.0222222 0
0 0.452778 0 0.0222222 0
0 0.452778 0 0.0222222 0
0 0.452778 0 0.0222222 0
0 0.453472 0 0.0236111 0
0 0.453472 0 0.0236111 0
0 0.453472 0 0.0236111 0
0 0.453472 0 0.0236111 0
0 0.453472 0 0.0236111 0
0 0.453472 0 0.0236111 0
0 0.453472 0 0.0236111 0
0 0.453472 0 0.0236111 0
0 0.453472 0 0.0236111 0
0 0.453472 0 0.0236111 0
0 0.452778 0 0.0222222 0
0 0.452778 0 0.0222222 0
0 0.452778 0 0.0222222 0
0 0.453472 0 0.0236111 0
0 0.452778 0 0.0222222 0
0 0.452778 0 0.0222222 0
0 0.453472 0 0.0236111 0
0 0.452778 0 0.0222222 0
0 0.452778 0 0.0222222 0
0 0.452778 0 0.0222222 0
0 0.452778 0 0.0222222 0
0 0.452778 0 0.0222222 0
0 0.452778 0 0.0222222 0
0 0.452778 0 0.0222222 0
0 0.452778 0 0.0222222 0
0 0.452778 0 0.0222222 0
0 0.453472 0 0.0236111 0
0 0.452778 0 0.0222222 0
0 0.452778 0 0.0222222 0
0 0.452778 0 0.0222222 0
0 0.453472 0 0.0236111 0
0 0.452778 0 0.0222222 0
0 0.452778 0 0.0222222 0
0 0.452778 0 0.0222222 0
0 0.453472 0 0.0236111 0
0 0.453472 0 0.0236111 0
0 0.453472 0 0.0236111 0
0 0.453472 0 0.0236111 0
0 0.453472 0 0.0236111 0
0 0.453472 0 0.0236111 0
0 0.453472 0 0.0236111 0
0 0.453472 0 0.0236111 0
0 0.452778 0 0.0222222 0
0 0.453472 0 0.0236111 0
0 0.453472 0 0.0236111 0
0 0.452778 0 0.0222222 0
0 0.452778 0 0.0222222 0
0 0.453472 0 0.0236111 0
0 0.453472 0 0.0236111 0
0 0.453472 0 0.0236111 0
0 0.453472 0 0.0236111 0
0 0.452778 0 0.0222222 0
0 0.452778 0 0.0222222 0
0 0.452778 0 0.0222222 0
0 0.452778 0 0.0222222 0
0 0.453472 0 0.0236111 0
0 0.453472 0 0.0236111 0
0 0.453472 0 0.0236111 0
0 0.453472 0 0.0236111 0
0 0.453472 0 0.0236111 0
0 0.453472 0 0.0236111 0
0 0.453472 0 0.0236111 0
0 0.453472 0 0.0236111 0
0 0.453472 0 0.0236111 0
0 0.453472 0 0.0236111 0
0 0.453472 0 0.0236111 0
0 0.453472 0 0.0236111 0
0 0.453472 0 0.0236111 0
0 0.453472 0 0.0236111 0
0 0.453472 0 0.0236111 0
0 0.453472 0 0.0236111 0
0 0.453472 0 0.0236111 0
0 0.453472 0 0.0236111 0
0 0.453472 0 0.0236111 0
0 0.453472 0 0.0236111 0
0 0.453472 0 0.0236111 0
0 0.453472 0 0.0236111 0
0 0.453472 0 0.0236111 0
0 0.453472 0 0.0236111 0
0 0.453472 0 0.0236111 0
0 0.453472 0 0.0236111 0
0 0.453472 0 0.0236111 0
0 0.453472 0 0.0236111 0
0 0.453472 0 0.0236111 0
0 0.453472 0 0.0236111 0
0 0.453472 0 0.0236111 0
0 0.453472 0 0.0236111 0
0 0.453472 0 0.0236111 0
0 0.452778 0 0.0222222 0
0 0.452778 0 0.0222222 0
0 0.452778 0 0.0222222 0
0 0.452778 0 0.0222222 0
0 0.452778 0 0.0222222 0
0 0.453472 0 0.0236111 0
0 0.453472 0 0.0236111 0
0 0.453472 0 0.0236111 0
0 0.452778 0 0.0222222 0
0 0.452778 0 0.0222222 0
0 0.453472 0 0.0236111 0
0 0.453472 0 0.0236111 0
0 0.453472 0 0.0236111 0
0 0.453472 0 0.0236111 0
0 0.452778 0 0.0222222 0
0 0.452778 0 0.0222222 0
0 0.453472 0 0.0236111 0
0 0.453472 0 0.0236111 0
0 0.453472 0 0.0236111 0
0 0.452778 0 0.0222222 0
0 0.452778 0 0.0222222 0
0 0.452778 0 0.0222222 0
0 0.452778 0 0.0222222 0
0 0.452778 0 0.0222222 0
0 0.452778 0 0.0222222 0
0 0.453472 0 0.0236111 0
0 0.453472 0 0.0236111 0
0 0.452778 0 0.0222222 0
0 0.452778 0 0.0222222 0
0 0.453472 0 0.0236111 0
0 0.452778 0 0.0222222 0
0 0.453472 0 0.0236111 0
0 0.452778 0 0.0222222 0
0 0.452778 0 0.0222222 0
0 0.452778 0 0.0222222 0
0 0.452778 0 0.0222222 0
0 0.452778 0 0.0222222 0
0 0.452778 0 0.0222222 0
0 0.452778 0 0.0222222 0
0 0.452778 0 0.0222222 0
0 0.452778 0 0.0222222 0
0 0.452778 0 0.0222222 0
0 0.452778 0 0.0222222 0
0 0.452778 0 0.0222222 0
0 0.452778 0 0.0222222 0
0 0.453472 0 0.0236111 0
0 0.452778 0 0.0222222 0
0 0.453472 0 0.0236111 0
0 0.452778 0 0.0222222 0
0 0.452778 0 0.0222222 0
0 0.452778 0 0.0222222 0
0 0.452778 0 0.0222222 0
0 0.452778 0 0.0222222 0
0 0.453472 0 0.0236111 0
0 0.453472 0 0.0236111 0
0 0.452778 0 0.0222222 0
0 0.453472 0 0.0236111 0
0 0.452778 0 0.0222222 0
0 0.452778 0 0.0222222 0
0 0.452778 0 0.0222222 0
0 0.452778 0 0.0222222 0
0 0.452778 0 0.0222222 0
0 0.452778 0 0.0222222 0
0 0.452778 0 0.0222222 0
0 0.452778 0 0.0222222 0
0 0.452778 0 0.0222222 0
0 0.452778 0 0.0222222 0
0 0.452778 0 0.0222222 0
0 0.452778 0 0.0222222 0
0 0.452778 0 0.0222222 0
0 0.452778 0 0.0222222 0
0 0.452778 0 0.0222222 0
0 0.452778 0 0.0222222 0
0 0.452778 0 0.0222222 0
0 0.452778 0 0.0222222 0
0 0.452778 0 0.0222222 0
0 0.452778 0 0.0222222 0
0 0.452778 0 0.0222222 0
0 0.452778 0 0.0222222 0
0 0.452778 0 0.0222222 0
0 0.452778 0 0.0222222 0
0 0.452778 0 0.0222222 0
0 0.452778 0 0.0222222 0
0 0.452778 0 0.0222222 0
0 0.452778 0 0.0222222 0
0 0.452778 0 0.0222222 0
0 0.453472 0 0.0236111 0
0 0.468056 0 0.0277778 0
0 0.454167 0 0.0222222 0
0 0.467361 0 0.0263889 0
0 0.454167 0 0.0222222 0
0 0.454167 0 0.0222222 0
0 0.454167 0.5 0.0222222 1
0 0.454167 0.5 0.0222222 1
0 0.454167 0.5 0.0222222 1
0 0.455556 0.5 0.0222222 1
0 0.455556 0.5 0.0222222 1
0 0.455556 0.5 0.0222222 1
0 0.455556 0.5 0.0222222 1
0 0.455556 0.5 0.0222222 1
0 0.45625 0.5 0.0208333 1
0 0.45625 0.5 0.0208333 1
0 0.456944 0.5 0.0222222 1
0 0.456944 0.5 0.0222222 1
0 0.456944 0.5 0.0222222 1
0 0.456944 0.5 0.0222222 1
0 0.45625 0.5 0.0208333 1
0 0.45625 0.5 0.0208333 1
0 0.45625 0.5 0.0208333 1
0 0.45625 0.5 0.0208333 1
0 0.45625 0.5 0.0208333 1
0 0.455556 0.5 0.0222222 1
0 0.455556 0.5 0.0222222 1
0 0.455556 0.5 0.0222222 1
0 0.478472 0 0.0291667 0
0 0.455556 0.5 0.0222222 1
0 0.457639 0.5 0.0208333 1
0 0.457639 0.5 0.0208333 1
0 0.461111 0.5 0.0222222 1
0 0.461111 0.5 0.0222222 1
0 0.464583 0.5 0.0208333 1
0 0.472222 0.5 0.0194444 1
0 0.473611 0.5 0.0194444 1
0 0.474306 0 0.0180556 0
0 0.476389 0 0.0194444 0
0 0.476389 0 0.0194444 0
0 0.477778 0 0.0194444 0
0 0.480556 0 0.0194444 0
0 0.484722 0 0.0222222 0
0 0.484722 0 0.0222222 0
0 0.489583 0 0.0208333 0
0 0.490278 0 0.0222222 0
0 0.490278 0 0.0222222 0
0 0.492361 0 0.0208333 0
0 0.495139 0 0.0208333 0
0 0.497222 0 0.0222222 0
0 0.499306 0 0.0208333 0
0 0.501389 0 0.0222222 0
0 0.502778 0 0.0222222 0
0 0.50625 0 0.0208333 0
0 0.50625 0 0.0208333 0
0 0.509722 0 0.0222222 0
0 0.509722 0 0.0222222 0
0 0.511111 0 0.0222222 0
0 0.514583 0 0.0208333 0
0 0.515972 0 0.0208333 0
0 0.51875 0 0.0208333 0
0 0.520139 0 0.0208333 0
0 0.522917 0 0.0208333 0
0 0.524306 0 0.0208333 0
0 0.527083 0 0.0208333 0
0 0.528472 0 0.0208333 0
0 0.53125 0 0.0208333 0
0 0.532639 0 0.0208333 0
0 0.534028 0 0.0208333 0
0 0.534722 0 0.0194444 0
0 0.535417 0 0.0208333 0
0 0.536111 0 0.0222222 0
0 0.535417 0 0.0208333 0
0 0.535417 0 0.0208333 0
0 0.535417 0 0.0208333 0
0 0.535417 0 0.0208333 0
0 0.535417 0 0.0208333 0
0 0.535417 0 0.0208333 0
0 0.535417 0 0.0208333 0
0 0.536111 0 0.0222222 0
0 0.535417 0 0.0208333 0
0 0.535417 0 0.0208333 0
0 0.535417 0 0.0208333 0
0 0.535417 0 0.0208333 0
0 0.536111 0 0.0222222 0
0 0.535417 0 0.0208333 0
0 0.536111 0 0.0222222 0
0 0.535417 0 0.0208333 0
0 0.535417 0 0.0208333 0
0 0.536111 0 0.0222222 0
0 0.536111 0 0.0222222 0
0 0.535417 0 0.0208333 0
0 0.536111 0 0.0222222 0
0 0.536111 0 0.0222222 0
0 0.536111 0 0.0222222 0
0 0.536111 0 0.0222222 0
0 0.535417 0 0.0208333 0
0 0.536111 0 0.0222222 0
0 0.535417 0 0.0208333 0
0 0.535417 0 0.0208333 0
0 0.536111 0 0.0222222 0
0 0.535417 0 0.0208333 0
0 0.535417 0 0.0208333 0
0 0.535417 0 0.0208333 0
0 0.535417 0 0.0208333 0
0 0.535417 0 0.0208333 0
0 0.535417 0 0.0208333 0
0 0.535417 0 0.0208333 0
0 0.535417 0 0.0208333 0
0 0.536111 0 0.0222222 0
0 0.535417 0 0.0208333 0
0 0.535417 0 0.0208333 0
0 0.535417 0 0.0208333 0
0 0.535417 0 0.0208333 0
0 0.535417 0 0.0208333 0
0 0.536111 0 0.0222222 0
0 0.536111 0 0.0222222 0
0 0.535417 0 0.0208333 0
0 0.536111 0 0.0222222 0
0 0.535417 0 0.0208333 0
0 0.536111 0 0.0222222 0
0 0.536111 0 0.0222222 0
0 0.535417 0 0.0208333 0
0 0.536111 0 0.0222222 0
0 0.535417 0 0.0208333 0
0 0.536111 0 0.0222222 0
0 0.536111 0 0.0222222 0
0 0.535417 0 0.0208333 0
0 0.536111 0 0.0222222 0
0 0.535417 0 0.0208333 0
0 0.536111 0 0.0222222 0
0 0.536111 0 0.0222222 0
0 0.536111 0 0.0222222 0
0 0.535417 0 0.0208333 0
0 0.536111 0 0.0222222 0
0 0.535417 0 0.0208333 0
0 0.536111 0 0.0222222 0
0 0.535417 0 0.0208333 0
0 0.536111 0 0.0222222 0
0 0.535417 0 0.0208333 0
0 0.536111 0 0.0222222 0
0 0.536111 0 0.0222222 0
0 0.535417 0 0.0208333 0
0 0.535417 0 0.0208333 0
0 0.536111 0 0.0222222 0
0 0.535417 0 0.0208333 0
0 0.535417 0 0.0208333 0
0 0.535417 0 0.0208333 0
0 0.535417 0 0.0208333 0
0 0.535417 0 0.0208333 0
0 0.535417 0 0.0208333 0
0 0.536111 0 0.0222222 0
0 0.536111 0 0.0222222 0
0 0.536111 0 0.0222222 0
0 0.536111 0 0.0222222 0
0 0.536111 0 0.0222222 0
0 0.535417 0 0.0208333 0
0 0.536111 0 0.0222222 0
0 0.535417 0 0.0208333 0
0 0.536111 0 0.0222222 0
0 0.536111 0 0.0222222 0
0 0.536111 0 0.0222222 0
0 0.536111 0 0.0222222 0
0 0.536111 0 0.0222222 0
0 0.536111 0 0.0222222 0
0 0.535417 0 0.0208333 0
0 0.536111 0 0.0222222 0
0 0.535417 0 0.0208333 0
0 0.535417 0 0.0208333 0
0 0.536111 0 0.0222222 0
0 0.535417 0 0.0208333 0
0 0.536111 0 0.0222222 0
0 0.536111 0 0.0222222 0
0 0.536111 0 0.0222222 0
0 0.536111 0 0.0222222 0
0 0.536111 0 0.0222222 0
0 0.536111 0 0.0222222 0
0 0.536111 0 0.0222222 0
0 0.536111 0 0.0222222 0
0 0.536111 0 0.0222222 0
0 0.536111 0 0.0222222 0
0 0.536111 0 0.0222222 0
0 0.536111 0 0.0222222 0
0 0.536111 0 0.0222222 0
0 0.536111 0 0.0222222 0
0 0.536111 0 0.0222222 0
0 0.536111 0 0.0222222 0
0 0.536111 0 0.0222222 0
0 0.536111 0 0.0222222 0
0 0.536111 0 0.0222222 0
0 0.536111 0 0.0222222 0
0 0.536111 0 0.0222222 0
0 0.536111 0 0.0222222 0
0 0.536111 0 0.0222222 0
0 0.536111 0 0.0222222 0
0 0.536111 0 0.0222222 0
0 0.536111 0 0.0222222 0
0 0.536111 0 0.0222222 0
0 0.536111 0 0.0222222 0
0 0.535417 0 0.0208333 0
0 0.536111 0 0.0222222 0
0 0.535417 0 0.0208333 0
0 0.536111 0 0.0222222 0
0 0.535417 0 0.0208333 0
0 0.536111 0 0.0222222 0
0 0.536111 0 0.0222222 0
0 0.536111 0 0.0222222 0
0 0.535417 0 0.0208333 0
0 0.536111 0 0.0222222 0
0 0.535417 0 0.0208333 0
0 0.535417 0 0.0208333 0
0 0.535417 0 0.0208333 0
0 0.535417 0 0.0208333 0
0 0.535417 0 0.0208333 0
0 0.535417 0 0.0208333 0
0 0.535417 0 0.0208333 0
0 0.535417 0 0.0208333 0
0 0.535417 0 0.0208333 0
0 0.535417 0 0.0208333 0
0 0.535417 0 0.0208333 0
0 0.535417 0 0.0208333 0
0 0.535417 0 0.0208333 0
0 0.535417 0 0.0208333 0
0 0.535417 0 0.0208333 0
0 0.535417 0 0.0208333 0
0 0.535417 0 0.0208333 0
0 0.535417 0 0.0208333 0
0 0.535417 0 0.0208333 0
0 0.535417 0 0.0208333 0
0 0.535417 0 0.0208333 0
0 0.535417 0 0.0208333 0
0 0.535417 0 0.0208333 0
0 0.536111 0 0.0222222 0
0 0.535417 0 0.0208333 0
0 0.536111 0 0.0222222 0
0 0.535417 0 0.0208333 0
0 0.536111 0 0.0222222 0
0 0.536111 0 0.0222222 0
0 0.536111 0 0.0222222 0
0 0.535417 0 0.0208333 0
0 0.535417 0 0.0208333 0
0 0.535417 0 0.0208333 0
0 0.535417 0 0.0208333 0
0 0.536111 0 0.0222222 0
0 0.536111 0 0.0222222 0
0 0.536111 0 0.0222222 0
0 0.535417 0 0.0208333 0
0 0.536111 0 0.0222222 0
0 0.536111 0 0.0222222 0
0 0.535417 0 0.0208333 0
0 0.535417 0 0.0208333 0
0 0.535417 0 0.0208333 0
0 0.536111 0 0.0222222 0
0 0.535417 0 0.0208333 0
0 0.535417 0 0.0208333 0
0 0.535417 0 0.0208333 0
0 0.536111 0 0.0222222 0
0 0.535417 0 0.0208333 0
0 0.536111 0 0.0222222 0
0 0.536111 0 0.0222222 0
0 0.536111 0 0.0222222 0
0 0.535417 0 0.0208333 0
0 0.536111 0 0.0222222 0
0 0.535417 0 0.0208333 0
0 0.536111 0 0.0222222 0
0 0.536111 0 0.0222222 0
0 0.536111 0 0.0222222 0
0 0.536111 0 0.0222222 0
0 0.536111 0 0.0222222 0
0 0.536111 0 0.0222222 0
0 0.536111 0 0.0222222 0
0 0.536111 0 0.0222222 0
0 0.535417 0 0.0208333 0
0 0.536111 0 0.0222222 0
0 0.535417 0 0.0208333 0
0 0.535417 0 0.0208333 0
0 0.536111 0 0.0222222 0
0 0.535417 0 0.0208333 0
0 0.536111 0 0.0222222 0
0 0.536111 0 0.0222222 0
0 0.536111 0 0.0222222 0
0 0.536111 0 0.0222222 0
0 0.536111 0 0.0222222 0
0 0.535417 0 0.0208333 0
0 0.535417 0 0.0208333 0
0 0.536111 0 0.0222222 0
0 0.535417 0 0.0208333 0
0 0.536111 0 0.0222222 0
0 0.535417 0 0.0208333 0
0 0.536111 0 0.0222222 0
0 0.536111 0 0.0222222 0
0 0.536111 0 0.0222222 0
0 0.536111 0 0.0222222 0
0 0.536111 0 0.0222222 0
0 0.535417 0 0.0208333 0
0 0.536111 0 0.0222222 0
0 0.535417 0 0.0208333 0
0 0.535417 0 0.0208333 0
0 0.536111 0 0.0222222 0
0 0.535417 0 0.0208333 0
0 0.536111 0 0.0222222 0
0 0.536111 0 0.0222222 0
0 0.536111 0 0.0222222 0
0 0.536111 0 0.0222222 0
0 0.536111 0 0.0222222 0
0 0.535417 0 0.0208333 0
0 0.535417 0 0.0208333 0
0 0.536111 0 0.0222222 0
0 0.535417 0 0.0208333 0
0 0.536111 0 0.0222222 0
0 0.535417 0 0.0208333 0
0 0.535417 0 0.0208333 0
0 0.536111 0 0.0222222 0
0 0.535417 0 0.0208333 0
0 0.536111 0 0.0222222 0
0 0.535417 0 0.0208333 0
0 0.535417 0 0.0208333 0
0 0.535417 0 0.0208333 0
0 0.536111 0 0.0222222 0
0 0.535417 0 0.0208333 0
0 0.536111 0 0.0222222 0
0 0.536111 0 0.0222222 0
0 0.535417 0 0.0208333 0
0 0.536111 0 0.0222222 0
0 0.535417 0 0.0208333 0
0 0.536111 0 0.0222222 0
0 0.536111 0 0.0222222 0
0 0.535417 0 0.0208333 0
0 0.535417 0 0.0208333 0
0 0.535417 0 0.0208333 0
0 0.535417 0 0.0208333 0
0 0.535417 0 0.0208333 0
0 0.535417 0 0.0208333 0
0 0.535417 0 0.0208333 0
0 0.535417 0 0.0208333 0
