0 0.445833 0.5 0.0222222 1
0 0.445833 0.5 0.0222222 1
0 0.445833 0.5 0.0222222 1
0 0.445833 0.5 0.0222222 1
0 0.445833 0.5 0.0222222 1
0 0.445833 0.5 0.0222222 1
0 0.445833 0.5 0.0222222 1
0 0.445833 0.5 0.0222222 1
0 0.445833 0.5 0.0222222 1
0 0.445833 0.5 0.0222222 1
0 0.445833 0.5 0.0222222 1
0 0.445833 0.5 0.0222222 1
0 0.445833 0.5 0.0222222 1
0 0.445833 0.5 0.0222222 1
0 0.445833 0.5 0.0222222 1
0 0.445833 0.5 0.0222222 1
0 0.445833 0.5 0.0222222 1
0 0.445833 0.5 0.0222222 1
0 0.445833 0.5 0.0222222 1
0 0.445833 0.5 0.0222222 1
0 0.445833 0.5 0.0222222 1
0 0.445833 0.5 0.0222222 1
0 0.445833 0.5 0.0222222 1
0 0.445833 0.5 0.0222222 1
0 0.445833 0.5 0.0222222 1
0 0.445833 0.5 0.0222222 1
0 0.445833 0.5 0.0222222 1
0 0.445833 0.5 0.0222222 1
0 0.445833 0.5 0.0222222 1
0 0.445833 0.5 0.0222222 1
0 0.445833 0.5 0.0222222 1
0 0.445833 0.5 0.0222222 1
0 0.445833 0.5 0.0222222 1
0 0.445833 0.5 0.0222222 1
0 0.445833 0.5 0.0222222 1
0 0.445833 0.5 0.0222222 1
0 0.445833 0.5 0.0222222 1
0 0.445833 0.5 0.0222222 1
0 0.445833 0.5 0.0222222 1
0 0.445833 0.5 0.0222222 1
0 0.445833 0.5 0.0222222 1
0 0.445833 0.5 0.0222222 1
0 0.445833 0.5 0.0222222 1
0 0.445833 0.5 0.0222222 1
0 0.445833 0.5 0.0222222 1
0 0.445833 0.5 0.0222222 1
0 0.445833 0.5 0.0222222 1
0 0.445833 0.5 0.0222222 1
0 0.445833 0.5 0.0222222 1
0 0.445833 0.5 0.0222222 1
0 0.445833 0.5 0.0222222 1
0 0.445833 0.5 0.0222222 1
0 0.445833 0.5 0.0222222 1
0 0.445833 0.5 0.0222222 1
0 0.445833 0.5 0.0222222 1
0 0.445833 0.5 0.0222222 1
0 0.445833 0.5 0.0222222 1
0 0.445833 0.5 0.0222222 1
0 0.445833 0.5 0.0222222 1
0 0.445833 0.5 0.0222222 1
0 0.445833 0.5 0.0222222 1
0 0.445833 0.5 0.0222222 1
0 0.445833 0.5 0.0222222 1
0 0.445833 0.5 0.0222222 1
0 0.445833 0.5 0.0222222 1
0 0.445833 0.5 0.0222222 1
0 0.445833 0.5 0.0222222 1
0 0.445833 0.5 0.0222222 1
0 0.445833 0.5 0.0222222 1
0 0.445833 0.5 0.0222222 1
0 0.445833 0.5 0.0222222 1
0 0.445833 0.5 0.0222222 1
0 0.445833 0.5 0.0222222 1
0 0.445833 0.5 0.0222222 1
0 0.445833 0.5 0.0222222 1
0 0.445833 0.5 0.0222222 1
0 0.445833 0.5 0.0222222 1
0 0.445833 0.5 0.0222222 1
0 0.445833 0.5 0.0222222 1
0 0.445833 0.5 0.0222222 1
0 0.445833 0.5 0.0222222 1
0 0.445833 0.5 0.0222222 1
0 0.445833 0.5 0.0222222 1
0 0.445833 0.5 0.0222222 1
0 0.445833 0.5 0.0222222 1
0 0.445833 0.5 0.0222222 1
0 0.445833 0.5 0.0222222 1
0 0.445833 0.5 0.0222222 1
0 0.445833 0.5 0.0222222 1
0 0.445833 0.5 0.0222222 1
0 0.445833 0.5 0.0222222 1
0 0.445833 0.5 0.0222222 1
0 0.445833 0.5 0.0222222 1
0 0.445833 0.5 0.0222222 1
0 0.445833 0.5 0.0222222 1
0 0.445833 0.5 0.0222222 1
0 0.445833 0.5 0.0222222 1
0 0.445833 0.5 0.0222222 1
0 0.445833 0.5 0.0222222 1
0 0.445833 0.5 0.0222222 1
0 0.445833 0.5 0.0222222 1
0 0.445833 0.5 0.0222222 1
0 0.445833 0.5 0.0222222 1
0 0.445833 0.5 0.0222222 1
0 0.445833 0.5 0.0222222 1
0 0.445833 0.5 0.0222222 1
0 0.445833 0.5 0.0222222 1
0 0.445833 0.5 0.0222222 1
0 0.445833 0.5 0.0222222 1
0 0.445833 0.5 0.0222222 1
0 0.445833 0.5 0.0222222 1
0 0.445833 0.5 0.0222222 1
0 0.445833 0.5 0.0222222 1
0 0.445833 0.5 0.0222222 1
0 0.445833 0.5 0.0222222 1
0 0.445833 0.5 0.0222222 1
0 0.445833 0.5 0.0222222 1
0 0.445833 0.5 0.0222222 1
0 0.445833 0.5 0.0222222 1
0 0.445833 0.5 0.0222222 1
0 0.445833 0.5 0.0222222 1
0 0.445833 0.5 0.0222222 1
0 0.445833 0.5 0.0222222 1
0 0.445833 0.5 0.0222222 1
0 0.445833 0.5 0.0222222 1
0 0.445833 0.5 0.0222222 1
0 0.445833 0.5 0.0222222 1
0 0.445833 0.5 0.0222222 1
0 0.445139 0.5 0.0208333 1
0 0.445139 0.5 0.0208333 1
0 0.445139 0.5 0.0208333 1
0 0.444444 0.5 0.0194444 1
0 0.443056 0.5 0.0222222 1
0 0.441667 0.5 0.0222222 1
0 0.441667 0.5 0.0222222 1
0 0.440972 0.5 0.0208333 1
0 0.439583 0.5 0.0208333 1
0 0.438194 0.5 0.0208333 1
0 0.438194 0.5 0.0208333 1
0 0.436111 0.5 0.0222222 1
0 0.434722 0.5 0.0222222 1
0 0.434722 0.5 0.0222222 1
0 0.434722 0.5 0.0222222 1
0 0.432639 0.5 0.0208333 1
0 0.43125 0 0.0208333 0
0 0.429167 0 0.0222222 0
0 0.429167 0 0.0222222 0
0 0.430556 0 0.0222222 0
0 0.430556 0 0.0222222 0
0 0.432639 0 0.0208333 0
0 0.436111 0 0.0222222 0
0 0.439583 0 0.0208333 0
0 0.439583 0 0.0208333 0
0 0.439583 0 0.0208333 0
0 0.440972 0 0.0208333 0
0 0.441667 0 0.0222222 0
0 0.44375 0 0.0208333 0
0 0.445139 0 0.0208333 0
0 0.445139 0 0.0208333 0
0 0.445139 0 0.0208333 0
0 0.445833 0 0.0222222 0
0 0.447222 0 0.0222222 0
0 0.447222 0 0.0222222 0
0 0.447222 0 0.0222222 0
0 0.447222 0 0.0222222 0
0 0.447917 0 0.0208333 0
0 0.448611 0 0.0222222 0
0 0.448611 0 0.0222222 0
0 0.448611 0 0.0222222 0
0 0.448611 0 0.0222222 0
0 0.45 0 0.0194444 0
0 0.45 0 0.0194444 0
0 0.450694 0 0.0208333 0
0 0.450694 0 0.0208333 0
0 0.451389 0 0.0194444 0
0 0.452083 0 0.0208333 0
0 0.452083 0 0.0208333 0
0 0.452083 0 0.0208333 0
0 0.452778 0 0.0222222 0
0 0.452778 0 0.0222222 0
0 0.453472 0 0.0208333 0
0 0.454167 0 0.0222222 0
0 0.454861 0 0.0208333 0
0 0.455556 0 0.0222222 0
0 0.455556 0 0.0222222 0
0 0.45625 0 0.0208333 0
0 0.45625 0 0.0208333 0
0 0.455556 0 0.0222222 0
0 0.455556 0 0.0222222 0
0 0.453472 0 0.0208333 0
0 0.452083 0 0.0208333 0
0 0.452083 0 0.0208333 0
0 0.447917 0 0.0208333 0
0 0.445139 0 0.0208333 0
0 0.444444 0 0.0194444 0
0 0.44375 0 0.0208333 0
0 0.441667 0 0.0222222 0
0 0.441667 0 0.0222222 0
0 0.440972 0 0.0208333 0
0 0.439583 0 0.0208333 0
0 0.438889 0 0.0194444 0
0 0.438889 0 0.0194444 0
0 0.438889 0 0.0194444 0
0 0.436806 0 0.0208333 0
0 0.435417 0 0.0208333 0
0 0.434722 0 0.0222222 0
0 0.434028 0 0.0208333 0
0 0.434028 0 0.0208333 0
0 0.433333 0 0.0222222 0
0 0.432639 0 0.0208333 0
0 0.43125 0 0.0208333 0
0 0.43125 0 0.0208333 0
0 0.429861 0 0.0208333 0
0 0.429167 0 0.0222222 0
0 0.428472 0 0.0208333 0
0 0.428472 0 0.0208333 0
0 0.428472 0 0.0208333 0
0 0.427083 0 0.0208333 0
0 0.425694 0 0.0208333 0
0 0.424306 0 0.0208333 0
0 0.424306 0 0.0208333 0
0 0.422917 0 0.0208333 0
0 0.422222 0 0.0222222 0
0 0.422222 0 0.0222222 0
0 0.421528 0 0.0208333 0
0 0.421528 0 0.0208333 0
0 0.421528 0 0.0208333 0
0 0.422222 0 0.0222222 0
0 0.423611 0 0.0222222 0
0 0.425694 0 0.0208333 0
0 0.425694 0 0.0208333 0
0 0.427083 0 0.0208333 0
0 0.427778 0 0.0222222 0
0 0.427778 0 0.0222222 0
0 0.427778 0 0.0222222 0
0 0.427778 0 0.0222222 0
0 0.428472 0 0.0236111 0
0 0.429167 0 0.0222222 0
0 0.429167 0 0.0222222 0
0 0.429167 0 0.0222222 0
0 0.429167 0 0.0222222 0
0 0.429167 0 0.0222222 0
0 0.429861 0 0.0236111 0
0 0.429861 0 0.0236111 0
0 0.429167 0 0.0222222 0
0 0.429167 0 0.0222222 0
0 0.429167 0 0.0222222 0
0 0.429167 0 0.0222222 0
0 0.429167 0 0.0222222 0
0 0.429167 0 0.0222222 0
0 0.429861 0 0.0236111 0
0 0.429861 0 0.0236111 0
0 0.429861 0 0.0236111 0
0 0.43125 0 0.0236111 0
0 0.43125 0 0.0236111 0
0 0.430556 0 0.0222222 0
0 0.430556 0 0.0222222 0
0 0.43125 0 0.0236111 0
0 0.43125 0 0.0236111 0
0 0.43125 0 0.0236111 0
0 0.431944 0 0.0222222 0
0 0.430556 0 0.0222222 0
0 0.429861 0 0.0236111 0
0 0.429861 0 0.0236111 0
0 0.429167 0 0.025 0
0 0.427778 0 0.0222222 0
0 0.425694 0 0.0236111 0
0 0.424306 0 0.0236111 0
0 0.424306 0 0.0236111 0
0 0.422917 0 0.0236111 0
0 0.422222 0 0.025 0
0 0.422222 0 0.025 0
0 0.422222 0 0.025 0
0 0.421528 0 0.0236111 0
0 0.420833 0 0.025 0
0 0.420139 0 0.0236111 0
0 0.420139 0 0.0236111 0
0 0.419444 0 0.0222222 0
0 0.41875 0 0.0236111 0
0 0.41875 0 0.0236111 0
0 0.418056 0 0.0222222 0
0 0.418056 0 0.0222222 0
0 0.416667 0 0.025 0
0 0.416667 0 0.025 0
0 0.416667 0 0.025 0
0 0.416667 0 0.025 0
0 0.416667 0 0.025 0
0 0.415278 0 0.025 0
0 0.415278 0 0.025 0
0 0.415278 0 0.025 0
0 0.414583 0 0.0236111 0
0 0.414583 0 0.0236111 0
0 0.413889 0 0.025 0
0 0.413889 0 0.025 0
0 0.4125 0 0.025 0
0 0.411806 0 0.0236111 0
0 0.411806 0 0.0236111 0
0 0.411111 0 0.025 0
0 0.411111 0 0.025 0
0 0.410417 0 0.0263889 0
0 0.410417 0 0.0263889 0
0 0.410417 0 0.0263889 0
0 0.410417 0 0.0263889 0
0 0.411111 0 0.025 0
0 0.411806 0 0.0263889 0
0 0.411806 0 0.0263889 0
0 0.413194 0 0.0236111 0
0 0.413889 0 0.025 0
0 0.414583 0 0.0263889 0
0 0.415278 0 0.025 0
0 0.415278 0 0.025 0
0 0.415278 0 0.025 0
0 0.415972 0 0.0263889 0
0 0.415972 0 0.0263889 0
0 0.415972 0 0.0263889 0
0 0.415972 0 0.0263889 0
0 0.415972 0 0.0263889 0
0 0.415972 0 0.0263889 0
0 0.416667 0 0.0277778 0
0 0.416667 0 0.0277778 0
0 0.416667 0 0.0277778 0
0 0.416667 0 0.0277778 0
0 0.415972 0 0.0263889 0
0 0.416667 0 0.0277778 0
0 0.416667 0 0.0277778 0
0 0.417361 0 0.0263889 0
0 0.416667 0 0.0277778 0
0 0.416667 0 0.025 0
0 0.417361 0 0.0263889 0
0 0.417361 0 0.0263889 0
0 0.417361 0 0.0263889 0
0 0.417361 0 0.0263889 0
0 0.417361 0 0.0263889 0
0 0.418056 0 0.025 0
0 0.418056 0 0.025 0
0 0.418056 0 0.025 0
0 0.418056 0 0.025 0
0 0.418056 0 0.025 0
0 0.418056 0 0.025 0
0 0.418056 0 0.025 0
0 0.417361 0 0.0263889 0
0 0.418056 0 0.025 0
0 0.418056 0 0.025 0
0 0.417361 0 0.0263889 0
0 0.415972 0 0.0263889 0
0 0.415972 0 0.0263889 0
0 0.415972 0 0.0263889 0
0 0.415972 0 0.0263889 0
0 0.417361 0 0.0263889 0
0 0.421528 0 0.0263889 0
0 0.425 0 0.025 0
0 0.432639 0 0.0236111 0
0 0.432639 0 0.0236111 0
0 0.444444 0 0.025 0
0 0.454167 0 0.025 0
0 0.46875 0 0.0236111 0
0 0.46875 0 0.0236111 0
0 0.477778 0 0.025 0
0 0.490278 0 0.025 0
0 0.504861 0 0.0236111 0
0 0.504861 0 0.0236111 0
0 0.51875 0 0.0236111 0
0 0.529167 0 0.025 0
0 0.547222 0 0.025 0
0 0.501389 0.5 0.0472222 1
0 0.565278 0 0.025 0
0 0.501389 0.5 0.0472222 1
0 0.579167 0.5 0.025 1
0 0.501389 0.5 0.0472222 1
0 0.584722 0.5 0.025 1
0 0.501389 0.5 0.0472222 1
0 0.584722 0.5 0.025 1
0 0.596528 0.5 0.0236111 1
0 0.611111 0.5 0.025 1
0 0.627083 0.5 0.0236111 1
0 0.627083 0.5 0.0236111 1
0 0.642361 1 0.0263889 0
0 0.666667 1 0.025 0
0 0.690972 1 0.0263889 0
0 0.713194 1 0.0263889 0
0 0.713194 1 0.0263889 0
0 0.728472 1 0.0263889 0
0 0.748611 1 0.0277778 0
0 0.769444 1 0.0277778 0
0 0.769444 1 0.0277778 0
0 0.792361 1 0.0263889 0
0 0.811111 1 0.0277778 0
0 0.8375 1 0.0277778 0
0 0.8375 1 0.0277778 0
0 0.86875 1 0.0291667 0
0 0.501389 0.5 0.05 1
0 0.903472 1 0.0291667 0
0 0.920833 1 0.0305556 0
0 0.501389 0.5 0.05 1
0 0.951389 1 0.0305556 0
0 0.983333 1 0.0305556 0
0 0.983333 1 0.0305556 0
0 0.502083 0.5 0.0486111 1
0 0.502083 0.5 0.0486111 1
0 0.502083 0.5 0.0486111 1
0 0.501389 0.5 0.0472222 1
0 0.501389 0.5 0.0472222 1
0 0.501389 0.5 0.0472222 1
0 0.501389 0.5 0.0472222 1
0 0.501389 0.5 0.0472222 1
0 0.501389 0.5 0.0472222 1
0 0.46875 0 0.0208333 0
0 0.466667 0 0.0222222 0
0 0.466667 0 0.0222222 0
0 0.465278 0 0.0222222 0
0 0.463194 0 0.0208333 0
0 0.461806 0 0.0208333 0
0 0.460417 0 0.0208333 0
0 0.459722 0 0.0222222 0
0 0.458333 0 0.0222222 0
0 0.458333 0 0.0222222 0
0 0.457639 0 0.0208333 0
0 0.457639 0 0.0208333 0
0 0.456944 0 0.0222222 0
0 0.454861 0 0.0236111 0
0 0.454167 0 0.0222222 0
0 0.454167 0 0.0222222 0
0 0.454167 0 0.0222222 0
0 0.452778 0 0.0222222 0
0 0.453472 0 0.0236111 0
0 0.453472 0 0.0236111 0
0 0.453472 0 0.0236111 0
0 0.453472 0 0.0236111 0
0 0.453472 0 0.0208333 0
0 0.454167 0 0.0222222 0
0 0.454167 0 0.0222222 0
0 0.454167 0 0.0222222 0
0 0.455556 0 0.0222222 0
0 0.454861 0.5 0.0208333 1
0 0.454861 0.5 0.0208333 1
0 0.45625 0.5 0.0208333 1
0 0.45625 0.5 0.0208333 1
0 0.457639 0.5 0.0208333 1
0 0.457639 0.5 0.0208333 1
0 0.458333 0.5 0.0222222 1
0 0.458333 0.5 0.0222222 1
0 0.459028 0.5 0.0208333 1
0 0.459028 0.5 0.0208333 1
0 0.459028 0.5 0.0208333 1
0 0.459722 0.5 0.0222222 1
0 0.459722 0.5 0.0222222 1
0 0.459722 0.5 0.0222222 1
0 0.460417 0.5 0.0208333 1
0 0.459722 0.5 0.0222222 1
0 0.460417 0 0.0208333 0
0 0.461806 0 0.0208333 0
0 0.4625 0 0.0194444 0
0 0.464583 0 0.0208333 0
0 0.464583 0 0.0208333 0
0 0.465972 0 0.0208333 0
0 0.469444 0 0.0194444 0
0 0.472917 0 0.0208333 0
0 0.477083 0 0.0208333 0
0 0.480556 0 0.0194444 0
0 0.484722 0 0.0194444 0
0 0.485417 0 0.0208333 0
0 0.489583 0 0.0208333 0
0 0.489583 0 0.0208333 0
0 0.49375 0 0.0180556 0
0 0.497222 0 0.0222222 0
0 0.500694 0 0.0208333 0
0 0.503472 0 0.0208333 0
0 0.508333 0 0.0222222 0
0 0.511111 0 0.0222222 0
0 0.514583 0 0.0208333 0
0 0.516667 0 0.0222222 0
0 0.520139 0 0.0208333 0
0 0.520139 0 0.0208333 0
0 0.522917 0 0.0208333 0
0 0.526389 0 0.0194444 0
0 0.528472 0 0.0208333 0
0 0.532639 0 0.0208333 0
0 0.535417 0 0.0208333 0
0 0.536111 0 0.0222222 0
0 0.538889 0 0.0194444 0
0 0.541667 0 0.0222222 0
0 0.541667 0 0.0222222 0
0 0.545139 0 0.0208333 0
0 0.547917 0 0.0208333 0
0 0.553472 0 0.0208333 0
0 0.55625 0 0.0208333 0
0 0.559028 0 0.0208333 0
0 0.559028 0 0.0208333 0
0 0.561111 0 0.0194444 0
0 0.565972 0 0.0208333 0
0 0.569444 0 0.0194444 0
0 0.572917 0 0.0208333 0
0 0.577083 0 0.0208333 0
0 0.577083 0 0.0208333 0
0 0.580556 0 0.0194444 0
0 0.584028 0 0.0208333 0
0 0.5875 0 0.0194444 0
0 0.589583 0 0.0208333 0
0 0.590972 0 0.0208333 0
0 0.592361 0 0.0208333 0
0 0.592361 0 0.0208333 0
0 0.592361 0 0.0208333 0
0 0.594444 0 0.0194444 0
0 0.596528 0 0.0208333 0
0 0.6 0 0.0194444 0
0 0.601389 0 0.0194444 0
0 0.604167 0 0.0222222 0
0 0.604861 0 0.0208333 0
0 0.606944 0 0.0194444 0
0 0.609028 0 0.0208333 0
0 0.609028 0 0.0208333 0
0 0.611806 0 0.0208333 0
0 0.614583 0 0.0208333 0
0 0.617361 0 0.0208333 0
0 0.619444 0 0.0194444 0
0 0.621528 0 0.0208333 0
0 0.624306 0 0.0208333 0
0 0.628472 0 0.0208333 0
0 0.630556 0 0.0194444 0
0 0.630556 0 0.0194444 0
0 0.633333 0 0.0194444 0
0 0.635417 0 0.0208333 0
0 0.638889 0 0.0194444 0
0 0.639583 0 0.0208333 0
0 0.64375 0 0.0208333 0
0 0.646528 0 0.0208333 0
0 0.649306 0 0.0180556 0
0 0.649306 0 0.0180556 0
0 0.652083 0 0.0208333 0
0 0.65625 0 0.0208333 0
0 0.659028 0 0.0208333 0
0 0.660417 0 0.0208333 0
0 0.6625 0 0.0194444 0
0 0.664583 0 0.0208333 0
0 0.669444 0 0.0194444 0
0 0.669444 0 0.0194444 0
0 0.672222 0 0.0194444 0
0 0.676389 0 0.0194444 0
0 0.677778 0 0.0194444 0
0 0.68125 0 0.0208333 0
0 0.684028 0 0.0208333 0
0 0.6875 0 0.0194444 0
0 0.690278 0 0.0194444 0
0 0.69375 0 0.0208333 0
0 0.699306 0 0.0180556 0
0 0.699306 0 0.0180556 0
0 0.704167 0 0.0222222 0
0 0.709722 0 0.0194444 0
0 0.715278 0 0.0194444 0
0 0.718056 0 0.0222222 0
0 0.720833 0 0.0194444 0
0 0.728472 0 0.0208333 0
0 0.729861 0 0.0208333 0
0 0.729861 0 0.0208333 0
0 0.733333 0 0.0194444 0
0 0.736806 0 0.0208333 0
0 0.584722 0 0.0416667 0
0 0.740972 0 0.0208333 0
0 0.742361 0 0.0208333 0
0 0.745139 0 0.0208333 0
0 0.75 0 0.0194444 0
0 0.751389 0 0.0194444 0
0 0.752778 0 0.0222222 0
0 0.756944 0 0.0194444 0
0 0.761111 0 0.0194444 0
0 0.763889 0 0.0194444 0
0 0.767361 0 0.0208333 0
0 0.76875 0 0.0208333 0
0 0.76875 0 0.0208333 0
0 0.771528 0 0.0208333 0
0 0.776389 0 0.0194444 0
0 0.779167 0 0.0222222 0
0 0.781944 0 0.0194444 0
0 0.785417 0 0.0208333 0
0 0.788889 0 0.0194444 0
0 0.788889 0 0.0194444 0
0 0.79375 0 0.0208333 0
0 0.796528 0 0.0180556 0
0 0.8 0 0.0194444 0
0 0.802778 0 0.0194444 0
0 0.805556 0 0.0222222 0
0 0.805556 0 0.0222222 0
0 0.811111 0 0.0194444 0
0 0.813194 0 0.0208333 0
0 0.815278 0 0.0194444 0
0 0.81875 0 0.0180556 0
0 0.820833 0 0.0194444 0
0 0.822222 0 0.0194444 0
0 0.822222 0 0.0194444 0
0 0.825 0 0.0194444 0
0 0.827083 0 0.0180556 0
0 0.829167 0 0.0194444 0
0 0.830556 0 0.0194444 0
0 0.83125 0 0.0180556 0
0 0.834028 0 0.0180556 0
0 0.834028 0 0.0180556 0
0 0.836806 0 0.0180556 0
0 0.838194 0 0.0180556 0
0 0.840972 0 0.0180556 0
0 0.841667 0 0.0194444 0
0 0.84375 0 0.0208333 0
0 0.847222 0 0.0194444 0
0 0.847222 0 0.0194444 0
0 0.847222 0 0.0194444 0
0 0.849306 0 0.0180556 0
0 0.852083 0 0.0180556 0
0 0.854167 0 0.0194444 0
0 0.855556 0 0.0194444 0
0 0.855556 0 0.0194444 0
0 0.859028 0 0.0180556 0
0 0.860417 0 0.0180556 0
0 0.8625 0 0.0194444 0
0 0.863194 0 0.0180556 0
0 0.864583 0 0.0180556 0
0 0.865278 0 0.0194444 0
0 0.866667 0 0.0194444 0
0 0.869444 0 0.0194444 0
0 0.870833 0 0.0194444 0
0 0.870833 0 0.0194444 0
0 0.872222 0 0.0194444 0
0 0.872222 0 0.0194444 0
0 0.874306 0 0.0180556 0
0 0.875694 0 0.0180556 0
0 0.877083 0 0.0180556 0
0 0.877778 0 0.0194444 0
0 0.879861 0 0.0208333 0
0 0.880556 0 0.0194444 0
0 0.881944 0 0.0194444 0
0 0.883333 0 0.0194444 0
0 0.885417 0 0.0180556 0
0 0.8875 0 0.0194444 0
0 0.8875 0 0.0194444 0
0 0.888194 0 0.0180556 0
0 0.889583 0 0.0180556 0
0 0.890972 0 0.0180556 0
0 0.891667 0 0.0194444 0
0 0.893056 0 0.0194444 0
0 0.894444 0 0.0194444 0
0 0.897917 0 0.0180556 0
0 0.899306 0 0.0180556 0
0 0.9 0 0.0194444 0
0 0.900694 0 0.0180556 0
0 0.902778 0 0.0194444 0
0 0.904167 0 0.0194444 0
0 0.904167 0 0.0194444 0
0 0.904861 0 0.0208333 0
0 0.904861 0 0.0208333 0
0 0.90625 0 0.0208333 0
0 0.908333 0 0.0194444 0
0 0.909722 0 0.0194444 0
0 0.910417 0 0.0180556 0
0 0.911111 0 0.0166667 0
0 0.911806 0 0.0180556 0
0 0.911806 0 0.0180556 0
0 0.913194 0 0.0180556 0
0 0.913194 0 0.0180556 0
0 0.913194 0 0.0180556 0
0 0.913194 0 0.0180556 0
0 0.501389 0.5 0.0472222 1
0 0.914583 0 0.0180556 0
0 0.915972 0 0.0180556 0
0 0.915972 0 0.0180556 0
0 0.916667 0 0.0194444 0
0 0.918056 0 0.0194444 0
0 0.91875 0 0.0180556 0
0 0.91875 0 0.0180556 0
0 0.919444 0 0.0194444 0
0 0.919444 0 0.0194444 0
0 0.920139 0 0.0180556 0
0 0.921528 0 0.0180556 0
0 0.922222 0 0.0194444 0
0 0.922222 0 0.0194444 0
0 0.922917 0 0.0180556 0
0 0.923611 0 0.0166667 0
0 0.924306 0 0.0180556 0
0 0.924306 0 0.0180556 0
0 0.924306 0 0.0180556 0
0 0.924306 0 0.0180556 0
0 0.925 0 0.0194444 0
0 0.925 0 0.0166667 0
0 0.924306 0 0.0180556 0
0 0.925 0 0.0194444 0
0 0.925694 0 0.0180556 0
0 0.925694 0 0.0180556 0
0 0.925 0 0.0194444 0
0 0.925694 0 0.0180556 0
0 0.925694 0 0.0180556 0
0 0.925694 0 0.0180556 0
0 0.927083 0 0.0180556 0
0 0.927083 0 0.0180556 0
0 0.927083 0 0.0180556 0
0 0.927083 0 0.0180556 0
0 0.927778 0 0.0194444 0
0 0.928472 0 0.0180556 0
0 0.927778 0 0.0194444 0
0 0.927778 0 0.0194444 0
0 0.928472 0 0.0180556 0
0 0.928472 0 0.0180556 0
0 0.929167 0 0.0194444 0
0 0.929167 0 0.0194444 0
0 0.929861 0 0.0180556 0
0 0.929861 0 0.0208333 0
0 0.930556 0 0.0194444 0
0 0.93125 0 0.0208333 0
0 0.93125 0 0.0208333 0
0 0.93125 0 0.0180556 0
0 0.93125 0 0.0180556 0
0 0.931944 0 0.0194444 0
0 0.93125 0 0.0180556 0
0 0.932639 0 0.0180556 0
0 0.932639 0 0.0180556 0
0 0.933333 0 0.0194444 0
0 0.933333 0 0.0194444 0
0 0.934722 0 0.0194444 0
0 0.934722 0 0.0194444 0
0 0.934722 0 0.0194444 0
0 0.934722 0 0.0194444 0
0 0.934722 0 0.0194444 0
0 0.935417 0 0.0180556 0
0 0.936111 0 0.0166667 0
0 0.9375 0 0.0194444 0
0 0.9375 0 0.0194444 0
0 0.9375 0 0.0166667 0
0 0.938194 0 0.0180556 0
0 0.938194 0 0.0180556 0
0 0.939583 0 0.0180556 0
0 0.940278 0 0.0194444 0
0 0.941667 0 0.0194444 0
0 0.941667 0 0.0194444 0
0 0.941667 0 0.0194444 0
0 0.943056 0 0.0194444 0
0 0.942361 0 0.0208333 0
0 0.943056 0 0.0194444 0
0 0.94375 0 0.0180556 0
0 0.94375 0 0.0180556 0
0 0.945833 0 0.0194444 0
0 0.945833 0 0.0194444 0
0 0.947222 0 0.0194444 0
0 0.947222 0 0.0194444 0
0 0.947222 0 0.0194444 0
0 0.947917 0 0.0180556 0
0 0.948611 0 0.0194444 0
0 0.95 0 0.0194444 0
0 0.95 0 0.0194444 0
0 0.95 0 0.0194444 0
0 0.95 0 0.0194444 0
0 0.952083 0 0.0180556 0
0 0.953472 0 0.0208333 0
0 0.952778 0 0.0194444 0
0 0.954167 0 0.0194444 0
0 0.954167 0 0.0194444 0
0 0.955556 0 0.0194444 0
0 0.955556 0 0.0194444 0
0 0.955556 0 0.0194444 0
0 0.956944 0 0.0194444 0
0 0.95625 0 0.0180556 0
0 0.957639 0 0.0180556 0
0 0.959028 0 0.0180556 0
0 0.959722 0 0.0194444 0
0 0.959722 0 0.0194444 0
0 0.961806 0 0.0180556 0
0 0.961806 0 0.0180556 0
0 0.961806 0 0.0180556 0
0 0.9625 0 0.0194444 0
0 0.963194 0 0.0180556 0
0 0.963194 0 0.0180556 0
0 0.964583 0 0.0180556 0
0 0.965972 0 0.0208333 0
0 0.965278 0 0.0194444 0
0 0.966667 0 0.0194444 0
0 0.967361 0 0.0208333 0
0 0.967361 0 0.0208333 0
0 0.968056 0 0.0194444 0
0 0.96875 0 0.0180556 0
0 0.96875 0 0.0208333 0
0 0.970139 0 0.0180556 0
0 0.970833 0 0.0194444 0
0 0.970833 0 0.0194444 0
0 0.972917 0 0.0180556 0
0 0.973611 0 0.0194444 0
0 0.975 0 0.0194444 0
0 0.975 0 0.0194444 0
0 0.975 0 0.0194444 0
0 0.975694 0 0.0180556 0
0 0.977083 0 0.0180556 0
0 0.977083 0 0.0180556 0
0 0.977083 0 0.0180556 0
0 0.977778 0 0.0194444 0
0 0.977778 0 0.0194444 0
0 0.979861 0 0.0180556 0
0 0.980556 0 0.0166667 0
0 0.980556 0 0.0166667 0
0 0.981944 0 0.0166667 0
0 0.983333 0 0.0166667 0
0 0.46875 0 0.0208333 0
0 0.468056 0 0.0222222 0
0 0.468056 0 0.0222222 0
0 0.466667 0 0.0222222 0
0 0.465278 0 0.0222222 0
0 0.463194 0 0.0208333 0
0 0.461111 0 0.0222222 0
0 0.460417 0 0.0208333 0
0 0.459722 0 0.0222222 0
0 0.458333 0 0.0222222 0
0 0.457639 0 0.0208333 0
0 0.456944 0 0.0222222 0
0 0.456944 0 0.0222222 0
0 0.455556 0 0.0222222 0
0 0.454861 0 0.0236111 0
0 0.454167 0 0.0222222 0
0 0.454167 0 0.0222222 0
0 0.453472 0 0.0236111 0
0 0.452778 0 0.0222222 0
0 0.453472 0 0.0236111 0
0 0.452778 0 0.0222222 0
0 0.453472 0 0.0236111 0
0 0.453472 0 0.0236111 0
0 0.453472 0 0.0236111 0
0 0.453472 0 0.0236111 0
0 0.453472 0 0.0236111 0
0 0.453472 0 0.0236111 0
0 0.453472 0 0.0236111 0
0 0.453472 0 0.0236111 0
0 0.453472 0 0.0236111 0
0 0.453472 0 0.0236111 0
0 0.453472 0 0.0236111 0
0 0.453472 0 0.0236111 0
0 0.453472 0 0.0236111 0
0 0.453472 0 0.0236111 0
0 0.453472 0 0.0236111 0
0 0.453472 0 0.0236111 0
0 0.453472 0 0.0236111 0
0 0.453472 0 0.0236111 0
0 0.453472 0 0.0236111 0
0 0.453472 0 0.0236111 0
0 0.453472 0 0.0236111 0
0 0.453472 0 0.0236111 0
0 0.453472 0 0.0236111 0
0 0.453472 0 0.0236111 0
0 0.453472 0 0.0236111 0
0 0.453472 0 0.0236111 0
0 0.453472 0 0.0236111 0
0 0.453472 0 0.0236111 0
0 0.453472 0 0.0236111 0
0 0.453472 0 0.0236111 0
0 0.453472 0 0.0236111 0
0 0.453472 0 0.0236111 0
0 0.453472 0 0.0236111 0
0 0.453472 0 0.0236111 0
0 0.453472 0 0.0236111 0
0 0.453472 0 0.0236111 0
0 0.453472 0 0.0236111 0
0 0.453472 0 0.0236111 0
0 0.453472 0 0.0236111 0
0 0.453472 0 0.0236111 0
0 0.453472 0 0.0236111 0
0 0.453472 0 0.0236111 0
0 0.453472 0 0.0236111 0
0 0.453472 0 0.0236111 0
0 0.453472 0 0.0236111 0
0 0.453472 0 0.0236111 0
0 0.453472 0 0.0236111 0
0 0.453472 0 0.0236111 0
0 0.453472 0 0.0236111 0
0 0.453472 0 0.0236111 0
0 0.453472 0 0.0236111 0
0 0.453472 0 0.0236111 0
0 0.453472 0 0.0236111 0
0 0.453472 0 0.0236111 0
0 0.453472 0 0.0236111 0
0 0.453472 0 0.0236111 0
0 0.453472 0 0.0236111 0
0 0.453472 0 0.0236111 0
0 0.453472 0 0.0236111 0
0 0.453472 0 0.0236111 0
0 0.453472 0 0.0236111 0
0 0.453472 0 0.0236111 0
0 0.453472 0 0.0236111 0
0 0.453472 0 0.0236111 0
0 0.453472 0 0.0236111 0
0 0.453472 0 0.0236111 0
0 0.453472 0 0.0236111 0
0 0.453472 0 0.0236111 0
0 0.453472 0 0.0236111 0
0 0.453472 0 0.0236111 0
0 0.453472 0 0.0236111 0
0 0.453472 0 0.0236111 0
0 0.453472 0 0.0236111 0
0 0.453472 0 0.0236111 0
0 0.453472 0 0.0236111 0
0 0.453472 0 0.0236111 0
0 0.453472 0 0.0236111 0
0 0.453472 0 0.0236111 0
0 0.453472 0 0.0236111 0
0 0.453472 0 0.0236111 0
0 0.453472 0 0.0236111 0
0 0.453472 0 0.0236111 0
0 0.453472 0 0.0236111 0
0 0.453472 0 0.0236111 0
0 0.453472 0 0.0236111 0
0 0.453472 0 0.0236111 0
0 0.453472 0 0.0236111 0
0 0.453472 0 0.0236111 0
0 0.453472 0 0.0236111 0
0 0.453472 0 0.0236111 0
0 0.453472 0 0.0236111 0
0 0.453472 0 0.0236111 0
0 0.453472 0 0.0236111 0
0 0.453472 0 0.0236111 0
0 0.453472 0 0.0236111 0
0 0.453472 0 0.0236111 0
0 0.453472 0 0.0236111 0
0 0.453472 0 0.0236111 0
0 0.453472 0 0.0236111 0
0 0.453472 0 0.0236111 0
0 0.453472 0 0.0236111 0
0 0.453472 0 0.0236111 0
0 0.453472 0 0.0236111 0
0 0.453472 0 0.0236111 0
0 0.453472 0 0.0236111 0
0 0.453472 0 0.0236111 0
0 0.453472 0 0.0236111 0
0 0.453472 0 0.0236111 0
0 0.453472 0 0.0236111 0
0 0.453472 0 0.0236111 0
0 0.453472 0 0.0236111 0
0 0.453472 0 0.0236111 0
0 0.453472 0 0.0236111 0
0 0.453472 0 0.0236111 0
0 0.453472 0 0.0236111 0
0 0.453472 0 0.0236111 0
0 0.453472 0 0.0236111 0
0 0.453472 0 0.0236111 0
0 0.453472 0 0.0236111 0
0 0.453472 0 0.0236111 0
0 0.453472 0 0.0236111 0
0 0.453472 0 0.0236111 0
0 0.453472 0 0.0236111 0
0 0.453472 0 0.0236111 0
0 0.453472 0 0.0236111 0
0 0.453472 0 0.0236111 0
0 0.453472 0 0.0236111 0
0 0.453472 0 0.0236111 0
0 0.453472 0 0.0236111 0
0 0.453472 0 0.0236111 0
0 0.453472 0 0.0236111 0
0 0.453472 0 0.0236111 0
0 0.453472 0 0.0236111 0
0 0.453472 0 0.0236111 0
0 0.453472 0 0.0236111 0
0 0.453472 0 0.0236111 0
0 0.453472 0 0.0236111 0
0 0.453472 0 0.0236111 0
0 0.453472 0 0.0236111 0
0 0.453472 0 0.0236111 0
0 0.453472 0 0.0236111 0
0 0.453472 0 0.0236111 0
0 0.453472 0 0.0236111 0
0 0.453472 0 0.0236111 0
0 0.453472 0 0.0236111 0
0 0.453472 0 0.0236111 0
0 0.453472 0 0.0236111 0
0 0.453472 0 0.0236111 0
0 0.453472 0 0.0236111 0
0 0.453472 0 0.0236111 0
0 0.453472 0 0.0236111 0
0 0.453472 0 0.0236111 0
0 0.453472 0 0.0236111 0
0 0.453472 0 0.0236111 0
0 0.453472 0 0.0236111 0
0 0.453472 0 0.0236111 0
0 0.453472 0 0.0236111 0
0 0.453472 0 0.0236111 0
0 0.453472 0 0.0236111 0
0 0.453472 0 0.0236111 0
0 0.453472 0 0.0236111 0
0 0.453472 0 0.0236111 0
0 0.453472 0 0.0236111 0
0 0.453472 0 0.0236111 0
0 0.453472 0 0.0236111 0
0 0.453472 0 0.0236111 0
0 0.453472 0 0.0236111 0
0 0.453472 0 0.0236111 0
0 0.453472 0 0.0236111 0
0 0.453472 0 0.0236111 0
0 0.453472 0 0.0236111 0
0 0.453472 0 0.0236111 0
0 0.453472 0 0.0236111 0
0 0.453472 0 0.0236111 0
0 0.453472 0 0.0236111 0
0 0.453472 0 0.0236111 0
0 0.453472 0 0.0236111 0
0 0.453472 0 0.0236111 0
0 0.453472 0 0.0236111 0
0 0.453472 0 0.0236111 0
0 0.453472 0 0.0236111 0
0 0.453472 0 0.0236111 0
0 0.453472 0 0.0236111 0
0 0.453472 0 0.0236111 0
0 0.453472 0 0.0236111 0
0 0.453472 0 0.0236111 0
0 0.453472 0 0.0236111 0
0 0.453472 0 0.0236111 0
0 0.453472 0 0.0236111 0
0 0.453472 0 0.0236111 0
0 0.453472 0 0.0236111 0
0 0.453472 0 0.0236111 0
0 0.453472 0 0.0236111 0
0 0.453472 0 0.0236111 0
0 0.453472 0 0.0236111 0
0 0.453472 0 0.0236111 0
0 0.453472 0 0.0236111 0
0 0.453472 0 0.0236111 0
0 0.453472 0 0.0236111 0
0 0.453472 0 0.0236111 0
0 0.453472 0 0.0236111 0
0 0.453472 0 0.0236111 0
0 0.453472 0 0.0236111 0
0 0.453472 0 0.0236111 0
0 0.453472 0 0.0236111 0
0 0.453472 0 0.0236111 0
0 0.453472 0 0.0236111 0
0 0.453472 0 0.0236111 0
0 0.453472 0 0.0236111 0
0 0.453472 0 0.0236111 0
0 0.453472 0 0.0236111 0
0 0.453472 0 0.0236111 0
0 0.453472 0 0.0236111 0
0 0.453472 0 0.0236111 0
0 0.453472 0 0.0236111 0
0 0.453472 0 0.0236111 0
0 0.453472 0 0.0236111 0
0 0.453472 0 0.0236111 0
0 0.453472 0 0.0236111 0
0 0.453472 0 0.0236111 0
0 0.453472 0 0.0236111 0
0 0.453472 0 0.0236111 0
0 0.453472 0 0.0236111 0
0 0.453472 0 0.0236111 0
0 0.453472 0 0.0236111 0
0 0.453472 0 0.0236111 0
0 0.453472 0 0.0236111 0
0 0.453472 0 0.0236111 0
0 0.453472 0 0.0236111 0
0 0.453472 0 0.0236111 0
0 0.453472 0 0.0236111 0
0 0.453472 0 0.0236111 0
0 0.453472 0 0.0236111 0
0 0.453472 0 0.0236111 0
0 0.453472 0 0.0236111 0
0 0.453472 0 0.0236111 0
0 0.453472 0 0.0236111 0
0 0.453472 0 0.0236111 0
0 0.453472 0 0.0236111 0
0 0.453472 0 0.0236111 0
0 0.453472 0 0.0236111 0
0 0.453472 0 0.0236111 0
0 0.453472 0 0.0236111 0
0 0.453472 0 0.0236111 0
0 0.453472 0 0.0236111 0
0 0.453472 0 0.0236111 0
0 0.453472 0 0.0236111 0
0 0.453472 0 0.0236111 0
0 0.453472 0 0.0236111 0
0 0.453472 0 0.0236111 0
0 0.453472 0 0.0236111 0
0 0.453472 0 0.0236111 0
0 0.453472 0 0.0236111 0
0 0.453472 0 0.0236111 0
0 0.453472 0 0.0236111 0
0 0.453472 0 0.0236111 0
0 0.453472 0 0.0236111 0
0 0.453472 0 0.0236111 0
0 0.453472 0 0.0236111 0
0 0.453472 0 0.0236111 0
0 0.453472 0 0.0236111 0
0 0.453472 0 0.0236111 0
0 0.453472 0 0.0236111 0
0 0.453472 0 0.0236111 0
0 0.453472 0 0.0236111 0
0 0.453472 0 0.0236111 0
0 0.453472 0 0.0236111 0
0 0.453472 0 0.0236111 0
0 0.453472 0 0.0236111 0
0 0.453472 0 0.0236111 0
0 0.453472 0 0.0236111 0
