0 0.463889 1 0.0111111 0
0 0.463889 1 0.0111111 0
0 0.463889 1 0.0111111 0
0 0.463889 1 0.0111111 0
0 0.463889 1 0.0111111 0
0 0.463889 1 0.0111111 0
0 0.463889 1 0.0111111 0
0 0.463889 1 0.0111111 0
0 0.463889 1 0.0111111 0
0 0.463889 1 0.0111111 0
0 0.463889 1 0.0111111 0
0 0.463889 1 0.0111111 0
0 0.463889 1 0.0111111 0
0 0.463889 1 0.0111111 0
0 0.463889 1 0.0111111 0
0 0.463889 1 0.0111111 0
0 0.463889 1 0.0111111 0
0 0.463889 1 0.0111111 0
0 0.463889 1 0.0111111 0
0 0.463889 1 0.0111111 0
0 0.463889 1 0.0111111 0
0 0.463889 1 0.0111111 0
0 0.463889 1 0.0111111 0
0 0.463889 1 0.0111111 0
0 0.463889 1 0.0111111 0
0 0.463889 1 0.0111111 0
0 0.463889 1 0.0111111 0
0 0.463889 1 0.0111111 0
0 0.463889 1 0.0111111 0
0 0.463889 1 0.0111111 0
0 0.463889 1 0.0111111 0
0 0.463889 1 0.0111111 0
0 0.464583 1 0.0125 0
0 0.464583 1 0.0125 0
0 0.464583 1 0.0125 0
0 0.464583 1 0.0125 0
0 0.464583 1 0.0125 0
0 0.464583 1 0.0125 0
0 0.464583 1 0.0125 0
0 0.464583 1 0.0125 0
0 0.464583 1 0.0125 0
0 0.464583 1 0.0125 0
0 0.464583 1 0.0125 0
0 0.464583 1 0.0125 0
0 0.464583 1 0.0125 0
0 0.464583 1 0.0125 0
0 0.464583 1 0.0125 0
0 0.464583 1 0.0125 0
0 0.464583 1 0.0125 0
0 0.464583 1 0.0125 0
0 0.464583 1 0.0125 0
0 0.464583 1 0.0125 0
0 0.464583 1 0.0125 0
0 0.464583 1 0.0125 0
0 0.463889 1 0.0111111 0
0 0.464583 1 0.0125 0
0 0.464583 1 0.0125 0
0 0.463889 1 0.0111111 0
0 0.463889 1 0.0111111 0
0 0.463889 1 0.0111111 0
0 0.464583 1 0.0125 0
0 0.465972 1 0.00972222 0
0 0.465972 1 0.00972222 0
0 0.465972 1 0.00972222 0
0 0.466667 0 0.00555556 0
0 0.474306 0 0.0208333 0
0 0.475694 0 0.0208333 0
0 0.476389 0 0.0222222 0
0 0.476389 0 0.0222222 0
0 0.476389 0 0.0222222 0
0 0.476389 0 0.0222222 0
0 0.477083 0 0.0236111 0
0 0.477083 0 0.0236111 0
0 0.477778 0 0.025 0
0 0.485417 0 0.0986111 0
0 0.478472 0 0.0236111 0
0 0.486806 0 0.0986111 0
0 0.479167 0 0.025 0
0 0.48125 0 0.0236111 0
0 0.48125 0 0.0236111 0
0 0.580556 0 0.0111111 0
0 0.481944 0 0.025 0
0 0.483333 0 0.025 0
0 0.483333 0 0.025 0
0 0.483333 0 0.025 0
0 0.482639 0 0.0263889 0
0 0.48125 0 0.0263889 0
0 0.479861 0 0.0291667 0
0 0.584722 0 0.0111111 0
0 0.478472 0 0.0291667 0
0 0.476389 0 0.0305556 0
0 0.475 0 0.0305556 0
0 0.473611 0 0.0305556 0
0 0.3875 0 0.0111111 0
0 0.586806 0 0.0125 0
0 0.473611 0 0.0305556 0
0 0.472917 0 0.0319444 0
0 0.588194 0 0.0180556 0
0 0.472222 0 0.0305556 0
0 0.588194 0 0.0125 0
0 0.471528 0 0.0319444 0
0 0.588889 0 0.0111111 0
0 0.470833 0 0.0305556 0
0 0.695139 0 0.0125 0
0 0.384722 0 0.0138889 0
0 0.590278 0 0.0111111 0
0 0.470833 0 0.0305556 0
0 0.383333 0 0.0138889 0
0 0.590972 0 0.0125 0
0 0.471528 0 0.0319444 0
0 0.383333 0 0.0166667 0
0 0.593056 0 0.0138889 0
0 0.472222 0 0.0333333 0
0 0.594444 0 0.0138889 0
0 0.472917 0 0.0347222 0
0 0.383333 0 0.0138889 0
0 0.596528 0 0.0125 0
0 0.474306 0 0.0347222 0
0 0.382639 0 0.0152778 0
0 0.597917 0 0.0125 0
0 0.475694 0 0.0375 0
0 0.381944 0 0.0138889 0
0 0.599306 0 0.0125 0
0 0.477083 0 0.0375 0
0 0.381944 0 0.0138889 0
0 0.713194 0 0.0125 0
0 0.600694 0 0.0125 0
0 0.478472 0 0.0375 0
0 0.603472 0 0.0125 0
0 0.480556 0 0.0388889 0
0 0.604861 0 0.0125 0
0 0.719444 0 0.0111111 0
0 0.483333 0 0.0416667 0
0 0.606944 0 0.0138889 0
0 0.486111 0 0.0416667 0
0 0.384028 0 0.0152778 0
0 0.608333 0 0.0138889 0
0 0.488889 0 0.0416667 0
0 0.383333 0 0.0138889 0
0 0.610417 0 0.0125 0
0 0.490972 0 0.0430556 0
0 0.384028 0 0.0152778 0
0 0.727083 0 0.0152778 0
0 0.611806 0 0.0152778 0
0 0.491667 0 0.0416667 0
0 0.613194 0 0.0152778 0
0 0.493056 0 0.0416667 0
0 0.614583 0 0.0152778 0
0 0.733333 0 0.0138889 0
0 0.494444 0 0.0444444 0
0 0.384028 0 0.0180556 0
0 0.734722 0 0.0138889 0
0 0.615972 0 0.0152778 0
0 0.496528 0 0.0458333 0
0 0.383333 0 0.0166667 0
0 0.618056 0 0.0166667 0
0 0.738194 0 0.0125 0
0 0.500694 0 0.0458333 0
0 0.384722 0 0.0194444 0
0 0.739583 0 0.0152778 0
0 0.61875 0 0.0152778 0
0 0.502778 0 0.0472222 0
0 0.382639 0 0.0152778 0
0 0.740972 0 0.0152778 0
0 0.620139 0 0.0152778 0
0 0.504861 0 0.0486111 0
0 0.744444 0 0.0138889 0
0 0.620833 0 0.0166667 0
0 0.505556 0 0.05 0
0 0.379861 0 0.0152778 0
0 0.745139 0 0.0152778 0
0 0.622917 0 0.0152778 0
0 0.505556 0 0.05 0
0 0.379167 0 0.0166667 0
0 0.747222 0 0.0138889 0
0 0.623611 0 0.0166667 0
0 0.50625 0 0.0513889 0
0 0.749306 0 0.0152778 0
0 0.624306 0 0.0152778 0
0 0.50625 0 0.0513889 0
0 0.378472 0 0.0152778 0
0 0.752083 0 0.0152778 0
0 0.625 0 0.0138889 0
0 0.505556 0.5 0.0527778 1
0 0.752778 0 0.0166667 0
0 0.377778 0 0.0166667 0
0 0.626389 0 0.0138889 0
0 0.504861 0.5 0.0541667 1
0 0.753472 0 0.0152778 0
0 0.377083 0 0.0152778 0
0 0.627083 0 0.0152778 0
0 0.504167 0.5 0.0555556 1
0 0.755556 0 0.0138889 0
0 0.376389 0 0.0166667 0
0 0.627083 0 0.0152778 0
0 0.501389 0.5 0.0583333 1
0 0.75625 0 0.0152778 0
0 0.627083 0 0.0152778 0
0 0.499306 0.5 0.0625 1
0 0.75625 0 0.0152778 0
0 0.627083 0 0.0152778 0
0 0.497917 0.5 0.0625 1
0 0.756944 0 0.0138889 0
0 0.627083 0 0.0152778 0
0 0.497917 0.5 0.0736111 1
0 0.370833 0 0.0166667 0
0 0.626389 0 0.0138889 0
0 0.496528 0.5 0.0736111 1
0 0.625694 0 0.0152778 0
0 0.49375 0.5 0.0652778 1
0 0.367361 0 0.0180556 0
0 0.624306 0 0.0152778 0
0 0.492361 0.5 0.0652778 1
0 0.366667 0 0.0166667 0
0 0.757639 0 0.0152778 0
0 0.625694 0 0.0152778 0
0 0.491667 0.5 0.0666667 1
0 0.365972 0 0.0180556 0
0 0.234028 0 0.0180556 0
0 0.757639 0 0.0152778 0
0 0.625694 0 0.0152778 0
0 0.490972 0.5 0.0652778 1
0 0.625694 0 0.0152778 0
0 0.758333 0 0.0166667 0
0 0.489583 0.5 0.0625 1
0 0.365972 0 0.0180556 0
0 0.626389 0 0.0166667 0
0 0.486111 0.5 0.0638889 1
0 0.626389 0 0.0166667 0
0 0.484028 0.5 0.0652778 1
0 0.365972 0 0.0180556 0
0 0.233333 0 0.0166667 0
0 0.627083 0 0.0152778 0
0 0.481944 0.5 0.0666667 1
0 0.232639 0 0.0180556 0
0 0.365972 0 0.0180556 0
0 0.626389 0 0.0166667 0
0 0.480556 0.5 0.0666667 1
0 0.626389 0 0.0166667 0
0 0.365278 0 0.0166667 0
0 0.481944 0.5 0.0666667 1
0 0.365278 0 0.0166667 0
0 0.626389 0 0.0166667 0
0 0.482639 0.5 0.0680556 1
0 0.761806 0 0.0152778 0
0 0.364583 0 0.0152778 0
0 0.627083 0 0.0152778 0
0 0.486806 0.5 0.0680556 1
0 0.763194 0 0.0152778 0
0 0.364583 0 0.0180556 0
0 0.627778 0 0.0166667 0
0 0.490972 0 0.0652778 0
0 0.364583 0 0.0152778 0
0 0.764583 0 0.0152778 0
0 0.629167 0 0.0166667 0
0 0.492361 0 0.0708333 0
0 0.766667 0 0.0166667 0
0 0.365278 0 0.0166667 0
0 0.63125 0 0.0152778 0
0 0.495833 0 0.0722222 0
0 0.365972 0 0.0180556 0
0 0.634028 0 0.0180556 0
0 0.497917 0 0.0736111 0
0 0.366667 0 0.0194444 0
0 0.634722 0 0.0166667 0
0 0.498611 0 0.075 0
0 0.367361 0 0.0180556 0
0 0.635417 0 0.0152778 0
0 0.499306 0 0.0763889 0
0 0.367361 0 0.0180556 0
0 0.775694 0 0.0152778 0
0 0.638194 0 0.0152778 0
0 0.501389 0 0.0777778 0
0 0.367361 0 0.0180556 0
0 0.777083 0 0.0180556 0
0 0.638889 0 0.0166667 0
0 0.504167 0.5 0.0777778 1
0 0.367361 0 0.0180556 0
0 0.780556 0 0.0166667 0
0 0.639583 0 0.0180556 0
0 0.511111 0.5 0.0805556 1
0 0.367361 0 0.0180556 0
0 0.641667 0 0.0166667 0
0 0.517361 0.5 0.0819444 1
0 0.367361 0 0.0180556 0
0 0.783333 0 0.0166667 0
0 0.642361 0 0.0180556 0
0 0.522917 0.5 0.0819444 1
0 0.784722 0 0.0194444 0
0 0.367361 0 0.0180556 0
0 0.64375 0 0.0180556 0
0 0.530556 0.5 0.0777778 1
0 0.645139 0 0.0180556 0
0 0.534028 0.5 0.0791667 1
0 0.365972 0 0.0180556 0
0 0.7875 0 0.0166667 0
0 0.645139 0 0.0180556 0
0 0.534722 0.5 0.0805556 1
0 0.365972 0 0.0180556 0
0 0.788889 0 0.0166667 0
0 0.646528 0 0.0180556 0
0 0.528472 0.5 0.0847222 1
0 0.790278 0 0.0166667 0
0 0.365972 0 0.0180556 0
0 0.646528 0 0.0180556 0
0 0.524306 0.5 0.0902778 1
0 0.365278 0 0.0166667 0
0 0.646528 0 0.0180556 0
0 0.520833 0.5 0.0888889 1
0 0.219444 0 0.0194444 0
0 0.363889 0 0.0166667 0
0 0.646528 0 0.0180556 0
0 0.515972 0.5 0.0930556 1
0 0.363889 0 0.0166667 0
0 0.790972 0 0.0180556 0
0 0.646528 0 0.0180556 0
0 0.513194 0.5 0.0958333 1
0 0.361111 0 0.0194444 0
0 0.791667 0 0.0194444 0
0 0.646528 0 0.0180556 0
0 0.5125 0.5 0.0944444 1
0 0.791667 0 0.0194444 0
0 0.214583 0 0.0180556 0
0 0.360417 0 0.0180556 0
0 0.645833 0 0.0194444 0
0 0.510417 0.5 0.0958333 1
0 0.2125 0 0.0194444 0
0 0.790278 0 0.0194444 0
0 0.359722 0 0.0194444 0
0 0.645139 0 0.0180556 0
0 0.509028 0.5 0.0986111 1
0 0.790278 0 0.0166667 0
0 0.359028 0 0.0180556 0
0 0.644444 0 0.0166667 0
0 0.506944 0.5 0.1 1
0 0.790278 0 0.0166667 0
0 0.357639 0 0.0180556 0
0 0.644444 0 0.0166667 0
0 0.504861 0.5 0.0986111 1
0 0.790972 0 0.0180556 0
0 0.644444 0 0.0166667 0
0 0.5 0.5 0.102778 1
0 0.354167 0 0.0194444 0
0 0.643056 0 0.0194444 0
0 0.495833 0.5 0.1 1
0 0.643056 0 0.0194444 0
0 0.352778 0 0.0194444 0
0 0.488194 0.5 0.106944 1
0 0.790972 0 0.0180556 0
0 0.350694 0 0.0180556 0
0 0.641667 0 0.0194444 0
0 0.479861 0.5 0.1125 1
0 0.348611 0 0.0194444 0
0 0.641667 0 0.0194444 0
0 0.474306 0.5 0.106944 1
0 0.547917 0 0.0402778 0
0 0.347222 0 0.0194444 0
0 0.640278 0 0.0194444 0
0 0.469444 0.5 0.108333 1
0 0.346528 0 0.0180556 0
0 0.639583 0 0.0180556 0
0 0.466667 0.5 0.108333 1
0 0.788889 0 0.0166667 0
0 0.345139 0 0.0180556 0
0 0.638194 0 0.0180556 0
0 0.461111 0.5 0.113889 1
0 0.34375 0 0.0180556 0
0 0.788889 0 0.0166667 0
0 0.638194 0 0.0180556 0
0 0.458333 0.5 0.113889 1
0 0.788889 0 0.0166667 0
0 0.6375 0 0.0166667 0
0 0.453472 0.5 0.120833 1
0 0.788889 0 0.0166667 0
0 0.340278 0 0.0194444 0
0 0.6375 0 0.0166667 0
0 0.451389 0.5 0.116667 1
0 0.789583 0 0.0180556 0
0 0.340278 0 0.0194444 0
0 0.6375 0 0.0166667 0
0 0.451389 0.5 0.116667 1
0 0.341667 0 0.0194444 0
0 0.791667 0 0.0194444 0
0 0.452778 0.5 0.119444 1
0 0.639583 0 0.0180556 0
0 0.792361 0 0.0208333 0
0 0.341667 0 0.0194444 0
0 0.454167 0.5 0.122222 1
0 0.640278 0 0.0194444 0
0 0.342361 0 0.0180556 0
0 0.79375 0 0.0180556 0
0 0.454861 0.5 0.123611 1
0 0.640972 0 0.0180556 0
0 0.344444 0 0.0194444 0
0 0.795833 0 0.0194444 0
0 0.643056 0 0.0194444 0
0 0.458333 0.5 0.125 1
0 0.797222 0 0.0194444 0
0 0.644444 0 0.0194444 0
0 0.345139 0 0.0180556 0
0 0.467361 0.5 0.115278 1
0 0.799306 0 0.0180556 0
0 0.345833 0 0.0194444 0
0 0.472917 0.5 0.118056 1
0 0.645833 0 0.0194444 0
0 0.194444 0 0.0194444 0
0 0.801389 0 0.0194444 0
0 0.484722 0.5 0.127778 1
0 0.647222 0 0.0194444 0
0 0.347222 0 0.0194444 0
0 0.803472 0 0.0180556 0
0 0.349306 0 0.0180556 0
0 0.498611 0 0.122222 0
0 0.65 0 0.0166667 0
0 0.197222 0 0.0194444 0
0 0.35 0 0.0194444 0
0 0.80625 0 0.0208333 0
0 0.509028 0 0.126389 0
0 0.652083 0 0.0180556 0
0 0.525694 0 0.131944 0
0 0.352778 0 0.0194444 0
0 0.655556 0 0.0194444 0
0 0.199306 0 0.0208333 0
0 0.354861 0 0.0180556 0
0 0.8125 0 0.0166667 0
0 0.543056 0 0.125 0
0 0.658333 0 0.0194444 0
0 0.815278 0 0.0194444 0
0 0.554167 0.5 0.133333 1
0 0.357639 0 0.0208333 0
0 0.660417 0 0.0208333 0
0 0.817361 0 0.0208333 0
0 0.6625 0 0.0194444 0
0 0.358333 0 0.0194444 0
0 0.5375 1 0.111111 0
0 0.820833 0 0.0222222 0
0 0.535417 1 0.106944 0
0 0.360417 0 0.0180556 0
0 0.665278 0 0.0194444 0
0 0.20625 0 0.0208333 0
0 0.823611 0 0.0194444 0
0 0.361111 0 0.0194444 0
0 0.54375 1 0.1125 0
0 0.667361 0 0.0208333 0
0 0.206944 0 0.0194444 0
0 0.824306 0 0.0180556 0
0 0.66875 0 0.0180556 0
0 0.3625 0 0.0194444 0
0 0.555556 1 0.130556 0
0 0.206944 0 0.0194444 0
0 0.5875 0.5 0.141667 1
0 0.825694 0 0.0180556 0
0 0.3625 0 0.0194444 0
0 0.669444 0 0.0194444 0
0 0.826389 0 0.0194444 0
0 0.670139 0 0.0208333 0
0 0.538889 1 0.108333 0
0 0.363889 0 0.0194444 0
0 0.206944 0 0.0194444 0
0 0.827778 0 0.0194444 0
0 0.363889 0 0.0194444 0
0 0.525694 1 0.0958333 0
0 0.671528 0 0.0208333 0
0 0.534722 1 0.0972222 0
0 0.365278 0 0.0194444 0
0 0.672222 0 0.0194444 0
0 0.208333 0 0.0222222 0
0 0.831944 0 0.0194444 0
0 0.559028 1 0.1375 0
0 0.673611 0 0.0194444 0
0 0.365972 0 0.0208333 0
0 0.209722 0 0.0194444 0
0 0.831944 0 0.0194444 0
0 0.366667 0 0.0194444 0
0 0.602778 1 0.144444 0
0 0.675 0 0.0166667 0
0 0.585417 0 0.0430556 0
0 0.367361 0 0.0208333 0
0 0.833333 0 0.0194444 0
0 0.675694 0 0.0180556 0
0 0.548611 1 0.0888889 0
0 0.367361 0 0.0208333 0
0 0.834028 0 0.0208333 0
0 0.676389 0 0.0194444 0
0 0.834722 0 0.0194444 0
0 0.366667 0 0.0194444 0
0 0.676389 0 0.0194444 0
0 0.208333 0 0.0194444 0
0 0.835417 0 0.0208333 0
0 0.552778 1 0.102778 0
0 0.365278 0 0.0194444 0
0 0.676389 0 0.0194444 0
0 0.20625 0 0.0208333 0
0 0.613889 1 0.152778 0
0 0.835417 0 0.0208333 0
0 0.365972 0 0.0180556 0
0 0.677083 0 0.0180556 0
0 0.468056 0 0.0361111 0
0 0.836111 0 0.0222222 0
0 0.365972 0 0.0180556 0
0 0.570833 1 0.116667 0
0 0.677083 0 0.0180556 0
0 0.836111 0 0.0194444 0
0 0.365278 0 0.0194444 0
0 0.677083 0 0.0180556 0
0 0.836806 0 0.0208333 0
0 0.365278 0 0.0194444 0
0 0.677083 0 0.0180556 0
0 0.586111 0 0.0416667 0
0 0.475694 0 0.0375 0
0 0.836111 0 0.0194444 0
0 0.365278 0 0.0194444 0
0 0.677083 0 0.0180556 0
0 0.8375 0 0.0194444 0
0 0.579861 1 0.145833 0
0 0.365278 0 0.0194444 0
0 0.677778 0 0.0194444 0
0 0.838889 0 0.0194444 0
0 0.365972 0 0.0208333 0
0 0.679167 0 0.0194444 0
0 0.20625 0 0.0208333 0
0 0.840278 0 0.0194444 0
0 0.366667 0 0.0194444 0
0 0.679861 0 0.0208333 0
0 0.840972 0 0.0208333 0
0 0.365972 0 0.0208333 0
0 0.680556 0 0.0194444 0
0 0.841667 0 0.0222222 0
0 0.68125 0 0.0208333 0
0 0.365972 0 0.0208333 0
0 0.514583 0 0.0541667 0
0 0.590972 0 0.0430556 0
0 0.842361 0 0.0208333 0
0 0.68125 0 0.0208333 0
0 0.365972 0 0.0180556 0
0 0.84375 0 0.0208333 0
0 0.365972 0 0.0180556 0
0 0.682639 0 0.0208333 0
0 0.590278 0 0.0444444 0
0 0.845833 0 0.0222222 0
0 0.366667 0 0.0194444 0
0 0.684028 0 0.0208333 0
0 0.472917 0 0.0402778 0
0 0.590972 0 0.0430556 0
0 0.847222 0 0.0194444 0
0 0.366667 0 0.0194444 0
0 0.684028 0 0.0180556 0
0 0.473611 0 0.0388889 0
0 0.848611 0 0.0194444 0
0 0.366667 0 0.0194444 0
0 0.685417 0 0.0208333 0
0 0.367361 0 0.0208333 0
0 0.204167 0 0.0194444 0
0 0.85 0 0.0194444 0
0 0.686806 0 0.0208333 0
0 0.594444 0 0.0388889 0
0 0.367361 0 0.0208333 0
0 0.85 0 0.0194444 0
0 0.686806 0 0.0208333 0
0 0.520833 0 0.0666667 0
0 0.367361 0 0.0208333 0
0 0.851389 0 0.0194444 0
0 0.686806 0 0.0180556 0
0 0.368056 0 0.0222222 0
0 0.852083 0 0.0208333 0
0 0.522917 0 0.0708333 0
0 0.688194 0 0.0180556 0
0 0.369444 0 0.0222222 0
0 0.853472 0 0.0208333 0
0 0.522222 0 0.0694444 0
0 0.689583 0 0.0208333 0
0 0.855556 0 0.0194444 0
0 0.370139 0 0.0208333 0
0 0.690972 0 0.0208333 0
0 0.527083 0 0.0625 0
0 0.858333 0 0.0194444 0
0 0.372222 0 0.0194444 0
0 0.694444 0 0.0194444 0
0 0.210417 0 0.0180556 0
0 0.8625 0 0.0194444 0
0 0.527778 0 0.0694444 0
0 0.375694 0 0.0208333 0
0 0.697222 0 0.0194444 0
0 0.864583 0 0.0208333 0
0 0.527083 0 0.0736111 0
0 0.377778 0 0.0194444 0
0 0.699306 0 0.0180556 0
0 0.381944 0 0.0222222 0
0 0.55 1 0.0722222 0
0 0.531944 0 0.0694444 0
0 0.86875 0 0.0208333 0
0 0.703472 0 0.0208333 0
0 0.872222 0 0.0194444 0
0 0.705556 0 0.0222222 0
0 0.382639 0 0.0208333 0
0 0.872917 0 0.0208333 0
0 0.706944 0 0.0194444 0
0 0.383333 0 0.0194444 0
0 0.874306 0 0.0208333 0
0 0.707639 0 0.0208333 0
0 0.383333 0 0.0194444 0
0 0.876389 0 0.0194444 0
0 0.490972 0 0.0402778 0
0 0.709722 0 0.0222222 0
0 0.384722 0 0.0194444 0
0 0.490278 0 0.0416667 0
0 0.21875 0 0.0208333 0
0 0.622222 0 0.0472222 0
0 0.879167 0 0.0222222 0
0 0.711806 0 0.0180556 0
0 0.385417 0 0.0208333 0
0 0.884028 0 0.0208333 0
0 0.411111 1 0.141667 0
0 0.220833 0 0.0222222 0
0 0.388889 0 0.0194444 0
0 0.715972 0 0.0208333 0
0 0.222917 0 0.0208333 0
0 0.886806 0 0.0208333 0
0 0.390972 0 0.0208333 0
0 0.718056 0 0.0222222 0
0 0.63125 0 0.0458333 0
0 0.886806 0 0.0208333 0
0 0.222917 0 0.0208333 0
0 0.391667 0 0.0194444 0
0 0.71875 0 0.0180556 0
0 0.886806 0 0.0208333 0
0 0.222222 0 0.0222222 0
0 0.71875 0 0.0180556 0
0 0.391667 0 0.0194444 0
0 0.886806 0 0.0208333 0
0 0.220833 0 0.0222222 0
0 0.718056 0 0.0194444 0
0 0.390278 0 0.0194444 0
0 0.886806 0 0.0208333 0
0 0.536111 0 0.0777778 0
0 0.719444 0 0.0194444 0
0 0.390278 0 0.0194444 0
0 0.220833 0 0.0222222 0
0 0.720833 0 0.0222222 0
0 0.390278 0 0.0194444 0
0 0.221528 0 0.0236111 0
0 0.891667 0 0.0222222 0
0 0.391667 0 0.0194444 0
0 0.722222 0 0.0222222 0
0 0.893056 0 0.0222222 0
0 0.392361 0 0.0208333 0
0 0.724306 0 0.0208333 0
0 0.895833 0 0.0222222 0
0 0.39375 0 0.0236111 0
0 0.725694 0 0.0208333 0
0 0.897222 0 0.0222222 0
0 0.394444 0 0.0222222 0
0 0.725694 0 0.0208333 0
0 0.897222 0 0.0222222 0
0 0.223611 0 0.0194444 0
0 0.394444 0 0.0194444 0
0 0.727083 0 0.0208333 0
0 0.9 0 0.0194444 0
0 0.394444 0 0.0194444 0
0 0.728472 0 0.0208333 0
0 0.214583 0 0.0819444 0
0 0.9 0 0.0222222 0
0 0.222917 0 0.0208333 0
0 0.394444 0 0.0194444 0
0 0.729167 0 0.0222222 0
0 0.222917 0 0.0208333 0
0 0.729167 0 0.0222222 0
0 0.394444 0 0.0194444 0
0 0.9 0 0.0222222 0
0 0.222222 0 0.0222222 0
0 0.394444 0 0.0194444 0
0 0.729167 0 0.0222222 0
0 0.222222 0 0.0222222 0
0 0.729167 0 0.0222222 0
0 0.394444 0 0.0194444 0
0 0.222222 0 0.0222222 0
0 0.394444 0 0.0194444 0
0 0.729167 0 0.0222222 0
0 0.9 0 0.0222222 0
0 0.222917 0 0.0208333 0
0 0.394444 0 0.0194444 0
0 0.729167 0 0.0222222 0
0 0.222222 0 0.0222222 0
0 0.394444 0 0.0194444 0
0 0.729167 0 0.0222222 0
0 0.9 0 0.0222222 0
0 0.222222 0 0.0222222 0
0 0.394444 0 0.0194444 0
0 0.729167 0 0.0222222 0
0 0.222222 0 0.0222222 0
0 0.394444 0 0.0194444 0
0 0.729167 0 0.0222222 0
0 0.9 0 0.0222222 0
0 0.222222 0 0.0222222 0
0 0.729167 0 0.0222222 0
0 0.394444 0 0.0194444 0
0 0.222917 0 0.0208333 0
0 0.729167 0 0.0222222 0
0 0.394444 0 0.0194444 0
0 0.9 0 0.0222222 0
0 0.222917 0 0.0208333 0
0 0.394444 0 0.0194444 0
0 0.729167 0 0.0222222 0
0 0.9 0 0.0222222 0
0 0.222222 0 0.0222222 0
0 0.394444 0 0.0194444 0
0 0.729167 0 0.0222222 0
0 0.9 0 0.0222222 0
0 0.222222 0 0.0222222 0
0 0.394444 0 0.0194444 0
0 0.729167 0 0.0222222 0
0 0.222222 0 0.0222222 0
0 0.394444 0 0.0194444 0
0 0.729167 0 0.0222222 0
0 0.222222 0 0.0222222 0
0 0.394444 0 0.0194444 0
0 0.729167 0 0.0222222 0
0 0.222222 0 0.0222222 0
0 0.394444 0 0.0194444 0
0 0.729167 0 0.0222222 0
0 0.222222 0 0.0222222 0
0 0.394444 0 0.0194444 0
0 0.729167 0 0.0222222 0
0 0.9 0 0.0222222 0
0 0.222222 0 0.0222222 0
0 0.394444 0 0.0194444 0
0 0.729167 0 0.0222222 0
0 0.9 0 0.0222222 0
0 0.222222 0 0.0222222 0
0 0.394444 0 0.0194444 0
0 0.729167 0 0.0222222 0
0 0.222917 0 0.0208333 0
0 0.729167 0 0.0222222 0
0 0.394444 0 0.0194444 0
0 0.222222 0 0.0222222 0
0 0.729167 0 0.0222222 0
0 0.394444 0 0.0194444 0
0 0.222222 0 0.0222222 0
0 0.394444 0 0.0194444 0
0 0.729167 0 0.0222222 0
0 0.222222 0 0.0222222 0
0 0.394444 0 0.0194444 0
0 0.729167 0 0.0222222 0
0 0.9 0 0.0222222 0
0 0.222222 0 0.0222222 0
0 0.394444 0 0.0194444 0
0 0.729167 0 0.0222222 0
0 0.222222 0 0.0222222 0
0 0.394444 0 0.0194444 0
0 0.729167 0 0.0222222 0
0 0.300694 0 0.00694444 0
0 0.9 0 0.0222222 0
0 0.222222 0 0.0222222 0
0 0.394444 0 0.0194444 0
0 0.729167 0 0.0222222 0
0 0.9 0 0.0222222 0
0 0.222222 0 0.0222222 0
0 0.394444 0 0.0194444 0
0 0.729167 0 0.0222222 0
0 0.222222 0 0.0222222 0
0 0.729167 0 0.0222222 0
0 0.394444 0 0.0194444 0
0 0.222222 0 0.0222222 0
0 0.394444 0 0.0194444 0
0 0.729167 0 0.0222222 0
0 0.9 0 0.0222222 0
0 0.222222 0 0.0222222 0
0 0.394444 0 0.0194444 0
0 0.729167 0 0.0222222 0
0 0.9 0 0.0222222 0
0 0.222222 0 0.0222222 0
0 0.394444 0 0.0194444 0
0 0.729167 0 0.0222222 0
0 0.9 0 0.0222222 0
0 0.222917 0 0.0208333 0
0 0.394444 0 0.0194444 0
0 0.729167 0 0.0222222 0
0 0.9 0 0.0222222 0
0 0.222222 0 0.0222222 0
0 0.394444 0 0.0194444 0
0 0.729167 0 0.0222222 0
0 0.222222 0 0.0222222 0
0 0.729167 0 0.0222222 0
0 0.394444 0 0.0194444 0
0 0.222222 0 0.0222222 0
0 0.394444 0 0.0194444 0
0 0.729167 0 0.0222222 0
0 0.9 0 0.0222222 0
0 0.222222 0 0.0222222 0
0 0.394444 0 0.0194444 0
0 0.729167 0 0.0222222 0
0 0.9 0 0.0222222 0
0 0.222222 0 0.0222222 0
0 0.394444 0 0.0194444 0
0 0.729167 0 0.0222222 0
0 0.9 0 0.0222222 0
0 0.222222 0 0.0222222 0
0 0.394444 0 0.0194444 0
0 0.729167 0 0.0222222 0
0 0.9 0 0.0222222 0
0 0.222222 0 0.0222222 0
0 0.394444 0 0.0194444 0
0 0.729167 0 0.0222222 0
0 0.9 0 0.0222222 0
0 0.222917 0 0.0208333 0
0 0.394444 0 0.0194444 0
0 0.729167 0 0.0222222 0
0 0.9 0 0.0222222 0
0 0.222222 0 0.0222222 0
0 0.394444 0 0.0194444 0
0 0.729167 0 0.0222222 0
0 0.222222 0 0.0222222 0
0 0.394444 0 0.0194444 0
0 0.729167 0 0.0222222 0
0 0.9 0 0.0222222 0
0 0.222222 0 0.0222222 0
0 0.394444 0 0.0194444 0
0 0.729167 0 0.0222222 0
0 0.222222 0 0.0222222 0
0 0.729167 0 0.0222222 0
0 0.394444 0 0.0194444 0
0 0.9 0 0.0222222 0
0 0.222222 0 0.0222222 0
0 0.394444 0 0.0194444 0
0 0.729167 0 0.0222222 0
0 0.9 0 0.0222222 0
0 0.222222 0 0.0222222 0
0 0.394444 0 0.0194444 0
0 0.729167 0 0.0222222 0
0 0.222222 0 0.0222222 0
0 0.729167 0 0.0222222 0
0 0.394444 0 0.0194444 0
0 0.222222 0 0.0222222 0
0 0.729167 0 0.0222222 0
0 0.394444 0 0.0194444 0
0 0.222222 0 0.0222222 0
0 0.394444 0 0.0194444 0
0 0.729167 0 0.0222222 0
0 0.222222 0 0.0222222 0
0 0.729167 0 0.0222222 0
0 0.394444 0 0.0194444 0
0 0.222222 0 0.0222222 0
0 0.394444 0 0.0194444 0
0 0.729167 0 0.0222222 0
0 0.9 0 0.0222222 0
0 0.222222 0 0.0222222 0
0 0.394444 0 0.0194444 0
0 0.729167 0 0.0222222 0
0 0.9 0 0.0222222 0
0 0.222222 0 0.0222222 0
0 0.394444 0 0.0194444 0
0 0.729167 0 0.0222222 0
0 0.9 0 0.0222222 0
0 0.222222 0 0.0222222 0
0 0.394444 0 0.0194444 0
0 0.729167 0 0.0222222 0
0 0.222222 0 0.0222222 0
0 0.394444 0 0.0194444 0
0 0.729167 0 0.0222222 0
0 0.9 0 0.0222222 0
0 0.222222 0 0.0222222 0
0 0.729167 0 0.0222222 0
0 0.394444 0 0.0194444 0
0 0.222222 0 0.0222222 0
0 0.394444 0 0.0194444 0
0 0.729167 0 0.0222222 0
0 0.222222 0 0.0222222 0
0 0.394444 0 0.0194444 0
0 0.729167 0 0.0222222 0
0 0.222222 0 0.0222222 0
0 0.729167 0 0.0222222 0
0 0.394444 0 0.0194444 0
0 0.222222 0 0.0222222 0
0 0.394444 0 0.0194444 0
0 0.729167 0 0.0222222 0
0 0.222222 0 0.0222222 0
0 0.394444 0 0.0194444 0
0 0.729167 0 0.0222222 0
0 0.9 0 0.0222222 0
0 0.222222 0 0.0222222 0
0 0.394444 0 0.0194444 0
0 0.729167 0 0.0222222 0
0 0.9 0 0.0222222 0
0 0.223611 0 0.0194444 0
0 0.394444 0 0.0194444 0
0 0.729167 0 0.0222222 0
0 0.222222 0 0.0222222 0
0 0.394444 0 0.0194444 0
0 0.729167 0 0.0222222 0
0 0.222222 0 0.0222222 0
0 0.394444 0 0.0194444 0
0 0.729167 0 0.0222222 0
0 0.9 0 0.0222222 0
0 0.222222 0 0.0222222 0
0 0.394444 0 0.0194444 0
0 0.729167 0 0.0222222 0
0 0.9 0 0.0222222 0
0 0.222222 0 0.0222222 0
0 0.394444 0 0.0194444 0
0 0.729167 0 0.0222222 0
0 0.222222 0 0.0222222 0
0 0.394444 0 0.0194444 0
0 0.729167 0 0.0222222 0
