0 0.440278 0.5 0.0277778 1
0 0.440278 0.5 0.0277778 1
0 0.440278 0.5 0.0277778 1
0 0.440278 0.5 0.0277778 1
0 0.565972 0 0.00972222 0
0 0.440278 0.5 0.0277778 1
0 0.565972 0 0.00972222 0
0 0.440278 0.5 0.0277778 1
0 0.440278 0.5 0.0277778 1
0 0.440278 0.5 0.0277778 1
0 0.440278 0.5 0.0277778 1
0 0.440278 0.5 0.0277778 1
0 0.565972 0 0.00972222 0
0 0.440278 0.5 0.0277778 1
0 0.440278 0.5 0.0277778 1
0 0.565972 0 0.00972222 0
0 0.440278 0.5 0.0277778 1
0 0.440278 0.5 0.0277778 1
0 0.565972 0 0.00972222 0
0 0.440278 0.5 0.0277778 1
0 0.440278 0.5 0.0277778 1
0 0.440278 0.5 0.0277778 1
0 0.440278 0.5 0.0277778 1
0 0.565972 0 0.00972222 0
0 0.440278 0.5 0.0277778 1
0 0.565972 0 0.00972222 0
0 0.440278 0.5 0.0277778 1
0 0.440278 0.5 0.0277778 1
0 0.565972 0 0.00972222 0
0 0.440278 0.5 0.0277778 1
0 0.440278 0.5 0.0277778 1
0 0.440278 0.5 0.0277778 1
0 0.565972 0 0.00972222 0
0 0.440278 0.5 0.0277778 1
0 0.440278 0.5 0.0277778 1
0 0.565972 0 0.00972222 0
0 0.440278 0.5 0.0277778 1
0 0.565972 0 0.00972222 0
0 0.440278 0.5 0.0277778 1
0 0.440278 0.5 0.0277778 1
0 0.440278 0.5 0.0277778 1
0 0.565972 0 0.00972222 0
0 0.440278 0.5 0.0277778 1
0 0.565972 0 0.00972222 0
0 0.440278 0.5 0.0277778 1
0 0.565972 0 0.00972222 0
0 0.440278 0.5 0.0277778 1
0 0.565972 0 0.00972222 0
0 0.440278 0.5 0.0277778 1
0 0.565972 0 0.00972222 0
0 0.440278 0.5 0.0277778 1
0 0.565972 0 0.00972222 0
0 0.440278 0.5 0.0277778 1
0 0.565972 0 0.00972222 0
0 0.440278 0.5 0.0277778 1
0 0.440278 0.5 0.0277778 1
0 0.565972 0 0.00972222 0
0 0.440278 0.5 0.0277778 1
0 0.565972 0 0.00972222 0
0 0.440278 0.5 0.0277778 1
0 0.565972 0 0.00972222 0
0 0.440278 0.5 0.0277778 1
0 0.566667 0 0.0111111 0
0 0.440972 0.5 0.0291667 1
0 0.441667 0.5 0.0277778 1
0 0.442361 0.5 0.0291667 1
0 0.568056 0 0.0111111 0
0 0.44375 0.5 0.0263889 1
0 0.568056 0 0.0111111 0
0 0.445833 0.5 0.0277778 1
0 0.448611 0.5 0.0277778 1
0 0.570139 0 0.00972222 0
0 0.449306 0.5 0.0291667 1
0 0.452778 0.5 0.0277778 1
0 0.572222 0 0.0111111 0
0 0.508333 0 0.0333333 0
0 0.454167 0.5 0.0277778 1
0 0.457639 0.5 0.0263889 1
0 0.459028 0.5 0.0263889 1
0 0.576389 0 0.0111111 0
0 0.459028 0.5 0.0263889 1
0 0.461806 0.5 0.0263889 1
0 0.579167 0 0.0111111 0
0 0.463889 0.5 0.0277778 1
0 0.465972 0.5 0.0291667 1
0 0.467361 0.5 0.0291667 1
0 0.388194 0 0.0125 0
0 0.584722 0 0.0111111 0
0 0.470139 0 0.0291667 0
0 0.5875 0 0.0111111 0
0 0.472222 0 0.0305556 0
0 0.472917 0 0.0319444 0
0 0.474306 0 0.0319444 0
0 0.475694 0 0.0319444 0
0 0.476389 0 0.0333333 0
0 0.594444 0 0.0138889 0
0 0.386111 0 0.0111111 0
0 0.477083 0 0.0347222 0
0 0.477083 0 0.0347222 0
0 0.478472 0 0.0347222 0
0 0.477778 0 0.0333333 0
0 0.477778 0 0.0333333 0
0 0.709028 0 0.0125 0
0 0.478472 0 0.0347222 0
0 0.599306 0 0.0125 0
0 0.479167 0 0.0361111 0
0 0.383333 0 0.0138889 0
0 0.600694 0 0.0125 0
0 0.479167 0 0.0361111 0
0 0.381944 0 0.0138889 0
0 0.601389 0 0.0138889 0
0 0.479167 0 0.0388889 0
0 0.602083 0 0.0125 0
0 0.478472 0 0.0375 0
0 0.477083 0 0.0402778 0
0 0.477778 0 0.0416667 0
0 0.719444 0 0.0138889 0
0 0.476389 0 0.0416667 0
0 0.605556 0 0.0138889 0
0 0.475 0 0.0444444 0
0 0.374306 0 0.0152778 0
0 0.607639 0 0.0152778 0
0 0.473611 0 0.0472222 0
0 0.727083 0 0.0152778 0
0 0.607639 0 0.0152778 0
0 0.472222 0 0.0472222 0
0 0.470833 0 0.0472222 0
0 0.470139 0 0.0486111 0
0 0.609722 0 0.0166667 0
0 0.733333 0 0.0138889 0
0 0.469444 0 0.0472222 0
0 0.610417 0 0.0152778 0
0 0.468056 0 0.0527778 0
0 0.611806 0 0.0152778 0
0 0.467361 0 0.0541667 0
0 0.739583 0 0.0152778 0
0 0.613194 0 0.0152778 0
0 0.464583 0 0.0569444 0
0 0.742361 0 0.0180556 0
0 0.613889 0 0.0138889 0
0 0.463194 0 0.0569444 0
0 0.232639 0 0.0152778 0
0 0.615278 0 0.0166667 0
0 0.461111 0 0.0583333 0
0 0.745833 0 0.0166667 0
0 0.615972 0 0.0152778 0
0 0.459722 0 0.0583333 0
0 0.747222 0 0.0166667 0
0 0.616667 0 0.0166667 0
0 0.459028 0 0.0625 0
0 0.748611 0 0.0138889 0
0 0.617361 0 0.0152778 0
0 0.459028 0 0.0625 0
0 0.750694 0 0.0152778 0
0 0.618056 0 0.0166667 0
0 0.358333 0 0.0166667 0
0 0.456944 0 0.0638889 0
0 0.619444 0 0.0194444 0
0 0.358333 0 0.0166667 0
0 0.751389 0 0.0166667 0
0 0.455556 0 0.0666667 0
0 0.356944 0 0.0166667 0
0 0.620139 0 0.0180556 0
0 0.454861 0 0.0680556 0
0 0.754167 0 0.0166667 0
0 0.620833 0 0.0166667 0
0 0.454167 0 0.0694444 0
0 0.755556 0 0.0166667 0
0 0.355556 0 0.0166667 0
0 0.620833 0 0.0166667 0
0 0.454167 0 0.0694444 0
0 0.757639 0 0.0152778 0
0 0.620833 0 0.0166667 0
0 0.454167 0 0.0722222 0
0 0.759028 0 0.0180556 0
0 0.621528 0 0.0180556 0
0 0.454167 0 0.0722222 0
0 0.354167 0 0.0166667 0
0 0.761806 0 0.0152778 0
0 0.623611 0 0.0166667 0
0 0.454167 0 0.075 0
0 0.624306 0 0.0180556 0
0 0.7625 0 0.0166667 0
0 0.452778 0 0.0777778 0
0 0.352778 0 0.0166667 0
0 0.625 0 0.0166667 0
0 0.763889 0 0.0166667 0
0 0.453472 0 0.0763889 0
0 0.766667 0 0.0166667 0
0 0.352083 0 0.0152778 0
0 0.626389 0 0.0166667 0
0 0.452778 0 0.0805556 0
0 0.351389 0 0.0166667 0
0 0.626389 0 0.0166667 0
0 0.451389 0.5 0.0833333 1
0 0.770833 0 0.0166667 0
0 0.351389 0 0.0166667 0
0 0.627778 0 0.0166667 0
0 0.452083 0.5 0.0847222 1
0 0.35 0 0.0166667 0
0 0.771528 0 0.0180556 0
0 0.208333 0 0.0166667 0
0 0.628472 0 0.0180556 0
0 0.452083 0.5 0.0847222 1
0 0.206944 0 0.0166667 0
0 0.772222 0 0.0194444 0
0 0.629167 0 0.0194444 0
0 0.452778 0.5 0.0888889 1
0 0.348611 0 0.0166667 0
0 0.774306 0 0.0180556 0
0 0.630556 0 0.0194444 0
0 0.452083 0.5 0.0902778 1
0 0.776389 0 0.0166667 0
0 0.631944 0 0.0194444 0
0 0.452778 0.5 0.0916667 1
0 0.777778 0 0.0166667 0
0 0.632639 0 0.0180556 0
0 0.454167 0.5 0.0972222 1
0 0.348611 0 0.0194444 0
0 0.779167 0 0.0194444 0
0 0.633333 0 0.0194444 0
0 0.454861 0.5 0.0986111 1
0 0.202778 0 0.0194444 0
0 0.78125 0 0.0180556 0
0 0.348611 0 0.0194444 0
0 0.634722 0 0.0194444 0
0 0.456944 0.5 0.1 1
0 0.202083 0 0.0180556 0
0 0.348611 0 0.0194444 0
0 0.78125 0 0.0180556 0
0 0.634722 0 0.0194444 0
0 0.457639 0.5 0.0986111 1
0 0.348611 0 0.0194444 0
0 0.782639 0 0.0180556 0
0 0.635417 0 0.0180556 0
0 0.460417 0.5 0.104167 1
0 0.200694 0 0.0180556 0
0 0.347917 0 0.0180556 0
0 0.636111 0 0.0194444 0
0 0.784028 0 0.0180556 0
0 0.460417 0.5 0.109722 1
0 0.348611 0 0.0194444 0
0 0.784722 0 0.0194444 0
0 0.636806 0 0.0180556 0
0 0.4625 0.5 0.111111 1
0 0.785417 0 0.0180556 0
0 0.349306 0 0.0180556 0
0 0.6375 0 0.0166667 0
0 0.465278 0.5 0.108333 1
0 0.786806 0 0.0180556 0
0 0.347917 0 0.0180556 0
0 0.638194 0 0.0180556 0
0 0.467361 0.5 0.106944 1
0 0.347917 0 0.0180556 0
0 0.7875 0 0.0166667 0
0 0.639583 0 0.0180556 0
0 0.469444 0.5 0.105556 1
0 0.347917 0 0.0180556 0
0 0.7875 0 0.0166667 0
0 0.639583 0 0.0180556 0
0 0.471528 0.5 0.106944 1
0 0.347917 0 0.0180556 0
0 0.484722 0.5 0.113889 1
0 0.640278 0 0.0194444 0
0 0.347917 0 0.0180556 0
0 0.790972 0 0.0180556 0
0 0.640278 0 0.0194444 0
0 0.491667 0.5 0.111111 1
0 0.347917 0 0.0180556 0
0 0.790972 0 0.0180556 0
0 0.641667 0 0.0194444 0
0 0.490278 0.5 0.111111 1
0 0.199306 0 0.0180556 0
0 0.347917 0 0.0180556 0
0 0.791667 0 0.0194444 0
0 0.488194 0.5 0.1125 1
0 0.641667 0 0.0194444 0
0 0.2 0 0.0194444 0
0 0.35 0 0.0194444 0
0 0.791667 0 0.0194444 0
0 0.641667 0 0.0194444 0
0 0.484722 0.5 0.111111 1
0 0.35 0 0.0194444 0
0 0.793056 0 0.0194444 0
0 0.643056 0 0.0194444 0
0 0.479861 0.5 0.1125 1
0 0.35 0 0.0194444 0
0 0.793056 0 0.0194444 0
0 0.642361 0 0.0208333 0
0 0.480556 0.5 0.111111 1
0 0.2 0 0.0194444 0
0 0.793056 0 0.0194444 0
0 0.350694 0 0.0180556 0
0 0.642361 0 0.0208333 0
0 0.481944 0.5 0.113889 1
0 0.79375 0 0.0208333 0
0 0.350694 0 0.0180556 0
0 0.643056 0 0.0194444 0
0 0.484722 0.5 0.113889 1
0 0.200694 0 0.0180556 0
0 0.793056 0 0.0194444 0
0 0.350694 0 0.0180556 0
0 0.642361 0 0.0208333 0
0 0.488194 0.5 0.115278 1
0 0.200694 0 0.0180556 0
0 0.79375 0 0.0180556 0
0 0.350694 0 0.0180556 0
0 0.643056 0 0.0194444 0
0 0.492361 0.5 0.109722 1
0 0.79375 0 0.0180556 0
0 0.352083 0 0.0180556 0
0 0.64375 0 0.0180556 0
0 0.493056 0.5 0.108333 1
0 0.201389 0 0.0194444 0
0 0.79375 0 0.0180556 0
0 0.352083 0 0.0180556 0
0 0.64375 0 0.0180556 0
0 0.492361 0.5 0.106944 1
0 0.79375 0 0.0180556 0
0 0.352083 0 0.0180556 0
0 0.64375 0 0.0180556 0
0 0.488194 0.5 0.1125 1
0 0.793056 0 0.0166667 0
0 0.351389 0 0.0166667 0
0 0.64375 0 0.0180556 0
0 0.481944 0.5 0.113889 1
0 0.794444 0 0.0166667 0
0 0.351389 0 0.0166667 0
0 0.644444 0 0.0166667 0
0 0.486111 0.5 0.111111 1
0 0.794444 0 0.0166667 0
0 0.351389 0 0.0166667 0
0 0.644444 0 0.0166667 0
0 0.491667 0.5 0.108333 1
0 0.351389 0 0.0166667 0
0 0.794444 0 0.0166667 0
0 0.645139 0 0.0180556 0
0 0.491667 0.5 0.108333 1
0 0.795139 0 0.0180556 0
0 0.351389 0 0.0166667 0
0 0.645139 0 0.0180556 0
0 0.491667 0.5 0.108333 1
0 0.795139 0 0.0180556 0
0 0.351389 0 0.0166667 0
0 0.645139 0 0.0180556 0
0 0.4875 0.5 0.111111 1
0 0.795139 0 0.0180556 0
0 0.35 0 0.0194444 0
0 0.645833 0 0.0194444 0
0 0.486111 0.5 0.113889 1
0 0.796528 0 0.0180556 0
0 0.35 0 0.0194444 0
0 0.645833 0 0.0194444 0
0 0.486111 0.5 0.111111 1
0 0.796528 0 0.0180556 0
0 0.350694 0 0.0180556 0
0 0.4875 0.5 0.113889 1
0 0.645833 0 0.0194444 0
0 0.35 0 0.0194444 0
0 0.796528 0 0.0180556 0
0 0.486111 0.5 0.111111 1
0 0.645833 0 0.0194444 0
0 0.795833 0 0.0194444 0
0 0.349306 0 0.0180556 0
0 0.488194 0.5 0.115278 1
0 0.645833 0 0.0194444 0
0 0.795833 0 0.0194444 0
0 0.35 0 0.0194444 0
0 0.488194 0.5 0.115278 1
0 0.645139 0 0.0180556 0
0 0.796528 0 0.0180556 0
0 0.349306 0 0.0208333 0
0 0.488194 0.5 0.115278 1
0 0.645139 0 0.0180556 0
0 0.349306 0 0.0180556 0
0 0.795139 0 0.0180556 0
0 0.645139 0 0.0180556 0
0 0.4875 0.5 0.116667 1
0 0.349306 0 0.0180556 0
0 0.796528 0 0.0180556 0
0 0.645139 0 0.0180556 0
0 0.488194 0.5 0.115278 1
0 0.349306 0 0.0180556 0
0 0.796528 0 0.0180556 0
0 0.645139 0 0.0180556 0
0 0.488194 0.5 0.115278 1
0 0.349306 0 0.0180556 0
0 0.795139 0 0.0180556 0
0 0.645139 0 0.0180556 0
0 0.486111 0.5 0.113889 1
0 0.348611 0 0.0194444 0
0 0.795139 0 0.0180556 0
0 0.485417 0.5 0.115278 1
0 0.645139 0 0.0180556 0
0 0.459028 0 0.0319444 0
0 0.348611 0 0.0194444 0
0 0.795139 0 0.0180556 0
0 0.644444 0 0.0166667 0
0 0.488194 0.5 0.115278 1
0 0.458333 0 0.0333333 0
0 0.348611 0 0.0194444 0
0 0.796528 0 0.0180556 0
0 0.644444 0 0.0166667 0
0 0.486806 0.5 0.115278 1
0 0.349306 0 0.0180556 0
0 0.459028 0 0.0319444 0
0 0.797222 0 0.0194444 0
0 0.645139 0 0.0180556 0
0 0.486806 0.5 0.115278 1
0 0.349306 0 0.0180556 0
0 0.459028 0 0.0319444 0
0 0.796528 0 0.0208333 0
0 0.645139 0 0.0180556 0
0 0.4875 0.5 0.116667 1
0 0.349306 0 0.0208333 0
0 0.458333 0 0.0305556 0
0 0.796528 0 0.0208333 0
0 0.645139 0 0.0180556 0
0 0.488194 0.5 0.115278 1
0 0.458333 0 0.0305556 0
0 0.197917 0 0.0180556 0
0 0.796528 0 0.0208333 0
0 0.645139 0 0.0208333 0
0 0.486806 0.5 0.115278 1
0 0.349306 0 0.0208333 0
0 0.197917 0 0.0180556 0
0 0.797222 0 0.0194444 0
0 0.645833 0 0.0194444 0
0 0.484028 0.5 0.115278 1
0 0.196528 0 0.0180556 0
0 0.797222 0 0.0194444 0
0 0.347917 0 0.0208333 0
0 0.645833 0 0.0194444 0
0 0.486806 0.5 0.115278 1
0 0.196528 0 0.0180556 0
0 0.797222 0 0.0194444 0
0 0.347917 0 0.0208333 0
0 0.488194 0.5 0.115278 1
0 0.645833 0 0.0194444 0
0 0.196528 0 0.0180556 0
0 0.348611 0 0.0194444 0
0 0.797222 0 0.0194444 0
0 0.485417 0.5 0.115278 1
0 0.645833 0 0.0194444 0
0 0.348611 0 0.0194444 0
0 0.797222 0 0.0194444 0
0 0.645833 0 0.0194444 0
0 0.486806 0.5 0.115278 1
0 0.347222 0 0.0194444 0
0 0.797222 0 0.0194444 0
0 0.486806 0.5 0.115278 1
0 0.645833 0 0.0194444 0
0 0.196528 0 0.0180556 0
0 0.347222 0 0.0194444 0
0 0.797222 0 0.0194444 0
0 0.4875 0.5 0.116667 1
0 0.645139 0 0.0180556 0
0 0.347222 0 0.0194444 0
0 0.796528 0 0.0180556 0
0 0.485417 0.5 0.115278 1
0 0.645833 0 0.0194444 0
0 0.347917 0 0.0180556 0
0 0.797222 0 0.0194444 0
0 0.645833 0 0.0194444 0
0 0.485417 0.5 0.115278 1
0 0.797917 0 0.0180556 0
0 0.347222 0 0.0194444 0
0 0.488194 0.5 0.115278 1
0 0.645139 0 0.0180556 0
0 0.797222 0 0.0194444 0
0 0.347222 0 0.0194444 0
0 0.484722 0.5 0.116667 1
0 0.645139 0 0.0180556 0
0 0.797222 0 0.0194444 0
0 0.347222 0 0.0194444 0
0 0.4875 0.5 0.116667 1
0 0.645139 0 0.0180556 0
0 0.797222 0 0.0194444 0
0 0.347222 0 0.0194444 0
0 0.645139 0 0.0180556 0
0 0.4875 0.5 0.116667 1
0 0.797222 0 0.0194444 0
0 0.347222 0 0.0194444 0
0 0.645833 0 0.0194444 0
0 0.485417 0.5 0.115278 1
0 0.798611 0 0.0194444 0
0 0.347917 0 0.0208333 0
0 0.486111 0.5 0.116667 1
0 0.646528 0 0.0180556 0
0 0.195139 0 0.0180556 0
0 0.799306 0 0.0180556 0
0 0.347917 0 0.0208333 0
0 0.4875 0.5 0.116667 1
0 0.646528 0 0.0208333 0
0 0.552778 0 0.0416667 0
0 0.195139 0 0.0180556 0
0 0.799306 0 0.0180556 0
0 0.347222 0 0.0194444 0
0 0.485417 0.5 0.115278 1
0 0.646528 0 0.0208333 0
0 0.195139 0 0.0180556 0
0 0.799306 0 0.0180556 0
0 0.347222 0 0.0194444 0
0 0.485417 0.5 0.115278 1
0 0.647222 0 0.0194444 0
0 0.194444 0 0.0194444 0
0 0.799306 0 0.0180556 0
0 0.347222 0 0.0194444 0
0 0.489583 0.5 0.118056 1
0 0.646528 0 0.0208333 0
0 0.799306 0 0.0180556 0
0 0.347222 0 0.0194444 0
0 0.492361 0.5 0.109722 1
0 0.646528 0 0.0208333 0
0 0.799306 0 0.0180556 0
0 0.347222 0 0.0194444 0
0 0.494444 0.5 0.111111 1
0 0.646528 0 0.0208333 0
0 0.8 0 0.0166667 0
0 0.347222 0 0.0194444 0
0 0.497222 0.5 0.111111 1
0 0.646528 0 0.0180556 0
0 0.8 0 0.0166667 0
0 0.347222 0 0.0194444 0
0 0.5 0.5 0.113889 1
0 0.646528 0 0.0208333 0
0 0.8 0 0.0166667 0
0 0.346528 0 0.0180556 0
0 0.647222 0 0.0194444 0
0 0.503472 0.5 0.115278 1
0 0.8 0 0.0166667 0
0 0.346528 0 0.0180556 0
0 0.646528 0 0.0180556 0
0 0.504861 0.5 0.118056 1
0 0.8 0 0.0166667 0
0 0.346528 0 0.0180556 0
0 0.646528 0 0.0180556 0
0 0.508333 0.5 0.119444 1
0 0.800694 0 0.0180556 0
0 0.346528 0 0.0180556 0
0 0.646528 0 0.0180556 0
0 0.5125 0.5 0.122222 1
0 0.800694 0 0.0180556 0
0 0.508333 0.5 0.122222 1
0 0.346528 0 0.0180556 0
0 0.646528 0 0.0180556 0
0 0.457639 0 0.0375 0
0 0.800694 0 0.0180556 0
0 0.508333 0.5 0.122222 1
0 0.346528 0 0.0180556 0
0 0.646528 0 0.0180556 0
0 0.800694 0 0.0180556 0
0 0.504861 0.5 0.115278 1
0 0.646528 0 0.0180556 0
0 0.346528 0 0.0180556 0
0 0.801389 0 0.0194444 0
0 0.647222 0 0.0194444 0
0 0.346528 0 0.0180556 0
0 0.502083 0.5 0.115278 1
0 0.801389 0 0.0194444 0
0 0.647222 0 0.0194444 0
0 0.346528 0 0.0180556 0
0 0.499306 0.5 0.115278 1
0 0.801389 0 0.0194444 0
0 0.346528 0 0.0180556 0
0 0.647222 0 0.0194444 0
0 0.497222 0.5 0.113889 1
0 0.346528 0 0.0180556 0
0 0.802083 0 0.0180556 0
0 0.647222 0 0.0194444 0
0 0.495139 0.5 0.1125 1
0 0.345833 0 0.0194444 0
0 0.802083 0 0.0180556 0
0 0.492361 0.5 0.1125 1
0 0.647917 0 0.0208333 0
0 0.345833 0 0.0194444 0
0 0.802083 0 0.0180556 0
0 0.492361 0.5 0.1125 1
0 0.647222 0 0.0194444 0
0 0.345833 0 0.0194444 0
0 0.802083 0 0.0180556 0
0 0.492361 0.5 0.1125 1
0 0.647222 0 0.0194444 0
0 0.801389 0 0.0194444 0
0 0.345833 0 0.0194444 0
0 0.493056 0.5 0.113889 1
0 0.647917 0 0.0208333 0
0 0.190278 0 0.0194444 0
0 0.345833 0 0.0194444 0
0 0.802083 0 0.0180556 0
0 0.493056 0.5 0.113889 1
0 0.647222 0 0.0194444 0
0 0.189583 0 0.0180556 0
0 0.802083 0 0.0180556 0
0 0.345139 0 0.0180556 0
0 0.494444 0.5 0.113889 1
0 0.647222 0 0.0194444 0
0 0.802083 0 0.0180556 0
0 0.344444 0 0.0194444 0
0 0.494444 0.5 0.113889 1
0 0.647222 0 0.0194444 0
0 0.189583 0 0.0180556 0
0 0.802083 0 0.0180556 0
0 0.344444 0 0.0194444 0
0 0.494444 0.5 0.113889 1
0 0.647222 0 0.0194444 0
0 0.189583 0 0.0180556 0
0 0.344444 0 0.0194444 0
0 0.802083 0 0.0180556 0
0 0.496528 0.5 0.118056 1
0 0.647222 0 0.0194444 0
0 0.188889 0 0.0194444 0
0 0.344444 0 0.0194444 0
0 0.802083 0 0.0208333 0
0 0.496528 0.5 0.118056 1
0 0.647222 0 0.0194444 0
0 0.188194 0 0.0180556 0
0 0.344444 0 0.0194444 0
0 0.802083 0 0.0208333 0
0 0.496528 0.5 0.118056 1
0 0.647222 0 0.0194444 0
0 0.1875 0 0.0194444 0
0 0.34375 0 0.0180556 0
0 0.802778 0 0.0194444 0
0 0.495139 0.5 0.115278 1
0 0.646528 0 0.0208333 0
0 0.188194 0 0.0180556 0
0 0.343056 0 0.0194444 0
0 0.802083 0 0.0208333 0
0 0.49375 0.5 0.115278 1
0 0.646528 0 0.0208333 0
0 0.343056 0 0.0194444 0
0 0.186806 0 0.0180556 0
0 0.802083 0 0.0208333 0
0 0.49375 0.5 0.115278 1
0 0.646528 0 0.0208333 0
0 0.343056 0 0.0194444 0
0 0.1875 0 0.0194444 0
0 0.802083 0 0.0180556 0
0 0.493056 0.5 0.113889 1
0 0.646528 0 0.0208333 0
0 0.343056 0 0.0194444 0
0 0.802083 0 0.0208333 0
0 0.486806 0.5 0.120833 1
0 0.646528 0 0.0208333 0
0 0.188194 0 0.0180556 0
0 0.343056 0 0.0194444 0
0 0.486111 0.5 0.122222 1
0 0.802778 0 0.0194444 0
0 0.646528 0 0.0208333 0
0 0.186806 0 0.0180556 0
0 0.341667 0 0.0194444 0
0 0.484028 0.5 0.123611 1
0 0.802083 0 0.0208333 0
0 0.646528 0 0.0208333 0
0 0.186806 0 0.0180556 0
0 0.342361 0 0.0208333 0
0 0.802778 0 0.0194444 0
0 0.480556 0.5 0.122222 1
0 0.646528 0 0.0208333 0
0 0.186806 0 0.0180556 0
0 0.342361 0 0.0208333 0
0 0.802778 0 0.0194444 0
0 0.480556 0.5 0.122222 1
0 0.646528 0 0.0208333 0
0 0.454861 0 0.0319444 0
0 0.341667 0 0.0194444 0
0 0.802778 0 0.0194444 0
0 0.479167 0.5 0.122222 1
0 0.646528 0 0.0208333 0
0 0.454167 0 0.0333333 0
0 0.341667 0 0.0194444 0
0 0.478472 0.5 0.123611 1
0 0.802778 0 0.0194444 0
0 0.646528 0 0.0208333 0
0 0.454167 0 0.0361111 0
0 0.547917 0 0.0375 0
0 0.341667 0 0.0194444 0
0 0.477778 0.5 0.125 1
0 0.802778 0 0.0194444 0
0 0.646528 0 0.0208333 0
0 0.547222 0 0.0361111 0
0 0.454167 0 0.0361111 0
0 0.185417 0 0.0180556 0
0 0.341667 0 0.0194444 0
0 0.479167 0.5 0.127778 1
0 0.802778 0 0.0194444 0
0 0.646528 0 0.0208333 0
0 0.454167 0 0.0361111 0
0 0.184722 0 0.0194444 0
0 0.340972 0 0.0180556 0
0 0.802778 0 0.0194444 0
0 0.478472 0.5 0.126389 1
0 0.646528 0 0.0208333 0
0 0.453472 0 0.0375 0
0 0.184722 0 0.0194444 0
0 0.340278 0 0.0194444 0
0 0.802778 0 0.0194444 0
0 0.478472 0.5 0.126389 1
0 0.646528 0 0.0208333 0
0 0.453472 0 0.0347222 0
0 0.185417 0 0.0180556 0
0 0.340972 0 0.0180556 0
0 0.802778 0 0.0194444 0
0 0.481944 0.5 0.127778 1
0 0.646528 0 0.0208333 0
0 0.547917 0 0.0375 0
0 0.453472 0 0.0347222 0
0 0.184028 0 0.0180556 0
0 0.340278 0 0.0194444 0
0 0.481944 0.5 0.127778 1
0 0.802778 0 0.0194444 0
0 0.645833 0 0.0194444 0
0 0.184028 0 0.0180556 0
0 0.547917 0 0.0375 0
0 0.453472 0 0.0347222 0
0 0.340278 0 0.0194444 0
0 0.482639 0.5 0.129167 1
0 0.802778 0 0.0194444 0
0 0.645833 0 0.0194444 0
0 0.453472 0 0.0347222 0
0 0.547222 0 0.0388889 0
0 0.184028 0 0.0208333 0
0 0.340278 0 0.0194444 0
0 0.802778 0 0.0194444 0
0 0.481944 0.5 0.127778 1
0 0.646528 0 0.0208333 0
0 0.452778 0 0.0361111 0
0 0.547222 0 0.0388889 0
0 0.184028 0 0.0180556 0
0 0.339583 0 0.0180556 0
0 0.482639 0.5 0.129167 1
0 0.803472 0 0.0208333 0
0 0.646528 0 0.0208333 0
0 0.184028 0 0.0180556 0
0 0.452778 0 0.0361111 0
0 0.547222 0 0.0388889 0
0 0.339583 0 0.0180556 0
0 0.481944 0.5 0.127778 1
0 0.803472 0 0.0208333 0
0 0.646528 0 0.0208333 0
0 0.183333 0 0.0194444 0
0 0.547222 0 0.0388889 0
0 0.339583 0 0.0180556 0
0 0.477778 0.5 0.127778 1
0 0.803472 0 0.0208333 0
0 0.646528 0 0.0208333 0
0 0.547917 0 0.0375 0
0 0.181944 0 0.0194444 0
0 0.803472 0 0.0208333 0
0 0.339583 0 0.0180556 0
0 0.477083 0.5 0.126389 1
0 0.646528 0 0.0208333 0
0 0.452083 0 0.0347222 0
0 0.547222 0 0.0361111 0
0 0.181944 0 0.0194444 0
0 0.803472 0 0.0208333 0
0 0.475 0.5 0.125 1
0 0.339583 0 0.0180556 0
0 0.646528 0 0.0208333 0
0 0.547222 0 0.0361111 0
0 0.454167 0 0.0333333 0
0 0.181944 0 0.0194444 0
0 0.803472 0 0.0208333 0
0 0.474306 0.5 0.123611 1
0 0.338889 0 0.0194444 0
0 0.646528 0 0.0208333 0
0 0.547222 0 0.0361111 0
0 0.182639 0 0.0208333 0
0 0.803472 0 0.0208333 0
0 0.472222 0.5 0.122222 1
0 0.338889 0 0.0194444 0
0 0.646528 0 0.0208333 0
0 0.181944 0 0.0194444 0
0 0.803472 0 0.0208333 0
0 0.472222 0.5 0.122222 1
0 0.338889 0 0.0194444 0
0 0.646528 0 0.0208333 0
0 0.803472 0 0.0208333 0
0 0.470139 0.5 0.120833 1
0 0.338194 0 0.0180556 0
0 0.646528 0 0.0208333 0
0 0.803472 0 0.0180556 0
0 0.467361 0.5 0.131944 1
0 0.338194 0 0.0180556 0
0 0.646528 0 0.0208333 0
0 0.181944 0 0.0194444 0
0 0.803472 0 0.0208333 0
0 0.467361 0.5 0.131944 1
0 0.338194 0 0.0180556 0
0 0.646528 0 0.0208333 0
0 0.338194 0 0.0180556 0
0 0.804167 0 0.0194444 0
0 0.466667 0.5 0.130556 1
0 0.646528 0 0.0208333 0
0 0.180556 0 0.0194444 0
0 0.467361 0.5 0.131944 1
0 0.338194 0 0.0180556 0
0 0.803472 0 0.0208333 0
0 0.646528 0 0.0208333 0
0 0.180556 0 0.0194444 0
0 0.338194 0 0.0180556 0
0 0.803472 0 0.0208333 0
0 0.467361 0.5 0.131944 1
0 0.646528 0 0.0208333 0
0 0.547222 0 0.0361111 0
0 0.3375 0 0.0194444 0
0 0.467361 0.5 0.134722 1
0 0.804167 0 0.0194444 0
0 0.646528 0 0.0208333 0
0 0.179167 0 0.0194444 0
0 0.3375 0 0.0194444 0
0 0.467361 0.5 0.134722 1
0 0.804861 0 0.0208333 0
0 0.646528 0 0.0208333 0
0 0.546528 0 0.0375 0
0 0.178472 0 0.0208333 0
0 0.3375 0 0.0194444 0
0 0.46875 0.5 0.1375 1
0 0.804167 0 0.0194444 0
0 0.646528 0 0.0208333 0
0 0.546528 0 0.0375 0
0 0.178472 0 0.0208333 0
0 0.3375 0 0.0194444 0
0 0.467361 0.5 0.1375 1
0 0.804167 0 0.0194444 0
0 0.645833 0 0.0194444 0
0 0.546528 0 0.0375 0
0 0.178472 0 0.0208333 0
0 0.3375 0 0.0194444 0
0 0.465972 0.5 0.1375 1
0 0.803472 0 0.0208333 0
0 0.645833 0 0.0194444 0
0 0.546528 0 0.0375 0
0 0.178472 0 0.0208333 0
0 0.336806 0 0.0180556 0
0 0.465972 0.5 0.140278 1
0 0.804167 0 0.0194444 0
0 0.645833 0 0.0194444 0
0 0.177778 0 0.0194444 0
0 0.336806 0 0.0180556 0
0 0.465278 0.5 0.138889 1
0 0.645833 0 0.0194444 0
0 0.804167 0 0.0194444 0
0 0.177778 0 0.0194444 0
0 0.464583 0.5 0.1375 1
0 0.336806 0 0.0180556 0
0 0.804167 0 0.0194444 0
0 0.645833 0 0.0194444 0
0 0.177778 0 0.0194444 0
0 0.463194 0.5 0.1375 1
0 0.336111 0 0.0194444 0
0 0.804167 0 0.0194444 0
0 0.645833 0 0.0194444 0
0 0.177778 0 0.0194444 0
0 0.463194 0.5 0.1375 1
0 0.804167 0 0.0194444 0
0 0.335417 0 0.0208333 0
0 0.645833 0 0.0194444 0
0 0.176389 0 0.0194444 0
0 0.460417 0.5 0.1375 1
0 0.804167 0 0.0194444 0
0 0.336111 0 0.0194444 0
0 0.645833 0 0.0194444 0
0 0.177083 0 0.0180556 0
0 0.804167 0 0.0194444 0
0 0.460417 0.5 0.1375 1
0 0.335417 0 0.0208333 0
0 0.645833 0 0.0194444 0
0 0.177083 0 0.0180556 0
0 0.804861 0 0.0208333 0
0 0.460417 0.5 0.1375 1
0 0.336111 0 0.0194444 0
0 0.645833 0 0.0194444 0
0 0.177083 0 0.0208333 0
0 0.804861 0 0.0208333 0
0 0.459722 0.5 0.136111 1
0 0.336111 0 0.0194444 0
0 0.645833 0 0.0194444 0
0 0.177083 0 0.0180556 0
0 0.804861 0 0.0208333 0
0 0.459028 0.5 0.1375 1
0 0.335417 0 0.0208333 0
0 0.645833 0 0.0194444 0
0 0.176389 0 0.0194444 0
0 0.804861 0 0.0208333 0
0 0.458333 0.5 0.138889 1
0 0.335417 0 0.0208333 0
0 0.645833 0 0.0194444 0
0 0.175694 0 0.0180556 0
0 0.804861 0 0.0208333 0
0 0.457639 0.5 0.140278 1
0 0.335417 0 0.0208333 0
0 0.645833 0 0.0194444 0
0 0.175694 0 0.0180556 0
0 0.804861 0 0.0208333 0
0 0.457639 0.5 0.140278 1
0 0.334722 0 0.0194444 0
0 0.645833 0 0.0194444 0
0 0.175 0 0.0194444 0
0 0.804861 0 0.0208333 0
0 0.457639 0.5 0.143056 1
0 0.334722 0 0.0194444 0
0 0.645833 0 0.0194444 0
0 0.175 0 0.0194444 0
0 0.804861 0 0.0208333 0
0 0.458333 0.5 0.141667 1
0 0.334028 0 0.0180556 0
0 0.645833 0 0.0194444 0
0 0.175 0 0.0194444 0
0 0.804861 0 0.0208333 0
0 0.457639 0.5 0.143056 1
0 0.334028 0 0.0180556 0
0 0.645833 0 0.0194444 0
0 0.175 0 0.0194444 0
0 0.458333 0.5 0.144444 1
0 0.804861 0 0.0208333 0
0 0.334028 0 0.0180556 0
0 0.645833 0 0.0194444 0
0 0.174306 0 0.0180556 0
0 0.458333 0.5 0.144444 1
0 0.804861 0 0.0208333 0
0 0.334028 0 0.0180556 0
0 0.645833 0 0.0194444 0
0 0.173611 0 0.0194444 0
0 0.804861 0 0.0208333 0
0 0.45625 0.5 0.143056 1
0 0.334028 0 0.0180556 0
0 0.645833 0 0.0194444 0
0 0.451389 1 0.141667 0
0 0.804861 0 0.0208333 0
0 0.645833 0 0.0194444 0
0 0.334028 0 0.0180556 0
0 0.448611 1 0.138889 0
0 0.805556 0 0.0222222 0
0 0.645833 0 0.0194444 0
0 0.333333 0 0.0166667 0
0 0.80625 0 0.0208333 0
0 0.447917 1 0.1375 0
0 0.332639 0 0.0180556 0
0 0.645833 0 0.0194444 0
0 0.446528 1 0.1375 0
0 0.80625 0 0.0208333 0
0 0.645833 0 0.0194444 0
0 0.332639 0 0.0180556 0
0 0.501389 0 0.0416667 0
0 0.445833 1 0.138889 0
0 0.80625 0 0.0208333 0
0 0.645833 0 0.0194444 0
0 0.332639 0 0.0180556 0
0 0.502083 0 0.0402778 0
0 0.447222 1 0.138889 0
0 0.80625 0 0.0208333 0
0 0.332639 0 0.0180556 0
0 0.645833 0 0.0194444 0
0 0.502083 0 0.0402778 0
0 0.545833 0 0.0444444 0
0 0.440972 1 0.151389 0
0 0.80625 0 0.0208333 0
0 0.332639 0 0.0180556 0
0 0.645833 0 0.0194444 0
0 0.502083 0 0.0402778 0
0 0.171528 0 0.0180556 0
0 0.440972 1 0.151389 0
0 0.80625 0 0.0208333 0
0 0.332639 0 0.0180556 0
0 0.645833 0 0.0194444 0
0 0.545833 0 0.0444444 0
0 0.171528 0 0.0180556 0
0 0.440972 1 0.154167 0
0 0.80625 0 0.0208333 0
0 0.332639 0 0.0180556 0
0 0.645833 0 0.0194444 0
0 0.171528 0 0.0180556 0
0 0.439583 1 0.151389 0
0 0.80625 0 0.0208333 0
0 0.332639 0 0.0180556 0
0 0.645833 0 0.0194444 0
0 0.171528 0 0.0180556 0
0 0.438889 1 0.15 0
0 0.80625 0 0.0208333 0
0 0.332639 0 0.0180556 0
0 0.645833 0 0.0194444 0
0 0.502083 0 0.0375 0
0 0.171528 0 0.0180556 0
0 0.440278 1 0.152778 0
0 0.80625 0 0.0208333 0
0 0.331944 0 0.0166667 0
0 0.645833 0 0.0194444 0
0 0.170833 0 0.0194444 0
0 0.502778 0 0.0416667 0
0 0.438889 1 0.15 0
0 0.80625 0 0.0208333 0
0 0.33125 0 0.0180556 0
0 0.645833 0 0.0194444 0
0 0.170833 0 0.0194444 0
0 0.502083 0 0.0402778 0
0 0.438889 1 0.15 0
0 0.33125 0 0.0180556 0
0 0.80625 0 0.0208333 0
0 0.645833 0 0.0194444 0
0 0.170833 0 0.0194444 0
0 0.502083 0 0.0402778 0
0 0.438889 1 0.152778 0
0 0.80625 0 0.0208333 0
0 0.33125 0 0.0180556 0
0 0.645833 0 0.0194444 0
0 0.501389 0 0.0388889 0
0 0.170833 0 0.0194444 0
0 0.4375 1 0.15 0
0 0.806944 0 0.0222222 0
0 0.33125 0 0.0180556 0
0 0.645833 0 0.0194444 0
0 0.501389 0 0.0388889 0
0 0.170833 0 0.0194444 0
0 0.4375 1 0.15 0
0 0.80625 0 0.0208333 0
0 0.33125 0 0.0180556 0
0 0.645833 0 0.0194444 0
0 0.170139 0 0.0208333 0
0 0.502083 0 0.0402778 0
0 0.4375 1 0.152778 0
0 0.330556 0 0.0194444 0
0 0.806944 0 0.0222222 0
0 0.645833 0 0.0194444 0
0 0.169444 0 0.0194444 0
0 0.330556 0 0.0194444 0
0 0.501389 0 0.0416667 0
0 0.436111 1 0.15 0
0 0.80625 0 0.0208333 0
0 0.645833 0 0.0194444 0
0 0.169444 0 0.0194444 0
0 0.436806 1 0.148611 0
0 0.330556 0 0.0194444 0
0 0.501389 0 0.0444444 0
0 0.806944 0 0.0222222 0
0 0.645833 0 0.0194444 0
0 0.329861 0 0.0208333 0
0 0.436111 1 0.15 0
0 0.501389 0 0.0444444 0
0 0.806944 0 0.0194444 0
0 0.645833 0 0.0194444 0
0 0.169444 0 0.0194444 0
0 0.329861 0 0.0208333 0
0 0.434722 1 0.15 0
0 0.501389 0 0.0444444 0
0 0.807639 0 0.0208333 0
0 0.645833 0 0.0194444 0
0 0.169444 0 0.0194444 0
0 0.434028 1 0.148611 0
0 0.501389 0 0.0444444 0
0 0.329861 0 0.0208333 0
0 0.807639 0 0.0208333 0
0 0.645833 0 0.0194444 0
0 0.168056 0 0.0194444 0
0 0.501389 0 0.0416667 0
0 0.432639 1 0.145833 0
0 0.329861 0 0.0208333 0
0 0.806944 0 0.0194444 0
0 0.645139 0 0.0180556 0
0 0.168056 0 0.0194444 0
0 0.501389 0 0.0416667 0
0 0.433333 1 0.144444 0
0 0.329167 0 0.0194444 0
0 0.806944 0 0.0194444 0
0 0.645833 0 0.0194444 0
0 0.168056 0 0.0194444 0
0 0.5 0 0.0416667 0
0 0.429861 1 0.143056 0
0 0.329861 0 0.0208333 0
0 0.645139 0 0.0208333 0
0 0.806944 0 0.0194444 0
0 0.168056 0 0.0194444 0
0 0.5 0 0.0444444 0
0 0.429861 1 0.145833 0
0 0.329167 0 0.0194444 0
0 0.806944 0 0.0194444 0
0 0.645139 0 0.0208333 0
0 0.499306 0 0.0458333 0
0 0.429167 1 0.141667 0
0 0.329861 0 0.0208333 0
0 0.807639 0 0.0208333 0
0 0.645139 0 0.0208333 0
0 0.5 0 0.0444444 0
0 0.430556 1 0.141667 0
0 0.329861 0 0.0208333 0
0 0.806944 0 0.0194444 0
0 0.645139 0 0.0208333 0
0 0.5 0 0.0444444 0
0 0.427778 1 0.136111 0
0 0.329861 0 0.0208333 0
0 0.806944 0 0.0194444 0
0 0.645139 0 0.0208333 0
0 0.500694 0 0.0430556 0
0 0.427083 1 0.1375 0
0 0.329167 0 0.0194444 0
0 0.806944 0 0.0194444 0
0 0.644444 0 0.0194444 0
0 0.166667 0 0.0194444 0
0 0.5 0 0.0416667 0
0 0.427778 1 0.141667 0
0 0.329167 0 0.0194444 0
0 0.645139 0 0.0208333 0
0 0.807639 0 0.0208333 0
0 0.498611 0 0.0444444 0
0 0.427778 1 0.144444 0
0 0.329167 0 0.0194444 0
0 0.807639 0 0.0208333 0
0 0.645139 0 0.0208333 0
0 0.166667 0 0.0194444 0
0 0.499306 0 0.0430556 0
0 0.427778 1 0.141667 0
0 0.328472 0 0.0208333 0
0 0.807639 0 0.0208333 0
0 0.645139 0 0.0208333 0
0 0.165972 0 0.0208333 0
0 0.498611 0 0.0444444 0
0 0.427778 1 0.141667 0
0 0.328472 0 0.0208333 0
0 0.807639 0 0.0208333 0
0 0.645139 0 0.0208333 0
0 0.542361 0 0.0375 0
0 0.165972 0 0.0208333 0
0 0.498611 0 0.0472222 0
0 0.427083 1 0.140278 0
0 0.328472 0 0.0208333 0
0 0.807639 0 0.0208333 0
0 0.645139 0 0.0208333 0
0 0.542361 0 0.0375 0
0 0.497917 0 0.0458333 0
0 0.165972 0 0.0208333 0
0 0.427083 1 0.1375 0
0 0.328472 0 0.0208333 0
0 0.807639 0 0.0208333 0
0 0.645139 0 0.0208333 0
0 0.165278 0 0.0194444 0
0 0.498611 0 0.0472222 0
0 0.426389 1 0.138889 0
0 0.807639 0 0.0208333 0
0 0.327778 0 0.0194444 0
0 0.645139 0 0.0208333 0
0 0.543056 0 0.0388889 0
0 0.165278 0 0.0194444 0
0 0.498611 0 0.0472222 0
0 0.426389 1 0.138889 0
0 0.327778 0 0.0194444 0
0 0.807639 0 0.0208333 0
0 0.645139 0 0.0208333 0
0 0.543056 0 0.0388889 0
0 0.165278 0 0.0194444 0
0 0.498611 0 0.0472222 0
0 0.424306 1 0.134722 0
0 0.327778 0 0.0194444 0
0 0.807639 0 0.0208333 0
0 0.645139 0 0.0208333 0
0 0.543056 0 0.0388889 0
0 0.498611 0 0.0472222 0
0 0.165278 0 0.0194444 0
0 0.423611 1 0.138889 0
0 0.327778 0 0.0194444 0
0 0.807639 0 0.0208333 0
0 0.645139 0 0.0208333 0
0 0.543056 0 0.0388889 0
0 0.164583 0 0.0180556 0
0 0.425 1 0.138889 0
0 0.497917 0 0.0486111 0
0 0.327778 0 0.0194444 0
0 0.807639 0 0.0208333 0
0 0.645139 0 0.0208333 0
0 0.498611 0 0.0444444 0
0 0.54375 0 0.0430556 0
0 0.163889 0 0.0194444 0
0 0.424306 1 0.1375 0
0 0.327778 0 0.0194444 0
0 0.807639 0 0.0208333 0
0 0.645139 0 0.0208333 0
0 0.497222 0 0.0472222 0
0 0.164583 0 0.0180556 0
0 0.54375 0 0.0430556 0
0 0.422222 1 0.136111 0
0 0.327778 0 0.0194444 0
0 0.807639 0 0.0208333 0
0 0.645139 0 0.0208333 0
0 0.164583 0 0.0180556 0
0 0.542361 0 0.0375 0
0 0.420833 1 0.130556 0
0 0.327083 0 0.0208333 0
0 0.808333 0 0.0194444 0
0 0.645139 0 0.0208333 0
0 0.163889 0 0.0194444 0
0 0.543056 0 0.0444444 0
0 0.420139 1 0.131944 0
0 0.327083 0 0.0208333 0
0 0.807639 0 0.0208333 0
0 0.645139 0 0.0208333 0
0 0.163889 0 0.0194444 0
0 0.497222 0 0.0472222 0
0 0.543056 0 0.0388889 0
0 0.421528 1 0.134722 0
0 0.326389 0 0.0194444 0
0 0.808333 0 0.0194444 0
0 0.645139 0 0.0208333 0
0 0.542361 0 0.0375 0
0 0.494444 0 0.0611111 0
0 0.163194 0 0.0180556 0
0 0.416667 1 0.15 0
0 0.326389 0 0.0194444 0
0 0.808333 0 0.0194444 0
0 0.645139 0 0.0208333 0
0 0.542361 0 0.0375 0
0 0.163194 0 0.0180556 0
0 0.415278 1 0.144444 0
0 0.326389 0 0.0194444 0
0 0.808333 0 0.0194444 0
0 0.645139 0 0.0208333 0
0 0.495833 0 0.0472222 0
0 0.163194 0 0.0180556 0
0 0.414583 1 0.145833 0
0 0.326389 0 0.0194444 0
0 0.808333 0 0.0194444 0
0 0.645139 0 0.0208333 0
0 0.496528 0 0.0458333 0
0 0.163194 0 0.0180556 0
0 0.414583 1 0.145833 0
0 0.326389 0 0.0194444 0
0 0.808333 0 0.0194444 0
0 0.645139 0 0.0208333 0
0 0.497222 0 0.0472222 0
0 0.542361 0 0.0375 0
0 0.1625 0 0.0194444 0
0 0.413194 1 0.148611 0
0 0.326389 0 0.0194444 0
0 0.808333 0 0.0194444 0
0 0.645139 0 0.0208333 0
0 0.497917 0 0.0458333 0
0 0.161806 0 0.0180556 0
0 0.413889 1 0.147222 0
0 0.325 0 0.0194444 0
0 0.808333 0 0.0194444 0
0 0.645139 0 0.0208333 0
0 0.542361 0 0.0375 0
0 0.497222 0 0.05 0
0 0.4125 1 0.147222 0
0 0.161806 0 0.0180556 0
0 0.325694 0 0.0180556 0
0 0.808333 0 0.0194444 0
0 0.645833 0 0.0194444 0
0 0.497222 0 0.0472222 0
0 0.4125 1 0.15 0
0 0.161806 0 0.0180556 0
0 0.325 0 0.0194444 0
0 0.808333 0 0.0194444 0
0 0.645833 0 0.0194444 0
0 0.497222 0 0.0472222 0
0 0.4125 1 0.15 0
0 0.161806 0 0.0180556 0
0 0.325 0 0.0194444 0
0 0.808333 0 0.0194444 0
0 0.645139 0 0.0208333 0
0 0.497917 0 0.0486111 0
0 0.4125 1 0.15 0
0 0.325 0 0.0194444 0
0 0.161806 0 0.0180556 0
0 0.808333 0 0.0194444 0
0 0.645139 0 0.0208333 0
0 0.497917 0 0.0486111 0
0 0.4125 1 0.15 0
0 0.161806 0 0.0180556 0
0 0.325 0 0.0194444 0
0 0.808333 0 0.0194444 0
0 0.645139 0 0.0208333 0
0 0.542361 0 0.0375 0
0 0.497917 0 0.0486111 0
0 0.4125 1 0.15 0
0 0.161806 0 0.0180556 0
0 0.325 0 0.0194444 0
0 0.808333 0 0.0194444 0
0 0.645833 0 0.0194444 0
0 0.497917 0 0.0513889 0
0 0.4125 1 0.15 0
0 0.161806 0 0.0180556 0
0 0.325 0 0.0194444 0
0 0.808333 0 0.0194444 0
0 0.645139 0 0.0208333 0
0 0.497917 0 0.0513889 0
0 0.4125 1 0.15 0
0 0.161806 0 0.0180556 0
0 0.325 0 0.0194444 0
0 0.808333 0 0.0194444 0
0 0.645139 0 0.0208333 0
0 0.497917 0 0.0513889 0
0 0.413194 1 0.151389 0
0 0.161806 0 0.0180556 0
0 0.325 0 0.0194444 0
0 0.808333 0 0.0194444 0
0 0.645139 0 0.0208333 0
0 0.543056 0 0.0444444 0
0 0.497917 0 0.0513889 0
0 0.413889 1 0.15 0
0 0.161806 0 0.0180556 0
0 0.325 0 0.0194444 0
0 0.808333 0 0.0194444 0
0 0.645139 0 0.0208333 0
0 0.497222 0 0.05 0
0 0.413889 1 0.15 0
0 0.325 0 0.0194444 0
0 0.161806 0 0.0180556 0
0 0.808333 0 0.0194444 0
0 0.645139 0 0.0208333 0
0 0.497222 0 0.05 0
0 0.413889 1 0.15 0
0 0.325 0 0.0194444 0
0 0.161806 0 0.0180556 0
0 0.808333 0 0.0194444 0
0 0.645139 0 0.0208333 0
0 0.497222 0 0.05 0
0 0.413889 1 0.15 0
0 0.161806 0 0.0180556 0
0 0.325 0 0.0194444 0
0 0.808333 0 0.0194444 0
0 0.645139 0 0.0208333 0
0 0.497222 0 0.05 0
0 0.413889 1 0.15 0
0 0.161806 0 0.0180556 0
0 0.325 0 0.0194444 0
0 0.808333 0 0.0194444 0
0 0.645139 0 0.0208333 0
0 0.496528 0 0.0486111 0
0 0.413194 1 0.148611 0
0 0.161806 0 0.0180556 0
0 0.325 0 0.0194444 0
0 0.808333 0 0.0194444 0
0 0.645139 0 0.0208333 0
0 0.497222 0 0.0472222 0
0 0.413194 1 0.148611 0
0 0.325 0 0.0194444 0
0 0.161806 0 0.0180556 0
0 0.808333 0 0.0194444 0
0 0.645139 0 0.0208333 0
0 0.542361 0 0.0375 0
0 0.496528 0 0.0486111 0
0 0.413194 1 0.148611 0
0 0.161806 0 0.0180556 0
0 0.325 0 0.0194444 0
0 0.808333 0 0.0194444 0
0 0.645833 0 0.0194444 0
0 0.542361 0 0.0375 0
0 0.496528 0 0.0486111 0
0 0.413194 1 0.148611 0
0 0.325 0 0.0194444 0
0 0.161806 0 0.0180556 0
0 0.808333 0 0.0194444 0
0 0.645833 0 0.0194444 0
0 0.542361 0 0.0375 0
0 0.496528 0 0.0486111 0
0 0.413194 1 0.148611 0
0 0.161806 0 0.0180556 0
0 0.325 0 0.0194444 0
0 0.808333 0 0.0194444 0
0 0.645139 0 0.0208333 0
0 0.542361 0 0.0375 0
0 0.496528 0 0.0486111 0
0 0.413889 1 0.15 0
0 0.325 0 0.0194444 0
0 0.161806 0 0.0180556 0
0 0.808333 0 0.0194444 0
0 0.645833 0 0.0194444 0
0 0.496528 0 0.0486111 0
0 0.413889 1 0.15 0
0 0.161806 0 0.0180556 0
0 0.325 0 0.0194444 0
0 0.808333 0 0.0194444 0
0 0.645139 0 0.0208333 0
0 0.542361 0 0.0375 0
0 0.497222 0 0.0472222 0
0 0.413889 1 0.15 0
0 0.161806 0 0.0180556 0
0 0.325 0 0.0194444 0
0 0.808333 0 0.0194444 0
0 0.645139 0 0.0208333 0
0 0.542361 0 0.0375 0
0 0.497222 0 0.0472222 0
0 0.413194 1 0.148611 0
0 0.161806 0 0.0180556 0
0 0.325 0 0.0194444 0
0 0.808333 0 0.0194444 0
0 0.645833 0 0.0194444 0
0 0.496528 0 0.0458333 0
0 0.413194 1 0.148611 0
0 0.325 0 0.0194444 0
0 0.161806 0 0.0180556 0
0 0.808333 0 0.0194444 0
0 0.645833 0 0.0194444 0
0 0.542361 0 0.0375 0
0 0.497222 0 0.0472222 0
0 0.4125 1 0.15 0
0 0.161806 0 0.0180556 0
0 0.325 0 0.0194444 0
0 0.808333 0 0.0194444 0
0 0.645139 0 0.0208333 0
0 0.497222 0 0.0472222 0
0 0.4125 1 0.15 0
0 0.161806 0 0.0180556 0
0 0.325 0 0.0194444 0
0 0.808333 0 0.0194444 0
0 0.645833 0 0.0194444 0
0 0.257639 0 0.00972222 0
0 0.497222 0 0.0472222 0
0 0.4125 1 0.15 0
0 0.161806 0 0.0180556 0
0 0.325 0 0.0194444 0
0 0.808333 0 0.0194444 0
0 0.645139 0 0.0208333 0
0 0.542361 0 0.0375 0
0 0.497222 0 0.0472222 0
0 0.4125 1 0.15 0
0 0.325 0 0.0194444 0
0 0.161806 0 0.0180556 0
0 0.808333 0 0.0194444 0
0 0.645833 0 0.0194444 0
0 0.497222 0 0.0472222 0
0 0.4125 1 0.15 0
0 0.161806 0 0.0180556 0
0 0.325 0 0.0194444 0
0 0.808333 0 0.0194444 0
0 0.645833 0 0.0194444 0
0 0.497222 0 0.0444444 0
0 0.4125 1 0.15 0
0 0.325 0 0.0194444 0
0 0.161806 0 0.0180556 0
0 0.808333 0 0.0194444 0
0 0.645833 0 0.0194444 0
0 0.497222 0 0.0444444 0
0 0.4125 1 0.15 0
0 0.325 0 0.0194444 0
0 0.161806 0 0.0180556 0
0 0.808333 0 0.0194444 0
0 0.645833 0 0.0194444 0
0 0.542361 0 0.0375 0
0 0.497222 0 0.0472222 0
0 0.4125 1 0.15 0
0 0.161806 0 0.0180556 0
0 0.325 0 0.0194444 0
0 0.808333 0 0.0194444 0
0 0.645833 0 0.0194444 0
0 0.497917 0 0.0458333 0
0 0.4125 1 0.15 0
0 0.161806 0 0.0180556 0
0 0.325 0 0.0194444 0
0 0.808333 0 0.0194444 0
0 0.645139 0 0.0208333 0
0 0.497222 0 0.0444444 0
0 0.4125 1 0.15 0
0 0.161806 0 0.0180556 0
0 0.325 0 0.0194444 0
0 0.808333 0 0.0194444 0
0 0.645139 0 0.0208333 0
0 0.497917 0 0.0458333 0
0 0.4125 1 0.15 0
0 0.161806 0 0.0180556 0
0 0.325 0 0.0194444 0
0 0.808333 0 0.0194444 0
0 0.645139 0 0.0208333 0
0 0.497917 0 0.0458333 0
0 0.4125 1 0.15 0
0 0.161806 0 0.0180556 0
0 0.325 0 0.0194444 0
0 0.808333 0 0.0194444 0
0 0.645139 0 0.0208333 0
0 0.497222 0 0.0472222 0
0 0.4125 1 0.15 0
0 0.161806 0 0.0180556 0
0 0.325 0 0.0194444 0
0 0.808333 0 0.0194444 0
0 0.645139 0 0.0208333 0
0 0.496528 0 0.0458333 0
0 0.4125 1 0.15 0
0 0.324306 0 0.0208333 0
0 0.161806 0 0.0180556 0
0 0.808333 0 0.0194444 0
0 0.645833 0 0.0194444 0
0 0.496528 0 0.0458333 0
0 0.4125 1 0.15 0
0 0.161806 0 0.0180556 0
0 0.325 0 0.0194444 0
0 0.808333 0 0.0194444 0
0 0.645833 0 0.0194444 0
0 0.497222 0 0.0472222 0
0 0.4125 1 0.15 0
0 0.161806 0 0.0180556 0
0 0.325 0 0.0194444 0
0 0.808333 0 0.0194444 0
0 0.645139 0 0.0208333 0
0 0.497222 0 0.0472222 0
0 0.4125 1 0.15 0
0 0.161806 0 0.0180556 0
0 0.325 0 0.0194444 0
0 0.808333 0 0.0194444 0
0 0.645139 0 0.0208333 0
0 0.542361 0 0.0375 0
0 0.497222 0 0.0472222 0
0 0.4125 1 0.15 0
0 0.161806 0 0.0180556 0
0 0.325 0 0.0194444 0
0 0.808333 0 0.0194444 0
0 0.645833 0 0.0194444 0
0 0.496528 0 0.0458333 0
0 0.4125 1 0.15 0
0 0.161806 0 0.0180556 0
0 0.325 0 0.0194444 0
0 0.808333 0 0.0194444 0
0 0.645833 0 0.0194444 0
0 0.542361 0 0.0375 0
0 0.497222 0 0.0472222 0
0 0.4125 1 0.15 0
0 0.161806 0 0.0180556 0
0 0.325 0 0.0194444 0
0 0.808333 0 0.0194444 0
0 0.645139 0 0.0208333 0
0 0.497917 0 0.0458333 0
0 0.4125 1 0.15 0
0 0.161806 0 0.0180556 0
0 0.325 0 0.0194444 0
0 0.808333 0 0.0194444 0
0 0.645139 0 0.0208333 0
0 0.497917 0 0.0458333 0
0 0.4125 1 0.15 0
0 0.161806 0 0.0180556 0
0 0.325 0 0.0194444 0
0 0.808333 0 0.0194444 0
0 0.645139 0 0.0208333 0
0 0.542361 0 0.0375 0
0 0.497222 0 0.0472222 0
0 0.4125 1 0.15 0
0 0.161806 0 0.0180556 0
0 0.325 0 0.0194444 0
0 0.808333 0 0.0194444 0
0 0.645833 0 0.0194444 0
0 0.497222 0 0.0444444 0
0 0.4125 1 0.15 0
0 0.161806 0 0.0180556 0
0 0.325 0 0.0194444 0
0 0.808333 0 0.0194444 0
0 0.645139 0 0.0208333 0
0 0.497222 0 0.0444444 0
0 0.4125 1 0.15 0
0 0.161806 0 0.0180556 0
0 0.324306 0 0.0208333 0
0 0.808333 0 0.0194444 0
0 0.645833 0 0.0194444 0
0 0.497222 0 0.0472222 0
0 0.4125 1 0.15 0
0 0.161806 0 0.0180556 0
0 0.325 0 0.0194444 0
0 0.808333 0 0.0194444 0
0 0.645833 0 0.0194444 0
0 0.542361 0 0.0375 0
0 0.497917 0 0.0458333 0
0 0.4125 1 0.15 0
0 0.161806 0 0.0180556 0
0 0.325 0 0.0194444 0
0 0.808333 0 0.0194444 0
0 0.645139 0 0.0208333 0
0 0.497917 0 0.0458333 0
0 0.4125 1 0.15 0
0 0.161806 0 0.0180556 0
0 0.325 0 0.0194444 0
0 0.808333 0 0.0194444 0
0 0.645139 0 0.0208333 0
0 0.542361 0 0.0375 0
0 0.497222 0 0.0472222 0
0 0.4125 1 0.15 0
0 0.161806 0 0.0180556 0
0 0.325 0 0.0194444 0
0 0.808333 0 0.0194444 0
0 0.645139 0 0.0208333 0
0 0.542361 0 0.0375 0
0 0.497222 0 0.0472222 0
0 0.4125 1 0.15 0
0 0.161806 0 0.0180556 0
0 0.325 0 0.0194444 0
0 0.808333 0 0.0194444 0
0 0.645833 0 0.0194444 0
0 0.542361 0 0.0375 0
0 0.497222 0 0.0472222 0
0 0.4125 1 0.15 0
0 0.161806 0 0.0180556 0
0 0.325 0 0.0194444 0
0 0.808333 0 0.0194444 0
0 0.645139 0 0.0208333 0
0 0.542361 0 0.0375 0
0 0.497917 0 0.0458333 0
0 0.4125 1 0.15 0
0 0.161806 0 0.0180556 0
0 0.325 0 0.0194444 0
0 0.808333 0 0.0194444 0
0 0.645833 0 0.0194444 0
0 0.497917 0 0.0458333 0
0 0.4125 1 0.15 0
0 0.161806 0 0.0180556 0
0 0.325 0 0.0194444 0
0 0.808333 0 0.0194444 0
0 0.645139 0 0.0208333 0
0 0.497222 0 0.0472222 0
0 0.4125 1 0.15 0
0 0.161806 0 0.0180556 0
0 0.325 0 0.0194444 0
0 0.808333 0 0.0194444 0
0 0.645139 0 0.0208333 0
0 0.542361 0 0.0430556 0
0 0.497222 0 0.0472222 0
0 0.4125 1 0.15 0
0 0.161806 0 0.0180556 0
0 0.325 0 0.0194444 0
0 0.808333 0 0.0194444 0
0 0.645139 0 0.0208333 0
0 0.542361 0 0.0430556 0
0 0.497222 0 0.0472222 0
0 0.4125 1 0.15 0
0 0.161806 0 0.0180556 0
0 0.325 0 0.0194444 0
0 0.808333 0 0.0194444 0
0 0.645139 0 0.0208333 0
0 0.497222 0 0.0472222 0
0 0.4125 1 0.15 0
0 0.161806 0 0.0180556 0
0 0.325 0 0.0194444 0
0 0.808333 0 0.0194444 0
0 0.645139 0 0.0208333 0
0 0.542361 0 0.0375 0
0 0.497222 0 0.0472222 0
0 0.4125 1 0.15 0
0 0.161806 0 0.0180556 0
0 0.325 0 0.0194444 0
0 0.808333 0 0.0194444 0
0 0.645833 0 0.0194444 0
0 0.542361 0 0.0375 0
0 0.497222 0 0.0472222 0
0 0.4125 1 0.15 0
0 0.161806 0 0.0180556 0
0 0.325 0 0.0194444 0
0 0.808333 0 0.0194444 0
0 0.645833 0 0.0194444 0
0 0.497222 0 0.0472222 0
0 0.4125 1 0.15 0
0 0.161806 0 0.0180556 0
0 0.325 0 0.0194444 0
0 0.808333 0 0.0194444 0
0 0.645139 0 0.0208333 0
0 0.542361 0 0.0375 0
0 0.496528 0 0.0486111 0
0 0.413194 1 0.148611 0
0 0.161806 0 0.0180556 0
0 0.325 0 0.0194444 0
0 0.808333 0 0.0194444 0
0 0.645139 0 0.0208333 0
0 0.497222 0 0.0472222 0
0 0.4125 1 0.15 0
0 0.161806 0 0.0180556 0
0 0.325 0 0.0194444 0
0 0.808333 0 0.0194444 0
0 0.645139 0 0.0208333 0
0 0.542361 0 0.0375 0
0 0.497222 0 0.0472222 0
0 0.4125 1 0.15 0
0 0.161806 0 0.0180556 0
0 0.325 0 0.0194444 0
0 0.808333 0 0.0194444 0
0 0.645139 0 0.0208333 0
0 0.497222 0 0.0472222 0
0 0.4125 1 0.15 0
0 0.325 0 0.0194444 0
0 0.161806 0 0.0180556 0
0 0.808333 0 0.0194444 0
0 0.645139 0 0.0208333 0
0 0.497222 0 0.0472222 0
0 0.4125 1 0.15 0
0 0.161806 0 0.0180556 0
0 0.325 0 0.0194444 0
0 0.808333 0 0.0194444 0
0 0.645139 0 0.0208333 0
0 0.542361 0 0.0375 0
0 0.497222 0 0.0472222 0
0 0.413194 1 0.148611 0
0 0.325 0 0.0194444 0
0 0.161806 0 0.0180556 0
0 0.808333 0 0.0194444 0
0 0.645139 0 0.0208333 0
0 0.496528 0 0.0486111 0
0 0.413194 1 0.148611 0
0 0.161806 0 0.0180556 0
0 0.325 0 0.0194444 0
0 0.808333 0 0.0194444 0
0 0.645139 0 0.0208333 0
0 0.497222 0 0.0472222 0
0 0.4125 1 0.15 0
0 0.161806 0 0.0180556 0
0 0.325 0 0.0194444 0
0 0.808333 0 0.0194444 0
0 0.645139 0 0.0208333 0
0 0.497222 0 0.0472222 0
0 0.4125 1 0.15 0
0 0.161806 0 0.0180556 0
0 0.325 0 0.0194444 0
0 0.808333 0 0.0194444 0
0 0.645139 0 0.0208333 0
0 0.497222 0 0.0472222 0
0 0.4125 1 0.15 0
0 0.161806 0 0.0180556 0
0 0.325 0 0.0194444 0
0 0.808333 0 0.0194444 0
0 0.645139 0 0.0208333 0
0 0.497222 0 0.0472222 0
0 0.4125 1 0.15 0
0 0.161806 0 0.0180556 0
0 0.325 0 0.0194444 0
0 0.808333 0 0.0194444 0
0 0.645833 0 0.0194444 0
0 0.542361 0 0.0375 0
0 0.497222 0 0.0472222 0
0 0.4125 1 0.15 0
0 0.161806 0 0.0180556 0
0 0.325 0 0.0194444 0
0 0.808333 0 0.0194444 0
0 0.645139 0 0.0208333 0
0 0.496528 0 0.0458333 0
0 0.4125 1 0.15 0
0 0.161806 0 0.0180556 0
0 0.325 0 0.0194444 0
0 0.808333 0 0.0194444 0
0 0.645833 0 0.0194444 0
0 0.542361 0 0.0430556 0
0 0.497222 0 0.0472222 0
0 0.4125 1 0.15 0
0 0.161806 0 0.0180556 0
0 0.325 0 0.0194444 0
0 0.808333 0 0.0194444 0
0 0.645139 0 0.0208333 0
0 0.497917 0 0.0458333 0
0 0.4125 1 0.15 0
0 0.161806 0 0.0180556 0
0 0.325 0 0.0194444 0
0 0.808333 0 0.0194444 0
0 0.645139 0 0.0208333 0
