0 0.479167 0 0.0277778 0
0 0.480556 0 0.0277778 0
0 0.479167 0 0.0277778 0
0 0.479861 0 0.0291667 0
0 0.479861 0 0.0291667 0
0 0.477083 0 0.0180556 0
0 0.477083 0 0.0208333 0
0 0.475694 0 0.0180556 0
0 0.472917 0 0.0208333 0
0 0.470833 0 0.0222222 0
0 0.467361 0 0.0208333 0
0 0.465278 0 0.0222222 0
0 0.4625 0 0.0194444 0
0 0.4625 0 0.0194444 0
0 0.458333 0 0.0222222 0
0 0.455556 0 0.0222222 0
0 0.455556 0 0.0222222 0
0 0.455556 0 0.0222222 0
0 0.455556 0 0.0222222 0
0 0.455556 0 0.0222222 0
0 0.455556 0 0.0222222 0
0 0.452778 0 0.0222222 0
0 0.450694 0 0.0208333 0
0 0.446528 0 0.0208333 0
0 0.445139 0 0.0208333 0
0 0.442361 0 0.0208333 0
0 0.441667 0 0.0222222 0
0 0.440278 0 0.0222222 0
0 0.439583 0 0.0208333 0
0 0.438889 0 0.0194444 0
0 0.438194 0 0.0208333 0
0 0.439583 0 0.0208333 0
0 0.440278 0 0.0222222 0
0 0.440972 0 0.0208333 0
0 0.440972 0 0.0208333 0
0 0.441667 0 0.0222222 0
0 0.441667 0 0.0222222 0
0 0.441667 0 0.0222222 0
0 0.441667 0 0.0222222 0
0 0.441667 0 0.0222222 0
0 0.441667 0 0.0222222 0
0 0.443056 0 0.0222222 0
0 0.444444 0 0.0194444 0
0 0.445833 0 0.0222222 0
0 0.447222 0 0.0222222 0
0 0.448611 0 0.0222222 0
0 0.452083 0 0.0208333 0
0 0.452083 0 0.0208333 0
0 0.454167 0 0.0222222 0
0 0.455556 0 0.0222222 0
0 0.457639 0 0.0208333 0
0 0.459722 0 0.0222222 0
0 0.461806 0 0.0208333 0
0 0.4625 0 0.0194444 0
0 0.4625 0 0.0194444 0
0 0.4625 0 0.0194444 0
0 0.4625 0 0.0194444 0
0 0.464583 0.5 0.0208333 1
0 0.465972 0.5 0.0208333 1
0 0.468056 0.5 0.0194444 1
0 0.470139 0.5 0.0180556 1
0 0.471528 0.5 0.0152778 1
0 0.472917 0.5 0.0180556 1
0 0.472917 0.5 0.0180556 1
0 0.472222 0.5 0.0166667 1
0 0.471528 0.5 0.0180556 1
0 0.469444 0.5 0.0166667 1
0 0.469444 0.5 0.0166667 1
0 0.468056 0.5 0.0166667 1
0 0.46875 0.5 0.0180556 1
0 0.46875 0.5 0.0180556 1
0 0.46875 0.5 0.0180556 1
0 0.468056 0.5 0.0194444 1
0 0.466667 0.5 0.0194444 1
0 0.466667 0.5 0.0194444 1
0 0.465972 0.5 0.0208333 1
0 0.465972 0.5 0.0208333 1
0 0.465972 0.5 0.0208333 1
0 0.464583 0.5 0.0208333 1
0 0.464583 0.5 0.0208333 1
0 0.464583 0.5 0.0208333 1
0 0.464583 0.5 0.0208333 1
0 0.464583 0.5 0.0208333 1
0 0.464583 0.5 0.0208333 1
0 0.464583 0.5 0.0208333 1
0 0.464583 0.5 0.0208333 1
0 0.464583 0.5 0.0208333 1
0 0.464583 0.5 0.0208333 1
0 0.464583 0.5 0.0208333 1
0 0.464583 0.5 0.0208333 1
0 0.464583 0.5 0.0208333 1
0 0.464583 0.5 0.0208333 1
0 0.464583 0.5 0.0208333 1
0 0.464583 0.5 0.0208333 1
0 0.467361 0 0.0291667 0
0 0.464583 0.5 0.0208333 1
0 0.465972 0.5 0.0208333 1
0 0.465972 0.5 0.0208333 1
0 0.465972 0.5 0.0208333 1
0 0.466667 0.5 0.0194444 1
0 0.466667 0.5 0.0194444 1
0 0.466667 0.5 0.0194444 1
0 0.46875 0 0.0291667 0
0 0.466667 0.5 0.0194444 1
0 0.466667 0.5 0.0194444 1
0 0.46875 0 0.0291667 0
0 0.466667 0.5 0.0194444 1
0 0.466667 0.5 0.0194444 1
0 0.468056 0.5 0.0194444 1
0 0.468056 0.5 0.0194444 1
0 0.46875 0.5 0.0180556 1
0 0.469444 0.5 0.0166667 1
0 0.470139 0.5 0.0180556 1
0 0.470139 0.5 0.0180556 1
0 0.470139 0.5 0.0152778 1
0 0.470833 0.5 0.0166667 1
0 0.470833 0.5 0.0166667 1
0 0.472222 0.5 0.0166667 1
0 0.472222 0.5 0.0166667 1
0 0.472917 0.5 0.0180556 1
0 0.472222 0.5 0.0166667 1
0 0.472222 0.5 0.0166667 1
0 0.472222 0.5 0.0166667 1
0 0.472222 0.5 0.0194444 1
0 0.471528 0.5 0.0180556 1
0 0.471528 0.5 0.0180556 1
0 0.471528 0.5 0.0180556 1
0 0.471528 0.5 0.0180556 1
0 0.472222 0.5 0.0194444 1
0 0.472222 0.5 0.0194444 1
0 0.472222 0.5 0.0194444 1
0 0.472222 0.5 0.0194444 1
0 0.471528 0.5 0.0208333 1
0 0.471528 0.5 0.0208333 1
0 0.471528 0.5 0.0208333 1
0 0.471528 0.5 0.0208333 1
0 0.470139 0.5 0.0208333 1
0 0.470139 0.5 0.0208333 1
0 0.469444 0 0.0194444 0
0 0.469444 0 0.0194444 0
0 0.469444 0 0.0194444 0
0 0.469444 0 0.0194444 0
0 0.46875 0 0.0208333 0
0 0.468056 0 0.0222222 0
0 0.467361 0 0.0208333 0
0 0.465972 0 0.0208333 0
0 0.465972 0 0.0208333 0
0 0.465972 0 0.0208333 0
0 0.465972 0 0.0208333 0
0 0.465972 0 0.0208333 0
0 0.465278 0 0.0222222 0
0 0.464583 0 0.0208333 0
0 0.464583 0 0.0208333 0
0 0.464583 0 0.0208333 0
0 0.464583 0.5 0.0208333 1
0 0.464583 0.5 0.0208333 1
0 0.464583 0.5 0.0208333 1
0 0.464583 0.5 0.0208333 1
0 0.464583 0.5 0.0208333 1
0 0.464583 0.5 0.0208333 1
0 0.464583 0.5 0.0208333 1
0 0.464583 0.5 0.0208333 1
0 0.464583 0.5 0.0208333 1
0 0.464583 0.5 0.0208333 1
0 0.464583 0.5 0.0208333 1
0 0.464583 0.5 0.0208333 1
0 0.464583 0.5 0.0208333 1
0 0.464583 0.5 0.0208333 1
0 0.464583 0.5 0.0208333 1
0 0.464583 0.5 0.0208333 1
0 0.465278 0.5 0.0222222 1
0 0.465278 0.5 0.0222222 1
0 0.465278 0.5 0.0222222 1
0 0.465278 0.5 0.0222222 1
0 0.465278 0.5 0.0222222 1
0 0.465278 0.5 0.0222222 1
0 0.465278 0.5 0.0222222 1
0 0.465972 0.5 0.0208333 1
0 0.465972 0.5 0.0208333 1
0 0.465972 0.5 0.0208333 1
0 0.466667 0.5 0.0194444 1
0 0.466667 0.5 0.0194444 1
0 0.466667 0.5 0.0194444 1
0 0.467361 0.5 0.0208333 1
0 0.468056 0.5 0.0194444 1
0 0.468056 0.5 0.0194444 1
0 0.468056 0.5 0.0194444 1
0 0.467361 0.5 0.0180556 1
0 0.468056 0.5 0.0194444 1
0 0.468056 0.5 0.0194444 1
0 0.468056 0.5 0.0194444 1
0 0.468056 0.5 0.0194444 1
0 0.468056 0.5 0.0194444 1
0 0.468056 0.5 0.0194444 1
0 0.468056 0.5 0.0194444 1
0 0.468056 0.5 0.0194444 1
0 0.989583 1 0.0180556 0
0 0.468056 0.5 0.0194444 1
0 0.467361 0.5 0.0208333 1
0 0.466667 0.5 0.0194444 1
0 0.466667 0.5 0.0194444 1
0 0.465972 0.5 0.0208333 1
0 0.465972 0.5 0.0208333 1
0 0.465972 0.5 0.0208333 1
0 0.465972 0.5 0.0208333 1
0 0.465972 0.5 0.0208333 1
0 0.465972 0.5 0.0208333 1
0 0.465278 0.5 0.0194444 1
0 0.464583 0.5 0.0208333 1
0 0.464583 0.5 0.0208333 1
0 0.464583 0.5 0.0208333 1
0 0.463194 0.5 0.0208333 1
0 0.463194 0.5 0.0208333 1
0 0.461806 0.5 0.0208333 1
0 0.461806 0.5 0.0208333 1
0 0.461111 0.5 0.0222222 1
0 0.460417 0.5 0.0208333 1
0 0.460417 0.5 0.0208333 1
0 0.460417 0.5 0.0208333 1
0 0.459722 0.5 0.0222222 1
0 0.459722 0.5 0.0222222 1
0 0.459722 0.5 0.0222222 1
0 0.459722 0.5 0.0222222 1
0 0.459722 0.5 0.0222222 1
0 0.459722 0.5 0.0222222 1
0 0.459722 0.5 0.0222222 1
0 0.459722 0.5 0.0222222 1
0 0.460417 0.5 0.0208333 1
0 0.460417 0.5 0.0208333 1
0 0.460417 0.5 0.0236111 1
0 0.461111 0.5 0.0222222 1
0 0.461111 0.5 0.0222222 1
0 0.461111 0.5 0.0222222 1
0 0.461806 1 0.0208333 0
0 0.461806 1 0.0208333 0
0 0.4625 1 0.0194444 0
0 0.4625 1 0.0194444 0
0 0.4625 1 0.0194444 0
0 0.4625 1 0.0194444 0
0 0.4625 1 0.0194444 0
0 0.463194 1 0.0208333 0
0 0.464583 1 0.0208333 0
0 0.464583 1 0.0208333 0
0 0.465278 1 0.0222222 0
0 0.465972 1 0.0208333 0
0 0.466667 1 0.0222222 0
0 0.466667 1 0.0222222 0
0 0.468056 1 0.0222222 0
0 0.46875 1 0.0208333 0
0 0.470139 1 0.0208333 0
0 0.470833 1 0.0222222 0
0 0.471528 1 0.0236111 0
0 0.469444 0 0.0277778 0
0 0.472222 1 0.0222222 0
0 0.472917 1 0.0208333 0
0 0.472917 1 0.0208333 0
0 0.472917 1 0.0208333 0
0 0.472917 1 0.0208333 0
0 0.472917 1 0.0208333 0
0 0.473611 1 0.0222222 0
0 0.474306 1 0.0208333 0
0 0.475694 1 0.0208333 0
0 0.475694 1 0.0208333 0
0 0.477083 1 0.0208333 0
0 0.477778 1 0.0222222 0
0 0.478472 1 0.0236111 0
0 0.478472 1 0.0236111 0
0 0.478472 1 0.0236111 0
0 0.479167 1 0.0222222 0
0 0.479167 1 0.0222222 0
0 0.479861 1 0.0236111 0
0 0.479861 1 0.0236111 0
0 0.480556 1 0.0222222 0
0 0.479861 1 0.0236111 0
0 0.480556 1 0.0222222 0
0 0.480556 1 0.0222222 0
0 0.480556 1 0.0222222 0
0 0.480556 1 0.0222222 0
0 0.479861 1 0.0236111 0
0 0.480556 1 0.0222222 0
0 0.480556 1 0.0222222 0
0 0.479861 1 0.0236111 0
0 0.480556 1 0.0222222 0
0 0.480556 1 0.0222222 0
0 0.480556 1 0.0222222 0
0 0.480556 1 0.0222222 0
0 0.480556 1 0.0222222 0
0 0.48125 1 0.0208333 0
0 0.481944 1 0.0222222 0
0 0.481944 1 0.0222222 0
0 0.481944 1 0.0222222 0
0 0.482639 1 0.0208333 0
0 0.482639 1 0.0208333 0
0 0.482639 1 0.0208333 0
0 0.482639 1 0.0208333 0
0 0.482639 1 0.0208333 0
0 0.482639 1 0.0208333 0
0 0.482639 1 0.0208333 0
0 0.482639 1 0.0208333 0
0 0.483333 1 0.0222222 0
0 0.481944 1 0.0194444 0
0 0.483333 1 0.0194444 0
0 0.482639 1 0.0180556 0
0 0.483333 1 0.0194444 0
0 0.483333 1 0.0194444 0
0 0.484028 1 0.0208333 0
0 0.484028 1 0.0180556 0
0 0.484028 1 0.0180556 0
0 0.484028 1 0.0180556 0
0 0.484028 1 0.0180556 0
0 0.484028 1 0.0180556 0
0 0.484028 1 0.0180556 0
0 0.484722 1 0.0166667 0
0 0.484722 1 0.0166667 0
0 0.485417 1 0.0152778 0
0 0.486111 1 0.0166667 0
0 0.53125 1 0.0125 0
0 0.53125 1 0.0125 0
0 0.53125 1 0.0125 0
0 0.532639 1 0.0180556 0
0 0.533333 1 0.0138889 0
0 0.533333 1 0.0138889 0
0 0.533333 1 0.0194444 0
0 0.534028 1 0.0180556 0
0 0.534722 1 0.0194444 0
0 0.534722 1 0.0166667 0
0 0.536111 1 0.0166667 0
0 0.535417 1 0.0180556 0
0 0.536806 1 0.0208333 0
0 0.536806 1 0.0180556 0
0 0.536806 1 0.0180556 0
0 0.536806 1 0.0180556 0
0 0.5375 1 0.0222222 0
0 0.5375 1 0.0222222 0
0 0.5375 1 0.0222222 0
0 0.538194 1 0.0208333 0
0 0.538889 1 0.0222222 0
0 0.539583 1 0.0236111 0
0 0.539583 1 0.0236111 0
0 0.539583 1 0.0236111 0
0 0.540278 1 0.025 0
0 0.540278 1 0.025 0
0 0.540278 1 0.025 0
0 0.540278 1 0.025 0
0 0.540278 1 0.025 0
0 0.540972 1 0.0263889 0
0 0.540972 1 0.0263889 0
0 0.541667 1 0.0277778 0
0 0.542361 1 0.0263889 0
0 0.543056 1 0.0277778 0
0 0.543056 1 0.0277778 0
0 0.544444 1 0.0277778 0
0 0.544444 1 0.0277778 0
0 0.544444 1 0.0277778 0
0 0.544444 1 0.0277778 0
0 0.544444 1 0.0277778 0
0 0.545833 1 0.0277778 0
0 0.545833 1 0.0277778 0
0 0.547222 1 0.0277778 0
0 0.547917 1 0.0291667 0
0 0.548611 1 0.0277778 0
0 0.55 1 0.0277778 0
0 0.55 1 0.0277778 0
0 0.550694 1 0.0291667 0
0 0.550694 1 0.0291667 0
0 0.552083 1 0.0291667 0
0 0.484722 0 0.00555556 0
0 0.552778 1 0.0305556 0
0 0.554861 1 0.0291667 0
0 0.554861 1 0.0291667 0
0 0.554861 1 0.0291667 0
0 0.554861 1 0.0291667 0
0 0.554861 1 0.0291667 0
0 0.554861 1 0.0291667 0
0 0.555556 1 0.0277778 0
0 0.555556 1 0.0277778 0
0 0.55625 1 0.0291667 0
0 0.556944 1 0.0277778 0
0 0.557639 1 0.0291667 0
0 0.559028 1 0.0291667 0
0 0.560417 1 0.0319444 0
0 0.561111 1 0.0277778 0
0 0.561806 1 0.0291667 0
0 0.563194 1 0.0291667 0
0 0.563889 1 0.0305556 0
0 0.563889 1 0.0305556 0
0 0.491667 0 0.00833333 0
0 0.564583 1 0.0291667 0
0 0.564583 1 0.0291667 0
0 0.564583 1 0.0291667 0
0 0.564583 1 0.0291667 0
0 0.493056 0 0.00833333 0
0 0.564583 1 0.0291667 0
0 0.565278 1 0.0305556 0
0 0.565278 1 0.0305556 0
0 0.565972 1 0.0291667 0
0 0.567361 1 0.0291667 0
0 0.567361 1 0.0291667 0
0 0.56875 1 0.0291667 0
0 0.56875 1 0.0291667 0
0 0.570139 1 0.0291667 0
0 0.570833 1 0.0305556 0
0 0.570833 1 0.0305556 0
0 0.5 0 0.00833333 0
0 0.571528 1 0.0319444 0
0 0.572222 1 0.0305556 0
0 0.572222 1 0.0305556 0
0 0.505556 0.5 0.0527778 1
0 0.572222 1 0.0305556 0
0 0.505556 0.5 0.0527778 1
0 0.572222 1 0.0305556 0
0 0.504861 0.5 0.0541667 1
0 0.572222 1 0.0305556 0
0 0.504167 0.5 0.0555556 1
0 0.501389 0 0.00833333 0
0 0.572917 1 0.0319444 0
0 0.573611 1 0.0305556 0
0 0.574306 1 0.0319444 0
0 0.574306 1 0.0319444 0
0 0.575694 1 0.0291667 0
0 0.576389 1 0.0305556 0
0 0.577083 1 0.0319444 0
0 0.578472 1 0.0291667 0
0 0.579167 1 0.0277778 0
0 0.579861 1 0.0291667 0
0 0.579861 1 0.0375 0
0 0.579861 1 0.0375 0
0 0.580556 1 0.0388889 0
0 0.580556 1 0.0388889 0
0 0.580556 1 0.0388889 0
0 0.581944 1 0.0388889 0
0 0.502083 0.5 0.0569444 1
0 0.502083 0.5 0.0597222 1
0 0.501389 0.5 0.0611111 1
0 0.509722 0 0.00833333 0
0 0.5 0.5 0.0583333 1
0 0.5 0.5 0.0583333 1
0 0.5 0.5 0.05 1
0 0.499306 0.5 0.0513889 1
0 0.5 0.5 0.05 1
0 0.5 0.5 0.05 1
0 0.655556 0 0.0777778 0
0 0.500694 0.5 0.0458333 1
0 0.536111 1 0.025 0
0 0.538889 1 0.0194444 0
0 0.540972 1 0.0236111 0
0 0.541667 1 0.025 0
0 0.544444 1 0.0333333 0
0 0.647222 1 0.105556 0
0 0.647222 1 0.105556 0
0 0.647222 1 0.105556 0
0 0.647222 1 0.105556 0
0 0.653472 1 0.1125 0
0 0.659722 1 0.102778 0
0 0.46875 0 0.0208333 0
0 0.466667 0 0.0222222 0
0 0.466667 0 0.0222222 0
0 0.463194 0 0.0208333 0
0 0.463194 0 0.0208333 0
0 0.461111 0 0.0222222 0
0 0.459722 0 0.0222222 0
0 0.457639 0 0.0208333 0
0 0.454861 0 0.0236111 0
0 0.452778 0 0.0222222 0
0 0.448611 0 0.0222222 0
0 0.448611 0 0.0222222 0
0 0.447222 0 0.0222222 0
0 0.44375 0 0.0208333 0
0 0.44375 0 0.0208333 0
0 0.441667 0.5 0.0222222 1
0 0.441667 0.5 0.0222222 1
0 0.439583 0.5 0.0208333 1
0 0.439583 0.5 0.0208333 1
0 0.439583 0.5 0.0208333 1
0 0.439583 0.5 0.0208333 1
0 0.439583 0.5 0.0208333 1
0 0.439583 0.5 0.0208333 1
0 0.438194 1 0.0208333 0
0 0.438194 1 0.0208333 0
0 0.438194 1 0.0208333 0
0 0.4375 1 0.0194444 0
0 0.436111 1 0.0222222 0
0 0.436806 1 0.0208333 0
0 0.436111 1 0.0222222 0
