0 0.511111 0 0.0361111 0
0 0.389583 0 0.0125 0
0 0.476389 0.5 0.0555556 1
0 0.511111 0 0.0361111 0
0 0.476389 0.5 0.0555556 1
0 0.476389 0.5 0.0555556 1
0 0.511111 0 0.0361111 0
0 0.476389 0.5 0.0555556 1
0 0.389583 0 0.0125 0
0 0.476389 0.5 0.0555556 1
0 0.511806 0 0.0347222 0
0 0.476389 0.5 0.0555556 1
0 0.389583 0 0.0125 0
0 0.511806 0 0.0347222 0
0 0.476389 0.5 0.0555556 1
0 0.511806 0 0.0347222 0
0 0.476389 0.5 0.0555556 1
0 0.389583 0 0.0125 0
0 0.476389 0.5 0.0555556 1
0 0.511806 0 0.0347222 0
0 0.476389 0.5 0.0555556 1
0 0.511111 0 0.0361111 0
0 0.476389 0.5 0.0555556 1
0 0.511111 0 0.0361111 0
0 0.476389 0.5 0.0555556 1
0 0.511806 0 0.0347222 0
0 0.476389 0.5 0.0555556 1
0 0.511806 0 0.0347222 0
0 0.476389 0.5 0.0555556 1
0 0.511806 0 0.0347222 0
0 0.476389 0.5 0.0555556 1
0 0.389583 0 0.0125 0
0 0.5125 0 0.0361111 0
0 0.476389 0.5 0.0555556 1
0 0.5125 0 0.0361111 0
0 0.476389 0.5 0.0555556 1
0 0.511806 0 0.0375 0
0 0.476389 0.5 0.0555556 1
0 0.476389 0.5 0.0555556 1
0 0.5125 0 0.0361111 0
0 0.476389 0.5 0.0555556 1
0 0.5125 0 0.0361111 0
0 0.476389 0.5 0.0555556 1
0 0.511806 0 0.0347222 0
0 0.476389 0.5 0.0555556 1
0 0.511806 0 0.0347222 0
0 0.476389 0.5 0.0555556 1
0 0.476389 0.5 0.0555556 1
0 0.476389 0.5 0.0555556 1
0 0.389583 0 0.0125 0
0 0.476389 0.5 0.0555556 1
0 0.511111 0 0.0361111 0
0 0.477083 0.5 0.0569444 1
0 0.511111 0 0.0361111 0
0 0.477083 0.5 0.0569444 1
0 0.511806 0 0.0347222 0
0 0.476389 0.5 0.0555556 1
0 0.5125 0 0.0361111 0
0 0.476389 0.5 0.0555556 1
0 0.5125 0 0.0361111 0
0 0.476389 0.5 0.0555556 1
0 0.5125 0 0.0361111 0
0 0.476389 0.5 0.0555556 1
0 0.476389 0.5 0.0555556 1
0 0.511806 0 0.0375 0
0 0.476389 0.5 0.0555556 1
0 0.511806 0 0.0347222 0
0 0.476389 0.5 0.0555556 1
0 0.513194 0 0.0347222 0
0 0.476389 0.5 0.0555556 1
0 0.476389 0.5 0.0555556 1
0 0.476389 0.5 0.0555556 1
0 0.476389 0.5 0.0555556 1
0 0.389583 0 0.0125 0
0 0.476389 0.5 0.0555556 1
0 0.476389 0.5 0.0555556 1
0 0.476389 0.5 0.0555556 1
0 0.476389 0.5 0.0555556 1
0 0.476389 0.5 0.0527778 1
0 0.577083 0 0.00972222 0
0 0.479167 0.5 0.0527778 1
0 0.480556 0.5 0.0472222 1
0 0.489583 1 0.0125 0
0 0.520139 0 0.0319444 0
0 0.488889 1 0.0222222 0
0 0.491667 1 0.0222222 0
0 0.495139 1 0.0208333 0
0 0.497917 1 0.0263889 0
0 0.500694 1 0.0263889 0
0 0.502083 1 0.0263889 0
0 0.505556 1 0.0277778 0
0 0.510417 1 0.0263889 0
0 0.513194 1 0.0263889 0
0 0.518056 1 0.0277778 0
0 0.519444 1 0.0277778 0
0 0.524306 1 0.0263889 0
0 0.608333 0 0.0111111 0
0 0.543056 0 0.0333333 0
0 0.418056 0 0.0111111 0
0 0.529167 1 0.0277778 0
0 0.533333 1 0.0277778 0
0 0.613194 0 0.00972222 0
0 0.535417 1 0.0291667 0
0 0.613889 0 0.0111111 0
0 0.536806 1 0.0291667 0
0 0.540278 1 0.0305556 0
0 0.420139 0 0.0125 0
0 0.617361 0 0.00972222 0
0 0.542361 1 0.0291667 0
0 0.619444 0 0.0138889 0
0 0.543056 1 0.0305556 0
0 0.545139 1 0.0291667 0
0 0.545833 1 0.0305556 0
0 0.41875 0 0.0125 0
0 0.546528 1 0.0319444 0
0 0.622222 0 0.0111111 0
0 0.547222 1 0.0333333 0
0 0.622222 0 0.0111111 0
0 0.547222 1 0.0333333 0
0 0.547222 1 0.0333333 0
0 0.546528 1 0.0347222 0
0 0.545833 1 0.0361111 0
0 0.545139 1 0.0347222 0
0 0.622917 0 0.0125 0
0 0.54375 1 0.0347222 0
0 0.409028 0 0.0152778 0
0 0.624306 0 0.0125 0
0 0.543056 1 0.0361111 0
0 0.540972 1 0.0375 0
0 0.623611 0 0.0111111 0
0 0.539583 1 0.0375 0
0 0.404861 0 0.0125 0
0 0.538889 1 0.0388889 0
0 0.536806 1 0.0402778 0
0 0.401389 0 0.0111111 0
0 0.625694 0 0.0125 0
0 0.536111 1 0.0388889 0
0 0.625694 0 0.0125 0
0 0.534028 0.5 0.0430556 1
0 0.625694 0 0.0125 0
0 0.532639 0.5 0.0430556 1
0 0.39375 0 0.0152778 0
0 0.626389 0 0.0138889 0
0 0.528472 0.5 0.0458333 1
0 0.389583 0 0.0152778 0
0 0.626389 0 0.0138889 0
0 0.525 0.5 0.0472222 1
0 0.627083 0 0.0152778 0
0 0.522917 0.5 0.0541667 1
0 0.385417 0 0.0180556 0
0 0.627778 0 0.0166667 0
0 0.522222 0.5 0.05 1
0 0.383333 0 0.0138889 0
0 0.628472 0 0.0152778 0
0 0.520139 0.5 0.0513889 1
0 0.629167 0 0.0166667 0
0 0.51875 0.5 0.0541667 1
0 0.756944 0 0.0138889 0
0 0.380556 0 0.0166667 0
0 0.629861 0 0.0152778 0
0 0.517361 0.5 0.0541667 1
0 0.630556 0 0.0194444 0
0 0.515972 0.5 0.0569444 1
0 0.761806 0 0.0152778 0
0 0.375694 0 0.0152778 0
0 0.63125 0 0.0152778 0
0 0.513889 0.5 0.0611111 1
0 0.763194 0 0.0152778 0
0 0.632639 0 0.0152778 0
0 0.513194 0 0.0625 0
0 0.765278 0 0.0166667 0
0 0.632639 0 0.0180556 0
0 0.511806 0 0.0625 0
0 0.766667 0 0.0166667 0
0 0.371528 0 0.0152778 0
0 0.633333 0 0.0166667 0
0 0.510417 0 0.0652778 0
0 0.370139 0 0.0152778 0
0 0.633333 0 0.0166667 0
0 0.76875 0 0.0152778 0
0 0.509028 0 0.0680556 0
0 0.634028 0 0.0180556 0
0 0.76875 0 0.0152778 0
0 0.508333 0 0.0694444 0
0 0.770833 0 0.0166667 0
0 0.634722 0 0.0194444 0
0 0.50625 0 0.0736111 0
0 0.634722 0 0.0194444 0
0 0.505556 0 0.075 0
0 0.365972 0 0.0180556 0
0 0.635417 0 0.0180556 0
0 0.504861 0 0.0763889 0
0 0.775 0 0.0166667 0
0 0.365972 0 0.0180556 0
0 0.636111 0 0.0166667 0
0 0.504167 0 0.0777778 0
0 0.775694 0 0.0152778 0
0 0.365278 0 0.0166667 0
0 0.636111 0 0.0138889 0
0 0.504167 0 0.0777778 0
0 0.364583 0 0.0152778 0
0 0.776389 0 0.0166667 0
0 0.636806 0 0.0152778 0
0 0.503472 0 0.0791667 0
0 0.776389 0 0.0166667 0
0 0.363889 0 0.0166667 0
0 0.636806 0 0.0152778 0
0 0.503472 0 0.0791667 0
0 0.363889 0 0.0166667 0
0 0.636806 0 0.0152778 0
0 0.776389 0 0.0166667 0
0 0.502778 0 0.0805556 0
0 0.3625 0 0.0166667 0
0 0.778472 0 0.0180556 0
0 0.6375 0 0.0166667 0
0 0.502083 0 0.0819444 0
0 0.778472 0 0.0180556 0
0 0.6375 0 0.0166667 0
0 0.502083 0.5 0.0847222 1
0 0.779861 0 0.0180556 0
0 0.3625 0 0.0166667 0
0 0.6375 0 0.0166667 0
0 0.501389 0.5 0.0861111 1
0 0.779861 0 0.0180556 0
0 0.638194 0 0.0152778 0
0 0.501389 0.5 0.0861111 1
0 0.780556 0 0.0166667 0
0 0.638889 0 0.0166667 0
0 0.501389 0.5 0.0861111 1
0 0.78125 0 0.0180556 0
0 0.638889 0 0.0166667 0
0 0.500694 0.5 0.0875 1
0 0.782639 0 0.0180556 0
0 0.359722 0 0.0194444 0
0 0.638889 0 0.0166667 0
0 0.500694 0.5 0.0902778 1
0 0.783333 0 0.0166667 0
0 0.639583 0 0.0180556 0
0 0.359028 0 0.0180556 0
0 0.499306 0.5 0.0902778 1
0 0.213889 0 0.0166667 0
0 0.784028 0 0.0180556 0
0 0.359028 0 0.0180556 0
0 0.639583 0 0.0180556 0
0 0.498611 0.5 0.0916667 1
0 0.357639 0 0.0180556 0
0 0.640278 0 0.0194444 0
0 0.498611 0.5 0.0944444 1
0 0.357639 0 0.0180556 0
0 0.640278 0 0.0194444 0
0 0.498611 0.5 0.0944444 1
0 0.357639 0 0.0180556 0
0 0.640278 0 0.0194444 0
0 0.498611 0.5 0.0944444 1
0 0.213194 0 0.0180556 0
0 0.357639 0 0.0180556 0
0 0.640278 0 0.0194444 0
0 0.498611 0.5 0.0944444 1
0 0.357639 0 0.0180556 0
0 0.640278 0 0.0194444 0
0 0.498611 0.5 0.0944444 1
0 0.785417 0 0.0180556 0
0 0.356944 0 0.0166667 0
0 0.640278 0 0.0194444 0
0 0.497222 0.5 0.0972222 1
0 0.35625 0 0.0180556 0
0 0.785417 0 0.0180556 0
0 0.640278 0 0.0194444 0
0 0.496528 0.5 0.0986111 1
0 0.208333 0 0.0166667 0
0 0.7875 0 0.0166667 0
0 0.354167 0 0.0194444 0
0 0.640278 0 0.0194444 0
0 0.493056 0.5 0.1 1
0 0.20625 0 0.0180556 0
0 0.353472 0 0.0180556 0
0 0.7875 0 0.0166667 0
0 0.488889 0.5 0.105556 1
0 0.640972 0 0.0180556 0
0 0.789583 0 0.0152778 0
0 0.352083 0 0.0180556 0
0 0.641667 0 0.0194444 0
0 0.488194 0.5 0.1125 1
0 0.790278 0 0.0194444 0
0 0.352083 0 0.0180556 0
0 0.641667 0 0.0194444 0
0 0.486111 0.5 0.113889 1
0 0.351389 0 0.0166667 0
0 0.790972 0 0.0180556 0
0 0.641667 0 0.0194444 0
0 0.486111 0.5 0.113889 1
0 0.350694 0 0.0180556 0
0 0.790972 0 0.0180556 0
0 0.641667 0 0.0194444 0
0 0.486111 0.5 0.113889 1
0 0.351389 0 0.0166667 0
0 0.790972 0 0.0180556 0
0 0.641667 0 0.0194444 0
0 0.486111 0.5 0.113889 1
0 0.790972 0 0.0180556 0
0 0.350694 0 0.0180556 0
0 0.641667 0 0.0194444 0
0 0.486111 0.5 0.113889 1
0 0.790972 0 0.0180556 0
0 0.351389 0 0.0166667 0
0 0.642361 0 0.0180556 0
0 0.485417 0.5 0.115278 1
0 0.792361 0 0.0180556 0
0 0.350694 0 0.0180556 0
0 0.486111 0.5 0.111111 1
0 0.643056 0 0.0194444 0
0 0.35 0 0.0166667 0
0 0.792361 0 0.0180556 0
0 0.643056 0 0.0194444 0
0 0.486111 0.5 0.113889 1
0 0.794444 0 0.0166667 0
0 0.349306 0 0.0180556 0
0 0.643056 0 0.0166667 0
0 0.486806 0.5 0.1125 1
0 0.349306 0 0.0180556 0
0 0.794444 0 0.0166667 0
0 0.64375 0 0.0180556 0
0 0.486806 0.5 0.1125 1
0 0.349306 0 0.0180556 0
0 0.794444 0 0.0166667 0
0 0.64375 0 0.0180556 0
0 0.486806 0.5 0.1125 1
0 0.348611 0 0.0194444 0
0 0.794444 0 0.0166667 0
0 0.64375 0 0.0180556 0
0 0.486806 0.5 0.115278 1
0 0.348611 0 0.0194444 0
0 0.795139 0 0.0180556 0
0 0.644444 0 0.0194444 0
0 0.486111 0.5 0.111111 1
0 0.348611 0 0.0194444 0
0 0.644444 0 0.0194444 0
0 0.486806 0.5 0.1125 1
0 0.349306 0 0.0180556 0
0 0.486806 0.5 0.1125 1
0 0.645139 0 0.0180556 0
0 0.795833 0 0.0194444 0
0 0.348611 0 0.0194444 0
0 0.645139 0 0.0180556 0
0 0.4875 0.5 0.113889 1
0 0.348611 0 0.0194444 0
0 0.796528 0 0.0180556 0
0 0.645833 0 0.0194444 0
0 0.486806 0.5 0.115278 1
0 0.348611 0 0.0194444 0
0 0.796528 0 0.0208333 0
0 0.645139 0 0.0208333 0
0 0.4875 0.5 0.113889 1
0 0.348611 0 0.0194444 0
0 0.797917 0 0.0180556 0
0 0.486806 0.5 0.1125 1
0 0.646528 0 0.0208333 0
0 0.348611 0 0.0194444 0
0 0.797917 0 0.0180556 0
0 0.486806 0.5 0.1125 1
0 0.646528 0 0.0208333 0
0 0.798611 0 0.0194444 0
0 0.348611 0 0.0194444 0
0 0.486806 0.5 0.1125 1
0 0.645833 0 0.0194444 0
0 0.798611 0 0.0194444 0
0 0.349306 0 0.0180556 0
0 0.4875 0.5 0.113889 1
0 0.647222 0 0.0194444 0
0 0.552778 0 0.0388889 0
0 0.348611 0 0.0194444 0
0 0.799306 0 0.0180556 0
0 0.4875 0.5 0.116667 1
0 0.646528 0 0.0180556 0
0 0.348611 0 0.0194444 0
0 0.799306 0 0.0180556 0
0 0.4875 0.5 0.113889 1
0 0.647222 0 0.0194444 0
0 0.552778 0 0.0388889 0
0 0.348611 0 0.0194444 0
0 0.799306 0 0.0180556 0
0 0.4875 0.5 0.113889 1
0 0.646528 0 0.0180556 0
0 0.553472 0 0.0402778 0
0 0.348611 0 0.0194444 0
0 0.799306 0 0.0180556 0
0 0.646528 0 0.0180556 0
0 0.488194 0.5 0.115278 1
0 0.799306 0 0.0180556 0
0 0.647222 0 0.0194444 0
0 0.4875 0.5 0.113889 1
0 0.348611 0 0.0194444 0
0 0.798611 0 0.0166667 0
0 0.646528 0 0.0180556 0
0 0.4875 0.5 0.113889 1
0 0.348611 0 0.0194444 0
0 0.798611 0 0.0166667 0
0 0.646528 0 0.0180556 0
0 0.4875 0.5 0.113889 1
0 0.798611 0 0.0194444 0
0 0.348611 0 0.0194444 0
0 0.646528 0 0.0180556 0
0 0.488889 0.5 0.113889 1
0 0.799306 0 0.0180556 0
0 0.647222 0 0.0194444 0
0 0.488889 0.5 0.116667 1
0 0.349306 0 0.0208333 0
0 0.8 0 0.0194444 0
0 0.196528 0 0.0180556 0
0 0.647917 0 0.0208333 0
0 0.488194 0.5 0.115278 1
0 0.800694 0 0.0180556 0
0 0.196528 0 0.0180556 0
0 0.348611 0 0.0194444 0
0 0.647222 0 0.0194444 0
0 0.4875 0.5 0.113889 1
0 0.196528 0 0.0180556 0
0 0.800694 0 0.0180556 0
0 0.348611 0 0.0194444 0
0 0.4875 0.5 0.113889 1
0 0.647222 0 0.0194444 0
0 0.196528 0 0.0180556 0
0 0.348611 0 0.0194444 0
0 0.800694 0 0.0180556 0
0 0.488194 0.5 0.115278 1
0 0.647222 0 0.0194444 0
0 0.196528 0 0.0180556 0
0 0.348611 0 0.0194444 0
0 0.800694 0 0.0180556 0
0 0.488194 0.5 0.115278 1
0 0.647222 0 0.0194444 0
0 0.196528 0 0.0180556 0
0 0.348611 0 0.0194444 0
0 0.800694 0 0.0180556 0
0 0.488194 0.5 0.115278 1
0 0.647222 0 0.0194444 0
0 0.196528 0 0.0180556 0
0 0.348611 0 0.0194444 0
0 0.800694 0 0.0180556 0
0 0.488194 0.5 0.115278 1
0 0.647222 0 0.0194444 0
0 0.196528 0 0.0180556 0
0 0.348611 0 0.0194444 0
0 0.800694 0 0.0180556 0
0 0.488194 0.5 0.115278 1
0 0.647222 0 0.0194444 0
0 0.348611 0 0.0194444 0
0 0.800694 0 0.0180556 0
0 0.488194 0.5 0.115278 1
0 0.647222 0 0.0194444 0
0 0.196528 0 0.0180556 0
0 0.348611 0 0.0194444 0
0 0.800694 0 0.0180556 0
0 0.488194 0.5 0.115278 1
0 0.647222 0 0.0194444 0
0 0.196528 0 0.0180556 0
0 0.349306 0 0.0180556 0
0 0.800694 0 0.0180556 0
0 0.488194 0.5 0.115278 1
0 0.647222 0 0.0194444 0
0 0.196528 0 0.0180556 0
0 0.348611 0 0.0194444 0
0 0.800694 0 0.0180556 0
0 0.488194 0.5 0.115278 1
0 0.647222 0 0.0194444 0
0 0.348611 0 0.0194444 0
0 0.800694 0 0.0180556 0
0 0.488194 0.5 0.115278 1
0 0.647222 0 0.0194444 0
0 0.196528 0 0.0180556 0
0 0.348611 0 0.0194444 0
0 0.800694 0 0.0180556 0
0 0.488194 0.5 0.115278 1
0 0.647222 0 0.0194444 0
0 0.348611 0 0.0194444 0
0 0.800694 0 0.0180556 0
0 0.488194 0.5 0.115278 1
0 0.647222 0 0.0194444 0
0 0.349306 0 0.0180556 0
0 0.800694 0 0.0180556 0
0 0.488194 0.5 0.115278 1
0 0.647222 0 0.0194444 0
0 0.348611 0 0.0194444 0
0 0.800694 0 0.0180556 0
0 0.488194 0.5 0.115278 1
0 0.647222 0 0.0194444 0
0 0.348611 0 0.0194444 0
0 0.800694 0 0.0180556 0
0 0.488194 0.5 0.115278 1
0 0.647222 0 0.0194444 0
0 0.348611 0 0.0194444 0
0 0.800694 0 0.0180556 0
0 0.488194 0.5 0.115278 1
0 0.647222 0 0.0194444 0
0 0.348611 0 0.0194444 0
0 0.800694 0 0.0180556 0
0 0.488194 0.5 0.115278 1
0 0.647222 0 0.0194444 0
0 0.348611 0 0.0194444 0
0 0.800694 0 0.0180556 0
0 0.488194 0.5 0.115278 1
0 0.647222 0 0.0194444 0
0 0.196528 0 0.0180556 0
0 0.348611 0 0.0194444 0
0 0.800694 0 0.0180556 0
0 0.488194 0.5 0.115278 1
0 0.647222 0 0.0194444 0
0 0.196528 0 0.0180556 0
0 0.348611 0 0.0194444 0
0 0.800694 0 0.0180556 0
0 0.488194 0.5 0.115278 1
0 0.647222 0 0.0194444 0
0 0.196528 0 0.0180556 0
0 0.348611 0 0.0194444 0
0 0.800694 0 0.0180556 0
0 0.488194 0.5 0.115278 1
0 0.647222 0 0.0194444 0
0 0.348611 0 0.0194444 0
0 0.800694 0 0.0180556 0
0 0.488194 0.5 0.115278 1
0 0.647222 0 0.0194444 0
0 0.348611 0 0.0194444 0
0 0.800694 0 0.0180556 0
0 0.488194 0.5 0.115278 1
0 0.647222 0 0.0194444 0
0 0.348611 0 0.0194444 0
0 0.800694 0 0.0180556 0
0 0.488194 0.5 0.115278 1
0 0.647222 0 0.0194444 0
0 0.196528 0 0.0180556 0
0 0.348611 0 0.0194444 0
0 0.800694 0 0.0180556 0
0 0.488194 0.5 0.115278 1
0 0.647222 0 0.0194444 0
0 0.196528 0 0.0180556 0
0 0.348611 0 0.0194444 0
0 0.800694 0 0.0180556 0
0 0.488194 0.5 0.115278 1
0 0.647222 0 0.0194444 0
0 0.196528 0 0.0180556 0
0 0.348611 0 0.0194444 0
0 0.800694 0 0.0180556 0
0 0.488194 0.5 0.115278 1
0 0.647222 0 0.0194444 0
0 0.196528 0 0.0180556 0
0 0.348611 0 0.0194444 0
0 0.800694 0 0.0180556 0
0 0.488194 0.5 0.115278 1
0 0.647222 0 0.0194444 0
0 0.196528 0 0.0180556 0
0 0.348611 0 0.0194444 0
0 0.800694 0 0.0180556 0
0 0.488194 0.5 0.115278 1
0 0.647222 0 0.0194444 0
0 0.196528 0 0.0180556 0
0 0.348611 0 0.0194444 0
0 0.800694 0 0.0180556 0
0 0.488194 0.5 0.115278 1
0 0.647222 0 0.0194444 0
0 0.196528 0 0.0180556 0
0 0.348611 0 0.0194444 0
0 0.800694 0 0.0180556 0
0 0.488194 0.5 0.115278 1
0 0.647222 0 0.0194444 0
0 0.196528 0 0.0180556 0
0 0.348611 0 0.0194444 0
0 0.800694 0 0.0180556 0
0 0.488194 0.5 0.115278 1
0 0.647222 0 0.0194444 0
0 0.196528 0 0.0180556 0
0 0.348611 0 0.0194444 0
0 0.800694 0 0.0180556 0
0 0.488194 0.5 0.115278 1
0 0.647222 0 0.0194444 0
0 0.196528 0 0.0180556 0
0 0.348611 0 0.0194444 0
0 0.800694 0 0.0180556 0
0 0.488194 0.5 0.115278 1
0 0.647222 0 0.0194444 0
0 0.196528 0 0.0180556 0
0 0.348611 0 0.0194444 0
0 0.800694 0 0.0180556 0
0 0.488194 0.5 0.115278 1
0 0.647222 0 0.0194444 0
0 0.196528 0 0.0180556 0
0 0.348611 0 0.0194444 0
0 0.800694 0 0.0180556 0
0 0.488194 0.5 0.115278 1
0 0.647222 0 0.0194444 0
0 0.196528 0 0.0180556 0
0 0.348611 0 0.0194444 0
0 0.800694 0 0.0180556 0
0 0.488194 0.5 0.115278 1
0 0.647222 0 0.0194444 0
0 0.196528 0 0.0180556 0
0 0.348611 0 0.0194444 0
0 0.800694 0 0.0180556 0
0 0.488194 0.5 0.115278 1
0 0.647222 0 0.0194444 0
0 0.196528 0 0.0180556 0
0 0.348611 0 0.0194444 0
0 0.800694 0 0.0180556 0
0 0.488194 0.5 0.115278 1
0 0.647222 0 0.0194444 0
0 0.196528 0 0.0180556 0
0 0.348611 0 0.0194444 0
0 0.800694 0 0.0180556 0
0 0.488194 0.5 0.115278 1
0 0.647222 0 0.0194444 0
0 0.196528 0 0.0180556 0
0 0.348611 0 0.0194444 0
0 0.800694 0 0.0180556 0
0 0.488194 0.5 0.115278 1
0 0.647222 0 0.0194444 0
0 0.196528 0 0.0180556 0
0 0.348611 0 0.0194444 0
0 0.800694 0 0.0180556 0
0 0.488194 0.5 0.115278 1
0 0.647222 0 0.0194444 0
0 0.348611 0 0.0194444 0
0 0.800694 0 0.0180556 0
0 0.488194 0.5 0.115278 1
0 0.647222 0 0.0194444 0
0 0.196528 0 0.0180556 0
0 0.348611 0 0.0194444 0
0 0.800694 0 0.0180556 0
0 0.488194 0.5 0.115278 1
0 0.647222 0 0.0194444 0
0 0.196528 0 0.0180556 0
0 0.348611 0 0.0194444 0
0 0.800694 0 0.0180556 0
0 0.488194 0.5 0.115278 1
0 0.647222 0 0.0194444 0
0 0.196528 0 0.0180556 0
0 0.348611 0 0.0194444 0
0 0.800694 0 0.0180556 0
0 0.488194 0.5 0.115278 1
0 0.647222 0 0.0194444 0
0 0.196528 0 0.0180556 0
0 0.348611 0 0.0194444 0
0 0.800694 0 0.0180556 0
0 0.488194 0.5 0.115278 1
0 0.647222 0 0.0194444 0
0 0.196528 0 0.0180556 0
0 0.348611 0 0.0194444 0
0 0.800694 0 0.0180556 0
0 0.488194 0.5 0.115278 1
0 0.647222 0 0.0194444 0
0 0.196528 0 0.0180556 0
0 0.348611 0 0.0194444 0
0 0.800694 0 0.0180556 0
0 0.488194 0.5 0.115278 1
0 0.647222 0 0.0194444 0
0 0.196528 0 0.0180556 0
0 0.348611 0 0.0194444 0
0 0.800694 0 0.0180556 0
0 0.488194 0.5 0.115278 1
0 0.647222 0 0.0194444 0
0 0.196528 0 0.0180556 0
0 0.348611 0 0.0194444 0
0 0.800694 0 0.0180556 0
0 0.488194 0.5 0.115278 1
0 0.647222 0 0.0194444 0
0 0.196528 0 0.0180556 0
0 0.348611 0 0.0194444 0
0 0.800694 0 0.0180556 0
0 0.488194 0.5 0.115278 1
0 0.647222 0 0.0194444 0
0 0.196528 0 0.0180556 0
0 0.348611 0 0.0194444 0
0 0.800694 0 0.0180556 0
0 0.488194 0.5 0.115278 1
0 0.647222 0 0.0194444 0
0 0.196528 0 0.0180556 0
0 0.348611 0 0.0194444 0
0 0.800694 0 0.0180556 0
0 0.488194 0.5 0.115278 1
0 0.647222 0 0.0194444 0
0 0.196528 0 0.0180556 0
0 0.347917 0 0.0180556 0
0 0.800694 0 0.0180556 0
0 0.488194 0.5 0.115278 1
0 0.647222 0 0.0194444 0
0 0.196528 0 0.0180556 0
0 0.348611 0 0.0194444 0
0 0.800694 0 0.0180556 0
0 0.488194 0.5 0.115278 1
0 0.647222 0 0.0194444 0
0 0.196528 0 0.0180556 0
0 0.348611 0 0.0194444 0
0 0.800694 0 0.0180556 0
0 0.488194 0.5 0.115278 1
0 0.647222 0 0.0194444 0
0 0.196528 0 0.0180556 0
0 0.348611 0 0.0194444 0
0 0.800694 0 0.0180556 0
0 0.488194 0.5 0.115278 1
0 0.647222 0 0.0194444 0
0 0.348611 0 0.0194444 0
0 0.800694 0 0.0180556 0
0 0.488194 0.5 0.115278 1
0 0.647222 0 0.0194444 0
0 0.196528 0 0.0180556 0
0 0.348611 0 0.0194444 0
0 0.800694 0 0.0180556 0
0 0.488194 0.5 0.115278 1
0 0.647222 0 0.0194444 0
0 0.348611 0 0.0194444 0
0 0.800694 0 0.0180556 0
0 0.488194 0.5 0.115278 1
0 0.647222 0 0.0194444 0
0 0.196528 0 0.0180556 0
0 0.348611 0 0.0194444 0
0 0.800694 0 0.0180556 0
0 0.488194 0.5 0.115278 1
0 0.647222 0 0.0194444 0
0 0.196528 0 0.0180556 0
0 0.348611 0 0.0194444 0
0 0.800694 0 0.0180556 0
0 0.488194 0.5 0.115278 1
0 0.647222 0 0.0194444 0
0 0.196528 0 0.0180556 0
0 0.348611 0 0.0194444 0
0 0.800694 0 0.0180556 0
0 0.488194 0.5 0.115278 1
0 0.647222 0 0.0194444 0
0 0.196528 0 0.0180556 0
0 0.348611 0 0.0194444 0
0 0.800694 0 0.0180556 0
0 0.488194 0.5 0.115278 1
0 0.647222 0 0.0194444 0
0 0.348611 0 0.0194444 0
0 0.800694 0 0.0180556 0
0 0.488194 0.5 0.115278 1
0 0.647222 0 0.0194444 0
0 0.196528 0 0.0180556 0
0 0.348611 0 0.0194444 0
0 0.800694 0 0.0180556 0
0 0.488194 0.5 0.115278 1
0 0.647222 0 0.0194444 0
0 0.348611 0 0.0194444 0
0 0.800694 0 0.0180556 0
0 0.488194 0.5 0.115278 1
0 0.647222 0 0.0194444 0
0 0.348611 0 0.0194444 0
0 0.800694 0 0.0180556 0
0 0.488194 0.5 0.115278 1
0 0.647222 0 0.0194444 0
0 0.348611 0 0.0194444 0
0 0.800694 0 0.0180556 0
0 0.488194 0.5 0.115278 1
0 0.647222 0 0.0194444 0
