0 0.594444 0 0.0194444 0
0 0.594444 0 0.0194444 0
0 0.594444 0 0.0194444 0
0 0.594444 0 0.0194444 0
0 0.594444 0 0.0194444 0
0 0.594444 0 0.0194444 0
0 0.594444 0 0.0194444 0
0 0.594444 0 0.0194444 0
0 0.594444 0 0.0194444 0
0 0.594444 0 0.0194444 0
0 0.594444 0 0.0194444 0
0 0.594444 0 0.0194444 0
0 0.594444 0 0.0194444 0
0 0.594444 0 0.0194444 0
0 0.594444 0 0.0194444 0
0 0.594444 0 0.0194444 0
0 0.594444 0 0.0194444 0
0 0.594444 0 0.0194444 0
0 0.594444 0 0.0194444 0
0 0.594444 0 0.0194444 0
0 0.594444 0 0.0194444 0
0 0.594444 0 0.0194444 0
0 0.594444 0 0.0194444 0
0 0.594444 0 0.0194444 0
0 0.594444 0 0.0194444 0
0 0.594444 0 0.0194444 0
0 0.594444 0 0.0194444 0
0 0.594444 0 0.0194444 0
0 0.594444 0 0.0194444 0
0 0.594444 0 0.0194444 0
0 0.594444 0 0.0194444 0
0 0.594444 0 0.0194444 0
0 0.594444 0 0.0194444 0
0 0.594444 0 0.0194444 0
0 0.594444 0 0.0194444 0
0 0.594444 0 0.0194444 0
0 0.594444 0 0.0194444 0
0 0.594444 0 0.0194444 0
0 0.594444 0 0.0194444 0
0 0.594444 0 0.0194444 0
0 0.594444 0 0.0194444 0
0 0.594444 0 0.0194444 0
0 0.594444 0 0.0194444 0
0 0.594444 0 0.0194444 0
0 0.594444 0 0.0194444 0
0 0.594444 0 0.0194444 0
0 0.594444 0 0.0194444 0
0 0.594444 0 0.0194444 0
0 0.594444 0 0.0194444 0
0 0.594444 0 0.0194444 0
0 0.594444 0 0.0194444 0
0 0.594444 0 0.0194444 0
0 0.594444 0 0.0194444 0
0 0.594444 0 0.0194444 0
0 0.594444 0 0.0194444 0
0 0.594444 0 0.0194444 0
0 0.594444 0 0.0194444 0
0 0.594444 0 0.0194444 0
0 0.594444 0 0.0194444 0
0 0.594444 0 0.0194444 0
0 0.594444 0 0.0194444 0
0 0.594444 0 0.0194444 0
0 0.594444 0 0.0194444 0
0 0.594444 0 0.0194444 0
0 0.594444 0 0.0194444 0
0 0.594444 0 0.0194444 0
0 0.594444 0 0.0194444 0
0 0.594444 0 0.0194444 0
0 0.594444 0 0.0194444 0
0 0.594444 0 0.0194444 0
0 0.594444 0 0.0194444 0
0 0.594444 0 0.0194444 0
0 0.594444 0 0.0194444 0
0 0.594444 0 0.0194444 0
0 0.594444 0 0.0194444 0
0 0.594444 0 0.0194444 0
0 0.594444 0 0.0194444 0
0 0.594444 0 0.0194444 0
0 0.594444 0 0.0194444 0
0 0.594444 0 0.0194444 0
0 0.594444 0 0.0194444 0
0 0.594444 0 0.0194444 0
0 0.594444 0 0.0194444 0
0 0.594444 0 0.0194444 0
0 0.594444 0 0.0194444 0
0 0.594444 0 0.0194444 0
0 0.594444 0 0.0194444 0
0 0.594444 0 0.0194444 0
0 0.594444 0 0.0194444 0
0 0.594444 0 0.0194444 0
0 0.594444 0 0.0194444 0
0 0.594444 0 0.0194444 0
0 0.594444 0 0.0194444 0
0 0.594444 0 0.0194444 0
0 0.594444 0 0.0194444 0
0 0.594444 0 0.0194444 0
0 0.594444 0 0.0194444 0
0 0.594444 0 0.0194444 0
0 0.602083 0 0.0208333 0
0 0.602083 0 0.0208333 0
0 0.610417 0 0.0208333 0
0 0.627083 0 0.0208333 0
0 0.635417 0 0.0208333 0
0 0.643056 0 0.0194444 0
0 0.643056 0 0.0194444 0
0 0.654167 0 0.0222222 0
0 0.6625 0 0.0194444 0
0 0.6625 0 0.0194444 0
0 0.670833 0 0.0222222 0
0 0.670833 0 0.0222222 0
0 0.679167 0 0.0222222 0
0 0.692361 0 0.0208333 0
0 0.70625 0 0.0208333 0
0 0.718056 0 0.0222222 0
0 0.732639 0 0.0208333 0
0 0.744444 0 0.0222222 0
0 0.756944 0 0.0222222 0
0 0.756944 0 0.0222222 0
0 0.772222 0 0.0222222 0
0 0.788889 0 0.0222222 0
0 0.802083 0 0.0208333 0
0 0.819444 0 0.0222222 0
0 0.819444 0 0.0222222 0
0 0.833333 0 0.0222222 0
0 0.850694 0 0.0208333 0
0 0.863889 0 0.0222222 0
0 0.871528 0 0.0236111 0
0 0.888889 0 0.0222222 0
0 0.903472 0 0.0236111 0
0 0.918056 0 0.0222222 0
0 0.936806 0 0.0208333 0
0 0.936806 0 0.0208333 0
0 0.956944 0 0.0222222 0
0 0.970139 0 0.0236111 0
0 0.988194 0 0.0208333 0
0 0.995833 0 0.00555556 0
0 0.46875 0 0.0208333 0
0 0.466667 0 0.0222222 0
0 0.466667 0 0.0222222 0
0 0.465278 0 0.0222222 0
0 0.464583 0 0.0208333 0
0 0.4625 0 0.0194444 0
0 0.461111 0 0.0222222 0
0 0.459722 0 0.0222222 0
0 0.459028 0 0.0236111 0
0 0.458333 0 0.0222222 0
0 0.457639 0 0.0208333 0
0 0.457639 0 0.0208333 0
0 0.457639 0 0.0208333 0
0 0.45625 0 0.0208333 0
0 0.45625 0 0.0208333 0
0 0.455556 0 0.0222222 0
0 0.454861 0 0.0208333 0
0 0.455556 0 0.0222222 0
0 0.455556 0 0.0222222 0
0 0.455556 0 0.0222222 0
0 0.45625 0 0.0208333 0
0 0.45625 0 0.0208333 0
0 0.45625 0 0.0208333 0
0 0.457639 0 0.0208333 0
0 0.457639 0 0.0208333 0
0 0.459028 0 0.0236111 0
0 0.459722 0 0.0222222 0
0 0.460417 0 0.0208333 0
0 0.461806 0 0.0208333 0
0 0.463194 0 0.0208333 0
0 0.464583 0 0.0208333 0
0 0.465972 0.5 0.0208333 1
0 0.466667 0.5 0.0222222 1
0 0.468056 0.5 0.0222222 1
0 0.469444 0.5 0.0194444 1
0 0.470139 0.5 0.0180556 1
0 0.471528 0.5 0.0180556 1
0 0.472917 0.5 0.0152778 1
0 0.529167 0 0.0222222 0
0 0.535417 0 0.0208333 0
0 0.541667 0 0.0222222 0
0 0.547917 0 0.0208333 0
0 0.554861 0 0.0208333 0
0 0.5625 0 0.0194444 0
0 0.570833 0 0.0194444 0
0 0.579861 0 0.0208333 0
0 0.5875 0 0.0194444 0
0 0.59375 0 0.0208333 0
0 0.601389 0 0.0194444 0
0 0.608333 0 0.0222222 0
0 0.620833 0 0.0222222 0
0 0.63125 0 0.0208333 0
0 0.638889 0 0.0222222 0
0 0.645139 0 0.0208333 0
0 0.655556 0 0.0222222 0
0 0.6625 0 0.0194444 0
0 0.670833 0 0.0222222 0
0 0.681944 0 0.0222222 0
0 0.69375 0 0.0208333 0
0 0.704861 0 0.0208333 0
0 0.717361 0 0.0236111 0
0 0.729861 0 0.0208333 0
0 0.741667 0 0.0222222 0
0 0.747222 0 0.0222222 0
0 0.747222 0 0.0222222 0
0 0.747222 0 0.0222222 0
0 0.747222 0 0.0222222 0
0 0.752778 0 0.0222222 0
0 0.765278 0 0.0222222 0
0 0.778472 0 0.0236111 0
0 0.806944 0 0.0222222 0
0 0.815278 0 0.0222222 0
0 0.825 0 0.0222222 0
0 0.825 0 0.0222222 0
0 0.838889 0 0.0222222 0
0 0.854167 0 0.0222222 0
0 0.859028 0 0.0236111 0
0 0.859028 0 0.0236111 0
0 0.859028 0 0.0236111 0
0 0.863194 0 0.0208333 0
0 0.877778 0 0.0222222 0
0 0.891667 0 0.0222222 0
0 0.902778 0 0.0222222 0
0 0.902778 0 0.0222222 0
0 0.915278 0 0.0222222 0
0 0.927778 0 0.0222222 0
0 0.940972 0 0.0236111 0
0 0.952083 0 0.0236111 0
0 0.963889 0 0.0222222 0
0 0.969444 0 0.0222222 0
0 0.969444 0 0.0222222 0
0 0.969444 0 0.0222222 0
0 0.975694 0 0.0208333 0
0 0.975694 0 0.0208333 0
0 0.989583 0 0.0208333 0
0 0.46875 0 0.0208333 0
0 0.468056 0 0.0222222 0
0 0.466667 0 0.0222222 0
0 0.466667 0 0.0222222 0
0 0.465278 0 0.0222222 0
0 0.464583 0 0.0208333 0
0 0.461111 0 0.0222222 0
0 0.460417 0 0.0208333 0
0 0.459722 0 0.0222222 0
0 0.458333 0 0.0222222 0
0 0.457639 0 0.0208333 0
0 0.457639 0 0.0208333 0
0 0.45625 0 0.0208333 0
0 0.45625 0 0.0208333 0
0 0.455556 0 0.0222222 0
0 0.455556 0 0.0222222 0
0 0.455556 0 0.0222222 0
0 0.455556 0 0.0222222 0
0 0.45625 0 0.0208333 0
0 0.457639 0 0.0208333 0
0 0.457639 0 0.0208333 0
0 0.457639 0 0.0208333 0
0 0.458333 0 0.0222222 0
0 0.460417 0 0.0208333 0
0 0.4625 0 0.0194444 0
0 0.464583 0 0.0208333 0
0 0.465972 0.5 0.0208333 1
0 0.467361 0.5 0.0236111 1
0 0.477778 0.5 0.0333333 1
0 0.469444 0.5 0.0194444 1
0 0.477083 0.5 0.0319444 1
0 0.469444 0.5 0.0194444 1
0 0.48125 0.5 0.0347222 1
0 0.470139 0.5 0.0180556 1
0 0.470833 0.5 0.0166667 1
0 0.472222 0.5 0.0166667 1
0 0.504167 0.5 0.05 1
0 0.504861 0.5 0.0513889 1
0 0.504861 0.5 0.0513889 1
0 0.504861 0.5 0.0513889 1
0 0.527778 0 0.0305556 0
0 0.527778 0 0.0194444 0
0 0.534028 0 0.0208333 0
0 0.541667 0 0.0222222 0
0 0.549306 0 0.0208333 0
0 0.557639 0 0.0208333 0
0 0.557639 0 0.0208333 0
0 0.564583 0 0.0208333 0
0 0.579167 0 0.0222222 0
0 0.579167 0 0.0222222 0
0 0.584028 0 0.0208333 0
0 0.595139 0 0.0208333 0
0 0.603472 0 0.0208333 0
0 0.611111 0 0.0222222 0
0 0.613194 0 0.0208333 0
0 0.613194 0 0.0208333 0
0 0.613194 0 0.0208333 0
0 0.613194 0 0.0208333 0
0 0.620833 0 0.0222222 0
0 0.620833 0 0.0222222 0
0 0.63125 0 0.0208333 0
0 0.641667 0 0.0222222 0
0 0.654167 0 0.0222222 0
0 0.665278 0 0.0222222 0
0 0.665278 0 0.0222222 0
0 0.678472 0 0.0236111 0
0 0.691667 0 0.0222222 0
0 0.698611 0 0.0222222 0
0 0.698611 0 0.0222222 0
0 0.698611 0 0.0222222 0
0 0.698611 0 0.0222222 0
0 0.698611 0 0.0222222 0
0 0.698611 0 0.0222222 0
0 0.710417 0 0.0208333 0
0 0.710417 0 0.0208333 0
0 0.725694 0 0.0208333 0
0 0.738194 0 0.0208333 0
0 0.752778 0 0.0222222 0
0 0.771528 0 0.0208333 0
0 0.771528 0 0.0208333 0
0 0.775 0 0.0222222 0
0 0.775 0 0.0222222 0
0 0.775 0 0.0222222 0
0 0.775 0 0.0222222 0
0 0.788889 0 0.0222222 0
0 0.798611 0 0.0222222 0
0 0.813889 0 0.0222222 0
0 0.813889 0 0.0222222 0
0 0.828472 0 0.0236111 0
0 0.845833 0 0.0222222 0
0 0.857639 0 0.0236111 0
0 0.872917 0 0.0236111 0
0 0.8875 0 0.0222222 0
0 0.8875 0 0.0222222 0
0 0.890278 0 0.025 0
0 0.890278 0 0.025 0
0 0.890278 0 0.025 0
0 0.890278 0 0.025 0
0 0.895139 0 0.0236111 0
0 0.909722 0 0.0222222 0
0 0.925 0 0.0222222 0
0 0.938889 0 0.0222222 0
0 0.95625 0 0.0236111 0
0 0.970139 0 0.0236111 0
0 0.970139 0 0.0236111 0
0 0.974306 0 0.0208333 0
0 0.974306 0 0.0208333 0
0 0.974306 0 0.0208333 0
0 0.974306 0 0.0208333 0
0 0.979861 0 0.0236111 0
0 0.995139 0 0.00972222 0
0 0.46875 0 0.0236111 0
0 0.466667 0 0.0222222 0
0 0.464583 0 0.0208333 0
0 0.461111 0 0.0222222 0
0 0.460417 0 0.0236111 0
0 0.460417 0 0.0236111 0
0 0.459722 0 0.0222222 0
0 0.458333 0 0.0222222 0
0 0.457639 0 0.0208333 0
0 0.456944 0 0.0222222 0
0 0.45625 0 0.0208333 0
0 0.45625 0 0.0208333 0
0 0.455556 0 0.0222222 0
0 0.45625 0 0.0208333 0
0 0.455556 0 0.0222222 0
0 0.45625 0 0.0208333 0
0 0.45625 0 0.0208333 0
0 0.457639 0 0.0208333 0
0 0.457639 0 0.0208333 0
0 0.457639 0 0.0208333 0
0 0.458333 0 0.0222222 0
0 0.459722 0 0.0222222 0
0 0.461806 0 0.0208333 0
0 0.4625 0 0.0194444 0
0 0.464583 0 0.0208333 0
0 0.465972 0.5 0.0208333 1
0 0.475694 0.5 0.0319444 1
0 0.468056 0.5 0.0222222 1
0 0.477778 0.5 0.0333333 1
0 0.470139 0.5 0.0208333 1
0 0.477778 0.5 0.0333333 1
0 0.469444 0.5 0.0194444 1
0 0.477778 0.5 0.0333333 1
0 0.469444 0.5 0.0194444 1
0 0.477778 0.5 0.0333333 1
0 0.469444 0.5 0.0194444 1
0 0.477778 0.5 0.0333333 1
0 0.469444 0.5 0.0194444 1
0 0.477778 0.5 0.0333333 1
0 0.469444 0.5 0.0194444 1
0 0.481944 0.5 0.0361111 1
0 0.470833 0.5 0.0194444 1
0 0.472917 0.5 0.0180556 1
0 0.472917 0.5 0.0180556 1
0 0.503472 0.5 0.0513889 1
0 0.504167 0.5 0.05 1
0 0.504167 0.5 0.05 1
0 0.528472 0 0.0208333 0
0 0.540278 0 0.0222222 0
0 0.540278 0 0.0222222 0
0 0.551389 0 0.0194444 0
0 0.561111 0 0.0222222 0
0 0.568056 0 0.0222222 0
0 0.575 0 0.0194444 0
0 0.575 0 0.0194444 0
0 0.575 0 0.0194444 0
0 0.575 0 0.0194444 0
0 0.575 0 0.0194444 0
0 0.577083 0 0.0208333 0
0 0.588889 0 0.0194444 0
0 0.597917 0 0.0208333 0
0 0.597917 0 0.0208333 0
0 0.609028 0 0.0208333 0
0 0.620833 0 0.0222222 0
0 0.633333 0 0.0222222 0
0 0.633333 0 0.0222222 0
0 0.633333 0 0.0222222 0
0 0.633333 0 0.0222222 0
0 0.633333 0 0.0222222 0
0 0.6375 0 0.0194444 0
0 0.649306 0 0.0208333 0
0 0.649306 0 0.0208333 0
0 0.658333 0 0.0222222 0
0 0.671528 0 0.0236111 0
0 0.684028 0 0.0236111 0
0 0.698611 0 0.0222222 0
0 0.698611 0 0.0222222 0
0 0.698611 0 0.0222222 0
0 0.698611 0 0.0222222 0
0 0.698611 0 0.0222222 0
0 0.698611 0 0.0222222 0
0 0.698611 0 0.0222222 0
0 0.707639 0 0.0208333 0
0 0.722222 0 0.0222222 0
0 0.605556 0 0.0527778 0
0 0.738194 0 0.0208333 0
0 0.752778 0 0.0222222 0
0 0.76875 0 0.0236111 0
0 0.775 0 0.0222222 0
0 0.775 0 0.0222222 0
0 0.775 0 0.0222222 0
0 0.775 0 0.0222222 0
0 0.779861 0 0.0236111 0
0 0.795139 0 0.0236111 0
0 0.795139 0 0.0236111 0
0 0.813194 0 0.0208333 0
0 0.830556 0 0.0222222 0
0 0.848611 0 0.0222222 0
0 0.860417 0 0.0236111 0
0 0.860417 0 0.0236111 0
0 0.860417 0 0.0236111 0
0 0.860417 0 0.0236111 0
0 0.860417 0 0.0236111 0
0 0.860417 0 0.0236111 0
0 0.865972 0 0.0236111 0
0 0.883333 0 0.025 0
0 0.901389 0 0.0222222 0
0 0.917361 0 0.0236111 0
0 0.929861 0 0.0236111 0
0 0.929861 0 0.0236111 0
0 0.94375 0 0.0236111 0
0 0.94375 0 0.0236111 0
0 0.94375 0 0.0236111 0
0 0.94375 0 0.0236111 0
0 0.94375 0 0.0236111 0
0 0.948611 0 0.0222222 0
0 0.967361 0 0.0236111 0
0 0.981944 0 0.0222222 0
0 0.995139 0 0.00972222 0
0 0.99375 0 0.00972222 0
0 0.46875 0 0.0208333 0
0 0.468056 0 0.0222222 0
0 0.46875 0 0.0236111 0
0 0.468056 0 0.0222222 0
0 0.466667 0 0.0222222 0
0 0.465278 0 0.0222222 0
0 0.464583 0 0.0208333 0
0 0.461111 0 0.0222222 0
0 0.460417 0 0.0208333 0
0 0.459722 0 0.0222222 0
0 0.458333 0 0.0222222 0
0 0.458333 0 0.0222222 0
0 0.458333 0 0.0222222 0
0 0.457639 0 0.0208333 0
0 0.456944 0 0.0194444 0
0 0.45625 0 0.0208333 0
0 0.45625 0 0.0208333 0
0 0.455556 0 0.0222222 0
0 0.455556 0 0.0222222 0
0 0.455556 0 0.0222222 0
0 0.45625 0 0.0208333 0
0 0.45625 0 0.0208333 0
0 0.457639 0 0.0208333 0
0 0.457639 0 0.0208333 0
0 0.458333 0 0.0222222 0
0 0.459722 0 0.0222222 0
0 0.461111 0 0.0222222 0
0 0.463194 0 0.0208333 0
0 0.463889 0 0.0194444 0
0 0.464583 0 0.0208333 0
0 0.466667 0.5 0.0222222 1
0 0.468056 0.5 0.0222222 1
0 0.468056 0.5 0.0222222 1
0 0.479167 0.5 0.0333333 1
0 0.469444 0.5 0.0194444 1
0 0.481944 0.5 0.0361111 1
0 0.470139 0.5 0.0180556 1
0 0.4875 0.5 0.0388889 1
0 0.472917 0.5 0.0180556 1
0 0.504167 0.5 0.0527778 1
0 0.502778 0.5 0.0444444 1
0 0.502778 0.5 0.0444444 1
0 0.502778 0.5 0.0444444 1
0 0.502778 0.5 0.0444444 1
0 0.502778 0.5 0.0444444 1
0 0.502778 0.5 0.0444444 1
0 0.502778 0.5 0.0444444 1
0 0.502778 0.5 0.0444444 1
0 0.502778 0.5 0.0444444 1
0 0.502778 0.5 0.0444444 1
0 0.504861 0.5 0.0513889 1
0 0.502778 0.5 0.0444444 1
0 0.502778 0.5 0.0444444 1
0 0.502778 0.5 0.0444444 1
0 0.502778 0.5 0.0444444 1
0 0.504861 0.5 0.0513889 1
0 0.504861 0.5 0.0513889 1
0 0.502778 0.5 0.0444444 1
0 0.504861 0.5 0.0513889 1
0 0.502778 0.5 0.0444444 1
0 0.502778 0.5 0.0444444 1
0 0.502778 0.5 0.0444444 1
0 0.502778 0.5 0.0444444 1
0 0.502778 0.5 0.0444444 1
0 0.504861 0.5 0.0513889 1
0 0.502778 0.5 0.0444444 1
0 0.504861 0.5 0.0513889 1
0 0.504861 0.5 0.0513889 1
0 0.504167 0.5 0.0527778 1
0 0.504861 0.5 0.0513889 1
0 0.532639 0 0.0208333 0
0 0.542361 0 0.0208333 0
0 0.552083 0 0.0208333 0
0 0.561806 0 0.0208333 0
0 0.56875 0 0.0208333 0
0 0.56875 0 0.0208333 0
0 0.569444 0 0.0194444 0
0 0.577778 0 0.0222222 0
0 0.588194 0 0.0208333 0
0 0.59375 0 0.0208333 0
0 0.603472 0 0.0208333 0
0 0.614583 0 0.0208333 0
0 0.625694 0 0.0208333 0
0 0.638194 0 0.0208333 0
0 0.645139 0 0.0208333 0
0 0.656944 0 0.0222222 0
0 0.667361 0 0.0236111 0
0 0.676389 0 0.0222222 0
0 0.681944 0 0.0222222 0
0 0.689583 0 0.0208333 0
0 0.701389 0 0.0222222 0
0 0.708333 0 0.0222222 0
0 0.71875 0 0.0208333 0
0 0.71875 0 0.0208333 0
0 0.71875 0 0.0208333 0
0 0.71875 0 0.0208333 0
0 0.71875 0 0.0208333 0
0 0.71875 0 0.0208333 0
0 0.71875 0 0.0208333 0
0 0.71875 0 0.0208333 0
0 0.71875 0 0.0208333 0
0 0.71875 0 0.0208333 0
0 0.71875 0 0.0208333 0
0 0.71875 0 0.0208333 0
0 0.71875 0 0.0208333 0
0 0.71875 0 0.0208333 0
0 0.71875 0 0.0208333 0
0 0.71875 0 0.0208333 0
0 0.71875 0 0.0208333 0
0 0.71875 0 0.0208333 0
0 0.71875 0 0.0208333 0
0 0.71875 0 0.0208333 0
0 0.71875 0 0.0208333 0
0 0.71875 0 0.0208333 0
0 0.71875 0 0.0208333 0
0 0.71875 0 0.0208333 0
0 0.71875 0 0.0208333 0
0 0.71875 0 0.0208333 0
0 0.71875 0 0.0208333 0
0 0.71875 0 0.0208333 0
0 0.71875 0 0.0208333 0
0 0.71875 0 0.0208333 0
0 0.71875 0 0.0208333 0
0 0.71875 0 0.0208333 0
0 0.71875 0 0.0208333 0
0 0.71875 0 0.0208333 0
0 0.71875 0 0.0208333 0
0 0.71875 0 0.0208333 0
0 0.71875 0 0.0208333 0
0 0.71875 0 0.0208333 0
0 0.71875 0 0.0208333 0
0 0.71875 0 0.0208333 0
0 0.71875 0 0.0208333 0
0 0.71875 0 0.0208333 0
0 0.71875 0 0.0208333 0
0 0.71875 0 0.0208333 0
0 0.71875 0 0.0208333 0
0 0.71875 0 0.0208333 0
0 0.71875 0 0.0208333 0
0 0.71875 0 0.0208333 0
0 0.71875 0 0.0208333 0
0 0.71875 0 0.0208333 0
0 0.71875 0 0.0208333 0
0 0.71875 0 0.0208333 0
0 0.71875 0 0.0208333 0
0 0.71875 0 0.0208333 0
0 0.71875 0 0.0208333 0
0 0.71875 0 0.0208333 0
0 0.71875 0 0.0208333 0
0 0.71875 0 0.0208333 0
0 0.71875 0 0.0208333 0
0 0.71875 0 0.0208333 0
0 0.71875 0 0.0208333 0
0 0.71875 0 0.0208333 0
0 0.71875 0 0.0208333 0
0 0.71875 0 0.0208333 0
0 0.71875 0 0.0208333 0
0 0.71875 0 0.0208333 0
0 0.71875 0 0.0208333 0
0 0.71875 0 0.0208333 0
0 0.71875 0 0.0208333 0
0 0.71875 0 0.0208333 0
0 0.71875 0 0.0208333 0
0 0.71875 0 0.0208333 0
0 0.71875 0 0.0208333 0
0 0.71875 0 0.0208333 0
0 0.71875 0 0.0208333 0
0 0.71875 0 0.0208333 0
0 0.71875 0 0.0208333 0
0 0.71875 0 0.0208333 0
0 0.71875 0 0.0208333 0
0 0.71875 0 0.0208333 0
0 0.71875 0 0.0208333 0
0 0.71875 0 0.0208333 0
0 0.71875 0 0.0208333 0
0 0.71875 0 0.0208333 0
0 0.71875 0 0.0208333 0
0 0.71875 0 0.0208333 0
0 0.71875 0 0.0208333 0
0 0.71875 0 0.0208333 0
0 0.71875 0 0.0208333 0
0 0.71875 0 0.0208333 0
0 0.71875 0 0.0208333 0
0 0.71875 0 0.0208333 0
0 0.71875 0 0.0208333 0
0 0.71875 0 0.0208333 0
0 0.71875 0 0.0208333 0
0 0.71875 0 0.0208333 0
0 0.71875 0 0.0208333 0
0 0.71875 0 0.0208333 0
0 0.71875 0 0.0208333 0
0 0.71875 0 0.0208333 0
0 0.71875 0 0.0208333 0
0 0.71875 0 0.0208333 0
0 0.71875 0 0.0208333 0
0 0.71875 0 0.0208333 0
0 0.71875 0 0.0208333 0
0 0.71875 0 0.0208333 0
0 0.71875 0 0.0208333 0
0 0.71875 0 0.0208333 0
0 0.71875 0 0.0208333 0
0 0.71875 0 0.0208333 0
0 0.71875 0 0.0208333 0
0 0.71875 0 0.0208333 0
0 0.71875 0 0.0208333 0
0 0.71875 0 0.0208333 0
0 0.71875 0 0.0208333 0
0 0.71875 0 0.0208333 0
0 0.71875 0 0.0208333 0
0 0.71875 0 0.0208333 0
0 0.71875 0 0.0208333 0
0 0.71875 0 0.0208333 0
0 0.71875 0 0.0208333 0
0 0.71875 0 0.0208333 0
0 0.71875 0 0.0208333 0
0 0.71875 0 0.0208333 0
0 0.71875 0 0.0208333 0
0 0.71875 0 0.0208333 0
0 0.71875 0 0.0208333 0
0 0.71875 0 0.0208333 0
0 0.71875 0 0.0208333 0
0 0.71875 0 0.0208333 0
0 0.71875 0 0.0208333 0
0 0.71875 0 0.0208333 0
0 0.71875 0 0.0208333 0
0 0.71875 0 0.0208333 0
0 0.71875 0 0.0208333 0
0 0.71875 0 0.0208333 0
0 0.71875 0 0.0208333 0
0 0.71875 0 0.0208333 0
0 0.71875 0 0.0208333 0
0 0.71875 0 0.0208333 0
0 0.71875 0 0.0208333 0
0 0.71875 0 0.0208333 0
0 0.71875 0 0.0208333 0
0 0.71875 0 0.0208333 0
0 0.71875 0 0.0208333 0
0 0.71875 0 0.0208333 0
0 0.71875 0 0.0208333 0
0 0.71875 0 0.0208333 0
0 0.71875 0 0.0208333 0
0 0.71875 0 0.0208333 0
0 0.71875 0 0.0208333 0
0 0.71875 0 0.0208333 0
0 0.71875 0 0.0208333 0
0 0.71875 0 0.0208333 0
0 0.71875 0 0.0208333 0
0 0.71875 0 0.0208333 0
0 0.71875 0 0.0208333 0
0 0.71875 0 0.0208333 0
0 0.71875 0 0.0208333 0
0 0.71875 0 0.0208333 0
0 0.71875 0 0.0208333 0
0 0.71875 0 0.0208333 0
0 0.71875 0 0.0208333 0
0 0.71875 0 0.0208333 0
0 0.71875 0 0.0208333 0
0 0.71875 0 0.0208333 0
0 0.71875 0 0.0208333 0
0 0.71875 0 0.0208333 0
0 0.71875 0 0.0208333 0
0 0.71875 0 0.0208333 0
0 0.71875 0 0.0208333 0
0 0.71875 0 0.0208333 0
0 0.71875 0 0.0208333 0
0 0.71875 0 0.0208333 0
0 0.71875 0 0.0208333 0
0 0.71875 0 0.0208333 0
0 0.71875 0 0.0208333 0
0 0.71875 0 0.0208333 0
0 0.71875 0 0.0208333 0
0 0.71875 0 0.0208333 0
0 0.720833 0 0.0222222 0
0 0.720833 0 0.0222222 0
0 0.730556 0 0.0222222 0
0 0.753472 0 0.0236111 0
0 0.753472 0 0.0236111 0
0 0.763889 0 0.0222222 0
0 0.775 0 0.0222222 0
0 0.788889 0 0.0222222 0
0 0.8 0 0.0222222 0
0 0.807639 0 0.0236111 0
0 0.811111 0 0.0222222 0
0 0.822917 0 0.0236111 0
0 0.834028 0 0.0236111 0
0 0.852083 0 0.0236111 0
0 0.852083 0 0.0236111 0
0 0.867361 0 0.0236111 0
0 0.88125 0 0.0236111 0
0 0.89375 0 0.0236111 0
0 0.906944 0 0.0222222 0
0 0.918056 0 0.0222222 0
0 0.933333 0 0.025 0
0 0.944444 0 0.0222222 0
0 0.9625 0 0.0222222 0
0 0.9625 0 0.0222222 0
0 0.98125 0 0.0236111 0
0 0.99375 0 0.00972222 0
0 0.46875 0 0.0208333 0
0 0.466667 0 0.0222222 0
0 0.466667 0 0.0222222 0
0 0.465278 0 0.0222222 0
0 0.464583 0 0.0208333 0
0 0.463194 0 0.0208333 0
0 0.461111 0 0.0222222 0
0 0.460417 0 0.0208333 0
0 0.459722 0 0.0222222 0
0 0.458333 0 0.0222222 0
0 0.457639 0 0.0208333 0
0 0.457639 0 0.0208333 0
0 0.456944 0 0.0222222 0
0 0.45625 0 0.0236111 0
0 0.455556 0 0.0222222 0
0 0.454861 0 0.0236111 0
0 0.454167 0 0.0222222 0
0 0.454167 0 0.0222222 0
0 0.453472 0 0.0236111 0
0 0.452778 0 0.0222222 0
0 0.452778 0 0.0222222 0
0 0.452778 0 0.0222222 0
0 0.452778 0 0.0222222 0
0 0.452778 0 0.0222222 0
0 0.452778 0 0.0222222 0
0 0.452778 0 0.0222222 0
0 0.452778 0 0.0222222 0
0 0.453472 0 0.0208333 0
0 0.454167 0 0.0222222 0
0 0.454167 0 0.0222222 0
0 0.454167 0 0.0222222 0
0 0.454167 0.5 0.0222222 1
0 0.454861 0.5 0.0208333 1
0 0.455556 0.5 0.0222222 1
0 0.455556 0.5 0.0222222 1
0 0.456944 0.5 0.0194444 1
0 0.457639 0.5 0.0208333 1
0 0.457639 0.5 0.0208333 1
0 0.457639 0.5 0.0208333 1
0 0.458333 0.5 0.0222222 1
0 0.457639 0.5 0.0208333 1
0 0.458333 0.5 0.0222222 1
0 0.458333 0.5 0.0222222 1
0 0.457639 0 0.0208333 0
0 0.457639 0 0.0208333 0
0 0.458333 0 0.0222222 0
0 0.459028 0 0.0208333 0
0 0.459028 0 0.0208333 0
0 0.459028 0 0.0208333 0
0 0.459028 0 0.0208333 0
0 0.459028 0 0.0208333 0
0 0.459028 0 0.0208333 0
0 0.460417 0 0.0208333 0
0 0.464583 0 0.0208333 0
0 0.470139 0 0.0208333 0
0 0.476389 0 0.0194444 0
0 0.479861 0 0.0208333 0
0 0.48125 0 0.0208333 0
0 0.48125 0 0.0208333 0
0 0.48125 0 0.0208333 0
0 0.48125 0 0.0208333 0
0 0.48125 0 0.0208333 0
0 0.484028 0 0.0208333 0
0 0.4875 0 0.0194444 0
0 0.4875 0 0.0194444 0
0 0.490972 0 0.0208333 0
0 0.496528 0 0.0208333 0
0 0.497917 0 0.0208333 0
0 0.503472 0 0.0208333 0
0 0.506944 0 0.0194444 0
0 0.508333 0 0.0222222 0
0 0.508333 0 0.0222222 0
0 0.508333 0 0.0222222 0
0 0.508333 0 0.0222222 0
0 0.508333 0 0.0222222 0
0 0.508333 0 0.0222222 0
0 0.511806 0 0.0208333 0
0 0.514583 0 0.0208333 0
0 0.518056 0 0.0222222 0
0 0.521528 0 0.0208333 0
0 0.522917 0 0.0208333 0
0 0.524306 0 0.0208333 0
0 0.528472 0 0.0208333 0
0 0.532639 0 0.0208333 0
0 0.534722 0 0.0222222 0
0 0.539583 0 0.0208333 0
0 0.541667 0 0.0222222 0
0 0.54375 0 0.0208333 0
0 0.546528 0 0.0208333 0
0 0.547917 0 0.0208333 0
0 0.551389 0 0.0194444 0
0 0.553472 0 0.0208333 0
0 0.55625 0 0.0208333 0
0 0.558333 0 0.0194444 0
0 0.561806 0 0.0208333 0
0 0.565278 0 0.0194444 0
0 0.565278 0 0.0194444 0
0 0.569444 0 0.0194444 0
0 0.571528 0 0.0208333 0
0 0.571528 0 0.0208333 0
0 0.571528 0 0.0208333 0
0 0.571528 0 0.0208333 0
0 0.571528 0 0.0208333 0
0 0.571528 0 0.0208333 0
0 0.576389 0 0.0194444 0
0 0.579861 0 0.0208333 0
0 0.582639 0 0.0208333 0
0 0.585417 0 0.0208333 0
0 0.588889 0 0.0194444 0
0 0.588889 0 0.0194444 0
0 0.588889 0 0.0194444 0
0 0.588889 0 0.0194444 0
0 0.588889 0 0.0194444 0
0 0.588889 0 0.0194444 0
0 0.594444 0 0.0194444 0
0 0.599306 0 0.0208333 0
0 0.604861 0 0.0208333 0
0 0.611111 0 0.0194444 0
0 0.617361 0 0.0208333 0
0 0.617361 0 0.0208333 0
0 0.625 0 0.0194444 0
0 0.635417 0 0.0208333 0
0 0.640972 0 0.0208333 0
0 0.640972 0 0.0208333 0
0 0.640972 0 0.0208333 0
0 0.640972 0 0.0208333 0
0 0.640972 0 0.0208333 0
0 0.642361 0 0.0208333 0
0 0.652083 0 0.0208333 0
0 0.661806 0 0.0208333 0
0 0.675694 0 0.0208333 0
0 0.690972 0 0.0208333 0
0 0.702778 0 0.0222222 0
0 0.702778 0 0.0222222 0
0 0.708333 0 0.0222222 0
0 0.708333 0 0.0222222 0
0 0.708333 0 0.0222222 0
0 0.708333 0 0.0222222 0
0 0.726389 0 0.0222222 0
0 0.726389 0 0.0222222 0
0 0.745139 0 0.0208333 0
0 0.765278 0 0.0222222 0
0 0.781944 0 0.0222222 0
0 0.805556 0 0.0222222 0
0 0.809722 0 0.025 0
0 0.810417 0 0.0236111 0
0 0.810417 0 0.0236111 0
0 0.810417 0 0.0236111 0
0 0.83125 0 0.0236111 0
0 0.852778 0 0.025 0
0 0.881944 0 0.025 0
0 0.881944 0 0.025 0
0 0.501389 0.5 0.0472222 1
0 0.908333 0 0.0277778 0
0 0.942361 0 0.0263889 0
0 0.501389 0.5 0.0472222 1
0 0.961806 0 0.0263889 0
0 0.961806 0 0.0263889 0
0 0.961806 0 0.0263889 0
0 0.968056 0 0.0277778 0
0 0.968056 0 0.0277778 0
0 0.468056 0 0.0222222 0
0 0.466667 0 0.0222222 0
0 0.466667 0 0.0222222 0
0 0.465278 0 0.0222222 0
0 0.464583 0 0.0208333 0
0 0.4625 0 0.0194444 0
0 0.459722 0 0.0222222 0
0 0.458333 0 0.0222222 0
0 0.458333 0 0.0222222 0
0 0.456944 0 0.0222222 0
0 0.454861 0 0.0236111 0
0 0.454861 0 0.0236111 0
0 0.454861 0 0.0236111 0
0 0.454861 0 0.0236111 0
0 0.454167 0 0.0222222 0
0 0.454167 0 0.0222222 0
0 0.454167 0 0.0222222 0
0 0.453472 0 0.0208333 0
0 0.452778 0 0.0222222 0
0 0.452778 0 0.0222222 0
0 0.454167 0 0.0222222 0
0 0.454167 0 0.0222222 0
0 0.454167 0 0.0222222 0
0 0.454167 0 0.0222222 0
0 0.454167 0 0.0222222 0
0 0.454861 0 0.0236111 0
0 0.455556 0.5 0.0222222 1
0 0.455556 0.5 0.0222222 1
0 0.455556 0.5 0.0222222 1
0 0.455556 0.5 0.0222222 1
0 0.455556 0.5 0.0222222 1
0 0.455556 0.5 0.0222222 1
0 0.456944 0.5 0.0194444 1
0 0.457639 0.5 0.0208333 1
0 0.457639 0.5 0.0208333 1
0 0.457639 0.5 0.0208333 1
0 0.458333 0.5 0.0222222 1
0 0.458333 0.5 0.0222222 1
0 0.458333 0.5 0.0222222 1
0 0.458333 0.5 0.0222222 1
0 0.458333 0.5 0.0222222 1
0 0.458333 0.5 0.0222222 1
0 0.458333 0.5 0.0222222 1
0 0.459028 0.5 0.0208333 1
0 0.459028 0.5 0.0208333 1
0 0.459028 0.5 0.0208333 1
0 0.459028 0.5 0.0208333 1
0 0.459028 0 0.0208333 0
0 0.459028 0 0.0208333 0
0 0.460417 0 0.0208333 0
0 0.463194 0 0.0208333 0
0 0.464583 0 0.0208333 0
0 0.464583 0 0.0208333 0
0 0.464583 0 0.0208333 0
0 0.464583 0 0.0208333 0
0 0.464583 0 0.0208333 0
0 0.465972 0 0.0208333 0
0 0.472222 0 0.0222222 0
0 0.477083 0 0.0208333 0
0 0.480556 0 0.0194444 0
0 0.484028 0 0.0208333 0
0 0.488889 0 0.0194444 0
0 0.488889 0 0.0194444 0
0 0.488889 0 0.0194444 0
0 0.488889 0 0.0194444 0
0 0.488889 0 0.0194444 0
0 0.490278 0 0.0194444 0
0 0.494444 0 0.0194444 0
0 0.497917 0 0.0208333 0
0 0.501389 0 0.0194444 0
0 0.505556 0 0.0222222 0
0 0.509028 0 0.0208333 0
0 0.509028 0 0.0208333 0
0 0.509028 0 0.0208333 0
0 0.509028 0 0.0208333 0
0 0.509028 0 0.0208333 0
0 0.510417 0 0.0208333 0
0 0.513889 0 0.0194444 0
0 0.516667 0 0.0222222 0
0 0.516667 0 0.0222222 0
0 0.520139 0 0.0208333 0
0 0.522917 0 0.0208333 0
0 0.526389 0 0.0194444 0
0 0.529167 0 0.0222222 0
0 0.531944 0 0.0194444 0
0 0.536111 0 0.0222222 0
0 0.540278 0 0.0222222 0
0 0.540278 0 0.0222222 0
0 0.542361 0 0.0208333 0
0 0.542361 0 0.0208333 0
0 0.542361 0 0.0208333 0
0 0.542361 0 0.0208333 0
0 0.544444 0 0.0194444 0
0 0.546528 0 0.0208333 0
0 0.55 0 0.0194444 0
0 0.55 0 0.0194444 0
0 0.553472 0 0.0208333 0
0 0.557639 0 0.0208333 0
0 0.561111 0 0.0222222 0
0 0.569444 0 0.0194444 0
0 0.570833 0 0.0194444 0
0 0.572917 0 0.0208333 0
0 0.576389 0 0.0194444 0
0 0.576389 0 0.0194444 0
0 0.579861 0 0.0208333 0
0 0.579861 0 0.0208333 0
0 0.579861 0 0.0208333 0
0 0.579861 0 0.0208333 0
0 0.579861 0 0.0208333 0
0 0.582639 0 0.0208333 0
0 0.582639 0 0.0208333 0
0 0.582639 0 0.0208333 0
0 0.582639 0 0.0208333 0
0 0.582639 0 0.0208333 0
0 0.582639 0 0.0208333 0
0 0.582639 0 0.0208333 0
0 0.582639 0 0.0208333 0
0 0.582639 0 0.0208333 0
0 0.582639 0 0.0208333 0
0 0.582639 0 0.0208333 0
0 0.582639 0 0.0208333 0
0 0.582639 0 0.0208333 0
0 0.582639 0 0.0208333 0
0 0.582639 0 0.0208333 0
0 0.582639 0 0.0208333 0
0 0.582639 0 0.0208333 0
0 0.582639 0 0.0208333 0
0 0.582639 0 0.0208333 0
0 0.582639 0 0.0208333 0
0 0.582639 0 0.0208333 0
0 0.582639 0 0.0208333 0
0 0.582639 0 0.0208333 0
0 0.582639 0 0.0208333 0
0 0.582639 0 0.0208333 0
0 0.582639 0 0.0208333 0
0 0.582639 0 0.0208333 0
0 0.582639 0 0.0208333 0
0 0.582639 0 0.0208333 0
0 0.582639 0 0.0208333 0
0 0.582639 0 0.0208333 0
0 0.582639 0 0.0208333 0
0 0.582639 0 0.0208333 0
0 0.582639 0 0.0208333 0
0 0.582639 0 0.0208333 0
0 0.582639 0 0.0208333 0
0 0.582639 0 0.0208333 0
0 0.582639 0 0.0208333 0
0 0.582639 0 0.0208333 0
0 0.582639 0 0.0208333 0
0 0.582639 0 0.0208333 0
0 0.582639 0 0.0208333 0
0 0.582639 0 0.0208333 0
0 0.582639 0 0.0208333 0
0 0.582639 0 0.0208333 0
0 0.582639 0 0.0208333 0
0 0.582639 0 0.0208333 0
0 0.582639 0 0.0208333 0
0 0.582639 0 0.0208333 0
0 0.582639 0 0.0208333 0
0 0.582639 0 0.0208333 0
0 0.582639 0 0.0208333 0
0 0.582639 0 0.0208333 0
0 0.582639 0 0.0208333 0
0 0.582639 0 0.0208333 0
0 0.582639 0 0.0208333 0
0 0.582639 0 0.0208333 0
0 0.582639 0 0.0208333 0
0 0.582639 0 0.0208333 0
0 0.582639 0 0.0208333 0
0 0.582639 0 0.0208333 0
0 0.582639 0 0.0208333 0
0 0.582639 0 0.0208333 0
0 0.582639 0 0.0208333 0
0 0.582639 0 0.0208333 0
0 0.582639 0 0.0208333 0
0 0.582639 0 0.0208333 0
0 0.582639 0 0.0208333 0
0 0.582639 0 0.0208333 0
0 0.582639 0 0.0208333 0
0 0.582639 0 0.0208333 0
0 0.582639 0 0.0208333 0
0 0.582639 0 0.0208333 0
0 0.582639 0 0.0208333 0
0 0.582639 0 0.0208333 0
0 0.582639 0 0.0208333 0
0 0.582639 0 0.0208333 0
0 0.582639 0 0.0208333 0
0 0.582639 0 0.0208333 0
0 0.582639 0 0.0208333 0
0 0.582639 0 0.0208333 0
0 0.582639 0 0.0208333 0
0 0.582639 0 0.0208333 0
0 0.582639 0 0.0208333 0
0 0.582639 0 0.0208333 0
0 0.582639 0 0.0208333 0
0 0.582639 0 0.0208333 0
0 0.582639 0 0.0208333 0
0 0.582639 0 0.0208333 0
0 0.582639 0 0.0208333 0
0 0.582639 0 0.0208333 0
0 0.582639 0 0.0208333 0
0 0.582639 0 0.0208333 0
0 0.582639 0 0.0208333 0
0 0.582639 0 0.0208333 0
0 0.582639 0 0.0208333 0
0 0.582639 0 0.0208333 0
0 0.582639 0 0.0208333 0
0 0.582639 0 0.0208333 0
0 0.582639 0 0.0208333 0
0 0.582639 0 0.0208333 0
0 0.582639 0 0.0208333 0
0 0.582639 0 0.0208333 0
0 0.582639 0 0.0208333 0
0 0.582639 0 0.0208333 0
0 0.582639 0 0.0208333 0
0 0.582639 0 0.0208333 0
0 0.582639 0 0.0208333 0
0 0.582639 0 0.0208333 0
0 0.582639 0 0.0208333 0
0 0.582639 0 0.0208333 0
0 0.582639 0 0.0208333 0
0 0.582639 0 0.0208333 0
0 0.582639 0 0.0208333 0
0 0.582639 0 0.0208333 0
0 0.582639 0 0.0208333 0
0 0.582639 0 0.0208333 0
0 0.582639 0 0.0208333 0
0 0.582639 0 0.0208333 0
0 0.582639 0 0.0208333 0
0 0.582639 0 0.0208333 0
0 0.582639 0 0.0208333 0
0 0.582639 0 0.0208333 0
0 0.582639 0 0.0208333 0
0 0.582639 0 0.0208333 0
0 0.582639 0 0.0208333 0
0 0.582639 0 0.0208333 0
0 0.582639 0 0.0208333 0
0 0.582639 0 0.0208333 0
0 0.582639 0 0.0208333 0
0 0.582639 0 0.0208333 0
0 0.582639 0 0.0208333 0
0 0.582639 0 0.0208333 0
0 0.582639 0 0.0208333 0
0 0.582639 0 0.0208333 0
0 0.582639 0 0.0208333 0
0 0.582639 0 0.0208333 0
0 0.582639 0 0.0208333 0
0 0.582639 0 0.0208333 0
0 0.582639 0 0.0208333 0
0 0.582639 0 0.0208333 0
0 0.582639 0 0.0208333 0
0 0.582639 0 0.0208333 0
0 0.582639 0 0.0208333 0
0 0.582639 0 0.0208333 0
0 0.582639 0 0.0208333 0
0 0.582639 0 0.0208333 0
0 0.582639 0 0.0208333 0
0 0.583333 0 0.0194444 0
0 0.582639 0 0.0208333 0
0 0.582639 0 0.0208333 0
0 0.582639 0 0.0208333 0
0 0.582639 0 0.0208333 0
0 0.582639 0 0.0208333 0
0 0.582639 0 0.0208333 0
0 0.582639 0 0.0208333 0
0 0.582639 0 0.0208333 0
0 0.583333 0 0.0194444 0
0 0.583333 0 0.0194444 0
0 0.583333 0 0.0194444 0
0 0.583333 0 0.0194444 0
0 0.583333 0 0.0194444 0
0 0.583333 0 0.0194444 0
0 0.583333 0 0.0194444 0
0 0.583333 0 0.0194444 0
0 0.583333 0 0.0194444 0
0 0.583333 0 0.0194444 0
0 0.583333 0 0.0194444 0
0 0.583333 0 0.0194444 0
0 0.583333 0 0.0194444 0
0 0.583333 0 0.0194444 0
0 0.583333 0 0.0194444 0
0 0.583333 0 0.0194444 0
0 0.583333 0 0.0194444 0
0 0.583333 0 0.0194444 0
0 0.583333 0 0.0194444 0
0 0.583333 0 0.0194444 0
0 0.583333 0 0.0194444 0
0 0.583333 0 0.0194444 0
0 0.583333 0 0.0194444 0
0 0.583333 0 0.0194444 0
0 0.583333 0 0.0194444 0
0 0.583333 0 0.0194444 0
0 0.583333 0 0.0194444 0
0 0.583333 0 0.0194444 0
0 0.583333 0 0.0194444 0
0 0.583333 0 0.0194444 0
0 0.583333 0 0.0194444 0
0 0.583333 0 0.0194444 0
0 0.582639 0 0.0208333 0
0 0.583333 0 0.0194444 0
0 0.583333 0 0.0194444 0
0 0.583333 0 0.0194444 0
0 0.583333 0 0.0194444 0
0 0.583333 0 0.0194444 0
0 0.583333 0 0.0194444 0
0 0.583333 0 0.0194444 0
0 0.583333 0 0.0194444 0
0 0.582639 0 0.0208333 0
0 0.583333 0 0.0194444 0
0 0.582639 0 0.0208333 0
0 0.582639 0 0.0208333 0
0 0.582639 0 0.0208333 0
0 0.582639 0 0.0208333 0
0 0.583333 0 0.0194444 0
0 0.582639 0 0.0208333 0
0 0.582639 0 0.0208333 0
0 0.582639 0 0.0208333 0
0 0.582639 0 0.0208333 0
0 0.582639 0 0.0208333 0
0 0.582639 0 0.0208333 0
0 0.582639 0 0.0208333 0
0 0.582639 0 0.0208333 0
0 0.582639 0 0.0208333 0
0 0.582639 0 0.0208333 0
0 0.582639 0 0.0208333 0
0 0.582639 0 0.0208333 0
0 0.582639 0 0.0208333 0
0 0.582639 0 0.0208333 0
0 0.582639 0 0.0208333 0
0 0.582639 0 0.0208333 0
0 0.582639 0 0.0208333 0
0 0.582639 0 0.0208333 0
0 0.582639 0 0.0208333 0
0 0.582639 0 0.0208333 0
0 0.582639 0 0.0208333 0
0 0.582639 0 0.0208333 0
0 0.582639 0 0.0208333 0
0 0.582639 0 0.0208333 0
0 0.582639 0 0.0208333 0
0 0.582639 0 0.0208333 0
0 0.582639 0 0.0208333 0
0 0.582639 0 0.0208333 0
0 0.582639 0 0.0208333 0
0 0.582639 0 0.0208333 0
0 0.582639 0 0.0208333 0
0 0.582639 0 0.0208333 0
0 0.582639 0 0.0208333 0
0 0.582639 0 0.0208333 0
0 0.582639 0 0.0208333 0
0 0.582639 0 0.0208333 0
0 0.582639 0 0.0208333 0
0 0.582639 0 0.0208333 0
0 0.582639 0 0.0208333 0
0 0.582639 0 0.0208333 0
0 0.582639 0 0.0208333 0
0 0.582639 0 0.0208333 0
0 0.582639 0 0.0208333 0
0 0.582639 0 0.0208333 0
0 0.582639 0 0.0208333 0
0 0.582639 0 0.0208333 0
0 0.582639 0 0.0208333 0
0 0.582639 0 0.0208333 0
0 0.582639 0 0.0208333 0
0 0.582639 0 0.0208333 0
0 0.582639 0 0.0208333 0
0 0.582639 0 0.0208333 0
0 0.582639 0 0.0208333 0
0 0.582639 0 0.0208333 0
0 0.582639 0 0.0208333 0
0 0.582639 0 0.0208333 0
0 0.582639 0 0.0208333 0
0 0.582639 0 0.0208333 0
0 0.582639 0 0.0208333 0
0 0.582639 0 0.0208333 0
0 0.582639 0 0.0208333 0
0 0.582639 0 0.0208333 0
0 0.582639 0 0.0208333 0
0 0.582639 0 0.0208333 0
0 0.582639 0 0.0208333 0
0 0.582639 0 0.0208333 0
0 0.582639 0 0.0208333 0
0 0.582639 0 0.0208333 0
0 0.582639 0 0.0208333 0
0 0.582639 0 0.0208333 0
0 0.582639 0 0.0208333 0
0 0.582639 0 0.0208333 0
0 0.582639 0 0.0208333 0
0 0.582639 0 0.0208333 0
0 0.582639 0 0.0208333 0
0 0.582639 0 0.0208333 0
0 0.582639 0 0.0208333 0
0 0.582639 0 0.0208333 0
0 0.582639 0 0.0208333 0
0 0.582639 0 0.0208333 0
0 0.582639 0 0.0208333 0
0 0.582639 0 0.0208333 0
0 0.582639 0 0.0208333 0
0 0.582639 0 0.0208333 0
0 0.582639 0 0.0208333 0
0 0.582639 0 0.0208333 0
0 0.582639 0 0.0208333 0
0 0.582639 0 0.0208333 0
0 0.582639 0 0.0208333 0
0 0.582639 0 0.0208333 0
0 0.582639 0 0.0208333 0
0 0.582639 0 0.0208333 0
0 0.582639 0 0.0208333 0
0 0.582639 0 0.0208333 0
0 0.582639 0 0.0208333 0
0 0.582639 0 0.0208333 0
0 0.582639 0 0.0208333 0
0 0.582639 0 0.0208333 0
0 0.582639 0 0.0208333 0
0 0.583333 0 0.0194444 0
0 0.582639 0 0.0208333 0
0 0.582639 0 0.0208333 0
0 0.582639 0 0.0208333 0
0 0.582639 0 0.0208333 0
0 0.582639 0 0.0208333 0
0 0.582639 0 0.0208333 0
0 0.582639 0 0.0208333 0
0 0.582639 0 0.0208333 0
0 0.583333 0 0.0194444 0
0 0.582639 0 0.0208333 0
0 0.583333 0 0.0194444 0
0 0.583333 0 0.0194444 0
0 0.582639 0 0.0208333 0
0 0.582639 0 0.0208333 0
0 0.582639 0 0.0208333 0
0 0.582639 0 0.0208333 0
0 0.583333 0 0.0194444 0
0 0.583333 0 0.0194444 0
0 0.582639 0 0.0208333 0
0 0.583333 0 0.0194444 0
0 0.583333 0 0.0194444 0
0 0.583333 0 0.0194444 0
0 0.583333 0 0.0194444 0
0 0.583333 0 0.0194444 0
0 0.583333 0 0.0194444 0
0 0.583333 0 0.0194444 0
0 0.583333 0 0.0194444 0
0 0.583333 0 0.0194444 0
0 0.583333 0 0.0194444 0
0 0.583333 0 0.0194444 0
0 0.583333 0 0.0194444 0
0 0.583333 0 0.0194444 0
0 0.583333 0 0.0194444 0
0 0.583333 0 0.0194444 0
0 0.583333 0 0.0194444 0
0 0.583333 0 0.0194444 0
0 0.583333 0 0.0194444 0
0 0.583333 0 0.0194444 0
0 0.583333 0 0.0194444 0
0 0.583333 0 0.0194444 0
0 0.583333 0 0.0194444 0
0 0.583333 0 0.0194444 0
0 0.583333 0 0.0194444 0
0 0.583333 0 0.0194444 0
0 0.583333 0 0.0194444 0
0 0.583333 0 0.0194444 0
0 0.583333 0 0.0194444 0
0 0.583333 0 0.0194444 0
0 0.583333 0 0.0194444 0
0 0.583333 0 0.0194444 0
0 0.583333 0 0.0194444 0
0 0.583333 0 0.0194444 0
0 0.583333 0 0.0194444 0
0 0.583333 0 0.0194444 0
0 0.583333 0 0.0194444 0
0 0.583333 0 0.0194444 0
0 0.583333 0 0.0194444 0
0 0.583333 0 0.0194444 0
0 0.583333 0 0.0194444 0
0 0.583333 0 0.0194444 0
0 0.583333 0 0.0194444 0
0 0.583333 0 0.0194444 0
0 0.583333 0 0.0194444 0
0 0.583333 0 0.0194444 0
0 0.583333 0 0.0194444 0
0 0.583333 0 0.0194444 0
0 0.583333 0 0.0194444 0
0 0.583333 0 0.0194444 0
0 0.583333 0 0.0194444 0
0 0.583333 0 0.0194444 0
0 0.583333 0 0.0194444 0
0 0.583333 0 0.0194444 0
0 0.583333 0 0.0194444 0
0 0.583333 0 0.0194444 0
0 0.583333 0 0.0194444 0
0 0.583333 0 0.0194444 0
0 0.583333 0 0.0194444 0
0 0.583333 0 0.0194444 0
0 0.583333 0 0.0194444 0
0 0.583333 0 0.0194444 0
0 0.583333 0 0.0194444 0
0 0.583333 0 0.0194444 0
0 0.583333 0 0.0194444 0
0 0.583333 0 0.0194444 0
0 0.583333 0 0.0194444 0
0 0.583333 0 0.0194444 0
0 0.583333 0 0.0194444 0
0 0.583333 0 0.0194444 0
0 0.583333 0 0.0194444 0
0 0.583333 0 0.0194444 0
0 0.583333 0 0.0194444 0
0 0.583333 0 0.0194444 0
0 0.583333 0 0.0194444 0
0 0.583333 0 0.0194444 0
0 0.583333 0 0.0194444 0
0 0.583333 0 0.0194444 0
0 0.583333 0 0.0194444 0
0 0.583333 0 0.0194444 0
0 0.583333 0 0.0194444 0
0 0.583333 0 0.0194444 0
0 0.583333 0 0.0194444 0
0 0.583333 0 0.0194444 0
0 0.583333 0 0.0194444 0
0 0.583333 0 0.0194444 0
0 0.583333 0 0.0194444 0
0 0.583333 0 0.0194444 0
0 0.583333 0 0.0194444 0
0 0.583333 0 0.0194444 0
0 0.583333 0 0.0194444 0
0 0.583333 0 0.0194444 0
0 0.583333 0 0.0194444 0
0 0.583333 0 0.0194444 0
0 0.583333 0 0.0194444 0
0 0.583333 0 0.0194444 0
0 0.583333 0 0.0194444 0
0 0.583333 0 0.0194444 0
0 0.583333 0 0.0194444 0
0 0.583333 0 0.0194444 0
0 0.583333 0 0.0194444 0
0 0.583333 0 0.0194444 0
0 0.583333 0 0.0194444 0
0 0.583333 0 0.0194444 0
0 0.583333 0 0.0194444 0
0 0.583333 0 0.0194444 0
0 0.583333 0 0.0194444 0
0 0.583333 0 0.0194444 0
0 0.583333 0 0.0194444 0
0 0.583333 0 0.0194444 0
0 0.583333 0 0.0194444 0
0 0.583333 0 0.0194444 0
0 0.583333 0 0.0194444 0
0 0.583333 0 0.0194444 0
0 0.583333 0 0.0194444 0
0 0.583333 0 0.0194444 0
0 0.583333 0 0.0194444 0
0 0.583333 0 0.0194444 0
0 0.583333 0 0.0194444 0
0 0.583333 0 0.0194444 0
0 0.583333 0 0.0194444 0
0 0.583333 0 0.0194444 0
0 0.583333 0 0.0194444 0
0 0.583333 0 0.0194444 0
0 0.583333 0 0.0194444 0
0 0.583333 0 0.0194444 0
0 0.583333 0 0.0194444 0
0 0.583333 0 0.0194444 0
0 0.583333 0 0.0194444 0
0 0.583333 0 0.0194444 0
0 0.583333 0 0.0194444 0
0 0.583333 0 0.0194444 0
0 0.583333 0 0.0194444 0
0 0.583333 0 0.0194444 0
0 0.583333 0 0.0194444 0
0 0.583333 0 0.0194444 0
0 0.583333 0 0.0194444 0
0 0.583333 0 0.0194444 0
0 0.583333 0 0.0194444 0
0 0.583333 0 0.0194444 0
0 0.583333 0 0.0194444 0
0 0.583333 0 0.0194444 0
0 0.583333 0 0.0194444 0
0 0.583333 0 0.0194444 0
0 0.583333 0 0.0194444 0
0 0.583333 0 0.0194444 0
0 0.583333 0 0.0194444 0
0 0.583333 0 0.0194444 0
0 0.583333 0 0.0194444 0
0 0.583333 0 0.0194444 0
0 0.583333 0 0.0194444 0
0 0.583333 0 0.0194444 0
0 0.583333 0 0.0194444 0
0 0.583333 0 0.0194444 0
0 0.583333 0 0.0194444 0
0 0.583333 0 0.0194444 0
0 0.583333 0 0.0194444 0
0 0.583333 0 0.0194444 0
0 0.583333 0 0.0194444 0
0 0.583333 0 0.0194444 0
0 0.583333 0 0.0194444 0
0 0.583333 0 0.0194444 0
0 0.583333 0 0.0194444 0
0 0.583333 0 0.0194444 0
0 0.583333 0 0.0194444 0
0 0.583333 0 0.0194444 0
0 0.583333 0 0.0194444 0
0 0.583333 0 0.0194444 0
0 0.583333 0 0.0194444 0
0 0.583333 0 0.0194444 0
0 0.583333 0 0.0194444 0
0 0.583333 0 0.0194444 0
0 0.583333 0 0.0194444 0
0 0.583333 0 0.0194444 0
0 0.583333 0 0.0194444 0
0 0.583333 0 0.0194444 0
0 0.583333 0 0.0194444 0
0 0.583333 0 0.0194444 0
0 0.583333 0 0.0194444 0
0 0.583333 0 0.0194444 0
0 0.583333 0 0.0194444 0
0 0.583333 0 0.0194444 0
0 0.583333 0 0.0194444 0
0 0.583333 0 0.0194444 0
0 0.583333 0 0.0194444 0
0 0.583333 0 0.0194444 0
0 0.583333 0 0.0194444 0
0 0.583333 0 0.0194444 0
0 0.583333 0 0.0194444 0
0 0.583333 0 0.0194444 0
0 0.583333 0 0.0194444 0
0 0.583333 0 0.0194444 0
0 0.583333 0 0.0194444 0
0 0.583333 0 0.0194444 0
0 0.583333 0 0.0194444 0
0 0.583333 0 0.0194444 0
0 0.583333 0 0.0194444 0
0 0.583333 0 0.0194444 0
0 0.583333 0 0.0194444 0
0 0.583333 0 0.0194444 0
0 0.583333 0 0.0194444 0
0 0.583333 0 0.0194444 0
0 0.583333 0 0.0194444 0
0 0.583333 0 0.0194444 0
0 0.583333 0 0.0194444 0
0 0.583333 0 0.0194444 0
0 0.583333 0 0.0194444 0
0 0.583333 0 0.0194444 0
0 0.583333 0 0.0194444 0
0 0.583333 0 0.0194444 0
0 0.583333 0 0.0194444 0
0 0.583333 0 0.0194444 0
0 0.583333 0 0.0194444 0
0 0.583333 0 0.0194444 0
0 0.583333 0 0.0194444 0
0 0.583333 0 0.0194444 0
0 0.583333 0 0.0194444 0
0 0.583333 0 0.0194444 0
0 0.583333 0 0.0194444 0
0 0.583333 0 0.0194444 0
0 0.583333 0 0.0194444 0
0 0.583333 0 0.0194444 0
0 0.583333 0 0.0194444 0
0 0.583333 0 0.0194444 0
0 0.583333 0 0.0194444 0
0 0.583333 0 0.0194444 0
0 0.583333 0 0.0194444 0
0 0.583333 0 0.0194444 0
0 0.583333 0 0.0194444 0
0 0.583333 0 0.0194444 0
0 0.583333 0 0.0194444 0
0 0.583333 0 0.0194444 0
0 0.583333 0 0.0194444 0
0 0.583333 0 0.0194444 0
0 0.583333 0 0.0194444 0
0 0.583333 0 0.0194444 0
0 0.583333 0 0.0194444 0
0 0.583333 0 0.0194444 0
0 0.583333 0 0.0194444 0
0 0.583333 0 0.0194444 0
0 0.583333 0 0.0194444 0
0 0.583333 0 0.0194444 0
0 0.583333 0 0.0194444 0
0 0.583333 0 0.0194444 0
0 0.583333 0 0.0194444 0
0 0.583333 0 0.0194444 0
0 0.583333 0 0.0194444 0
0 0.583333 0 0.0194444 0
0 0.583333 0 0.0194444 0
0 0.583333 0 0.0194444 0
0 0.583333 0 0.0194444 0
0 0.583333 0 0.0194444 0
0 0.583333 0 0.0194444 0
0 0.583333 0 0.0194444 0
0 0.583333 0 0.0194444 0
0 0.583333 0 0.0194444 0
0 0.583333 0 0.0194444 0
0 0.583333 0 0.0194444 0
0 0.583333 0 0.0194444 0
0 0.583333 0 0.0194444 0
0 0.583333 0 0.0194444 0
0 0.583333 0 0.0194444 0
0 0.583333 0 0.0194444 0
0 0.583333 0 0.0194444 0
0 0.583333 0 0.0194444 0
0 0.583333 0 0.0194444 0
0 0.583333 0 0.0194444 0
0 0.583333 0 0.0194444 0
0 0.583333 0 0.0194444 0
0 0.583333 0 0.0194444 0
0 0.583333 0 0.0194444 0
0 0.583333 0 0.0194444 0
0 0.583333 0 0.0194444 0
0 0.583333 0 0.0194444 0
0 0.583333 0 0.0194444 0
0 0.583333 0 0.0194444 0
0 0.583333 0 0.0194444 0
0 0.583333 0 0.0194444 0
0 0.583333 0 0.0194444 0
0 0.583333 0 0.0194444 0
0 0.583333 0 0.0194444 0
0 0.583333 0 0.0194444 0
0 0.583333 0 0.0194444 0
0 0.583333 0 0.0194444 0
0 0.583333 0 0.0194444 0
0 0.583333 0 0.0194444 0
0 0.583333 0 0.0194444 0
0 0.583333 0 0.0194444 0
0 0.583333 0 0.0194444 0
0 0.583333 0 0.0194444 0
0 0.583333 0 0.0194444 0
0 0.583333 0 0.0194444 0
0 0.583333 0 0.0194444 0
0 0.583333 0 0.0194444 0
0 0.583333 0 0.0194444 0
0 0.583333 0 0.0194444 0
0 0.583333 0 0.0194444 0
0 0.583333 0 0.0194444 0
0 0.583333 0 0.0194444 0
0 0.583333 0 0.0194444 0
0 0.583333 0 0.0194444 0
0 0.583333 0 0.0194444 0
0 0.583333 0 0.0194444 0
0 0.583333 0 0.0194444 0
0 0.583333 0 0.0194444 0
0 0.583333 0 0.0194444 0
0 0.583333 0 0.0194444 0
0 0.583333 0 0.0194444 0
0 0.583333 0 0.0194444 0
0 0.583333 0 0.0194444 0
0 0.583333 0 0.0194444 0
0 0.583333 0 0.0194444 0
0 0.583333 0 0.0194444 0
0 0.5875 0 0.0194444 0
0 0.589583 0 0.0208333 0
0 0.593056 0 0.0194444 0
0 0.597917 0 0.0208333 0
0 0.602778 0 0.0194444 0
0 0.606944 0 0.0194444 0
0 0.609028 0 0.0208333 0
0 0.609028 0 0.0208333 0
0 0.611111 0 0.0194444 0
0 0.615972 0 0.0208333 0
0 0.622917 0 0.0208333 0
0 0.629861 0 0.0208333 0
0 0.634722 0 0.0194444 0
0 0.64375 0 0.0208333 0
0 0.65 0 0.0194444 0
0 0.657639 0 0.0208333 0
0 0.660417 0 0.0208333 0
0 0.670139 0 0.0208333 0
0 0.672917 0 0.0208333 0
0 0.684028 0 0.0208333 0
0 0.694444 0 0.0194444 0
0 0.707639 0 0.0208333 0
0 0.607639 0 0.0513889 0
0 0.720833 0 0.0194444 0
0 0.738889 0 0.0222222 0
0 0.750694 0 0.0208333 0
0 0.763194 0 0.0208333 0
0 0.78125 0 0.0208333 0
0 0.78125 0 0.0208333 0
0 0.84375 0 0.0236111 0
0 0.870833 0 0.025 0
0 0.891667 0 0.025 0
0 0.902083 0 0.0263889 0
0 0.934028 0 0.0263889 0
0 0.934028 0 0.0263889 0
0 0.957639 0 0.0263889 0
0 0.991667 0 0.0166667 0
0 0.988194 1 0.0236111 0
0 0.46875 0 0.0208333 0
0 0.46875 0 0.0208333 0
0 0.46875 0 0.0208333 0
0 0.46875 0 0.0208333 0
0 0.46875 0 0.0208333 0
0 0.46875 0 0.0208333 0
0 0.46875 0 0.0208333 0
0 0.46875 0 0.0208333 0
0 0.46875 0 0.0208333 0
0 0.46875 0 0.0208333 0
0 0.46875 0 0.0208333 0
0 0.46875 0 0.0208333 0
0 0.46875 0 0.0208333 0
0 0.46875 0 0.0208333 0
0 0.46875 0 0.0208333 0
0 0.46875 0 0.0208333 0
0 0.46875 0 0.0208333 0
0 0.46875 0 0.0208333 0
0 0.46875 0 0.0208333 0
0 0.46875 0 0.0208333 0
0 0.46875 0 0.0208333 0
0 0.46875 0 0.0208333 0
0 0.46875 0 0.0208333 0
0 0.46875 0 0.0208333 0
0 0.46875 0 0.0208333 0
0 0.46875 0 0.0208333 0
0 0.46875 0 0.0208333 0
0 0.46875 0 0.0208333 0
0 0.46875 0 0.0208333 0
0 0.46875 0 0.0208333 0
0 0.46875 0 0.0208333 0
0 0.46875 0 0.0208333 0
0 0.46875 0 0.0208333 0
0 0.46875 0 0.0208333 0
0 0.46875 0 0.0208333 0
0 0.46875 0 0.0208333 0
0 0.46875 0 0.0208333 0
0 0.46875 0 0.0208333 0
0 0.46875 0 0.0208333 0
0 0.46875 0 0.0208333 0
0 0.46875 0 0.0208333 0
0 0.46875 0 0.0208333 0
0 0.46875 0 0.0208333 0
0 0.46875 0 0.0208333 0
0 0.46875 0 0.0208333 0
0 0.46875 0 0.0208333 0
0 0.46875 0 0.0208333 0
0 0.46875 0 0.0208333 0
0 0.46875 0 0.0208333 0
0 0.46875 0 0.0208333 0
0 0.46875 0 0.0208333 0
0 0.46875 0 0.0208333 0
0 0.469444 0 0.0222222 0
0 0.46875 0 0.0208333 0
0 0.469444 0 0.0222222 0
0 0.469444 0 0.0222222 0
0 0.469444 0 0.0222222 0
0 0.469444 0 0.0222222 0
0 0.469444 0 0.0222222 0
0 0.469444 0 0.0222222 0
0 0.469444 0 0.0222222 0
0 0.469444 0 0.0222222 0
0 0.469444 0 0.0222222 0
0 0.469444 0 0.0222222 0
0 0.469444 0 0.0222222 0
0 0.469444 0 0.0222222 0
0 0.469444 0 0.0222222 0
0 0.469444 0 0.0222222 0
0 0.469444 0 0.0222222 0
0 0.469444 0 0.0222222 0
0 0.469444 0 0.0222222 0
0 0.469444 0 0.0222222 0
0 0.469444 0 0.0222222 0
0 0.469444 0 0.0222222 0
0 0.469444 0 0.0222222 0
0 0.469444 0 0.0222222 0
0 0.469444 0 0.0222222 0
0 0.469444 0 0.0222222 0
0 0.469444 0 0.0222222 0
0 0.469444 0 0.0222222 0
0 0.469444 0 0.0222222 0
0 0.469444 0 0.0222222 0
0 0.469444 0 0.0222222 0
0 0.46875 0 0.0208333 0
0 0.46875 0 0.0208333 0
0 0.469444 0 0.0222222 0
0 0.46875 0 0.0208333 0
0 0.46875 0 0.0208333 0
0 0.46875 0 0.0208333 0
0 0.46875 0 0.0208333 0
0 0.46875 0 0.0208333 0
0 0.46875 0 0.0208333 0
0 0.46875 0 0.0208333 0
0 0.46875 0 0.0208333 0
0 0.469444 0 0.0222222 0
0 0.469444 0 0.0222222 0
0 0.469444 0 0.0222222 0
0 0.469444 0 0.0222222 0
0 0.46875 0 0.0208333 0
0 0.469444 0 0.0222222 0
0 0.469444 0 0.0222222 0
0 0.469444 0 0.0222222 0
0 0.46875 0 0.0208333 0
0 0.46875 0 0.0208333 0
0 0.46875 0 0.0208333 0
0 0.46875 0 0.0208333 0
0 0.46875 0 0.0208333 0
0 0.46875 0 0.0208333 0
0 0.46875 0 0.0208333 0
0 0.46875 0 0.0208333 0
0 0.46875 0 0.0208333 0
0 0.46875 0 0.0208333 0
0 0.46875 0 0.0208333 0
0 0.469444 0 0.0222222 0
0 0.469444 0 0.0222222 0
0 0.469444 0 0.0222222 0
0 0.469444 0 0.0222222 0
0 0.469444 0 0.0222222 0
0 0.469444 0 0.0222222 0
0 0.469444 0 0.0222222 0
0 0.46875 0 0.0208333 0
0 0.46875 0 0.0208333 0
0 0.469444 0 0.0222222 0
0 0.46875 0 0.0208333 0
0 0.46875 0 0.0208333 0
0 0.46875 0 0.0208333 0
0 0.469444 0 0.0222222 0
0 0.469444 0 0.0222222 0
0 0.469444 0 0.0222222 0
0 0.469444 0 0.0222222 0
0 0.469444 0 0.0222222 0
0 0.469444 0 0.0222222 0
0 0.469444 0 0.0222222 0
0 0.469444 0 0.0222222 0
0 0.469444 0 0.0222222 0
0 0.46875 0 0.0208333 0
0 0.46875 0 0.0208333 0
0 0.46875 0 0.0208333 0
0 0.469444 0 0.0222222 0
0 0.469444 0 0.0222222 0
0 0.469444 0 0.0222222 0
0 0.469444 0 0.0222222 0
0 0.469444 0 0.0222222 0
0 0.469444 0 0.0222222 0
0 0.46875 0 0.0208333 0
0 0.469444 0 0.0222222 0
0 0.469444 0 0.0222222 0
0 0.46875 0 0.0208333 0
0 0.46875 0 0.0208333 0
0 0.46875 0 0.0208333 0
0 0.469444 0 0.0222222 0
0 0.469444 0 0.0222222 0
0 0.46875 0 0.0208333 0
0 0.46875 0 0.0208333 0
0 0.469444 0 0.0222222 0
0 0.469444 0 0.0222222 0
0 0.46875 0 0.0208333 0
0 0.46875 0 0.0208333 0
0 0.469444 0 0.0222222 0
0 0.46875 0 0.0208333 0
0 0.46875 0 0.0208333 0
0 0.46875 0 0.0208333 0
0 0.469444 0 0.0222222 0
0 0.469444 0 0.0222222 0
0 0.469444 0 0.0222222 0
0 0.469444 0 0.0222222 0
0 0.469444 0 0.0222222 0
0 0.46875 0 0.0208333 0
0 0.46875 0 0.0208333 0
0 0.46875 0 0.0208333 0
0 0.46875 0 0.0208333 0
0 0.46875 0 0.0208333 0
0 0.46875 0 0.0208333 0
0 0.46875 0 0.0208333 0
0 0.46875 0 0.0208333 0
0 0.46875 0 0.0208333 0
0 0.46875 0 0.0208333 0
0 0.46875 0 0.0208333 0
0 0.46875 0 0.0208333 0
0 0.46875 0 0.0208333 0
0 0.46875 0 0.0208333 0
0 0.46875 0 0.0208333 0
0 0.46875 0 0.0208333 0
0 0.46875 0 0.0208333 0
0 0.46875 0 0.0208333 0
0 0.46875 0 0.0208333 0
0 0.469444 0 0.0222222 0
0 0.46875 0 0.0208333 0
0 0.46875 0 0.0208333 0
0 0.46875 0 0.0208333 0
0 0.469444 0 0.0222222 0
0 0.469444 0 0.0222222 0
0 0.46875 0 0.0208333 0
0 0.46875 0 0.0208333 0
0 0.46875 0 0.0208333 0
0 0.46875 0 0.0208333 0
0 0.46875 0 0.0208333 0
0 0.46875 0 0.0208333 0
0 0.46875 0 0.0208333 0
0 0.46875 0 0.0208333 0
0 0.46875 0 0.0208333 0
0 0.46875 0 0.0208333 0
0 0.46875 0 0.0208333 0
0 0.46875 0 0.0208333 0
0 0.46875 0 0.0208333 0
0 0.46875 0 0.0208333 0
0 0.46875 0 0.0208333 0
0 0.46875 0 0.0208333 0
0 0.46875 0 0.0208333 0
0 0.46875 0 0.0208333 0
0 0.46875 0 0.0208333 0
0 0.46875 0 0.0208333 0
0 0.46875 0 0.0208333 0
0 0.46875 0 0.0208333 0
0 0.46875 0 0.0208333 0
0 0.46875 0 0.0208333 0
0 0.46875 0 0.0208333 0
0 0.46875 0 0.0208333 0
0 0.46875 0 0.0208333 0
0 0.46875 0 0.0208333 0
0 0.46875 0 0.0208333 0
0 0.46875 0 0.0208333 0
0 0.46875 0 0.0208333 0
0 0.46875 0 0.0208333 0
0 0.46875 0 0.0208333 0
0 0.46875 0 0.0208333 0
0 0.46875 0 0.0208333 0
0 0.46875 0 0.0208333 0
0 0.46875 0 0.0208333 0
0 0.46875 0 0.0208333 0
0 0.46875 0 0.0208333 0
0 0.46875 0 0.0208333 0
0 0.46875 0 0.0208333 0
0 0.46875 0 0.0208333 0
0 0.46875 0 0.0208333 0
0 0.46875 0 0.0208333 0
0 0.46875 0 0.0208333 0
0 0.46875 0 0.0208333 0
0 0.46875 0 0.0208333 0
0 0.46875 0 0.0208333 0
0 0.46875 0 0.0208333 0
0 0.46875 0 0.0208333 0
0 0.46875 0 0.0208333 0
0 0.46875 0 0.0208333 0
0 0.46875 0 0.0208333 0
0 0.46875 0 0.0208333 0
0 0.46875 0 0.0208333 0
0 0.46875 0 0.0208333 0
0 0.46875 0 0.0208333 0
0 0.46875 0 0.0208333 0
0 0.46875 0 0.0208333 0
0 0.46875 0 0.0208333 0
0 0.46875 0 0.0208333 0
0 0.46875 0 0.0208333 0
0 0.46875 0 0.0208333 0
0 0.46875 0 0.0208333 0
0 0.46875 0 0.0208333 0
0 0.46875 0 0.0208333 0
0 0.46875 0 0.0208333 0
0 0.46875 0 0.0208333 0
0 0.46875 0 0.0208333 0
0 0.46875 0 0.0208333 0
0 0.46875 0 0.0208333 0
0 0.46875 0 0.0208333 0
0 0.46875 0 0.0208333 0
0 0.46875 0 0.0208333 0
0 0.46875 0 0.0208333 0
0 0.46875 0 0.0208333 0
0 0.46875 0 0.0208333 0
0 0.46875 0 0.0208333 0
0 0.46875 0 0.0208333 0
0 0.46875 0 0.0208333 0
0 0.46875 0 0.0208333 0
0 0.46875 0 0.0208333 0
0 0.46875 0 0.0208333 0
0 0.46875 0 0.0208333 0
0 0.46875 0 0.0208333 0
0 0.46875 0 0.0208333 0
0 0.46875 0 0.0208333 0
0 0.46875 0 0.0208333 0
0 0.46875 0 0.0208333 0
0 0.46875 0 0.0208333 0
0 0.46875 0 0.0208333 0
0 0.46875 0 0.0208333 0
0 0.46875 0 0.0208333 0
0 0.46875 0 0.0208333 0
0 0.46875 0 0.0208333 0
0 0.46875 0 0.0208333 0
0 0.46875 0 0.0208333 0
0 0.46875 0 0.0208333 0
0 0.46875 0 0.0208333 0
0 0.46875 0 0.0208333 0
0 0.46875 0 0.0208333 0
0 0.46875 0 0.0208333 0
0 0.46875 0 0.0208333 0
0 0.46875 0 0.0208333 0
0 0.46875 0 0.0208333 0
0 0.46875 0 0.0208333 0
0 0.46875 0 0.0208333 0
0 0.46875 0 0.0208333 0
0 0.46875 0 0.0208333 0
0 0.46875 0 0.0208333 0
0 0.46875 0 0.0208333 0
0 0.46875 0 0.0208333 0
0 0.46875 0 0.0208333 0
0 0.46875 0 0.0208333 0
0 0.46875 0 0.0208333 0
0 0.46875 0 0.0208333 0
0 0.46875 0 0.0208333 0
0 0.46875 0 0.0208333 0
0 0.46875 0 0.0208333 0
0 0.46875 0 0.0208333 0
0 0.46875 0 0.0208333 0
0 0.46875 0 0.0208333 0
0 0.46875 0 0.0208333 0
0 0.46875 0 0.0208333 0
0 0.46875 0 0.0208333 0
0 0.46875 0 0.0208333 0
0 0.46875 0 0.0208333 0
0 0.46875 0 0.0208333 0
0 0.46875 0 0.0208333 0
0 0.46875 0 0.0208333 0
0 0.46875 0 0.0208333 0
0 0.46875 0 0.0208333 0
0 0.46875 0 0.0208333 0
0 0.46875 0 0.0208333 0
0 0.46875 0 0.0208333 0
0 0.46875 0 0.0208333 0
0 0.46875 0 0.0208333 0
0 0.46875 0 0.0208333 0
0 0.46875 0 0.0208333 0
0 0.46875 0 0.0208333 0
0 0.46875 0 0.0208333 0
0 0.46875 0 0.0208333 0
0 0.46875 0 0.0208333 0
0 0.469444 0 0.0222222 0
0 0.469444 0 0.0222222 0
0 0.46875 0 0.0208333 0
0 0.46875 0 0.0208333 0
0 0.46875 0 0.0208333 0
0 0.469444 0 0.0222222 0
0 0.469444 0 0.0222222 0
0 0.469444 0 0.0222222 0
0 0.469444 0 0.0222222 0
0 0.469444 0 0.0222222 0
0 0.469444 0 0.0222222 0
0 0.469444 0 0.0222222 0
0 0.469444 0 0.0222222 0
0 0.469444 0 0.0222222 0
0 0.469444 0 0.0222222 0
0 0.469444 0 0.0222222 0
0 0.469444 0 0.0222222 0
0 0.46875 0 0.0208333 0
0 0.469444 0 0.0222222 0
0 0.469444 0 0.0222222 0
0 0.469444 0 0.0222222 0
0 0.46875 0 0.0208333 0
0 0.469444 0 0.0222222 0
0 0.46875 0 0.0208333 0
0 0.46875 0 0.0208333 0
0 0.46875 0 0.0208333 0
0 0.46875 0 0.0208333 0
0 0.46875 0 0.0208333 0
0 0.46875 0 0.0208333 0
0 0.46875 0 0.0208333 0
0 0.46875 0 0.0208333 0
0 0.46875 0 0.0208333 0
0 0.46875 0 0.0208333 0
0 0.46875 0 0.0208333 0
0 0.46875 0 0.0208333 0
0 0.46875 0 0.0208333 0
0 0.46875 0 0.0208333 0
0 0.46875 0 0.0208333 0
0 0.46875 0 0.0208333 0
0 0.46875 0 0.0208333 0
0 0.46875 0 0.0208333 0
0 0.46875 0 0.0208333 0
0 0.46875 0 0.0208333 0
0 0.46875 0 0.0208333 0
0 0.46875 0 0.0208333 0
0 0.46875 0 0.0208333 0
0 0.46875 0 0.0208333 0
0 0.46875 0 0.0208333 0
0 0.46875 0 0.0208333 0
0 0.46875 0 0.0208333 0
0 0.46875 0 0.0208333 0
0 0.46875 0 0.0208333 0
0 0.46875 0 0.0208333 0
0 0.46875 0 0.0208333 0
0 0.46875 0 0.0208333 0
0 0.46875 0 0.0208333 0
0 0.46875 0 0.0208333 0
0 0.46875 0 0.0208333 0
0 0.46875 0 0.0208333 0
0 0.46875 0 0.0208333 0
0 0.46875 0 0.0208333 0
0 0.46875 0 0.0208333 0
0 0.46875 0 0.0208333 0
0 0.46875 0 0.0208333 0
0 0.46875 0 0.0208333 0
0 0.46875 0 0.0208333 0
0 0.46875 0 0.0208333 0
0 0.46875 0 0.0208333 0
0 0.46875 0 0.0208333 0
0 0.46875 0 0.0208333 0
0 0.46875 0 0.0208333 0
0 0.46875 0 0.0208333 0
0 0.46875 0 0.0208333 0
0 0.46875 0 0.0208333 0
0 0.46875 0 0.0208333 0
0 0.46875 0 0.0208333 0
0 0.46875 0 0.0208333 0
0 0.46875 0 0.0208333 0
0 0.46875 0 0.0208333 0
0 0.46875 0 0.0208333 0
0 0.46875 0 0.0208333 0
0 0.46875 0 0.0208333 0
0 0.46875 0 0.0208333 0
0 0.46875 0 0.0208333 0
0 0.46875 0 0.0208333 0
0 0.46875 0 0.0208333 0
0 0.46875 0 0.0208333 0
0 0.46875 0 0.0208333 0
0 0.46875 0 0.0208333 0
0 0.46875 0 0.0208333 0
0 0.46875 0 0.0208333 0
0 0.46875 0 0.0208333 0
0 0.46875 0 0.0208333 0
0 0.46875 0 0.0208333 0
0 0.46875 0 0.0208333 0
0 0.46875 0 0.0208333 0
0 0.46875 0 0.0208333 0
0 0.46875 0 0.0208333 0
0 0.46875 0 0.0208333 0
0 0.46875 0 0.0208333 0
0 0.46875 0 0.0208333 0
0 0.46875 0 0.0208333 0
0 0.46875 0 0.0208333 0
0 0.46875 0 0.0208333 0
0 0.469444 0 0.0222222 0
0 0.46875 0 0.0208333 0
0 0.46875 0 0.0208333 0
0 0.46875 0 0.0208333 0
0 0.46875 0 0.0208333 0
0 0.469444 0 0.0222222 0
0 0.46875 0 0.0208333 0
0 0.469444 0 0.0222222 0
0 0.46875 0 0.0208333 0
0 0.46875 0 0.0208333 0
0 0.46875 0 0.0208333 0
0 0.469444 0 0.0222222 0
0 0.46875 0 0.0208333 0
0 0.46875 0 0.0208333 0
0 0.46875 0 0.0208333 0
0 0.469444 0 0.0222222 0
0 0.46875 0 0.0208333 0
0 0.469444 0 0.0222222 0
0 0.46875 0 0.0208333 0
0 0.46875 0 0.0208333 0
0 0.46875 0 0.0208333 0
0 0.469444 0 0.0222222 0
0 0.46875 0 0.0208333 0
0 0.46875 0 0.0208333 0
0 0.46875 0 0.0208333 0
0 0.46875 0 0.0208333 0
0 0.469444 0 0.0222222 0
0 0.469444 0 0.0222222 0
0 0.469444 0 0.0222222 0
0 0.469444 0 0.0222222 0
0 0.46875 0 0.0208333 0
0 0.46875 0 0.0208333 0
0 0.469444 0 0.0222222 0
0 0.469444 0 0.0222222 0
0 0.469444 0 0.0222222 0
0 0.469444 0 0.0222222 0
0 0.46875 0 0.0208333 0
0 0.46875 0 0.0208333 0
0 0.469444 0 0.0222222 0
0 0.469444 0 0.0222222 0
0 0.469444 0 0.0222222 0
0 0.469444 0 0.0222222 0
0 0.469444 0 0.0222222 0
0 0.46875 0 0.0208333 0
0 0.469444 0 0.0222222 0
0 0.469444 0 0.0222222 0
0 0.469444 0 0.0222222 0
0 0.469444 0 0.0222222 0
0 0.46875 0 0.0208333 0
0 0.46875 0 0.0208333 0
0 0.46875 0 0.0208333 0
0 0.46875 0 0.0208333 0
0 0.46875 0 0.0208333 0
0 0.46875 0 0.0208333 0
0 0.46875 0 0.0208333 0
0 0.46875 0 0.0208333 0
0 0.46875 0 0.0208333 0
0 0.46875 0 0.0208333 0
0 0.46875 0 0.0208333 0
0 0.46875 0 0.0208333 0
0 0.46875 0 0.0208333 0
0 0.46875 0 0.0208333 0
0 0.46875 0 0.0208333 0
0 0.46875 0 0.0208333 0
0 0.46875 0 0.0208333 0
0 0.46875 0 0.0208333 0
0 0.46875 0 0.0208333 0
0 0.46875 0 0.0208333 0
0 0.46875 0 0.0208333 0
0 0.46875 0 0.0208333 0
0 0.46875 0 0.0208333 0
0 0.46875 0 0.0208333 0
0 0.46875 0 0.0208333 0
0 0.46875 0 0.0208333 0
0 0.46875 0 0.0208333 0
0 0.46875 0 0.0208333 0
0 0.46875 0 0.0208333 0
0 0.46875 0 0.0208333 0
0 0.46875 0 0.0208333 0
0 0.46875 0 0.0208333 0
0 0.46875 0 0.0208333 0
0 0.46875 0 0.0208333 0
0 0.46875 0 0.0208333 0
0 0.46875 0 0.0208333 0
0 0.46875 0 0.0208333 0
0 0.46875 0 0.0208333 0
0 0.46875 0 0.0208333 0
0 0.46875 0 0.0208333 0
0 0.46875 0 0.0208333 0
0 0.46875 0 0.0208333 0
0 0.46875 0 0.0208333 0
0 0.469444 0 0.0222222 0
0 0.469444 0 0.0222222 0
0 0.469444 0 0.0222222 0
0 0.469444 0 0.0222222 0
0 0.469444 0 0.0222222 0
0 0.469444 0 0.0222222 0
0 0.469444 0 0.0222222 0
0 0.469444 0 0.0222222 0
0 0.469444 0 0.0222222 0
0 0.469444 0 0.0222222 0
0 0.469444 0 0.0222222 0
0 0.469444 0 0.0222222 0
0 0.469444 0 0.0222222 0
0 0.469444 0 0.0222222 0
0 0.469444 0 0.0222222 0
0 0.469444 0 0.0222222 0
0 0.469444 0 0.0222222 0
0 0.469444 0 0.0222222 0
0 0.469444 0 0.0222222 0
0 0.469444 0 0.0222222 0
0 0.469444 0 0.0222222 0
0 0.469444 0 0.0222222 0
0 0.469444 0 0.0222222 0
0 0.469444 0 0.0222222 0
0 0.469444 0 0.0222222 0
0 0.469444 0 0.0222222 0
0 0.469444 0 0.0222222 0
0 0.469444 0 0.0222222 0
0 0.469444 0 0.0222222 0
0 0.469444 0 0.0222222 0
0 0.469444 0 0.0222222 0
