0 0.453472 0 0.0208333 0
0 0.453472 0 0.0208333 0
0 0.453472 0 0.0208333 0
0 0.453472 0 0.0208333 0
0 0.453472 0 0.0208333 0
0 0.453472 0 0.0208333 0
0 0.453472 0 0.0208333 0
0 0.453472 0 0.0208333 0
0 0.453472 0 0.0208333 0
0 0.453472 0 0.0208333 0
0 0.453472 0 0.0208333 0
0 0.453472 0 0.0208333 0
0 0.453472 0 0.0208333 0
0 0.453472 0 0.0208333 0
0 0.453472 0 0.0208333 0
0 0.453472 0 0.0208333 0
0 0.453472 0 0.0208333 0
0 0.453472 0 0.0208333 0
0 0.453472 0 0.0208333 0
0 0.453472 0 0.0208333 0
0 0.453472 0 0.0208333 0
0 0.453472 0 0.0208333 0
0 0.453472 0 0.0208333 0
0 0.453472 0 0.0208333 0
0 0.453472 0 0.0208333 0
0 0.453472 0 0.0208333 0
0 0.453472 0 0.0208333 0
0 0.453472 0 0.0208333 0
0 0.453472 0 0.0208333 0
0 0.453472 0 0.0208333 0
0 0.453472 0 0.0208333 0
0 0.453472 0 0.0208333 0
0 0.453472 0 0.0208333 0
0 0.453472 0 0.0208333 0
0 0.453472 0 0.0208333 0
0 0.453472 0 0.0208333 0
0 0.453472 0 0.0208333 0
0 0.453472 0 0.0208333 0
0 0.453472 0 0.0208333 0
0 0.453472 0 0.0208333 0
0 0.453472 0 0.0208333 0
0 0.453472 0 0.0208333 0
0 0.453472 0 0.0208333 0
0 0.453472 0 0.0208333 0
0 0.453472 0 0.0208333 0
0 0.453472 0 0.0208333 0
0 0.453472 0 0.0208333 0
0 0.453472 0 0.0208333 0
0 0.453472 0 0.0208333 0
0 0.453472 0 0.0208333 0
0 0.453472 0 0.0208333 0
0 0.453472 0 0.0208333 0
0 0.453472 0 0.0208333 0
0 0.453472 0 0.0208333 0
0 0.453472 0 0.0208333 0
0 0.453472 0 0.0208333 0
0 0.453472 0 0.0208333 0
0 0.453472 0 0.0208333 0
0 0.453472 0 0.0208333 0
0 0.453472 0 0.0208333 0
0 0.453472 0 0.0208333 0
0 0.453472 0 0.0208333 0
0 0.453472 0 0.0208333 0
0 0.453472 0 0.0208333 0
0 0.453472 0 0.0208333 0
0 0.453472 0 0.0208333 0
0 0.453472 0 0.0208333 0
0 0.453472 0 0.0208333 0
0 0.453472 0 0.0208333 0
0 0.453472 0 0.0208333 0
0 0.453472 0 0.0208333 0
0 0.453472 0 0.0208333 0
0 0.453472 0 0.0208333 0
0 0.453472 0 0.0208333 0
0 0.453472 0 0.0208333 0
0 0.453472 0 0.0208333 0
0 0.453472 0 0.0208333 0
0 0.453472 0 0.0208333 0
0 0.453472 0 0.0208333 0
0 0.453472 0 0.0208333 0
0 0.453472 0 0.0208333 0
0 0.453472 0 0.0208333 0
0 0.453472 0 0.0208333 0
0 0.453472 0 0.0208333 0
0 0.453472 0 0.0208333 0
0 0.453472 0 0.0208333 0
0 0.453472 0 0.0208333 0
0 0.453472 0 0.0208333 0
0 0.453472 0 0.0208333 0
0 0.453472 0 0.0208333 0
0 0.453472 0 0.0208333 0
0 0.453472 0 0.0208333 0
0 0.453472 0 0.0208333 0
0 0.453472 0 0.0208333 0
0 0.453472 0 0.0208333 0
0 0.453472 0 0.0208333 0
0 0.453472 0 0.0208333 0
0 0.453472 0 0.0208333 0
0 0.453472 0 0.0208333 0
0 0.453472 0 0.0208333 0
0 0.453472 0 0.0208333 0
0 0.453472 0 0.0208333 0
0 0.453472 0 0.0208333 0
0 0.453472 0 0.0208333 0
0 0.453472 0 0.0208333 0
0 0.453472 0 0.0208333 0
0 0.453472 0 0.0208333 0
0 0.454167 0.5 0.0222222 1
0 0.454167 0.5 0.0222222 1
0 0.454167 0.5 0.0222222 1
0 0.454861 0.5 0.0208333 1
0 0.454167 0.5 0.0222222 1
0 0.454861 0.5 0.0208333 1
0 0.455556 0.5 0.0222222 1
0 0.455556 0.5 0.0222222 1
0 0.455556 0.5 0.0222222 1
0 0.455556 0.5 0.0222222 1
0 0.455556 0.5 0.0194444 1
0 0.455556 0.5 0.0222222 1
0 0.455556 0.5 0.0222222 1
0 0.454167 0.5 0.0222222 1
0 0.454167 0.5 0.0222222 1
0 0.454167 0.5 0.0222222 1
0 0.454167 0.5 0.0222222 1
0 0.453472 0.5 0.0208333 1
0 0.453472 0 0.0208333 0
0 0.453472 0 0.0208333 0
0 0.454167 0 0.0222222 0
0 0.455556 0 0.0222222 0
0 0.461806 0 0.0208333 0
0 0.464583 0 0.0208333 0
0 0.468056 0 0.0222222 0
0 0.470139 0 0.0208333 0
0 0.472222 0 0.0222222 0
0 0.473611 0 0.0222222 0
0 0.476389 0 0.0222222 0
0 0.484722 0 0.0277778 0
0 0.479167 0 0.0222222 0
0 0.48125 0 0.0208333 0
0 0.482639 0 0.0208333 0
0 0.484722 0 0.0222222 0
0 0.484722 0 0.0222222 0
0 0.486806 0 0.0208333 0
0 0.489583 0 0.0208333 0
0 0.492361 0 0.0236111 0
0 0.49375 0 0.0208333 0
0 0.497917 0 0.0208333 0
0 0.497917 0 0.0208333 0
0 0.497917 0 0.0208333 0
0 0.501389 0 0.0194444 0
0 0.503472 0 0.0208333 0
0 0.505556 0 0.0222222 0
0 0.507639 0 0.0208333 0
0 0.511111 0 0.0222222 0
0 0.511111 0 0.0222222 0
0 0.514583 0 0.0208333 0
0 0.515278 0 0.0222222 0
0 0.516667 0 0.0222222 0
0 0.51875 0 0.0208333 0
0 0.521528 0 0.0208333 0
0 0.522917 0 0.0208333 0
0 0.526389 0 0.0194444 0
0 0.527778 0 0.0222222 0
0 0.529167 0 0.0222222 0
0 0.503472 0 0.0347222 0
0 0.531944 0 0.0222222 0
0 0.534722 0 0.0222222 0
0 0.535417 0 0.0208333 0
0 0.536111 0 0.0222222 0
0 0.535417 0 0.0208333 0
0 0.535417 0 0.0208333 0
0 0.534722 0 0.0222222 0
0 0.534028 0 0.0208333 0
0 0.534028 0 0.0208333 0
0 0.534722 0 0.0222222 0
0 0.535417 0 0.0208333 0
0 0.536111 0 0.0222222 0
0 0.536111 0 0.0222222 0
0 0.536111 0 0.0222222 0
0 0.5375 0 0.0194444 0
0 0.538194 0 0.0208333 0
0 0.539583 0 0.0208333 0
0 0.539583 0 0.0208333 0
0 0.540972 0 0.0208333 0
0 0.541667 0 0.0222222 0
0 0.543056 0 0.0222222 0
0 0.54375 0 0.0208333 0
0 0.545139 0 0.0208333 0
0 0.545833 0 0.0222222 0
0 0.545833 0 0.0222222 0
0 0.547222 0 0.0222222 0
0 0.548611 0 0.0222222 0
0 0.549306 0 0.0208333 0
0 0.550694 0 0.0208333 0
0 0.552083 0 0.0208333 0
0 0.552778 0 0.0222222 0
0 0.553472 0 0.0236111 0
0 0.554167 0 0.0222222 0
0 0.554861 0 0.0236111 0
0 0.529167 0 0.0388889 0
0 0.554861 0 0.0236111 0
0 0.556944 0 0.0222222 0
0 0.558333 0 0.0222222 0
0 0.558333 0 0.0222222 0
0 0.558333 0 0.0222222 0
0 0.559722 0 0.0222222 0
0 0.561111 0 0.0222222 0
0 0.563889 0 0.0222222 0
0 0.565972 0 0.0236111 0
0 0.568056 0 0.0222222 0
0 0.570833 0 0.0222222 0
0 0.572917 0 0.0236111 0
0 0.575 0 0.0222222 0
0 0.578472 0 0.0236111 0
0 0.579861 0 0.0236111 0
0 0.582639 0 0.0236111 0
0 0.584028 0 0.0236111 0
0 0.5875 0 0.0222222 0
0 0.589583 0 0.0236111 0
0 0.590972 0 0.0236111 0
0 0.59375 0 0.0236111 0
0 0.595139 0 0.0236111 0
0 0.596528 0 0.0236111 0
0 0.597917 0 0.0236111 0
0 0.600694 0 0.0236111 0
0 0.600694 0 0.0236111 0
0 0.602778 0 0.025 0
0 0.604167 0 0.025 0
0 0.606944 0 0.0222222 0
0 0.609028 0 0.0236111 0
0 0.609028 0 0.0236111 0
0 0.611111 0 0.025 0
0 0.613194 0 0.0236111 0
0 0.617361 0 0.0236111 0
0 0.619444 0 0.025 0
0 0.620139 0 0.0236111 0
0 0.622222 0 0.025 0
0 0.625 0 0.0222222 0
0 0.627083 0 0.0236111 0
0 0.628472 0 0.0263889 0
0 0.630556 0 0.025 0
0 0.632639 0 0.0236111 0
0 0.633333 0 0.025 0
0 0.634722 0 0.025 0
0 0.636111 0 0.025 0
0 0.638194 0 0.0236111 0
0 0.639583 0 0.0236111 0
0 0.641667 0 0.025 0
0 0.641667 0 0.025 0
0 0.641667 0 0.025 0
0 0.642361 0 0.0263889 0
0 0.642361 0 0.0263889 0
0 0.64375 0 0.0236111 0
0 0.522222 0 0.05 0
0 0.644444 0 0.025 0
0 0.645139 0 0.0236111 0
0 0.646528 0 0.0263889 0
0 0.647917 0 0.0263889 0
0 0.652778 0 0.025 0
0 0.653472 0 0.0263889 0
0 0.653472 0 0.0263889 0
0 0.654861 0 0.0263889 0
0 0.656944 0 0.025 0
0 0.658333 0 0.025 0
0 0.659722 0 0.0277778 0
0 0.661806 0 0.0263889 0
0 0.663889 0 0.025 0
0 0.664583 0 0.0263889 0
0 0.665972 0 0.0263889 0
0 0.667361 0 0.0263889 0
0 0.669444 0 0.025 0
0 0.671528 0 0.0263889 0
0 0.672917 0 0.0263889 0
0 0.674306 0 0.0263889 0
0 0.677083 0 0.0263889 0
0 0.677083 0 0.0263889 0
0 0.678472 0 0.0263889 0
0 0.679861 0 0.0263889 0
0 0.680556 0 0.025 0
0 0.680556 0 0.025 0
0 0.682639 0 0.0263889 0
0 0.686111 0 0.0277778 0
0 0.538889 0 0.0444444 0
0 0.6875 0 0.025 0
0 0.540278 0 0.0472222 0
0 0.688889 0 0.025 0
0 0.540278 0 0.05 0
0 0.690278 0 0.0277778 0
0 0.543056 0 0.05 0
0 0.691667 0 0.0277778 0
0 0.541667 0 0.0472222 0
0 0.694444 0 0.025 0
0 0.543056 0 0.05 0
0 0.696528 0 0.0263889 0
0 0.543056 0 0.0527778 0
0 0.697917 0 0.0263889 0
0 0.54375 0 0.0513889 0
0 0.7 0 0.025 0
0 0.703472 0 0.0263889 0
0 0.704861 0 0.0263889 0
0 0.545833 0 0.05 0
0 0.70625 0 0.0263889 0
0 0.546528 0 0.0486111 0
0 0.709028 0 0.0263889 0
0 0.547917 0 0.0513889 0
0 0.711806 0 0.0263889 0
0 0.547917 0 0.0513889 0
0 0.713889 0 0.025 0
0 0.548611 0 0.05 0
0 0.715972 0 0.0263889 0
0 0.547917 0 0.0486111 0
0 0.715972 0 0.0263889 0
0 0.547917 0 0.0541667 0
0 0.716667 0 0.0277778 0
0 0.548611 0 0.0527778 0
0 0.71875 0 0.0263889 0
0 0.55 0 0.0555556 0
0 0.720139 0 0.0263889 0
0 0.548611 0 0.0472222 0
0 0.722222 0 0.0277778 0
0 0.550694 0 0.0541667 0
0 0.724306 0 0.0263889 0
0 0.552083 0 0.0541667 0
0 0.726389 0 0.025 0
0 0.552083 0 0.0541667 0
0 0.727778 0 0.0277778 0
0 0.552083 0 0.0513889 0
0 0.728472 0 0.0263889 0
0 0.55625 0 0.0569444 0
0 0.73125 0 0.0263889 0
0 0.55625 0 0.0541667 0
0 0.732639 0 0.0263889 0
0 0.55625 0 0.0541667 0
0 0.732639 0 0.0263889 0
0 0.55625 0 0.0513889 0
0 0.735417 0 0.0263889 0
0 0.559028 0 0.0569444 0
0 0.736111 0 0.0277778 0
0 0.559722 0 0.0555556 0
0 0.738194 0 0.0263889 0
0 0.561111 0 0.0583333 0
0 0.738889 0 0.0277778 0
0 0.561111 0 0.0583333 0
0 0.740278 0 0.0277778 0
0 0.741667 0 0.0277778 0
0 0.561111 0 0.0527778 0
0 0.743056 0 0.0277778 0
0 0.74375 0 0.0263889 0
0 0.745139 0 0.0263889 0
0 0.746528 0 0.0263889 0
0 0.747917 0 0.0263889 0
0 0.75 0 0.025 0
0 0.563889 0 0.0472222 0
0 0.75 0 0.025 0
0 0.566667 0 0.0527778 0
0 0.751389 0 0.025 0
0 0.752083 0 0.0263889 0
0 0.753472 0 0.0263889 0
0 0.753472 0 0.0263889 0
0 0.566667 0 0.0444444 0
0 0.753472 0 0.0263889 0
0 0.568056 0 0.0444444 0
0 0.754861 0 0.0263889 0
0 0.754167 0 0.0277778 0
0 0.754167 0 0.0277778 0
0 0.570833 0 0.0555556 0
0 0.75625 0 0.0263889 0
0 0.756944 0 0.025 0
0 0.572222 0 0.0611111 0
0 0.758333 0 0.025 0
0 0.573611 0 0.0611111 0
0 0.759722 0 0.025 0
0 0.574306 0 0.0625 0
0 0.760417 0 0.0263889 0
0 0.575 0 0.0611111 0
0 0.761111 0 0.025 0
0 0.572917 0 0.0597222 0
0 0.763194 0 0.0236111 0
0 0.572917 0 0.0569444 0
0 0.763194 0 0.0236111 0
0 0.575694 0 0.0625 0
0 0.763889 0 0.025 0
0 0.576389 0 0.0611111 0
0 0.764583 0 0.0263889 0
0 0.578472 0 0.0625 0
0 0.765972 0 0.0263889 0
0 0.577778 0 0.0611111 0
0 0.766667 0 0.0277778 0
0 0.577778 0 0.0583333 0
0 0.76875 0 0.0263889 0
0 0.579167 0 0.0555556 0
0 0.770139 0 0.0263889 0
0 0.579167 0 0.0527778 0
0 0.770833 0 0.0277778 0
0 0.579167 0 0.0527778 0
0 0.770833 0 0.0277778 0
0 0.581944 0 0.0583333 0
0 0.772222 0 0.025 0
0 0.582639 0 0.0541667 0
0 0.772917 0 0.0263889 0
0 0.776389 0 0.025 0
0 0.581944 0 0.0555556 0
0 0.777083 0 0.0263889 0
0 0.583333 0 0.0555556 0
0 0.777778 0 0.025 0
0 0.582639 0 0.0541667 0
0 0.778472 0 0.0263889 0
0 0.584722 0 0.0527778 0
0 0.779167 0 0.025 0
0 0.779861 0 0.0263889 0
0 0.586111 0 0.0555556 0
0 0.78125 0 0.0263889 0
0 0.585417 0 0.0541667 0
0 0.781944 0 0.025 0
0 0.783333 0 0.025 0
0 0.785417 0 0.0236111 0
0 0.785417 0 0.0263889 0
0 0.5875 0 0.0527778 0
0 0.786806 0 0.0236111 0
0 0.589583 0 0.0569444 0
0 0.788889 0 0.025 0
0 0.790278 0 0.025 0
0 0.791667 0 0.025 0
0 0.792361 0 0.0263889 0
0 0.594444 0 0.05 0
0 0.795139 0 0.0263889 0
0 0.797222 0 0.025 0
0 0.593056 0 0.0527778 0
0 0.798611 0 0.025 0
0 0.594444 0 0.0472222 0
0 0.800694 0 0.0236111 0
0 0.594444 0 0.0472222 0
0 0.802083 0 0.0236111 0
0 0.595833 0 0.0555556 0
0 0.803472 0 0.0263889 0
0 0.595833 0 0.0555556 0
0 0.804861 0 0.0263889 0
0 0.595833 0 0.0555556 0
0 0.80625 0 0.0236111 0
0 0.596528 0 0.0569444 0
0 0.806944 0 0.025 0
0 0.597222 0 0.0583333 0
0 0.808333 0 0.025 0
0 0.598611 0 0.0583333 0
0 0.810417 0 0.0236111 0
0 0.8125 0 0.0222222 0
0 0.813889 0 0.0222222 0
0 0.815278 0 0.025 0
0 0.602083 0 0.0625 0
0 0.816667 0 0.025 0
0 0.81875 0 0.0236111 0
0 0.603472 0 0.0597222 0
0 0.820833 0 0.025 0
0 0.604861 0 0.0569444 0
0 0.822222 0 0.025 0
0 0.825 0 0.0222222 0
0 0.825 0 0.0222222 0
0 0.828472 0 0.0263889 0
0 0.828472 0 0.0263889 0
0 0.829167 0 0.025 0
0 0.832639 0 0.0236111 0
0 0.835417 0 0.0263889 0
0 0.8375 0 0.0222222 0
0 0.838889 0 0.025 0
0 0.838889 0 0.025 0
0 0.840972 0 0.0263889 0
0 0.843056 0 0.025 0
0 0.845833 0 0.025 0
0 0.847917 0 0.0263889 0
0 0.851389 0 0.025 0
0 0.853472 0 0.0236111 0
0 0.854861 0 0.0263889 0
0 0.857639 0 0.0236111 0
0 0.859722 0 0.025 0
0 0.863194 0 0.0236111 0
0 0.864583 0 0.0263889 0
0 0.868056 0 0.0277778 0
0 0.869444 0 0.025 0
0 0.870139 0 0.0263889 0
0 0.872917 0 0.0263889 0
0 0.875 0 0.025 0
0 0.878472 0 0.0263889 0
0 0.879861 0 0.0263889 0
0 0.879861 0 0.0263889 0
0 0.882639 0 0.0263889 0
0 0.888889 0 0.025 0
0 0.890972 0 0.0263889 0
0 0.89375 0 0.0263889 0
0 0.895833 0 0.025 0
0 0.895833 0 0.025 0
0 0.899306 0 0.0263889 0
0 0.902083 0 0.0263889 0
0 0.904167 0 0.0277778 0
0 0.908333 0 0.0277778 0
0 0.911806 0 0.0291667 0
0 0.915278 0 0.0277778 0
0 0.918056 0 0.0277778 0
0 0.922222 0 0.0277778 0
0 0.926389 0 0.0277778 0
0 0.929861 0 0.0291667 0
0 0.934722 0 0.0277778 0
0 0.939583 0 0.0263889 0
0 0.941667 0 0.0277778 0
0 0.944444 0 0.0277778 0
0 0.95 0 0.0277778 0
0 0.953472 0 0.0291667 0
0 0.958333 0 0.0277778 0
0 0.963194 0 0.0263889 0
0 0.967361 0 0.0291667 0
0 0.972222 0 0.0277778 0
0 0.975 0 0.0277778 0
0 0.979861 0 0.0291667 0
0 0.984722 0 0.0277778 0
0 0.9875 0 0.025 0
0 0.989583 0 0.0208333 0
0 0.990972 0 0.0180556 0
0 0.993056 0 0.0138889 0
0 0.995833 0 0.00555556 0
0 0.501389 0.5 0.0472222 1
0 0.918056 0 0.0222222 0
0 0.501389 0.5 0.0472222 1
0 0.469444 0 0.0222222 0
0 0.469444 0 0.0222222 0
0 0.46875 0 0.0208333 0
0 0.468056 0 0.0222222 0
0 0.466667 0 0.0222222 0
0 0.463194 0 0.0208333 0
0 0.461111 0 0.0222222 0
0 0.459722 0 0.0222222 0
0 0.458333 0 0.0222222 0
0 0.458333 0 0.0222222 0
0 0.458333 0 0.0222222 0
0 0.458333 0 0.0222222 0
0 0.456944 0 0.0222222 0
0 0.455556 0 0.0222222 0
0 0.454861 0 0.0236111 0
0 0.454167 0 0.0222222 0
0 0.454167 0 0.0222222 0
0 0.453472 0 0.0208333 0
0 0.452778 0 0.0222222 0
0 0.452778 0 0.0222222 0
0 0.452778 0 0.0222222 0
0 0.452778 0 0.0222222 0
0 0.452778 0 0.0222222 0
0 0.452778 0 0.0222222 0
0 0.453472 0 0.0236111 0
0 0.452778 0 0.0222222 0
0 0.453472 0 0.0208333 0
0 0.453472 0 0.0208333 0
0 0.452778 0 0.0222222 0
0 0.454167 0 0.0222222 0
0 0.454167 0.5 0.0222222 1
0 0.454167 0.5 0.0222222 1
0 0.454167 0.5 0.0222222 1
0 0.454167 0.5 0.0222222 1
0 0.454167 0.5 0.0222222 1
0 0.454167 0.5 0.0222222 1
0 0.454167 0.5 0.0222222 1
0 0.454167 0.5 0.0222222 1
0 0.454167 0.5 0.0222222 1
0 0.454167 0.5 0.0222222 1
0 0.454167 0.5 0.0222222 1
0 0.454167 0.5 0.0222222 1
0 0.454167 0.5 0.0222222 1
0 0.453472 0.5 0.0236111 1
0 0.453472 0.5 0.0208333 1
0 0.452778 0.5 0.0222222 1
0 0.452083 0 0.0208333 0
0 0.452778 0 0.0222222 0
0 0.452778 0 0.0222222 0
0 0.453472 0 0.0236111 0
0 0.455556 0 0.0222222 0
0 0.457639 0 0.0208333 0
0 0.461806 0 0.0208333 0
0 0.466667 0 0.0222222 0
0 0.46875 0 0.0208333 0
0 0.470833 0 0.0222222 0
0 0.472222 0 0.0222222 0
0 0.474306 0 0.0208333 0
0 0.477778 0 0.0222222 0
0 0.479861 0 0.0208333 0
0 0.48125 0 0.0208333 0
0 0.482639 0 0.0208333 0
0 0.485417 0 0.0208333 0
0 0.486111 0 0.0222222 0
0 0.489583 0 0.0208333 0
0 0.490278 0 0.0222222 0
0 0.491667 0 0.0222222 0
0 0.494444 0 0.0222222 0
0 0.495833 0 0.0222222 0
0 0.497222 0 0.0222222 0
0 0.497222 0 0.0222222 0
0 0.499306 0 0.0208333 0
0 0.501389 0 0.0194444 0
0 0.502083 0 0.0208333 0
0 0.504167 0 0.0222222 0
0 0.505556 0 0.0222222 0
0 0.507639 0 0.0208333 0
0 0.510417 0 0.0208333 0
0 0.5125 0 0.0194444 0
0 0.514583 0 0.0208333 0
0 0.515278 0 0.0222222 0
0 0.517361 0 0.0236111 0
0 0.520139 0 0.0208333 0
0 0.520833 0 0.0222222 0
0 0.522917 0 0.0208333 0
0 0.523611 0 0.0222222 0
0 0.527083 0 0.0208333 0
0 0.527778 0 0.0222222 0
0 0.501389 0 0.0333333 0
0 0.529167 0 0.0222222 0
0 0.530556 0 0.0222222 0
0 0.53125 0 0.0208333 0
0 0.53125 0 0.0208333 0
0 0.53125 0 0.0208333 0
0 0.53125 0 0.0208333 0
0 0.530556 0 0.0222222 0
0 0.529861 0 0.0208333 0
0 0.529861 0 0.0236111 0
0 0.529167 0 0.0222222 0
0 0.529167 0 0.0222222 0
0 0.529167 0 0.0222222 0
0 0.529861 0 0.0236111 0
0 0.530556 0 0.0222222 0
0 0.53125 0 0.0208333 0
0 0.53125 0 0.0208333 0
0 0.53125 0 0.0208333 0
0 0.53125 0 0.0208333 0
0 0.53125 0 0.0208333 0
0 0.532639 0 0.0208333 0
0 0.533333 0 0.0222222 0
0 0.533333 0 0.0222222 0
0 0.534028 0 0.0236111 0
0 0.534722 0 0.0222222 0
0 0.534722 0 0.0222222 0
0 0.536111 0 0.0222222 0
0 0.536806 0 0.0208333 0
0 0.538889 0 0.0222222 0
0 0.539583 0 0.0208333 0
0 0.539583 0 0.0208333 0
0 0.540278 0 0.0222222 0
0 0.540278 0 0.0222222 0
0 0.540278 0 0.0222222 0
0 0.540278 0 0.0222222 0
0 0.541667 0 0.0222222 0
0 0.542361 0 0.0236111 0
0 0.542361 0 0.0236111 0
0 0.543056 0 0.0222222 0
0 0.544444 0 0.0222222 0
0 0.545139 0 0.0236111 0
0 0.545833 0 0.0222222 0
0 0.546528 0 0.0236111 0
0 0.546528 0 0.0236111 0
0 0.547917 0 0.0236111 0
0 0.547917 0 0.0236111 0
0 0.549306 0 0.0208333 0
0 0.55 0 0.0222222 0
0 0.551389 0 0.0222222 0
0 0.552083 0 0.0236111 0
0 0.552778 0 0.025 0
0 0.553472 0 0.0236111 0
0 0.553472 0 0.0236111 0
0 0.553472 0 0.0236111 0
0 0.554861 0 0.0236111 0
0 0.555556 0 0.025 0
0 0.557639 0 0.0236111 0
0 0.559028 0 0.0236111 0
0 0.561806 0 0.0236111 0
0 0.565278 0 0.025 0
0 0.566667 0 0.025 0
0 0.56875 0 0.0236111 0
0 0.571528 0 0.0236111 0
0 0.572917 0 0.0236111 0
0 0.573611 0 0.025 0
0 0.575694 0 0.0236111 0
0 0.578472 0 0.0236111 0
0 0.579167 0 0.025 0
0 0.581944 0 0.025 0
0 0.583333 0 0.025 0
0 0.586806 0 0.0236111 0
0 0.588889 0 0.025 0
0 0.590278 0 0.025 0
0 0.591667 0 0.025 0
0 0.591667 0 0.025 0
0 0.591667 0 0.025 0
0 0.591667 0 0.025 0
0 0.593056 0 0.025 0
0 0.594444 0 0.025 0
0 0.595833 0 0.025 0
0 0.597222 0 0.025 0
0 0.598611 0 0.025 0
0 0.600694 0 0.0236111 0
0 0.602778 0 0.025 0
0 0.603472 0 0.0263889 0
0 0.605556 0 0.025 0
0 0.606944 0 0.025 0
0 0.607639 0 0.0236111 0
0 0.609028 0 0.0263889 0
0 0.610417 0 0.0263889 0
0 0.613194 0 0.0236111 0
0 0.613889 0 0.025 0
0 0.615972 0 0.0263889 0
0 0.618056 0 0.025 0
0 0.619444 0 0.025 0
0 0.621528 0 0.0263889 0
0 0.621528 0 0.0263889 0
0 0.622917 0 0.0263889 0
0 0.625694 0 0.0236111 0
0 0.626389 0 0.025 0
0 0.627083 0 0.0263889 0
0 0.627778 0 0.025 0
0 0.628472 0 0.0263889 0
0 0.628472 0 0.0263889 0
0 0.628472 0 0.0263889 0
0 0.628472 0 0.0263889 0
0 0.628472 0 0.0263889 0
0 0.628472 0 0.0263889 0
0 0.628472 0 0.0263889 0
0 0.629861 0 0.0263889 0
0 0.629861 0 0.0263889 0
0 0.63125 0 0.0263889 0
0 0.631944 0 0.025 0
0 0.632639 0 0.0263889 0
0 0.634028 0 0.0263889 0
0 0.635417 0 0.0263889 0
0 0.515972 0 0.0430556 0
0 0.6375 0 0.025 0
0 0.638194 0 0.0263889 0
0 0.639583 0 0.0263889 0
0 0.640278 0 0.0277778 0
0 0.641667 0 0.0277778 0
0 0.642361 0 0.0263889 0
0 0.642361 0 0.0263889 0
0 0.642361 0 0.0263889 0
0 0.642361 0 0.0263889 0
0 0.643056 0 0.0277778 0
0 0.645139 0 0.0263889 0
0 0.645139 0 0.0263889 0
0 0.647222 0 0.025 0
0 0.647917 0 0.0263889 0
0 0.65 0 0.025 0
0 0.651389 0 0.025 0
0 0.652083 0 0.0263889 0
0 0.653472 0 0.0263889 0
0 0.654167 0 0.0277778 0
0 0.654861 0 0.0263889 0
0 0.656944 0 0.025 0
0 0.657639 0 0.0263889 0
0 0.658333 0 0.025 0
0 0.659028 0 0.0263889 0
0 0.659028 0 0.0263889 0
0 0.660417 0 0.0263889 0
0 0.6625 0 0.025 0
0 0.663889 0 0.025 0
0 0.527083 0 0.0458333 0
0 0.665278 0 0.025 0
0 0.529167 0 0.05 0
0 0.665972 0 0.0263889 0
0 0.666667 0 0.0277778 0
0 0.666667 0 0.0277778 0
0 0.666667 0 0.0277778 0
0 0.666667 0 0.025 0
0 0.668056 0 0.025 0
0 0.670139 0 0.0263889 0
0 0.671528 0 0.0263889 0
0 0.672917 0 0.0263889 0
0 0.675694 0 0.0263889 0
0 0.677778 0 0.025 0
0 0.679861 0 0.0263889 0
0 0.68125 0 0.0263889 0
0 0.683333 0 0.025 0
0 0.534722 0 0.05 0
0 0.684028 0 0.0263889 0
0 0.685417 0 0.0263889 0
0 0.685417 0 0.0263889 0
0 0.685417 0 0.0263889 0
0 0.685417 0 0.0263889 0
0 0.686111 0 0.025 0
0 0.6875 0 0.025 0
0 0.688889 0 0.025 0
0 0.690278 0 0.025 0
0 0.690972 0 0.0263889 0
0 0.692361 0 0.0263889 0
0 0.540972 0 0.0513889 0
0 0.693056 0 0.025 0
0 0.69375 0 0.0236111 0
0 0.694444 0 0.025 0
0 0.541667 0 0.0472222 0
0 0.695833 0 0.025 0
0 0.540972 0 0.0458333 0
0 0.696528 0 0.0263889 0
0 0.541667 0 0.05 0
0 0.697222 0 0.025 0
0 0.541667 0 0.0472222 0
0 0.698611 0 0.025 0
0 0.700694 0 0.0236111 0
0 0.701389 0 0.025 0
0 0.702083 0 0.0236111 0
0 0.702778 0 0.025 0
0 0.703472 0 0.0263889 0
0 0.704861 0 0.0263889 0
0 0.705556 0 0.025 0
0 0.70625 0 0.0236111 0
0 0.706944 0 0.025 0
0 0.707639 0 0.0236111 0
0 0.708333 0 0.025 0
0 0.709722 0 0.025 0
0 0.711111 0 0.025 0
0 0.710417 0 0.0236111 0
0 0.710417 0 0.0236111 0
0 0.710417 0 0.0236111 0
0 0.711806 0 0.0236111 0
0 0.711806 0 0.0236111 0
0 0.713194 0 0.0236111 0
0 0.713194 0 0.0236111 0
0 0.713889 0 0.025 0
0 0.715278 0 0.025 0
0 0.715278 0 0.025 0
0 0.550694 0 0.0513889 0
0 0.715972 0 0.0263889 0
0 0.715972 0 0.0263889 0
0 0.716667 0 0.025 0
0 0.557639 0 0.0625 0
0 0.716667 0 0.025 0
0 0.717361 0 0.0263889 0
0 0.717361 0 0.0263889 0
0 0.559722 0 0.0611111 0
0 0.718056 0 0.025 0
0 0.719444 0 0.025 0
0 0.559722 0 0.0611111 0
0 0.719444 0 0.025 0
0 0.559722 0 0.0611111 0
0 0.719444 0 0.025 0
0 0.559722 0 0.0611111 0
0 0.719444 0 0.025 0
0 0.719444 0 0.025 0
0 0.720139 0 0.0236111 0
0 0.720833 0 0.025 0
0 0.722222 0 0.025 0
0 0.722222 0 0.025 0
0 0.561111 0 0.0583333 0
0 0.723611 0 0.025 0
0 0.561111 0 0.0583333 0
0 0.724306 0 0.0236111 0
0 0.725 0 0.0222222 0
0 0.725694 0 0.0236111 0
0 0.727083 0 0.0236111 0
0 0.563889 0 0.0583333 0
0 0.727778 0 0.025 0
0 0.565278 0 0.0583333 0
0 0.729167 0 0.025 0
0 0.729167 0 0.025 0
0 0.729167 0 0.025 0
0 0.730556 0 0.0222222 0
0 0.73125 0 0.0236111 0
0 0.731944 0 0.0222222 0
0 0.567361 0 0.0541667 0
0 0.732639 0 0.0236111 0
0 0.734028 0 0.0236111 0
0 0.734722 0 0.025 0
0 0.736111 0 0.025 0
0 0.736111 0 0.025 0
0 0.736111 0 0.025 0
0 0.736111 0 0.025 0
0 0.736806 0 0.0236111 0
0 0.7375 0 0.0222222 0
0 0.738889 0 0.025 0
0 0.740278 0 0.025 0
0 0.740278 0 0.025 0
0 0.743056 0 0.025 0
0 0.74375 0 0.0236111 0
0 0.74375 0 0.0236111 0
0 0.745139 0 0.0236111 0
0 0.747222 0 0.025 0
0 0.748611 0 0.025 0
0 0.750694 0 0.0236111 0
0 0.752083 0 0.0236111 0
0 0.752778 0 0.025 0
0 0.573611 0 0.0472222 0
0 0.754167 0 0.025 0
0 0.756944 0 0.0222222 0
0 0.757639 0 0.0236111 0
0 0.759028 0 0.0236111 0
0 0.761111 0 0.0222222 0
0 0.761111 0 0.0222222 0
0 0.7625 0 0.0222222 0
0 0.763889 0 0.0222222 0
0 0.764583 0 0.0236111 0
0 0.765972 0 0.0236111 0
0 0.767361 0 0.0236111 0
0 0.76875 0 0.0236111 0
0 0.770139 0 0.0236111 0
0 0.772222 0 0.025 0
0 0.775 0 0.0222222 0
0 0.777083 0 0.0236111 0
0 0.778472 0 0.0236111 0
0 0.779861 0 0.0236111 0
0 0.78125 0 0.0236111 0
0 0.782639 0 0.0263889 0
0 0.784722 0 0.025 0
0 0.788194 0 0.0236111 0
0 0.7875 0 0.0222222 0
0 0.788194 0 0.0236111 0
0 0.7875 0 0.0222222 0
0 0.788194 0 0.0236111 0
0 0.790278 0 0.025 0
0 0.791667 0 0.025 0
0 0.79375 0 0.0236111 0
0 0.795833 0 0.025 0
0 0.797917 0 0.0263889 0
0 0.8 0 0.0222222 0
0 0.802083 0 0.0236111 0
0 0.804167 0 0.025 0
0 0.805556 0 0.025 0
0 0.594444 0 0.0555556 0
0 0.806944 0 0.025 0
0 0.59375 0 0.0513889 0
0 0.809028 0 0.0263889 0
0 0.811806 0 0.0236111 0
0 0.597222 0 0.0555556 0
0 0.815278 0 0.025 0
0 0.595833 0 0.0583333 0
0 0.815972 0 0.0263889 0
0 0.819444 0 0.025 0
0 0.820833 0 0.025 0
0 0.823611 0 0.025 0
0 0.825694 0 0.0236111 0
0 0.828472 0 0.0263889 0
0 0.830556 0 0.0277778 0
0 0.6 0 0.0611111 0
0 0.832639 0 0.0263889 0
0 0.834722 0 0.0277778 0
0 0.834722 0 0.0277778 0
0 0.834722 0 0.0277778 0
0 0.834722 0 0.0277778 0
0 0.8375 0 0.025 0
0 0.838889 0 0.025 0
0 0.841667 0 0.0277778 0
0 0.84375 0 0.0263889 0
0 0.846528 0 0.0263889 0
0 0.849306 0 0.0236111 0
0 0.852083 0 0.0263889 0
0 0.607639 0 0.0597222 0
0 0.854861 0 0.0263889 0
0 0.606944 0 0.0583333 0
0 0.85625 0 0.0263889 0
0 0.609028 0 0.0597222 0
0 0.859722 0 0.0277778 0
0 0.864583 0 0.0263889 0
0 0.866667 0 0.0277778 0
0 0.868056 0 0.0277778 0
0 0.871528 0 0.0263889 0
0 0.875 0 0.025 0
0 0.877083 0 0.0263889 0
0 0.879861 0 0.0291667 0
0 0.613194 0 0.0597222 0
0 0.883333 0 0.0277778 0
0 0.886806 0 0.0263889 0
0 0.890972 0 0.0291667 0
0 0.894444 0 0.0277778 0
0 0.897917 0 0.0291667 0
0 0.902778 0 0.0277778 0
0 0.904861 0 0.0291667 0
0 0.904861 0 0.0291667 0
0 0.904861 0 0.0291667 0
0 0.906944 0 0.0277778 0
0 0.909722 0 0.0277778 0
0 0.913194 0 0.0291667 0
0 0.917361 0 0.0291667 0
0 0.920139 0 0.0291667 0
0 0.923611 0 0.0277778 0
0 0.928472 0 0.0291667 0
0 0.931944 0 0.0277778 0
0 0.935417 0 0.0291667 0
0 0.939583 0 0.0291667 0
0 0.943056 0 0.0305556 0
0 0.947222 0 0.0305556 0
0 0.950694 0 0.0291667 0
0 0.954167 0 0.0305556 0
0 0.9625 0 0.0277778 0
0 0.965278 0 0.0305556 0
0 0.970139 0 0.0291667 0
0 0.975 0 0.0277778 0
0 0.977778 0 0.0305556 0
0 0.980556 0 0.0305556 0
0 0.984028 0 0.0291667 0
0 0.986111 0 0.025 0
0 0.988889 0 0.0222222 0
0 0.991667 0 0.0166667 0
0 0.993056 0 0.0138889 0
0 0.995139 0 0.00972222 0
0 0.995139 0 0.00972222 0
0 0.995833 0 0.00833333 0
0 0.995833 0 0.00833333 0
0 0.995139 0 0.00694444 0
0 0.620139 0 0.0125 0
0 0.627083 0 0.0125 0
0 0.628472 0 0.0125 0
0 0.527083 0 0.0125 0
0 0.6375 0 0.0138889 0
0 0.644444 0 0.0138889 0
0 0.645139 0 0.0152778 0
0 0.645833 0 0.0138889 0
0 0.646528 0 0.0152778 0
0 0.65 0 0.0138889 0
0 0.651389 0 0.0138889 0
0 0.651389 0 0.0138889 0
0 0.690278 0 0.0111111 0
0 0.690278 0 0.0111111 0
0 0.918056 0 0.0222222 0
