0 0.469444 0 0.0222222 0
0 0.469444 0 0.0222222 0
0 0.469444 0 0.0222222 0
0 0.469444 0 0.0222222 0
0 0.469444 0 0.0222222 0
0 0.469444 0 0.0222222 0
0 0.469444 0 0.0222222 0
0 0.469444 0 0.0222222 0
0 0.469444 0 0.0222222 0
0 0.469444 0 0.0222222 0
0 0.469444 0 0.0222222 0
0 0.469444 0 0.0222222 0
0 0.469444 0 0.0222222 0
0 0.469444 0 0.0222222 0
0 0.469444 0 0.0222222 0
0 0.469444 0 0.0222222 0
0 0.469444 0 0.0222222 0
0 0.469444 0 0.0222222 0
0 0.469444 0 0.0222222 0
0 0.469444 0 0.0222222 0
0 0.469444 0 0.0222222 0
0 0.469444 0 0.0222222 0
0 0.469444 0 0.0222222 0
0 0.469444 0 0.0222222 0
0 0.469444 0 0.0222222 0
0 0.469444 0 0.0222222 0
0 0.469444 0 0.0222222 0
0 0.46875 0 0.0208333 0
0 0.46875 0 0.0208333 0
0 0.469444 0 0.0222222 0
0 0.46875 0 0.0208333 0
0 0.46875 0 0.0208333 0
0 0.46875 0 0.0208333 0
0 0.469444 0 0.0222222 0
0 0.46875 0 0.0208333 0
0 0.46875 0 0.0208333 0
0 0.46875 0 0.0208333 0
0 0.46875 0 0.0208333 0
0 0.469444 0 0.0222222 0
0 0.46875 0 0.0208333 0
0 0.469444 0 0.0222222 0
0 0.46875 0 0.0208333 0
0 0.469444 0 0.0222222 0
0 0.469444 0 0.0222222 0
0 0.469444 0 0.0222222 0
0 0.469444 0 0.0222222 0
0 0.469444 0 0.0222222 0
0 0.468056 0 0.0222222 0
0 0.466667 0 0.0222222 0
0 0.463194 0 0.0208333 0
0 0.461111 0 0.0222222 0
0 0.459722 0 0.0222222 0
0 0.458333 0 0.0222222 0
0 0.457639 0 0.0208333 0
0 0.457639 0 0.0208333 0
0 0.456944 0 0.0222222 0
0 0.454861 0 0.0236111 0
0 0.454167 0 0.0222222 0
0 0.452083 0 0.0208333 0
0 0.451389 0 0.0222222 0
0 0.449306 0 0.0208333 0
0 0.447222 0 0.0222222 0
0 0.445833 0 0.0222222 0
0 0.445833 0 0.0222222 0
0 0.445833 0 0.0222222 0
0 0.445833 0 0.0222222 0
0 0.44375 0 0.0208333 0
0 0.442361 0 0.0236111 0
0 0.440972 0 0.0236111 0
0 0.439583 0 0.0208333 0
0 0.438194 0 0.0208333 0
0 0.435417 0 0.0208333 0
0 0.433333 0 0.0222222 0
0 0.433333 0 0.0222222 0
0 0.433333 0 0.0222222 0
0 0.432639 0 0.0208333 0
0 0.432639 0 0.0208333 0
0 0.430556 0 0.0222222 0
0 0.427778 0 0.0222222 0
0 0.425 0 0.0194444 0
0 0.423611 0 0.0222222 0
0 0.422222 0 0.0222222 0
0 0.422222 0 0.0222222 0
0 0.420833 0 0.0222222 0
0 0.420139 0 0.0208333 0
0 0.420139 0 0.0208333 0
0 0.416667 0 0.0222222 0
0 0.415278 0 0.0222222 0
0 0.414583 0 0.0208333 0
0 0.411111 0 0.0222222 0
0 0.408333 0 0.0222222 0
0 0.405556 0 0.0222222 0
0 0.405556 0 0.0222222 0
0 0.405556 0 0.0222222 0
0 0.404861 0 0.0236111 0
0 0.404167 0 0.0222222 0
0 0.405556 0 0.0222222 0
0 0.407639 0 0.0208333 0
0 0.411111 0 0.0222222 0
0 0.413889 0 0.0222222 0
0 0.414583 0 0.0208333 0
0 0.415278 0 0.0222222 0
0 0.415278 0 0.0222222 0
0 0.415278 0 0.0222222 0
0 0.416667 0 0.0222222 0
0 0.419444 0 0.0222222 0
0 0.420139 0 0.0208333 0
0 0.420833 0 0.0222222 0
0 0.420833 0 0.0222222 0
0 0.424306 0 0.0236111 0
0 0.424306 0 0.0236111 0
0 0.425694 0 0.0208333 0
0 0.426389 0 0.0222222 0
0 0.427778 0 0.0222222 0
0 0.427778 0 0.0222222 0
0 0.428472 0 0.0236111 0
0 0.429167 0 0.0222222 0
0 0.429861 0 0.0236111 0
0 0.43125 0 0.0236111 0
0 0.431944 0 0.0222222 0
0 0.432639 0 0.0208333 0
0 0.432639 0 0.0208333 0
0 0.433333 0 0.0222222 0
0 0.434722 0 0.0222222 0
0 0.436111 0 0.0222222 0
0 0.438194 0 0.0208333 0
0 0.439583 0 0.0208333 0
0 0.439583 0 0.0208333 0
0 0.440278 0 0.0222222 0
0 0.440972 0 0.0236111 0
0 0.441667 0 0.0222222 0
0 0.44375 0 0.0208333 0
0 0.445139 0 0.0208333 0
0 0.445139 0 0.0208333 0
0 0.445833 0 0.0222222 0
0 0.447222 0 0.0222222 0
0 0.447222 0 0.0222222 0
0 0.446528 0 0.0208333 0
0 0.445139 0 0.0208333 0
0 0.44375 0 0.0208333 0
0 0.44375 0 0.0208333 0
0 0.441667 0 0.0222222 0
0 0.440278 0 0.0222222 0
0 0.438889 0 0.0222222 0
0 0.439583 0 0.0208333 0
0 0.438194 0 0.0208333 0
0 0.438194 0 0.0208333 0
0 0.436806 0 0.0208333 0
0 0.436111 0 0.0222222 0
0 0.436111 0 0.0222222 0
0 0.435417 0 0.0208333 0
0 0.435417 0 0.0208333 0
0 0.434722 0 0.0222222 0
0 0.433333 0 0.0222222 0
0 0.433333 0 0.0222222 0
0 0.433333 0 0.0222222 0
0 0.454167 0 0.0305556 0
0 0.433333 0 0.0222222 0
0 0.433333 0 0.0222222 0
0 0.432639 0 0.0208333 0
0 0.432639 0 0.0208333 0
0 0.431944 0 0.0222222 0
0 0.430556 0 0.0222222 0
0 0.430556 0 0.0222222 0
0 0.429861 0 0.0236111 0
0 0.429167 0 0.0222222 0
0 0.429167 0 0.0222222 0
0 0.429167 0 0.0222222 0
0 0.427778 0 0.0222222 0
0 0.427778 0 0.0222222 0
0 0.427083 0 0.0208333 0
0 0.427083 0 0.0208333 0
0 0.426389 0 0.0222222 0
0 0.425694 0 0.0208333 0
0 0.425694 0 0.0208333 0
0 0.425694 0 0.0208333 0
0 0.425694 0 0.0208333 0
0 0.425694 0 0.0208333 0
0 0.426389 0 0.0222222 0
0 0.429167 0 0.0222222 0
0 0.430556 0 0.0222222 0
0 0.431944 0 0.0222222 0
0 0.431944 0 0.0222222 0
0 0.431944 0 0.0222222 0
0 0.432639 0 0.0208333 0
0 0.432639 0 0.0208333 0
0 0.433333 0 0.0222222 0
0 0.433333 0 0.0222222 0
0 0.434722 0 0.0222222 0
0 0.434722 0 0.0222222 0
0 0.434722 0 0.0222222 0
0 0.434722 0 0.0222222 0
0 0.434722 0 0.0222222 0
0 0.435417 0 0.0208333 0
0 0.436111 0 0.0222222 0
0 0.436111 0 0.0222222 0
0 0.436111 0 0.0222222 0
0 0.436111 0 0.0222222 0
0 0.436806 0 0.0208333 0
0 0.438194 0 0.0208333 0
0 0.438194 0 0.0208333 0
0 0.438194 0 0.0208333 0
0 0.438194 0 0.0208333 0
0 0.438889 0 0.0222222 0
0 0.439583 0 0.0208333 0
0 0.439583 0 0.0208333 0
0 0.440278 0 0.0222222 0
0 0.440278 0 0.0222222 0
0 0.440278 0 0.0222222 0
0 0.440972 0 0.0236111 0
0 0.440972 0 0.0236111 0
0 0.440972 0 0.0236111 0
0 0.440972 0 0.0236111 0
0 0.440972 0 0.0236111 0
0 0.440278 0 0.0222222 0
0 0.440278 0 0.0222222 0
0 0.439583 0 0.0208333 0
0 0.438889 0 0.0222222 0
0 0.438194 0 0.0208333 0
0 0.4375 0 0.0222222 0
0 0.436111 0 0.0222222 0
0 0.436111 0 0.0222222 0
0 0.434722 0 0.0222222 0
0 0.434722 0 0.0222222 0
0 0.434722 0 0.0222222 0
0 0.434028 0 0.0208333 0
0 0.434028 0 0.0208333 0
0 0.433333 0 0.0222222 0
0 0.433333 0 0.0222222 0
0 0.432639 0 0.0236111 0
0 0.432639 0 0.0208333 0
0 0.432639 0 0.0208333 0
0 0.432639 0 0.0208333 0
0 0.432639 0 0.0208333 0
0 0.432639 0 0.0208333 0
0 0.43125 0 0.0208333 0
0 0.431944 0 0.0222222 0
0 0.43125 0 0.0208333 0
0 0.43125 0 0.0208333 0
0 0.43125 0 0.0208333 0
0 0.43125 0 0.0208333 0
0 0.430556 0 0.0222222 0
0 0.430556 0 0.0222222 0
0 0.430556 0 0.0222222 0
0 0.430556 0 0.0222222 0
0 0.429861 0 0.0236111 0
0 0.429167 0 0.0222222 0
0 0.429167 0 0.0222222 0
0 0.429167 0 0.0222222 0
0 0.429167 0 0.0222222 0
0 0.429167 0 0.0222222 0
0 0.429167 0 0.0222222 0
0 0.429167 0 0.0222222 0
0 0.429167 0 0.0222222 0
0 0.429167 0 0.0222222 0
0 0.430556 0 0.0222222 0
0 0.430556 0 0.0222222 0
0 0.430556 0 0.0222222 0
0 0.43125 0 0.0208333 0
0 0.432639 0 0.0208333 0
0 0.432639 0 0.0208333 0
0 0.433333 0 0.0222222 0
0 0.433333 0 0.0222222 0
0 0.433333 0 0.0222222 0
0 0.433333 0 0.0222222 0
0 0.433333 0 0.0222222 0
0 0.433333 0 0.0222222 0
0 0.433333 0 0.0222222 0
0 0.434722 0 0.0222222 0
0 0.434722 0 0.0222222 0
0 0.434722 0 0.0222222 0
0 0.434722 0 0.0222222 0
0 0.434722 0 0.0222222 0
0 0.434722 0 0.0222222 0
0 0.434722 0 0.0222222 0
0 0.434722 0 0.0222222 0
0 0.435417 0 0.0236111 0
0 0.435417 0 0.0236111 0
0 0.436111 0 0.0222222 0
0 0.436111 0 0.0222222 0
0 0.436111 0 0.0222222 0
0 0.436111 0 0.0222222 0
0 0.436111 0 0.0222222 0
0 0.436111 0 0.0222222 0
0 0.436111 0 0.0222222 0
0 0.436111 0 0.0222222 0
0 0.436111 0 0.0222222 0
0 0.436111 0 0.0222222 0
0 0.436111 0 0.0222222 0
0 0.436111 0 0.0222222 0
0 0.436111 0 0.0222222 0
0 0.436111 0 0.0222222 0
0 0.436111 0 0.0222222 0
0 0.436111 0 0.0222222 0
0 0.436111 0 0.0222222 0
0 0.436111 0 0.0222222 0
0 0.434722 0 0.0222222 0
0 0.434722 0 0.0222222 0
0 0.434722 0 0.0222222 0
0 0.434722 0 0.0222222 0
0 0.433333 0 0.0222222 0
0 0.433333 0 0.0222222 0
0 0.433333 0 0.0222222 0
0 0.432639 0 0.0208333 0
0 0.432639 0 0.0208333 0
0 0.432639 0 0.0208333 0
0 0.433333 0 0.0222222 0
0 0.432639 0 0.0208333 0
0 0.432639 0 0.0208333 0
0 0.432639 0 0.0208333 0
0 0.432639 0 0.0208333 0
0 0.431944 0 0.0222222 0
0 0.431944 0 0.0222222 0
0 0.431944 0 0.0222222 0
0 0.431944 0 0.0222222 0
0 0.432639 0 0.0208333 0
0 0.431944 0 0.0222222 0
0 0.43125 0 0.0208333 0
0 0.43125 0 0.0208333 0
0 0.431944 0 0.0222222 0
0 0.431944 0 0.0222222 0
0 0.431944 0 0.0222222 0
0 0.431944 0 0.0222222 0
0 0.43125 0 0.0208333 0
0 0.43125 0 0.0208333 0
0 0.43125 0 0.0208333 0
0 0.43125 0 0.0208333 0
0 0.43125 0 0.0208333 0
0 0.43125 0 0.0208333 0
0 0.43125 0 0.0208333 0
0 0.43125 0 0.0208333 0
0 0.43125 0 0.0208333 0
0 0.43125 0 0.0208333 0
0 0.432639 0 0.0208333 0
0 0.432639 0 0.0208333 0
0 0.431944 0 0.0222222 0
0 0.432639 0 0.0208333 0
0 0.432639 0 0.0208333 0
0 0.433333 0 0.0222222 0
0 0.433333 0 0.0222222 0
0 0.433333 0 0.0222222 0
0 0.434722 0 0.0222222 0
0 0.434722 0 0.0222222 0
0 0.434722 0 0.0222222 0
0 0.434722 0 0.0222222 0
0 0.434722 0 0.0222222 0
0 0.434722 0 0.0222222 0
0 0.434722 0 0.0222222 0
0 0.434722 0 0.0222222 0
0 0.434722 0 0.0222222 0
0 0.434722 0 0.0222222 0
0 0.434722 0 0.0222222 0
0 0.434722 0 0.0222222 0
0 0.434722 0 0.0222222 0
0 0.434722 0 0.0222222 0
0 0.434722 0 0.0222222 0
0 0.434722 0 0.0222222 0
0 0.434722 0 0.0222222 0
0 0.434722 0 0.0222222 0
0 0.434722 0 0.0222222 0
0 0.434722 0 0.0222222 0
0 0.434722 0 0.0222222 0
0 0.434722 0 0.0222222 0
0 0.434722 0 0.0222222 0
0 0.434722 0 0.0222222 0
0 0.434722 0 0.0222222 0
0 0.434722 0 0.0222222 0
0 0.434722 0 0.0222222 0
0 0.434722 0 0.0222222 0
0 0.434722 0 0.0222222 0
0 0.434722 0 0.0222222 0
0 0.434722 0 0.0222222 0
0 0.434722 0 0.0222222 0
0 0.434722 0 0.0222222 0
0 0.434722 0 0.0222222 0
0 0.433333 0 0.0222222 0
0 0.433333 0 0.0222222 0
0 0.433333 0 0.0222222 0
0 0.433333 0 0.0222222 0
0 0.433333 0 0.0222222 0
0 0.433333 0 0.0222222 0
0 0.433333 0 0.0222222 0
0 0.433333 0 0.0222222 0
0 0.433333 0 0.0222222 0
0 0.433333 0 0.0222222 0
0 0.433333 0 0.0222222 0
0 0.433333 0 0.0222222 0
0 0.432639 0 0.0208333 0
0 0.432639 0 0.0208333 0
0 0.432639 0 0.0208333 0
0 0.432639 0 0.0208333 0
0 0.432639 0 0.0208333 0
0 0.432639 0 0.0208333 0
0 0.432639 0 0.0208333 0
0 0.432639 0 0.0208333 0
0 0.432639 0 0.0208333 0
0 0.432639 0 0.0208333 0
0 0.432639 0 0.0208333 0
0 0.432639 0 0.0208333 0
0 0.433333 0 0.0222222 0
0 0.433333 0 0.0222222 0
0 0.433333 0 0.0222222 0
0 0.433333 0 0.0222222 0
0 0.433333 0 0.0222222 0
0 0.433333 0 0.0222222 0
0 0.433333 0 0.0222222 0
0 0.433333 0 0.0222222 0
0 0.433333 0 0.0222222 0
0 0.432639 0 0.0208333 0
0 0.432639 0 0.0208333 0
0 0.433333 0 0.0222222 0
0 0.433333 0 0.0222222 0
0 0.433333 0 0.0222222 0
0 0.433333 0 0.0222222 0
0 0.433333 0 0.0222222 0
0 0.433333 0 0.0222222 0
0 0.433333 0 0.0222222 0
0 0.434722 0 0.0222222 0
0 0.434722 0 0.0222222 0
0 0.434722 0 0.0222222 0
0 0.434722 0 0.0222222 0
0 0.434722 0 0.0222222 0
0 0.434722 0 0.0222222 0
0 0.434722 0 0.0222222 0
0 0.434722 0 0.0222222 0
0 0.434722 0 0.0222222 0
0 0.434722 0 0.0222222 0
0 0.434722 0 0.0222222 0
0 0.434722 0 0.0222222 0
0 0.434722 0 0.0222222 0
0 0.434722 0 0.0222222 0
0 0.434722 0 0.0222222 0
0 0.434722 0 0.0222222 0
0 0.434722 0 0.0222222 0
0 0.434722 0 0.0222222 0
0 0.434722 0 0.0222222 0
0 0.434722 0 0.0222222 0
0 0.434722 0 0.0222222 0
0 0.434722 0 0.0222222 0
0 0.434722 0 0.0222222 0
0 0.434722 0 0.0222222 0
0 0.434028 0 0.0236111 0
0 0.434028 0 0.0236111 0
0 0.434028 0 0.0236111 0
0 0.434028 0 0.0236111 0
0 0.433333 0 0.0222222 0
0 0.433333 0 0.0222222 0
0 0.433333 0 0.0222222 0
0 0.433333 0 0.0222222 0
0 0.433333 0 0.0222222 0
0 0.433333 0 0.0222222 0
0 0.433333 0 0.0222222 0
0 0.433333 0 0.0222222 0
0 0.433333 0 0.0222222 0
0 0.433333 0 0.0222222 0
0 0.433333 0 0.0222222 0
0 0.433333 0 0.0222222 0
0 0.433333 0 0.0222222 0
0 0.433333 0 0.0222222 0
0 0.433333 0 0.0222222 0
0 0.432639 0 0.0208333 0
0 0.432639 0 0.0208333 0
0 0.433333 0 0.0222222 0
0 0.433333 0 0.0222222 0
0 0.433333 0 0.0222222 0
0 0.433333 0 0.0222222 0
0 0.433333 0 0.0222222 0
0 0.433333 0 0.0222222 0
0 0.433333 0 0.0222222 0
0 0.433333 0 0.0222222 0
0 0.433333 0 0.0222222 0
0 0.433333 0 0.0222222 0
0 0.433333 0 0.0222222 0
0 0.433333 0 0.0222222 0
0 0.433333 0 0.0222222 0
0 0.433333 0 0.0222222 0
0 0.433333 0 0.0222222 0
0 0.433333 0 0.0222222 0
0 0.433333 0 0.0222222 0
0 0.433333 0 0.0222222 0
0 0.433333 0 0.0222222 0
0 0.433333 0 0.0222222 0
0 0.433333 0 0.0222222 0
0 0.433333 0 0.0222222 0
0 0.433333 0 0.0222222 0
0 0.433333 0 0.0222222 0
0 0.433333 0 0.0222222 0
0 0.433333 0 0.0222222 0
0 0.433333 0 0.0222222 0
0 0.433333 0 0.0222222 0
0 0.433333 0 0.0222222 0
0 0.433333 0 0.0222222 0
0 0.433333 0 0.0222222 0
0 0.433333 0 0.0222222 0
0 0.433333 0 0.0222222 0
0 0.433333 0 0.0222222 0
0 0.434028 0 0.0236111 0
0 0.433333 0 0.0222222 0
0 0.434722 0 0.0222222 0
0 0.434722 0 0.0222222 0
0 0.434028 0 0.0208333 0
0 0.433333 0 0.0222222 0
0 0.433333 0 0.0222222 0
0 0.434028 0 0.0208333 0
0 0.433333 0 0.0222222 0
0 0.433333 0 0.0222222 0
0 0.433333 0 0.0222222 0
0 0.433333 0 0.0222222 0
0 0.433333 0 0.0222222 0
0 0.433333 0 0.0222222 0
0 0.433333 0 0.0222222 0
0 0.433333 0 0.0222222 0
0 0.433333 0 0.0222222 0
0 0.433333 0 0.0222222 0
0 0.433333 0 0.0222222 0
0 0.433333 0 0.0222222 0
0 0.433333 0 0.0222222 0
0 0.433333 0 0.0222222 0
0 0.433333 0 0.0222222 0
0 0.433333 0 0.0222222 0
0 0.433333 0 0.0222222 0
0 0.433333 0 0.0222222 0
0 0.433333 0 0.0222222 0
0 0.433333 0 0.0222222 0
0 0.433333 0 0.0222222 0
0 0.433333 0 0.0222222 0
0 0.433333 0 0.0222222 0
0 0.433333 0 0.0222222 0
0 0.433333 0 0.0222222 0
0 0.433333 0 0.0222222 0
0 0.433333 0 0.0222222 0
0 0.433333 0 0.0222222 0
0 0.433333 0 0.0222222 0
0 0.433333 0 0.0222222 0
0 0.433333 0 0.0222222 0
0 0.433333 0 0.0222222 0
0 0.433333 0 0.0222222 0
0 0.433333 0 0.0222222 0
0 0.433333 0 0.0222222 0
0 0.433333 0 0.0222222 0
0 0.433333 0 0.0222222 0
0 0.433333 0 0.0222222 0
0 0.433333 0 0.0222222 0
0 0.433333 0 0.0222222 0
0 0.433333 0 0.0222222 0
0 0.433333 0 0.0222222 0
0 0.433333 0 0.0222222 0
0 0.433333 0 0.0222222 0
0 0.433333 0 0.0222222 0
0 0.433333 0 0.0222222 0
0 0.433333 0 0.0222222 0
0 0.433333 0 0.0222222 0
0 0.433333 0 0.0222222 0
0 0.433333 0 0.0222222 0
0 0.433333 0 0.0222222 0
0 0.433333 0 0.0222222 0
0 0.433333 0 0.0222222 0
0 0.433333 0 0.0222222 0
0 0.433333 0 0.0222222 0
0 0.433333 0 0.0222222 0
0 0.433333 0 0.0222222 0
0 0.433333 0 0.0222222 0
0 0.433333 0 0.0222222 0
0 0.433333 0 0.0222222 0
0 0.433333 0 0.0222222 0
0 0.433333 0 0.0222222 0
0 0.433333 0 0.0222222 0
0 0.433333 0 0.0222222 0
0 0.433333 0 0.0222222 0
0 0.433333 0 0.0222222 0
0 0.433333 0 0.0222222 0
0 0.433333 0 0.0222222 0
0 0.433333 0 0.0222222 0
0 0.433333 0 0.0222222 0
0 0.433333 0 0.0222222 0
0 0.433333 0 0.0222222 0
0 0.433333 0 0.0222222 0
0 0.433333 0 0.0222222 0
0 0.433333 0 0.0222222 0
0 0.433333 0 0.0222222 0
0 0.433333 0 0.0222222 0
0 0.433333 0 0.0222222 0
0 0.433333 0 0.0222222 0
0 0.433333 0 0.0222222 0
0 0.433333 0 0.0222222 0
0 0.433333 0 0.0222222 0
0 0.433333 0 0.0222222 0
0 0.433333 0 0.0222222 0
0 0.433333 0 0.0222222 0
0 0.433333 0 0.0222222 0
0 0.433333 0 0.0222222 0
0 0.433333 0 0.0222222 0
0 0.433333 0 0.0222222 0
0 0.433333 0 0.0222222 0
0 0.432639 0 0.0208333 0
0 0.432639 0 0.0208333 0
0 0.433333 0 0.0222222 0
0 0.433333 0 0.0222222 0
0 0.433333 0 0.0222222 0
0 0.433333 0 0.0222222 0
0 0.433333 0 0.0222222 0
0 0.432639 0 0.0208333 0
0 0.433333 0 0.0222222 0
0 0.433333 0 0.0222222 0
0 0.433333 0 0.0222222 0
0 0.432639 0 0.0208333 0
0 0.432639 0 0.0236111 0
0 0.432639 0 0.0236111 0
0 0.432639 0 0.0236111 0
0 0.432639 0 0.0208333 0
0 0.432639 0 0.0208333 0
0 0.432639 0 0.0208333 0
0 0.432639 0 0.0208333 0
0 0.433333 0 0.0222222 0
0 0.433333 0 0.0222222 0
0 0.433333 0 0.0222222 0
0 0.433333 0 0.0222222 0
0 0.433333 0 0.0222222 0
0 0.433333 0 0.0222222 0
0 0.433333 0 0.0222222 0
0 0.433333 0 0.0222222 0
0 0.433333 0 0.0222222 0
0 0.433333 0 0.0222222 0
0 0.433333 0 0.0222222 0
0 0.433333 0 0.0222222 0
0 0.433333 0 0.0222222 0
0 0.433333 0 0.0222222 0
0 0.433333 0 0.0222222 0
0 0.433333 0 0.0222222 0
0 0.433333 0 0.0222222 0
0 0.433333 0 0.0222222 0
0 0.433333 0 0.0222222 0
0 0.433333 0 0.0222222 0
0 0.433333 0 0.0222222 0
0 0.433333 0 0.0222222 0
0 0.433333 0 0.0222222 0
0 0.434028 0 0.0236111 0
0 0.434028 0 0.0236111 0
0 0.433333 0 0.0222222 0
0 0.434722 0 0.0222222 0
0 0.434722 0 0.0222222 0
0 0.434722 0 0.0222222 0
0 0.434722 0 0.0222222 0
0 0.434722 0 0.0222222 0
0 0.434722 0 0.0222222 0
0 0.434722 0 0.0222222 0
0 0.434722 0 0.0222222 0
0 0.434722 0 0.0222222 0
0 0.434722 0 0.0222222 0
0 0.434722 0 0.0222222 0
0 0.434722 0 0.0222222 0
0 0.434722 0 0.0222222 0
0 0.434722 0 0.0222222 0
0 0.434722 0 0.0222222 0
0 0.434722 0 0.0222222 0
0 0.435417 0 0.0236111 0
0 0.435417 0 0.0236111 0
0 0.435417 0 0.0236111 0
0 0.436111 0 0.0222222 0
0 0.436111 0 0.0222222 0
0 0.435417 0 0.0236111 0
0 0.436111 0 0.0222222 0
0 0.436111 0 0.0222222 0
0 0.436111 0 0.0222222 0
0 0.436111 0 0.0222222 0
0 0.436111 0 0.0222222 0
0 0.436111 0 0.0222222 0
0 0.436111 0 0.0222222 0
0 0.436111 0 0.0222222 0
0 0.436111 0 0.0222222 0
0 0.436111 0 0.0222222 0
0 0.436806 0 0.0236111 0
0 0.4375 0 0.0222222 0
0 0.436806 0 0.0236111 0
0 0.436806 0 0.0236111 0
0 0.4375 0 0.0222222 0
0 0.4375 0 0.0222222 0
0 0.4375 0 0.0222222 0
0 0.4375 0 0.0222222 0
0 0.438194 0 0.0208333 0
0 0.438194 0 0.0208333 0
0 0.438194 0 0.0208333 0
0 0.438194 0 0.0208333 0
0 0.438194 0 0.0208333 0
0 0.438889 0 0.0222222 0
0 0.438889 0 0.0222222 0
0 0.438889 0 0.0222222 0
0 0.438889 0 0.0222222 0
0 0.439583 0 0.0208333 0
0 0.438889 0 0.0222222 0
0 0.438889 0 0.0222222 0
0 0.438889 0 0.0222222 0
0 0.439583 0 0.0208333 0
0 0.439583 0 0.0208333 0
0 0.439583 0 0.0208333 0
0 0.440278 0 0.0222222 0
0 0.440278 0 0.0222222 0
0 0.440278 0 0.0222222 0
0 0.440278 0 0.0222222 0
0 0.440278 0 0.0222222 0
0 0.440278 0 0.0222222 0
0 0.440972 0 0.0236111 0
0 0.440972 0 0.0236111 0
0 0.440972 0 0.0236111 0
0 0.440972 0 0.0236111 0
0 0.440972 0 0.0236111 0
0 0.440972 0 0.0236111 0
0 0.441667 0 0.0222222 0
0 0.441667 0 0.0222222 0
0 0.440972 0 0.0236111 0
0 0.441667 0 0.0222222 0
0 0.441667 0 0.0222222 0
0 0.441667 0 0.0222222 0
0 0.441667 0 0.0222222 0
0 0.442361 0 0.0236111 0
0 0.442361 0 0.0236111 0
0 0.442361 0 0.0236111 0
0 0.442361 0 0.0236111 0
0 0.443056 0 0.0222222 0
0 0.443056 0 0.0222222 0
0 0.443056 0 0.0222222 0
0 0.44375 0 0.0208333 0
0 0.44375 0 0.0208333 0
0 0.444444 0 0.0222222 0
0 0.444444 0 0.0222222 0
0 0.445139 0 0.0208333 0
0 0.445139 0 0.0208333 0
0 0.444444 0 0.0222222 0
0 0.444444 0 0.0222222 0
0 0.445139 0 0.0208333 0
0 0.445833 0 0.0222222 0
0 0.445833 0 0.0222222 0
0 0.445139 0 0.0236111 0
0 0.445833 0 0.0222222 0
0 0.445833 0 0.0222222 0
0 0.445833 0 0.0222222 0
0 0.445833 0 0.0222222 0
0 0.446528 0 0.0236111 0
0 0.446528 0 0.0236111 0
0 0.446528 0 0.0236111 0
0 0.446528 0 0.0236111 0
0 0.446528 0 0.0236111 0
0 0.446528 0 0.0236111 0
0 0.446528 0 0.0236111 0
0 0.447222 0 0.0222222 0
0 0.447222 0 0.0222222 0
0 0.447222 0 0.0222222 0
0 0.447222 0 0.0222222 0
0 0.447917 0 0.0236111 0
0 0.447917 0 0.0236111 0
0 0.447917 0 0.0236111 0
0 0.447917 0 0.0236111 0
0 0.447917 0 0.0236111 0
0 0.447917 0 0.0236111 0
0 0.448611 0 0.0222222 0
0 0.448611 0 0.0222222 0
0 0.448611 0 0.0222222 0
0 0.448611 0 0.0222222 0
0 0.449306 0 0.0208333 0
0 0.449306 0 0.0208333 0
0 0.45 0 0.0222222 0
0 0.450694 0 0.0208333 0
0 0.450694 0 0.0208333 0
0 0.451389 0 0.0222222 0
0 0.451389 0 0.0222222 0
0 0.451389 0 0.0222222 0
0 0.451389 0 0.0222222 0
0 0.451389 0 0.0222222 0
0 0.451389 0 0.0222222 0
0 0.451389 0 0.0222222 0
0 0.451389 0 0.0222222 0
0 0.452083 0 0.0236111 0
0 0.452778 0 0.0222222 0
0 0.452778 0 0.0222222 0
0 0.452778 0 0.0222222 0
0 0.452778 0 0.0222222 0
0 0.452778 0 0.0222222 0
0 0.452778 0 0.0222222 0
0 0.452778 0 0.0222222 0
0 0.452778 0 0.0222222 0
0 0.453472 0 0.0236111 0
0 0.453472 0 0.0236111 0
0 0.453472 0 0.0236111 0
0 0.453472 0 0.0236111 0
0 0.453472 0 0.0236111 0
0 0.454167 0 0.0222222 0
0 0.454167 0 0.0222222 0
0 0.454167 0 0.0222222 0
0 0.454861 0.5 0.0236111 1
0 0.454861 0.5 0.0236111 1
0 0.454861 0.5 0.0236111 1
0 0.454861 0.5 0.0236111 1
0 0.454861 0.5 0.0236111 1
0 0.455556 0.5 0.0222222 1
0 0.454861 0.5 0.0236111 1
0 0.455556 0.5 0.0222222 1
0 0.45625 0.5 0.0208333 1
0 0.45625 0.5 0.0208333 1
0 0.456944 0.5 0.0222222 1
0 0.456944 0.5 0.0222222 1
0 0.456944 0.5 0.0222222 1
0 0.456944 0.5 0.0222222 1
0 0.457639 0.5 0.0208333 1
0 0.456944 0.5 0.0222222 1
0 0.458333 0.5 0.0222222 1
0 0.458333 0.5 0.0222222 1
0 0.458333 0.5 0.0222222 1
0 0.458333 0.5 0.0222222 1
0 0.458333 0.5 0.0222222 1
0 0.458333 0.5 0.0222222 1
0 0.458333 0.5 0.0222222 1
0 0.458333 0.5 0.0222222 1
0 0.458333 0.5 0.0222222 1
0 0.458333 0.5 0.0222222 1
0 0.459028 0.5 0.0236111 1
0 0.459028 0.5 0.0236111 1
0 0.459028 0.5 0.0236111 1
0 0.459028 0.5 0.0236111 1
0 0.459028 0.5 0.0236111 1
0 0.459722 0.5 0.0222222 1
0 0.459722 0.5 0.0222222 1
0 0.459722 0.5 0.0222222 1
0 0.459722 0.5 0.0222222 1
0 0.460417 0.5 0.0236111 1
0 0.459722 0.5 0.0222222 1
0 0.459722 0.5 0.0222222 1
0 0.459722 0.5 0.0222222 1
0 0.460417 0.5 0.0236111 1
0 0.460417 0.5 0.0236111 1
0 0.461111 0.5 0.0222222 1
0 0.461111 0.5 0.0222222 1
0 0.461111 0.5 0.0222222 1
0 0.461111 0.5 0.0222222 1
0 0.4625 0.5 0.0222222 1
0 0.4625 0.5 0.0222222 1
0 0.4625 0.5 0.0222222 1
0 0.4625 0.5 0.0222222 1
0 0.463194 0.5 0.0208333 1
0 0.463194 0.5 0.0208333 1
0 0.463194 0.5 0.0208333 1
0 0.463194 0.5 0.0208333 1
0 0.463194 0.5 0.0208333 1
0 0.463889 0.5 0.0222222 1
0 0.463889 0.5 0.0222222 1
0 0.463889 0.5 0.0222222 1
0 0.464583 0.5 0.0208333 1
0 0.464583 0.5 0.0208333 1
0 0.464583 0.5 0.0208333 1
0 0.464583 0.5 0.0208333 1
0 0.475694 0.5 0.0347222 1
0 0.464583 0.5 0.0208333 1
0 0.464583 0.5 0.0208333 1
0 0.475694 0.5 0.0347222 1
0 0.465278 0.5 0.0222222 1
0 0.475 0.5 0.0333333 1
0 0.465278 0.5 0.0222222 1
0 0.475694 0.5 0.0347222 1
0 0.465278 0.5 0.0222222 1
0 0.476389 0.5 0.0333333 1
0 0.465278 0.5 0.0222222 1
0 0.477083 0.5 0.0347222 1
0 0.465278 0.5 0.0222222 1
0 0.477083 0.5 0.0347222 1
0 0.465278 0.5 0.0222222 1
0 0.479167 0.5 0.0361111 1
0 0.465972 0.5 0.0208333 1
0 0.465972 0.5 0.0208333 1
0 0.479861 0.5 0.0375 1
0 0.465972 0.5 0.0208333 1
0 0.482639 0.5 0.0402778 1
0 0.465972 0.5 0.0208333 1
0 0.482639 0.5 0.0402778 1
0 0.465972 0.5 0.0208333 1
0 0.483333 0.5 0.0416667 1
0 0.465972 0.5 0.0208333 1
0 0.484028 0.5 0.0430556 1
0 0.465972 0.5 0.0208333 1
0 0.484028 0.5 0.0430556 1
0 0.466667 0.5 0.0222222 1
0 0.485417 0.5 0.0430556 1
0 0.466667 0.5 0.0222222 1
0 0.485417 0.5 0.0430556 1
0 0.466667 0.5 0.0222222 1
0 0.486806 0.5 0.0458333 1
0 0.467361 0.5 0.0208333 1
0 0.486806 0.5 0.0458333 1
0 0.468056 0.5 0.0222222 1
0 0.488194 0.5 0.0486111 1
0 0.467361 0.5 0.0208333 1
0 0.488194 0.5 0.0486111 1
0 0.467361 0.5 0.0208333 1
0 0.489583 0.5 0.0486111 1
0 0.467361 0.5 0.0208333 1
0 0.488889 0.5 0.05 1
0 0.467361 0.5 0.0208333 1
0 0.489583 0.5 0.0513889 1
0 0.468056 0.5 0.0194444 1
0 0.490278 0.5 0.05 1
0 0.46875 0.5 0.0208333 1
0 0.489583 0.5 0.0486111 1
0 0.468056 0.5 0.0194444 1
0 0.489583 0.5 0.0486111 1
0 0.468056 0.5 0.0194444 1
0 0.490278 0.5 0.0472222 1
0 0.46875 0.5 0.0208333 1
0 0.490972 0.5 0.0486111 1
0 0.469444 0.5 0.0222222 1
0 0.490972 0.5 0.0486111 1
0 0.469444 0.5 0.0194444 1
0 0.491667 0.5 0.05 1
0 0.470139 0.5 0.0180556 1
0 0.490972 0.5 0.0513889 1
0 0.470139 0.5 0.0180556 1
0 0.491667 0.5 0.0527778 1
0 0.470139 0.5 0.0180556 1
0 0.491667 0.5 0.05 1
0 0.470139 0.5 0.0180556 1
0 0.491667 0.5 0.05 1
0 0.470139 0.5 0.0180556 1
0 0.493056 0.5 0.05 1
0 0.470139 0.5 0.0180556 1
0 0.492361 0.5 0.0513889 1
0 0.470139 0.5 0.0180556 1
0 0.493056 0.5 0.05 1
0 0.470833 0.5 0.0194444 1
0 0.492361 0.5 0.0486111 1
0 0.470833 0.5 0.0194444 1
0 0.492361 0.5 0.0513889 1
0 0.470833 0.5 0.0194444 1
0 0.493056 0.5 0.05 1
0 0.470833 0.5 0.0194444 1
0 0.493056 0.5 0.0472222 1
0 0.470833 0.5 0.0194444 1
0 0.49375 0.5 0.0486111 1
0 0.470833 0.5 0.0194444 1
0 0.470833 0.5 0.0194444 1
0 0.470833 0.5 0.0194444 1
0 0.470833 1 0.0194444 0
0 0.49375 0.5 0.0486111 1
0 0.472222 0.5 0.0194444 1
0 0.49375 0.5 0.0486111 1
0 0.472222 0.5 0.0194444 1
0 0.472222 1 0.0194444 0
0 0.472222 0.5 0.0194444 1
0 0.472222 1 0.0194444 0
0 0.472222 0.5 0.0194444 1
0 0.472917 0.5 0.0208333 1
0 0.472917 0.5 0.0208333 1
0 0.473611 0.5 0.0194444 1
0 0.473611 1 0.0194444 0
0 0.474306 1 0.0208333 0
0 0.474306 1 0.0208333 0
0 0.497917 0.5 0.0541667 1
0 0.499306 0.5 0.0541667 1
0 0.499306 0.5 0.0541667 1
0 0.498611 0.5 0.0555556 1
0 0.498611 0.5 0.0555556 1
0 0.498611 0.5 0.0555556 1
0 0.498611 0.5 0.0555556 1
0 0.498611 0.5 0.0555556 1
0 0.499306 0.5 0.0541667 1
0 0.499306 0.5 0.0541667 1
0 0.499306 0.5 0.0541667 1
0 0.499306 0.5 0.0569444 1
0 0.499306 0.5 0.0541667 1
0 0.499306 0.5 0.0541667 1
0 0.499306 0.5 0.0569444 1
0 0.499306 0.5 0.0541667 1
0 0.499306 0.5 0.0569444 1
0 0.499306 0.5 0.0541667 1
0 0.499306 0.5 0.0569444 1
0 0.499306 0.5 0.0569444 1
0 0.499306 0.5 0.0569444 1
0 0.499306 0.5 0.0569444 1
0 0.5 0.5 0.0555556 1
0 0.5 0.5 0.0555556 1
0 0.5 0.5 0.0555556 1
0 0.497222 0.5 0.0555556 1
0 0.500694 0.5 0.0569444 1
0 0.500694 0.5 0.0569444 1
0 0.500694 0.5 0.0569444 1
0 0.497917 0.5 0.0541667 1
0 0.500694 0.5 0.0569444 1
0 0.500694 0.5 0.0569444 1
0 0.498611 0.5 0.0555556 1
0 0.498611 0.5 0.0555556 1
0 0.498611 0.5 0.0555556 1
0 0.498611 0.5 0.0555556 1
0 0.498611 0.5 0.0555556 1
0 0.497917 0.5 0.0541667 1
0 0.498611 0.5 0.0555556 1
0 0.499306 0.5 0.0541667 1
0 0.499306 0.5 0.0541667 1
0 0.499306 0.5 0.0541667 1
0 0.499306 0.5 0.0541667 1
0 0.499306 0.5 0.0541667 1
0 0.499306 0.5 0.0541667 1
0 0.499306 0.5 0.0541667 1
0 0.499306 0.5 0.0541667 1
0 0.499306 0.5 0.0541667 1
0 0.499306 0.5 0.0541667 1
0 0.499306 0.5 0.0541667 1
0 0.5 0.5 0.0527778 1
0 0.499306 0.5 0.0541667 1
0 0.5 0.5 0.0527778 1
0 0.5 0.5 0.0527778 1
0 0.5 0.5 0.0527778 1
0 0.5 0.5 0.0527778 1
0 0.5 0.5 0.0527778 1
0 0.5 0.5 0.0527778 1
0 0.5 0.5 0.05 1
0 0.5 0.5 0.05 1
0 0.500694 0.5 0.0486111 1
0 0.500694 0.5 0.0486111 1
0 0.500694 0.5 0.0486111 1
0 0.500694 0.5 0.0486111 1
0 0.500694 0.5 0.0486111 1
0 0.501389 0.5 0.0472222 1
0 0.501389 0.5 0.0472222 1
0 0.490278 0 0.0305556 0
0 0.490278 0 0.0305556 0
0 0.490278 0 0.0305556 0
0 0.489583 0 0.0319444 0
0 0.489583 0 0.0319444 0
0 0.490278 0 0.0305556 0
0 0.492361 0 0.0291667 0
0 0.492361 0 0.0291667 0
0 0.492361 0 0.0291667 0
0 0.492361 0 0.0291667 0
0 0.493056 0 0.0277778 0
0 0.493056 0 0.0277778 0
0 0.492361 0 0.0291667 0
0 0.492361 0 0.0291667 0
0 0.491667 0 0.0305556 0
0 0.492361 0 0.0291667 0
0 0.491667 0 0.0305556 0
0 0.501389 0.5 0.0444444 1
0 0.501389 0.5 0.0444444 1
0 0.501389 0.5 0.0472222 1
0 0.501389 0.5 0.0472222 1
0 0.502083 0.5 0.0458333 1
0 0.501389 0.5 0.0472222 1
0 0.501389 0.5 0.0472222 1
0 0.501389 0.5 0.0472222 1
0 0.501389 0.5 0.0472222 1
0 0.501389 0.5 0.0472222 1
0 0.500694 0.5 0.0458333 1
0 0.501389 0.5 0.0472222 1
0 0.500694 0.5 0.0458333 1
0 0.500694 0.5 0.0458333 1
0 0.501389 0.5 0.0472222 1
0 0.501389 0.5 0.0472222 1
0 0.501389 0.5 0.0472222 1
0 0.501389 0.5 0.0472222 1
0 0.502083 0.5 0.0486111 1
0 0.502083 0.5 0.0513889 1
0 0.502083 0.5 0.0513889 1
0 0.502083 0.5 0.0513889 1
0 0.504167 0.5 0.05 1
0 0.504167 0.5 0.05 1
0 0.504167 0.5 0.05 1
0 0.502778 0.5 0.0527778 1
0 0.502778 0.5 0.0527778 1
0 0.502778 0.5 0.0527778 1
0 0.502778 0.5 0.0527778 1
0 0.502778 0.5 0.0527778 1
0 0.502778 0.5 0.0527778 1
0 0.502778 0.5 0.0527778 1
0 0.502778 0.5 0.0527778 1
0 0.502778 0.5 0.0527778 1
0 0.502778 0.5 0.0527778 1
0 0.502778 0.5 0.0527778 1
0 0.502778 0.5 0.0527778 1
0 0.503472 0.5 0.0513889 1
0 0.503472 0.5 0.0513889 1
0 0.504167 0.5 0.0527778 1
0 0.504167 0.5 0.0527778 1
0 0.504167 0.5 0.0527778 1
0 0.504167 0.5 0.0527778 1
0 0.504167 0.5 0.0527778 1
0 0.504861 0.5 0.0513889 1
0 0.504861 0.5 0.0513889 1
0 0.504861 0.5 0.0513889 1
0 0.504167 0.5 0.0527778 1
0 0.505556 0.5 0.05 1
0 0.505556 0.5 0.05 1
0 0.505556 0.5 0.05 1
0 0.505556 0.5 0.0527778 1
0 0.509722 0.5 0.0444444 1
0 0.509722 0.5 0.0444444 1
0 0.505556 0.5 0.0527778 1
0 0.509722 0.5 0.0472222 1
0 0.519444 1 0.025 0
0 0.510417 0.5 0.0458333 1
0 0.509722 0.5 0.0472222 1
0 0.510417 0.5 0.0458333 1
0 0.511806 0.5 0.0430556 1
0 0.519444 1 0.025 0
0 0.511111 0.5 0.0444444 1
0 0.520139 1 0.0236111 0
0 0.511111 0.5 0.0444444 1
0 0.520833 1 0.025 0
0 0.511806 0.5 0.0430556 1
0 0.520833 1 0.025 0
0 0.513194 0.5 0.0402778 1
0 0.521528 1 0.0236111 0
0 0.513194 0.5 0.0402778 1
0 0.521528 1 0.0236111 0
0 0.513889 0.5 0.0388889 1
0 0.520833 1 0.025 0
0 0.515278 0.5 0.0361111 1
0 0.522222 1 0.0222222 0
0 0.514583 0.5 0.0402778 1
0 0.521528 1 0.0236111 0
0 0.514583 0.5 0.0402778 1
0 0.521528 1 0.0236111 0
0 0.515278 0.5 0.0388889 1
0 0.522222 1 0.025 0
0 0.515278 0.5 0.0388889 1
0 0.522917 1 0.0236111 0
0 0.515972 0.5 0.0402778 1
0 0.522222 1 0.025 0
0 0.516667 1 0.0388889 0
0 0.522917 1 0.0236111 0
0 0.516667 1 0.0388889 0
0 0.522917 1 0.0236111 0
0 0.517361 1 0.0375 0
0 0.523611 1 0.025 0
0 0.523611 1 0.025 0
0 0.523611 1 0.025 0
0 0.518056 1 0.0361111 0
0 0.524306 1 0.0236111 0
0 0.51875 1 0.0375 0
0 0.525 1 0.0222222 0
0 0.524306 1 0.0236111 0
0 0.519444 1 0.0361111 0
0 0.525 1 0.0222222 0
0 0.519444 1 0.0361111 0
0 0.525 1 0.0222222 0
0 0.519444 1 0.0361111 0
0 0.525694 1 0.0236111 0
0 0.525694 1 0.0236111 0
0 0.525694 1 0.0236111 0
0 0.525694 1 0.0236111 0
0 0.525694 1 0.0236111 0
0 0.526389 1 0.025 0
0 0.526389 1 0.025 0
0 0.527083 1 0.0236111 0
0 0.527083 1 0.0236111 0
0 0.527083 1 0.0236111 0
0 0.527083 1 0.0236111 0
0 0.527083 1 0.0236111 0
0 0.527083 1 0.0236111 0
0 0.527778 1 0.025 0
0 0.527778 1 0.025 0
0 0.527778 1 0.025 0
0 0.527778 1 0.025 0
0 0.527778 1 0.025 0
0 0.528472 1 0.0236111 0
0 0.529167 1 0.025 0
0 0.522917 1 0.0347222 0
0 0.529167 1 0.025 0
0 0.529167 1 0.025 0
0 0.522917 1 0.0347222 0
0 0.529167 1 0.025 0
0 0.523611 1 0.0361111 0
0 0.529167 1 0.025 0
0 0.529167 1 0.025 0
0 0.529167 1 0.025 0
0 0.523611 1 0.0361111 0
0 0.529861 1 0.0236111 0
0 0.523611 1 0.0361111 0
0 0.530556 1 0.025 0
0 0.524306 1 0.0375 0
0 0.530556 1 0.025 0
0 0.530556 1 0.025 0
0 0.530556 1 0.025 0
0 0.53125 1 0.0236111 0
0 0.53125 1 0.0236111 0
0 0.53125 1 0.0236111 0
0 0.53125 1 0.0236111 0
0 0.532639 1 0.0236111 0
0 0.531944 1 0.0222222 0
0 0.532639 1 0.0236111 0
0 0.532639 1 0.0236111 0
0 0.532639 1 0.0236111 0
0 0.532639 1 0.0236111 0
0 0.532639 1 0.0236111 0
0 0.534028 1 0.0236111 0
0 0.534028 1 0.0236111 0
0 0.534028 1 0.0236111 0
0 0.534028 1 0.0236111 0
0 0.534028 1 0.0236111 0
0 0.534028 1 0.0236111 0
0 0.534722 1 0.025 0
0 0.534028 1 0.0236111 0
0 0.534722 1 0.025 0
0 0.535417 1 0.0236111 0
0 0.535417 1 0.0236111 0
0 0.535417 1 0.0236111 0
0 0.535417 1 0.0236111 0
0 0.535417 1 0.0236111 0
0 0.535417 1 0.0236111 0
0 0.535417 1 0.0236111 0
0 0.536111 1 0.025 0
0 0.536111 1 0.025 0
0 0.536806 1 0.0236111 0
0 0.536806 1 0.0236111 0
0 0.5375 1 0.0222222 0
0 0.5375 1 0.0222222 0
0 0.5375 1 0.0222222 0
0 0.538194 1 0.0236111 0
0 0.538194 1 0.0236111 0
0 0.538194 1 0.0236111 0
0 0.539583 1 0.0236111 0
0 0.539583 1 0.0236111 0
0 0.539583 1 0.0236111 0
0 0.539583 1 0.0236111 0
0 0.539583 1 0.0236111 0
0 0.539583 1 0.0236111 0
0 0.539583 1 0.0236111 0
0 0.540278 1 0.025 0
0 0.540278 1 0.025 0
0 0.540278 1 0.025 0
0 0.540278 1 0.025 0
0 0.540972 1 0.0236111 0
0 0.540972 1 0.0236111 0
0 0.541667 1 0.025 0
0 0.540972 1 0.0236111 0
0 0.540972 1 0.0236111 0
0 0.541667 1 0.025 0
0 0.541667 1 0.025 0
0 0.541667 1 0.025 0
0 0.541667 1 0.025 0
0 0.541667 1 0.025 0
0 0.541667 1 0.025 0
0 0.541667 1 0.025 0
0 0.541667 1 0.025 0
0 0.541667 1 0.025 0
0 0.541667 1 0.025 0
0 0.541667 1 0.025 0
0 0.541667 1 0.025 0
0 0.541667 1 0.025 0
0 0.541667 1 0.025 0
0 0.541667 1 0.025 0
0 0.541667 1 0.025 0
0 0.541667 1 0.025 0
0 0.541667 1 0.025 0
0 0.541667 1 0.025 0
0 0.541667 1 0.025 0
0 0.541667 1 0.025 0
0 0.541667 1 0.025 0
0 0.541667 1 0.025 0
0 0.541667 1 0.025 0
0 0.541667 1 0.025 0
0 0.541667 1 0.025 0
0 0.541667 1 0.025 0
0 0.541667 1 0.025 0
0 0.541667 1 0.025 0
0 0.541667 1 0.025 0
0 0.541667 1 0.025 0
0 0.541667 1 0.025 0
0 0.541667 1 0.025 0
0 0.541667 1 0.025 0
0 0.541667 1 0.025 0
0 0.541667 1 0.025 0
0 0.541667 1 0.025 0
0 0.541667 1 0.025 0
0 0.541667 1 0.025 0
0 0.541667 1 0.025 0
0 0.541667 1 0.025 0
0 0.541667 1 0.025 0
0 0.541667 1 0.025 0
0 0.541667 1 0.025 0
0 0.541667 1 0.025 0
0 0.541667 1 0.025 0
0 0.541667 1 0.025 0
0 0.541667 1 0.025 0
0 0.541667 1 0.025 0
0 0.541667 1 0.025 0
0 0.541667 1 0.025 0
0 0.541667 1 0.025 0
0 0.541667 1 0.025 0
0 0.541667 1 0.025 0
0 0.541667 1 0.025 0
0 0.541667 1 0.025 0
0 0.541667 1 0.025 0
0 0.541667 1 0.025 0
0 0.541667 1 0.025 0
0 0.541667 1 0.025 0
0 0.541667 1 0.025 0
0 0.541667 1 0.025 0
0 0.541667 1 0.025 0
0 0.541667 1 0.025 0
0 0.541667 1 0.025 0
0 0.541667 1 0.025 0
0 0.541667 1 0.025 0
0 0.541667 1 0.025 0
0 0.541667 1 0.025 0
0 0.541667 1 0.025 0
0 0.541667 1 0.025 0
0 0.541667 1 0.025 0
0 0.541667 1 0.025 0
0 0.541667 1 0.025 0
0 0.541667 1 0.025 0
0 0.541667 1 0.025 0
0 0.541667 1 0.025 0
0 0.541667 1 0.025 0
0 0.541667 1 0.025 0
0 0.541667 1 0.025 0
0 0.541667 1 0.025 0
0 0.541667 1 0.025 0
0 0.541667 1 0.025 0
0 0.541667 1 0.025 0
0 0.541667 1 0.025 0
0 0.541667 1 0.025 0
0 0.541667 1 0.025 0
0 0.541667 1 0.025 0
0 0.541667 1 0.025 0
0 0.541667 1 0.025 0
0 0.541667 1 0.025 0
0 0.541667 1 0.025 0
0 0.541667 1 0.025 0
0 0.541667 1 0.025 0
0 0.541667 1 0.025 0
0 0.541667 1 0.025 0
0 0.541667 1 0.025 0
0 0.541667 1 0.025 0
0 0.541667 1 0.025 0
0 0.541667 1 0.025 0
0 0.541667 1 0.025 0
0 0.541667 1 0.025 0
0 0.541667 1 0.025 0
0 0.541667 1 0.025 0
0 0.541667 1 0.025 0
0 0.541667 1 0.025 0
0 0.541667 1 0.025 0
0 0.541667 1 0.025 0
0 0.541667 1 0.025 0
0 0.541667 1 0.025 0
0 0.541667 1 0.025 0
0 0.541667 1 0.025 0
0 0.541667 1 0.025 0
0 0.541667 1 0.025 0
0 0.541667 1 0.025 0
0 0.541667 1 0.025 0
0 0.541667 1 0.025 0
0 0.541667 1 0.025 0
0 0.541667 1 0.025 0
0 0.541667 1 0.025 0
0 0.541667 1 0.025 0
0 0.541667 1 0.025 0
0 0.541667 1 0.025 0
0 0.541667 1 0.025 0
0 0.541667 1 0.025 0
0 0.541667 1 0.025 0
0 0.541667 1 0.025 0
0 0.541667 1 0.025 0
0 0.541667 1 0.025 0
0 0.541667 1 0.025 0
0 0.541667 1 0.025 0
0 0.541667 1 0.025 0
0 0.541667 1 0.025 0
0 0.541667 1 0.025 0
0 0.541667 1 0.025 0
0 0.541667 1 0.025 0
0 0.541667 1 0.025 0
0 0.541667 1 0.025 0
0 0.541667 1 0.025 0
0 0.541667 1 0.025 0
0 0.541667 1 0.025 0
0 0.541667 1 0.025 0
0 0.541667 1 0.025 0
0 0.541667 1 0.025 0
0 0.541667 1 0.025 0
0 0.541667 1 0.025 0
0 0.541667 1 0.025 0
0 0.541667 1 0.025 0
0 0.541667 1 0.025 0
0 0.541667 1 0.025 0
0 0.541667 1 0.025 0
0 0.541667 1 0.025 0
0 0.541667 1 0.025 0
0 0.541667 1 0.025 0
0 0.541667 1 0.025 0
0 0.541667 1 0.025 0
0 0.541667 1 0.025 0
0 0.541667 1 0.025 0
0 0.541667 1 0.025 0
0 0.541667 1 0.025 0
0 0.541667 1 0.025 0
0 0.541667 1 0.025 0
0 0.541667 1 0.025 0
0 0.541667 1 0.025 0
0 0.541667 1 0.025 0
0 0.541667 1 0.025 0
0 0.541667 1 0.025 0
0 0.541667 1 0.025 0
0 0.541667 1 0.025 0
0 0.541667 1 0.025 0
0 0.541667 1 0.025 0
0 0.541667 1 0.025 0
0 0.541667 1 0.025 0
0 0.541667 1 0.025 0
0 0.541667 1 0.025 0
0 0.541667 1 0.025 0
0 0.541667 1 0.025 0
0 0.541667 1 0.025 0
0 0.541667 1 0.025 0
0 0.541667 1 0.025 0
0 0.541667 1 0.025 0
0 0.541667 1 0.025 0
0 0.541667 1 0.025 0
0 0.541667 1 0.025 0
0 0.541667 1 0.025 0
0 0.541667 1 0.025 0
0 0.541667 1 0.025 0
0 0.541667 1 0.025 0
0 0.541667 1 0.025 0
0 0.541667 1 0.025 0
0 0.541667 1 0.025 0
0 0.541667 1 0.025 0
0 0.541667 1 0.025 0
0 0.541667 1 0.025 0
0 0.541667 1 0.025 0
0 0.541667 1 0.025 0
0 0.541667 1 0.025 0
0 0.541667 1 0.025 0
0 0.541667 1 0.025 0
0 0.541667 1 0.025 0
0 0.541667 1 0.025 0
0 0.541667 1 0.025 0
0 0.541667 1 0.025 0
0 0.541667 1 0.025 0
0 0.541667 1 0.025 0
0 0.541667 1 0.025 0
0 0.541667 1 0.025 0
0 0.541667 1 0.025 0
0 0.541667 1 0.025 0
0 0.541667 1 0.025 0
0 0.541667 1 0.025 0
0 0.541667 1 0.025 0
0 0.541667 1 0.025 0
0 0.541667 1 0.025 0
0 0.541667 1 0.025 0
0 0.541667 1 0.025 0
0 0.541667 1 0.025 0
0 0.541667 1 0.025 0
0 0.541667 1 0.025 0
0 0.541667 1 0.025 0
0 0.541667 1 0.025 0
0 0.541667 1 0.025 0
0 0.541667 1 0.025 0
0 0.541667 1 0.025 0
0 0.541667 1 0.025 0
0 0.541667 1 0.025 0
0 0.541667 1 0.025 0
0 0.541667 1 0.025 0
0 0.541667 1 0.025 0
0 0.541667 1 0.025 0
0 0.541667 1 0.025 0
0 0.541667 1 0.025 0
0 0.541667 1 0.025 0
0 0.541667 1 0.025 0
0 0.541667 1 0.025 0
0 0.541667 1 0.025 0
0 0.541667 1 0.025 0
0 0.541667 1 0.025 0
0 0.541667 1 0.025 0
0 0.541667 1 0.025 0
0 0.541667 1 0.025 0
0 0.541667 1 0.025 0
0 0.541667 1 0.025 0
0 0.541667 1 0.025 0
0 0.541667 1 0.025 0
0 0.541667 1 0.025 0
0 0.541667 1 0.025 0
0 0.541667 1 0.025 0
0 0.541667 1 0.025 0
0 0.541667 1 0.025 0
0 0.541667 1 0.025 0
0 0.541667 1 0.025 0
0 0.541667 1 0.025 0
0 0.541667 1 0.025 0
0 0.541667 1 0.025 0
0 0.541667 1 0.025 0
0 0.541667 1 0.025 0
0 0.541667 1 0.025 0
0 0.541667 1 0.025 0
0 0.541667 1 0.025 0
0 0.541667 1 0.025 0
0 0.541667 1 0.025 0
0 0.541667 1 0.025 0
0 0.541667 1 0.025 0
0 0.541667 1 0.025 0
0 0.541667 1 0.025 0
0 0.541667 1 0.025 0
0 0.541667 1 0.025 0
0 0.541667 1 0.025 0
0 0.541667 1 0.025 0
0 0.541667 1 0.025 0
0 0.541667 1 0.025 0
0 0.541667 1 0.025 0
0 0.541667 1 0.025 0
0 0.541667 1 0.025 0
0 0.541667 1 0.025 0
0 0.541667 1 0.025 0
0 0.541667 1 0.025 0
0 0.541667 1 0.025 0
0 0.541667 1 0.025 0
0 0.541667 1 0.025 0
0 0.541667 1 0.025 0
0 0.541667 1 0.025 0
0 0.541667 1 0.025 0
0 0.541667 1 0.025 0
0 0.541667 1 0.025 0
0 0.541667 1 0.025 0
0 0.541667 1 0.025 0
0 0.541667 1 0.025 0
0 0.541667 1 0.025 0
0 0.541667 1 0.025 0
0 0.541667 1 0.025 0
0 0.541667 1 0.025 0
0 0.541667 1 0.025 0
0 0.541667 1 0.025 0
0 0.541667 1 0.025 0
0 0.541667 1 0.025 0
0 0.541667 1 0.025 0
0 0.541667 1 0.025 0
0 0.541667 1 0.025 0
0 0.541667 1 0.025 0
0 0.541667 1 0.025 0
0 0.541667 1 0.025 0
0 0.541667 1 0.025 0
0 0.541667 1 0.025 0
0 0.541667 1 0.025 0
0 0.541667 1 0.025 0
0 0.541667 1 0.025 0
0 0.541667 1 0.025 0
0 0.541667 1 0.025 0
0 0.541667 1 0.025 0
0 0.541667 1 0.025 0
0 0.541667 1 0.025 0
0 0.541667 1 0.025 0
