A_hi = 
 0.00000, 0.00000, 0.00000, 0.00000, 0.00000, 0.00000, 1.00000, 0.00000, 0.00000, 0.00000, 0.00000, 0.00000, 0.00000, 0.00000, 0.00000, 0.00000, 0.00000, 0.00000,
 0.00000, 0.00000, 0.00000,-35.01214, 0.00000,400.00000, 0.00000, 0.00000,400.00000, 0.00000, 0.00000, 0.00000, 0.00000, 0.00000, 0.00000, 0.00000, 0.00000, 0.00000,
 0.00000, 0.00000, 0.00000, 0.00000,400.00000, 0.00000, 0.00000,-400.00000, 0.00000, 0.00000, 0.00000, 0.00000, 0.00000, 0.00000, 0.00000, 0.00000, 0.00000, 0.00000,
 0.00000, 0.00000, 0.00000, 0.00000, 0.00000, 0.00000, 0.00000, 0.00000, 0.00000, 1.00000, 0.00000, 0.08787, 0.00000, 0.00000, 0.00000, 0.00000, 0.00000, 0.00000,
 0.00000, 0.00000, 0.00000, 0.00000, 0.00000, 0.00000, 0.00000, 0.00000, 0.00000, 0.00000, 1.00000, 0.00000, 0.00000, 0.00000, 0.00000, 0.00000, 0.00000, 0.00000,
 0.00000, 0.00000, 0.00000, 0.00000, 0.00000, 0.00000, 0.00000, 0.00000, 0.00000, 0.00000, 0.00000, 1.00385, 0.00000, 0.00000, 0.00000, 0.00000, 0.00000, 0.00000,
 0.00000, 0.00000, 0.00010, 0.00000,-32.17000, 0.00000,-0.01584,-2.24758,-0.25447, 0.00000,-1.44448, 0.00000, 0.00156, 0.02736, 0.00000, 0.00000, 0.00686, 0.00000,
 0.00000, 0.00000, 0.00000, 0.00000,-0.00000, 0.00000,-0.00039,-0.78152, 0.00443, 0.00000, 0.91654, 0.00000,-0.00000,-0.00156, 0.00000, 0.00000, 0.00047, 0.00000,
 0.00000, 0.00000, 0.00000, 0.08012, 0.00000, 0.00000,-0.00000,-0.00273,-0.20360, 0.08833, 0.00000,-0.98923, 0.00000, 0.00000, 0.00023, 0.00059,-0.00002, 0.00000,
 0.00000, 0.00000,-0.00000, 0.00000, 0.00000, 0.00000, 0.00001, 1.87218,-20.53808,-2.45186, 0.00000, 0.62623, 0.00000,-0.00109,-0.37788, 0.07093,-0.00248, 0.00000,
 0.00000, 0.00000, 0.00000, 0.00000, 0.00000, 0.00000,-0.00000,-0.81983,-0.04816, 0.00000,-0.95896, 0.00000, 0.00000,-0.10366, 0.00000, 0.00000,-0.01356, 0.00000,
 0.00000, 0.00000, 0.00000, 0.00000, 0.00000, 0.00000,-0.00003,-0.00243, 4.22506,-0.05097, 0.00000,-0.34442, 0.00000, 0.00138,-0.01568,-0.03533, 0.00058, 0.00000,
 0.00000, 0.00000, 0.00000, 0.00000, 0.00000, 0.00000, 0.00000, 0.00000, 0.00000, 0.00000, 0.00000, 0.00000,-1.00000, 0.00000, 0.00000, 0.00000, 0.00000, 0.00000,
 0.00000, 0.00000, 0.00000, 0.00000, 0.00000, 0.00000, 0.00000, 0.00000, 0.00000, 0.00000, 0.00000, 0.00000, 0.00000,-20.20000, 0.00000, 0.00000, 0.00000, 0.00000,
 0.00000, 0.00000, 0.00000, 0.00000, 0.00000, 0.00000, 0.00000, 0.00000, 0.00000, 0.00000, 0.00000, 0.00000, 0.00000, 0.00000,-20.20000, 0.00000, 0.00000, 0.00000,
 0.00000, 0.00000, 0.00000, 0.00000, 0.00000, 0.00000, 0.00000, 0.00000, 0.00000, 0.00000, 0.00000, 0.00000, 0.00000, 0.00000, 0.00000,-20.20000, 0.00000, 0.00000,
 0.00000, 0.00000,-0.00005, 0.00000, 0.00000, 0.00000,-0.03099,1162.76729, 0.00000, 0.00000, 0.00000, 0.00000, 0.00000, 0.00000, 0.00000, 0.00000,-7.35294,10.14706,
 0.00000, 0.00000, 0.00000, 0.00000, 0.00000, 0.00000, 0.00000,-415.39440, 0.00000, 0.00000, 0.00000, 0.00000, 0.00000, 0.00000, 0.00000, 0.00000, 0.00000,-7.25000,


B_hi = 
 0.00000, 0.00000, 0.00000, 0.00000,
 0.00000, 0.00000, 0.00000, 0.00000,
 0.00000, 0.00000, 0.00000, 0.00000,
 0.00000, 0.00000, 0.00000, 0.00000,
 0.00000, 0.00000, 0.00000, 0.00000,
 0.00000, 0.00000, 0.00000, 0.00000,
 0.00000, 0.00000, 0.00000, 0.00000,
 0.00000, 0.00000, 0.00000, 0.00000,
 0.00000, 0.00000, 0.00000, 0.00000,
 0.00000, 0.00000, 0.00000, 0.00000,
 0.00000, 0.00000, 0.00000, 0.00000,
 0.00000, 0.00000, 0.00000, 0.00000,
 1.00000, 0.00000, 0.00000, 0.00000,
 0.00000,20.20000, 0.00000, 0.00000,
 0.00000, 0.00000,20.20000, 0.00000,
 0.00000, 0.00000, 0.00000,20.20000,
 0.00000, 0.00000, 0.00000, 0.00000,
 0.00000, 0.00000, 0.00000, 0.00000,


C_hi = 
 1.00000, 0.00000, 0.00000, 0.00000, 0.00000, 0.00000, 0.00000, 0.00000, 0.00000, 0.00000, 0.00000, 0.00000, 0.00000, 0.00000, 0.00000, 0.00000, 0.00000, 0.00000,
 0.00000, 1.00000, 0.00000, 0.00000, 0.00000, 0.00000, 0.00000, 0.00000, 0.00000, 0.00000, 0.00000, 0.00000, 0.00000, 0.00000, 0.00000, 0.00000, 0.00000, 0.00000,
 0.00000, 0.00000, 1.00000, 0.00000, 0.00000, 0.00000, 0.00000, 0.00000, 0.00000, 0.00000, 0.00000, 0.00000, 0.00000, 0.00000, 0.00000, 0.00000, 0.00000, 0.00000,
 0.00000, 0.00000, 0.00000,57.29578, 0.00000, 0.00000, 0.00000, 0.00000, 0.00000, 0.00000, 0.00000, 0.00000, 0.00000, 0.00000, 0.00000, 0.00000, 0.00000, 0.00000,
 0.00000, 0.00000, 0.00000, 0.00000,57.29578, 0.00000, 0.00000, 0.00000, 0.00000, 0.00000, 0.00000, 0.00000, 0.00000, 0.00000, 0.00000, 0.00000, 0.00000, 0.00000,
 0.00000, 0.00000, 0.00000, 0.00000, 0.00000,57.29578, 0.00000, 0.00000, 0.00000, 0.00000, 0.00000, 0.00000, 0.00000, 0.00000, 0.00000, 0.00000, 0.00000, 0.00000,
 0.00000, 0.00000, 0.00000, 0.00000, 0.00000, 0.00000, 1.00000, 0.00000, 0.00000, 0.00000, 0.00000, 0.00000, 0.00000, 0.00000, 0.00000, 0.00000, 0.00000, 0.00000,
 0.00000, 0.00000, 0.00000, 0.00000, 0.00000, 0.00000, 0.00000,57.29578, 0.00000, 0.00000, 0.00000, 0.00000, 0.00000, 0.00000, 0.00000, 0.00000, 0.00000, 0.00000,
 0.00000, 0.00000, 0.00000, 0.00000, 0.00000, 0.00000, 0.00000, 0.00000,57.29578, 0.00000, 0.00000, 0.00000, 0.00000, 0.00000, 0.00000, 0.00000, 0.00000, 0.00000,
 0.00000, 0.00000, 0.00000, 0.00000, 0.00000, 0.00000, 0.00000, 0.00000, 0.00000,57.29578, 0.00000, 0.00000, 0.00000, 0.00000, 0.00000, 0.00000, 0.00000, 0.00000,
 0.00000, 0.00000, 0.00000, 0.00000, 0.00000, 0.00000, 0.00000, 0.00000, 0.00000, 0.00000,57.29578, 0.00000, 0.00000, 0.00000, 0.00000, 0.00000, 0.00000, 0.00000,
 0.00000, 0.00000, 0.00000, 0.00000, 0.00000, 0.00000, 0.00000, 0.00000, 0.00000, 0.00000, 0.00000,57.29578, 0.00000, 0.00000, 0.00000, 0.00000, 0.00000, 0.00000,
 0.00000, 0.00000, 0.00000, 0.00000, 0.00012, 0.00000,-0.00008, 0.72480,-0.00115, 0.00000, 0.04610, 0.00000, 0.00005, 0.00254, 0.00000, 0.00000,-0.00030, 0.00000,
 0.00000, 0.00000, 0.00000,-0.00012, 0.00000, 0.00000,-0.00006,-0.03394,-2.53118, 0.00994, 0.00000, 0.08622, 0.00000, 0.00000, 0.00282, 0.00738,-0.00026, 0.00000,
 0.00000, 0.00000,-0.00003, 0.00000,-0.00001, 0.00000, 0.00470, 9.68996,-0.05515, 0.00000, 1.03755, 0.00000, 0.00000, 0.01922, 0.00000, 0.00000,-0.00584, 0.00000,
 0.00000, 0.00000, 0.00000, 0.00000, 0.00000, 0.00000, 0.00091, 0.00000, 0.00000, 0.00000, 0.00000, 0.00000, 0.00000, 0.00000, 0.00000, 0.00000, 0.00000, 0.00000,
 0.00000, 0.00000,-0.00495, 0.00000, 0.00000, 0.00000, 0.81988, 0.00000, 0.00000, 0.00000, 0.00000, 0.00000, 0.00000, 0.00000, 0.00000, 0.00000, 0.00000, 0.00000,
 0.00000, 0.00000,-0.06592, 0.00000, 0.00000, 0.00000, 0.00000, 0.00000, 0.00000, 0.00000, 0.00000, 0.00000, 0.00000, 0.00000, 0.00000, 0.00000, 0.00000, 0.00000,


D_hi = 
 0.00000, 0.00000, 0.00000, 0.00000,
 0.00000, 0.00000, 0.00000, 0.00000,
 0.00000, 0.00000, 0.00000, 0.00000,
 0.00000, 0.00000, 0.00000, 0.00000,
 0.00000, 0.00000, 0.00000, 0.00000,
 0.00000, 0.00000, 0.00000, 0.00000,
 0.00000, 0.00000, 0.00000, 0.00000,
 0.00000, 0.00000, 0.00000, 0.00000,
 0.00000, 0.00000, 0.00000, 0.00000,
 0.00000, 0.00000, 0.00000, 0.00000,
 0.00000, 0.00000, 0.00000, 0.00000,
 0.00000, 0.00000, 0.00000, 0.00000,
 0.00000, 0.00000, 0.00000, 0.00000,
 0.00000, 0.00000, 0.00000, 0.00000,
 0.00000, 0.00000, 0.00000, 0.00000,
 0.00000, 0.00000, 0.00000, 0.00000,
 0.00000, 0.00000, 0.00000, 0.00000,
 0.00000, 0.00000, 0.00000, 0.00000,


A_lo = 
 0.00000, 0.00000, 0.00000, 0.00000, 0.00000, 0.00000, 1.00000, 0.00000, 0.00000, 0.00000, 0.00000, 0.00000, 0.00000, 0.00000, 0.00000, 0.00000, 0.00000, 0.00000,
 0.00000, 0.00000, 0.00000,-36.98064, 0.00000,400.00000, 0.00000, 0.00000,400.00000, 0.00000, 0.00000, 0.00000, 0.00000, 0.00000, 0.00000, 0.00000, 0.00000, 0.00000,
 0.00000, 0.00000, 0.00000, 0.00000,400.00000, 0.00000,-0.00000,-400.00000, 0.00000, 0.00000, 0.00000, 0.00000, 0.00000, 0.00000, 0.00000, 0.00000, 0.00000, 0.00000,
 0.00000, 0.00000, 0.00000, 0.00000, 0.00000, 0.00000, 0.00000, 0.00000, 0.00000, 1.00000, 0.00000, 0.09285, 0.00000, 0.00000, 0.00000, 0.00000, 0.00000, 0.00000,
 0.00000, 0.00000, 0.00000, 0.00000, 0.00000, 0.00000, 0.00000, 0.00000, 0.00000, 0.00000, 1.00000, 0.00000, 0.00000, 0.00000, 0.00000, 0.00000, 0.00000, 0.00000,
 0.00000, 0.00000, 0.00000, 0.00000, 0.00000, 0.00000, 0.00000, 0.00000, 0.00000, 0.00000, 0.00000, 1.00430, 0.00000, 0.00000, 0.00000, 0.00000, 0.00000, 0.00000,
 0.00000, 0.00000, 0.00010, 0.00000,-32.17000, 0.00000,-0.01696, 6.14814,-0.00000, 0.00000,-1.66408, 0.00000, 0.00156, 0.05429, 0.00000, 0.00000, 0.00000, 0.00000,
 0.00000, 0.00000, 0.00000, 0.00000,-0.00000, 0.00000,-0.00040,-0.70139, 0.00000, 0.00000, 0.91426, 0.00000,-0.00000,-0.00149, 0.00000, 0.00000, 0.00000, 0.00000,
 0.00000, 0.00000, 0.00000, 0.08008, 0.00000, 0.00000,-0.00000, 0.00000,-0.22126, 0.09331, 0.00000,-0.98878, 0.00000, 0.00000, 0.00019, 0.00055, 0.00000, 0.00000,
 0.00000, 0.00000,-0.00000, 0.00000, 0.00000, 0.00000, 0.00000, 0.00000,-21.26007,-2.43982, 0.00000, 0.65679, 0.00000, 0.00000,-0.40430, 0.04281, 0.00000, 0.00000,
 0.00000, 0.00000,-0.00000, 0.00000, 0.00000, 0.00000, 0.00000,-1.88939, 0.00000, 0.00000,-0.97146, 0.00000, 0.00000,-0.09946, 0.00000, 0.00000, 0.00000, 0.00000,
 0.00000, 0.00000,-0.00000, 0.00000, 0.00000, 0.00000, 0.00000, 0.00000, 5.26694,-0.05052, 0.00000,-0.34332, 0.00000, 0.00000,-0.02080,-0.04123, 0.00000, 0.00000,
 0.00000, 0.00000, 0.00000, 0.00000, 0.00000, 0.00000, 0.00000, 0.00000, 0.00000, 0.00000, 0.00000, 0.00000,-1.00000, 0.00000, 0.00000, 0.00000, 0.00000, 0.00000,
 0.00000, 0.00000, 0.00000, 0.00000, 0.00000, 0.00000, 0.00000, 0.00000, 0.00000, 0.00000, 0.00000, 0.00000, 0.00000,-20.20000, 0.00000, 0.00000, 0.00000, 0.00000,
 0.00000, 0.00000, 0.00000, 0.00000, 0.00000, 0.00000, 0.00000, 0.00000, 0.00000, 0.00000, 0.00000, 0.00000, 0.00000, 0.00000,-20.20000, 0.00000, 0.00000, 0.00000,
 0.00000, 0.00000, 0.00000, 0.00000, 0.00000, 0.00000, 0.00000, 0.00000, 0.00000, 0.00000, 0.00000, 0.00000, 0.00000, 0.00000, 0.00000,-20.20000, 0.00000, 0.00000,
 0.00000, 0.00000,-0.00005, 0.00000, 0.00000, 0.00000,-0.03099,1162.76729, 0.00000, 0.00000, 0.00000, 0.00000, 0.00000, 0.00000, 0.00000, 0.00000,-7.35294,10.14706,
 0.00000, 0.00000, 0.00000, 0.00000, 0.00000, 0.00000, 0.00000,-415.39440, 0.00000, 0.00000, 0.00000, 0.00000, 0.00000, 0.00000, 0.00000, 0.00000, 0.00000,-7.25000,


B_lo = 
 0.00000, 0.00000, 0.00000, 0.00000,
 0.00000, 0.00000, 0.00000, 0.00000,
 0.00000, 0.00000, 0.00000, 0.00000,
 0.00000, 0.00000, 0.00000, 0.00000,
 0.00000, 0.00000, 0.00000, 0.00000,
 0.00000, 0.00000, 0.00000, 0.00000,
 0.00000, 0.00000, 0.00000, 0.00000,
 0.00000, 0.00000, 0.00000, 0.00000,
 0.00000, 0.00000, 0.00000, 0.00000,
 0.00000, 0.00000, 0.00000, 0.00000,
 0.00000, 0.00000, 0.00000, 0.00000,
 0.00000, 0.00000, 0.00000, 0.00000,
 1.00000, 0.00000, 0.00000, 0.00000,
 0.00000,20.20000, 0.00000, 0.00000,
 0.00000, 0.00000,20.20000, 0.00000,
 0.00000, 0.00000, 0.00000,20.20000,
 0.00000, 0.00000, 0.00000, 0.00000,
 0.00000, 0.00000, 0.00000, 0.00000,


C_lo = 
 1.00000, 0.00000, 0.00000, 0.00000, 0.00000, 0.00000, 0.00000, 0.00000, 0.00000, 0.00000, 0.00000, 0.00000, 0.00000, 0.00000, 0.00000, 0.00000, 0.00000, 0.00000,
 0.00000, 1.00000, 0.00000, 0.00000, 0.00000, 0.00000, 0.00000, 0.00000, 0.00000, 0.00000, 0.00000, 0.00000, 0.00000, 0.00000, 0.00000, 0.00000, 0.00000, 0.00000,
 0.00000, 0.00000, 1.00000, 0.00000, 0.00000, 0.00000, 0.00000, 0.00000, 0.00000, 0.00000, 0.00000, 0.00000, 0.00000, 0.00000, 0.00000, 0.00000, 0.00000, 0.00000,
 0.00000, 0.00000, 0.00000,57.29578, 0.00000, 0.00000, 0.00000, 0.00000, 0.00000, 0.00000, 0.00000, 0.00000, 0.00000, 0.00000, 0.00000, 0.00000, 0.00000, 0.00000,
 0.00000, 0.00000, 0.00000, 0.00000,57.29578, 0.00000, 0.00000, 0.00000, 0.00000, 0.00000, 0.00000, 0.00000, 0.00000, 0.00000, 0.00000, 0.00000, 0.00000, 0.00000,
 0.00000, 0.00000, 0.00000, 0.00000, 0.00000,57.29578, 0.00000, 0.00000, 0.00000, 0.00000, 0.00000, 0.00000, 0.00000, 0.00000, 0.00000, 0.00000, 0.00000, 0.00000,
 0.00000, 0.00000, 0.00000, 0.00000, 0.00000, 0.00000, 1.00000, 0.00000, 0.00000, 0.00000, 0.00000, 0.00000, 0.00000, 0.00000, 0.00000, 0.00000, 0.00000, 0.00000,
 0.00000, 0.00000, 0.00000, 0.00000, 0.00000, 0.00000, 0.00000,57.29578, 0.00000, 0.00000, 0.00000, 0.00000, 0.00000, 0.00000, 0.00000, 0.00000, 0.00000, 0.00000,
 0.00000, 0.00000, 0.00000, 0.00000, 0.00000, 0.00000, 0.00000, 0.00000,57.29578, 0.00000, 0.00000, 0.00000, 0.00000, 0.00000, 0.00000, 0.00000, 0.00000, 0.00000,
 0.00000, 0.00000, 0.00000, 0.00000, 0.00000, 0.00000, 0.00000, 0.00000, 0.00000,57.29578, 0.00000, 0.00000, 0.00000, 0.00000, 0.00000, 0.00000, 0.00000, 0.00000,
 0.00000, 0.00000, 0.00000, 0.00000, 0.00000, 0.00000, 0.00000, 0.00000, 0.00000, 0.00000,57.29578, 0.00000, 0.00000, 0.00000, 0.00000, 0.00000, 0.00000, 0.00000,
 0.00000, 0.00000, 0.00000, 0.00000, 0.00000, 0.00000, 0.00000, 0.00000, 0.00000, 0.00000, 0.00000,57.29578, 0.00000, 0.00000, 0.00000, 0.00000, 0.00000, 0.00000,
 0.00000, 0.00000, 0.00000, 0.00000, 0.00012, 0.00000,-0.00007, 0.99644, 0.00000, 0.00000, 0.04705, 0.00000, 0.00005, 0.00339, 0.00000, 0.00000, 0.00000, 0.00000,
 0.00000, 0.00000, 0.00000,-0.00012, 0.00000, 0.00000,-0.00000, 0.00000,-2.75076, 0.01071, 0.00000, 0.08626, 0.00000, 0.00000, 0.00234, 0.00688, 0.00000, 0.00000,
 0.00000, 0.00000,-0.00003, 0.00000,-0.00001, 0.00000, 0.00498, 8.66490, 0.00000, 0.00000, 1.06615, 0.00000, 0.00000, 0.01824, 0.00000, 0.00000, 0.00000, 0.00000,
 0.00000, 0.00000, 0.00000, 0.00000, 0.00000, 0.00000, 0.00091, 0.00000, 0.00000, 0.00000, 0.00000, 0.00000, 0.00000, 0.00000, 0.00000, 0.00000, 0.00000, 0.00000,
 0.00000, 0.00000,-0.00495, 0.00000, 0.00000, 0.00000, 0.81988, 0.00000, 0.00000, 0.00000, 0.00000, 0.00000, 0.00000, 0.00000, 0.00000, 0.00000, 0.00000, 0.00000,
 0.00000, 0.00000,-0.06592, 0.00000, 0.00000, 0.00000, 0.00000, 0.00000, 0.00000, 0.00000, 0.00000, 0.00000, 0.00000, 0.00000, 0.00000, 0.00000, 0.00000, 0.00000,


D_lo = 
 0.00000, 0.00000, 0.00000, 0.00000,
 0.00000, 0.00000, 0.00000, 0.00000,
 0.00000, 0.00000, 0.00000, 0.00000,
 0.00000, 0.00000, 0.00000, 0.00000,
 0.00000, 0.00000, 0.00000, 0.00000,
 0.00000, 0.00000, 0.00000, 0.00000,
 0.00000, 0.00000, 0.00000, 0.00000,
 0.00000, 0.00000, 0.00000, 0.00000,
 0.00000, 0.00000, 0.00000, 0.00000,
 0.00000, 0.00000, 0.00000, 0.00000,
 0.00000, 0.00000, 0.00000, 0.00000,
 0.00000, 0.00000, 0.00000, 0.00000,
 0.00000, 0.00000, 0.00000, 0.00000,
 0.00000, 0.00000, 0.00000, 0.00000,
 0.00000, 0.00000, 0.00000, 0.00000,
 0.00000, 0.00000, 0.00000, 0.00000,
 0.00000, 0.00000, 0.00000, 0.00000,
 0.00000, 0.00000, 0.00000, 0.00000,


