0 0.452778 0 0.0222222 0
0 0.452778 0 0.0222222 0
0 0.452778 0 0.0222222 0
0 0.452778 0 0.0222222 0
0 0.452778 0 0.0222222 0
0 0.452778 0 0.0222222 0
0 0.452778 0 0.0222222 0
0 0.452778 0 0.0222222 0
0 0.452778 0 0.0222222 0
0 0.452778 0 0.0222222 0
0 0.452778 0 0.0222222 0
0 0.452778 0 0.0222222 0
0 0.452778 0 0.0222222 0
0 0.452778 0 0.0222222 0
0 0.452778 0 0.0222222 0
0 0.452778 0 0.0222222 0
0 0.452778 0 0.0222222 0
0 0.452778 0 0.0222222 0
0 0.452778 0 0.0222222 0
0 0.452778 0 0.0222222 0
0 0.452778 0 0.0222222 0
0 0.452778 0 0.0222222 0
0 0.452778 0 0.0222222 0
0 0.452778 0 0.0222222 0
0 0.452778 0 0.0222222 0
0 0.452778 0 0.0222222 0
0 0.452778 0 0.0222222 0
0 0.452778 0 0.0222222 0
0 0.452778 0 0.0222222 0
0 0.452778 0 0.0222222 0
0 0.452778 0 0.0222222 0
0 0.452778 0 0.0222222 0
0 0.452778 0 0.0222222 0
0 0.452778 0 0.0222222 0
0 0.452778 0 0.0222222 0
0 0.452778 0 0.0222222 0
0 0.452778 0 0.0222222 0
0 0.452778 0 0.0222222 0
0 0.452778 0 0.0222222 0
0 0.452778 0 0.0222222 0
0 0.452778 0 0.0222222 0
0 0.452778 0 0.0222222 0
0 0.452778 0 0.0222222 0
0 0.452778 0 0.0222222 0
0 0.452778 0 0.0222222 0
0 0.452778 0 0.0222222 0
0 0.452778 0 0.0222222 0
0 0.452778 0 0.0222222 0
0 0.452778 0 0.0222222 0
0 0.452778 0 0.0222222 0
0 0.452778 0 0.0222222 0
0 0.452778 0 0.0222222 0
0 0.452778 0 0.0222222 0
0 0.452778 0 0.0222222 0
0 0.452778 0 0.0222222 0
0 0.452778 0 0.0222222 0
0 0.452778 0 0.0222222 0
0 0.452778 0 0.0222222 0
0 0.452778 0 0.0222222 0
0 0.452778 0 0.0222222 0
0 0.452778 0 0.0222222 0
0 0.452778 0 0.0222222 0
0 0.452778 0 0.0222222 0
0 0.452778 0 0.0222222 0
0 0.452778 0 0.0222222 0
0 0.452778 0 0.0222222 0
0 0.452778 0 0.0222222 0
0 0.452778 0 0.0222222 0
0 0.452778 0 0.0222222 0
0 0.452778 0 0.0222222 0
0 0.452778 0 0.0222222 0
0 0.452778 0 0.0222222 0
0 0.452778 0 0.0222222 0
0 0.452778 0 0.0222222 0
0 0.452778 0 0.0222222 0
0 0.452778 0 0.0222222 0
0 0.452778 0 0.0222222 0
0 0.452778 0 0.0222222 0
0 0.452778 0 0.0222222 0
0 0.452778 0 0.0222222 0
0 0.452778 0 0.0222222 0
0 0.452778 0 0.0222222 0
0 0.452778 0 0.0222222 0
0 0.452778 0 0.0222222 0
0 0.452778 0 0.0222222 0
0 0.452778 0 0.0222222 0
0 0.452778 0 0.0222222 0
0 0.452778 0 0.0222222 0
0 0.452778 0 0.0222222 0
0 0.452778 0 0.0222222 0
0 0.452778 0 0.0222222 0
0 0.452778 0 0.0222222 0
0 0.452778 0 0.0222222 0
0 0.452778 0 0.0222222 0
0 0.452778 0 0.0222222 0
0 0.452778 0 0.0222222 0
0 0.452778 0 0.0222222 0
0 0.452778 0 0.0222222 0
0 0.452778 0 0.0222222 0
0 0.452778 0 0.0222222 0
0 0.452778 0 0.0222222 0
0 0.452778 0 0.0222222 0
0 0.452778 0 0.0222222 0
0 0.452778 0 0.0222222 0
0 0.452778 0 0.0222222 0
0 0.452778 0 0.0222222 0
0 0.452778 0 0.0222222 0
0 0.452778 0 0.0222222 0
0 0.452778 0 0.0222222 0
0 0.453472 0 0.0208333 0
0 0.454167 0 0.0222222 0
0 0.454167 0 0.0222222 0
0 0.454167 0 0.0222222 0
0 0.454167 0.5 0.0222222 1
0 0.455556 0.5 0.0222222 1
0 0.455556 0.5 0.0222222 1
0 0.45625 0.5 0.0208333 1
0 0.45625 0.5 0.0208333 1
0 0.457639 0.5 0.0208333 1
0 0.457639 0.5 0.0208333 1
0 0.457639 0.5 0.0208333 1
0 0.457639 0.5 0.0208333 1
0 0.457639 0.5 0.0208333 1
0 0.458333 0.5 0.0222222 1
0 0.458333 0.5 0.0222222 1
0 0.458333 0.5 0.0222222 1
0 0.458333 0 0.0222222 0
0 0.461111 0 0.0222222 0
0 0.464583 0 0.0208333 0
0 0.468056 0 0.0222222 0
0 0.472222 0 0.0222222 0
0 0.477083 0 0.0208333 0
0 0.479861 0 0.0208333 0
0 0.484028 0 0.0208333 0
0 0.485417 0 0.0208333 0
0 0.490972 0 0.0208333 0
0 0.495139 0 0.0180556 0
0 0.495833 0 0.0222222 0
0 0.498611 0 0.0194444 0
0 0.501389 0 0.0194444 0
0 0.504861 0 0.0208333 0
0 0.509722 0 0.0222222 0
0 0.511806 0 0.0208333 0
0 0.515972 0 0.0208333 0
0 0.520139 0 0.0208333 0
0 0.522917 0 0.0208333 0
0 0.527083 0 0.0208333 0
0 0.530556 0 0.0222222 0
0 0.534722 0 0.0222222 0
0 0.539583 0 0.0208333 0
0 0.544444 0 0.0194444 0
0 0.547222 0 0.0222222 0
0 0.552083 0 0.0208333 0
0 0.555556 0 0.0222222 0
0 0.555556 0 0.0222222 0
0 0.558333 0 0.0222222 0
0 0.567361 0 0.0208333 0
0 0.572222 0 0.0222222 0
0 0.576389 0 0.0194444 0
0 0.580556 0 0.0222222 0
0 0.585417 0 0.0208333 0
0 0.585417 0 0.0208333 0
0 0.589583 0 0.0208333 0
0 0.590972 0 0.0208333 0
0 0.59375 0 0.0208333 0
0 0.595833 0 0.0222222 0
0 0.598611 0 0.0222222 0
0 0.601389 0 0.0194444 0
0 0.605556 0 0.0222222 0
0 0.607639 0 0.0208333 0
0 0.611111 0 0.0222222 0
0 0.613194 0 0.0208333 0
0 0.615278 0 0.0222222 0
0 0.61875 0 0.0208333 0
0 0.623611 0 0.0222222 0
0 0.626389 0 0.0222222 0
0 0.629167 0 0.0222222 0
0 0.635417 0 0.0208333 0
0 0.638889 0 0.0222222 0
0 0.64375 0 0.0208333 0
0 0.64375 0 0.0208333 0
0 0.653472 0 0.0236111 0
0 0.656944 0 0.0222222 0
0 0.661111 0 0.0222222 0
0 0.661111 0 0.0222222 0
0 0.665972 0 0.0236111 0
0 0.670833 0 0.0222222 0
0 0.678472 0 0.0236111 0
0 0.684028 0 0.0236111 0
0 0.554861 0 0.0430556 0
0 0.688889 0 0.0222222 0
0 0.69375 0 0.0236111 0
0 0.7 0 0.0222222 0
0 0.7 0 0.0222222 0
0 0.704167 0 0.025 0
0 0.709028 0 0.0236111 0
0 0.7125 0 0.0222222 0
0 0.718056 0 0.025 0
0 0.722222 0 0.025 0
0 0.573611 0 0.0555556 0
0 0.729167 0 0.025 0
0 0.736111 0 0.025 0
0 0.745833 0 0.025 0
0 0.7625 0 0.0222222 0
0 0.586111 0 0.0555556 0
0 0.766667 0 0.025 0
0 0.584722 0 0.0527778 0
0 0.769444 0 0.025 0
0 0.775 0 0.0222222 0
0 0.779861 0 0.0263889 0
0 0.59375 0 0.0541667 0
0 0.786111 0 0.025 0
0 0.59375 0 0.0541667 0
0 0.786111 0 0.025 0
0 0.797222 0 0.025 0
0 0.797222 0 0.025 0
0 0.809028 0 0.0263889 0
0 0.813889 0 0.025 0
0 0.819444 0 0.025 0
0 0.825694 0 0.0236111 0
0 0.829861 0 0.0263889 0
0 0.834722 0 0.025 0
0 0.834722 0 0.025 0
0 0.611111 0 0.0611111 0
0 0.843056 0 0.025 0
0 0.614583 0 0.0597222 0
0 0.847917 0 0.0263889 0
0 0.852778 0 0.025 0
0 0.857639 0 0.0263889 0
0 0.863194 0 0.0236111 0
0 0.86875 0 0.0236111 0
0 0.873611 0 0.025 0
0 0.878472 0 0.0263889 0
0 0.627083 0 0.0680556 0
0 0.884028 0 0.0263889 0
0 0.888194 0 0.0236111 0
0 0.888889 0 0.025 0
0 0.888889 0 0.025 0
0 0.888889 0 0.025 0
0 0.888889 0 0.025 0
0 0.888889 0 0.025 0
0 0.888889 0 0.025 0
0 0.888889 0 0.025 0
0 0.888889 0 0.025 0
0 0.888889 0 0.025 0
0 0.888889 0 0.025 0
0 0.888889 0 0.025 0
0 0.888889 0 0.025 0
0 0.888889 0 0.025 0
0 0.888889 0 0.025 0
0 0.888889 0 0.025 0
0 0.888889 0 0.025 0
0 0.888889 0 0.025 0
0 0.888889 0 0.025 0
0 0.888889 0 0.025 0
0 0.888889 0 0.025 0
0 0.888889 0 0.025 0
0 0.888889 0 0.025 0
0 0.888889 0 0.025 0
0 0.888889 0 0.025 0
0 0.888889 0 0.025 0
0 0.888889 0 0.025 0
0 0.888889 0 0.025 0
0 0.888889 0 0.025 0
0 0.888889 0 0.025 0
0 0.888889 0 0.025 0
0 0.888889 0 0.025 0
0 0.888889 0 0.025 0
0 0.888889 0 0.025 0
0 0.888889 0 0.025 0
0 0.888889 0 0.025 0
0 0.888889 0 0.025 0
0 0.888889 0 0.025 0
0 0.888889 0 0.025 0
0 0.888889 0 0.025 0
0 0.888889 0 0.025 0
0 0.888889 0 0.025 0
0 0.888889 0 0.025 0
0 0.888889 0 0.025 0
0 0.888889 0 0.025 0
0 0.888889 0 0.025 0
0 0.888889 0 0.025 0
0 0.888889 0 0.025 0
0 0.888889 0 0.025 0
0 0.888889 0 0.025 0
0 0.888889 0 0.025 0
0 0.888889 0 0.025 0
0 0.888889 0 0.025 0
0 0.888889 0 0.025 0
0 0.888889 0 0.025 0
0 0.888889 0 0.025 0
0 0.888889 0 0.025 0
0 0.888889 0 0.025 0
0 0.888889 0 0.025 0
0 0.888889 0 0.025 0
0 0.888889 0 0.025 0
0 0.888889 0 0.025 0
0 0.888889 0 0.025 0
0 0.888889 0 0.025 0
0 0.888889 0 0.025 0
0 0.888889 0 0.025 0
0 0.888889 0 0.025 0
0 0.888889 0 0.025 0
0 0.888889 0 0.025 0
0 0.888889 0 0.025 0
0 0.888889 0 0.025 0
0 0.888889 0 0.025 0
0 0.888889 0 0.025 0
0 0.888889 0 0.025 0
0 0.888889 0 0.025 0
0 0.888889 0 0.025 0
0 0.888889 0 0.025 0
0 0.888889 0 0.025 0
0 0.888889 0 0.025 0
0 0.888889 0 0.025 0
0 0.888889 0 0.025 0
0 0.888889 0 0.025 0
0 0.888889 0 0.025 0
0 0.888889 0 0.025 0
0 0.888889 0 0.025 0
0 0.888889 0 0.025 0
0 0.888889 0 0.025 0
0 0.888889 0 0.025 0
0 0.888889 0 0.025 0
0 0.888889 0 0.025 0
0 0.888889 0 0.025 0
0 0.888889 0 0.025 0
0 0.888889 0 0.025 0
0 0.888889 0 0.025 0
0 0.888889 0 0.025 0
0 0.888889 0 0.025 0
0 0.888889 0 0.025 0
0 0.888889 0 0.025 0
0 0.888889 0 0.025 0
0 0.888889 0 0.025 0
0 0.888889 0 0.025 0
0 0.888889 0 0.025 0
0 0.888889 0 0.025 0
0 0.888889 0 0.025 0
0 0.888889 0 0.025 0
0 0.888889 0 0.025 0
0 0.888889 0 0.025 0
0 0.888889 0 0.025 0
0 0.888889 0 0.025 0
0 0.888889 0 0.025 0
0 0.888889 0 0.025 0
0 0.888889 0 0.025 0
0 0.888889 0 0.025 0
0 0.888889 0 0.025 0
0 0.888889 0 0.025 0
0 0.888889 0 0.025 0
0 0.888889 0 0.025 0
0 0.888889 0 0.025 0
0 0.888889 0 0.025 0
0 0.888889 0 0.025 0
0 0.888889 0 0.025 0
0 0.888889 0 0.025 0
0 0.888889 0 0.025 0
0 0.888889 0 0.025 0
0 0.888889 0 0.025 0
0 0.888889 0 0.025 0
0 0.888889 0 0.025 0
0 0.888889 0 0.025 0
0 0.888889 0 0.025 0
0 0.888889 0 0.025 0
0 0.888889 0 0.025 0
0 0.891667 0 0.025 0
0 0.895833 0 0.025 0
0 0.900694 0 0.0236111 0
0 0.904167 0 0.025 0
0 0.908333 0 0.0277778 0
0 0.913889 0 0.025 0
0 0.915972 0 0.0263889 0
0 0.919444 0 0.025 0
0 0.919444 0 0.025 0
0 0.921528 0 0.0263889 0
0 0.924306 0 0.0263889 0
0 0.927083 0 0.0263889 0
0 0.930556 0 0.025 0
0 0.933333 0 0.025 0
0 0.9375 0 0.025 0
0 0.940972 0 0.0263889 0
0 0.944444 0 0.025 0
0 0.946528 0 0.0263889 0
0 0.948611 0 0.025 0
0 0.953472 0 0.0263889 0
0 0.95625 0 0.0263889 0
0 0.960417 0 0.0263889 0
0 0.964583 0 0.0263889 0
0 0.967361 0 0.0291667 0
0 0.971528 0 0.0263889 0
0 0.972917 0 0.0263889 0
0 0.977083 0 0.0263889 0
0 0.979167 0 0.0277778 0
0 0.982639 0 0.0263889 0
0 0.985417 0 0.0263889 0
0 0.986111 0 0.025 0
0 0.988194 0 0.0236111 0
0 0.989583 0 0.0208333 0
0 0.990278 0 0.0194444 0
0 0.991667 0 0.0166667 0
0 0.993056 0 0.0138889 0
0 0.99375 0 0.00972222 0
0 0.995139 0 0.00972222 0
0 0.994444 0 0.0111111 0
0 0.996528 0 0.00694444 0
0 0.995833 0 0.00833333 0
0 0.995139 0 0.00972222 0
0 0.994444 0 0.0111111 0
0 0.994444 0 0.0111111 0
0 0.994444 0 0.0111111 0
0 0.993056 0 0.0138889 0
0 0.992361 0 0.0152778 0
0 0.991667 0 0.0166667 0
0 0.991667 0 0.0166667 0
0 0.990972 0 0.0180556 0
0 0.990972 0 0.0180556 0
0 0.990278 0 0.0194444 0
0 0.989583 0 0.0208333 0
0 0.989583 0 0.0208333 0
0 0.989583 0 0.0208333 0
0 0.988194 0 0.0208333 0
0 0.988194 0 0.0208333 0
0 0.986806 0 0.0208333 0
0 0.984028 0 0.0236111 0
0 0.983333 0 0.0222222 0
0 0.981944 0 0.0222222 0
0 0.981944 0 0.0222222 0
0 0.981944 0 0.0222222 0
0 0.980556 0 0.0222222 0
0 0.979167 0 0.0222222 0
0 0.978472 0 0.0236111 0
0 0.976389 0 0.0222222 0
0 0.976389 0 0.0222222 0
0 0.975 0 0.0222222 0
0 0.975 0 0.0222222 0
0 0.973611 0 0.0222222 0
0 0.973611 0 0.0222222 0
0 0.972222 0 0.0222222 0
0 0.972222 0 0.0222222 0
0 0.970833 0 0.0222222 0
0 0.970833 0 0.0222222 0
0 0.969444 0 0.0222222 0
0 0.969444 0 0.0222222 0
0 0.96875 0 0.0208333 0
0 0.96875 0 0.0208333 0
0 0.968056 0 0.0222222 0
0 0.968056 0 0.0222222 0
0 0.966667 0 0.0222222 0
0 0.966667 0 0.0222222 0
0 0.965972 0 0.0236111 0
0 0.965278 0 0.0222222 0
0 0.963889 0 0.0222222 0
0 0.963889 0 0.0222222 0
0 0.963194 0 0.0208333 0
0 0.963194 0 0.0208333 0
0 0.961806 0 0.0208333 0
0 0.961111 0 0.0222222 0
0 0.961111 0 0.0222222 0
0 0.960417 0 0.0236111 0
0 0.959722 0 0.0222222 0
0 0.959722 0 0.0222222 0
0 0.958333 0 0.0222222 0
0 0.958333 0 0.0222222 0
0 0.958333 0 0.0222222 0
0 0.957639 0 0.0208333 0
0 0.95625 0 0.0208333 0
0 0.95625 0 0.0208333 0
0 0.955556 0 0.0222222 0
0 0.955556 0 0.0222222 0
0 0.954167 0 0.0222222 0
0 0.953472 0 0.0208333 0
0 0.952778 0 0.0222222 0
0 0.952083 0 0.0208333 0
0 0.951389 0 0.0222222 0
0 0.950694 0 0.0208333 0
0 0.95 0 0.0194444 0
0 0.949306 0 0.0208333 0
0 0.947917 0 0.0208333 0
0 0.946528 0 0.0208333 0
0 0.945833 0 0.0222222 0
0 0.945139 0 0.0208333 0
0 0.944444 0 0.0222222 0
0 0.94375 0 0.0208333 0
0 0.942361 0 0.0208333 0
0 0.940972 0 0.0208333 0
0 0.939583 0 0.0208333 0
0 0.938889 0 0.0194444 0
0 0.938194 0 0.0208333 0
0 0.9375 0 0.0194444 0
0 0.936806 0 0.0180556 0
0 0.935417 0 0.0208333 0
0 0.933333 0 0.0222222 0
0 0.931944 0 0.0222222 0
0 0.93125 0 0.0208333 0
0 0.929861 0 0.0208333 0
0 0.928472 0 0.0208333 0
0 0.927083 0 0.0208333 0
0 0.925694 0 0.0208333 0
0 0.925 0 0.0194444 0
0 0.922917 0 0.0208333 0
0 0.920833 0 0.0222222 0
0 0.91875 0 0.0208333 0
0 0.918056 0 0.0222222 0
0 0.917361 0 0.0208333 0
0 0.915972 0 0.0208333 0
0 0.913889 0 0.0194444 0
0 0.9125 0 0.0194444 0
0 0.911111 0 0.0194444 0
0 0.909722 0 0.0194444 0
0 0.908333 0 0.0194444 0
0 0.906944 0 0.0194444 0
0 0.904167 0 0.0222222 0
0 0.903472 0 0.0208333 0
0 0.902083 0 0.0208333 0
0 0.900694 0 0.0208333 0
0 0.9 0 0.0194444 0
0 0.898611 0 0.0194444 0
0 0.896528 0 0.0208333 0
0 0.895833 0 0.0194444 0
0 0.893056 0 0.0194444 0
0 0.892361 0 0.0208333 0
0 0.890972 0 0.0208333 0
0 0.889583 0 0.0208333 0
0 0.8875 0 0.0194444 0
0 0.886806 0 0.0208333 0
0 0.884722 0 0.0194444 0
0 0.882639 0 0.0208333 0
0 0.88125 0 0.0208333 0
0 0.879861 0 0.0208333 0
0 0.878472 0 0.0208333 0
0 0.876389 0 0.0194444 0
0 0.875 0 0.0194444 0
0 0.874306 0 0.0208333 0
0 0.872222 0 0.0194444 0
0 0.870833 0 0.0194444 0
0 0.869444 0 0.0194444 0
0 0.867361 0 0.0208333 0
0 0.865972 0 0.0208333 0
0 0.864583 0 0.0208333 0
0 0.8625 0 0.0194444 0
0 0.861806 0 0.0208333 0
0 0.859028 0 0.0208333 0
0 0.859028 0 0.0208333 0
0 0.856944 0 0.0222222 0
0 0.855556 0 0.0222222 0
0 0.853472 0 0.0208333 0
0 0.852778 0 0.0194444 0
0 0.851389 0 0.0194444 0
0 0.85 0 0.0194444 0
0 0.848611 0 0.0194444 0
0 0.847917 0 0.0208333 0
0 0.846528 0 0.0208333 0
0 0.845833 0 0.0194444 0
0 0.84375 0 0.0208333 0
0 0.843056 0 0.0222222 0
0 0.841667 0 0.0194444 0
0 0.840278 0 0.0194444 0
0 0.838889 0 0.0194444 0
0 0.8375 0 0.0194444 0
0 0.836806 0 0.0180556 0
0 0.836111 0 0.0194444 0
0 0.834028 0 0.0208333 0
0 0.834028 0 0.0208333 0
0 0.831944 0 0.0194444 0
0 0.830556 0 0.0222222 0
0 0.829167 0 0.0222222 0
0 0.828472 0 0.0208333 0
0 0.827778 0 0.0194444 0
0 0.826389 0 0.0194444 0
0 0.826389 0 0.0194444 0
0 0.825 0 0.0194444 0
0 0.824306 0 0.0208333 0
0 0.823611 0 0.0194444 0
0 0.822222 0 0.0194444 0
0 0.822222 0 0.0194444 0
0 0.822222 0 0.0194444 0
0 0.820833 0 0.0194444 0
0 0.819444 0 0.0194444 0
0 0.81875 0 0.0208333 0
0 0.818056 0 0.0222222 0
0 0.818056 0 0.0222222 0
0 0.817361 0 0.0208333 0
0 0.817361 0 0.0208333 0
0 0.817361 0 0.0208333 0
0 0.815278 0 0.0222222 0
0 0.815972 0 0.0208333 0
0 0.815278 0 0.0194444 0
0 0.814583 0 0.0180556 0
0 0.813194 0 0.0208333 0
0 0.8125 0 0.0222222 0
0 0.8125 0 0.0194444 0
0 0.811806 0 0.0180556 0
0 0.811806 0 0.0208333 0
0 0.811111 0 0.0194444 0
0 0.809722 0 0.0194444 0
0 0.809028 0 0.0208333 0
0 0.809028 0 0.0208333 0
0 0.808333 0 0.0194444 0
0 0.808333 0 0.0194444 0
0 0.808333 0 0.0194444 0
0 0.807639 0 0.0208333 0
0 0.80625 0 0.0208333 0
0 0.805556 0 0.0194444 0
0 0.805556 0 0.0194444 0
0 0.805556 0 0.0222222 0
0 0.804861 0 0.0208333 0
0 0.804167 0 0.0222222 0
0 0.804167 0 0.0222222 0
0 0.803472 0 0.0208333 0
0 0.803472 0 0.0208333 0
0 0.802778 0 0.0194444 0
0 0.801389 0 0.0194444 0
0 0.800694 0 0.0208333 0
0 0.800694 0 0.0208333 0
0 0.8 0 0.0194444 0
0 0.799306 0 0.0180556 0
0 0.8 0 0.0194444 0
0 0.799306 0 0.0208333 0
0 0.797222 0 0.0194444 0
0 0.797222 0 0.0194444 0
0 0.795833 0 0.0194444 0
0 0.795833 0 0.0194444 0
0 0.794444 0 0.0194444 0
0 0.79375 0 0.0208333 0
0 0.793056 0 0.0194444 0
0 0.793056 0 0.0222222 0
0 0.792361 0 0.0208333 0
0 0.790972 0 0.0208333 0
0 0.790972 0 0.0208333 0
0 0.789583 0 0.0208333 0
0 0.788194 0 0.0208333 0
0 0.7875 0 0.0194444 0
0 0.786111 0 0.0194444 0
0 0.7875 0 0.0194444 0
0 0.786111 0 0.0194444 0
0 0.784028 0 0.0208333 0
0 0.783333 0 0.0194444 0
0 0.78125 0 0.0208333 0
0 0.78125 0 0.0208333 0
0 0.780556 0 0.0222222 0
0 0.779861 0 0.0208333 0
0 0.778472 0 0.0208333 0
0 0.777083 0 0.0208333 0
0 0.776389 0 0.0194444 0
0 0.776389 0 0.0194444 0
0 0.776389 0 0.0194444 0
0 0.775 0 0.0194444 0
0 0.773611 0 0.0194444 0
0 0.772917 0 0.0208333 0
0 0.770833 0 0.0194444 0
0 0.769444 0 0.0194444 0
0 0.76875 0 0.0208333 0
0 0.767361 0 0.0208333 0
0 0.765972 0 0.0208333 0
0 0.764583 0 0.0208333 0
0 0.763194 0 0.0180556 0
0 0.763194 0 0.0180556 0
0 0.761111 0 0.0194444 0
0 0.758333 0 0.0194444 0
0 0.757639 0 0.0208333 0
0 0.755556 0 0.0194444 0
0 0.583333 0 0.0472222 0
0 0.75625 0 0.0208333 0
0 0.754167 0 0.0222222 0
0 0.583333 0 0.0527778 0
0 0.754167 0 0.0194444 0
0 0.752083 0 0.0208333 0
0 0.750694 0 0.0208333 0
0 0.749306 0 0.0208333 0
0 0.748611 0 0.0194444 0
0 0.745139 0 0.0208333 0
0 0.745833 0 0.0194444 0
0 0.744444 0 0.0194444 0
0 0.74375 0 0.0208333 0
0 0.740972 0 0.0208333 0
0 0.739583 0 0.0208333 0
0 0.738889 0 0.0194444 0
0 0.7375 0 0.0194444 0
0 0.736111 0 0.0194444 0
0 0.734028 0 0.0208333 0
0 0.734028 0 0.0208333 0
0 0.572222 0 0.0472222 0
0 0.732639 0 0.0208333 0
0 0.73125 0 0.0208333 0
0 0.571528 0 0.0486111 0
0 0.730556 0 0.0222222 0
0 0.569444 0 0.0472222 0
0 0.729861 0 0.0208333 0
0 0.569444 0 0.0472222 0
0 0.727083 0 0.0208333 0
0 0.571528 0 0.0486111 0
0 0.726389 0 0.0194444 0
0 0.725 0 0.0194444 0
0 0.725 0 0.0194444 0
0 0.723611 0 0.0194444 0
0 0.723611 0 0.0194444 0
0 0.720833 0 0.0194444 0
0 0.720833 0 0.0194444 0
0 0.71875 0 0.0208333 0
0 0.717361 0 0.0208333 0
0 0.717361 0 0.0208333 0
0 0.716667 0 0.0194444 0
0 0.563194 0 0.0402778 0
0 0.715278 0 0.0194444 0
0 0.714583 0 0.0208333 0
0 0.713194 0 0.0208333 0
0 0.7125 0 0.0194444 0
0 0.7125 0 0.0194444 0
0 0.711806 0 0.0208333 0
0 0.710417 0 0.0208333 0
0 0.710417 0 0.0208333 0
0 0.709028 0 0.0208333 0
0 0.708333 0 0.0194444 0
0 0.706944 0 0.0194444 0
0 0.706944 0 0.0194444 0
0 0.705556 0 0.0194444 0
0 0.705556 0 0.0222222 0
0 0.559028 0 0.0486111 0
0 0.704861 0 0.0208333 0
0 0.704861 0 0.0208333 0
0 0.558333 0 0.05 0
0 0.703472 0 0.0208333 0
0 0.55625 0 0.0458333 0
0 0.702778 0 0.0194444 0
0 0.702083 0 0.0208333 0
0 0.701389 0 0.0194444 0
0 0.701389 0 0.0194444 0
0 0.700694 0 0.0208333 0
0 0.7 0 0.0194444 0
0 0.558333 0 0.0527778 0
0 0.7 0 0.0194444 0
0 0.557639 0 0.0513889 0
0 0.7 0 0.0194444 0
0 0.7 0 0.0194444 0
0 0.698611 0 0.0222222 0
0 0.697917 0 0.0208333 0
0 0.697917 0 0.0208333 0
0 0.697917 0 0.0208333 0
0 0.696528 0 0.0208333 0
0 0.555556 0 0.05 0
0 0.696528 0 0.0208333 0
0 0.555556 0 0.0527778 0
0 0.696528 0 0.0208333 0
0 0.696528 0 0.0208333 0
0 0.554167 0 0.0472222 0
0 0.695833 0 0.0194444 0
0 0.695833 0 0.0194444 0
0 0.695139 0 0.0208333 0
0 0.695139 0 0.0208333 0
0 0.694444 0 0.0194444 0
0 0.695139 0 0.0208333 0
0 0.694444 0 0.0194444 0
0 0.694444 0 0.0194444 0
0 0.694444 0 0.0194444 0
0 0.694444 0 0.0194444 0
0 0.694444 0 0.0194444 0
0 0.69375 0 0.0208333 0
0 0.693056 0 0.0194444 0
0 0.693056 0 0.0194444 0
0 0.693056 0 0.0194444 0
0 0.693056 0 0.0194444 0
0 0.693056 0 0.0222222 0
0 0.693056 0 0.0222222 0
0 0.693056 0 0.0222222 0
0 0.554167 0 0.0583333 0
0 0.692361 0 0.0208333 0
0 0.693056 0 0.0194444 0
0 0.693056 0 0.0194444 0
0 0.691667 0 0.0222222 0
0 0.692361 0 0.0208333 0
0 0.692361 0 0.0208333 0
0 0.692361 0 0.0208333 0
0 0.692361 0 0.0208333 0
0 0.554861 0 0.0597222 0
0 0.693056 0 0.0194444 0
0 0.692361 0 0.0208333 0
0 0.554861 0 0.0597222 0
0 0.692361 0 0.0208333 0
0 0.691667 0 0.0222222 0
0 0.553472 0 0.0569444 0
0 0.692361 0 0.0208333 0
0 0.692361 0 0.0208333 0
0 0.692361 0 0.0208333 0
0 0.692361 0 0.0208333 0
0 0.692361 0 0.0208333 0
0 0.692361 0 0.0208333 0
0 0.692361 0 0.0208333 0
0 0.692361 0 0.0208333 0
0 0.692361 0 0.0208333 0
0 0.692361 0 0.0208333 0
0 0.692361 0 0.0208333 0
0 0.692361 0 0.0208333 0
0 0.692361 0 0.0208333 0
0 0.691667 0 0.0222222 0
0 0.691667 0 0.0222222 0
0 0.691667 0 0.0222222 0
0 0.692361 0 0.0208333 0
0 0.691667 0 0.0222222 0
0 0.690972 0 0.0208333 0
0 0.691667 0 0.0222222 0
0 0.691667 0 0.0222222 0
0 0.690972 0 0.0208333 0
0 0.690972 0 0.0208333 0
0 0.690972 0 0.0208333 0
0 0.690972 0 0.0208333 0
0 0.690972 0 0.0208333 0
0 0.690972 0 0.0208333 0
0 0.690278 0 0.0222222 0
0 0.690278 0 0.0222222 0
0 0.690972 0 0.0208333 0
0 0.690278 0 0.0194444 0
0 0.689583 0 0.0208333 0
0 0.689583 0 0.0208333 0
0 0.689583 0 0.0208333 0
0 0.689583 0 0.0208333 0
0 0.689583 0 0.0208333 0
0 0.688889 0 0.0194444 0
0 0.688889 0 0.0194444 0
0 0.688194 0 0.0208333 0
0 0.688194 0 0.0208333 0
0 0.6875 0 0.0194444 0
0 0.6875 0 0.0194444 0
0 0.6875 0 0.0194444 0
0 0.6875 0 0.0194444 0
0 0.6875 0 0.0194444 0
0 0.686806 0 0.0208333 0
0 0.686111 0 0.0194444 0
0 0.686806 0 0.0208333 0
0 0.686806 0 0.0208333 0
0 0.686111 0 0.0194444 0
0 0.684028 0 0.0208333 0
0 0.684028 0 0.0208333 0
0 0.684028 0 0.0208333 0
0 0.684028 0 0.0208333 0
0 0.684028 0 0.0208333 0
0 0.683333 0 0.0222222 0
0 0.683333 0 0.0222222 0
0 0.683333 0 0.0194444 0
0 0.682639 0 0.0208333 0
0 0.68125 0 0.0208333 0
0 0.68125 0 0.0208333 0
0 0.68125 0 0.0208333 0
0 0.680556 0 0.0222222 0
0 0.680556 0 0.0194444 0
0 0.679167 0 0.0222222 0
0 0.679167 0 0.0222222 0
0 0.679167 0 0.0222222 0
0 0.679167 0 0.0222222 0
0 0.679167 0 0.0222222 0
0 0.679167 0 0.0222222 0
0 0.677778 0 0.0222222 0
0 0.678472 0 0.0208333 0
0 0.677083 0 0.0208333 0
0 0.676389 0 0.0194444 0
0 0.675694 0 0.0208333 0
0 0.675 0 0.0194444 0
0 0.675 0 0.0194444 0
0 0.674306 0 0.0180556 0
0 0.674306 0 0.0208333 0
0 0.541667 0 0.0555556 0
0 0.674306 0 0.0208333 0
0 0.672917 0 0.0208333 0
0 0.672222 0 0.0194444 0
0 0.671528 0 0.0208333 0
0 0.670833 0 0.0222222 0
0 0.670833 0 0.0194444 0
0 0.670139 0 0.0208333 0
0 0.670139 0 0.0208333 0
0 0.66875 0 0.0208333 0
0 0.668056 0 0.0222222 0
0 0.667361 0 0.0208333 0
0 0.666667 0 0.0222222 0
0 0.665972 0 0.0208333 0
0 0.665278 0 0.0222222 0
0 0.665278 0 0.0222222 0
0 0.664583 0 0.0208333 0
0 0.663889 0 0.0194444 0
0 0.663889 0 0.0194444 0
0 0.663194 0 0.0208333 0
0 0.663194 0 0.0208333 0
0 0.6625 0 0.0194444 0
0 0.6625 0 0.0194444 0
0 0.6625 0 0.0194444 0
0 0.661806 0 0.0208333 0
0 0.531944 0 0.05 0
0 0.660417 0 0.0208333 0
0 0.660417 0 0.0208333 0
0 0.530556 0 0.05 0
0 0.660417 0 0.0208333 0
0 0.659722 0 0.0222222 0
0 0.659028 0 0.0208333 0
0 0.659028 0 0.0208333 0
0 0.659028 0 0.0208333 0
0 0.659028 0 0.0208333 0
0 0.658333 0.5 0.0222222 1
0 0.657639 0.5 0.0208333 1
0 0.658333 0.5 0.0222222 1
0 0.657639 0.5 0.0208333 1
0 0.657639 0.5 0.0208333 1
0 0.657639 0.5 0.0208333 1
0 0.657639 0.5 0.0208333 1
0 0.657639 0.5 0.0208333 1
0 0.533333 0 0.0527778 0
0 0.657639 0.5 0.0208333 1
0 0.657639 0.5 0.0208333 1
0 0.531944 0 0.0527778 0
0 0.658333 0.5 0.0194444 1
0 0.657639 0.5 0.0208333 1
0 0.657639 0.5 0.0208333 1
0 0.657639 0.5 0.0208333 1
0 0.657639 0.5 0.0208333 1
0 0.533333 0 0.0527778 0
0 0.658333 0.5 0.0222222 1
0 0.532639 0 0.0541667 0
0 0.658333 0.5 0.0222222 1
0 0.532639 0 0.0513889 0
0 0.659028 0.5 0.0208333 1
0 0.531944 0 0.05 0
0 0.659028 0.5 0.0208333 1
0 0.532639 0 0.0513889 0
0 0.659722 0.5 0.0222222 1
0 0.659722 0.5 0.0222222 1
0 0.533333 0 0.05 0
0 0.659722 1 0.0222222 0
0 0.533333 0 0.0527778 0
0 0.660417 1 0.0208333 0
0 0.660417 1 0.0208333 0
0 0.661111 1 0.0222222 0
0 0.661806 1 0.0208333 0
0 0.6625 1 0.0194444 0
0 0.6625 1 0.0194444 0
0 0.663194 1 0.0208333 0
0 0.663889 1 0.0194444 0
0 0.664583 1 0.0208333 0
0 0.664583 1 0.0208333 0
0 0.665278 1 0.0222222 0
0 0.665972 1 0.0208333 0
0 0.666667 1 0.0222222 0
0 0.667361 1 0.0208333 0
0 0.667361 1 0.0208333 0
0 0.668056 1 0.0222222 0
0 0.66875 1 0.0208333 0
0 0.670139 1 0.0208333 0
0 0.670139 1 0.0208333 0
0 0.671528 1 0.0208333 0
0 0.671528 1 0.0208333 0
0 0.672222 1 0.0222222 0
0 0.673611 1 0.0222222 0
0 0.675 1 0.0194444 0
0 0.675694 1 0.0208333 0
0 0.675694 1 0.0208333 0
0 0.677083 1 0.0208333 0
0 0.677083 1 0.0208333 0
0 0.677778 1 0.0222222 0
0 0.679167 1 0.0222222 0
0 0.679167 1 0.0222222 0
0 0.680556 1 0.0222222 0
0 0.68125 1 0.0208333 0
0 0.68125 1 0.0208333 0
0 0.682639 1 0.0208333 0
0 0.684028 1 0.0208333 0
0 0.684722 1 0.0222222 0
0 0.686111 1 0.0222222 0
0 0.686111 1 0.0222222 0
0 0.686111 1 0.0222222 0
0 0.688194 1 0.0208333 0
0 0.688194 1 0.0208333 0
0 0.688194 1 0.0208333 0
0 0.545833 0 0.0583333 0
0 0.690972 1 0.0208333 0
0 0.691667 1 0.0222222 0
0 0.546528 0 0.0597222 0
0 0.691667 1 0.0222222 0
0 0.692361 1 0.0208333 0
0 0.693056 1 0.0222222 0
0 0.69375 1 0.0208333 0
0 0.695139 1 0.0208333 0
0 0.696528 1 0.0208333 0
0 0.696528 1 0.0208333 0
0 0.697222 1 0.0222222 0
0 0.698611 1 0.0222222 0
0 0.698611 1 0.0222222 0
0 0.698611 1 0.0222222 0
0 0.7 1 0.0194444 0
0 0.701389 1 0.0194444 0
0 0.701389 1 0.0194444 0
0 0.702083 1 0.0208333 0
0 0.702083 1 0.0208333 0
0 0.702778 1 0.0222222 0
0 0.704167 1 0.0222222 0
0 0.704167 1 0.0222222 0
0 0.704861 1 0.0208333 0
0 0.705556 1 0.0222222 0
0 0.70625 1 0.0236111 0
0 0.707639 1 0.0208333 0
0 0.707639 1 0.0208333 0
0 0.708333 1 0.0222222 0
0 0.709028 1 0.0208333 0
0 0.709722 1 0.0222222 0
0 0.710417 1 0.0208333 0
0 0.710417 1 0.0208333 0
0 0.711806 1 0.0208333 0
0 0.711806 1 0.0208333 0
0 0.7125 1 0.0194444 0
0 0.713889 1 0.0194444 0
0 0.714583 1 0.0208333 0
0 0.714583 1 0.0208333 0
0 0.714583 1 0.0208333 0
0 0.714583 1 0.0208333 0
0 0.717361 1 0.0208333 0
0 0.716667 1 0.0222222 0
0 0.718056 1 0.0222222 0
0 0.71875 1 0.0208333 0
0 0.71875 1 0.0208333 0
0 0.720139 1 0.0208333 0
0 0.720139 1 0.0208333 0
0 0.721528 1 0.0208333 0
0 0.722222 1 0.0222222 0
0 0.722917 1 0.0208333 0
0 0.722917 1 0.0208333 0
0 0.723611 1 0.0222222 0
0 0.725694 1 0.0208333 0
0 0.726389 1 0.0194444 0
0 0.727083 1 0.0208333 0
0 0.728472 1 0.0208333 0
0 0.728472 1 0.0208333 0
0 0.729861 1 0.0208333 0
0 0.729861 1 0.0208333 0
0 0.73125 1 0.0208333 0
0 0.731944 1 0.0194444 0
0 0.732639 1 0.0208333 0
0 0.734028 1 0.0208333 0
0 0.735417 1 0.0208333 0
0 0.736111 1 0.0222222 0
0 0.738194 1 0.0208333 0
0 0.738889 1 0.0194444 0
0 0.739583 1 0.0208333 0
0 0.740972 1 0.0208333 0
0 0.741667 1 0.0222222 0
0 0.743056 1 0.0222222 0
0 0.744444 1 0.0194444 0
0 0.745139 1 0.0208333 0
0 0.745139 1 0.0208333 0
0 0.747917 1 0.0208333 0
0 0.75 1 0.0194444 0
0 0.752083 1 0.0208333 0
0 0.753472 1 0.0208333 0
0 0.754861 1 0.0208333 0
0 0.754861 1 0.0208333 0
0 0.75625 1 0.0208333 0
0 0.757639 1 0.0208333 0
0 0.759028 1 0.0208333 0
0 0.761806 1 0.0208333 0
0 0.7625 1 0.0194444 0
0 0.764583 1 0.0208333 0
0 0.764583 1 0.0208333 0
0 0.769444 1 0.0194444 0
0 0.771528 1 0.0208333 0
0 0.772917 1 0.0208333 0
0 0.777083 1 0.0208333 0
0 0.779861 1 0.0208333 0
0 0.780556 1 0.0222222 0
0 0.781944 1 0.0222222 0
0 0.784028 1 0.0208333 0
0 0.786111 1 0.0222222 0
0 0.788194 1 0.0208333 0
0 0.790972 1 0.0208333 0
0 0.794444 1 0.0194444 0
0 0.796528 1 0.0208333 0
0 0.797917 1 0.0208333 0
0 0.801389 1 0.0194444 0
0 0.803472 1 0.0208333 0
0 0.806944 1 0.0194444 0
0 0.809028 1 0.0208333 0
0 0.8125 1 0.0194444 0
0 0.814583 1 0.0208333 0
0 0.817361 1 0.0208333 0
0 0.819444 1 0.0194444 0
0 0.822917 1 0.0208333 0
0 0.825694 1 0.0208333 0
0 0.828472 1 0.0208333 0
0 0.830556 1 0.0194444 0
0 0.834028 1 0.0208333 0
0 0.836806 1 0.0208333 0
0 0.839583 1 0.0208333 0
0 0.840972 1 0.0208333 0
0 0.844444 1 0.0194444 0
0 0.846528 1 0.0208333 0
0 0.85 1 0.0194444 0
0 0.852083 1 0.0208333 0
0 0.854861 1 0.0208333 0
0 0.857639 1 0.0208333 0
0 0.860417 1 0.0208333 0
0 0.861111 1 0.0194444 0
0 0.8625 1 0.0194444 0
0 0.865278 1 0.0222222 0
0 0.867361 1 0.0208333 0
0 0.867361 1 0.0208333 0
0 0.869444 1 0.0194444 0
0 0.870833 1 0.0194444 0
0 0.871528 1 0.0208333 0
0 0.872917 1 0.0208333 0
0 0.873611 1 0.0194444 0
0 0.874306 1 0.0208333 0
0 0.875 1 0.0194444 0
0 0.875 1 0.0194444 0
0 0.875 1 0.0194444 0
0 0.875 1 0.0194444 0
0 0.875 1 0.0194444 0
0 0.875 1 0.0194444 0
0 0.875 1 0.0194444 0
0 0.874306 1 0.0208333 0
0 0.873611 1 0.0194444 0
0 0.872917 1 0.0208333 0
0 0.872917 1 0.0208333 0
0 0.871528 1 0.0208333 0
0 0.870139 1 0.0208333 0
0 0.870139 1 0.0208333 0
0 0.86875 1 0.0208333 0
0 0.867361 1 0.0208333 0
0 0.866667 1 0.0222222 0
0 0.861806 1 0.0208333 0
0 0.860417 1 0.0208333 0
0 0.859028 1 0.0208333 0
0 0.856944 1 0.0194444 0
0 0.856944 1 0.0194444 0
0 0.811111 1 0.025 0
0 0.502083 0.5 0.0486111 1
0 0.500694 0.5 0.0513889 1
0 0.500694 0.5 0.0513889 1
0 0.5 0.5 0.05 1
0 0.772917 1 0.0208333 0
0 0.753472 1 0.0236111 0
0 0.500694 0.5 0.0486111 1
0 0.725694 1 0.0180556 0
0 0.720833 1 0.0194444 0
0 0.720833 1 0.0194444 0
0 0.710417 1 0.0208333 0
0 0.705556 1 0.0194444 0
0 0.701389 1 0.0194444 0
0 0.697917 1 0.0208333 0
0 0.692361 1 0.0208333 0
0 0.686806 1 0.0208333 0
0 0.686806 1 0.0208333 0
0 0.677778 1 0.0194444 0
0 0.671528 1 0.0208333 0
0 0.665972 1 0.0208333 0
0 0.661111 1 0.0194444 0
0 0.661111 1 0.0194444 0
0 0.656944 1 0.0194444 0
0 0.645139 1 0.0208333 0
0 0.638889 1 0.0194444 0
0 0.631944 1 0.0194444 0
0 0.625 1 0.0194444 0
0 0.618056 1 0.0194444 0
0 0.615278 1 0.0194444 0
0 0.610417 1 0.0208333 0
0 0.604861 1 0.0208333 0
0 0.597917 1 0.0208333 0
0 0.591667 1 0.0222222 0
0 0.591667 1 0.0222222 0
0 0.586111 1 0.0222222 0
0 0.503472 0.5 0.0541667 1
0 0.504167 0.5 0.0527778 1
0 0.502778 0.5 0.0527778 1
0 0.5 0.5 0.0472222 1
0 0.500694 0.5 0.0486111 1
0 0.502083 0.5 0.0486111 1
0 0.566667 1 0.0722222 0
0 0.469444 0 0.0222222 0
0 0.469444 0 0.0222222 0
0 0.468056 0 0.0222222 0
0 0.464583 0 0.0208333 0
0 0.464583 0 0.0208333 0
0 0.459722 0 0.0222222 0
0 0.459722 0 0.0222222 0
0 0.456944 0 0.0222222 0
0 0.455556 0 0.0222222 0
0 0.455556 0 0.0222222 0
0 0.454167 0 0.0222222 0
0 0.454167 0 0.0222222 0
0 0.453472 0 0.0236111 0
0 0.452778 0 0.0222222 0
0 0.452778 0 0.0222222 0
0 0.452778 0 0.0222222 0
0 0.452778 0 0.0222222 0
0 0.452778 0 0.0222222 0
0 0.452778 0 0.0222222 0
0 0.452778 0 0.0222222 0
0 0.452778 0 0.0222222 0
0 0.453472 0 0.0236111 0
0 0.453472 0 0.0208333 0
0 0.454167 0 0.0222222 0
0 0.454167 0 0.0222222 0
0 0.454167 0.5 0.0222222 1
0 0.455556 0.5 0.0222222 1
0 0.455556 0.5 0.0222222 1
0 0.45625 0.5 0.0208333 1
0 0.45625 0.5 0.0208333 1
0 0.457639 0.5 0.0208333 1
0 0.457639 0.5 0.0208333 1
0 0.457639 0.5 0.0208333 1
0 0.457639 0.5 0.0208333 1
0 0.457639 0.5 0.0208333 1
0 0.457639 0.5 0.0208333 1
0 0.457639 0.5 0.0208333 1
0 0.457639 0.5 0.0208333 1
0 0.458333 0.5 0.0222222 1
0 0.457639 0.5 0.0208333 1
0 0.458333 0.5 0.0222222 1
0 0.458333 0.5 0.0222222 1
0 0.458333 0.5 0.0222222 1
0 0.458333 0 0.0222222 0
0 0.459722 0 0.0222222 0
0 0.459028 0 0.0208333 0
0 0.459028 0 0.0208333 0
0 0.459028 0 0.0208333 0
0 0.459028 0 0.0208333 0
0 0.459028 0 0.0208333 0
0 0.459028 0 0.0208333 0
0 0.459028 0 0.0208333 0
0 0.459028 0 0.0208333 0
0 0.459028 0 0.0208333 0
0 0.459028 0 0.0208333 0
0 0.459028 0 0.0208333 0
0 0.459028 0 0.0208333 0
0 0.459028 0 0.0208333 0
0 0.459028 0 0.0208333 0
0 0.459028 0 0.0208333 0
0 0.459028 0 0.0208333 0
0 0.459028 0 0.0208333 0
0 0.459028 0 0.0208333 0
0 0.459028 0 0.0208333 0
0 0.459028 0 0.0208333 0
0 0.459028 0 0.0208333 0
0 0.459028 0 0.0208333 0
0 0.459028 0 0.0208333 0
0 0.459028 0 0.0208333 0
0 0.459028 0 0.0208333 0
0 0.459028 0 0.0208333 0
0 0.459028 0 0.0208333 0
0 0.459028 0 0.0208333 0
0 0.459028 0 0.0208333 0
0 0.459028 0 0.0208333 0
0 0.459028 0 0.0208333 0
0 0.459028 0 0.0208333 0
0 0.459028 0 0.0208333 0
0 0.459028 0 0.0208333 0
0 0.459028 0 0.0208333 0
0 0.459028 0 0.0208333 0
0 0.459028 0 0.0208333 0
0 0.459028 0 0.0208333 0
0 0.459028 0 0.0208333 0
0 0.459028 0 0.0208333 0
0 0.459028 0 0.0208333 0
0 0.459028 0 0.0208333 0
0 0.459028 0 0.0208333 0
0 0.459028 0 0.0208333 0
0 0.459028 0 0.0208333 0
0 0.459028 0 0.0208333 0
0 0.459028 0 0.0208333 0
0 0.459028 0 0.0208333 0
0 0.459028 0 0.0208333 0
0 0.459028 0 0.0208333 0
0 0.459028 0 0.0208333 0
0 0.459028 0 0.0208333 0
0 0.459028 0 0.0208333 0
0 0.459028 0 0.0208333 0
0 0.459028 0 0.0208333 0
0 0.459028 0 0.0208333 0
0 0.459028 0 0.0208333 0
0 0.459028 0 0.0208333 0
0 0.459028 0 0.0208333 0
0 0.459028 0 0.0208333 0
0 0.459028 0 0.0208333 0
0 0.459028 0 0.0208333 0
0 0.459028 0 0.0208333 0
0 0.459028 0 0.0208333 0
0 0.459028 0 0.0208333 0
0 0.459028 0 0.0208333 0
0 0.460417 0 0.0208333 0
0 0.463194 0 0.0208333 0
0 0.465972 0 0.0208333 0
0 0.470833 0 0.0194444 0
0 0.473611 0 0.0194444 0
0 0.479861 0 0.0208333 0
0 0.483333 0 0.0194444 0
0 0.486806 0 0.0208333 0
0 0.488194 0 0.0208333 0
0 0.488194 0 0.0180556 0
0 0.492361 0 0.0208333 0
0 0.497222 0 0.0222222 0
0 0.499306 0 0.0208333 0
0 0.503472 0 0.0208333 0
0 0.507639 0 0.0208333 0
0 0.511806 0 0.0208333 0
0 0.514583 0 0.0208333 0
0 0.516667 0 0.0222222 0
0 0.516667 0 0.0222222 0
0 0.517361 0 0.0208333 0
0 0.520139 0 0.0208333 0
0 0.522917 0 0.0208333 0
0 0.527083 0 0.0208333 0
0 0.531944 0 0.0194444 0
0 0.535417 0 0.0208333 0
0 0.539583 0 0.0208333 0
0 0.542361 0 0.0208333 0
0 0.545139 0 0.0208333 0
0 0.552083 0 0.0208333 0
0 0.556944 0 0.0194444 0
0 0.561806 0 0.0208333 0
0 0.565972 0 0.0208333 0
0 0.570139 0 0.0208333 0
0 0.574306 0 0.0208333 0
0 0.577083 0 0.0208333 0
0 0.579167 0 0.0222222 0
0 0.584028 0 0.0208333 0
0 0.586111 0 0.0222222 0
0 0.589583 0 0.0208333 0
0 0.592361 0 0.0208333 0
0 0.593056 0 0.0194444 0
0 0.595139 0 0.0208333 0
0 0.596528 0 0.0208333 0
0 0.599306 0 0.0208333 0
0 0.602083 0 0.0208333 0
0 0.605556 0 0.0194444 0
0 0.609028 0 0.0208333 0
0 0.611806 0 0.0208333 0
0 0.614583 0 0.0208333 0
0 0.61875 0 0.0208333 0
0 0.622917 0 0.0208333 0
0 0.624306 0 0.0208333 0
0 0.628472 0 0.0208333 0
0 0.633333 0 0.0194444 0
0 0.635417 0 0.0208333 0
0 0.640278 0 0.0194444 0
0 0.640278 0 0.0194444 0
0 0.65 0 0.0194444 0
0 0.653472 0 0.0208333 0
0 0.655556 0 0.0194444 0
0 0.660417 0 0.0208333 0
0 0.664583 0 0.0208333 0
0 0.66875 0 0.0208333 0
0 0.672222 0 0.0194444 0
0 0.676389 0 0.0194444 0
0 0.563889 0 0.0527778 0
0 0.679861 0 0.0208333 0
0 0.682639 0 0.0208333 0
0 0.684028 0 0.0208333 0
0 0.688889 0 0.0194444 0
0 0.692361 0 0.0208333 0
0 0.697917 0 0.0208333 0
0 0.702083 0 0.0208333 0
0 0.708333 0 0.0194444 0
0 0.714583 0 0.0208333 0
0 0.719444 0 0.0194444 0
0 0.722917 0 0.0208333 0
0 0.728472 0 0.0208333 0
0 0.731944 0 0.0194444 0
0 0.735417 0 0.0208333 0
0 0.738889 0 0.0194444 0
0 0.742361 0 0.0208333 0
0 0.747222 0 0.0194444 0
0 0.751389 0 0.0194444 0
0 0.752083 0 0.0208333 0
0 0.756944 0 0.0194444 0
0 0.761111 0 0.0194444 0
0 0.7625 0 0.0194444 0
0 0.7625 0 0.0194444 0
0 0.768056 0 0.0222222 0
0 0.770139 0 0.0208333 0
0 0.775 0 0.0194444 0
0 0.775694 0 0.0208333 0
0 0.778472 0 0.0208333 0
0 0.780556 0 0.0222222 0
0 0.784028 0 0.0208333 0
0 0.7875 0 0.0194444 0
0 0.788194 0 0.0180556 0
0 0.790972 0 0.0208333 0
0 0.79375 0 0.0208333 0
0 0.794444 0 0.0194444 0
0 0.797222 0 0.0194444 0
0 0.799306 0 0.0180556 0
0 0.800694 0 0.0180556 0
0 0.802778 0 0.0194444 0
0 0.803472 0 0.0180556 0
0 0.804167 0 0.0194444 0
0 0.804167 0 0.0194444 0
0 0.805556 0 0.0194444 0
0 0.805556 0 0.0194444 0
0 0.807639 0 0.0208333 0
0 0.809722 0 0.0194444 0
0 0.810417 0 0.0180556 0
0 0.811111 0 0.0194444 0
0 0.811806 0 0.0180556 0
0 0.813194 0 0.0180556 0
0 0.8125 0 0.0194444 0
0 0.813889 0 0.0194444 0
0 0.814583 0 0.0180556 0
0 0.815972 0 0.0180556 0
0 0.815972 0 0.0180556 0
0 0.816667 0 0.0194444 0
0 0.816667 0 0.0194444 0
0 0.818056 0 0.0194444 0
0 0.818056 0 0.0194444 0
0 0.818056 0 0.0194444 0
0 0.817361 0 0.0208333 0
0 0.81875 0 0.0208333 0
0 0.81875 0 0.0208333 0
0 0.81875 0 0.0208333 0
0 0.81875 0 0.0208333 0
0 0.818056 0 0.0222222 0
0 0.81875 0 0.0208333 0
0 0.818056 0 0.0222222 0
0 0.81875 0 0.0208333 0
0 0.81875 0 0.0208333 0
0 0.818056 0 0.0194444 0
0 0.81875 0 0.0208333 0
0 0.819444 0 0.0194444 0
0 0.819444 0 0.0194444 0
0 0.819444 0 0.0194444 0
0 0.819444 0 0.0194444 0
0 0.819444 0 0.0194444 0
0 0.819444 0 0.0194444 0
0 0.820833 0 0.0194444 0
0 0.820833 0 0.0194444 0
0 0.820139 0 0.0208333 0
0 0.820833 0 0.0194444 0
0 0.81875 0 0.0180556 0
0 0.81875 0 0.0208333 0
0 0.819444 0 0.0194444 0
0 0.819444 0 0.0194444 0
0 0.819444 0 0.0194444 0
0 0.819444 0 0.0194444 0
0 0.819444 0 0.0194444 0
0 0.81875 0 0.0180556 0
0 0.81875 0 0.0180556 0
0 0.817361 0 0.0208333 0
0 0.817361 0 0.0180556 0
0 0.817361 0 0.0180556 0
0 0.815972 0 0.0180556 0
0 0.815972 0 0.0180556 0
0 0.814583 0 0.0180556 0
0 0.814583 0 0.0180556 0
0 0.814583 0 0.0180556 0
0 0.814583 0 0.0180556 0
0 0.814583 0 0.0180556 0
0 0.814583 0 0.0180556 0
0 0.813194 0 0.0180556 0
0 0.813194 0 0.0180556 0
0 0.811806 0 0.0180556 0
0 0.811111 0 0.0166667 0
0 0.811111 0 0.0166667 0
0 0.811111 0 0.0166667 0
0 0.811111 0 0.0166667 0
0 0.811111 0 0.0166667 0
0 0.809722 0 0.0166667 0
0 0.809722 0 0.0166667 0
0 0.809722 0 0.0166667 0
0 0.806944 0 0.0166667 0
0 0.806944 0 0.0194444 0
0 0.80625 0 0.0180556 0
0 0.804861 0 0.0180556 0
0 0.803472 0 0.0180556 0
0 0.803472 0 0.0180556 0
0 0.803472 0 0.0180556 0
0 0.803472 0 0.0180556 0
0 0.803472 0 0.0180556 0
0 0.803472 0 0.0180556 0
0 0.801389 0 0.0194444 0
0 0.799306 0 0.0180556 0
0 0.797917 0 0.0180556 0
0 0.797222 0 0.0194444 0
0 0.795833 0 0.0194444 0
0 0.79375 0 0.0208333 0
0 0.79375 0 0.0208333 0
0 0.79375 0 0.0208333 0
0 0.79375 0 0.0208333 0
0 0.792361 0 0.0208333 0
0 0.791667 0 0.0194444 0
0 0.790972 0 0.0180556 0
0 0.790278 0 0.0194444 0
0 0.788194 0 0.0180556 0
0 0.786806 0 0.0180556 0
0 0.786111 0 0.0166667 0
0 0.782639 0 0.0180556 0
0 0.782639 0 0.0180556 0
0 0.782639 0 0.0180556 0
0 0.782639 0 0.0180556 0
0 0.782639 0 0.0180556 0
0 0.781944 0 0.0166667 0
0 0.780556 0 0.0194444 0
0 0.779861 0 0.0180556 0
0 0.778472 0 0.0180556 0
0 0.776389 0 0.0194444 0
0 0.775 0 0.0194444 0
0 0.772917 0 0.0180556 0
0 0.771528 0 0.0180556 0
0 0.771528 0 0.0180556 0
0 0.771528 0 0.0180556 0
0 0.771528 0 0.0180556 0
0 0.771528 0 0.0180556 0
0 0.770139 0 0.0180556 0
0 0.770139 0 0.0180556 0
0 0.766667 0 0.0166667 0
0 0.764583 0 0.0180556 0
0 0.763194 0 0.0180556 0
0 0.7625 0 0.0166667 0
0 0.760417 0 0.0180556 0
0 0.759722 0 0.0194444 0
0 0.759028 0 0.0180556 0
0 0.758333 0 0.0194444 0
0 0.758333 0 0.0194444 0
0 0.758333 0 0.0194444 0
0 0.756944 0 0.0194444 0
0 0.755556 0 0.0194444 0
0 0.754167 0 0.0194444 0
0 0.752083 0 0.0180556 0
0 0.750694 0 0.0180556 0
0 0.749306 0 0.0180556 0
0 0.749306 0 0.0180556 0
0 0.749306 0 0.0180556 0
0 0.749306 0 0.0180556 0
0 0.747917 0 0.0180556 0
0 0.745833 0 0.0194444 0
0 0.74375 0 0.0180556 0
0 0.742361 0 0.0180556 0
0 0.740972 0 0.0180556 0
0 0.7375 0 0.0166667 0
0 0.7375 0 0.0166667 0
0 0.7375 0 0.0166667 0
0 0.7375 0 0.0166667 0
0 0.7375 0 0.0166667 0
0 0.736806 0 0.0180556 0
0 0.734722 0 0.0166667 0
0 0.732639 0 0.0180556 0
0 0.728472 0 0.0180556 0
0 0.726389 0 0.0194444 0
0 0.726389 0 0.0194444 0
0 0.726389 0 0.0194444 0
0 0.726389 0 0.0194444 0
0 0.724306 0 0.0180556 0
0 0.722222 0 0.0194444 0
0 0.719444 0 0.0194444 0
0 0.719444 0 0.0194444 0
0 0.714583 0 0.0180556 0
0 0.713194 0 0.0180556 0
0 0.711806 0 0.0180556 0
0 0.709028 0 0.0180556 0
0 0.708333 0 0.0166667 0
0 0.708333 0 0.0166667 0
0 0.708333 0 0.0166667 0
0 0.707639 0 0.0180556 0
0 0.705556 0 0.0194444 0
0 0.703472 0 0.0180556 0
0 0.701389 0 0.0194444 0
0 0.700694 0 0.0180556 0
0 0.697917 0 0.0180556 0
0 0.695833 0 0.0194444 0
0 0.693056 0 0.0194444 0
0 0.690278 0 0.0194444 0
0 0.688194 0 0.0180556 0
0 0.688194 0 0.0180556 0
0 0.688194 0 0.0180556 0
0 0.688194 0 0.0180556 0
0 0.686806 0 0.0180556 0
0 0.684028 0 0.0180556 0
0 0.680556 0 0.0194444 0
0 0.677083 0 0.0180556 0
0 0.675 0 0.0166667 0
0 0.670139 0 0.0180556 0
0 0.667361 0 0.0180556 0
0 0.665972 0 0.0180556 0
0 0.665972 0 0.0180556 0
0 0.665972 0 0.0180556 0
0 0.665972 0 0.0180556 0
0 0.6625 0 0.0166667 0
0 0.659028 0 0.0180556 0
0 0.655556 0 0.0194444 0
0 0.654167 0 0.0194444 0
0 0.651389 0 0.0166667 0
0 0.534722 0 0.0555556 0
0 0.647917 0 0.0180556 0
0 0.534722 0 0.0527778 0
0 0.647917 0 0.0180556 0
0 0.534722 0 0.0527778 0
0 0.647917 0 0.0180556 0
0 0.534722 0 0.0527778 0
0 0.647917 0 0.0180556 0
0 0.534722 0 0.0527778 0
0 0.647917 0 0.0180556 0
0 0.640972 0 0.0180556 0
0 0.639583 0 0.0180556 0
0 0.636806 0 0.0180556 0
0 0.634028 0 0.0180556 0
0 0.629861 0 0.0180556 0
0 0.626389 0 0.0166667 0
0 0.625 0 0.0166667 0
0 0.625 0 0.0166667 0
0 0.625 0 0.0166667 0
0 0.625 0 0.0166667 0
0 0.625 0 0.0166667 0
0 0.625 0 0.0166667 0
0 0.622222 0 0.0166667 0
0 0.620139 0 0.0180556 0
0 0.613194 0 0.0180556 0
0 0.611806 0 0.0180556 0
0 0.610417 0 0.0180556 0
0 0.607639 0 0.0180556 0
0 0.604861 0 0.0180556 0
0 0.602083 0 0.0180556 0
0 0.598611 0 0.0166667 0
0 0.596528 0 0.0180556 0
0 0.595139 0 0.0180556 0
0 0.595139 0 0.0180556 0
0 0.595139 0 0.0180556 0
0 0.595139 0 0.0180556 0
0 0.592361 0 0.0180556 0
0 0.589583 0 0.0180556 0
0 0.586806 0 0.0180556 0
0 0.582639 0 0.0180556 0
0 0.579861 0 0.0180556 0
0 0.577778 0 0.0166667 0
0 0.574306 0 0.0180556 0
0 0.571528 0 0.0180556 0
0 0.571528 0 0.0180556 0
0 0.570833 0 0.0166667 0
0 0.570833 0 0.0166667 0
0 0.570833 0 0.0166667 0
0 0.570833 0 0.0166667 0
0 0.565278 0 0.0166667 0
0 0.5625 0 0.0166667 0
0 0.5625 0 0.0166667 0
0 0.559028 0 0.0180556 0
0 0.552083 0 0.0180556 0
0 0.548611 0 0.0166667 0
0 0.546528 0 0.0180556 0
0 0.546528 0 0.0180556 0
0 0.546528 0 0.0180556 0
0 0.546528 0 0.0180556 0
0 0.546528 0 0.0180556 0
0 0.54375 0 0.0180556 0
0 0.539583 0 0.0180556 0
0 0.536806 0 0.0180556 0
0 0.532639 0 0.0180556 0
0 0.532639 0 0.0180556 0
0 0.528472 0 0.0180556 0
0 0.527083 0 0.0180556 0
0 0.527083 0 0.0180556 0
0 0.527083 0 0.0180556 0
0 0.527083 0 0.0180556 0
0 0.524306 0 0.0180556 0
0 0.517361 0 0.0180556 0
0 0.514583 0 0.0180556 0
0 0.502778 0.5 0.0416667 1
0 0.502778 0.5 0.0444444 1
0 0.502083 0.5 0.0486111 1
0 0.502083 0.5 0.0458333 1
0 0.502083 0.5 0.0458333 1
0 0.502083 0.5 0.0458333 1
0 0.502083 0.5 0.0458333 1
0 0.502083 0.5 0.0458333 1
0 0.501389 0.5 0.0472222 1
0 0.501389 0.5 0.0444444 1
0 0.478472 0 0.0152778 0
0 0.476389 0 0.0166667 0
0 0.476389 0 0.0166667 0
0 0.476389 0 0.0166667 0
0 0.476389 0 0.0166667 0
0 0.476389 0 0.0166667 0
0 0.473611 0 0.0166667 0
0 0.471528 0 0.0180556 0
0 0.467361 0 0.0180556 0
0 0.465278 0 0.0166667 0
0 0.463194 0 0.0152778 0
0 0.459722 0 0.0166667 0
0 0.45625 0.5 0.0180556 1
0 0.454861 0.5 0.0180556 1
0 0.452083 0.5 0.0180556 1
0 0.449306 0.5 0.0180556 1
0 0.446528 0.5 0.0180556 1
0 0.446528 0.5 0.0180556 1
0 0.446528 0.5 0.0180556 1
0 0.446528 0.5 0.0180556 1
0 0.446528 0.5 0.0180556 1
0 0.44375 0.5 0.0180556 1
0 0.440972 0.5 0.0180556 1
0 0.4375 0.5 0.0166667 1
0 0.434722 0.5 0.0194444 1
0 0.432639 0.5 0.0180556 1
0 0.428472 0.5 0.0180556 1
0 0.426389 0.5 0.0166667 1
0 0.422917 0.5 0.0180556 1
0 0.422917 0.5 0.0180556 1
0 0.422917 0.5 0.0180556 1
0 0.422917 0.5 0.0180556 1
0 0.422917 0.5 0.0180556 1
0 0.422917 0.5 0.0180556 1
0 0.41875 0.5 0.0180556 1
0 0.416667 0.5 0.0194444 1
0 0.413889 0.5 0.0194444 1
0 0.411806 0.5 0.0180556 1
0 0.407639 0.5 0.0180556 1
0 0.404861 1 0.0180556 0
0 0.402778 1 0.0194444 0
0 0.400694 1 0.0180556 0
0 0.397917 1 0.0180556 0
0 0.394444 1 0.0194444 0
0 0.395139 1 0.0180556 0
0 0.395139 1 0.0180556 0
0 0.395139 1 0.0180556 0
0 0.395139 1 0.0180556 0
0 0.391667 1 0.0194444 0
0 0.390278 1 0.0194444 0
0 0.3875 1 0.0166667 0
0 0.385417 1 0.0152778 0
0 0.33125 1 0.0180556 0
0 0.328472 1 0.0180556 0
0 0.327083 1 0.0180556 0
0 0.325694 1 0.0180556 0
0 0.325694 1 0.0180556 0
0 0.325694 1 0.0180556 0
0 0.325694 1 0.0180556 0
0 0.322917 1 0.0180556 0
0 0.320833 1 0.0166667 0
0 0.31875 1 0.0180556 0
0 0.316667 1 0.0166667 0
0 0.313889 1 0.0194444 0
0 0.311111 1 0.0194444 0
0 0.309722 1 0.0166667 0
0 0.308333 1 0.0166667 0
0 0.2875 1 0.0194444 0
0 0.2875 1 0.0194444 0
0 0.2875 1 0.0194444 0
0 0.2875 1 0.0194444 0
0 0.2875 1 0.0194444 0
0 0.284722 1 0.0194444 0
0 0.281944 1 0.0222222 0
0 0.279861 1 0.0208333 0
0 0.277778 1 0.0194444 0
0 0.275694 1 0.0180556 0
0 0.274306 1 0.0180556 0
0 0.271528 1 0.0208333 0
0 0.270139 1 0.0180556 0
0 0.26875 1 0.0180556 0
0 0.265972 1 0.0180556 0
0 0.263194 1 0.0180556 0
0 0.263194 1 0.0180556 0
0 0.263194 1 0.0180556 0
0 0.263194 1 0.0180556 0
0 0.263194 1 0.0180556 0
0 0.261806 1 0.0180556 0
0 0.260417 1 0.0180556 0
0 0.258333 1 0.0194444 0
0 0.257639 1 0.0180556 0
0 0.254861 1 0.0180556 0
0 0.252778 1 0.0194444 0
0 0.250694 1 0.0180556 0
0 0.248611 1 0.0194444 0
0 0.245833 1 0.0194444 0
0 0.245139 1 0.0180556 0
0 0.243056 1 0.0166667 0
0 0.243056 1 0.0194444 0
0 0.243056 1 0.0194444 0
0 0.243056 1 0.0194444 0
0 0.243056 1 0.0194444 0
0 0.241667 1 0.0194444 0
0 0.239583 1 0.0180556 0
0 0.238194 1 0.0180556 0
0 0.234028 1 0.0180556 0
0 0.566667 1 0.075 0
0 0.566667 1 0.075 0
0 0.567361 1 0.0763889 0
0 0.567361 1 0.0763889 0
0 0.567361 1 0.0763889 0
0 0.567361 1 0.0763889 0
0 0.567361 1 0.0763889 0
0 0.567361 1 0.0763889 0
0 0.56875 1 0.0680556 0
0 0.56875 1 0.0680556 0
0 0.567361 1 0.0763889 0
0 0.56875 1 0.0680556 0
0 0.568056 1 0.0777778 0
0 0.569444 1 0.0694444 0
0 0.568056 1 0.0694444 0
0 0.568056 1 0.0777778 0
0 0.56875 1 0.0708333 0
0 0.568056 1 0.0777778 0
0 0.568056 1 0.0777778 0
0 0.570139 1 0.0708333 0
0 0.656944 1 0.0222222 0
0 0.670139 1 0.0125 0
0 0.979167 1 0.0388889 0
0 0.978472 1 0.0402778 0
0 0.986111 1 0.025 0
0 0.469444 0 0.0222222 0
0 0.469444 0 0.0222222 0
0 0.469444 0 0.0222222 0
0 0.469444 0 0.0222222 0
0 0.469444 0 0.0222222 0
0 0.469444 0 0.0222222 0
0 0.469444 0 0.0222222 0
0 0.469444 0 0.0222222 0
0 0.469444 0 0.0222222 0
0 0.46875 0 0.0208333 0
0 0.46875 0 0.0208333 0
0 0.46875 0 0.0208333 0
0 0.46875 0 0.0208333 0
0 0.46875 0 0.0208333 0
0 0.46875 0 0.0208333 0
0 0.46875 0 0.0208333 0
0 0.46875 0 0.0208333 0
0 0.46875 0 0.0208333 0
0 0.46875 0 0.0208333 0
0 0.46875 0 0.0208333 0
0 0.46875 0 0.0208333 0
0 0.46875 0 0.0208333 0
0 0.46875 0 0.0208333 0
0 0.46875 0 0.0208333 0
0 0.46875 0 0.0208333 0
0 0.46875 0 0.0208333 0
0 0.46875 0 0.0208333 0
0 0.46875 0 0.0208333 0
0 0.46875 0 0.0208333 0
0 0.46875 0 0.0208333 0
0 0.46875 0 0.0208333 0
0 0.46875 0 0.0208333 0
0 0.46875 0 0.0208333 0
0 0.46875 0 0.0208333 0
0 0.46875 0 0.0208333 0
0 0.46875 0 0.0208333 0
0 0.46875 0 0.0208333 0
0 0.46875 0 0.0208333 0
0 0.46875 0 0.0208333 0
0 0.46875 0 0.0208333 0
0 0.46875 0 0.0208333 0
0 0.46875 0 0.0208333 0
0 0.46875 0 0.0208333 0
0 0.46875 0 0.0208333 0
0 0.46875 0 0.0208333 0
0 0.468056 0 0.0222222 0
0 0.466667 0 0.0222222 0
0 0.464583 0 0.0208333 0
0 0.461111 0 0.0222222 0
0 0.459722 0 0.0222222 0
0 0.458333 0 0.0222222 0
0 0.457639 0 0.0208333 0
0 0.45625 0 0.0236111 0
0 0.45625 0 0.0236111 0
0 0.455556 0 0.0222222 0
0 0.454861 0 0.0236111 0
0 0.454167 0 0.0222222 0
0 0.453472 0 0.0236111 0
0 0.452778 0 0.0222222 0
0 0.452778 0 0.0222222 0
0 0.452778 0 0.0222222 0
0 0.453472 0 0.0208333 0
0 0.452778 0 0.0222222 0
0 0.453472 0 0.0236111 0
0 0.453472 0 0.0208333 0
0 0.454167 0 0.0222222 0
0 0.454167 0 0.0222222 0
0 0.454167 0.5 0.0222222 1
0 0.455556 0.5 0.0222222 1
0 0.455556 0.5 0.0222222 1
0 0.45625 0.5 0.0208333 1
0 0.45625 0.5 0.0208333 1
0 0.457639 0.5 0.0208333 1
0 0.457639 0.5 0.0208333 1
0 0.457639 0.5 0.0208333 1
0 0.457639 0.5 0.0208333 1
0 0.457639 0.5 0.0208333 1
0 0.458333 0.5 0.0222222 1
0 0.458333 0.5 0.0222222 1
0 0.459028 0.5 0.0208333 1
0 0.458333 0 0.0222222 0
0 0.458333 0 0.0222222 0
0 0.459028 0 0.0208333 0
0 0.460417 0 0.0208333 0
0 0.464583 0 0.0208333 0
0 0.470139 0 0.0208333 0
0 0.475 0 0.0194444 0
0 0.479167 0 0.0194444 0
0 0.481944 0 0.0194444 0
0 0.484722 0 0.0194444 0
0 0.488889 0 0.0194444 0
0 0.492361 0 0.0208333 0
0 0.496528 0 0.0236111 0
0 0.498611 0 0.0194444 0
0 0.503472 0 0.0208333 0
0 0.507639 0 0.0208333 0
0 0.508333 0 0.0222222 0
0 0.508333 0 0.0222222 0
0 0.508333 0 0.0222222 0
0 0.508333 0 0.0222222 0
0 0.508333 0 0.0222222 0
0 0.508333 0 0.0222222 0
0 0.508333 0 0.0222222 0
0 0.508333 0 0.0222222 0
0 0.508333 0 0.0222222 0
0 0.508333 0 0.0222222 0
0 0.508333 0 0.0222222 0
0 0.508333 0 0.0222222 0
0 0.508333 0 0.0222222 0
0 0.508333 0 0.0222222 0
0 0.508333 0 0.0222222 0
0 0.508333 0 0.0222222 0
0 0.508333 0 0.0222222 0
0 0.508333 0 0.0222222 0
0 0.508333 0 0.0222222 0
0 0.508333 0 0.0222222 0
0 0.508333 0 0.0222222 0
0 0.508333 0 0.0222222 0
0 0.508333 0 0.0222222 0
0 0.508333 0 0.0222222 0
0 0.508333 0 0.0222222 0
0 0.508333 0 0.0222222 0
0 0.508333 0 0.0222222 0
0 0.508333 0 0.0222222 0
0 0.508333 0 0.0222222 0
0 0.508333 0 0.0222222 0
0 0.508333 0 0.0222222 0
0 0.508333 0 0.0222222 0
0 0.508333 0 0.0222222 0
0 0.508333 0 0.0222222 0
0 0.508333 0 0.0222222 0
0 0.508333 0 0.0222222 0
0 0.508333 0 0.0222222 0
0 0.508333 0 0.0222222 0
0 0.508333 0 0.0222222 0
0 0.508333 0 0.0222222 0
0 0.508333 0 0.0222222 0
0 0.508333 0 0.0222222 0
0 0.508333 0 0.0222222 0
0 0.508333 0 0.0222222 0
0 0.508333 0 0.0222222 0
0 0.508333 0 0.0222222 0
0 0.508333 0 0.0222222 0
0 0.508333 0 0.0222222 0
0 0.508333 0 0.0222222 0
0 0.508333 0 0.0222222 0
0 0.508333 0 0.0222222 0
0 0.508333 0 0.0222222 0
0 0.508333 0 0.0222222 0
0 0.508333 0 0.0222222 0
0 0.508333 0 0.0222222 0
0 0.508333 0 0.0222222 0
0 0.508333 0 0.0222222 0
0 0.508333 0 0.0222222 0
0 0.508333 0 0.0222222 0
0 0.508333 0 0.0222222 0
0 0.508333 0 0.0222222 0
0 0.508333 0 0.0222222 0
0 0.508333 0 0.0222222 0
0 0.508333 0 0.0222222 0
0 0.508333 0 0.0222222 0
0 0.508333 0 0.0222222 0
0 0.508333 0 0.0222222 0
0 0.508333 0 0.0222222 0
0 0.508333 0 0.0222222 0
0 0.508333 0 0.0222222 0
0 0.508333 0 0.0222222 0
0 0.508333 0 0.0222222 0
0 0.508333 0 0.0222222 0
0 0.508333 0 0.0222222 0
0 0.508333 0 0.0222222 0
0 0.508333 0 0.0222222 0
0 0.508333 0 0.0222222 0
0 0.508333 0 0.0222222 0
0 0.508333 0 0.0222222 0
0 0.508333 0 0.0222222 0
0 0.508333 0 0.0222222 0
0 0.508333 0 0.0222222 0
0 0.508333 0 0.0222222 0
0 0.508333 0 0.0222222 0
0 0.508333 0 0.0222222 0
0 0.508333 0 0.0222222 0
0 0.508333 0 0.0222222 0
0 0.508333 0 0.0222222 0
0 0.508333 0 0.0222222 0
0 0.508333 0 0.0222222 0
0 0.508333 0 0.0222222 0
0 0.508333 0 0.0222222 0
0 0.508333 0 0.0222222 0
0 0.508333 0 0.0222222 0
0 0.508333 0 0.0222222 0
0 0.508333 0 0.0222222 0
0 0.508333 0 0.0222222 0
0 0.508333 0 0.0222222 0
0 0.508333 0 0.0222222 0
0 0.508333 0 0.0222222 0
0 0.508333 0 0.0222222 0
0 0.508333 0 0.0222222 0
0 0.508333 0 0.0222222 0
0 0.508333 0 0.0222222 0
0 0.508333 0 0.0222222 0
0 0.508333 0 0.0222222 0
0 0.508333 0 0.0222222 0
0 0.508333 0 0.0222222 0
0 0.508333 0 0.0222222 0
0 0.508333 0 0.0222222 0
0 0.508333 0 0.0222222 0
0 0.508333 0 0.0222222 0
0 0.508333 0 0.0222222 0
0 0.508333 0 0.0222222 0
0 0.508333 0 0.0222222 0
0 0.508333 0 0.0222222 0
0 0.508333 0 0.0222222 0
0 0.508333 0 0.0222222 0
0 0.508333 0 0.0222222 0
0 0.508333 0 0.0222222 0
0 0.508333 0 0.0222222 0
0 0.508333 0 0.0222222 0
0 0.508333 0 0.0222222 0
0 0.508333 0 0.0222222 0
0 0.508333 0 0.0222222 0
0 0.508333 0 0.0222222 0
0 0.508333 0 0.0222222 0
0 0.508333 0 0.0222222 0
0 0.508333 0 0.0222222 0
0 0.508333 0 0.0222222 0
0 0.508333 0 0.0222222 0
0 0.508333 0 0.0222222 0
0 0.508333 0 0.0222222 0
0 0.508333 0 0.0222222 0
0 0.508333 0 0.0222222 0
0 0.508333 0 0.0222222 0
0 0.508333 0 0.0222222 0
0 0.508333 0 0.0222222 0
0 0.508333 0 0.0222222 0
0 0.508333 0 0.0222222 0
0 0.508333 0 0.0222222 0
0 0.508333 0 0.0222222 0
0 0.508333 0 0.0222222 0
0 0.508333 0 0.0222222 0
0 0.508333 0 0.0222222 0
0 0.508333 0 0.0222222 0
0 0.508333 0 0.0222222 0
0 0.508333 0 0.0222222 0
0 0.508333 0 0.0222222 0
0 0.508333 0 0.0222222 0
0 0.508333 0 0.0222222 0
0 0.508333 0 0.0222222 0
0 0.508333 0 0.0222222 0
0 0.508333 0 0.0222222 0
0 0.508333 0 0.0222222 0
0 0.508333 0 0.0222222 0
0 0.508333 0 0.0222222 0
0 0.508333 0 0.0222222 0
0 0.508333 0 0.0222222 0
0 0.508333 0 0.0222222 0
0 0.508333 0 0.0222222 0
0 0.508333 0 0.0222222 0
0 0.508333 0 0.0222222 0
0 0.508333 0 0.0222222 0
0 0.508333 0 0.0222222 0
0 0.508333 0 0.0222222 0
0 0.508333 0 0.0222222 0
0 0.508333 0 0.0222222 0
0 0.508333 0 0.0222222 0
0 0.508333 0 0.0222222 0
0 0.508333 0 0.0222222 0
0 0.508333 0 0.0222222 0
0 0.508333 0 0.0222222 0
0 0.508333 0 0.0222222 0
0 0.508333 0 0.0222222 0
0 0.508333 0 0.0222222 0
0 0.508333 0 0.0222222 0
0 0.508333 0 0.0222222 0
0 0.508333 0 0.0222222 0
0 0.508333 0 0.0222222 0
0 0.508333 0 0.0222222 0
0 0.508333 0 0.0222222 0
0 0.508333 0 0.0222222 0
0 0.508333 0 0.0222222 0
0 0.508333 0 0.0222222 0
0 0.508333 0 0.0222222 0
0 0.508333 0 0.0222222 0
0 0.508333 0 0.0222222 0
0 0.508333 0 0.0222222 0
0 0.508333 0 0.0222222 0
0 0.508333 0 0.0222222 0
0 0.508333 0 0.0222222 0
0 0.508333 0 0.0222222 0
0 0.508333 0 0.0222222 0
0 0.508333 0 0.0222222 0
0 0.508333 0 0.0222222 0
0 0.508333 0 0.0222222 0
0 0.508333 0 0.0222222 0
0 0.508333 0 0.0222222 0
0 0.508333 0 0.0222222 0
0 0.508333 0 0.0222222 0
0 0.508333 0 0.0222222 0
0 0.508333 0 0.0222222 0
0 0.508333 0 0.0222222 0
0 0.508333 0 0.0222222 0
0 0.508333 0 0.0222222 0
0 0.508333 0 0.0222222 0
0 0.508333 0 0.0222222 0
0 0.508333 0 0.0222222 0
0 0.508333 0 0.0222222 0
0 0.508333 0 0.0222222 0
0 0.508333 0 0.0222222 0
0 0.508333 0 0.0222222 0
0 0.508333 0 0.0222222 0
0 0.508333 0 0.0222222 0
0 0.508333 0 0.0222222 0
0 0.508333 0 0.0222222 0
0 0.508333 0 0.0222222 0
0 0.508333 0 0.0222222 0
0 0.508333 0 0.0222222 0
0 0.508333 0 0.0222222 0
0 0.508333 0 0.0222222 0
0 0.508333 0 0.0222222 0
0 0.508333 0 0.0222222 0
0 0.508333 0 0.0222222 0
0 0.508333 0 0.0222222 0
0 0.508333 0 0.0222222 0
0 0.508333 0 0.0222222 0
0 0.508333 0 0.0222222 0
0 0.508333 0 0.0222222 0
0 0.508333 0 0.0222222 0
0 0.508333 0 0.0222222 0
0 0.508333 0 0.0222222 0
0 0.508333 0 0.0222222 0
0 0.508333 0 0.0222222 0
0 0.508333 0 0.0222222 0
0 0.508333 0 0.0222222 0
0 0.508333 0 0.0222222 0
0 0.508333 0 0.0222222 0
0 0.508333 0 0.0222222 0
0 0.508333 0 0.0222222 0
0 0.508333 0 0.0222222 0
0 0.508333 0 0.0222222 0
0 0.508333 0 0.0222222 0
0 0.508333 0 0.0222222 0
0 0.508333 0 0.0222222 0
0 0.508333 0 0.0222222 0
0 0.508333 0 0.0222222 0
0 0.508333 0 0.0222222 0
0 0.508333 0 0.0222222 0
0 0.508333 0 0.0222222 0
0 0.508333 0 0.0222222 0
0 0.508333 0 0.0222222 0
0 0.508333 0 0.0222222 0
0 0.508333 0 0.0222222 0
0 0.508333 0 0.0222222 0
0 0.508333 0 0.0222222 0
0 0.508333 0 0.0222222 0
0 0.508333 0 0.0222222 0
0 0.508333 0 0.0222222 0
0 0.508333 0 0.0222222 0
0 0.508333 0 0.0222222 0
0 0.508333 0 0.0222222 0
0 0.508333 0 0.0222222 0
0 0.508333 0 0.0222222 0
0 0.508333 0 0.0222222 0
0 0.508333 0 0.0222222 0
0 0.508333 0 0.0222222 0
0 0.508333 0 0.0222222 0
0 0.508333 0 0.0222222 0
0 0.508333 0 0.0222222 0
0 0.508333 0 0.0222222 0
0 0.508333 0 0.0222222 0
0 0.508333 0 0.0222222 0
0 0.508333 0 0.0222222 0
0 0.508333 0 0.0222222 0
0 0.508333 0 0.0222222 0
0 0.508333 0 0.0222222 0
0 0.508333 0 0.0222222 0
0 0.508333 0 0.0222222 0
0 0.508333 0 0.0222222 0
0 0.508333 0 0.0222222 0
0 0.508333 0 0.0222222 0
0 0.508333 0 0.0222222 0
0 0.508333 0 0.0222222 0
0 0.508333 0 0.0222222 0
0 0.508333 0 0.0222222 0
0 0.508333 0 0.0222222 0
0 0.508333 0 0.0222222 0
0 0.508333 0 0.0222222 0
0 0.508333 0 0.0222222 0
0 0.508333 0 0.0222222 0
0 0.508333 0 0.0222222 0
0 0.508333 0 0.0222222 0
0 0.508333 0 0.0222222 0
0 0.508333 0 0.0222222 0
0 0.508333 0 0.0222222 0
0 0.508333 0 0.0222222 0
0 0.508333 0 0.0222222 0
0 0.508333 0 0.0222222 0
0 0.508333 0 0.0222222 0
0 0.508333 0 0.0222222 0
0 0.508333 0 0.0222222 0
0 0.508333 0 0.0222222 0
0 0.508333 0 0.0222222 0
0 0.508333 0 0.0222222 0
0 0.508333 0 0.0222222 0
0 0.508333 0 0.0222222 0
0 0.508333 0 0.0222222 0
0 0.508333 0 0.0222222 0
0 0.508333 0 0.0222222 0
0 0.508333 0 0.0222222 0
0 0.508333 0 0.0222222 0
0 0.508333 0 0.0222222 0
0 0.508333 0 0.0222222 0
0 0.508333 0 0.0222222 0
0 0.508333 0 0.0222222 0
0 0.508333 0 0.0222222 0
0 0.508333 0 0.0222222 0
0 0.508333 0 0.0222222 0
0 0.508333 0 0.0222222 0
0 0.508333 0 0.0222222 0
0 0.508333 0 0.0222222 0
0 0.508333 0 0.0222222 0
0 0.508333 0 0.0222222 0
0 0.508333 0 0.0222222 0
0 0.508333 0 0.0222222 0
0 0.508333 0 0.0222222 0
0 0.508333 0 0.0222222 0
0 0.508333 0 0.0222222 0
0 0.508333 0 0.0222222 0
0 0.508333 0 0.0222222 0
0 0.508333 0 0.0222222 0
0 0.508333 0 0.0222222 0
0 0.508333 0 0.0222222 0
0 0.508333 0 0.0222222 0
0 0.508333 0 0.0222222 0
0 0.508333 0 0.0222222 0
0 0.508333 0 0.0222222 0
0 0.508333 0 0.0222222 0
0 0.508333 0 0.0222222 0
0 0.508333 0 0.0222222 0
0 0.508333 0 0.0222222 0
0 0.508333 0 0.0222222 0
0 0.508333 0 0.0222222 0
0 0.508333 0 0.0222222 0
0 0.508333 0 0.0222222 0
0 0.508333 0 0.0222222 0
0 0.508333 0 0.0222222 0
0 0.508333 0 0.0222222 0
0 0.508333 0 0.0222222 0
0 0.508333 0 0.0222222 0
0 0.508333 0 0.0222222 0
0 0.508333 0 0.0222222 0
0 0.508333 0 0.0222222 0
0 0.508333 0 0.0222222 0
0 0.508333 0 0.0222222 0
0 0.508333 0 0.0222222 0
0 0.508333 0 0.0222222 0
0 0.508333 0 0.0222222 0
0 0.508333 0 0.0222222 0
0 0.508333 0 0.0222222 0
0 0.508333 0 0.0222222 0
0 0.508333 0 0.0222222 0
0 0.508333 0 0.0222222 0
0 0.508333 0 0.0222222 0
0 0.508333 0 0.0222222 0
0 0.508333 0 0.0222222 0
0 0.508333 0 0.0222222 0
0 0.508333 0 0.0222222 0
0 0.508333 0 0.0222222 0
0 0.508333 0 0.0222222 0
0 0.508333 0 0.0222222 0
0 0.508333 0 0.0222222 0
0 0.508333 0 0.0222222 0
0 0.508333 0 0.0222222 0
0 0.508333 0 0.0222222 0
0 0.508333 0 0.0222222 0
0 0.508333 0 0.0222222 0
0 0.508333 0 0.0222222 0
0 0.508333 0 0.0222222 0
0 0.508333 0 0.0222222 0
0 0.508333 0 0.0222222 0
0 0.508333 0 0.0222222 0
0 0.508333 0 0.0222222 0
0 0.508333 0 0.0222222 0
0 0.508333 0 0.0222222 0
0 0.508333 0 0.0222222 0
0 0.508333 0 0.0222222 0
0 0.508333 0 0.0222222 0
0 0.508333 0 0.0222222 0
0 0.508333 0 0.0222222 0
0 0.508333 0 0.0222222 0
0 0.508333 0 0.0222222 0
0 0.508333 0 0.0222222 0
0 0.508333 0 0.0222222 0
0 0.508333 0 0.0222222 0
0 0.508333 0 0.0222222 0
0 0.508333 0 0.0222222 0
0 0.508333 0 0.0222222 0
0 0.508333 0 0.0222222 0
0 0.508333 0 0.0222222 0
0 0.508333 0 0.0222222 0
0 0.508333 0 0.0222222 0
0 0.508333 0 0.0222222 0
0 0.508333 0 0.0222222 0
0 0.508333 0 0.0222222 0
0 0.508333 0 0.0222222 0
0 0.508333 0 0.0222222 0
0 0.508333 0 0.0222222 0
0 0.508333 0 0.0222222 0
0 0.508333 0 0.0222222 0
0 0.508333 0 0.0222222 0
0 0.508333 0 0.0222222 0
0 0.508333 0 0.0222222 0
0 0.508333 0 0.0222222 0
0 0.508333 0 0.0222222 0
0 0.508333 0 0.0222222 0
0 0.508333 0 0.0222222 0
0 0.508333 0 0.0222222 0
