0 0.440278 1 0.0222222 0
0 0.440278 1 0.0222222 0
0 0.440278 1 0.0222222 0
0 0.440278 1 0.0222222 0
0 0.440278 1 0.0222222 0
0 0.440278 1 0.0222222 0
0 0.440278 1 0.0222222 0
0 0.440278 1 0.0222222 0
0 0.440278 1 0.0222222 0
0 0.440278 1 0.0222222 0
0 0.440278 1 0.0222222 0
0 0.440278 1 0.0222222 0
0 0.440278 1 0.0222222 0
0 0.440278 1 0.0222222 0
0 0.440278 1 0.0222222 0
0 0.440278 1 0.0222222 0
0 0.440278 1 0.0222222 0
0 0.440278 1 0.0222222 0
0 0.440278 1 0.0222222 0
0 0.440278 1 0.0222222 0
0 0.440278 1 0.0222222 0
0 0.440278 1 0.0222222 0
0 0.440278 1 0.0222222 0
0 0.440278 1 0.0222222 0
0 0.440278 1 0.0222222 0
0 0.440278 1 0.0222222 0
0 0.440278 1 0.0222222 0
0 0.440278 1 0.0222222 0
0 0.440278 1 0.0222222 0
0 0.440278 1 0.0222222 0
0 0.440278 1 0.0222222 0
0 0.440278 1 0.0222222 0
0 0.440278 1 0.0222222 0
0 0.440278 1 0.0222222 0
0 0.440278 1 0.0222222 0
0 0.440278 1 0.0222222 0
0 0.440278 1 0.0222222 0
0 0.440278 1 0.0222222 0
0 0.440278 1 0.0222222 0
0 0.440278 1 0.0222222 0
0 0.440278 1 0.0222222 0
0 0.440278 1 0.0222222 0
0 0.439583 1 0.0208333 0
0 0.439583 1 0.0208333 0
0 0.439583 1 0.0208333 0
0 0.439583 1 0.0208333 0
0 0.439583 1 0.0208333 0
0 0.439583 1 0.0208333 0
0 0.439583 1 0.0208333 0
0 0.438889 1 0.0222222 0
0 0.438194 1 0.0208333 0
0 0.438194 1 0.0208333 0
0 0.436806 1 0.0208333 0
0 0.435417 1 0.0208333 0
0 0.434028 1 0.0208333 0
0 0.432639 1 0.0208333 0
0 0.432639 1 0.0208333 0
0 0.432639 1 0.0208333 0
0 0.432639 1 0.0208333 0
0 0.430556 1 0.0222222 0
0 0.428472 1 0.0208333 0
0 0.427083 1 0.0208333 0
0 0.425694 1 0.0208333 0
0 0.425694 1 0.0208333 0
0 0.427083 1 0.0208333 0
0 0.427083 1 0.0208333 0
0 0.429167 1 0.0222222 0
0 0.432639 1 0.0208333 0
0 0.431944 1 0.0194444 0
0 0.432639 1 0.0208333 0
0 0.433333 0.5 0.0222222 1
0 0.434028 0.5 0.0208333 1
0 0.434722 0.5 0.0222222 1
0 0.436111 0 0.0222222 0
0 0.4375 0 0.0222222 0
0 0.438194 0 0.0208333 0
0 0.438194 0 0.0208333 0
0 0.439583 0 0.0208333 0
0 0.439583 0 0.0208333 0
0 0.440278 0 0.0222222 0
0 0.440278 0 0.0222222 0
0 0.440278 0 0.0222222 0
0 0.441667 0 0.0222222 0
0 0.441667 0 0.0222222 0
0 0.441667 0 0.0222222 0
0 0.443056 0 0.0222222 0
0 0.44375 0 0.0208333 0
0 0.445139 0 0.0208333 0
0 0.445833 0 0.0222222 0
0 0.447917 0 0.0208333 0
0 0.45 0 0.0194444 0
0 0.452083 0 0.0208333 0
0 0.454861 0 0.0208333 0
0 0.45625 0 0.0208333 0
0 0.458333 0 0.0222222 0
0 0.461111 0.5 0.0222222 1
0 0.464583 0.5 0.0208333 1
0 0.466667 0.5 0.0194444 1
0 0.474306 0.5 0.0291667 1
0 0.467361 0.5 0.0208333 1
0 0.48125 0.5 0.0347222 1
0 0.470833 0.5 0.0194444 1
0 0.471528 0.5 0.0152778 1
0 0.477083 0 0.0208333 0
0 0.472917 0 0.0208333 0
0 0.46875 0 0.0208333 0
0 0.464583 0 0.0208333 0
0 0.458333 0 0.0222222 0
0 0.454167 0 0.0222222 0
0 0.450694 0 0.0208333 0
0 0.445833 0 0.0222222 0
0 0.441667 0 0.0222222 0
0 0.441667 0 0.0222222 0
0 0.436806 0 0.0208333 0
0 0.431944 0 0.0222222 0
0 0.427083 0 0.0208333 0
0 0.422917 0 0.0236111 0
0 0.420139 0 0.0208333 0
0 0.420139 0 0.0208333 0
0 0.415278 0 0.0222222 0
0 0.414583 0 0.0208333 0
0 0.414583 0 0.0208333 0
0 0.413889 0 0.0222222 0
0 0.411806 0 0.0208333 0
0 0.410417 0 0.0236111 0
0 0.409028 0 0.0236111 0
0 0.406944 0 0.0222222 0
0 0.405556 0 0.0222222 0
0 0.404861 0 0.0236111 0
0 0.404861 0 0.0236111 0
0 0.404861 0 0.0236111 0
0 0.40625 0 0.0208333 0
0 0.406944 0 0.0222222 0
0 0.408333 0 0.0222222 0
0 0.409722 0 0.0222222 0
0 0.413889 0 0.0222222 0
0 0.417361 0.5 0.0236111 1
0 0.419444 0.5 0.0222222 1
0 0.419444 0.5 0.0222222 1
0 0.422917 0.5 0.0236111 1
0 0.427778 1 0.0222222 0
0 0.431944 1 0.0222222 0
0 0.434722 1 0.0222222 0
0 0.434722 1 0.0222222 0
0 0.438889 1 0.0222222 0
0 0.442361 1 0.0236111 0
0 0.446528 1 0.0236111 0
0 0.447917 1 0.0236111 0
0 0.447917 1 0.0236111 0
0 0.450694 1 0.0208333 0
0 0.452083 1 0.0236111 0
0 0.452778 1 0.0222222 0
0 0.453472 1 0.0236111 0
0 0.453472 1 0.0236111 0
0 0.452778 1 0.0222222 0
0 0.452778 1 0.0222222 0
0 0.452778 1 0.0222222 0
0 0.450694 1 0.0208333 0
0 0.447917 1 0.0236111 0
0 0.445139 1 0.0236111 0
0 0.442361 1 0.0236111 0
0 0.441667 1 0.025 0
0 0.440972 1 0.0236111 0
0 0.438889 1 0.0222222 0
0 0.4375 1 0.0222222 0
0 0.435417 1 0.0236111 0
0 0.434028 1 0.0236111 0
0 0.434028 1 0.0236111 0
0 0.432639 1 0.0236111 0
0 0.43125 1 0.0236111 0
0 0.43125 1 0.0236111 0
0 0.429167 1 0.025 0
0 0.429167 1 0.025 0
0 0.429167 1 0.025 0
0 0.429167 1 0.025 0
0 0.429861 1 0.0236111 0
0 0.429861 1 0.0236111 0
0 0.429861 1 0.0236111 0
0 0.43125 1 0.0236111 0
0 0.432639 1 0.0236111 0
0 0.433333 1 0.025 0
0 0.434028 1 0.0236111 0
0 0.434028 1 0.0236111 0
0 0.434722 1 0.025 0
0 0.436111 1 0.025 0
0 0.438889 1 0.025 0
0 0.440972 1 0.0263889 0
0 0.442361 1 0.0263889 0
0 0.445139 1 0.0263889 0
0 0.447917 1 0.0263889 0
0 0.450694 1 0.0236111 0
0 0.450694 1 0.0236111 0
0 0.452778 1 0.025 0
0 0.45625 1 0.0236111 0
0 0.459722 1 0.025 0
0 0.463889 1 0.025 0
0 0.463889 1 0.025 0
0 0.465278 1 0.025 0
0 0.467361 1 0.0263889 0
0 0.46875 1 0.0236111 0
0 0.470833 1 0.025 0
0 0.470833 1 0.025 0
0 0.472222 1 0.025 0
0 0.472222 1 0.025 0
0 0.472222 1 0.025 0
0 0.472222 1 0.025 0
0 0.470833 1 0.025 0
0 0.469444 1 0.025 0
0 0.46875 1 0.0263889 0
0 0.467361 1 0.0263889 0
0 0.467361 1 0.0263889 0
0 0.464583 1 0.0263889 0
0 0.461806 0.5 0.0263889 1
0 0.460417 0.5 0.0263889 1
0 0.457639 0.5 0.0263889 1
0 0.45625 0.5 0.0263889 1
0 0.454167 0 0.0277778 0
0 0.451389 0 0.0277778 0
0 0.449306 0 0.0263889 0
0 0.447917 0 0.0263889 0
0 0.447917 0 0.0263889 0
0 0.426389 0 0.0916667 0
0 0.44375 0 0.0263889 0
0 0.426389 0 0.0916667 0
0 0.44375 0 0.0263889 0
0 0.422917 0 0.0958333 0
0 0.439583 0 0.0263889 0
0 0.420833 0 0.0944444 0
0 0.436111 0 0.0277778 0
0 0.434028 0 0.0263889 0
0 0.43125 0 0.0263889 0
0 0.429167 0 0.0277778 0
0 0.427083 0 0.0291667 0
0 0.425694 0 0.0263889 0
0 0.401389 0 0.0916667 0
0 0.422917 0 0.0263889 0
0 0.421528 0 0.0263889 0
0 0.420139 0 0.0263889 0
0 0.420139 0 0.0263889 0
0 0.420139 0 0.0263889 0
0 0.420139 0 0.0291667 0
0 0.420833 0 0.0277778 0
0 0.422222 0 0.0277778 0
0 0.424306 0 0.0291667 0
0 0.427083 0 0.0291667 0
0 0.427083 0 0.0291667 0
0 0.429861 0 0.0291667 0
0 0.432639 0.5 0.0263889 1
0 0.436111 0.5 0.0277778 1
0 0.440278 0.5 0.0277778 1
0 0.441667 0.5 0.0277778 1
0 0.444444 0.5 0.0277778 1
0 0.448611 0.5 0.0277778 1
0 0.452083 0.5 0.0291667 1
0 0.454861 0.5 0.0291667 1
0 0.455556 0.5 0.0277778 1
0 0.459028 0.5 0.0263889 1
0 0.459028 0.5 0.0263889 1
0 0.461111 0.5 0.0277778 1
0 0.4625 1 0.0277778 0
0 0.465278 1 0.0277778 0
0 0.466667 1 0.0277778 0
0 0.46875 1 0.0263889 0
0 0.470139 1 0.0263889 0
0 0.470833 1 0.0277778 0
0 0.470833 1 0.0277778 0
0 0.472222 1 0.0277778 0
0 0.472222 1 0.0277778 0
0 0.472222 1 0.0277778 0
0 0.473611 1 0.0277778 0
0 0.473611 1 0.0277778 0
0 0.473611 1 0.0277778 0
0 0.473611 1 0.0277778 0
0 0.472917 1 0.0263889 0
0 0.471528 1 0.0263889 0
0 0.470139 1 0.0263889 0
0 0.470139 0.5 0.0263889 1
0 0.486111 0.5 0.0472222 1
0 0.468056 0.5 0.0277778 1
0 0.480556 0.5 0.0444444 1
0 0.467361 0.5 0.0263889 1
0 0.466667 0.5 0.0277778 1
0 0.465278 0.5 0.0277778 1
0 0.465278 0.5 0.0277778 1
0 0.476389 0.5 0.0444444 1
0 0.463194 0.5 0.0291667 1
0 0.484722 0.5 0.0472222 1
0 0.461806 0.5 0.0291667 1
0 0.460417 0.5 0.0291667 1
0 0.418056 0 0.105556 0
0 0.459722 0.5 0.0305556 1
0 0.459028 0.5 0.0291667 1
0 0.459028 0.5 0.0291667 1
0 0.415972 0 0.106944 0
0 0.459028 0.5 0.0291667 1
0 0.459028 0.5 0.0291667 1
0 0.415972 0 0.106944 0
0 0.459722 0.5 0.0305556 1
0 0.459722 0.5 0.0305556 1
0 0.417361 0 0.106944 0
0 0.460417 0.5 0.0291667 1
0 0.417361 0 0.106944 0
0 0.460417 0.5 0.0291667 1
0 0.461111 0.5 0.0305556 1
0 0.461111 0.5 0.0305556 1
0 0.485417 0.5 0.0486111 1
0 0.4625 0.5 0.0305556 1
0 0.478472 0.5 0.0458333 1
0 0.4625 0.5 0.0305556 1
0 0.4625 0.5 0.0305556 1
0 0.427083 0 0.104167 0
0 0.463889 0.5 0.0333333 1
0 0.464583 0.5 0.0319444 1
0 0.464583 0.5 0.0319444 1
0 0.464583 0.5 0.0319444 1
0 0.465278 0.5 0.0305556 1
0 0.465972 0.5 0.0319444 1
0 0.465972 0.5 0.0319444 1
0 0.465278 0.5 0.0305556 1
0 0.465278 0.5 0.0305556 1
0 0.465972 0.5 0.0319444 1
0 0.440972 0 0.104167 0
0 0.465972 0.5 0.0319444 1
0 0.465972 0.5 0.0319444 1
0 0.465972 0.5 0.0319444 1
0 0.464583 0.5 0.0319444 1
0 0.445833 0 0.102778 0
0 0.465972 0.5 0.0319444 1
0 0.465972 0.5 0.0319444 1
0 0.465972 0.5 0.0319444 1
0 0.465972 0.5 0.0319444 1
0 0.466667 0.5 0.0305556 1
0 0.466667 0.5 0.0305556 1
0 0.345139 0 0.0125 0
0 0.474306 0 0.0375 0
0 0.466667 0.5 0.0305556 1
0 0.467361 0.5 0.0319444 1
0 0.468056 0.5 0.0305556 1
0 0.480556 0.5 0.0555556 1
0 0.468056 0.5 0.0305556 1
0 0.469444 0.5 0.0305556 1
0 0.484722 0.5 0.0611111 1
0 0.471528 0.5 0.0319444 1
0 0.4875 0.5 0.0638889 1
0 0.472222 0.5 0.0333333 1
0 0.488194 0.5 0.0652778 1
0 0.473611 0.5 0.0333333 1
0 0.474306 0.5 0.0319444 1
0 0.483333 0.5 0.0583333 1
0 0.474306 0.5 0.0347222 1
0 0.484028 0.5 0.0597222 1
0 0.475 0.5 0.0333333 1
0 0.483333 0.5 0.0583333 1
0 0.475 0.5 0.0333333 1
0 0.483333 0.5 0.0583333 1
0 0.484722 0.5 0.0583333 1
0 0.490278 0.5 0.0638889 1
0 0.477083 0.5 0.0347222 1
0 0.490278 0.5 0.0638889 1
0 0.477778 0.5 0.0361111 1
0 0.484028 0.5 0.0569444 1
0 0.489583 0.5 0.0625 1
0 0.477083 1 0.0347222 0
0 0.490972 0.5 0.0652778 1
0 0.477778 1 0.0361111 0
0 0.490278 0.5 0.0638889 1
0 0.477778 1 0.0361111 0
0 0.2625 0 0.0638889 0
0 0.475 0 0.0361111 0
0 0.490972 0.5 0.0652778 1
0 0.477778 1 0.0361111 0
0 0.490972 0.5 0.0625 1
0 0.478472 1 0.0347222 0
0 0.491667 0.5 0.0638889 1
0 0.478472 1 0.0375 0
0 0.491667 0.5 0.0611111 1
0 0.479167 1 0.0333333 0
0 0.492361 0.5 0.0625 1
0 0.479861 1 0.0347222 0
0 0.339583 0 0.0152778 0
0 0.49375 0.5 0.0625 1
0 0.479861 1 0.0319444 0
0 0.494444 0.5 0.0638889 1
0 0.479861 1 0.0319444 0
0 0.494444 0.5 0.0638889 1
0 0.479861 1 0.0319444 0
0 0.494444 0.5 0.0638889 1
0 0.480556 1 0.0333333 0
0 0.488194 0.5 0.0541667 1
0 0.481944 1 0.0333333 0
0 0.490278 0.5 0.0555556 1
0 0.489583 0.5 0.0541667 1
0 0.481944 1 0.0333333 0
0 0.490278 0.5 0.0555556 1
0 0.483333 1 0.0333333 0
0 0.538194 0 0.0125 0
0 0.493056 0.5 0.0583333 1
0 0.493056 0.5 0.0583333 1
0 0.49375 0.5 0.0597222 1
0 0.494444 0.5 0.0611111 1
0 0.494444 0.5 0.0611111 1
0 0.497222 0.5 0.0666667 1
0 0.497222 0.5 0.0666667 1
0 0.497917 0.5 0.0652778 1
0 0.497917 0.5 0.0652778 1
0 0.497222 0.5 0.0666667 1
0 0.497222 0.5 0.0666667 1
0 0.497222 0.5 0.0666667 1
0 0.497222 0.5 0.0666667 1
0 0.496528 0.5 0.0680556 1
0 0.495139 0.5 0.0680556 1
0 0.494444 0.5 0.0694444 1
0 0.340972 0 0.0152778 0
0 0.492361 0.5 0.0680556 1
0 0.488889 0.5 0.0666667 1
0 0.488889 0.5 0.0666667 1
0 0.486111 0.5 0.0638889 1
0 0.477083 0 0.0402778 0
0 0.482639 0.5 0.0625 1
0 0.478472 0.5 0.0569444 1
0 0.477778 0 0.0416667 0
0 0.472917 0.5 0.0402778 1
0 0.472222 0.5 0.0416667 1
0 0.470139 0.5 0.0430556 1
0 0.467361 0.5 0.0430556 1
0 0.539583 0 0.0125 0
0 0.466667 0.5 0.0444444 1
0 0.464583 0.5 0.0430556 1
0 0.464583 0.5 0.0458333 1
0 0.4625 0.5 0.0472222 1
0 0.4625 0.5 0.0472222 1
0 0.460417 0.5 0.0513889 1
0 0.459028 0.5 0.0458333 1
0 0.531944 0 0.0138889 0
0 0.457639 0.5 0.0458333 1
0 0.529861 0 0.0125 0
0 0.455556 0.5 0.0472222 1
0 0.454167 0.5 0.0472222 1
0 0.454167 0.5 0.0472222 1
0 0.452778 0.5 0.0472222 1
0 0.452083 0.5 0.0486111 1
0 0.450694 0.5 0.0486111 1
0 0.449306 0.5 0.0486111 1
0 0.525694 0 0.0125 0
0 0.448611 0.5 0.0527778 1
0 0.525694 0 0.0125 0
0 0.446528 0.5 0.0513889 1
0 0.446528 0.5 0.0513889 1
0 0.445833 0.5 0.0527778 1
0 0.445833 0.5 0.0527778 1
0 0.445833 0.5 0.0527778 1
0 0.445833 0.5 0.0527778 1
0 0.531944 0 0.0138889 0
0 0.445833 0.5 0.05 1
0 0.531944 0 0.0138889 0
0 0.990972 1 0.0180556 0
0 0.446528 0.5 0.0513889 1
0 0.445833 0.5 0.0527778 1
0 0.446528 0.5 0.0541667 1
0 0.446528 0.5 0.0541667 1
0 0.447222 0.5 0.0555556 1
0 0.446528 0.5 0.0541667 1
0 0.446528 0.5 0.0541667 1
0 0.447222 0.5 0.0527778 1
0 0.447222 0.5 0.0527778 1
0 0.447222 0.5 0.0527778 1
0 0.446528 0.5 0.0541667 1
0 0.445833 0.5 0.0527778 1
0 0.538889 0 0.0138889 0
0 0.445833 0.5 0.0527778 1
0 0.444444 0.5 0.0527778 1
0 0.444444 0.5 0.0527778 1
0 0.44375 0.5 0.0541667 1
0 0.536806 0 0.0152778 0
0 0.443056 0.5 0.0527778 1
0 0.441667 0.5 0.0555556 1
0 0.441667 0.5 0.0555556 1
0 0.441667 0.5 0.0555556 1
0 0.440972 0.5 0.0569444 1
0 0.440972 0.5 0.0569444 1
0 0.440278 0.5 0.0583333 1
0 0.532639 0 0.0152778 0
0 0.439583 0.5 0.0569444 1
0 0.438194 0.5 0.0569444 1
0 0.4375 0.5 0.0583333 1
0 0.4375 0.5 0.0583333 1
0 0.436806 0.5 0.0597222 1
0 0.529167 0 0.0138889 0
0 0.435417 0.5 0.0597222 1
0 0.434722 0.5 0.0583333 1
0 0.434722 0.5 0.0583333 1
0 0.434028 0.5 0.0569444 1
0 0.529167 0 0.0138889 0
0 0.434028 0.5 0.0569444 1
0 0.433333 0.5 0.0583333 1
0 0.433333 0.5 0.0583333 1
0 0.434028 0.5 0.0597222 1
0 0.434028 0.5 0.0597222 1
0 0.534028 0 0.0152778 0
0 0.434028 0.5 0.0597222 1
0 0.434028 0.5 0.0625 1
0 0.433333 0.5 0.0611111 1
0 0.433333 0.5 0.0611111 1
0 0.433333 0.5 0.0611111 1
0 0.433333 0.5 0.0611111 1
0 0.432639 0.5 0.0625 1
0 0.43125 0.5 0.0625 1
0 0.43125 0.5 0.0625 1
0 0.429861 0.5 0.0625 1
0 0.429167 0.5 0.0611111 1
0 0.429167 0.5 0.0611111 1
0 0.428472 0.5 0.0625 1
0 0.427778 0.5 0.0638889 1
0 0.426389 0.5 0.0638889 1
0 0.425694 0.5 0.0652778 1
0 0.547222 0 0.0138889 0
0 0.425 0.5 0.0638889 1
0 0.423611 0.5 0.0638889 1
0 0.546528 0 0.0152778 0
0 0.421528 0.5 0.0652778 1
0 0.419444 0.5 0.0666667 1
0 0.54375 0 0.0152778 0
0 0.416667 0.5 0.0666667 1
0 0.304167 0 0.0194444 0
0 0.415278 0.5 0.0666667 1
0 0.304167 0 0.0194444 0
0 0.415278 0.5 0.0666667 1
0 0.413194 0.5 0.0652778 1
0 0.413194 0.5 0.0652778 1
0 0.413194 0.5 0.0652778 1
0 0.411111 0.5 0.0666667 1
0 0.296528 0 0.0180556 0
0 0.409722 0.5 0.0666667 1
0 0.536111 0 0.0166667 0
0 0.408333 0.5 0.0694444 1
0 0.406944 0.5 0.0694444 1
0 0.405556 0.5 0.0694444 1
0 0.405556 0.5 0.0694444 1
0 0.405556 0.5 0.0694444 1
0 0.53125 0 0.0152778 0
0 0.404167 0.5 0.0694444 1
0 0.53125 0 0.0152778 0
0 0.404167 0.5 0.0694444 1
0 0.404167 0.5 0.0694444 1
0 0.404167 0.5 0.0694444 1
0 0.404167 0.5 0.0694444 1
0 0.404861 0.5 0.0708333 1
0 0.527083 0 0.0152778 0
0 0.405556 0.5 0.0694444 1
0 0.527083 0 0.0152778 0
0 0.40625 0.5 0.0708333 1
0 0.527083 0 0.0152778 0
0 0.408333 0.5 0.0722222 1
0 0.527083 0 0.0152778 0
0 0.408333 0.5 0.0722222 1
0 0.527778 0 0.0138889 0
0 0.409028 0.5 0.0708333 1
0 0.528472 0 0.0152778 0
0 0.4125 0.5 0.0833333 1
0 0.529167 0 0.0166667 0
0 0.415278 0.5 0.0694444 1
0 0.529861 0 0.0152778 0
0 0.417361 0.5 0.0708333 1
0 0.420139 0.5 0.0708333 1
0 0.534028 0 0.0180556 0
0 0.421528 0.5 0.0708333 1
0 0.534028 0 0.0180556 0
0 0.422917 0.5 0.0708333 1
0 0.534028 0 0.0152778 0
0 0.425 0.5 0.0722222 1
0 0.534722 0 0.0166667 0
0 0.426389 0.5 0.0722222 1
0 0.535417 0 0.0180556 0
0 0.427778 0.5 0.0722222 1
0 0.429861 0.5 0.0736111 1
0 0.536806 0 0.0152778 0
0 0.430556 0.5 0.075 1
0 0.5375 0 0.0138889 0
0 0.43125 0.5 0.0736111 1
0 0.536806 0 0.0152778 0
0 0.431944 0.5 0.075 1
0 0.536806 0 0.0152778 0
0 0.431944 0.5 0.075 1
0 0.5375 0 0.0166667 0
0 0.434028 0.5 0.0736111 1
0 0.538194 0 0.0125 0
0 0.433333 0.5 0.075 1
0 0.5375 0 0.0138889 0
0 0.433333 0.5 0.075 1
0 0.5375 0 0.0138889 0
0 0.433333 0.5 0.075 1
0 0.536806 0 0.0152778 0
0 0.433333 0.5 0.075 1
0 0.536111 0 0.0138889 0
0 0.431944 0.5 0.075 1
0 0.536806 0 0.0152778 0
0 0.430556 0.5 0.075 1
0 0.459722 0 0.0527778 0
0 0.429167 0.5 0.075 1
0 0.534722 0 0.0138889 0
0 0.427778 0.5 0.075 1
0 0.425694 0.5 0.0763889 1
0 0.423611 0.5 0.075 1
0 0.422222 0.5 0.075 1
0 0.529861 0 0.0152778 0
0 0.422222 0.5 0.075 1
0 0.419444 0.5 0.075 1
0 0.416667 0.5 0.075 1
0 0.525694 0 0.0152778 0
0 0.414583 0.5 0.0763889 1
0 0.524306 0 0.0152778 0
0 0.411806 0.5 0.0763889 1
0 0.523611 0 0.0166667 0
0 0.409028 0.5 0.0763889 1
0 0.522222 0 0.0166667 0
0 0.407639 0.5 0.0763889 1
0 0.522222 0 0.0166667 0
0 0.405556 0.5 0.0777778 1
0 0.520833 0 0.0166667 0
0 0.403472 0 0.0763889 0
0 0.402083 0 0.0763889 0
0 0.4 0 0.0805556 0
0 0.399306 0 0.0791667 0
0 0.399306 0 0.0791667 0
0 0.271528 0 0.0208333 0
0 0.520833 0 0.0166667 0
0 0.397222 0 0.0777778 0
0 0.395833 0 0.0777778 0
0 0.522222 0 0.0166667 0
0 0.394444 0 0.0777778 0
0 0.521528 0 0.0152778 0
0 0.391667 0 0.0777778 0
0 0.522222 0 0.0138889 0
0 0.390972 0 0.0791667 0
0 0.389583 0 0.0791667 0
0 0.388194 0 0.0791667 0
0 0.388194 0 0.0791667 0
0 0.388194 0 0.0791667 0
0 0.525 0 0.0166667 0
0 0.386806 0 0.0791667 0
0 0.526389 0 0.0166667 0
0 0.386111 0 0.0777778 0
0 0.527083 0 0.0152778 0
0 0.385417 0 0.0791667 0
0 0.528472 0 0.0152778 0
0 0.384722 0 0.0777778 0
0 0.277083 0 0.0180556 0
0 0.384028 0 0.0791667 0
0 0.529167 0 0.0166667 0
0 0.383333 0 0.0805556 0
0 0.383333 0 0.0805556 0
0 0.529167 0 0.0166667 0
0 0.382639 0 0.0791667 0
0 0.529167 0 0.0166667 0
0 0.382639 0 0.0791667 0
0 0.529167 0 0.0166667 0
0 0.381944 0 0.0777778 0
0 0.529167 0 0.0166667 0
0 0.379861 0 0.0791667 0
0 0.528472 0 0.0152778 0
0 0.379167 0 0.0777778 0
0 0.378472 0 0.0791667 0
0 0.379167 0 0.0805556 0
0 0.378472 0 0.0791667 0
0 0.276389 0 0.0194444 0
0 0.377778 0 0.0777778 0
0 0.378472 0 0.0791667 0
0 0.526389 0 0.0138889 0
0 0.377778 0.5 0.0777778 1
0 0.525694 0 0.0152778 0
0 0.377778 0.5 0.075 1
0 0.525694 0 0.0152778 0
0 0.377778 0.5 0.075 1
0 0.525 0 0.0138889 0
0 0.377778 0.5 0.075 1
0 0.524306 0 0.0152778 0
0 0.378472 0.5 0.0763889 1
0 0.524306 0 0.0152778 0
0 0.379167 0.5 0.0722222 1
0 0.524306 0 0.0180556 0
0 0.379167 0.5 0.0722222 1
0 0.523611 0 0.0166667 0
0 0.379861 0.5 0.0763889 1
0 0.38125 0.5 0.0736111 1
0 0.38125 0.5 0.0736111 1
0 0.523611 0 0.0166667 0
0 0.382639 0.5 0.0708333 1
0 0.523611 0 0.0166667 0
0 0.384028 0.5 0.0708333 1
0 0.386806 0.5 0.0652778 1
0 0.388194 0.5 0.0680556 1
0 0.525 0 0.0138889 0
0 0.389583 0.5 0.0652778 1
0 0.525694 0 0.0152778 0
0 0.390972 0.5 0.0680556 1
0 0.525694 0 0.0152778 0
0 0.390972 0.5 0.0680556 1
0 0.525694 0 0.0152778 0
0 0.390972 0.5 0.0680556 1
0 0.526389 0 0.0138889 0
0 0.392361 0.5 0.0680556 1
0 0.528472 0 0.0152778 0
0 0.395139 0.5 0.0652778 1
0 0.529167 0 0.0138889 0
0 0.395833 0.5 0.0666667 1
0 0.528472 0 0.0152778 0
0 0.396528 0.5 0.0680556 1
0 0.396528 0.5 0.0680556 1
0 0.397222 0.5 0.0666667 1
0 0.53125 0 0.0152778 0
0 0.397222 0.5 0.0666667 1
0 0.53125 0 0.0152778 0
0 0.397917 0.5 0.0652778 1
0 0.531944 0 0.0138889 0
0 0.397917 0.5 0.0680556 1
0 0.533333 0 0.0138889 0
0 0.397917 0.5 0.0680556 1
0 0.398611 0.5 0.0694444 1
0 0.534722 0 0.0166667 0
0 0.398611 0.5 0.0694444 1
0 0.284028 0 0.0208333 0
0 0.398611 0.5 0.0722222 1
0 0.397917 0.5 0.0736111 1
0 0.397917 0.5 0.0736111 1
0 0.534722 0 0.0166667 0
0 0.284028 0 0.0180556 0
0 0.397222 0.5 0.0722222 1
0 0.535417 0 0.0152778 0
0 0.395833 0.5 0.075 1
0 0.535417 0 0.0180556 0
0 0.396528 0.5 0.0763889 1
0 0.535417 0 0.0180556 0
0 0.395833 0.5 0.075 1
0 0.536111 0 0.0166667 0
0 0.394444 0.5 0.0777778 1
0 0.536111 0 0.0166667 0
0 0.393056 0.5 0.0777778 1
0 0.536111 0 0.0166667 0
0 0.39375 0.5 0.0763889 1
0 0.535417 0 0.0152778 0
0 0.392361 0.5 0.0791667 1
0 0.535417 0 0.0152778 0
0 0.389583 0.5 0.0791667 1
0 0.534722 0 0.0138889 0
0 0.388889 0.5 0.0805556 1
0 0.534722 0 0.0138889 0
0 0.388889 0.5 0.0805556 1
0 0.534028 0 0.0152778 0
0 0.3875 0.5 0.0805556 1
0 0.532639 0 0.0152778 0
0 0.386111 0.5 0.0805556 1
0 0.532639 0 0.0180556 0
0 0.278472 0 0.0208333 0
0 0.384722 0.5 0.0833333 1
0 0.381944 0.5 0.0833333 1
0 0.529861 0 0.0180556 0
0 0.380556 0.5 0.0805556 1
0 0.53125 0 0.0180556 0
0 0.378472 0.5 0.0791667 1
0 0.527778 0 0.0166667 0
0 0.377083 0.5 0.0819444 1
0 0.529167 0 0.0166667 0
0 0.377083 0.5 0.0819444 1
0 0.529167 0 0.0166667 0
0 0.377083 0.5 0.0819444 1
0 0.527083 0 0.0152778 0
0 0.375694 0.5 0.0847222 1
0 0.527778 0 0.0138889 0
0 0.375 0.5 0.0861111 1
0 0.373611 0.5 0.0861111 1
0 0.527083 0 0.0152778 0
0 0.373611 0 0.0861111 0
0 0.271528 0 0.0208333 0
0 0.372222 0 0.0861111 0
0 0.527778 0 0.0138889 0
0 0.372222 0 0.0861111 0
0 0.528472 0 0.0152778 0
0 0.371528 0 0.0875 0
0 0.527778 0 0.0138889 0
0 0.370833 0 0.0888889 0
0 0.528472 0 0.0152778 0
0 0.370833 0 0.0888889 0
0 0.528472 0 0.0152778 0
0 0.370833 0 0.0888889 0
0 0.529167 0 0.0166667 0
0 0.370833 0 0.0888889 0
0 0.529167 0 0.0166667 0
0 0.369444 0 0.0888889 0
0 0.529167 0 0.0166667 0
0 0.369444 0 0.0888889 0
0 0.529167 0 0.0166667 0
0 0.369444 0 0.0861111 0
0 0.368056 0 0.0861111 0
0 0.366667 0 0.0861111 0
0 0.366667 0 0.0861111 0
0 0.365278 0 0.0861111 0
0 0.365972 0 0.0875 0
0 0.365972 0 0.0875 0
0 0.529861 0 0.0180556 0
0 0.365278 0 0.0888889 0
0 0.529861 0 0.0180556 0
0 0.365278 0 0.0888889 0
0 0.529861 0 0.0180556 0
0 0.365278 0 0.0888889 0
0 0.529861 0 0.0180556 0
0 0.365278 0 0.0888889 0
0 0.529861 0 0.0180556 0
0 0.365278 0 0.0888889 0
0 0.364583 0 0.0902778 0
0 0.365278 0 0.0888889 0
0 0.530556 0 0.0166667 0
0 0.365278 0 0.0888889 0
0 0.365278 0 0.0888889 0
0 0.530556 0 0.0166667 0
0 0.365972 0 0.0902778 0
0 0.532639 0 0.0180556 0
0 0.367361 0 0.0902778 0
0 0.531944 0 0.0166667 0
0 0.36875 0 0.0902778 0
0 0.532639 0 0.0180556 0
0 0.36875 0 0.0930556 0
0 0.532639 0 0.0180556 0
0 0.36875 0 0.0930556 0
0 0.533333 0 0.0166667 0
0 0.370139 0 0.0930556 0
0 0.533333 0 0.0166667 0
0 0.372222 0 0.0944444 0
0 0.534028 0 0.0152778 0
0 0.373611 0 0.0944444 0
0 0.534722 0 0.0166667 0
0 0.375 0 0.0944444 0
0 0.375 0 0.0944444 0
0 0.534722 0 0.0166667 0
0 0.377778 0 0.0916667 0
0 0.536111 0 0.0166667 0
0 0.379167 0 0.0916667 0
0 0.536111 0 0.0166667 0
0 0.379861 0 0.0958333 0
0 0.5375 0 0.0166667 0
0 0.381944 0 0.0972222 0
0 0.5375 0 0.0166667 0
0 0.381944 0 0.0972222 0
0 0.538194 0 0.0152778 0
0 0.384722 0 0.0944444 0
0 0.538889 0 0.0138889 0
0 0.386111 0 0.0944444 0
0 0.539583 0 0.0152778 0
0 0.388194 0.5 0.0958333 1
0 0.540972 0 0.0152778 0
0 0.389583 0 0.0958333 0
0 0.390972 0 0.0958333 0
0 0.542361 0 0.0152778 0
0 0.394444 0 0.0972222 0
0 0.543056 0 0.0166667 0
0 0.395139 0 0.0986111 0
0 0.54375 0 0.0152778 0
0 0.397917 0.5 0.0958333 1
0 0.4 0.5 0.0972222 1
0 0.401389 0.5 0.0972222 1
0 0.403472 0.5 0.0958333 1
0 0.545833 0 0.0166667 0
0 0.406944 0.5 0.1 1
0 0.545833 0 0.0166667 0
0 0.406944 0.5 0.1 1
0 0.546528 0 0.0152778 0
0 0.409722 0.5 0.1 1
0 0.547222 0 0.0166667 0
0 0.411806 0.5 0.0986111 1
0 0.547222 0 0.0166667 0
0 0.4125 0.5 0.1 1
0 0.547917 0 0.0180556 0
0 0.413889 0.5 0.1 1
0 0.417361 0.5 0.0958333 1
0 0.41875 0.5 0.101389 1
0 0.420833 0.5 0.1 1
0 0.422222 0.5 0.1 1
0 0.548611 0 0.0166667 0
0 0.423611 0.5 0.1 1
0 0.548611 0 0.0166667 0
0 0.423611 0.5 0.1 1
0 0.548611 0 0.0166667 0
0 0.424306 0.5 0.0986111 1
0 0.548611 0 0.0166667 0
0 0.425 0.5 0.1 1
0 0.55 0 0.0166667 0
0 0.426389 0 0.1 0
0 0.2875 0 0.0194444 0
0 0.427083 0 0.101389 0
0 0.550694 0 0.0180556 0
0 0.429861 0 0.101389 0
0 0.288194 0 0.0208333 0
0 0.551389 0 0.0138889 0
0 0.431944 0 0.102778 0
0 0.550694 0 0.0152778 0
0 0.434028 0 0.101389 0
0 0.551389 0 0.0138889 0
0 0.288889 0 0.0194444 0
0 0.435417 0 0.101389 0
0 0.288889 0 0.0194444 0
0 0.552083 0 0.0152778 0
0 0.4375 0 0.1 0
0 0.552083 0 0.0152778 0
0 0.436806 0 0.101389 0
0 0.552778 0 0.0138889 0
0 0.438194 0 0.101389 0
0 0.552778 0 0.0138889 0
0 0.438194 0 0.101389 0
0 0.442361 0 0.0986111 0
0 0.553472 0 0.0152778 0
0 0.290972 0 0.0208333 0
0 0.445139 0 0.101389 0
0 0.447222 0 0.1 0
0 0.291667 0 0.0194444 0
0 0.45 0 0.1 0
0 0.455556 0 0.102778 0
0 0.456944 0 0.102778 0
0 0.456944 0 0.102778 0
0 0.458333 0 0.102778 0
0 0.4625 0 0.102778 0
0 0.558333 0 0.0194444 0
0 0.463194 0 0.101389 0
0 0.557639 0 0.0180556 0
0 0.46875 0 0.101389 0
0 0.472917 0 0.101389 0
0 0.558333 0 0.0194444 0
0 0.477778 0 0.1 0
0 0.483333 0 0.1 0
0 0.484722 0 0.102778 0
0 0.484722 0 0.102778 0
0 0.559722 0 0.0166667 0
0 0.486806 0 0.101389 0
0 0.493056 0 0.102778 0
0 0.561806 0 0.0180556 0
0 0.497222 0 0.0972222 0
0 0.297222 0 0.0194444 0
0 0.501389 0 0.1 0
0 0.506944 0 0.1 0
0 0.511111 0 0.1 0
0 0.511111 0 0.1 0
0 0.299306 0 0.0208333 0
0 0.515278 0 0.1 0
0 0.51875 0 0.101389 0
0 0.521528 0 0.101389 0
0 0.525 0 0.1 0
0 0.527778 0 0.0972222 0
0 0.534028 0 0.101389 0
0 0.5375 0 0.1 0
0 0.301389 0 0.0194444 0
0 0.561111 0 0.0166667 0
0 0.542361 0 0.101389 0
0 0.561806 0 0.0152778 0
0 0.545139 0 0.101389 0
0 0.300694 0 0.0208333 0
0 0.561806 0 0.0152778 0
0 0.548611 0 0.1 0
0 0.561806 0 0.0180556 0
0 0.552083 0 0.0986111 0
0 0.561806 0 0.0180556 0
0 0.552083 0 0.0986111 0
0 0.55625 0 0.101389 0
0 0.302778 0 0.0194444 0
0 0.561806 0 0.0152778 0
0 0.561806 0 0.0986111 0
0 0.567361 0 0.0986111 0
0 0.563194 0 0.0152778 0
0 0.568056 0 0.1 0
0 0.442361 0 0.0569444 0
0 0.572222 0 0.1 0
0 0.563889 0 0.0138889 0
0 0.444444 0 0.0555556 0
0 0.573611 0 0.0972222 0
0 0.563889 0 0.0138889 0
0 0.444444 0 0.0555556 0
0 0.573611 0 0.0972222 0
0 0.443056 0 0.0583333 0
0 0.575694 0 0.0986111 0
0 0.445139 0 0.0569444 0
0 0.578472 0 0.104167 0
0 0.44375 0 0.0652778 0
0 0.564583 0 0.0152778 0
0 0.580556 0 0.102778 0
0 0.443056 0 0.0611111 0
0 0.582639 0 0.104167 0
0 0.565972 0 0.0152778 0
0 0.44375 0 0.0625 0
0 0.585417 0 0.0986111 0
0 0.565972 0 0.0152778 0
0 0.444444 0 0.0583333 0
0 0.586806 0 0.0986111 0
0 0.444444 0 0.0583333 0
0 0.5875 0 0.102778 0
0 0.565972 0 0.0152778 0
0 0.445139 0 0.0597222 0
0 0.588194 0 0.101389 0
0 0.444444 0 0.0611111 0
0 0.590278 0 0.102778 0
0 0.444444 0 0.0611111 0
0 0.589583 0 0.104167 0
0 0.568056 0 0.0166667 0
0 0.445833 0 0.0583333 0
0 0.592361 0 0.101389 0
0 0.445139 0 0.0569444 0
0 0.56875 0 0.0152778 0
0 0.594444 0 0.102778 0
0 0.445833 0 0.0555556 0
0 0.594444 0 0.102778 0
0 0.445833 0 0.0555556 0
0 0.594444 0 0.102778 0
0 0.569444 0 0.0166667 0
0 0.445139 0 0.0569444 0
0 0.596528 0 0.0958333 0
0 0.444444 0 0.0555556 0
0 0.597917 0 0.0958333 0
0 0.444444 0 0.0555556 0
0 0.570139 0 0.0152778 0
0 0.597917 0 0.101389 0
0 0.44375 0 0.0597222 0
0 0.598611 0 0.1 0
0 0.44375 0 0.0569444 0
0 0.599306 0 0.101389 0
0 0.570833 0 0.0166667 0
0 0.599306 0 0.101389 0
0 0.570833 0 0.0166667 0
0 0.444444 0 0.0583333 0
0 0.600694 0 0.101389 0
0 0.445833 0 0.0555556 0
0 0.603472 0 0.0986111 0
0 0.309028 0 0.0208333 0
0 0.571528 0 0.0152778 0
0 0.447222 0 0.0611111 0
0 0.602778 0 0.0972222 0
0 0.309028 0 0.0208333 0
0 0.571528 0 0.0152778 0
0 0.447222 0 0.0611111 0
0 0.602778 0 0.0972222 0
0 0.571528 0 0.0152778 0
0 0.446528 0 0.0597222 0
0 0.604167 0 0.102778 0
0 0.571528 0 0.0152778 0
0 0.447222 0 0.0583333 0
0 0.604861 0 0.101389 0
0 0.447222 0 0.0638889 0
0 0.604861 0 0.101389 0
0 0.447222 0 0.0638889 0
0 0.60625 0 0.0958333 0
0 0.4125 0 0.0416667 0
0 0.446528 0 0.0625 0
0 0.605556 0 0.102778 0
0 0.4125 0 0.0416667 0
0 0.446528 0 0.0625 0
0 0.605556 0 0.102778 0
0 0.449306 0 0.0569444 0
0 0.608333 0 0.102778 0
0 0.449306 0 0.0569444 0
0 0.607639 0 0.101389 0
0 0.449306 0 0.0597222 0
0 0.611111 0 0.1 0
0 0.447917 0 0.0625 0
0 0.611111 0 0.1 0
0 0.447917 0 0.0652778 0
0 0.6125 0 0.0972222 0
0 0.316667 0 0.0194444 0
0 0.449306 0 0.0625 0
0 0.615972 0 0.101389 0
0 0.45 0 0.0638889 0
0 0.618056 0 0.1 0
0 0.450694 0 0.0625 0
0 0.621528 0 0.0958333 0
0 0.451389 0 0.0638889 0
0 0.622917 0 0.0958333 0
0 0.451389 0 0.0638889 0
0 0.625694 0 0.0986111 0
0 0.454861 0 0.0597222 0
0 0.416667 0 0.0444444 0
0 0.627083 0 0.0958333 0
0 0.628472 0 0.101389 0
0 0.454861 0 0.0625 0
0 0.632639 0 0.0958333 0
0 0.634028 0 0.0958333 0
0 0.453472 0 0.0652778 0
0 0.325 0 0.0194444 0
0 0.635417 0 0.0986111 0
0 0.325 0 0.0194444 0
0 0.636806 0 0.0986111 0
0 0.325 0 0.0194444 0
0 0.638194 0 0.0986111 0
0 0.325 0 0.0194444 0
0 0.640972 0 0.101389 0
0 0.454861 0 0.0625 0
0 0.324306 0 0.0208333 0
0 0.643056 0 0.102778 0
0 0.324306 0 0.0208333 0
0 0.64375 0 0.101389 0
0 0.45625 0 0.0569444 0
0 0.64375 0 0.101389 0
0 0.45625 0 0.0569444 0
0 0.64375 0 0.101389 0
0 0.453472 0 0.0625 0
0 0.584722 0 0.0166667 0
0 0.64375 0 0.101389 0
0 0.584028 0 0.0152778 0
0 0.644444 0 0.1 0
0 0.452778 0 0.0638889 0
0 0.644444 0 0.1 0
0 0.645139 0 0.101389 0
0 0.452083 0 0.0625 0
0 0.645139 0 0.101389 0
0 0.450694 0 0.0652778 0
0 0.644444 0 0.102778 0
0 0.644444 0 0.102778 0
0 0.577778 0 0.0138889 0
0 0.45 0 0.0611111 0
0 0.644444 0 0.102778 0
0 0.447917 0 0.0625 0
0 0.576389 0 0.0138889 0
0 0.644444 0 0.102778 0
0 0.447222 0 0.0638889 0
0 0.575694 0 0.0152778 0
0 0.64375 0 0.104167 0
0 0.448611 0 0.0583333 0
0 0.64375 0 0.104167 0
0 0.447222 0 0.0611111 0
0 0.64375 0 0.104167 0
0 0.571528 0 0.0152778 0
0 0.642361 0 0.104167 0
0 0.642361 0 0.104167 0
0 0.445139 0 0.0625 0
0 0.642361 0 0.0986111 0
0 0.445139 0 0.0652778 0
0 0.643056 0 0.0972222 0
0 0.4125 0 0.0416667 0
0 0.444444 0 0.0638889 0
0 0.64375 0 0.0986111 0
0 0.444444 0 0.0638889 0
0 0.64375 0 0.0986111 0
0 0.411111 0 0.0472222 0
0 0.44375 0 0.0652778 0
0 0.644444 0 0.0972222 0
0 0.444444 0 0.0638889 0
0 0.645833 0 0.0972222 0
0 0.44375 0 0.0652778 0
0 0.647222 0 0.0972222 0
0 0.44375 0 0.0652778 0
0 0.647222 0 0.0972222 0
0 0.443056 0 0.0638889 0
0 0.647917 0 0.0958333 0
0 0.410417 0 0.0458333 0
0 0.44375 0 0.0652778 0
0 0.650694 0 0.0986111 0
0 0.444444 0 0.0638889 0
0 0.653472 0 0.101389 0
0 0.446528 0 0.0569444 0
0 0.411806 0 0.0430556 0
0 0.56875 0 0.0152778 0
0 0.655556 0 0.102778 0
0 0.447222 0 0.0583333 0
0 0.569444 0 0.0138889 0
0 0.657639 0 0.101389 0
0 0.570139 0 0.0152778 0
0 0.688889 0 0.0138889 0
0 0.447222 0 0.0611111 0
0 0.659028 0 0.101389 0
0 0.570139 0 0.0152778 0
0 0.447917 0 0.0597222 0
0 0.661111 0 0.1 0
0 0.449306 0 0.0569444 0
0 0.571528 0 0.0152778 0
0 0.661806 0 0.101389 0
0 0.449306 0 0.0569444 0
0 0.571528 0 0.0152778 0
0 0.663194 0 0.101389 0
0 0.571528 0 0.0152778 0
0 0.449306 0 0.0569444 0
0 0.663889 0 0.1 0
0 0.449306 0 0.0569444 0
0 0.572222 0 0.0138889 0
0 0.664583 0 0.101389 0
0 0.571528 0 0.0152778 0
0 0.45 0 0.0555556 0
0 0.665278 0 0.1 0
0 0.447917 0 0.0569444 0
0 0.663889 0 0.1 0
0 0.447917 0 0.0625 0
0 0.663194 0 0.101389 0
0 0.663194 0 0.109722 0
0 0.413194 0 0.0486111 0
0 0.447222 0 0.0611111 0
0 0.6625 0 0.105556 0
0 0.447917 0 0.0597222 0
0 0.56875 0 0.0180556 0
0 0.6875 0 0.0138889 0
0 0.411806 0 0.0458333 0
0 0.661806 0 0.104167 0
0 0.4125 0 0.0444444 0
0 0.661111 0 0.102778 0
0 0.411806 0 0.0430556 0
0 0.659028 0 0.104167 0
0 0.413889 0 0.0416667 0
0 0.565972 0 0.0152778 0
0 0.657639 0 0.106944 0
0 0.654167 0 0.108333 0
0 0.654167 0 0.108333 0
0 0.301389 0 0.0222222 0
0 0.443056 0 0.0666667 0
0 0.651389 0 0.102778 0
0 0.442361 0 0.0652778 0
0 0.65 0 0.102778 0
0 0.441667 0 0.0638889 0
0 0.5625 0 0.0138889 0
0 0.645833 0 0.108333 0
0 0.561806 0 0.0180556 0
0 0.440278 0 0.0638889 0
0 0.644444 0 0.108333 0
0 0.402778 0 0.05 0
0 0.4375 0 0.0666667 0
0 0.644444 0 0.108333 0
0 0.401389 0 0.0472222 0
0 0.438194 0 0.0625 0
0 0.560417 0 0.0152778 0
0 0.493056 0 0.0361111 0
0 0.640278 0 0.111111 0
0 0.401389 0 0.0444444 0
0 0.4375 0 0.0638889 0
0 0.559722 0 0.0166667 0
0 0.6375 0 0.108333 0
0 0.436111 0 0.0638889 0
0 0.636806 0 0.106944 0
0 0.400694 0 0.0458333 0
0 0.435417 0 0.0680556 0
0 0.634028 0 0.1125 0
0 0.559028 0 0.0152778 0
0 0.4 0 0.0472222 0
0 0.63125 0 0.1125 0
0 0.629861 0 0.109722 0
0 0.290972 0 0.0208333 0
0 0.560417 0 0.0180556 0
0 0.435417 0 0.0625 0
0 0.628472 0 0.109722 0
0 0.434722 0 0.0666667 0
0 0.291667 0 0.0194444 0
0 0.625694 0 0.109722 0
0 0.561111 0 0.0166667 0
0 0.290972 0 0.0208333 0
0 0.434722 0 0.0638889 0
0 0.622917 0 0.109722 0
0 0.4 0 0.0472222 0
0 0.5625 0 0.0166667 0
0 0.436806 0 0.0597222 0
0 0.622917 0 0.109722 0
0 0.401389 0 0.0444444 0
0 0.436806 0 0.0597222 0
0 0.621528 0 0.109722 0
0 0.436806 0 0.0569444 0
0 0.565278 0 0.0166667 0
0 0.621528 0 0.109722 0
0 0.295139 0 0.0208333 0
0 0.438194 0 0.0569444 0
0 0.619444 0 0.111111 0
0 0.295833 0 0.0222222 0
0 0.566667 0 0.0166667 0
0 0.436111 0 0.0611111 0
0 0.616667 0 0.119444 0
0 0.400694 0 0.0458333 0
0 0.436111 0 0.0611111 0
0 0.568056 0 0.0166667 0
0 0.616667 0 0.119444 0
0 0.569444 0 0.0166667 0
0 0.617361 0 0.1125 0
0 0.569444 0 0.0166667 0
0 0.617361 0 0.1125 0
0 0.569444 0 0.0166667 0
0 0.297222 0 0.0222222 0
0 0.4375 0 0.0611111 0
0 0.613889 0 0.116667 0
0 0.4375 0 0.0555556 0
0 0.297222 0 0.0194444 0
0 0.608333 0 0.116667 0
0 0.435417 0 0.0597222 0
0 0.570139 0 0.0152778 0
0 0.600694 0 0.118056 0
0 0.295139 0 0.0208333 0
0 0.569444 0 0.0166667 0
0 0.596528 0 0.115278 0
0 0.432639 0 0.0569444 0
0 0.29375 0 0.0208333 0
0 0.588889 0 0.119444 0
0 0.432639 0 0.0569444 0
0 0.29375 0 0.0208333 0
0 0.588889 0 0.119444 0
0 0.493056 0 0.0361111 0
0 0.586806 0 0.123611 0
0 0.567361 0 0.0180556 0
0 0.292361 0 0.0208333 0
0 0.583333 0 0.122222 0
0 0.289583 0 0.0208333 0
0 0.577778 0 0.119444 0
0 0.288889 0 0.0194444 0
0 0.570139 0 0.126389 0
0 0.563194 0 0.0152778 0
0 0.56875 0 0.115278 0
0 0.561111 0 0.122222 0
0 0.282639 0 0.0208333 0
0 0.559722 0 0.0166667 0
0 0.55625 0.5 0.120833 1
0 0.558333 0 0.0194444 0
0 0.282639 0 0.0208333 0
0 0.553472 0.5 0.118056 1
0 0.557639 0 0.0180556 0
0 0.551389 0.5 0.122222 1
0 0.279861 0 0.0208333 0
0 0.557639 0 0.0152778 0
0 0.547222 0.5 0.119444 1
0 0.556944 0 0.0194444 0
0 0.278472 0 0.0208333 0
0 0.545139 0.5 0.118056 1
0 0.556944 0 0.0194444 0
0 0.278472 0 0.0208333 0
0 0.545139 0.5 0.118056 1
0 0.555556 0 0.0166667 0
0 0.538194 0.5 0.129167 1
0 0.378472 0 0.0347222 0
0 0.554861 0 0.0180556 0
0 0.277778 0 0.0194444 0
0 0.535417 0.5 0.131944 1
0 0.555556 0 0.0194444 0
0 0.534722 0.5 0.133333 1
0 0.277778 0 0.0194444 0
0 0.533333 0.5 0.130556 1
0 0.554861 0 0.0180556 0
0 0.555556 0 0.0166667 0
0 0.278472 0 0.0208333 0
0 0.534722 0.5 0.130556 1
0 0.531944 1 0.130556 0
0 0.55625 0 0.0152778 0
0 0.279167 0 0.0222222 0
0 0.557639 0 0.0152778 0
0 0.534028 1 0.129167 0
0 0.534028 1 0.131944 0
0 0.282639 0 0.0208333 0
0 0.559722 0 0.0194444 0
0 0.533333 1 0.133333 0
0 0.535417 1 0.131944 0
0 0.561806 0 0.0152778 0
0 0.535417 1 0.131944 0
0 0.561806 0 0.0152778 0
0 0.563889 0 0.0166667 0
0 0.536111 1 0.130556 0
0 0.2875 0 0.0194444 0
0 0.564583 0 0.0152778 0
0 0.536806 1 0.134722 0
0 0.288889 0 0.0222222 0
0 0.566667 0 0.0166667 0
0 0.545139 1 0.109722 0
0 0.290278 0 0.0222222 0
0 0.54375 1 0.123611 0
0 0.56875 0 0.0152778 0
0 0.570833 0 0.0166667 0
0 0.547222 1 0.108333 0
0 0.29375 0 0.0236111 0
0 0.552778 1 0.1 0
0 0.572222 0 0.0166667 0
0 0.295139 0 0.0236111 0
0 0.555556 1 0.0972222 0
0 0.573611 0 0.0166667 0
0 0.55 1 0.105556 0
0 0.296528 0 0.0208333 0
0 0.574306 0 0.0152778 0
0 0.488194 0 0.0541667 0
0 0.295833 0 0.0222222 0
0 0.55 1 0.105556 0
0 0.575694 0 0.0152778 0
0 0.296528 0 0.0208333 0
0 0.545833 1 0.108333 0
0 0.576389 0 0.0166667 0
0 0.296528 0 0.0208333 0
0 0.546528 1 0.106944 0
0 0.577083 0 0.0180556 0
0 0.296528 0 0.0208333 0
0 0.547222 1 0.102778 0
0 0.577778 0 0.0166667 0
0 0.547222 1 0.1 0
0 0.297222 0 0.0194444 0
0 0.577778 0 0.0166667 0
0 0.296528 0 0.0208333 0
0 0.539583 1 0.115278 0
0 0.577778 0 0.0166667 0
0 0.536111 1 0.113889 0
0 0.577778 0 0.0166667 0
0 0.533333 1 0.111111 0
0 0.577778 0 0.0166667 0
0 0.530556 1 0.102778 0
0 0.294444 0 0.0194444 0
0 0.577083 0 0.0180556 0
0 0.532639 1 0.0930556 0
0 0.576389 0 0.0166667 0
0 0.53125 1 0.0847222 0
0 0.291667 0 0.0222222 0
0 0.575694 0 0.0180556 0
0 0.290972 0 0.0208333 0
0 0.527083 1 0.0875 0
0 0.575694 0 0.0180556 0
0 0.524306 1 0.0847222 0
0 0.573611 0 0.0194444 0
0 0.524306 1 0.0847222 0
0 0.573611 0 0.0194444 0
0 0.573611 0 0.0194444 0
0 0.519444 1 0.0833333 0
0 0.572917 0 0.0180556 0
0 0.518056 1 0.0777778 0
0 0.284722 0 0.0222222 0
0 0.571528 0 0.0180556 0
0 0.515972 1 0.0708333 0
0 0.513889 1 0.0638889 0
0 0.570833 0 0.0166667 0
0 0.281944 0 0.0222222 0
0 0.513889 1 0.0638889 0
0 0.569444 0 0.0166667 0
0 0.511806 1 0.0486111 0
0 0.567361 0 0.0180556 0
0 0.279861 0 0.0208333 0
0 0.565278 0 0.0166667 0
0 0.563889 0 0.0166667 0
0 0.275 0 0.0194444 0
0 0.561111 0 0.0166667 0
0 0.272222 0 0.0222222 0
0 0.560417 0 0.0180556 0
0 0.559028 0 0.0180556 0
0 0.269444 0 0.0194444 0
0 0.55625 0 0.0180556 0
0 0.269444 0 0.0194444 0
0 0.55625 0 0.0180556 0
0 0.554861 0 0.0180556 0
0 0.552083 0 0.0180556 0
0 0.55 0 0.0194444 0
0 0.548611 0 0.0194444 0
0 0.548611 0 0.0194444 0
0 0.379167 0 0.0333333 0
0 0.256944 0 0.0222222 0
0 0.545833 0 0.0166667 0
0 0.545139 0 0.0180556 0
0 0.675694 0 0.0152778 0
0 0.54375 0 0.0180556 0
0 0.253472 0 0.0236111 0
0 0.541667 0 0.0194444 0
0 0.253472 0 0.0236111 0
0 0.541667 0 0.0194444 0
0 0.252778 0 0.0222222 0
0 0.540972 0 0.0180556 0
0 0.252083 0 0.0236111 0
0 0.541667 0 0.0166667 0
0 0.541667 0 0.0166667 0
0 0.540972 0 0.0180556 0
0 0.253472 0 0.0208333 0
0 0.541667 0 0.0194444 0
0 0.253472 0 0.0208333 0
0 0.541667 0 0.0194444 0
0 0.541667 0 0.0194444 0
0 0.252778 0 0.025 0
0 0.675 0 0.0138889 0
0 0.253472 0 0.0208333 0
0 0.544444 0 0.0166667 0
0 0.261806 1 0.0958333 0
0 0.546528 0 0.0180556 0
0 0.25625 0 0.0208333 0
0 0.547222 0 0.0194444 0
0 0.261111 0.5 0.102778 1
0 0.259722 0.5 0.105556 1
0 0.257639 0 0.0208333 0
0 0.546528 0 0.0180556 0
0 0.256944 0 0.0222222 0
0 0.25625 0.5 0.104167 1
0 0.680556 0 0.0166667 0
0 0.548611 0 0.0194444 0
0 0.256944 0.5 0.111111 1
0 0.257639 0 0.0208333 0
0 0.548611 0 0.0194444 0
0 0.682639 0 0.0152778 0
0 0.549306 0 0.0180556 0
0 0.682639 0 0.0152778 0
0 0.549306 0 0.0180556 0
0 0.258333 0 0.0222222 0
0 0.427083 0 0.0430556 0
0 0.682639 0 0.0152778 0
0 0.548611 0 0.0194444 0
0 0.426389 0 0.0416667 0
0 0.548611 0 0.0194444 0
0 0.259028 0 0.0208333 0
0 0.548611 0 0.0194444 0
0 0.258333 0 0.0222222 0
0 0.427083 0 0.0402778 0
0 0.55 0 0.0194444 0
0 0.549306 0 0.0180556 0
0 0.257639 0 0.0236111 0
0 0.426389 0 0.0416667 0
0 0.549306 0 0.0152778 0
0 0.682639 0 0.0152778 0
0 0.258333 0 0.0222222 0
0 0.549306 0 0.0180556 0
0 0.25625 0 0.0208333 0
0 0.547917 0 0.0180556 0
0 0.255556 0 0.0222222 0
0 0.547917 0 0.0180556 0
0 0.547222 0 0.0194444 0
0 0.255556 0 0.0222222 0
0 0.547222 0 0.0194444 0
0 0.254167 0 0.0222222 0
0 0.252778 0 0.0222222 0
0 0.545833 0 0.0166667 0
0 0.252778 0 0.0222222 0
0 0.545833 0 0.0166667 0
0 0.252778 0 0.0222222 0
0 0.545833 0 0.0166667 0
0 0.544444 0 0.0166667 0
0 0.252083 0 0.0236111 0
0 0.544444 0 0.0166667 0
0 0.250694 0 0.0208333 0
0 0.54375 0 0.0180556 0
0 0.250694 0 0.0236111 0
0 0.677083 0 0.0152778 0
0 0.543056 0 0.0166667 0
0 0.676389 0 0.0138889 0
0 0.251389 0 0.0222222 0
0 0.542361 0 0.0180556 0
0 0.676389 0 0.0138889 0
0 0.542361 0 0.0180556 0
0 0.250694 0 0.0208333 0
0 0.542361 0 0.0180556 0
0 0.250694 0 0.0208333 0
0 0.542361 0 0.0180556 0
0 0.674306 0 0.0152778 0
0 0.541667 0 0.0166667 0
0 0.25 0 0.0222222 0
0 0.541667 0 0.0166667 0
0 0.250694 0 0.0236111 0
0 0.540972 0 0.0180556 0
0 0.250694 0 0.0236111 0
0 0.540972 0 0.0180556 0
0 0.540972 0 0.0180556 0
0 0.250694 0 0.0236111 0
0 0.540972 0 0.0180556 0
0 0.540972 0 0.0180556 0
0 0.540278 0 0.0166667 0
0 0.251389 0 0.0222222 0
0 0.673611 0 0.0166667 0
0 0.540278 0 0.0166667 0
0 0.540278 0 0.0166667 0
0 0.539583 0 0.0180556 0
0 0.538889 0 0.0166667 0
0 0.538889 0 0.0166667 0
0 0.670833 0 0.0166667 0
0 0.5375 0 0.0194444 0
0 0.5375 0 0.0166667 0
0 0.5375 0 0.0166667 0
0 0.670833 0 0.0166667 0
0 0.536111 0 0.0194444 0
0 0.669444 0 0.0166667 0
0 0.536111 0 0.0194444 0
0 0.670139 0 0.0180556 0
0 0.534722 0 0.0194444 0
0 0.66875 0 0.0180556 0
0 0.534722 0 0.0166667 0
0 0.667361 0 0.0152778 0
0 0.532639 0 0.0180556 0
0 0.667361 0 0.0152778 0
0 0.532639 0 0.0180556 0
0 0.533333 0 0.0194444 0
0 0.53125 0 0.0180556 0
0 0.373611 0.5 0.1 1
0 0.663194 0 0.0152778 0
0 0.529861 0 0.0180556 0
0 0.363889 0.5 0.0944444 1
0 0.663194 0 0.0152778 0
0 0.529861 0 0.0180556 0
0 0.365278 0.5 0.15 1
0 0.661806 0 0.0152778 0
0 0.529861 0 0.0180556 0
0 0.661111 0 0.0166667 0
0 0.527083 0 0.0180556 0
0 0.343056 0 0.138889 0
0 0.527778 0 0.0166667 0
0 0.526389 0 0.0166667 0
0 0.526389 0 0.0166667 0
0 0.319444 0 0.133333 0
0 0.526389 0 0.0166667 0
0 0.311111 0 0.144444 0
0 0.525694 0 0.0180556 0
0 0.306944 0 0.15 0
0 0.525694 0 0.0152778 0
0 0.297917 0 0.134722 0
0 0.525694 0 0.0180556 0
0 0.290972 0 0.143056 0
0 0.525 0 0.0166667 0
0 0.40625 0 0.0513889 0
0 0.525 0 0.0166667 0
0 0.272222 0 0.136111 0
0 0.524306 0 0.0180556 0
0 0.263889 0 0.127778 0
0 0.523611 0 0.0194444 0
0 0.657639 0 0.0152778 0
0 0.268056 0 0.1 0
0 0.435417 0 0.0402778 0
0 0.401389 0 0.0555556 0
0 0.264583 0 0.0958333 0
0 0.657639 0 0.0152778 0
0 0.523611 0 0.0194444 0
0 0.397917 0 0.0597222 0
0 0.256944 0 0.0972222 0
0 0.523611 0 0.0194444 0
0 0.252778 0 0.0944444 0
0 0.522917 0 0.0208333 0
0 0.522222 0 0.0194444 0
0 0.252083 0 0.0847222 0
0 0.521528 0 0.0208333 0
0 0.246528 0 0.0875 0
0 0.520833 0 0.0194444 0
0 0.239583 0 0.0847222 0
0 0.213194 0 0.143056 0
0 0.519444 0 0.0194444 0
0 0.516667 0 0.0194444 0
0 0.516667 0 0.0194444 0
0 0.514583 0 0.0180556 0
0 0.648611 0 0.0166667 0
0 0.390972 0 0.0625 0
0 0.513889 0 0.0166667 0
0 0.390278 0 0.0611111 0
0 0.513194 0 0.0180556 0
0 0.645139 0 0.0180556 0
0 0.511806 0 0.0180556 0
0 0.3875 0 0.0638889 0
0 0.645139 0 0.0180556 0
0 0.511806 0 0.0180556 0
0 0.3875 0 0.0638889 0
0 0.511806 0 0.0180556 0
0 0.64375 0 0.0152778 0
0 0.386111 0 0.0611111 0
0 0.386111 0 0.0583333 0
0 0.511111 0 0.0194444 0
0 0.209028 0 0.0208333 0
0 0.184028 0 0.134722 0
0 0.386806 0 0.0625 0
0 0.510417 0 0.0180556 0
0 0.641667 0 0.0166667 0
0 0.191667 0 0.15 0
0 0.388194 0 0.0597222 0
0 0.209722 0 0.0222222 0
0 0.510417 0 0.0180556 0
0 0.510417 0 0.0180556 0
0 0.388194 0 0.0625 0
0 0.390278 0 0.0583333 0
0 0.211806 0 0.0208333 0
0 0.390972 0 0.0513889 0
0 0.211111 0 0.0222222 0
0 0.511111 0 0.0166667 0
0 0.5125 0 0.0194444 0
0 0.5125 0 0.0194444 0
0 0.209722 0.5 0.147222 1
0 0.395833 0 0.05 0
0 0.397917 0 0.0430556 0
0 0.211111 0.5 0.163889 1
0 0.515972 0 0.0180556 0
0 0.397917 0 0.0430556 0
0 0.211111 0.5 0.163889 1
0 0.515972 0 0.0180556 0
0 0.213194 0.5 0.156944 1
0 0.518056 0 0.0194444 0
0 0.217361 0.5 0.148611 1
0 0.520139 0 0.0180556 0
0 0.405556 0 0.05 0
0 0.650694 0 0.0152778 0
0 0.520833 0 0.0166667 0
0 0.522222 0 0.0166667 0
0 0.523611 0 0.0194444 0
0 0.410417 0 0.0513889 0
0 0.525 0 0.0166667 0
0 0.439583 0 0.0375 0
0 0.526389 0 0.0166667 0
0 0.658333 0 0.0166667 0
0 0.161806 0 0.00694444 0
0 0.528472 0 0.0180556 0
0 0.529861 0 0.0180556 0
0 0.529861 0 0.0180556 0
0 0.53125 0 0.0180556 0
0 0.53125 0 0.0180556 0
0 0.532639 0 0.0180556 0
0 0.6625 0 0.0138889 0
0 0.534722 0 0.0194444 0
0 0.533333 0 0.0166667 0
0 0.663194 0 0.0152778 0
0 0.534028 0 0.0180556 0
0 0.534722 0 0.0166667 0
0 0.535417 0 0.0152778 0
0 0.663889 0 0.0138889 0
0 0.535417 0 0.0180556 0
0 0.535417 0 0.0180556 0
0 0.535417 0 0.0180556 0
0 0.663194 0 0.0152778 0
0 0.535417 0 0.0180556 0
0 0.663194 0 0.0152778 0
0 0.534722 0 0.0166667 0
0 0.6625 0 0.0138889 0
0 0.535417 0 0.0180556 0
0 0.534028 0 0.0180556 0
0 0.533333 0 0.0166667 0
0 0.533333 0 0.0166667 0
0 0.531944 0 0.0166667 0
0 0.53125 0 0.0152778 0
0 0.530556 0 0.0166667 0
0 0.529167 0 0.0166667 0
0 0.529167 0 0.0166667 0
0 0.526389 0 0.0166667 0
0 0.526389 0 0.0166667 0
0 0.525 0 0.0166667 0
0 0.523611 0 0.0194444 0
0 0.522917 0 0.0180556 0
0 0.520833 0 0.0166667 0
0 0.520139 0 0.0152778 0
0 0.518056 0 0.0166667 0
0 0.517361 0 0.0180556 0
0 0.517361 0 0.0180556 0
0 0.517361 0 0.0180556 0
0 0.515972 0 0.0180556 0
0 0.517361 0 0.0180556 0
0 0.517361 0 0.0180556 0
0 0.517361 0 0.0180556 0
0 0.518056 0 0.0166667 0
0 0.520139 0 0.0180556 0
0 0.520139 0 0.0180556 0
0 0.172917 0 0.00694444 0
0 0.521528 0 0.0180556 0
0 0.522222 0 0.0194444 0
0 0.522222 0 0.0166667 0
0 0.522222 0 0.0166667 0
0 0.522222 0 0.0166667 0
0 0.322222 1 0.105556 0
0 0.522917 0 0.0180556 0
0 0.321528 0.5 0.115278 1
0 0.315972 0.5 0.140278 1
0 0.524306 0 0.0180556 0
0 0.244444 0 0.0222222 0
0 0.313889 0.5 0.138889 1
0 0.523611 0 0.0194444 0
0 0.311111 0.5 0.138889 1
0 0.522917 0 0.0180556 0
0 0.309028 0.5 0.143056 1
0 0.411806 0 0.0458333 0
0 0.523611 0 0.0194444 0
0 0.295833 0.5 0.136111 1
0 0.522222 0 0.0166667 0
0 0.294444 0.5 0.138889 1
0 0.521528 0 0.0152778 0
0 0.294444 0.5 0.138889 1
0 0.521528 0 0.0152778 0
0 0.520833 0 0.0166667 0
0 0.520833 0 0.0166667 0
0 0.519444 0 0.0166667 0
0 0.519444 0 0.0194444 0
0 0.402778 0 0.05 0
0 0.515972 0 0.0180556 0
0 0.516667 0 0.0166667 0
0 0.516667 0 0.0166667 0
0 0.227778 0 0.025 0
0 0.516667 0 0.0166667 0
0 0.516667 0 0.0166667 0
0 0.517361 0 0.0180556 0
0 0.519444 0 0.0194444 0
0 0.519444 0 0.0166667 0
0 0.522222 0 0.0194444 0
0 0.523611 0 0.0194444 0
0 0.523611 0 0.0166667 0
0 0.524306 0 0.0152778 0
0 0.526389 0 0.0166667 0
0 0.526389 0 0.0166667 0
0 0.527778 0 0.0166667 0
0 0.663889 0 0.0166667 0
0 0.529861 0 0.0180556 0
0 0.238194 0 0.0208333 0
0 0.665972 0 0.0152778 0
0 0.532639 0 0.0180556 0
0 0.240278 0 0.0222222 0
0 0.535417 0 0.0180556 0
0 0.240278 0 0.0222222 0
0 0.536111 0 0.0194444 0
0 0.243056 0 0.0222222 0
0 0.538194 0 0.0180556 0
0 0.539583 0 0.0180556 0
0 0.539583 0 0.0180556 0
0 0.245833 0 0.0222222 0
0 0.542361 0 0.0180556 0
0 0.544444 0 0.0194444 0
0 0.546528 0 0.0180556 0
0 0.548611 0 0.0194444 0
0 0.429167 0 0.0444444 0
0 0.25 0 0.0222222 0
0 0.550694 0 0.0180556 0
0 0.249306 0 0.0236111 0
0 0.551389 0 0.0166667 0
0 0.692361 0 0.0152778 0
0 0.25 0 0.0222222 0
0 0.553472 0 0.0180556 0
0 0.692361 0 0.0152778 0
0 0.25 0 0.0222222 0
0 0.553472 0 0.0180556 0
0 0.249306 0 0.0236111 0
0 0.554167 0 0.0194444 0
0 0.250694 0 0.0236111 0
0 0.555556 0 0.0194444 0
0 0.696528 0 0.0180556 0
0 0.25 0 0.0222222 0
0 0.55625 0 0.0208333 0
0 0.25 0 0.0222222 0
0 0.557639 0 0.0180556 0
0 0.463889 0 0.0416667 0
0 0.558333 0 0.0194444 0
0 0.558333 0 0.0194444 0
0 0.249306 0 0.0208333 0
0 0.558333 0 0.0194444 0
0 0.558333 0 0.0194444 0
0 0.558333 0 0.0194444 0
0 0.700694 0 0.0152778 0
0 0.175 0 0.00833333 0
0 0.246528 0 0.0236111 0
0 0.557639 0 0.0180556 0
0 0.245139 0 0.0236111 0
0 0.556944 0 0.0194444 0
0 0.24375 0 0.0236111 0
0 0.555556 0 0.0194444 0
0 0.7 0 0.0166667 0
0 0.24375 0 0.0236111 0
0 0.555556 0 0.0194444 0
0 0.555556 0 0.0194444 0
0 0.554167 0 0.0194444 0
0 0.554167 0 0.0194444 0
0 0.698611 0 0.0194444 0
0 0.553472 0 0.0208333 0
0 0.552778 0 0.0194444 0
0 0.552778 0 0.0194444 0
0 0.16875 0 0.00694444 0
0 0.552083 0 0.0180556 0
0 0.551389 0 0.0166667 0
0 0.163194 0 0.00694444 0
0 0.697222 0 0.0194444 0
0 0.550694 0 0.0180556 0
0 0.429167 0 0.0444444 0
0 0.55 0 0.0194444 0
0 0.697222 0 0.0194444 0
0 0.696528 0 0.0208333 0
0 0.428472 0 0.0458333 0
0 0.549306 0 0.0180556 0
0 0.695833 0 0.0194444 0
0 0.549306 0 0.0180556 0
0 0.429167 0 0.0444444 0
0 0.549306 0 0.0208333 0
0 0.429167 0 0.0444444 0
0 0.549306 0 0.0208333 0
0 0.427083 0 0.0458333 0
0 0.697222 0 0.0194444 0
0 0.549306 0 0.0180556 0
0 0.549306 0 0.0208333 0
0 0.697222 0 0.0194444 0
0 0.549306 0 0.0180556 0
0 0.697917 0 0.0208333 0
0 0.549306 0 0.0180556 0
0 0.427778 0 0.05 0
0 0.698611 0 0.0194444 0
0 0.55 0 0.0194444 0
0 0.699306 0 0.0180556 0
0 0.55 0 0.0194444 0
0 0.55 0 0.0194444 0
0 0.7 0 0.0166667 0
0 0.550694 0 0.0208333 0
0 0.701389 0 0.0194444 0
0 0.551389 0 0.0194444 0
0 0.427083 0 0.0458333 0
0 0.702083 0 0.0180556 0
0 0.552083 0 0.0208333 0
0 0.427083 0 0.0458333 0
0 0.702083 0 0.0180556 0
0 0.552083 0 0.0208333 0
0 0.459722 0 0.0444444 0
0 0.225 0 0.025 0
0 0.704861 0 0.0208333 0
0 0.553472 0 0.0208333 0
0 0.429167 0 0.0472222 0
0 0.226389 0 0.025 0
0 0.459722 0 0.0444444 0
0 0.554861 0 0.0208333 0
0 0.429861 0 0.0458333 0
0 0.460417 0 0.0430556 0
0 0.709028 0 0.0208333 0
0 0.227778 0 0.025 0
0 0.556944 0 0.0194444 0
0 0.710417 0 0.0208333 0
0 0.429861 0 0.0486111 0
0 0.227778 0 0.025 0
0 0.559028 0 0.0208333 0
0 0.430556 0 0.05 0
0 0.711111 0 0.0194444 0
0 0.228472 0 0.0263889 0
0 0.559722 0 0.0222222 0
0 0.7125 0 0.0166667 0
0 0.229861 0 0.0236111 0
0 0.560417 0 0.0208333 0
0 0.714583 0 0.0180556 0
0 0.561806 0 0.0208333 0
0 0.229861 0 0.0236111 0
0 0.563194 0 0.0208333 0
0 0.229167 0 0.025 0
0 0.229167 0 0.025 0
0 0.564583 0 0.0208333 0
0 0.564583 0 0.0208333 0
0 0.229167 0 0.0222222 0
0 0.426389 0 0.0638889 0
0 0.565278 0 0.0222222 0
0 0.227778 0 0.025 0
0 0.426389 0 0.0666667 0
0 0.565278 0 0.0222222 0
0 0.227083 0 0.0236111 0
0 0.426389 0 0.0611111 0
0 0.226389 0 0.025 0
0 0.565278 0 0.0222222 0
0 0.426389 0 0.0611111 0
0 0.226389 0 0.025 0
0 0.565278 0 0.0222222 0
0 0.227083 0 0.0236111 0
0 0.565972 0 0.0208333 0
0 0.425 0 0.0694444 0
0 0.425 0 0.0611111 0
0 0.226389 0 0.025 0
0 0.565972 0 0.0208333 0
0 0.226389 0 0.0277778 0
0 0.565278 0 0.0222222 0
0 0.423611 0 0.0666667 0
0 0.564583 0 0.0208333 0
0 0.422917 0 0.0652778 0
0 0.563889 0 0.0222222 0
0 0.420833 0 0.0694444 0
0 0.420833 0 0.0694444 0
0 0.419444 0 0.0666667 0
0 0.41875 0 0.0652778 0
0 0.41875 0 0.0652778 0
0 0.417361 0 0.0652778 0
0 0.418056 0 0.0666667 0
0 0.459722 0 0.05 0
0 0.416667 0 0.0666667 0
0 0.416667 0 0.0638889 0
0 0.206944 0 0.0277778 0
0 0.413889 0 0.0722222 0
0 0.205556 0 0.0305556 0
0 0.363889 0 0.0638889 0
0 0.204167 0 0.0361111 0
0 0.415972 0 0.0680556 0
0 0.413194 0 0.0680556 0
0 0.2 0 0.0277778 0
0 0.413194 0 0.0680556 0
0 0.2 0 0.0277778 0
0 0.413194 0 0.0736111 0
0 0.4125 0 0.0722222 0
0 0.4125 0 0.0722222 0
0 0.4125 0 0.0777778 0
0 0.4125 0 0.075 0
0 0.411806 0 0.0708333 0
0 0.411806 0 0.0708333 0
0 0.415278 0 0.0722222 0
0 0.418056 0 0.0722222 0
0 0.418056 0 0.0722222 0
0 0.2 0 0.025 0
0 0.561806 0 0.0208333 0
0 0.420139 0 0.0652778 0
0 0.200694 0 0.0263889 0
0 0.420833 0 0.0694444 0
0 0.5625 0 0.0222222 0
0 0.202083 0 0.0263889 0
0 0.420833 0 0.0638889 0
0 0.564583 0 0.0236111 0
0 0.202083 0 0.0291667 0
0 0.567361 0 0.0236111 0
0 0.422222 0 0.075 0
0 0.204167 0 0.0277778 0
0 0.568056 0 0.025 0
0 0.422917 0 0.0680556 0
0 0.20625 0 0.0263889 0
0 0.571528 0 0.0208333 0
0 0.206944 0 0.025 0
0 0.572917 0 0.0208333 0
0 0.206944 0 0.0277778 0
0 0.210417 0 0.0263889 0
0 0.574306 0 0.0208333 0
0 0.210417 0 0.0263889 0
0 0.574306 0 0.0208333 0
0 0.425 0 0.0694444 0
0 0.577778 0 0.0222222 0
0 0.211806 0 0.0263889 0
0 0.578472 0 0.0236111 0
0 0.425 0 0.0694444 0
0 0.213194 0 0.0263889 0
0 0.425694 0 0.0708333 0
0 0.425694 0 0.0708333 0
0 0.215278 0 0.025 0
0 0.427778 0 0.0722222 0
0 0.427083 0 0.0763889 0
0 0.425694 0 0.0763889 0
0 0.426389 0 0.0777778 0
0 0.426389 0 0.0777778 0
0 0.473611 0 0.0527778 0
0 0.425 0 0.0722222 0
0 0.424306 0 0.0736111 0
0 0.424306 0 0.0736111 0
0 0.420139 0 0.0708333 0
0 0.419444 0 0.0722222 0
0 0.41875 0 0.0791667 0
0 0.418056 0 0.075 0
0 0.419444 0 0.0722222 0
0 0.417361 0 0.0736111 0
0 0.414583 0 0.0791667 0
0 0.4125 0 0.0722222 0
0 0.413889 0 0.0694444 0
0 0.413194 0 0.0708333 0
0 0.413194 0 0.0708333 0
0 0.418056 0 0.0666667 0
0 0.418056 0 0.0694444 0
0 0.420139 0 0.0652778 0
0 0.420139 0 0.0652778 0
0 0.422917 0 0.0680556 0
0 0.423611 0 0.0694444 0
0 0.426389 0 0.0694444 0
0 0.196528 0 0.0263889 0
0 0.196528 0 0.0263889 0
0 0.197222 0 0.0277778 0
0 0.432639 0 0.0708333 0
0 0.484722 0 0.0527778 0
0 0.424306 0 0.0791667 0
0 0.320139 0 0.0763889 0
0 0.425 0 0.0888889 0
0 0.423611 0 0.0916667 0
0 0.422222 0 0.0861111 0
0 0.422222 0 0.0861111 0
0 0.420833 0 0.0916667 0
0 0.421528 0 0.0875 0
0 0.420833 0 0.0916667 0
0 0.419444 0 0.0916667 0
0 0.419444 0 0.0916667 0
0 0.41875 0 0.0930556 0
0 0.418056 0 0.0944444 0
0 0.41875 0 0.0930556 0
0 0.41875 0 0.101389 0
0 0.418056 0 0.1 0
0 0.463889 0 0.0388889 0
0 0.463889 0 0.0388889 0
0 0.415972 0 0.0986111 0
0 0.463194 0 0.0402778 0
0 0.413889 0 0.1 0
0 0.414583 0 0.0986111 0
0 0.4125 0 0.1 0
0 0.413889 0 0.1 0
0 0.461806 0 0.0402778 0
0 0.413194 0 0.101389 0
0 0.413194 0 0.101389 0
0 0.463194 0 0.0402778 0
0 0.413889 0 0.1 0
0 0.463889 0 0.0416667 0
0 0.413889 0 0.1 0
0 0.463889 0 0.0416667 0
0 0.415278 0 0.1 0
0 0.465278 0 0.0416667 0
0 0.416667 0 0.105556 0
0 0.41875 0 0.106944 0
0 0.469444 0 0.0416667 0
0 0.420139 0 0.0958333 0
0 0.475694 0 0.0402778 0
0 0.477083 0 0.0402778 0
0 0.477083 0 0.0402778 0
0 0.43125 0 0.0986111 0
0 0.429861 0 0.101389 0
0 0.482639 0 0.0458333 0
0 0.482639 0 0.0458333 0
0 0.481944 0 0.0472222 0
0 0.48125 0 0.0458333 0
0 0.484028 0 0.0486111 0
0 0.484722 0 0.0472222 0
0 0.486806 0 0.0458333 0
0 0.428472 0 0.104167 0
0 0.423611 0 0.0194444 0
0 0.424306 0 0.0208333 0
0 0.424306 0 0.0208333 0
0 0.425 0 0.0222222 0
0 0.425 0 0.0222222 0
0 0.425 0 0.0222222 0
0 0.425 0 0.0222222 0
0 0.425 0 0.0222222 0
0 0.425694 0 0.0236111 0
0 0.425694 0 0.0236111 0
0 0.426389 0 0.0194444 0
0 0.552083 0 0.0402778 0
0 0.552778 0 0.0416667 0
0 0.552083 0 0.0402778 0
0 0.552778 0 0.0416667 0
0 0.552778 0 0.0416667 0
0 0.554167 0 0.0333333 0
0 0.555556 0 0.0361111 0
0 0.556944 0 0.0416667 0
0 0.366667 0 0.0472222 0
0 0.366667 0 0.0472222 0
0 0.366667 0 0.0472222 0
0 0.367361 0 0.0486111 0
0 0.58125 0 0.00694444 0
0 0.58125 0 0.00694444 0
0 0.58125 0 0.00694444 0
0 0.58125 0 0.00694444 0
0 0.58125 0 0.00694444 0
0 0.58125 0 0.00694444 0
0 0.46875 0 0.0208333 0
0 0.46875 0 0.0208333 0
0 0.466667 0 0.0222222 0
0 0.464583 0 0.0208333 0
0 0.463194 0 0.0208333 0
0 0.460417 0 0.0208333 0
0 0.457639 0 0.0208333 0
0 0.454861 0 0.0236111 0
0 0.452083 0 0.0208333 0
0 0.450694 0 0.0208333 0
0 0.450694 0 0.0208333 0
0 0.450694 0 0.0208333 0
0 0.448611 0 0.0222222 0
0 0.446528 0 0.0236111 0
0 0.445139 0.5 0.0208333 1
0 0.44375 0.5 0.0208333 1
0 0.44375 0.5 0.0208333 1
0 0.44375 0.5 0.0208333 1
0 0.44375 0.5 0.0208333 1
0 0.44375 0.5 0.0208333 1
0 0.44375 0.5 0.0208333 1
0 0.44375 0.5 0.0208333 1
0 0.443056 0.5 0.0222222 1
0 0.443056 0.5 0.0222222 1
0 0.443056 1 0.0222222 0
0 0.443056 1 0.0222222 0
0 0.444444 1 0.0194444 0
0 0.445139 1 0.0208333 0
0 0.445833 1 0.0222222 0
0 0.445833 1 0.0222222 0
0 0.445833 1 0.0222222 0
0 0.445833 1 0.0222222 0
0 0.445833 1 0.0222222 0
0 0.445833 1 0.0222222 0
0 0.445833 1 0.0222222 0
0 0.446528 1 0.0208333 0
0 0.446528 1 0.0208333 0
0 0.446528 1 0.0208333 0
0 0.446528 1 0.0208333 0
0 0.446528 1 0.0208333 0
0 0.445833 1 0.0222222 0
0 0.445139 1 0.0208333 0
0 0.445139 1 0.0208333 0
0 0.444444 1 0.0222222 0
0 0.443056 1 0.0222222 0
0 0.440972 1 0.0208333 0
0 0.438889 1 0.0194444 0
0 0.4375 1 0.0194444 0
0 0.435417 1 0.0208333 0
0 0.435417 1 0.0208333 0
0 0.433333 1 0.0222222 0
0 0.433333 1 0.0222222 0
0 0.433333 1 0.0222222 0
0 0.433333 1 0.0222222 0
0 0.433333 1 0.0222222 0
0 0.433333 1 0.0222222 0
0 0.433333 1 0.0222222 0
0 0.433333 1 0.0222222 0
0 0.433333 1 0.0222222 0
0 0.433333 1 0.0222222 0
0 0.435417 1 0.0208333 0
0 0.438194 1 0.0208333 0
0 0.438194 1 0.0208333 0
0 0.438194 0.5 0.0208333 1
0 0.438194 0.5 0.0208333 1
0 0.438194 0.5 0.0208333 1
0 0.438194 0.5 0.0208333 1
0 0.438194 0 0.0208333 0
0 0.436806 0 0.0208333 0
0 0.436806 0 0.0208333 0
0 0.436806 0 0.0208333 0
0 0.436806 0 0.0208333 0
0 0.4375 0 0.0194444 0
0 0.436111 0 0.0222222 0
0 0.435417 0 0.0208333 0
0 0.436111 0 0.0222222 0
0 0.434722 0 0.0222222 0
0 0.433333 0 0.0222222 0
0 0.433333 0 0.0222222 0
0 0.432639 0 0.0208333 0
0 0.432639 0 0.0208333 0
0 0.432639 0 0.0208333 0
0 0.432639 0 0.0208333 0
0 0.432639 0 0.0208333 0
0 0.43125 0 0.0208333 0
0 0.429861 0 0.0208333 0
0 0.429167 0 0.0222222 0
0 0.429167 0 0.0222222 0
0 0.428472 0 0.0236111 0
0 0.429167 0 0.0222222 0
0 0.429167 0 0.0222222 0
0 0.429167 0 0.0222222 0
0 0.429167 0 0.0222222 0
0 0.429167 0 0.0222222 0
0 0.429167 0 0.0222222 0
0 0.429167 0 0.0222222 0
0 0.429167 0 0.0222222 0
0 0.429167 0 0.0222222 0
0 0.429167 0 0.0222222 0
0 0.429167 0 0.0222222 0
0 0.429167 0 0.0222222 0
0 0.429167 0 0.0222222 0
0 0.429167 0 0.0222222 0
0 0.429167 0 0.0222222 0
0 0.429167 0 0.0222222 0
0 0.429167 0 0.0222222 0
0 0.429167 0 0.0222222 0
0 0.429167 0 0.0222222 0
0 0.429167 0 0.0222222 0
0 0.429167 0 0.0222222 0
0 0.429167 0 0.0222222 0
0 0.429167 0 0.0222222 0
0 0.429167 0 0.0222222 0
0 0.429167 0 0.0222222 0
0 0.429167 0 0.0222222 0
0 0.429167 0 0.0222222 0
0 0.429167 0 0.0222222 0
0 0.429167 0 0.0222222 0
0 0.429167 0 0.0222222 0
0 0.429167 0 0.0222222 0
0 0.429167 0 0.0222222 0
0 0.429167 0 0.0222222 0
0 0.429167 0 0.0222222 0
0 0.429167 0 0.0222222 0
0 0.429167 0 0.0222222 0
0 0.429167 0 0.0222222 0
0 0.429167 0 0.0222222 0
0 0.429167 0 0.0222222 0
0 0.429167 0 0.0222222 0
0 0.429167 0 0.0222222 0
0 0.429167 0 0.0222222 0
0 0.429167 0 0.0222222 0
0 0.429167 0 0.0222222 0
0 0.429167 0 0.0222222 0
0 0.429167 0 0.0222222 0
0 0.429167 0 0.0222222 0
0 0.429167 0 0.0222222 0
0 0.429167 0 0.0222222 0
0 0.429167 0 0.0222222 0
0 0.429167 0 0.0222222 0
0 0.429167 0 0.0222222 0
0 0.429167 0 0.0222222 0
0 0.429167 0 0.0222222 0
0 0.429167 0 0.0222222 0
0 0.429167 0 0.0222222 0
0 0.429167 0 0.0222222 0
0 0.429167 0 0.0222222 0
0 0.429167 0 0.0222222 0
0 0.429167 0 0.0222222 0
0 0.429167 0 0.0222222 0
0 0.429167 0 0.0222222 0
0 0.429167 0 0.0222222 0
0 0.429167 0 0.0222222 0
0 0.429167 0 0.0222222 0
0 0.429167 0 0.0222222 0
0 0.429167 0 0.0222222 0
0 0.429167 0 0.0222222 0
0 0.429167 0 0.0222222 0
0 0.429167 0 0.0222222 0
0 0.429167 0 0.0222222 0
0 0.429167 0 0.0222222 0
0 0.429167 0 0.0222222 0
0 0.429167 0 0.0222222 0
0 0.429167 0 0.0222222 0
0 0.429167 0 0.0222222 0
0 0.429167 0 0.0222222 0
0 0.429167 0 0.0222222 0
0 0.429167 0 0.0222222 0
0 0.429167 0 0.0222222 0
0 0.429167 0 0.0222222 0
0 0.429167 0 0.0222222 0
0 0.429167 0 0.0222222 0
0 0.429167 0 0.0222222 0
0 0.429167 0 0.0222222 0
0 0.429167 0 0.0222222 0
0 0.429167 0 0.0222222 0
0 0.429167 0 0.0222222 0
0 0.429167 0 0.0222222 0
0 0.429167 0 0.0222222 0
0 0.429167 0 0.0222222 0
0 0.429167 0 0.0222222 0
0 0.429167 0 0.0222222 0
0 0.429167 0 0.0222222 0
0 0.429167 0 0.0222222 0
0 0.429167 0 0.0222222 0
0 0.429167 0 0.0222222 0
0 0.429167 0 0.0222222 0
0 0.429167 0 0.0222222 0
0 0.429167 0 0.0222222 0
0 0.429167 0 0.0222222 0
0 0.429167 0 0.0222222 0
0 0.429167 0 0.0222222 0
0 0.429167 0 0.0222222 0
0 0.429167 0 0.0222222 0
0 0.429167 0 0.0222222 0
0 0.429167 0 0.0222222 0
0 0.429167 0 0.0222222 0
0 0.429167 0 0.0222222 0
0 0.429167 0 0.0222222 0
0 0.429167 0 0.0222222 0
0 0.429167 0 0.0222222 0
0 0.429167 0 0.0222222 0
0 0.429167 0 0.0222222 0
0 0.429167 0 0.0222222 0
0 0.429167 0 0.0222222 0
0 0.429167 0 0.0222222 0
0 0.429167 0 0.0222222 0
0 0.429167 0 0.0222222 0
0 0.429167 0 0.0222222 0
0 0.429167 0 0.0222222 0
0 0.429167 0 0.0222222 0
0 0.429167 0 0.0222222 0
0 0.429167 0 0.0222222 0
0 0.429167 0 0.0222222 0
0 0.429167 0 0.0222222 0
0 0.429167 0 0.0222222 0
0 0.429167 0 0.0222222 0
0 0.429167 0 0.0222222 0
0 0.429167 0 0.0222222 0
0 0.429167 0 0.0222222 0
0 0.429167 0 0.0222222 0
0 0.429167 0 0.0222222 0
0 0.429167 0 0.0222222 0
0 0.429167 0 0.0222222 0
0 0.429167 0 0.0222222 0
0 0.429167 0 0.0222222 0
0 0.429167 0 0.0222222 0
0 0.429167 0 0.0222222 0
0 0.429167 0 0.0222222 0
0 0.429167 0 0.0222222 0
0 0.429167 0 0.0222222 0
0 0.429167 0 0.0222222 0
0 0.429167 0 0.0222222 0
0 0.429167 0 0.0222222 0
0 0.429167 0 0.0222222 0
0 0.429167 0 0.0222222 0
0 0.429167 0 0.0222222 0
0 0.429167 0 0.0222222 0
0 0.429167 0 0.0222222 0
0 0.429167 0 0.0222222 0
0 0.429167 0 0.0222222 0
0 0.429167 0 0.0222222 0
0 0.429167 0 0.0222222 0
0 0.429167 0 0.0222222 0
0 0.429167 0 0.0222222 0
0 0.429167 0 0.0222222 0
0 0.429167 0 0.0222222 0
0 0.429167 0 0.0222222 0
0 0.429167 0 0.0222222 0
0 0.429167 0 0.0222222 0
0 0.429167 0 0.0222222 0
0 0.429167 0 0.0222222 0
0 0.429167 0 0.0222222 0
0 0.429167 0 0.0222222 0
0 0.429167 0 0.0222222 0
0 0.429167 0 0.0222222 0
0 0.429167 0 0.0222222 0
0 0.429167 0 0.0222222 0
0 0.429167 0 0.0222222 0
0 0.429167 0 0.0222222 0
0 0.429167 0 0.0222222 0
0 0.429167 0 0.0222222 0
0 0.429167 0 0.0222222 0
0 0.429167 0 0.0222222 0
0 0.429167 0 0.0222222 0
0 0.429167 0 0.0222222 0
0 0.429167 0 0.0222222 0
0 0.429167 0 0.0222222 0
0 0.429167 0 0.0222222 0
0 0.429167 0 0.0222222 0
0 0.429167 0 0.0222222 0
0 0.429167 0 0.0222222 0
0 0.429167 0 0.0222222 0
0 0.429167 0 0.0222222 0
0 0.429167 0 0.0222222 0
0 0.429167 0 0.0222222 0
0 0.429167 0 0.0222222 0
0 0.429167 0 0.0222222 0
0 0.429167 0 0.0222222 0
0 0.429167 0 0.0222222 0
0 0.429167 0 0.0222222 0
0 0.429167 0 0.0222222 0
0 0.429167 0 0.0222222 0
0 0.429167 0 0.0222222 0
0 0.429167 0 0.0222222 0
0 0.429167 0 0.0222222 0
0 0.429167 0 0.0222222 0
0 0.429167 0 0.0222222 0
0 0.429167 0 0.0222222 0
0 0.429167 0 0.0222222 0
0 0.429167 0 0.0222222 0
0 0.429167 0 0.0222222 0
0 0.429167 0 0.0222222 0
0 0.429167 0 0.0222222 0
0 0.429167 0 0.0222222 0
0 0.429167 0 0.0222222 0
0 0.429167 0 0.0222222 0
0 0.429167 0 0.0222222 0
0 0.429167 0 0.0222222 0
0 0.429167 0 0.0222222 0
0 0.429167 0 0.0222222 0
0 0.429167 0 0.0222222 0
0 0.429167 0 0.0222222 0
0 0.429167 0 0.0222222 0
0 0.429167 0 0.0222222 0
0 0.429167 0 0.0222222 0
0 0.429167 0 0.0222222 0
0 0.429167 0 0.0222222 0
0 0.429167 0 0.0222222 0
0 0.429167 0 0.0222222 0
0 0.429167 0 0.0222222 0
0 0.429167 0 0.0222222 0
0 0.429167 0 0.0222222 0
0 0.429167 0 0.0222222 0
0 0.429167 0 0.0222222 0
0 0.429167 0 0.0222222 0
0 0.429167 0 0.0222222 0
0 0.429167 0 0.0222222 0
0 0.429167 0 0.0222222 0
0 0.429167 0 0.0222222 0
0 0.429167 0 0.0222222 0
0 0.429167 0 0.0222222 0
0 0.429167 0 0.0222222 0
0 0.429167 0 0.0222222 0
0 0.429167 0 0.0222222 0
0 0.429167 0 0.0222222 0
0 0.429167 0 0.0222222 0
0 0.429167 0 0.0222222 0
0 0.429167 0 0.0222222 0
0 0.429167 0 0.0222222 0
0 0.429167 0 0.0222222 0
0 0.429167 0 0.0222222 0
0 0.429167 0 0.0222222 0
0 0.429167 0 0.0222222 0
0 0.429167 0 0.0222222 0
0 0.429167 0 0.0222222 0
0 0.429167 0 0.0222222 0
0 0.429167 0 0.0222222 0
0 0.429167 0 0.0222222 0
0 0.429167 0 0.0222222 0
0 0.429167 0 0.0222222 0
0 0.429167 0 0.0222222 0
0 0.429167 0 0.0222222 0
0 0.429167 0 0.0222222 0
0 0.429167 0 0.0222222 0
0 0.429167 0 0.0222222 0
0 0.429167 0 0.0222222 0
0 0.429167 0 0.0222222 0
0 0.429167 0 0.0222222 0
0 0.429167 0 0.0222222 0
0 0.429167 0 0.0222222 0
0 0.429167 0 0.0222222 0
0 0.429167 0 0.0222222 0
0 0.429167 0 0.0222222 0
0 0.429167 0 0.0222222 0
0 0.429167 0 0.0222222 0
0 0.429167 0 0.0222222 0
0 0.429167 0 0.0222222 0
0 0.429167 0 0.0222222 0
0 0.429167 0 0.0222222 0
0 0.429167 0 0.0222222 0
0 0.429167 0 0.0222222 0
0 0.429167 0 0.0222222 0
0 0.429167 0 0.0222222 0
0 0.429167 0 0.0222222 0
0 0.429167 0 0.0222222 0
0 0.429167 0 0.0222222 0
0 0.429167 0 0.0222222 0
0 0.429167 0 0.0222222 0
