0 0.585417 0 0.0208333 0
0 0.585417 0 0.0208333 0
0 0.585417 0 0.0208333 0
0 0.585417 0 0.0208333 0
0 0.585417 0 0.0208333 0
0 0.585417 0 0.0208333 0
0 0.585417 0 0.0208333 0
0 0.585417 0 0.0208333 0
0 0.585417 0 0.0208333 0
0 0.585417 0 0.0208333 0
0 0.585417 0 0.0208333 0
0 0.585417 0 0.0208333 0
0 0.585417 0 0.0208333 0
0 0.585417 0 0.0208333 0
0 0.585417 0 0.0208333 0
0 0.585417 0 0.0208333 0
0 0.585417 0 0.0208333 0
0 0.585417 0 0.0208333 0
0 0.585417 0 0.0208333 0
0 0.585417 0 0.0208333 0
0 0.585417 0 0.0208333 0
0 0.585417 0 0.0208333 0
0 0.585417 0 0.0208333 0
0 0.585417 0 0.0208333 0
0 0.585417 0 0.0208333 0
0 0.585417 0 0.0208333 0
0 0.585417 0 0.0208333 0
0 0.585417 0 0.0208333 0
0 0.585417 0 0.0208333 0
0 0.585417 0 0.0208333 0
0 0.585417 0 0.0208333 0
0 0.585417 0 0.0208333 0
0 0.585417 0 0.0208333 0
0 0.585417 0 0.0208333 0
0 0.585417 0 0.0208333 0
0 0.585417 0 0.0208333 0
0 0.585417 0 0.0208333 0
0 0.585417 0 0.0208333 0
0 0.585417 0 0.0208333 0
0 0.585417 0 0.0208333 0
0 0.585417 0 0.0208333 0
0 0.585417 0 0.0208333 0
0 0.585417 0 0.0208333 0
0 0.585417 0 0.0208333 0
0 0.585417 0 0.0208333 0
0 0.585417 0 0.0208333 0
0 0.585417 0 0.0208333 0
0 0.585417 0 0.0208333 0
0 0.585417 0 0.0208333 0
0 0.585417 0 0.0208333 0
0 0.585417 0 0.0208333 0
0 0.585417 0 0.0208333 0
0 0.585417 0 0.0208333 0
0 0.585417 0 0.0208333 0
0 0.585417 0 0.0208333 0
0 0.585417 0 0.0208333 0
0 0.585417 0 0.0208333 0
0 0.585417 0 0.0208333 0
0 0.585417 0 0.0208333 0
0 0.585417 0 0.0208333 0
0 0.585417 0 0.0208333 0
0 0.585417 0 0.0208333 0
0 0.585417 0 0.0208333 0
0 0.585417 0 0.0208333 0
0 0.585417 0 0.0208333 0
0 0.585417 0 0.0208333 0
0 0.585417 0 0.0208333 0
0 0.585417 0 0.0208333 0
0 0.585417 0 0.0208333 0
0 0.585417 0 0.0208333 0
0 0.585417 0 0.0208333 0
0 0.585417 0 0.0208333 0
0 0.585417 0 0.0208333 0
0 0.585417 0 0.0208333 0
0 0.585417 0 0.0208333 0
0 0.585417 0 0.0208333 0
0 0.585417 0 0.0208333 0
0 0.585417 0 0.0208333 0
0 0.585417 0 0.0208333 0
0 0.585417 0 0.0208333 0
0 0.585417 0 0.0208333 0
0 0.585417 0 0.0208333 0
0 0.585417 0 0.0208333 0
0 0.585417 0 0.0208333 0
0 0.585417 0 0.0208333 0
0 0.585417 0 0.0208333 0
0 0.585417 0 0.0208333 0
0 0.585417 0 0.0208333 0
0 0.585417 0 0.0208333 0
0 0.585417 0 0.0208333 0
0 0.585417 0 0.0208333 0
0 0.585417 0 0.0208333 0
0 0.585417 0 0.0208333 0
0 0.585417 0 0.0208333 0
0 0.585417 0 0.0208333 0
0 0.585417 0 0.0208333 0
0 0.585417 0 0.0208333 0
0 0.585417 0 0.0208333 0
0 0.585417 0 0.0208333 0
0 0.585417 0 0.0208333 0
0 0.585417 0 0.0208333 0
0 0.585417 0 0.0208333 0
0 0.585417 0 0.0208333 0
0 0.585417 0 0.0208333 0
0 0.585417 0 0.0208333 0
0 0.585417 0 0.0208333 0
0 0.585417 0 0.0208333 0
0 0.585417 0 0.0208333 0
0 0.585417 0 0.0208333 0
0 0.585417 0 0.0208333 0
0 0.585417 0 0.0208333 0
0 0.585417 0 0.0208333 0
0 0.585417 0 0.0208333 0
0 0.585417 0 0.0208333 0
0 0.585417 0 0.0208333 0
0 0.585417 0 0.0208333 0
0 0.585417 0 0.0208333 0
0 0.585417 0 0.0208333 0
0 0.585417 0 0.0208333 0
0 0.585417 0 0.0208333 0
0 0.585417 0 0.0208333 0
0 0.585417 0 0.0208333 0
0 0.585417 0 0.0208333 0
0 0.585417 0 0.0208333 0
0 0.585417 0 0.0208333 0
0 0.585417 0 0.0208333 0
0 0.585417 0 0.0208333 0
0 0.585417 0 0.0208333 0
0 0.585417 0 0.0208333 0
0 0.585417 0 0.0208333 0
0 0.585417 0 0.0208333 0
0 0.585417 0 0.0208333 0
0 0.585417 0 0.0208333 0
0 0.585417 0 0.0208333 0
0 0.585417 0 0.0208333 0
0 0.585417 0 0.0208333 0
0 0.585417 0 0.0208333 0
0 0.585417 0 0.0208333 0
0 0.585417 0 0.0208333 0
0 0.585417 0 0.0208333 0
0 0.585417 0 0.0208333 0
0 0.585417 0 0.0208333 0
0 0.585417 0 0.0208333 0
0 0.585417 0 0.0208333 0
0 0.585417 0 0.0208333 0
0 0.585417 0 0.0208333 0
0 0.585417 0 0.0208333 0
0 0.585417 0 0.0208333 0
0 0.585417 0 0.0208333 0
0 0.585417 0 0.0208333 0
0 0.585417 0 0.0208333 0
0 0.585417 0 0.0208333 0
0 0.585417 0 0.0208333 0
0 0.585417 0 0.0208333 0
0 0.585417 0 0.0208333 0
0 0.585417 0 0.0208333 0
0 0.585417 0 0.0208333 0
0 0.585417 0 0.0208333 0
0 0.585417 0 0.0208333 0
0 0.585417 0 0.0208333 0
0 0.585417 0 0.0208333 0
0 0.585417 0 0.0208333 0
0 0.585417 0 0.0208333 0
0 0.585417 0 0.0208333 0
0 0.585417 0 0.0208333 0
0 0.585417 0 0.0208333 0
0 0.585417 0 0.0208333 0
0 0.585417 0 0.0208333 0
0 0.585417 0 0.0208333 0
0 0.585417 0 0.0208333 0
0 0.585417 0 0.0208333 0
0 0.585417 0 0.0208333 0
0 0.585417 0 0.0208333 0
0 0.585417 0 0.0208333 0
0 0.585417 0 0.0208333 0
0 0.585417 0 0.0208333 0
0 0.585417 0 0.0208333 0
0 0.585417 0 0.0208333 0
0 0.585417 0 0.0208333 0
0 0.585417 0 0.0208333 0
0 0.585417 0 0.0208333 0
0 0.585417 0 0.0208333 0
0 0.585417 0 0.0208333 0
0 0.585417 0 0.0208333 0
0 0.585417 0 0.0208333 0
0 0.585417 0 0.0208333 0
0 0.585417 0 0.0208333 0
0 0.585417 0 0.0208333 0
0 0.585417 0 0.0208333 0
0 0.585417 0 0.0208333 0
0 0.585417 0 0.0208333 0
0 0.585417 0 0.0208333 0
0 0.585417 0 0.0208333 0
0 0.585417 0 0.0208333 0
0 0.585417 0 0.0208333 0
0 0.585417 0 0.0208333 0
0 0.585417 0 0.0208333 0
0 0.585417 0 0.0208333 0
0 0.585417 0 0.0208333 0
0 0.585417 0 0.0208333 0
0 0.585417 0 0.0208333 0
0 0.585417 0 0.0208333 0
0 0.585417 0 0.0208333 0
0 0.585417 0 0.0208333 0
0 0.585417 0 0.0208333 0
0 0.585417 0 0.0208333 0
0 0.585417 0 0.0208333 0
0 0.585417 0 0.0208333 0
0 0.585417 0 0.0208333 0
0 0.585417 0 0.0208333 0
0 0.585417 0 0.0208333 0
0 0.585417 0 0.0208333 0
0 0.585417 0 0.0208333 0
0 0.585417 0 0.0208333 0
0 0.585417 0 0.0208333 0
0 0.585417 0 0.0208333 0
0 0.585417 0 0.0208333 0
0 0.585417 0 0.0208333 0
0 0.585417 0 0.0208333 0
0 0.585417 0 0.0208333 0
0 0.585417 0 0.0208333 0
0 0.585417 0 0.0208333 0
0 0.585417 0 0.0208333 0
0 0.585417 0 0.0208333 0
0 0.585417 0 0.0208333 0
0 0.585417 0 0.0208333 0
0 0.585417 0 0.0208333 0
0 0.585417 0 0.0208333 0
0 0.585417 0 0.0208333 0
0 0.585417 0 0.0208333 0
0 0.585417 0 0.0208333 0
0 0.585417 0 0.0208333 0
0 0.585417 0 0.0208333 0
0 0.586806 0 0.0208333 0
0 0.590972 0 0.0208333 0
0 0.596528 0 0.0208333 0
0 0.6 0 0.0194444 0
0 0.604861 0 0.0208333 0
0 0.609028 0 0.0208333 0
0 0.613889 0 0.0194444 0
0 0.618056 0 0.0222222 0
0 0.620139 0 0.0208333 0
0 0.620139 0 0.0208333 0
0 0.622222 0 0.0194444 0
0 0.625 0 0.0194444 0
0 0.625 0 0.0194444 0
0 0.629861 0 0.0208333 0
0 0.631944 0 0.0194444 0
0 0.634028 0 0.0208333 0
0 0.635417 0 0.0208333 0
0 0.635417 0 0.0208333 0
0 0.638889 0 0.0194444 0
0 0.639583 0 0.0208333 0
0 0.64375 0 0.0208333 0
0 0.645833 0 0.0194444 0
0 0.648611 0 0.0194444 0
0 0.651389 0 0.0194444 0
0 0.654861 0 0.0208333 0
0 0.658333 0 0.0194444 0
0 0.661111 0 0.0194444 0
0 0.6625 0 0.0194444 0
0 0.664583 0 0.0208333 0
0 0.667361 0 0.0208333 0
0 0.670139 0 0.0208333 0
0 0.671528 0 0.0208333 0
0 0.675 0 0.0194444 0
0 0.678472 0 0.0208333 0
0 0.683333 0 0.0194444 0
0 0.684028 0 0.0208333 0
0 0.685417 0 0.0208333 0
0 0.688889 0 0.0194444 0
0 0.692361 0 0.0208333 0
0 0.695833 0 0.0194444 0
0 0.7 0 0.0194444 0
0 0.703472 0 0.0208333 0
0 0.706944 0 0.0194444 0
0 0.708333 0 0.0194444 0
0 0.710417 0 0.0208333 0
0 0.710417 0 0.0208333 0
0 0.713889 0 0.0194444 0
0 0.716667 0 0.0222222 0
0 0.721528 0 0.0208333 0
0 0.722917 0 0.0208333 0
0 0.725 0 0.0194444 0
0 0.727083 0 0.0208333 0
0 0.728472 0 0.0208333 0
0 0.728472 0 0.0208333 0
0 0.732639 0 0.0208333 0
0 0.736806 0 0.0208333 0
0 0.740972 0 0.0208333 0
0 0.744444 0 0.0194444 0
0 0.747917 0 0.0208333 0
0 0.757639 0 0.0208333 0
0 0.757639 0 0.0208333 0
0 0.763194 0 0.0208333 0
0 0.763194 0 0.0208333 0
0 0.764583 0 0.0208333 0
0 0.772222 0 0.0194444 0
0 0.772222 0 0.0194444 0
0 0.777083 0 0.0208333 0
0 0.779861 0 0.0236111 0
0 0.779861 0 0.0236111 0
0 0.783333 0 0.0194444 0
0 0.786111 0 0.0194444 0
0 0.788889 0 0.0194444 0
0 0.790278 0 0.0194444 0
0 0.792361 0 0.0208333 0
0 0.79375 0 0.0208333 0
0 0.795833 0 0.0194444 0
0 0.795833 0 0.0194444 0
0 0.795833 0 0.0194444 0
0 0.8 0 0.0194444 0
0 0.801389 0 0.0194444 0
0 0.802083 0 0.0208333 0
0 0.804167 0 0.0194444 0
0 0.80625 0 0.0208333 0
0 0.808333 0 0.0194444 0
0 0.808333 0 0.0194444 0
0 0.810417 0 0.0180556 0
0 0.811111 0 0.0194444 0
0 0.8125 0 0.0194444 0
0 0.8125 0 0.0194444 0
0 0.814583 0 0.0208333 0
0 0.815972 0 0.0208333 0
0 0.817361 0 0.0208333 0
0 0.817361 0 0.0208333 0
0 0.817361 0 0.0208333 0
0 0.81875 0 0.0208333 0
0 0.817361 0 0.0208333 0
0 0.81875 0 0.0208333 0
0 0.817361 0 0.0208333 0
0 0.816667 0 0.0194444 0
0 0.815278 0 0.0194444 0
0 0.814583 0 0.0180556 0
0 0.813889 0 0.0194444 0
0 0.813194 0 0.0180556 0
0 0.8125 0 0.0194444 0
0 0.8125 0 0.0194444 0
0 0.811806 0 0.0180556 0
0 0.810417 0 0.0180556 0
0 0.810417 0 0.0180556 0
0 0.809028 0 0.0180556 0
0 0.809028 0 0.0180556 0
0 0.809028 0 0.0180556 0
0 0.807639 0 0.0208333 0
0 0.80625 0 0.0208333 0
0 0.80625 0 0.0208333 0
0 0.805556 0 0.0194444 0
0 0.803472 0 0.0208333 0
0 0.802083 0 0.0180556 0
0 0.800694 0 0.0208333 0
0 0.8 0 0.0194444 0
0 0.799306 0 0.0180556 0
0 0.796528 0 0.0208333 0
0 0.794444 0 0.0194444 0
0 0.793056 0 0.0222222 0
0 0.792361 0 0.0208333 0
0 0.789583 0 0.0208333 0
0 0.788194 0 0.0208333 0
0 0.7875 0 0.0194444 0
0 0.786111 0 0.0194444 0
0 0.784028 0 0.0208333 0
0 0.784028 0 0.0208333 0
0 0.781944 0 0.0194444 0
0 0.78125 0 0.0208333 0
0 0.779167 0 0.0194444 0
0 0.777083 0 0.0208333 0
0 0.777083 0 0.0208333 0
0 0.776389 0 0.0194444 0
0 0.775 0 0.0194444 0
0 0.775 0 0.0194444 0
0 0.774306 0 0.0180556 0
0 0.773611 0 0.0194444 0
0 0.771528 0 0.0208333 0
0 0.770833 0 0.0194444 0
0 0.769444 0 0.0194444 0
0 0.769444 0 0.0194444 0
0 0.768056 0 0.0194444 0
0 0.767361 0 0.0208333 0
0 0.765278 0 0.0222222 0
0 0.764583 0 0.0208333 0
0 0.763889 0 0.0194444 0
0 0.7625 0 0.0194444 0
0 0.760417 0 0.0208333 0
0 0.760417 0 0.0208333 0
0 0.759028 0 0.0208333 0
0 0.757639 0 0.0208333 0
0 0.756944 0 0.0194444 0
0 0.755556 0 0.0222222 0
0 0.755556 0 0.0222222 0
0 0.590972 0 0.0458333 0
0 0.754861 0 0.0208333 0
0 0.753472 0 0.0208333 0
0 0.751389 0 0.0194444 0
0 0.75 0 0.0194444 0
0 0.591667 0 0.0416667 0
0 0.748611 0 0.0194444 0
0 0.590972 0 0.0402778 0
0 0.746528 0 0.0208333 0
0 0.745139 0 0.0208333 0
0 0.745139 0 0.0208333 0
0 0.744444 0 0.0194444 0
0 0.742361 0 0.0208333 0
0 0.742361 0 0.0208333 0
0 0.589583 0 0.0458333 0
0 0.740972 0 0.0208333 0
0 0.739583 0 0.0208333 0
0 0.738194 0 0.0208333 0
0 0.736806 0 0.0208333 0
0 0.735417 0 0.0208333 0
0 0.732639 0 0.0208333 0
0 0.590972 0 0.0513889 0
0 0.73125 0 0.0208333 0
0 0.588194 0 0.0513889 0
0 0.730556 0 0.0194444 0
0 0.728472 0 0.0208333 0
0 0.727778 0 0.0194444 0
0 0.725694 0 0.0208333 0
0 0.725 0 0.0194444 0
0 0.722917 0 0.0208333 0
0 0.722917 0 0.0208333 0
0 0.584028 0 0.0486111 0
0 0.720833 0 0.0194444 0
0 0.583333 0 0.05 0
0 0.719444 0 0.0194444 0
0 0.583333 0 0.0527778 0
0 0.718056 0 0.0194444 0
0 0.582639 0 0.0513889 0
0 0.717361 0 0.0208333 0
0 0.715278 0 0.0222222 0
0 0.714583 0 0.0208333 0
0 0.713889 0 0.0194444 0
0 0.7125 0 0.0194444 0
0 0.577083 0 0.0458333 0
0 0.711806 0 0.0208333 0
0 0.711111 0 0.0194444 0
0 0.709722 0 0.0194444 0
0 0.709028 0 0.0208333 0
0 0.707639 0 0.0208333 0
0 0.707639 0 0.0208333 0
0 0.706944 0 0.0194444 0
0 0.706944 0 0.0194444 0
0 0.70625 0 0.0180556 0
0 0.705556 0 0.0194444 0
0 0.704861 0 0.0208333 0
0 0.704861 0 0.0208333 0
0 0.704861 0 0.0208333 0
0 0.704861 0 0.0208333 0
0 0.704861 0 0.0208333 0
0 0.704861 0 0.0208333 0
0 0.704861 0 0.0208333 0
0 0.571528 0 0.0430556 0
0 0.704167 0 0.0194444 0
0 0.704167 0 0.0194444 0
0 0.704861 0 0.0208333 0
0 0.704861 0 0.0208333 0
0 0.704861 0 0.0208333 0
0 0.570833 0 0.0416667 0
0 0.704861 0 0.0208333 0
0 0.570833 0 0.0416667 0
0 0.704861 0 0.0208333 0
0 0.704861 0 0.0208333 0
0 0.571528 0 0.0430556 0
0 0.705556 0 0.0194444 0
0 0.705556 0 0.0194444 0
0 0.705556 0 0.0194444 0
0 0.705556 0 0.0194444 0
0 0.705556 0 0.0194444 0
0 0.704861 0 0.0208333 0
0 0.704861 0 0.0208333 0
0 0.704167 0 0.0194444 0
0 0.704167 0 0.0194444 0
0 0.567361 0 0.0430556 0
0 0.703472 0 0.0208333 0
0 0.567361 0 0.0430556 0
0 0.703472 0 0.0208333 0
0 0.703472 0 0.0208333 0
0 0.702778 0 0.0194444 0
0 0.702778 0 0.0194444 0
0 0.567361 0 0.0430556 0
0 0.702083 0 0.0180556 0
0 0.567361 0 0.0430556 0
0 0.702083 0 0.0180556 0
0 0.701389 0 0.0194444 0
0 0.700694 0 0.0180556 0
0 0.7 0 0.0194444 0
0 0.7 0 0.0194444 0
0 0.699306 0 0.0180556 0
0 0.698611 0 0.0194444 0
0 0.698611 0 0.0194444 0
0 0.697222 0 0.0194444 0
0 0.695833 0 0.0194444 0
0 0.694444 0 0.0194444 0
0 0.694444 0 0.0194444 0
0 0.69375 0 0.0208333 0
0 0.692361 0 0.0208333 0
0 0.690972 0 0.0208333 0
0 0.690278 0 0.0194444 0
0 0.688889 0 0.0194444 0
0 0.6875 0 0.0166667 0
0 0.686806 0 0.0180556 0
0 0.552083 0 0.0402778 0
0 0.686111 0 0.0194444 0
0 0.685417 0 0.0180556 0
0 0.684722 0 0.0194444 0
0 0.683333 0 0.0194444 0
0 0.684722 0 0.0194444 0
0 0.682639 0 0.0180556 0
0 0.682639 0 0.0180556 0
0 0.552083 0 0.0402778 0
0 0.683333 0 0.0194444 0
0 0.68125 0 0.0180556 0
0 0.681944 0 0.0194444 0
0 0.68125 0 0.0180556 0
0 0.681944 0 0.0194444 0
0 0.681944 0 0.0166667 0
0 0.68125 0 0.0180556 0
0 0.554167 0 0.0444444 0
0 0.682639 0 0.0180556 0
0 0.682639 0 0.0180556 0
0 0.554861 0 0.0458333 0
0 0.682639 0 0.0180556 0
0 0.682639 0 0.0180556 0
0 0.554167 0 0.0416667 0
0 0.683333 0 0.0194444 0
0 0.682639 0 0.0180556 0
0 0.682639 0 0.0180556 0
0 0.682639 0 0.0180556 0
0 0.682639 0 0.0180556 0
0 0.555556 0 0.0472222 0
0 0.681944 0 0.0194444 0
0 0.681944 0 0.0194444 0
0 0.68125 0 0.0180556 0
0 0.679861 0 0.0180556 0
0 0.679167 0 0.0194444 0
0 0.678472 0 0.0180556 0
0 0.677083 0 0.0180556 0
0 0.677083 0 0.0180556 0
0 0.677083 0 0.0180556 0
0 0.675694 0 0.0180556 0
0 0.675 0 0.0166667 0
0 0.674306 0 0.0180556 0
0 0.673611 0 0.0194444 0
0 0.672917 0 0.0180556 0
0 0.672222 0 0.0166667 0
0 0.671528 0 0.0180556 0
0 0.670833 0 0.0166667 0
0 0.670139 0 0.0180556 0
0 0.66875 0 0.0180556 0
0 0.66875 0 0.0152778 0
0 0.668056 0 0.0194444 0
0 0.668056 0 0.0138889 0
0 0.66875 0 0.0180556 0
0 0.668056 0 0.0166667 0
0 0.667361 0 0.0180556 0
0 0.667361 0 0.0180556 0
0 0.666667 0 0.0166667 0
0 0.665972 0 0.0180556 0
0 0.664583 0 0.0180556 0
0 0.664583 0 0.0180556 0
0 0.6625 0 0.0166667 0
0 0.661806 0 0.0208333 0
0 0.661111 0 0.0194444 0
0 0.659028 0 0.0208333 0
0 0.654861 0 0.0208333 0
0 0.654167 0 0.0194444 0
0 0.650694 0 0.0180556 0
0 0.649306 0 0.0180556 0
0 0.646528 0 0.0180556 0
0 0.645833 0 0.0194444 0
0 0.64375 0 0.0208333 0
0 0.640972 0 0.0208333 0
0 0.640972 0 0.0208333 0
0 0.638194 0 0.0180556 0
0 0.636806 0 0.0180556 0
0 0.634722 0 0.0194444 0
0 0.631944 0 0.0194444 0
0 0.630556 0 0.0222222 0
0 0.629167 0 0.0194444 0
0 0.626389 0 0.0194444 0
0 0.625 0 0.0194444 0
0 0.621528 0 0.0180556 0
0 0.619444 0 0.0194444 0
0 0.618056 0 0.0194444 0
0 0.614583 0 0.0180556 0
0 0.611806 0 0.0152778 0
0 0.611111 0 0.0194444 0
0 0.608333 0 0.0194444 0
0 0.606944 0 0.0194444 0
0 0.604861 0 0.0208333 0
0 0.602778 0 0.0194444 0
0 0.601389 0 0.0166667 0
0 0.6 0 0.0166667 0
0 0.598611 0 0.0166667 0
0 0.597917 0 0.0180556 0
0 0.596528 0 0.0180556 0
0 0.594444 0 0.0222222 0
0 0.59375 0 0.0180556 0
0 0.59375 0 0.0180556 0
0 0.593056 0 0.0222222 0
0 0.593056 0 0.0194444 0
0 0.592361 0 0.0208333 0
0 0.591667 0 0.0194444 0
0 0.591667 0 0.0194444 0
0 0.592361 0 0.0180556 0
0 0.591667 0 0.0194444 0
0 0.591667 0 0.0194444 0
0 0.590278 0 0.0194444 0
0 0.590278 0 0.0166667 0
0 0.588194 0 0.0180556 0
0 0.588194 0 0.0180556 0
0 0.5875 0 0.0194444 0
0 0.5875 0 0.0194444 0
0 0.586806 0 0.0208333 0
0 0.586111 0 0.0194444 0
0 0.586111 0 0.0194444 0
0 0.586111 0 0.0194444 0
0 0.585417 0 0.0180556 0
0 0.584722 0 0.0194444 0
0 0.583333 0 0.0166667 0
0 0.582639 0 0.0180556 0
0 0.581944 0 0.0194444 0
0 0.58125 0 0.0180556 0
0 0.58125 0 0.0180556 0
0 0.579861 0 0.0152778 0
0 0.578472 0 0.0180556 0
0 0.575694 0 0.0180556 0
0 0.575694 0 0.0180556 0
0 0.572917 0 0.0180556 0
0 0.560417 0 0.0180556 0
0 0.560417 0 0.0180556 0
0 0.553472 0 0.0180556 0
0 0.553472 0 0.0208333 0
0 0.55 0 0.0166667 0
0 0.548611 0 0.0194444 0
0 0.548611 0 0.0194444 0
0 0.546528 0 0.0208333 0
0 0.544444 0 0.0194444 0
0 0.542361 0 0.0180556 0
0 0.538889 0 0.0166667 0
0 0.5375 0 0.0194444 0
0 0.535417 0 0.0180556 0
0 0.532639 0 0.0180556 0
0 0.53125 0 0.0180556 0
0 0.530556 0 0.0194444 0
0 0.529861 0 0.0180556 0
0 0.528472 0 0.0180556 0
0 0.528472 0 0.0180556 0
0 0.527083 0 0.0180556 0
0 0.526389 0 0.0166667 0
0 0.522917 0 0.0180556 0
0 0.519444 0 0.0194444 0
0 0.516667 0 0.0222222 0
0 0.497917 0 0.0458333 0
0 0.513889 0 0.0222222 0
0 0.486111 0 0.0694444 0
0 0.483333 0 0.0777778 0
0 0.482639 0 0.0680556 0
0 0.480556 0 0.0694444 0
0 0.481944 0 0.0611111 0
0 0.502083 0 0.0180556 0
0 0.481944 0 0.0555556 0
0 0.501389 0 0.0194444 0
0 0.480556 0 0.0611111 0
0 0.5 0 0.0166667 0
0 0.481944 0 0.0527778 0
0 0.477083 0 0.0625 0
0 0.476389 0 0.0611111 0
0 0.476389 0 0.0611111 0
0 0.476389 0 0.0583333 0
0 0.477083 0 0.0541667 0
0 0.471528 0 0.0652778 0
0 0.469444 0 0.0694444 0
0 0.473611 0 0.0583333 0
0 0.46875 0 0.0680556 0
0 0.466667 0 0.0694444 0
0 0.463889 0 0.0777778 0
0 0.465972 0 0.0680556 0
0 0.463889 0 0.0694444 0
0 0.464583 0 0.0680556 0
0 0.461806 0 0.0763889 0
0 0.465278 0 0.0638889 0
0 0.461111 0 0.0722222 0
0 0.461111 0 0.0722222 0
0 0.459722 0 0.0694444 0
0 0.458333 0 0.0666667 0
0 0.458333 0 0.0638889 0
0 0.456944 0 0.0638889 0
0 0.454167 0 0.0694444 0
0 0.459028 0 0.0569444 0
0 0.452778 0 0.0638889 0
0 0.456944 0 0.0555556 0
0 0.456944 0 0.0555556 0
0 0.45625 0 0.0569444 0
0 0.45625 0 0.0569444 0
0 0.457639 0 0.0541667 0
0 0.455556 0 0.0583333 0
0 0.456944 0 0.0527778 0
0 0.45625 0 0.0541667 0
0 0.45625 0 0.0541667 0
0 0.45625 0 0.0513889 0
0 0.45625 0 0.0541667 0
0 0.45625 0 0.0513889 0
0 0.45625 0 0.0513889 0
0 0.454861 0 0.0597222 0
0 0.454861 0 0.0597222 0
0 0.453472 0 0.0652778 0
0 0.457639 0 0.0569444 0
0 0.460417 0 0.0513889 0
0 0.461111 0 0.05 0
0 0.459722 0 0.0527778 0
0 0.4625 0 0.0527778 0
0 0.465972 0 0.0430556 0
0 0.466667 0 0.0444444 0
0 0.46875 0 0.0402778 0
0 0.470139 0 0.0402778 0
0 0.470833 0 0.0416667 0
0 0.470139 0 0.0430556 0
0 0.472222 0 0.0416667 0
0 0.472222 0 0.0416667 0
0 0.472222 0 0.0416667 0
0 0.472917 0 0.0430556 0
0 0.472917 0 0.0430556 0
0 0.470833 0 0.0472222 0
0 0.470833 0 0.0472222 0
0 0.470833 0 0.0472222 0
0 0.474306 0 0.0458333 0
0 0.472222 0 0.0555556 0
0 0.480556 0 0.0416667 0
0 0.479167 0 0.0472222 0
0 0.482639 0 0.0458333 0
0 0.477778 0 0.0583333 0
0 0.477778 0 0.0583333 0
0 0.484722 0 0.0444444 0
0 0.479861 0 0.0541667 0
0 0.4875 0 0.0416667 0
0 0.484722 0 0.0555556 0
0 0.490278 0 0.0444444 0
0 0.493056 0 0.0472222 0
0 0.495139 0 0.0375 0
0 0.495833 0 0.0472222 0
0 0.497222 0 0.0416667 0
0 0.497917 0 0.0402778 0
0 0.497917 0 0.0402778 0
0 0.501389 0 0.0388889 0
0 0.501389 0 0.0444444 0
0 0.502778 0 0.0444444 0
0 0.504167 0 0.0444444 0
0 0.506944 0 0.0416667 0
0 0.50625 0 0.0430556 0
0 0.505556 0 0.05 0
0 0.510417 0 0.0430556 0
0 0.508333 0 0.0472222 0
0 0.510417 0 0.0430556 0
0 0.511111 0 0.0444444 0
0 0.511111 0 0.0444444 0
0 0.510417 0 0.0513889 0
0 0.511806 0 0.0458333 0
0 0.513194 0 0.0458333 0
0 0.511806 0 0.0513889 0
0 0.514583 0 0.0458333 0
0 0.534722 0 0.0138889 0
0 0.536806 0 0.0125 0
0 0.536806 0 0.0152778 0
0 0.538889 0 0.0166667 0
0 0.540278 0 0.0194444 0
0 0.523611 0 0.0416667 0
0 0.540278 0 0.0222222 0
0 0.540972 0 0.0208333 0
0 0.543056 0 0.0194444 0
0 0.541667 0 0.0222222 0
0 0.544444 0 0.0166667 0
0 0.526389 0 0.0388889 0
0 0.546528 0 0.0152778 0
0 0.527083 0 0.0402778 0
0 0.545833 0 0.0138889 0
0 0.527083 0 0.0402778 0
0 0.545833 0 0.0138889 0
0 0.548611 0 0.0138889 0
0 0.528472 0 0.0402778 0
0 0.547917 0 0.0152778 0
0 0.549306 0 0.0125 0
0 0.527083 0 0.0430556 0
0 0.550694 0 0.0152778 0
0 0.550694 0 0.0152778 0
0 0.552083 0 0.0152778 0
0 0.551389 0 0.0166667 0
0 0.552778 0 0.0138889 0
0 0.552778 0 0.0138889 0
0 0.552778 0 0.0138889 0
0 0.552778 0 0.0138889 0
0 0.554167 0 0.0138889 0
0 0.554167 0 0.0138889 0
0 0.554167 0 0.0138889 0
0 0.553472 0 0.0125 0
0 0.554167 0 0.0138889 0
0 0.554167 0 0.0138889 0
0 0.554167 0 0.0138889 0
0 0.554861 0 0.0125 0
0 0.555556 0 0.0138889 0
0 0.555556 0 0.0138889 0
0 0.554861 0 0.0125 0
0 0.555556 0 0.0138889 0
0 0.55625 0 0.0152778 0
0 0.55625 0 0.0152778 0
0 0.55625 0 0.0152778 0
0 0.556944 0 0.0138889 0
0 0.556944 0 0.0138889 0
0 0.556944 0 0.0138889 0
0 0.556944 0 0.0138889 0
0 0.556944 0 0.0138889 0
0 0.556944 0 0.0138889 0
0 0.556944 0 0.0138889 0
0 0.556944 0 0.0138889 0
0 0.557639 0 0.0152778 0
0 0.557639 0 0.0152778 0
0 0.558333 0 0.0138889 0
0 0.558333 0 0.0138889 0
0 0.558333 0 0.0138889 0
0 0.557639 0 0.0152778 0
0 0.558333 0 0.0138889 0
0 0.559028 0 0.0152778 0
0 0.559028 0 0.0152778 0
0 0.559028 0 0.0152778 0
0 0.558333 0 0.0138889 0
0 0.558333 0 0.0138889 0
0 0.558333 0 0.0138889 0
0 0.558333 0 0.0138889 0
0 0.556944 0 0.0138889 0
0 0.556944 0 0.0138889 0
0 0.557639 0 0.0125 0
0 0.557639 0 0.0125 0
0 0.557639 0 0.0125 0
0 0.556944 0 0.0138889 0
0 0.557639 0 0.0152778 0
0 0.557639 0 0.0125 0
0 0.557639 0 0.0125 0
0 0.556944 0 0.0138889 0
0 0.557639 0 0.0125 0
0 0.556944 0 0.0138889 0
0 0.558333 0 0.0138889 0
0 0.558333 0 0.0138889 0
0 0.557639 0 0.0125 0
0 0.557639 0 0.0125 0
0 0.556944 0 0.0138889 0
0 0.556944 0 0.0138889 0
0 0.556944 0 0.0138889 0
0 0.556944 0 0.0138889 0
0 0.556944 0 0.0138889 0
0 0.556944 0 0.0138889 0
0 0.556944 0 0.0138889 0
0 0.556944 0 0.0138889 0
0 0.556944 0 0.0138889 0
0 0.556944 0 0.0138889 0
0 0.556944 0 0.0138889 0
0 0.556944 0 0.0138889 0
0 0.556944 0 0.0138889 0
0 0.556944 0 0.0138889 0
0 0.556944 0 0.0138889 0
0 0.556944 0 0.0138889 0
0 0.556944 0 0.0138889 0
0 0.556944 0 0.0138889 0
0 0.556944 0 0.0138889 0
0 0.556944 0 0.0138889 0
0 0.556944 0 0.0138889 0
0 0.556944 0 0.0138889 0
0 0.556944 0 0.0138889 0
0 0.556944 0 0.0138889 0
0 0.556944 0 0.0138889 0
0 0.556944 0 0.0138889 0
0 0.556944 0 0.0138889 0
0 0.556944 0 0.0138889 0
0 0.556944 0 0.0138889 0
0 0.556944 0 0.0138889 0
0 0.556944 0 0.0138889 0
0 0.556944 0 0.0138889 0
0 0.556944 0 0.0138889 0
0 0.556944 0 0.0138889 0
0 0.556944 0 0.0138889 0
0 0.556944 0 0.0138889 0
0 0.556944 0 0.0138889 0
0 0.556944 0 0.0138889 0
0 0.556944 0 0.0138889 0
0 0.556944 0 0.0138889 0
0 0.556944 0 0.0138889 0
0 0.556944 0 0.0138889 0
0 0.556944 0 0.0138889 0
0 0.556944 0 0.0138889 0
0 0.556944 0 0.0138889 0
0 0.556944 0 0.0138889 0
0 0.556944 0 0.0138889 0
0 0.556944 0 0.0138889 0
0 0.556944 0 0.0138889 0
0 0.556944 0 0.0138889 0
0 0.556944 0 0.0138889 0
0 0.556944 0 0.0138889 0
0 0.556944 0 0.0138889 0
0 0.556944 0 0.0138889 0
0 0.556944 0 0.0138889 0
0 0.556944 0 0.0138889 0
0 0.556944 0 0.0138889 0
0 0.556944 0 0.0138889 0
0 0.556944 0 0.0138889 0
0 0.556944 0 0.0138889 0
0 0.556944 0 0.0138889 0
0 0.556944 0 0.0138889 0
0 0.556944 0 0.0138889 0
0 0.556944 0 0.0138889 0
0 0.556944 0 0.0138889 0
0 0.556944 0 0.0138889 0
0 0.556944 0 0.0138889 0
0 0.556944 0 0.0138889 0
0 0.556944 0 0.0138889 0
0 0.556944 0 0.0138889 0
0 0.556944 0 0.0138889 0
0 0.556944 0 0.0138889 0
0 0.556944 0 0.0138889 0
0 0.556944 0 0.0138889 0
0 0.556944 0 0.0138889 0
0 0.556944 0 0.0138889 0
0 0.556944 0 0.0138889 0
0 0.556944 0 0.0138889 0
0 0.556944 0 0.0138889 0
0 0.556944 0 0.0138889 0
0 0.556944 0 0.0138889 0
0 0.556944 0 0.0138889 0
0 0.556944 0 0.0138889 0
0 0.556944 0 0.0138889 0
0 0.556944 0 0.0138889 0
0 0.556944 0 0.0138889 0
0 0.556944 0 0.0138889 0
0 0.556944 0 0.0138889 0
0 0.556944 0 0.0138889 0
0 0.556944 0 0.0138889 0
0 0.556944 0 0.0138889 0
0 0.556944 0 0.0138889 0
0 0.556944 0 0.0138889 0
0 0.556944 0 0.0138889 0
0 0.556944 0 0.0138889 0
0 0.556944 0 0.0138889 0
0 0.556944 0 0.0138889 0
0 0.556944 0 0.0138889 0
0 0.556944 0 0.0138889 0
0 0.556944 0 0.0138889 0
0 0.556944 0 0.0138889 0
0 0.556944 0 0.0138889 0
0 0.556944 0 0.0138889 0
0 0.556944 0 0.0138889 0
0 0.556944 0 0.0138889 0
0 0.556944 0 0.0138889 0
0 0.556944 0 0.0138889 0
0 0.556944 0 0.0138889 0
0 0.556944 0 0.0138889 0
0 0.556944 0 0.0138889 0
0 0.556944 0 0.0138889 0
0 0.556944 0 0.0138889 0
0 0.556944 0 0.0138889 0
0 0.556944 0 0.0138889 0
0 0.556944 0 0.0138889 0
0 0.556944 0 0.0138889 0
0 0.556944 0 0.0138889 0
0 0.556944 0 0.0138889 0
0 0.556944 0 0.0138889 0
0 0.556944 0 0.0138889 0
0 0.556944 0 0.0138889 0
0 0.556944 0 0.0138889 0
0 0.556944 0 0.0138889 0
0 0.556944 0 0.0138889 0
0 0.556944 0 0.0138889 0
0 0.556944 0 0.0138889 0
0 0.556944 0 0.0138889 0
0 0.556944 0 0.0138889 0
0 0.556944 0 0.0138889 0
0 0.556944 0 0.0138889 0
0 0.556944 0 0.0138889 0
0 0.556944 0 0.0138889 0
0 0.556944 0 0.0138889 0
0 0.556944 0 0.0138889 0
0 0.556944 0 0.0138889 0
0 0.556944 0 0.0138889 0
0 0.556944 0 0.0138889 0
0 0.556944 0 0.0138889 0
0 0.556944 0 0.0138889 0
0 0.556944 0 0.0138889 0
0 0.556944 0 0.0138889 0
0 0.556944 0 0.0138889 0
0 0.556944 0 0.0138889 0
0 0.556944 0 0.0138889 0
0 0.556944 0 0.0138889 0
0 0.556944 0 0.0138889 0
0 0.556944 0 0.0138889 0
0 0.556944 0 0.0138889 0
0 0.556944 0 0.0138889 0
0 0.556944 0 0.0138889 0
0 0.556944 0 0.0138889 0
0 0.556944 0 0.0138889 0
0 0.556944 0 0.0138889 0
0 0.556944 0 0.0138889 0
0 0.556944 0 0.0138889 0
0 0.556944 0 0.0138889 0
0 0.556944 0 0.0138889 0
0 0.556944 0 0.0138889 0
0 0.556944 0 0.0138889 0
0 0.556944 0 0.0138889 0
0 0.556944 0 0.0138889 0
0 0.556944 0 0.0138889 0
0 0.556944 0 0.0138889 0
0 0.556944 0 0.0138889 0
0 0.556944 0 0.0138889 0
0 0.556944 0 0.0138889 0
0 0.556944 0 0.0138889 0
0 0.556944 0 0.0138889 0
0 0.556944 0 0.0138889 0
0 0.556944 0 0.0138889 0
0 0.556944 0 0.0138889 0
0 0.556944 0 0.0138889 0
0 0.556944 0 0.0138889 0
0 0.556944 0 0.0138889 0
0 0.556944 0 0.0138889 0
0 0.556944 0 0.0138889 0
0 0.556944 0 0.0138889 0
0 0.556944 0 0.0138889 0
0 0.556944 0 0.0138889 0
0 0.556944 0 0.0138889 0
0 0.556944 0 0.0138889 0
0 0.556944 0 0.0138889 0
0 0.556944 0 0.0138889 0
0 0.556944 0 0.0138889 0
0 0.556944 0 0.0138889 0
0 0.556944 0 0.0138889 0
0 0.556944 0 0.0138889 0
0 0.556944 0 0.0138889 0
0 0.556944 0 0.0138889 0
0 0.556944 0 0.0138889 0
0 0.556944 0 0.0138889 0
0 0.556944 0 0.0138889 0
0 0.556944 0 0.0138889 0
0 0.556944 0 0.0138889 0
0 0.556944 0 0.0138889 0
0 0.556944 0 0.0138889 0
0 0.556944 0 0.0138889 0
0 0.556944 0 0.0138889 0
0 0.556944 0 0.0138889 0
0 0.556944 0 0.0138889 0
0 0.556944 0 0.0138889 0
0 0.556944 0 0.0138889 0
0 0.556944 0 0.0138889 0
0 0.556944 0 0.0138889 0
0 0.556944 0 0.0138889 0
0 0.556944 0 0.0138889 0
0 0.556944 0 0.0138889 0
0 0.556944 0 0.0138889 0
0 0.556944 0 0.0138889 0
0 0.556944 0 0.0138889 0
0 0.556944 0 0.0138889 0
0 0.556944 0 0.0138889 0
0 0.556944 0 0.0138889 0
0 0.556944 0 0.0138889 0
0 0.556944 0 0.0138889 0
0 0.556944 0 0.0138889 0
0 0.556944 0 0.0138889 0
0 0.556944 0 0.0138889 0
0 0.556944 0 0.0138889 0
0 0.556944 0 0.0138889 0
0 0.556944 0 0.0138889 0
0 0.556944 0 0.0138889 0
0 0.556944 0 0.0138889 0
0 0.556944 0 0.0138889 0
0 0.556944 0 0.0138889 0
0 0.556944 0 0.0138889 0
0 0.556944 0 0.0138889 0
0 0.556944 0 0.0138889 0
0 0.556944 0 0.0138889 0
0 0.556944 0 0.0138889 0
0 0.556944 0 0.0138889 0
0 0.556944 0 0.0138889 0
0 0.556944 0 0.0138889 0
0 0.556944 0 0.0138889 0
0 0.556944 0 0.0138889 0
0 0.556944 0 0.0138889 0
0 0.556944 0 0.0138889 0
0 0.556944 0 0.0138889 0
0 0.556944 0 0.0138889 0
0 0.556944 0 0.0138889 0
0 0.556944 0 0.0138889 0
0 0.556944 0 0.0138889 0
0 0.556944 0 0.0138889 0
0 0.556944 0 0.0138889 0
0 0.556944 0 0.0138889 0
0 0.556944 0 0.0138889 0
0 0.556944 0 0.0138889 0
0 0.556944 0 0.0138889 0
0 0.556944 0 0.0138889 0
0 0.556944 0 0.0138889 0
0 0.556944 0 0.0138889 0
0 0.556944 0 0.0138889 0
0 0.556944 0 0.0138889 0
0 0.556944 0 0.0138889 0
0 0.556944 0 0.0138889 0
0 0.556944 0 0.0138889 0
0 0.556944 0 0.0138889 0
