0 0.475 0 0.0416667 0
0 0.477778 0 0.0416667 0
0 0.559722 0 0.0138889 0
0 0.480556 0 0.0444444 0
0 0.483333 0 0.0416667 0
0 0.486806 0 0.0430556 0
0 0.488889 0 0.0416667 0
0 0.459722 0 0.0472222 0
0 0.492361 0 0.0430556 0
0 0.495833 0 0.0444444 0
0 0.5 0 0.0444444 0
0 0.503472 0 0.0430556 0
0 0.457639 0 0.0513889 0
0 0.500694 0.5 0.0486111 1
0 0.506944 0 0.0416667 0
0 0.500694 0.5 0.0486111 1
0 0.511806 0 0.0430556 0
0 0.514583 0 0.0430556 0
0 0.500694 0.5 0.0486111 1
0 0.517361 0 0.0430556 0
0 0.500694 0.5 0.0486111 1
0 0.520833 0 0.0444444 0
0 0.500694 0.5 0.0486111 1
0 0.524306 0 0.0458333 0
0 0.500694 0.5 0.0486111 1
0 0.525 0 0.0416667 0
0 0.500694 0.5 0.0513889 1
0 0.523611 0 0.0444444 0
0 0.501389 0.5 0.05 1
0 0.523611 0 0.0444444 0
0 0.501389 0.5 0.05 1
0 0.520139 0 0.0402778 0
0 0.500694 0.5 0.0513889 1
0 0.51875 0 0.0402778 0
0 0.500694 0.5 0.0513889 1
0 0.517361 0 0.0402778 0
0 0.500694 0.5 0.0513889 1
0 0.518056 0 0.0388889 0
0 0.500694 0.5 0.0513889 1
0 0.519444 0 0.0388889 0
0 0.500694 0.5 0.0513889 1
0 0.519444 0 0.0388889 0
0 0.500694 0.5 0.0513889 1
0 0.519444 0 0.0361111 0
0 0.500694 0.5 0.0513889 1
0 0.51875 0 0.0375 0
0 0.506944 0 0.0583333 0
0 0.500694 0.5 0.0513889 1
0 0.519444 0 0.0388889 0
0 0.500694 0.5 0.0513889 1
0 0.521528 0 0.0347222 0
0 0.466667 0 0.0583333 0
0 0.500694 0.5 0.0513889 1
0 0.522222 0 0.0361111 0
0 0.500694 0.5 0.0513889 1
0 0.522222 0 0.0388889 0
0 0.500694 0.5 0.0513889 1
0 0.500694 0.5 0.0513889 1
0 0.500694 0.5 0.0513889 1
0 0.470833 0 0.075 0
0 0.500694 0.5 0.0513889 1
0 0.501389 0.5 0.05 1
0 0.500694 0.5 0.0513889 1
0 0.500694 0.5 0.0513889 1
0 0.500694 0.5 0.0513889 1
0 0.500694 0.5 0.0513889 1
0 0.500694 0.5 0.0513889 1
0 0.500694 0.5 0.0513889 1
0 0.474306 0 0.0597222 0
0 0.500694 0.5 0.0513889 1
0 0.500694 0.5 0.0513889 1
0 0.475694 0 0.0569444 0
0 0.500694 0.5 0.0513889 1
0 0.500694 0.5 0.0513889 1
0 0.500694 0.5 0.0513889 1
0 0.500694 0.5 0.0513889 1
0 0.500694 0.5 0.0513889 1
0 0.500694 0.5 0.0513889 1
0 0.500694 0.5 0.0513889 1
0 0.501389 0.5 0.05 1
0 0.479167 0 0.0638889 0
0 0.481944 0 0.0611111 0
0 0.500694 0.5 0.0513889 1
0 0.481944 0 0.0611111 0
0 0.500694 0.5 0.0513889 1
0 0.500694 0.5 0.0513889 1
0 0.501389 0.5 0.05 1
0 0.501389 0.5 0.05 1
0 0.501389 0.5 0.05 1
0 0.500694 0.5 0.0486111 1
0 0.500694 0.5 0.0486111 1
0 0.500694 0.5 0.0486111 1
0 0.500694 0.5 0.0486111 1
0 0.500694 0.5 0.0486111 1
0 0.500694 0.5 0.0486111 1
0 0.500694 0.5 0.0486111 1
0 0.500694 0.5 0.0486111 1
0 0.500694 0.5 0.0486111 1
0 0.500694 0.5 0.0486111 1
0 0.500694 0.5 0.0486111 1
0 0.500694 0.5 0.0486111 1
0 0.500694 0.5 0.0486111 1
0 0.500694 0.5 0.0486111 1
0 0.500694 0.5 0.0486111 1
0 0.500694 0.5 0.0486111 1
0 0.500694 0.5 0.0486111 1
0 0.500694 0.5 0.0486111 1
0 0.500694 0.5 0.0486111 1
0 0.500694 0.5 0.0486111 1
0 0.500694 0.5 0.0486111 1
0 0.500694 0.5 0.0486111 1
0 0.500694 0.5 0.0486111 1
0 0.495833 0 0.0388889 0
0 0.493056 0 0.0388889 0
0 0.488889 0 0.0416667 0
0 0.486806 0 0.0402778 0
0 0.486806 0 0.0402778 0
0 0.484028 0 0.0402778 0
0 0.479167 0 0.0416667 0
0 0.475 0 0.0416667 0
0 0.472222 0 0.0416667 0
0 0.468056 0 0.0416667 0
0 0.465278 0 0.0416667 0
0 0.4625 0 0.0416667 0
0 0.459722 0 0.0416667 0
0 0.459722 0 0.0416667 0
0 0.459722 0 0.0416667 0
0 0.458333 0 0.0416667 0
0 0.454861 0 0.0402778 0
0 0.453472 0 0.0402778 0
0 0.452778 0 0.0416667 0
0 0.452083 0 0.0402778 0
0 0.452083 0 0.0402778 0
0 0.452083 0 0.0402778 0
0 0.452083 0 0.0402778 0
0 0.452083 0 0.0402778 0
0 0.334028 0 0.0152778 0
0 0.451389 0 0.0416667 0
0 0.45 0 0.0416667 0
0 0.448611 0 0.0388889 0
0 0.447222 0 0.0388889 0
0 0.447222 0 0.0416667 0
0 0.545139 0 0.0152778 0
0 0.446528 0 0.0402778 0
0 0.446528 0 0.0402778 0
0 0.446528 0 0.0402778 0
0 0.446528 0 0.0402778 0
0 0.446528 0 0.0402778 0
0 0.445833 0 0.0416667 0
0 0.334722 0 0.0166667 0
0 0.44375 0 0.0402778 0
0 0.442361 0 0.0402778 0
0 0.500694 0.5 0.0486111 1
0 0.440278 0 0.0388889 0
0 0.500694 0.5 0.0486111 1
0 0.439583 0 0.0402778 0
0 0.500694 0.5 0.0486111 1
0 0.436111 0 0.0388889 0
0 0.500694 0.5 0.0486111 1
0 0.436111 0 0.0388889 0
0 0.434028 0 0.0402778 0
0 0.500694 0.5 0.0486111 1
0 0.430556 0 0.0416667 0
0 0.500694 0.5 0.0486111 1
0 0.430556 0 0.0416667 0
0 0.500694 0.5 0.0486111 1
0 0.430556 0 0.0416667 0
0 0.500694 0.5 0.0486111 1
0 0.430556 0 0.0416667 0
0 0.500694 0.5 0.0486111 1
0 0.430556 0 0.0416667 0
0 0.500694 0.5 0.0486111 1
0 0.430556 0 0.0416667 0
0 0.500694 0.5 0.0486111 1
0 0.429167 0 0.0388889 0
0 0.500694 0.5 0.0486111 1
0 0.425694 0 0.0402778 0
0 0.5 0.5 0.05 1
0 0.420833 0 0.0416667 0
0 0.5 0.5 0.05 1
0 0.419444 0 0.0388889 0
0 0.500694 0.5 0.0486111 1
0 0.420833 0 0.0416667 0
0 0.5 0.5 0.05 1
0 0.421528 0 0.0430556 0
0 0.5 0.5 0.05 1
0 0.421528 0 0.0430556 0
0 0.5 0.5 0.05 1
0 0.421528 0 0.0430556 0
0 0.5 0.5 0.05 1
0 0.421528 0 0.0430556 0
0 0.5 0.5 0.05 1
0 0.421528 0 0.0430556 0
0 0.500694 0.5 0.0486111 1
0 0.425694 0 0.0402778 0
0 0.500694 0.5 0.0486111 1
0 0.425694 0 0.0402778 0
0 0.435417 0 0.0402778 0
0 0.339583 0 0.0152778 0
0 0.5 0.5 0.05 1
0 0.441667 0 0.0416667 0
0 0.500694 0.5 0.0486111 1
0 0.44375 0 0.0402778 0
0 0.5 0.5 0.05 1
0 0.447917 0 0.0430556 0
0 0.5 0.5 0.05 1
0 0.448611 0 0.0416667 0
0 0.5 0.5 0.05 1
0 0.448611 0 0.0416667 0
0 0.5 0.5 0.05 1
0 0.448611 0 0.0416667 0
0 0.552778 0 0.0111111 0
0 0.5 0.5 0.05 1
0 0.448611 0 0.0416667 0
0 0.5 0.5 0.05 1
0 0.448611 0 0.0416667 0
0 0.553472 0 0.0125 0
0 0.500694 0.5 0.0486111 1
0 0.450694 0 0.0402778 0
0 0.500694 0.5 0.0486111 1
0 0.45625 0 0.0430556 0
0 0.500694 0.5 0.0486111 1
0 0.460417 0 0.0430556 0
0 0.500694 0.5 0.0486111 1
0 0.463889 0 0.0416667 0
0 0.500694 0.5 0.0486111 1
0 0.463889 0 0.0416667 0
0 0.500694 0.5 0.0486111 1
0 0.466667 0 0.0416667 0
0 0.500694 0.5 0.0486111 1
0 0.467361 0 0.0402778 0
0 0.500694 0.5 0.0486111 1
0 0.467361 0 0.0402778 0
0 0.500694 0.5 0.0486111 1
0 0.467361 0 0.0402778 0
0 0.500694 0.5 0.0486111 1
0 0.467361 0 0.0402778 0
0 0.500694 0.5 0.0486111 1
0 0.467361 0 0.0402778 0
0 0.500694 0.5 0.0486111 1
0 0.469444 0 0.0416667 0
0 0.500694 0.5 0.0486111 1
0 0.473611 0 0.0416667 0
0 0.501389 0.5 0.05 1
0 0.475 0 0.0472222 0
0 0.500694 0.5 0.0486111 1
0 0.477778 0 0.0416667 0
0 0.500694 0.5 0.0486111 1
0 0.479861 0 0.0430556 0
0 0.501389 0.5 0.05 1
0 0.482639 0 0.0430556 0
0 0.500694 0.5 0.0486111 1
0 0.482639 0 0.0430556 0
0 0.500694 0.5 0.0486111 1
0 0.482639 0 0.0430556 0
0 0.501389 0.5 0.05 1
0 0.482639 0 0.0430556 0
0 0.501389 0.5 0.05 1
0 0.482639 0 0.0430556 0
0 0.500694 0.5 0.0513889 1
0 0.485417 0 0.0430556 0
0 0.500694 0.5 0.0513889 1
0 0.488194 0 0.0402778 0
0 0.459722 0 0.0472222 0
0 0.500694 0.5 0.0513889 1
0 0.492361 0 0.0430556 0
0 0.500694 0.5 0.0513889 1
0 0.495833 0 0.0444444 0
0 0.500694 0.5 0.0513889 1
0 0.499306 0 0.0486111 0
0 0.500694 0.5 0.0513889 1
0 0.501389 0 0.0416667 0
0 0.500694 0.5 0.0513889 1
0 0.501389 0 0.0416667 0
0 0.500694 0.5 0.0513889 1
0 0.500694 0 0.0430556 0
0 0.500694 0.5 0.0513889 1
0 0.501389 0 0.0416667 0
0 0.500694 0.5 0.0513889 1
0 0.501389 0 0.0416667 0
0 0.500694 0.5 0.0513889 1
0 0.503472 0 0.0430556 0
0 0.456944 0 0.05 0
0 0.500694 0.5 0.0513889 1
0 0.506944 0 0.0416667 0
0 0.500694 0.5 0.0513889 1
0 0.511806 0 0.0430556 0
0 0.500694 0.5 0.0513889 1
0 0.514583 0 0.0430556 0
0 0.500694 0.5 0.0513889 1
0 0.514583 0 0.0430556 0
0 0.459722 0 0.05 0
0 0.500694 0.5 0.0513889 1
0 0.518056 0 0.0444444 0
0 0.500694 0.5 0.0513889 1
0 0.521528 0 0.0458333 0
0 0.500694 0.5 0.0513889 1
0 0.521528 0 0.0458333 0
0 0.500694 0.5 0.0513889 1
0 0.522222 0 0.0444444 0
0 0.500694 0.5 0.0513889 1
0 0.521528 0 0.0458333 0
0 0.500694 0.5 0.0513889 1
0 0.521528 0 0.0458333 0
0 0.500694 0.5 0.0513889 1
0 0.524306 0 0.0458333 0
0 0.500694 0.5 0.0513889 1
0 0.525 0 0.0416667 0
0 0.500694 0.5 0.0513889 1
0 0.523611 0 0.0444444 0
0 0.500694 0.5 0.0513889 1
0 0.522222 0 0.0444444 0
0 0.500694 0.5 0.0513889 1
0 0.519444 0 0.0388889 0
0 0.500694 0.5 0.0513889 1
0 0.519444 0 0.0388889 0
0 0.500694 0.5 0.0513889 1
0 0.518056 0 0.0388889 0
0 0.500694 0.5 0.0513889 1
0 0.51875 0 0.0402778 0
0 0.500694 0.5 0.0513889 1
0 0.518056 0 0.0388889 0
0 0.500694 0.5 0.0513889 1
0 0.518056 0 0.0388889 0
0 0.500694 0.5 0.0513889 1
0 0.517361 0 0.0402778 0
0 0.500694 0.5 0.0513889 1
0 0.51875 0 0.0402778 0
0 0.500694 0.5 0.0513889 1
0 0.51875 0 0.0402778 0
0 0.500694 0.5 0.0513889 1
0 0.519444 0 0.0388889 0
0 0.500694 0.5 0.0513889 1
0 0.519444 0 0.0361111 0
0 0.500694 0.5 0.0513889 1
0 0.51875 0 0.0375 0
0 0.51875 0 0.0430556 0
0 0.482639 0 0.1125 0
0 0.500694 0.5 0.0513889 1
0 0.497917 0 0.0763889 0
0 0.500694 0.5 0.0513889 1
0 0.51875 0 0.0402778 0
0 0.51875 0 0.0402778 0
0 0.481944 0 0.111111 0
0 0.500694 0.5 0.0513889 1
0 0.481944 0 0.111111 0
0 0.500694 0.5 0.0513889 1
0 0.519444 0 0.0416667 0
0 0.481944 0 0.111111 0
0 0.500694 0.5 0.0513889 1
0 0.519444 0 0.0416667 0
0 0.506944 0 0.0555556 0
0 0.500694 0.5 0.0513889 1
0 0.520833 0 0.0361111 0
0 0.467361 0 0.0597222 0
0 0.500694 0.5 0.0513889 1
0 0.521528 0 0.0375 0
0 0.500694 0.5 0.0513889 1
0 0.522917 0 0.0347222 0
0 0.500694 0.5 0.0513889 1
0 0.500694 0.5 0.0513889 1
0 0.500694 0.5 0.0513889 1
0 0.500694 0.5 0.0513889 1
0 0.500694 0.5 0.0513889 1
0 0.500694 0.5 0.0513889 1
0 0.500694 0.5 0.0513889 1
0 0.500694 0.5 0.0513889 1
0 0.500694 0.5 0.0513889 1
0 0.500694 0.5 0.0513889 1
0 0.500694 0.5 0.0513889 1
0 0.500694 0.5 0.0513889 1
0 0.500694 0.5 0.0513889 1
0 0.500694 0.5 0.0513889 1
0 0.500694 0.5 0.0513889 1
0 0.500694 0.5 0.0513889 1
0 0.500694 0.5 0.0513889 1
0 0.500694 0.5 0.0513889 1
0 0.500694 0.5 0.0513889 1
0 0.500694 0.5 0.0513889 1
0 0.500694 0.5 0.0513889 1
0 0.500694 0.5 0.0513889 1
0 0.477083 0 0.0625 0
0 0.500694 0.5 0.0513889 1
0 0.500694 0.5 0.0513889 1
0 0.475694 0 0.0597222 0
0 0.500694 0.5 0.0513889 1
0 0.475694 0 0.0597222 0
0 0.500694 0.5 0.0513889 1
0 0.477778 0 0.0638889 0
0 0.500694 0.5 0.0513889 1
0 0.500694 0.5 0.0513889 1
0 0.500694 0.5 0.0513889 1
0 0.500694 0.5 0.0513889 1
0 0.500694 0.5 0.0513889 1
0 0.500694 0.5 0.0513889 1
0 0.479861 0 0.0680556 0
0 0.500694 0.5 0.0513889 1
0 0.501389 0.5 0.05 1
0 0.48125 0 0.0597222 0
0 0.500694 0.5 0.0513889 1
0 0.500694 0.5 0.0513889 1
0 0.501389 0.5 0.05 1
0 0.501389 0.5 0.05 1
0 0.501389 0.5 0.05 1
0 0.501389 0.5 0.05 1
0 0.501389 0.5 0.05 1
0 0.501389 0.5 0.05 1
0 0.500694 0.5 0.0513889 1
0 0.500694 0.5 0.0513889 1
0 0.501389 0.5 0.05 1
0 0.501389 0.5 0.05 1
0 0.500694 0.5 0.0486111 1
0 0.500694 0.5 0.0486111 1
0 0.500694 0.5 0.0486111 1
0 0.500694 0.5 0.0486111 1
0 0.500694 0.5 0.0486111 1
0 0.500694 0.5 0.0486111 1
0 0.500694 0.5 0.0486111 1
0 0.500694 0.5 0.0486111 1
0 0.500694 0.5 0.0486111 1
0 0.9875 1 0.0222222 0
0 0.986806 1 0.0236111 0
