0 0.510417 0 0.0208333 0
0 0.510417 0 0.0208333 0
0 0.510417 0 0.0208333 0
0 0.510417 0 0.0208333 0
0 0.510417 0 0.0208333 0
0 0.510417 0 0.0208333 0
0 0.510417 0 0.0208333 0
0 0.510417 0 0.0208333 0
0 0.510417 0 0.0208333 0
0 0.510417 0 0.0208333 0
0 0.510417 0 0.0208333 0
0 0.510417 0 0.0208333 0
0 0.510417 0 0.0208333 0
0 0.510417 0 0.0208333 0
0 0.510417 0 0.0208333 0
0 0.510417 0 0.0208333 0
0 0.510417 0 0.0208333 0
0 0.510417 0 0.0208333 0
0 0.510417 0 0.0208333 0
0 0.510417 0 0.0208333 0
0 0.510417 0 0.0208333 0
0 0.510417 0 0.0208333 0
0 0.510417 0 0.0208333 0
0 0.510417 0 0.0208333 0
0 0.510417 0 0.0208333 0
0 0.510417 0 0.0208333 0
0 0.510417 0 0.0208333 0
0 0.510417 0 0.0208333 0
0 0.510417 0 0.0208333 0
0 0.510417 0 0.0208333 0
0 0.510417 0 0.0208333 0
0 0.510417 0 0.0208333 0
0 0.510417 0 0.0208333 0
0 0.510417 0 0.0208333 0
0 0.510417 0 0.0208333 0
0 0.510417 0 0.0208333 0
0 0.510417 0 0.0208333 0
0 0.510417 0 0.0208333 0
0 0.510417 0 0.0208333 0
0 0.510417 0 0.0208333 0
0 0.510417 0 0.0208333 0
0 0.510417 0 0.0208333 0
0 0.510417 0 0.0208333 0
0 0.510417 0 0.0208333 0
0 0.510417 0 0.0208333 0
0 0.510417 0 0.0208333 0
0 0.510417 0 0.0208333 0
0 0.510417 0 0.0208333 0
0 0.510417 0 0.0208333 0
0 0.510417 0 0.0208333 0
0 0.510417 0 0.0208333 0
0 0.510417 0 0.0208333 0
0 0.510417 0 0.0208333 0
0 0.510417 0 0.0208333 0
0 0.510417 0 0.0208333 0
0 0.510417 0 0.0208333 0
0 0.510417 0 0.0208333 0
0 0.510417 0 0.0208333 0
0 0.510417 0 0.0208333 0
0 0.510417 0 0.0208333 0
0 0.510417 0 0.0208333 0
0 0.510417 0 0.0208333 0
0 0.510417 0 0.0208333 0
0 0.510417 0 0.0208333 0
0 0.510417 0 0.0208333 0
0 0.510417 0 0.0208333 0
0 0.510417 0 0.0208333 0
0 0.510417 0 0.0208333 0
0 0.510417 0 0.0208333 0
0 0.510417 0 0.0208333 0
0 0.510417 0 0.0208333 0
0 0.510417 0 0.0208333 0
0 0.510417 0 0.0208333 0
0 0.510417 0 0.0208333 0
0 0.510417 0 0.0208333 0
0 0.510417 0 0.0208333 0
0 0.510417 0 0.0208333 0
0 0.510417 0 0.0208333 0
0 0.510417 0 0.0208333 0
0 0.510417 0 0.0208333 0
0 0.510417 0 0.0208333 0
0 0.510417 0 0.0208333 0
0 0.510417 0 0.0208333 0
0 0.510417 0 0.0208333 0
0 0.510417 0 0.0208333 0
0 0.510417 0 0.0208333 0
0 0.510417 0 0.0208333 0
0 0.510417 0 0.0208333 0
0 0.510417 0 0.0208333 0
0 0.510417 0 0.0208333 0
0 0.510417 0 0.0208333 0
0 0.510417 0 0.0208333 0
0 0.510417 0 0.0208333 0
0 0.510417 0 0.0208333 0
0 0.510417 0 0.0208333 0
0 0.510417 0 0.0208333 0
0 0.510417 0 0.0208333 0
0 0.510417 0 0.0208333 0
0 0.510417 0 0.0208333 0
0 0.510417 0 0.0208333 0
0 0.510417 0 0.0208333 0
0 0.510417 0 0.0208333 0
0 0.510417 0 0.0208333 0
0 0.510417 0 0.0208333 0
0 0.510417 0 0.0208333 0
0 0.510417 0 0.0208333 0
0 0.510417 0 0.0208333 0
0 0.510417 0 0.0208333 0
0 0.510417 0 0.0208333 0
0 0.510417 0 0.0208333 0
0 0.510417 0 0.0208333 0
0 0.510417 0 0.0208333 0
0 0.510417 0 0.0208333 0
0 0.510417 0 0.0208333 0
0 0.510417 0 0.0208333 0
0 0.510417 0 0.0208333 0
0 0.510417 0 0.0208333 0
0 0.510417 0 0.0208333 0
0 0.511111 0 0.0222222 0
0 0.514583 0 0.0208333 0
0 0.516667 0 0.0222222 0
0 0.51875 0 0.0208333 0
0 0.522222 0 0.0222222 0
0 0.525694 0 0.0208333 0
0 0.525694 0 0.0208333 0
0 0.528472 0 0.0236111 0
0 0.53125 0 0.0208333 0
0 0.533333 0 0.0222222 0
0 0.533333 0 0.0222222 0
0 0.534722 0 0.0222222 0
0 0.536111 0 0.0222222 0
0 0.538889 0 0.0222222 0
0 0.542361 0 0.0236111 0
0 0.546528 0 0.0236111 0
0 0.546528 0 0.0236111 0
0 0.550694 0 0.0208333 0
0 0.554167 0 0.0222222 0
0 0.556944 0 0.0222222 0
0 0.556944 0 0.0222222 0
0 0.558333 0 0.0222222 0
0 0.560417 0 0.0236111 0
0 0.563194 0 0.0208333 0
0 0.565278 0 0.0222222 0
0 0.565278 0 0.0222222 0
0 0.565278 0 0.0222222 0
0 0.565972 0 0.0236111 0
0 0.565972 0 0.0236111 0
0 0.526389 0 0.0388889 0
0 0.566667 0 0.025 0
0 0.56875 0 0.0236111 0
0 0.569444 0 0.0222222 0
0 0.569444 0 0.0222222 0
0 0.570833 0 0.0222222 0
0 0.571528 0 0.0236111 0
0 0.573611 0 0.025 0
0 0.575694 0 0.0236111 0
0 0.578472 0 0.0236111 0
0 0.579167 0 0.025 0
0 0.58125 0 0.0236111 0
0 0.58125 0 0.0236111 0
0 0.584028 0 0.0236111 0
0 0.5875 0 0.0222222 0
0 0.590278 0 0.025 0
0 0.591667 0 0.025 0
0 0.595139 0 0.0236111 0
0 0.597222 0 0.025 0
0 0.598611 0 0.025 0
0 0.601389 0 0.025 0
0 0.602778 0 0.025 0
0 0.602778 0 0.025 0
0 0.604861 0 0.0263889 0
0 0.608333 0 0.025 0
0 0.609028 0 0.0263889 0
0 0.613194 0 0.0263889 0
0 0.614583 0 0.0263889 0
0 0.616667 0 0.0277778 0
0 0.619444 0 0.025 0
0 0.621528 0 0.0263889 0
0 0.625 0 0.025 0
0 0.625 0 0.025 0
0 0.629861 0 0.0263889 0
0 0.633333 0 0.0277778 0
0 0.639583 0 0.0263889 0
0 0.642361 0 0.0291667 0
0 0.65 0 0.025 0
0 0.522222 0 0.05 0
0 0.65625 0 0.0263889 0
0 0.659028 0 0.0263889 0
0 0.663194 0 0.0263889 0
0 0.663194 0 0.0263889 0
0 0.668056 0 0.0277778 0
0 0.670833 0 0.0277778 0
0 0.677778 0 0.0277778 0
0 0.680556 0 0.0277778 0
0 0.684722 0 0.0277778 0
0 0.689583 0 0.0291667 0
0 0.689583 0 0.0291667 0
0 0.693056 0 0.0277778 0
0 0.532639 0 0.0513889 0
0 0.697917 0 0.0291667 0
0 0.533333 0 0.05 0
0 0.703472 0 0.0291667 0
0 0.708333 0 0.0277778 0
0 0.713194 0 0.0291667 0
0 0.715972 0 0.0291667 0
0 0.540278 0 0.05 0
0 0.720139 0 0.0291667 0
0 0.538194 0 0.0458333 0
0 0.724306 0 0.0291667 0
0 0.540972 0 0.0486111 0
0 0.729167 0 0.0305556 0
0 0.734722 0 0.0305556 0
0 0.544444 0 0.05 0
0 0.738194 0 0.0291667 0
0 0.545139 0 0.0541667 0
0 0.742361 0 0.0291667 0
0 0.545139 0 0.0541667 0
0 0.742361 0 0.0291667 0
0 0.549306 0 0.0569444 0
0 0.747917 0 0.0291667 0
0 0.547222 0 0.0527778 0
0 0.750694 0 0.0291667 0
0 0.55 0 0.0611111 0
0 0.75625 0 0.0291667 0
0 0.552083 0 0.0652778 0
0 0.761111 0 0.0305556 0
0 0.495833 0 0.0111111 0
0 0.552083 0 0.0597222 0
0 0.764583 0 0.0291667 0
0 0.554167 0 0.0611111 0
0 0.770139 0 0.0291667 0
0 0.556944 0 0.0611111 0
0 0.773611 0 0.0305556 0
0 0.556944 0 0.0611111 0
0 0.773611 0 0.0305556 0
0 0.55625 0 0.0541667 0
0 0.775694 0 0.0291667 0
0 0.556944 0 0.0583333 0
0 0.779167 0 0.0305556 0
0 0.558333 0 0.0583333 0
0 0.780556 0 0.0305556 0
0 0.560417 0 0.0597222 0
0 0.783333 0 0.0305556 0
0 0.561806 0 0.0597222 0
0 0.786111 0 0.0305556 0
0 0.790278 0 0.0305556 0
0 0.565278 0 0.0611111 0
0 0.794444 0 0.0305556 0
0 0.56875 0 0.0597222 0
0 0.798611 0 0.0305556 0
0 0.802778 0 0.0305556 0
0 0.571528 0 0.0625 0
0 0.805556 0 0.0305556 0
0 0.571528 0 0.0597222 0
0 0.810417 0 0.0319444 0
0 0.575 0 0.0638889 0
0 0.815278 0 0.0305556 0
0 0.574306 0 0.0680556 0
0 0.818056 0 0.0305556 0
0 0.574306 0 0.0680556 0
0 0.818056 0 0.0305556 0
0 0.574306 0 0.0652778 0
0 0.822222 0 0.0305556 0
0 0.578472 0 0.0708333 0
0 0.826389 0 0.0305556 0
0 0.527083 0 0.00972222 0
0 0.577083 0 0.0680556 0
0 0.830556 0 0.0305556 0
0 0.579167 0 0.0638889 0
0 0.836111 0 0.0305556 0
0 0.58125 0 0.0680556 0
0 0.838889 0 0.0305556 0
0 0.582639 0 0.0625 0
0 0.842361 0 0.0291667 0
0 0.583333 0 0.0638889 0
0 0.846528 0 0.0291667 0
0 0.85 0 0.0305556 0
0 0.586111 0 0.0611111 0
0 0.5375 0 0.0111111 0
0 0.854167 0 0.0305556 0
0 0.590278 0 0.0638889 0
0 0.858333 0 0.0305556 0
0 0.591667 0 0.0638889 0
0 0.861111 0 0.0305556 0
0 0.864583 0 0.0291667 0
0 0.864583 0 0.0291667 0
0 0.866667 0 0.0305556 0
0 0.86875 0 0.0291667 0
0 0.873611 0 0.0305556 0
0 0.877083 0 0.0291667 0
0 0.880556 0 0.0305556 0
0 0.885417 0 0.0291667 0
0 0.890278 0 0.0305556 0
0 0.603472 0 0.0680556 0
0 0.893056 0 0.0305556 0
0 0.603472 0 0.0680556 0
0 0.893056 0 0.0305556 0
0 0.604861 0 0.0680556 0
0 0.897222 0 0.0305556 0
0 0.605556 0 0.0666667 0
0 0.902778 0 0.0305556 0
0 0.90625 0 0.0291667 0
0 0.911111 0 0.0305556 0
0 0.915278 0 0.0305556 0
0 0.918056 0 0.0305556 0
0 0.918056 0 0.0305556 0
0 0.921528 0 0.0291667 0
0 0.925 0 0.0277778 0
0 0.927083 0 0.0291667 0
0 0.93125 0 0.0291667 0
0 0.934722 0 0.0305556 0
0 0.9375 0 0.0277778 0
0 0.939583 0 0.0291667 0
0 0.942361 0 0.0291667 0
0 0.945833 0 0.0305556 0
0 0.945833 0 0.0305556 0
0 0.952083 0 0.0291667 0
0 0.953472 0 0.0291667 0
0 0.953472 0 0.0291667 0
0 0.954861 0 0.0291667 0
0 0.959028 0 0.0291667 0
0 0.961111 0 0.0305556 0
0 0.964583 0 0.0291667 0
0 0.965972 0 0.0291667 0
0 0.969444 0 0.0277778 0
0 0.969444 0 0.0277778 0
0 0.971528 0 0.0291667 0
0 0.976389 0 0.0277778 0
0 0.978472 0 0.0291667 0
0 0.980556 0 0.0277778 0
0 0.983333 0 0.0277778 0
0 0.985417 0 0.0263889 0
0 0.985417 0 0.0263889 0
0 0.985417 0 0.0263889 0
0 0.988889 0 0.0222222 0
0 0.988889 0 0.0222222 0
0 0.989583 0 0.0208333 0
0 0.990278 0 0.0194444 0
0 0.991667 0 0.0166667 0
0 0.99375 0 0.00972222 0
0 0.99375 0 0.00972222 0
0 0.994444 0 0.00833333 0
0 0.996528 0 0.00694444 0
0 0.893056 0 0.00277778 0
0 0.914583 0 0.00416667 0
0 0.939583 0 0.00694444 0
0 0.958333 0 0.00555556 0
0 0.966667 0 0.00555556 0
0 0.969444 0 0.00555556 0
0 0.904861 0 0.00416667 0
0 0.926389 0 0.00555556 0
0 0.926389 0 0.00555556 0
0 0.910417 0 0.00416667 0
0 0.910417 0 0.00416667 0
0 0.996528 0 0.00694444 0
0 0.954861 0 0.00416667 0
0 0.965972 0 0.00416667 0
0 0.922222 0 0.00277778 0
0 0.973611 0 0.00555556 0
0 0.98125 0 0.00694444 0
0 0.922222 0 0.0166667 0
0 0.983333 0 0.00555556 0
0 0.991667 0 0.00555556 0
0 0.991667 0 0.00555556 0
0 0.995833 0 0.00833333 0
0 0.995833 0 0.00555556 0
0 0.958333 0 0.00555556 0
0 0.964583 0 0.00416667 0
0 0.972222 0 0.00833333 0
0 0.971528 0 0.00416667 0
0 0.978472 0 0.00416667 0
0 0.953472 0 0.0902778 0
0 0.984028 0 0.00416667 0
0 0.954167 0 0.0861111 0
0 0.954861 0 0.0875 0
0 0.955556 0 0.0833333 0
0 0.984028 0 0.0291667 0
0 0.959722 0 0.0805556 0
0 0.985417 0 0.0291667 0
0 0.960417 0 0.0791667 0
0 0.986806 0 0.0263889 0
0 0.9625 0 0.075 0
0 0.988889 0 0.0222222 0
0 0.9625 0 0.075 0
0 0.988889 0 0.0222222 0
0 0.990278 0 0.0194444 0
0 0.990972 0 0.0180556 0
0 0.963889 0 0.0694444 0
0 0.991667 0 0.0166667 0
0 0.965278 0 0.0638889 0
0 0.968056 0 0.0611111 0
0 0.96875 0 0.0597222 0
0 0.96875 0 0.0597222 0
0 0.970139 0 0.0569444 0
0 0.972917 0 0.0541667 0
0 0.974306 0 0.0513889 0
0 0.973611 0 0.0527778 0
0 0.985417 0 0.0291667 0
0 0.985417 0 0.0291667 0
0 0.985417 0 0.0291667 0
0 0.468056 0 0.0222222 0
0 0.466667 0 0.0222222 0
0 0.466667 0 0.0222222 0
0 0.465278 0 0.0222222 0
0 0.464583 0 0.0208333 0
0 0.461111 0 0.0222222 0
0 0.459722 0 0.0222222 0
0 0.459722 0 0.0222222 0
0 0.459028 0 0.0236111 0
0 0.457639 0 0.0208333 0
0 0.455556 0 0.0222222 0
0 0.454861 0 0.0236111 0
0 0.454861 0 0.0236111 0
0 0.454861 0 0.0236111 0
0 0.454167 0 0.0222222 0
0 0.454167 0 0.0222222 0
0 0.453472 0 0.0208333 0
0 0.453472 0 0.0208333 0
0 0.452778 0 0.0222222 0
0 0.452778 0 0.0222222 0
0 0.452778 0 0.0222222 0
0 0.453472 0 0.0208333 0
0 0.453472 0 0.0208333 0
0 0.453472 0 0.0208333 0
0 0.453472 0 0.0208333 0
0 0.453472 0 0.0208333 0
0 0.453472 0 0.0208333 0
0 0.453472 0 0.0208333 0
0 0.453472 0 0.0208333 0
0 0.453472 0.5 0.0208333 1
0 0.453472 0.5 0.0208333 1
0 0.454167 0.5 0.0222222 1
0 0.454167 0.5 0.0222222 1
0 0.454167 0.5 0.0222222 1
0 0.454167 0.5 0.0222222 1
0 0.454167 0.5 0.0222222 1
0 0.454167 0.5 0.0222222 1
0 0.454167 0.5 0.0222222 1
0 0.454167 0.5 0.0222222 1
0 0.454167 0.5 0.0222222 1
0 0.454167 0.5 0.0222222 1
0 0.454167 0.5 0.0222222 1
0 0.454167 0.5 0.0222222 1
0 0.454167 0.5 0.0222222 1
0 0.454167 0.5 0.0222222 1
0 0.454167 0.5 0.0222222 1
0 0.454167 0.5 0.0222222 1
0 0.452778 0.5 0.0222222 1
0 0.452778 0.5 0.0222222 1
0 0.452083 0.5 0.0208333 1
0 0.452778 0.5 0.0222222 1
0 0.452778 0.5 0.0222222 1
0 0.452778 0.5 0.0222222 1
0 0.452778 0.5 0.0222222 1
0 0.452778 0.5 0.0222222 1
0 0.452778 0.5 0.0222222 1
0 0.454167 0.5 0.0222222 1
0 0.457639 0 0.0208333 0
0 0.461111 0 0.0222222 0
0 0.465278 0 0.0222222 0
0 0.46875 0 0.0236111 0
0 0.470139 0 0.0208333 0
0 0.470139 0 0.0208333 0
0 0.470139 0 0.0208333 0
0 0.470139 0 0.0208333 0
0 0.470833 0 0.0222222 0
0 0.472222 0 0.0222222 0
0 0.473611 0 0.0222222 0
0 0.477778 0 0.0222222 0
0 0.479861 0 0.0236111 0
0 0.479861 0 0.0236111 0
0 0.481944 0 0.0222222 0
0 0.484722 0 0.0222222 0
0 0.488194 0 0.0208333 0
0 0.489583 0 0.0208333 0
0 0.488889 0 0.0222222 0
0 0.488889 0 0.0222222 0
0 0.488889 0 0.0222222 0
0 0.488889 0 0.0222222 0
0 0.490972 0 0.0236111 0
0 0.492361 0 0.0236111 0
0 0.494444 0 0.0222222 0
0 0.496528 0 0.0236111 0
0 0.497917 0 0.0236111 0
0 0.497917 0 0.0236111 0
0 0.501389 0 0.0222222 0
0 0.502083 0 0.0208333 0
0 0.502083 0 0.0208333 0
0 0.502083 0 0.0208333 0
0 0.503472 0 0.0236111 0
0 0.503472 0 0.0236111 0
0 0.504861 0 0.0236111 0
0 0.508333 0 0.0222222 0
0 0.510417 0 0.0236111 0
0 0.513889 0 0.0222222 0
0 0.515972 0 0.0236111 0
0 0.515972 0 0.0236111 0
0 0.515972 0 0.0236111 0
0 0.515972 0 0.0236111 0
0 0.515972 0 0.0236111 0
0 0.517361 0 0.0236111 0
0 0.520833 0 0.0222222 0
0 0.522917 0 0.0236111 0
0 0.527083 0 0.0236111 0
0 0.528472 0 0.0236111 0
0 0.53125 0 0.0236111 0
0 0.53125 0 0.0236111 0
0 0.53125 0 0.0236111 0
0 0.53125 0 0.0236111 0
0 0.53125 0 0.0236111 0
0 0.532639 0 0.0236111 0
0 0.532639 0 0.0236111 0
0 0.534028 0 0.0236111 0
0 0.535417 0 0.0236111 0
0 0.535417 0 0.0236111 0
0 0.534722 0 0.025 0
0 0.534028 0 0.0236111 0
0 0.534028 0 0.0236111 0
0 0.534028 0 0.0236111 0
0 0.534028 0 0.0236111 0
0 0.534028 0 0.0236111 0
0 0.534028 0 0.0236111 0
0 0.535417 0 0.0236111 0
0 0.536806 0 0.0236111 0
0 0.538194 0 0.0236111 0
0 0.538889 0 0.025 0
0 0.539583 0 0.0236111 0
0 0.539583 0 0.0236111 0
0 0.539583 0 0.0236111 0
0 0.539583 0 0.0236111 0
0 0.539583 0 0.0236111 0
0 0.539583 0 0.0236111 0
0 0.540278 0 0.025 0
0 0.542361 0 0.0263889 0
0 0.543056 0 0.025 0
0 0.54375 0 0.0236111 0
0 0.54375 0 0.0236111 0
0 0.545833 0 0.025 0
0 0.547222 0 0.025 0
0 0.547917 0 0.0263889 0
0 0.549306 0 0.0236111 0
0 0.549306 0 0.0236111 0
0 0.549306 0 0.0236111 0
0 0.549306 0 0.0236111 0
0 0.549306 0 0.0236111 0
0 0.551389 0 0.025 0
0 0.553472 0 0.0263889 0
0 0.519444 0 0.0944444 0
0 0.554861 0 0.0263889 0
0 0.522222 0 0.0972222 0
0 0.55625 0 0.0263889 0
0 0.556944 0 0.025 0
0 0.556944 0 0.025 0
0 0.559028 0 0.0263889 0
0 0.559028 0 0.0263889 0
0 0.559028 0 0.0263889 0
0 0.559028 0 0.0263889 0
0 0.559028 0 0.0263889 0
0 0.560417 0 0.0263889 0
0 0.560417 0 0.0263889 0
0 0.5625 0 0.025 0
0 0.563889 0 0.0277778 0
0 0.565972 0 0.0263889 0
0 0.566667 0 0.0277778 0
0 0.566667 0 0.0277778 0
0 0.566667 0 0.0277778 0
0 0.566667 0 0.0277778 0
0 0.566667 0 0.0277778 0
0 0.56875 0 0.0263889 0
0 0.570833 0 0.0277778 0
0 0.572222 0 0.0277778 0
0 0.575694 0 0.0263889 0
0 0.575694 0 0.0263889 0
0 0.578472 0 0.0263889 0
0 0.583333 0 0.0277778 0
0 0.588889 0 0.0277778 0
0 0.592361 0 0.0291667 0
0 0.594444 0 0.0277778 0
0 0.547917 0 0.0986111 0
0 0.594444 0 0.0277778 0
0 0.594444 0 0.0277778 0
0 0.594444 0 0.0277778 0
0 0.547917 0 0.0986111 0
0 0.594444 0 0.0277778 0
0 0.596528 0 0.0291667 0
0 0.6 0 0.0277778 0
0 0.602778 0 0.0305556 0
0 0.60625 0 0.0263889 0
0 0.610417 0 0.0291667 0
0 0.614583 0 0.0291667 0
0 0.614583 0 0.0291667 0
0 0.614583 0 0.0291667 0
0 0.614583 0 0.0291667 0
0 0.614583 0 0.0291667 0
0 0.615972 0 0.0291667 0
0 0.618056 0 0.0277778 0
0 0.621528 0.5 0.0291667 1
0 0.625 0.5 0.0277778 1
0 0.628472 0.5 0.0291667 1
0 0.628472 0.5 0.0291667 1
0 0.631944 0.5 0.0277778 1
0 0.631944 0.5 0.0277778 1
0 0.631944 0.5 0.0277778 1
0 0.631944 0.5 0.0277778 1
0 0.632639 0.5 0.0291667 1
0 0.632639 0.5 0.0291667 1
0 0.635417 0.5 0.0291667 1
0 0.576389 0 0.102778 0
0 0.638889 0.5 0.0277778 1
0 0.577778 0 0.105556 0
0 0.642361 0.5 0.0291667 1
0 0.579167 0 0.105556 0
0 0.644444 0.5 0.0277778 1
0 0.581944 0 0.108333 0
0 0.647917 0.5 0.0291667 1
0 0.652083 0.5 0.0291667 1
0 0.654861 0.5 0.0291667 1
0 0.654861 0.5 0.0291667 1
0 0.654861 0.5 0.0291667 1
0 0.654861 0.5 0.0291667 1
0 0.654861 0.5 0.0291667 1
0 0.654861 0.5 0.0291667 1
0 0.657639 0.5 0.0291667 1
0 0.657639 0.5 0.0291667 1
0 0.508333 0 0.0444444 0
0 0.661111 0.5 0.0305556 1
0 0.665972 0.5 0.0291667 1
0 0.670139 0.5 0.0291667 1
0 0.670139 0.5 0.0291667 1
0 0.671528 0.5 0.0291667 1
0 0.675 0.5 0.0277778 1
0 0.452083 0 0.00972222 0
0 0.677083 1 0.0291667 0
0 0.677083 1 0.0291667 0
0 0.677083 1 0.0291667 0
0 0.677083 1 0.0291667 0
0 0.677083 1 0.0291667 0
0 0.677083 1 0.0291667 0
0 0.677778 1 0.0305556 0
0 0.679167 1 0.0305556 0
0 0.679861 1 0.0291667 0
0 0.679861 1 0.0291667 0
0 0.458333 0 0.0111111 0
0 0.681944 1 0.0277778 0
0 0.682639 1 0.0291667 0
0 0.685417 1 0.0319444 0
0 0.685417 1 0.0319444 0
0 0.688194 1 0.0291667 0
0 0.688194 1 0.0291667 0
0 0.688194 1 0.0291667 0
0 0.688194 1 0.0291667 0
0 0.688194 1 0.0291667 0
0 0.688194 1 0.0291667 0
0 0.690278 1 0.0305556 0
0 0.464583 0 0.00972222 0
0 0.692361 1 0.0291667 0
0 0.69375 1 0.0291667 0
0 0.695139 1 0.0291667 0
0 0.696528 1 0.0291667 0
0 0.700694 1 0.0291667 0
0 0.700694 1 0.0291667 0
0 0.700694 1 0.0291667 0
0 0.529861 0 0.0597222 0
0 0.700694 1 0.0291667 0
0 0.529861 0 0.0597222 0
0 0.700694 1 0.0291667 0
0 0.702778 1 0.0305556 0
0 0.704167 1 0.0305556 0
0 0.533333 0 0.0611111 0
0 0.705556 1 0.0305556 0
0 0.533333 0 0.0611111 0
0 0.708333 1 0.0305556 0
0 0.534722 0 0.0583333 0
0 0.708333 1 0.0305556 0
0 0.535417 0 0.0597222 0
0 0.711111 1 0.0305556 0
0 0.713194 1 0.0291667 0
0 0.713194 1 0.0291667 0
0 0.713194 1 0.0291667 0
0 0.713194 1 0.0291667 0
0 0.714583 1 0.0291667 0
0 0.715972 1 0.0291667 0
0 0.715972 1 0.0291667 0
0 0.716667 1 0.0305556 0
0 0.718056 1 0.0305556 0
0 0.720833 1 0.0277778 0
0 0.721528 1 0.0291667 0
0 0.722222 1 0.0305556 0
0 0.725 1 0.0277778 0
0 0.726389 1 0.0277778 0
0 0.726389 1 0.0277778 0
0 0.726389 1 0.0277778 0
0 0.726389 1 0.0277778 0
0 0.727083 1 0.0291667 0
0 0.728472 1 0.0291667 0
0 0.729167 1 0.0305556 0
0 0.730556 1 0.0305556 0
0 0.730556 1 0.0305556 0
0 0.735417 1 0.0291667 0
0 0.7375 1 0.0277778 0
0 0.7375 1 0.0277778 0
0 0.739583 1 0.0291667 0
0 0.741667 1 0.0305556 0
0 0.74375 1 0.0291667 0
0 0.74375 1 0.0291667 0
0 0.74375 1 0.0291667 0
0 0.74375 1 0.0291667 0
0 0.74375 1 0.0291667 0
0 0.745833 1 0.0277778 0
0 0.747917 1 0.0291667 0
0 0.75 1 0.0277778 0
0 0.752083 1 0.0263889 0
0 0.752778 1 0.0277778 0
0 0.754167 1 0.0277778 0
0 0.754167 1 0.0277778 0
0 0.754167 1 0.0277778 0
0 0.754167 1 0.0277778 0
0 0.754167 1 0.0277778 0
0 0.754861 1 0.0291667 0
0 0.754861 1 0.0291667 0
0 0.755556 1 0.0277778 0
0 0.757639 1 0.0263889 0
0 0.758333 1 0.0277778 0
0 0.759722 1 0.0277778 0
0 0.761806 1 0.0263889 0
0 0.761111 1 0.0277778 0
0 0.761111 1 0.0277778 0
0 0.761111 1 0.0277778 0
0 0.761111 1 0.0277778 0
0 0.7625 1 0.025 0
0 0.763194 1 0.0263889 0
0 0.764583 1 0.0263889 0
0 0.765278 1 0.0277778 0
0 0.765972 1 0.0263889 0
0 0.765972 1 0.0263889 0
0 0.766667 1 0.0277778 0
0 0.766667 1 0.0277778 0
0 0.766667 1 0.0277778 0
0 0.766667 1 0.0277778 0
0 0.766667 1 0.0277778 0
0 0.766667 1 0.0277778 0
0 0.768056 1 0.0277778 0
0 0.769444 1 0.025 0
0 0.770139 1 0.0263889 0
0 0.770139 1 0.0263889 0
0 0.771528 1 0.0263889 0
0 0.771528 1 0.0263889 0
0 0.771528 1 0.0263889 0
0 0.771528 1 0.0263889 0
0 0.771528 1 0.0263889 0
0 0.772222 1 0.0277778 0
0 0.772917 1 0.0263889 0
0 0.774306 1 0.0236111 0
0 0.775 1 0.0222222 0
0 0.775 1 0.025 0
0 0.775694 1 0.0236111 0
0 0.775694 1 0.0236111 0
0 0.775694 1 0.0236111 0
0 0.775694 1 0.0236111 0
0 0.775694 1 0.0236111 0
0 0.775694 1 0.0236111 0
0 0.775694 1 0.0236111 0
0 0.775694 1 0.0236111 0
0 0.775694 1 0.0236111 0
0 0.777083 1 0.0236111 0
0 0.777083 1 0.0236111 0
0 0.777778 1 0.025 0
0 0.777778 1 0.025 0
0 0.779167 1 0.025 0
0 0.779167 1 0.025 0
0 0.779167 1 0.025 0
0 0.779167 1 0.025 0
0 0.779167 1 0.025 0
0 0.780556 1 0.025 0
0 0.780556 1 0.025 0
0 0.780556 1 0.025 0
0 0.78125 1 0.0236111 0
0 0.781944 1 0.0222222 0
0 0.782639 1 0.0236111 0
0 0.784028 1 0.0236111 0
0 0.785417 1 0.0236111 0
0 0.7875 1 0.0222222 0
0 0.786806 1 0.0236111 0
0 0.786806 1 0.0236111 0
0 0.786806 1 0.0236111 0
0 0.786806 1 0.0236111 0
0 0.786806 1 0.0236111 0
0 0.7875 1 0.0222222 0
0 0.788194 1 0.0208333 0
0 0.788889 1 0.0222222 0
0 0.789583 1 0.0236111 0
0 0.790972 1 0.0236111 0
0 0.792361 1 0.0236111 0
0 0.792361 1 0.0236111 0
0 0.793056 1 0.0222222 0
0 0.793056 1 0.0222222 0
0 0.793056 1 0.0222222 0
0 0.794444 1 0.0222222 0
0 0.795833 1 0.0222222 0
0 0.795833 1 0.0222222 0
0 0.797917 1 0.0208333 0
0 0.799306 1 0.0208333 0
0 0.8 1 0.0194444 0
0 0.801389 1 0.0194444 0
0 0.801389 1 0.0194444 0
0 0.801389 1 0.0194444 0
0 0.801389 1 0.0194444 0
0 0.801389 1 0.0194444 0
0 0.802778 1 0.0194444 0
0 0.803472 0.5 0.0208333 1
0 0.805556 0.5 0.0222222 1
0 0.80625 0.5 0.0208333 1
0 0.807639 0.5 0.0208333 1
0 0.810417 0.5 0.0208333 1
0 0.811111 0.5 0.0222222 1
0 0.813889 0.5 0.0222222 1
0 0.816667 0.5 0.0222222 1
0 0.816667 0.5 0.0222222 1
0 0.818056 0.5 0.0222222 1
0 0.820139 0.5 0.0208333 1
0 0.822222 0.5 0.0222222 1
0 0.822222 0.5 0.0222222 1
0 0.822222 0.5 0.0222222 1
0 0.822222 0.5 0.0222222 1
0 0.822222 0.5 0.0222222 1
0 0.823611 0.5 0.0222222 1
0 0.825694 0.5 0.0208333 1
0 0.829167 0.5 0.0222222 1
0 0.830556 0.5 0.0222222 1
0 0.832639 0.5 0.0208333 1
0 0.836806 0.5 0.0208333 1
0 0.836806 0.5 0.0208333 1
0 0.8375 0.5 0.0194444 1
0 0.8375 0.5 0.0194444 1
0 0.8375 0.5 0.0194444 1
0 0.838889 0.5 0.0194444 1
0 0.838889 0.5 0.0194444 1
0 0.841667 0.5 0.0222222 1
0 0.844444 0.5 0.0194444 1
0 0.847222 0.5 0.0194444 1
0 0.850694 0.5 0.0208333 1
0 0.854861 0.5 0.0208333 1
0 0.854861 0.5 0.0208333 1
0 0.854861 0.5 0.0208333 1
0 0.854861 0.5 0.0208333 1
0 0.854861 0.5 0.0208333 1
0 0.856944 0.5 0.0222222 1
0 0.859028 0.5 0.0208333 1
0 0.863194 0.5 0.0208333 1
0 0.868056 0.5 0.0222222 1
0 0.868056 0.5 0.0222222 1
0 0.870833 0.5 0.0222222 1
0 0.875694 0.5 0.0208333 1
0 0.879861 0.5 0.0208333 1
0 0.884722 0.5 0.0222222 1
0 0.885417 0.5 0.0208333 1
0 0.885417 0.5 0.0208333 1
0 0.885417 0.5 0.0208333 1
0 0.885417 0.5 0.0208333 1
0 0.885417 0.5 0.0208333 1
0 0.885417 0.5 0.0208333 1
0 0.888194 0.5 0.0208333 1
0 0.89375 0.5 0.0208333 1
0 0.897222 0.5 0.0222222 1
0 0.904167 0.5 0.0222222 1
0 0.908333 0.5 0.0222222 1
0 0.913889 0.5 0.0222222 1
0 0.917361 0.5 0.0236111 1
0 0.923611 0.5 0.0222222 1
0 0.926389 0.5 0.0222222 1
0 0.926389 0.5 0.0222222 1
0 0.926389 0.5 0.0222222 1
0 0.926389 0.5 0.0222222 1
0 0.926389 0.5 0.0222222 1
0 0.930556 0.5 0.025 1
0 0.938889 0.5 0.0222222 1
0 0.946528 0.5 0.0236111 1
0 0.946528 0.5 0.0236111 1
0 0.952083 0.5 0.0236111 1
0 0.960417 0.5 0.0236111 1
0 0.966667 0.5 0.025 1
0 0.966667 0.5 0.025 1
0 0.966667 0.5 0.025 1
0 0.966667 0.5 0.025 1
0 0.966667 0.5 0.025 1
0 0.972222 0.5 0.025 1
0 0.981944 0.5 0.025 1
0 0.988889 1 0.0222222 0
0 0.992361 1 0.0152778 0
0 0.468056 0 0.0222222 0
0 0.466667 0 0.0222222 0
0 0.465278 0 0.0222222 0
0 0.464583 0 0.0208333 0
0 0.463194 0 0.0208333 0
0 0.463194 0 0.0208333 0
0 0.461111 0 0.0222222 0
0 0.461111 0 0.0222222 0
0 0.463194 0 0.0208333 0
0 0.463194 0 0.0208333 0
0 0.463194 0 0.0208333 0
0 0.463194 0 0.0208333 0
0 0.463194 0 0.0208333 0
0 0.463194 0 0.0208333 0
0 0.463194 0 0.0208333 0
0 0.465278 0 0.0222222 0
0 0.466667 0 0.0222222 0
0 0.468056 0 0.0222222 0
0 0.470833 0 0.0222222 0
0 0.472917 0 0.0208333 0
0 0.477778 0 0.0222222 0
0 0.48125 0 0.0208333 0
0 0.485417 0 0.0208333 0
0 0.485417 0 0.0208333 0
0 0.485417 0 0.0208333 0
0 0.484722 0 0.0194444 0
0 0.484722 0 0.0194444 0
0 0.484722 0 0.0194444 0
0 0.533333 0.5 0.0194444 1
0 0.536806 0.5 0.0208333 1
0 0.536806 0.5 0.0208333 1
0 0.536806 0.5 0.0208333 1
0 0.539583 0 0.0319444 0
0 0.536806 0.5 0.0208333 1
0 0.536806 0.5 0.0208333 1
0 0.538889 0.5 0.0194444 1
0 0.545833 0.5 0.0222222 1
0 0.545833 0.5 0.0222222 1
0 0.548611 0.5 0.0222222 1
0 0.557639 0.5 0.0208333 1
0 0.563194 0 0.0208333 0
0 0.571528 0 0.0208333 0
0 0.579167 0 0.0222222 0
0 0.590278 0 0.0222222 0
0 0.592361 0 0.0208333 0
0 0.592361 0 0.0208333 0
0 0.592361 0 0.0208333 0
0 0.592361 0 0.0208333 0
0 0.592361 0 0.0208333 0
0 0.595139 0 0.0208333 0
0 0.607639 0 0.0208333 0
0 0.607639 0 0.0208333 0
0 0.622222 0 0.0222222 0
0 0.6375 0 0.0222222 0
0 0.650694 0 0.0208333 0
0 0.665972 0 0.0208333 0
0 0.665972 0 0.0208333 0
0 0.665972 0 0.0208333 0
0 0.665972 0 0.0208333 0
0 0.665972 0 0.0208333 0
0 0.668056 0 0.0222222 0
0 0.683333 0 0.0222222 0
0 0.698611 0 0.0222222 0
0 0.715278 0 0.0222222 0
0 0.725694 0 0.0208333 0
0 0.742361 0 0.0236111 0
0 0.742361 0 0.0236111 0
0 0.745139 0 0.0208333 0
0 0.744444 0 0.0222222 0
0 0.744444 0 0.0222222 0
0 0.750694 0 0.0208333 0
0 0.764583 0 0.0236111 0
0 0.764583 0 0.0236111 0
0 0.78125 0 0.0236111 0
0 0.8 0 0.0222222 0
0 0.816667 0 0.025 0
0 0.83125 0 0.0236111 0
0 0.83125 0 0.0236111 0
0 0.83125 0 0.0236111 0
0 0.83125 0 0.0236111 0
0 0.83125 0 0.0236111 0
0 0.83125 0 0.0236111 0
0 0.851389 0 0.0222222 0
0 0.866667 0 0.025 0
0 0.879861 0 0.0236111 0
0 0.891667 0 0.025 0
0 0.908333 0 0.025 0
0 0.925694 0 0.0236111 0
0 0.945833 0 0.025 0
0 0.95625 0 0.0236111 0
0 0.970139 0 0.0236111 0
0 0.970139 0 0.0236111 0
0 0.990972 0 0.0180556 0
0 0.994444 0 0.00833333 0
0 0.994444 0 0.00833333 0
0 0.994444 0 0.00833333 0
0 0.994444 0 0.00833333 0
0 0.46875 0 0.0208333 0
0 0.46875 0 0.0208333 0
0 0.468056 0 0.0222222 0
0 0.466667 0 0.0222222 0
0 0.464583 0 0.0208333 0
0 0.463194 0 0.0208333 0
0 0.459722 0 0.0222222 0
0 0.458333 0 0.0222222 0
0 0.457639 0 0.0208333 0
0 0.45625 0 0.0236111 0
0 0.455556 0 0.0222222 0
0 0.455556 0 0.0222222 0
0 0.454861 0 0.0236111 0
0 0.454167 0 0.0222222 0
0 0.454167 0 0.0222222 0
0 0.452778 0 0.0222222 0
0 0.452778 0 0.0222222 0
0 0.452778 0 0.0222222 0
0 0.452778 0 0.0222222 0
0 0.452778 0 0.0222222 0
0 0.452778 0 0.0222222 0
0 0.452778 0 0.0222222 0
0 0.452778 0 0.0222222 0
0 0.452778 0 0.0222222 0
0 0.452778 0 0.0222222 0
0 0.453472 0 0.0208333 0
0 0.454167 0.5 0.0222222 1
0 0.454167 0.5 0.0222222 1
0 0.454167 0.5 0.0222222 1
0 0.454167 0.5 0.0222222 1
0 0.454167 0.5 0.0222222 1
0 0.454167 0.5 0.0222222 1
0 0.454167 0.5 0.0222222 1
0 0.454167 0.5 0.0222222 1
0 0.454167 0.5 0.0222222 1
0 0.454167 0.5 0.0222222 1
0 0.454167 0.5 0.0222222 1
0 0.454167 0.5 0.0222222 1
0 0.454167 0.5 0.0222222 1
0 0.454167 0.5 0.0222222 1
0 0.454167 0.5 0.0222222 1
0 0.454167 0.5 0.0222222 1
0 0.454167 0.5 0.0222222 1
0 0.454167 0.5 0.0222222 1
0 0.454167 0.5 0.0222222 1
0 0.454167 0.5 0.0222222 1
0 0.453472 0.5 0.0208333 1
0 0.454167 0.5 0.0222222 1
0 0.453472 0.5 0.0208333 1
0 0.452778 0.5 0.0222222 1
0 0.452778 0.5 0.0222222 1
0 0.452778 0.5 0.0222222 1
0 0.452778 0.5 0.0222222 1
0 0.452778 0.5 0.0222222 1
0 0.452778 0.5 0.0222222 1
0 0.452778 0.5 0.0222222 1
0 0.454861 0.5 0.0236111 1
0 0.458333 0.5 0.0222222 1
0 0.463889 0 0.0194444 0
0 0.468056 0 0.0222222 0
0 0.470139 0 0.0208333 0
0 0.470139 0 0.0208333 0
0 0.470139 0 0.0208333 0
0 0.470139 0 0.0208333 0
0 0.470139 0 0.0208333 0
0 0.470833 0 0.0222222 0
0 0.472917 0 0.0208333 0
0 0.475694 0 0.0208333 0
0 0.479167 0 0.0222222 0
0 0.48125 0 0.0208333 0
0 0.483333 0 0.0222222 0
0 0.483333 0 0.0222222 0
0 0.486111 0 0.0222222 0
0 0.489583 0 0.0208333 0
0 0.489583 0 0.0208333 0
0 0.489583 0 0.0208333 0
0 0.489583 0 0.0208333 0
0 0.489583 0 0.0208333 0
0 0.489583 0 0.0208333 0
0 0.490278 0 0.0222222 0
0 0.492361 0 0.0236111 0
0 0.495139 0 0.0236111 0
0 0.497222 0 0.0222222 0
0 0.498611 0 0.0222222 0
0 0.501389 0 0.0222222 0
0 0.501389 0 0.0222222 0
0 0.502083 0 0.0208333 0
0 0.502083 0 0.0208333 0
0 0.502083 0 0.0208333 0
0 0.502778 0 0.0222222 0
0 0.504167 0 0.0222222 0
0 0.506944 0 0.0222222 0
0 0.509028 0 0.0236111 0
0 0.511806 0 0.0236111 0
0 0.515972 0 0.0236111 0
0 0.517361 0 0.0236111 0
0 0.517361 0 0.0236111 0
0 0.520833 0 0.0222222 0
0 0.520833 0 0.0222222 0
0 0.520833 0 0.0222222 0
0 0.520833 0 0.0222222 0
0 0.520833 0 0.0222222 0
0 0.520833 0 0.0222222 0
0 0.521528 0 0.0236111 0
0 0.525 0 0.0222222 0
0 0.528472 0 0.0236111 0
0 0.530556 0 0.025 0
0 0.533333 0 0.0222222 0
0 0.534722 0 0.025 0
0 0.535417 0 0.0236111 0
0 0.534028 0 0.0236111 0
0 0.534028 0 0.0236111 0
0 0.534722 0 0.025 0
0 0.534722 0 0.025 0
0 0.534722 0 0.025 0
0 0.534722 0 0.025 0
0 0.534028 0 0.0236111 0
0 0.534028 0 0.0236111 0
0 0.534028 0 0.0236111 0
0 0.535417 0 0.0236111 0
0 0.535417 0 0.0236111 0
0 0.536806 0 0.0236111 0
0 0.536806 0 0.0236111 0
0 0.5375 0 0.025 0
0 0.538194 0 0.0236111 0
0 0.538194 0 0.0236111 0
0 0.538194 0 0.0236111 0
0 0.538194 0 0.0236111 0
0 0.538194 0 0.0236111 0
0 0.538194 0 0.0236111 0
0 0.539583 0 0.0236111 0
0 0.540972 0 0.0236111 0
0 0.541667 0 0.025 0
0 0.543056 0 0.025 0
0 0.544444 0 0.025 0
0 0.546528 0 0.0236111 0
0 0.547222 0 0.025 0
0 0.547222 0 0.025 0
0 0.548611 0 0.025 0
0 0.548611 0 0.025 0
0 0.548611 0 0.025 0
0 0.548611 0 0.025 0
0 0.548611 0 0.025 0
0 0.548611 0 0.025 0
0 0.551389 0 0.025 0
0 0.552778 0 0.025 0
0 0.553472 0 0.0263889 0
0 0.555556 0 0.025 0
0 0.557639 0 0.0263889 0
0 0.557639 0 0.0263889 0
0 0.557639 0 0.0263889 0
0 0.557639 0 0.0263889 0
0 0.557639 0 0.0263889 0
0 0.557639 0 0.0263889 0
0 0.560417 0 0.0263889 0
0 0.561111 0 0.0277778 0
0 0.561806 0 0.0263889 0
0 0.564583 0 0.0263889 0
0 0.564583 0 0.0263889 0
0 0.565278 0 0.025 0
0 0.566667 0 0.0277778 0
0 0.566667 0 0.0277778 0
0 0.566667 0 0.0277778 0
0 0.566667 0 0.0277778 0
0 0.566667 0 0.0277778 0
0 0.569444 0 0.025 0
0 0.570833 0 0.0277778 0
0 0.574306 0 0.0291667 0
0 0.579167 0 0.0277778 0
0 0.583333 0 0.0277778 0
0 0.585417 0 0.0291667 0
0 0.585417 0 0.0291667 0
0 0.585417 0 0.0291667 0
0 0.585417 0 0.0291667 0
0 0.585417 0 0.0291667 0
0 0.585417 0 0.0291667 0
0 0.590278 0 0.0277778 0
0 0.594444 0 0.0277778 0
0 0.597222 0 0.0277778 0
0 0.552778 0 0.102778 0
0 0.601389 0 0.0277778 0
0 0.603472 0 0.0291667 0
0 0.610417 0 0.0291667 0
0 0.613194 0 0.0263889 0
0 0.613194 0 0.0263889 0
0 0.613889 0 0.0277778 0
0 0.613889 0 0.0277778 0
0 0.613889 0 0.0277778 0
0 0.613889 0 0.0277778 0
0 0.616667 0 0.0277778 0
0 0.620833 0 0.0277778 0
0 0.624306 0 0.0291667 0
0 0.624306 0 0.0291667 0
0 0.626389 0.5 0.0277778 1
0 0.629167 0.5 0.0277778 1
0 0.630556 0.5 0.0277778 1
0 0.630556 0.5 0.0277778 1
0 0.630556 0.5 0.0277778 1
0 0.630556 0.5 0.0277778 1
0 0.630556 0.5 0.0277778 1
0 0.634028 0.5 0.0291667 1
0 0.636806 0.5 0.0291667 1
0 0.639583 0.5 0.0291667 1
0 0.642361 0.5 0.0291667 1
0 0.644444 0.5 0.0277778 1
0 0.647917 0.5 0.0291667 1
0 0.647917 0.5 0.0291667 1
0 0.647917 0.5 0.0291667 1
0 0.647917 0.5 0.0291667 1
0 0.652083 0.5 0.0291667 1
0 0.652083 0.5 0.0291667 1
0 0.654167 0.5 0.0277778 1
0 0.657639 0.5 0.0291667 1
0 0.661111 0.5 0.0305556 1
0 0.664583 0.5 0.0291667 1
0 0.666667 0.5 0.0305556 1
0 0.666667 0.5 0.0305556 1
0 0.666667 0.5 0.0305556 1
0 0.666667 0.5 0.0305556 1
0 0.668056 0.5 0.0305556 1
0 0.668056 0.5 0.0305556 1
0 0.670139 0.5 0.0291667 1
0 0.673611 0.5 0.0305556 1
0 0.675 0.5 0.0277778 1
0 0.677083 0.5 0.0291667 1
0 0.677083 0.5 0.0291667 1
0 0.678472 0.5 0.0291667 1
0 0.678472 0.5 0.0291667 1
0 0.679167 0.5 0.0305556 1
0 0.679167 0.5 0.0305556 1
0 0.679167 0.5 0.0305556 1
0 0.679167 0.5 0.0305556 1
0 0.679167 0.5 0.0305556 1
0 0.679861 0.5 0.0291667 1
0 0.679861 0.5 0.0291667 1
0 0.684722 0.5 0.0305556 1
0 0.686806 0.5 0.0291667 1
0 0.686806 0.5 0.0291667 1
0 0.688194 0.5 0.0291667 1
0 0.690972 0.5 0.0291667 1
0 0.526389 0 0.0472222 0
0 0.692361 0.5 0.0291667 1
0 0.69375 0.5 0.0291667 1
0 0.69375 0.5 0.0291667 1
0 0.69375 0.5 0.0291667 1
0 0.69375 0.5 0.0291667 1
0 0.69375 0.5 0.0291667 1
0 0.695139 0.5 0.0291667 1
0 0.697917 0.5 0.0319444 1
0 0.700694 0.5 0.0291667 1
0 0.702083 0.5 0.0291667 1
0 0.703472 0.5 0.0291667 1
0 0.705556 0.5 0.0305556 1
0 0.535417 0 0.0625 0
0 0.707639 0.5 0.0291667 1
0 0.536111 0 0.0638889 0
0 0.707639 0.5 0.0291667 1
0 0.536111 0 0.0638889 0
0 0.707639 0.5 0.0291667 1
0 0.536111 0 0.0638889 0
0 0.707639 0.5 0.0291667 1
0 0.536806 0 0.0597222 0
0 0.707639 0.5 0.0291667 1
0 0.5375 0 0.0638889 0
0 0.709722 0.5 0.0305556 1
0 0.7125 0.5 0.0277778 1
0 0.713194 0.5 0.0291667 1
0 0.714583 0.5 0.0291667 1
0 0.716667 0.5 0.0305556 1
0 0.718056 0.5 0.0305556 1
0 0.720139 0.5 0.0291667 1
0 0.722222 0.5 0.0305556 1
0 0.722222 0.5 0.0305556 1
0 0.722222 0.5 0.0305556 1
0 0.722222 0.5 0.0305556 1
0 0.722222 0.5 0.0305556 1
0 0.722222 0.5 0.0305556 1
0 0.723611 0.5 0.0305556 1
0 0.726389 0.5 0.0305556 1
0 0.727778 0.5 0.0305556 1
0 0.727778 0.5 0.0305556 1
0 0.729167 0.5 0.0305556 1
0 0.489583 0 0.00972222 0
0 0.730556 0.5 0.0305556 1
0 0.732639 0.5 0.0291667 1
0 0.732639 0.5 0.0291667 1
0 0.732639 0.5 0.0291667 1
0 0.489583 0 0.00972222 0
0 0.732639 0.5 0.0291667 1
0 0.734722 0.5 0.0305556 1
0 0.738889 0.5 0.0277778 1
0 0.738889 0.5 0.0277778 1
0 0.741667 0.5 0.0305556 1
0 0.74375 0.5 0.0291667 1
0 0.746528 0.5 0.0291667 1
0 0.747917 0.5 0.0291667 1
0 0.747917 0.5 0.0291667 1
0 0.747917 0.5 0.0291667 1
0 0.747917 0.5 0.0291667 1
0 0.749306 0.5 0.0291667 1
0 0.751389 0.5 0.0277778 1
0 0.752778 0.5 0.0277778 1
0 0.753472 0.5 0.0291667 1
0 0.753472 0.5 0.0291667 1
0 0.754861 0.5 0.0291667 1
0 0.756944 0.5 0.0277778 1
0 0.758333 0.5 0.0277778 1
0 0.758333 0.5 0.0277778 1
0 0.758333 0.5 0.0277778 1
0 0.758333 0.5 0.0277778 1
0 0.758333 0.5 0.0277778 1
0 0.758333 0.5 0.0277778 1
0 0.759722 0.5 0.0277778 1
0 0.759722 0.5 0.0277778 1
0 0.761111 0.5 0.0277778 1
0 0.7625 0.5 0.0277778 1
0 0.764583 0.5 0.0263889 1
0 0.764583 0.5 0.0263889 1
0 0.765278 0.5 0.0277778 1
0 0.765278 0.5 0.0277778 1
0 0.765278 0.5 0.0277778 1
0 0.765278 0.5 0.0277778 1
0 0.765278 0.5 0.0277778 1
0 0.765278 0.5 0.0277778 1
0 0.766667 0.5 0.0277778 1
0 0.767361 0.5 0.0291667 1
0 0.768056 0.5 0.0277778 1
0 0.768056 0.5 0.0277778 1
0 0.769444 0.5 0.0277778 1
0 0.770139 0.5 0.0263889 1
0 0.770833 0.5 0.0277778 1
0 0.771528 0.5 0.0263889 1
0 0.771528 0.5 0.0263889 1
0 0.771528 0.5 0.0263889 1
0 0.771528 0.5 0.0263889 1
0 0.771528 0.5 0.0263889 1
0 0.772222 0.5 0.0277778 1
0 0.772222 0.5 0.0277778 1
0 0.772222 0.5 0.0277778 1
0 0.772222 0.5 0.0277778 1
0 0.775 0 0.025 0
0 0.775 0 0.025 0
0 0.772917 0 0.0263889 0
0 0.772917 0 0.0263889 0
0 0.772917 0 0.0263889 0
0 0.772917 0 0.0263889 0
0 0.772917 0 0.0263889 0
0 0.772917 0 0.0263889 0
0 0.772917 0 0.0263889 0
0 0.774306 0 0.0263889 0
0 0.774306 0 0.0236111 0
0 0.774306 0 0.0236111 0
0 0.775 0 0.0222222 0
0 0.775694 0 0.0236111 0
0 0.777083 0 0.0236111 0
0 0.776389 0 0.025 0
0 0.776389 0 0.025 0
0 0.776389 0 0.025 0
0 0.776389 0 0.025 0
0 0.777083 0 0.0236111 0
0 0.777083 0 0.0236111 0
0 0.777778 0 0.025 0
0 0.778472 0 0.0236111 0
0 0.779861 0 0.0236111 0
0 0.779861 0 0.0236111 0
0 0.780556 0 0.025 0
0 0.78125 0 0.0236111 0
0 0.78125 0 0.0236111 0
0 0.78125 0 0.0236111 0
0 0.78125 0 0.0236111 0
0 0.78125 0 0.0236111 0
0 0.78125 0 0.0236111 0
0 0.782639 0 0.0236111 0
0 0.783333 0 0.025 0
0 0.784028 0 0.0236111 0
0 0.784722 0 0.025 0
0 0.785417 0 0.0236111 0
0 0.7875 0 0.0222222 0
0 0.7875 0 0.0222222 0
0 0.7875 0 0.0222222 0
0 0.7875 0 0.0222222 0
0 0.7875 0 0.0222222 0
0 0.788194 0 0.0208333 0
0 0.788889 0 0.0222222 0
0 0.790278 0 0.0222222 0
0 0.792361 0 0.0236111 0
0 0.792361 0 0.0236111 0
0 0.792361 0 0.0236111 0
0 0.79375 0 0.0236111 0
0 0.795833 0 0.0222222 0
0 0.795833 0 0.0222222 0
0 0.795833 0 0.0222222 0
0 0.795833 0 0.0222222 0
0 0.795833 0 0.0222222 0
0 0.795833 0 0.0222222 0
0 0.795833 0 0.0222222 0
0 0.798611 0 0.0222222 0
0 0.8 0 0.0194444 0
0 0.801389 0 0.0222222 0
0 0.804167 0 0.0222222 0
0 0.804861 0 0.0236111 0
0 0.807639 0 0.0208333 0
0 0.809722 0 0.0222222 0
0 0.811806 0 0.0208333 0
0 0.811806 0 0.0208333 0
0 0.811806 0 0.0208333 0
0 0.811806 0 0.0208333 0
0 0.811806 0 0.0208333 0
0 0.811806 0 0.0208333 0
0 0.813889 0 0.0222222 0
0 0.815972 0 0.0236111 0
0 0.818056 0 0.0222222 0
0 0.820139 0 0.0208333 0
0 0.822917 0 0.0208333 0
0 0.824306 0 0.0208333 0
0 0.827083 0 0.0208333 0
0 0.827083 0 0.0208333 0
0 0.829167 0 0.0222222 0
0 0.829167 0 0.0222222 0
0 0.829167 0 0.0222222 0
0 0.829167 0 0.0222222 0
0 0.829167 0 0.0222222 0
0 0.829167 0 0.0222222 0
0 0.831944 0 0.0222222 0
0 0.835417 0 0.0208333 0
0 0.8375 0 0.0194444 0
0 0.840972 0 0.0236111 0
0 0.844444 0 0.0222222 0
0 0.846528 0 0.0236111 0
0 0.846528 0 0.0236111 0
0 0.846528 0 0.0236111 0
0 0.846528 0 0.0236111 0
0 0.849306 0 0.0208333 0
0 0.849306 0 0.0208333 0
0 0.851389 0 0.0222222 0
0 0.854167 0 0.0222222 0
0 0.857639 0 0.0208333 0
0 0.863194 0 0.0208333 0
0 0.866667 0 0.0222222 0
0 0.869444 0 0.0222222 0
0 0.873611 0 0.0222222 0
0 0.877083 0 0.0236111 0
0 0.881944 0 0.0222222 0
0 0.886806 0 0.0208333 0
0 0.886806 0 0.0208333 0
0 0.886806 0 0.0208333 0
0 0.886806 0 0.0208333 0
0 0.886806 0 0.0208333 0
0 0.8875 0 0.0222222 0
0 0.890278 0 0.0222222 0
0 0.895833 0 0.0222222 0
0 0.895833 0 0.0222222 0
0 0.901389 0 0.0222222 0
0 0.90625 0 0.0208333 0
0 0.9125 0 0.0222222 0
0 0.917361 0 0.0236111 0
0 0.922917 0 0.0236111 0
0 0.928472 0 0.0236111 0
0 0.929861 0 0.0236111 0
0 0.929861 0 0.0236111 0
0 0.929861 0 0.0236111 0
0 0.929861 0 0.0236111 0
0 0.929861 0 0.0236111 0
0 0.934722 0 0.025 0
0 0.941667 0 0.025 0
0 0.949306 0 0.0236111 0
0 0.956944 0 0.025 0
0 0.965278 0 0.025 0
0 0.971528 0 0.0263889 0
0 0.98125 0 0.0236111 0
0 0.98125 0 0.0236111 0
0 0.9875 0 0.0222222 0
0 0.989583 0 0.0208333 0
0 0.989583 0 0.0208333 0
0 0.989583 0 0.0208333 0
0 0.990972 0 0.0180556 0
0 0.994444 0 0.0111111 0
0 0.6 0 0.0111111 0
0 0.602083 0 0.0125 0
0 0.602083 0 0.0125 0
0 0.602083 0 0.0125 0
0 0.602083 0 0.0125 0
0 0.911111 0 0.00555556 0
0 0.911111 0 0.00555556 0
0 0.911111 0 0.00555556 0
0 0.911111 0 0.00555556 0
0 0.897917 0 0.00416667 0
0 0.759722 0 0.0166667 0
0 0.657639 0 0.0152778 0
0 0.908333 0 0.00555556 0
0 0.908333 0 0.00555556 0
0 0.914583 0 0.00972222 0
0 0.961111 0 0.00555556 0
0 0.671528 0 0.0180556 0
0 0.679861 0 0.0180556 0
0 0.963194 0 0.00694444 0
0 0.686111 0 0.0194444 0
0 0.696528 0 0.0208333 0
0 0.696528 0 0.0208333 0
0 0.696528 0 0.0208333 0
0 0.697222 0 0.0194444 0
0 0.697222 0 0.0222222 0
0 0.865972 0 0.00416667 0
0 0.877083 0 0.00416667 0
0 0.878472 0 0.00416667 0
0 0.918056 0 0.00555556 0
0 0.898611 0 0.00555556 0
0 0.897917 0 0.00694444 0
0 0.898611 0 0.00555556 0
0 0.898611 0 0.00555556 0
0 0.9 0 0.00555556 0
0 0.905556 0 0.00833333 0
0 0.904167 0 0.00555556 0
0 0.701389 0 0.00555556 0
0 0.913194 0 0.00694444 0
0 0.920833 0 0.00833333 0
0 0.967361 0 0.00694444 0
0 0.929167 0 0.00555556 0
0 0.967361 0 0.00694444 0
0 0.929167 0 0.00555556 0
0 0.945833 0 0.00833333 0
0 0.995833 0 0.00833333 0
0 0.951389 0 0.00833333 0
0 0.995833 0 0.00833333 0
0 0.951389 0 0.00833333 0
0 0.970139 0 0.00694444 0
0 0.986111 0 0.00833333 0
0 0.995833 0 0.00555556 0
0 0.777778 0 0.00833333 0
0 0.945833 0 0.00555556 0
0 0.961111 0 0.00555556 0
0 0.966667 0 0.00833333 0
0 0.986806 0 0.00694444 0
0 0.949306 0 0.101389 0
0 0.982639 0 0.0291667 0
0 0.950694 0 0.0958333 0
0 0.985417 0 0.0263889 0
0 0.953472 0 0.0902778 0
0 0.990972 0 0.0180556 0
0 0.957639 0 0.0847222 0
0 0.958333 0 0.0833333 0
0 0.995139 0 0.00972222 0
0 0.958333 0 0.0833333 0
0 0.995139 0 0.00972222 0
0 0.958333 0 0.0833333 0
0 0.958333 0 0.0833333 0
0 0.958333 0 0.0833333 0
0 0.958333 0 0.0833333 0
0 0.567361 1 0.0791667 0
0 0.568056 1 0.0777778 0
0 0.56875 1 0.0791667 0
0 0.56875 1 0.0791667 0
0 0.568056 1 0.0777778 0
0 0.568056 1 0.0777778 0
0 0.568056 1 0.0777778 0
0 0.56875 1 0.0791667 0
0 0.46875 0 0.0208333 0
0 0.468056 0 0.0222222 0
0 0.468056 0 0.0222222 0
0 0.468056 0 0.0222222 0
0 0.466667 0 0.0222222 0
0 0.464583 0 0.0208333 0
0 0.461111 0 0.0222222 0
0 0.459722 0 0.0222222 0
0 0.458333 0 0.0222222 0
0 0.458333 0 0.0222222 0
0 0.456944 0 0.0222222 0
0 0.455556 0 0.0222222 0
0 0.454861 0 0.0208333 0
0 0.454861 0 0.0208333 0
0 0.454167 0 0.0222222 0
0 0.454167 0 0.0222222 0
0 0.452778 0 0.0222222 0
0 0.452778 0 0.0222222 0
0 0.452778 0 0.0222222 0
0 0.452778 0 0.0222222 0
0 0.452778 0 0.0222222 0
0 0.452083 0 0.0208333 0
0 0.452083 0 0.0208333 0
0 0.452083 0 0.0208333 0
0 0.452083 0 0.0208333 0
0 0.452083 0 0.0208333 0
0 0.452083 0 0.0208333 0
0 0.452778 0 0.0222222 0
0 0.452778 0 0.0222222 0
0 0.452778 0 0.0222222 0
0 0.453472 0.5 0.0208333 1
0 0.453472 0.5 0.0236111 1
0 0.453472 0.5 0.0236111 1
0 0.453472 0.5 0.0208333 1
0 0.453472 0.5 0.0208333 1
0 0.453472 0.5 0.0208333 1
0 0.453472 0.5 0.0208333 1
0 0.452778 0.5 0.0222222 1
0 0.452778 0.5 0.0222222 1
0 0.452778 0.5 0.0222222 1
0 0.452778 0.5 0.0222222 1
0 0.452778 0.5 0.0222222 1
0 0.452778 0.5 0.0222222 1
0 0.452778 0.5 0.0222222 1
0 0.452778 0.5 0.0222222 1
0 0.452778 0.5 0.0222222 1
0 0.452083 0.5 0.0208333 1
0 0.452083 0.5 0.0208333 1
0 0.450694 0.5 0.0208333 1
0 0.450694 0.5 0.0208333 1
0 0.450694 0.5 0.0208333 1
0 0.450694 0.5 0.0208333 1
0 0.450694 0.5 0.0208333 1
0 0.450694 0.5 0.0208333 1
0 0.450694 0.5 0.0208333 1
0 0.45 0.5 0.0222222 1
0 0.448611 0.5 0.0222222 1
0 0.448611 0.5 0.0222222 1
0 0.452083 0.5 0.0208333 1
0 0.452083 0.5 0.0208333 1
0 0.454167 0.5 0.0222222 1
0 0.458333 0.5 0.0222222 1
0 0.459722 0.5 0.0222222 1
0 0.459722 0.5 0.0222222 1
0 0.459722 0.5 0.0222222 1
0 0.459722 0.5 0.0222222 1
0 0.459722 0.5 0.0222222 1
0 0.463194 0.5 0.0208333 1
0 0.465278 0 0.0222222 0
0 0.468056 0 0.0222222 0
0 0.468056 0 0.0222222 0
0 0.470833 0 0.0222222 0
0 0.473611 0 0.0222222 0
0 0.477083 0 0.0208333 0
0 0.479167 0 0.0222222 0
0 0.479167 0 0.0222222 0
0 0.479167 0 0.0222222 0
0 0.479167 0 0.0222222 0
0 0.479167 0 0.0222222 0
0 0.479167 0 0.0222222 0
0 0.479167 0 0.0222222 0
0 0.479167 0 0.0222222 0
0 0.481944 0 0.0222222 0
0 0.484028 0 0.0236111 0
0 0.486111 0 0.0222222 0
0 0.4875 0 0.0222222 0
0 0.4875 0 0.0222222 0
0 0.490278 0 0.0222222 0
0 0.491667 0 0.0222222 0
0 0.492361 0 0.0236111 0
0 0.495833 0 0.0222222 0
0 0.497222 0 0.0222222 0
0 0.497222 0 0.0222222 0
0 0.5 0 0.0222222 0
0 0.489583 0 0.0319444 0
0 0.501389 0 0.0222222 0
0 0.501389 0 0.0222222 0
0 0.501389 0 0.0222222 0
0 0.489583 0 0.0319444 0
0 0.501389 0 0.0222222 0
0 0.489583 0 0.0319444 0
0 0.501389 0 0.0222222 0
0 0.501389 0 0.0222222 0
0 0.503472 0 0.0236111 0
0 0.503472 0 0.0236111 0
0 0.505556 0 0.0222222 0
0 0.508333 0 0.0222222 0
0 0.511806 0 0.0236111 0
0 0.513194 0 0.0236111 0
0 0.515972 0 0.0236111 0
0 0.520139 0 0.0236111 0
0 0.520139 0 0.0236111 0
0 0.520833 0 0.0222222 0
0 0.520833 0 0.0222222 0
0 0.520833 0 0.0222222 0
0 0.520833 0 0.0222222 0
0 0.520833 0 0.0222222 0
0 0.520833 0 0.0222222 0
0 0.524306 0 0.0208333 0
0 0.526389 0 0.0222222 0
0 0.528472 0 0.0236111 0
0 0.529167 0 0.025 0
0 0.529167 0 0.025 0
0 0.529167 0 0.0222222 0
0 0.528472 0 0.0236111 0
0 0.527083 0 0.0236111 0
0 0.527083 0 0.0236111 0
0 0.527083 0 0.0236111 0
0 0.527083 0 0.0236111 0
0 0.527083 0 0.0236111 0
0 0.527083 0 0.0236111 0
0 0.527083 0 0.0236111 0
0 0.527083 0 0.0236111 0
0 0.528472 0 0.0236111 0
0 0.528472 0 0.0236111 0
0 0.529167 0 0.025 0
0 0.529167 0 0.025 0
0 0.529167 0 0.025 0
0 0.529167 0 0.025 0
0 0.529167 0 0.025 0
0 0.529167 0 0.025 0
0 0.529167 0 0.025 0
0 0.529167 0 0.025 0
0 0.529167 0 0.025 0
0 0.53125 0 0.0236111 0
0 0.53125 0 0.0236111 0
0 0.532639 0 0.0236111 0
0 0.532639 0 0.0236111 0
0 0.534028 0 0.0236111 0
0 0.534028 0 0.0236111 0
0 0.534722 0 0.025 0
0 0.534028 0 0.0236111 0
0 0.534028 0 0.0236111 0
0 0.534028 0 0.0236111 0
0 0.534722 0 0.025 0
0 0.536111 0 0.025 0
0 0.536111 0 0.025 0
0 0.538889 0 0.025 0
0 0.538889 0 0.025 0
0 0.540278 0 0.025 0
0 0.540278 0 0.025 0
0 0.540972 0 0.0263889 0
0 0.540972 0 0.0263889 0
0 0.540972 0 0.0263889 0
0 0.540972 0 0.0263889 0
0 0.540972 0 0.0263889 0
0 0.542361 0 0.0263889 0
0 0.542361 0 0.0263889 0
0 0.542361 0 0.0263889 0
0 0.543056 0 0.025 0
0 0.543056 0 0.025 0
0 0.544444 0 0.025 0
0 0.545139 0 0.0263889 0
0 0.545833 0 0.025 0
0 0.545833 0 0.025 0
0 0.546528 0 0.0263889 0
0 0.546528 0 0.0263889 0
0 0.546528 0 0.0263889 0
0 0.546528 0 0.0263889 0
0 0.546528 0 0.0263889 0
0 0.546528 0 0.0263889 0
0 0.547222 0 0.0277778 0
0 0.548611 0 0.0277778 0
0 0.550694 0 0.0263889 0
0 0.550694 0 0.0263889 0
0 0.554861 0 0.0263889 0
0 0.557639 0 0.0263889 0
0 0.561111 0 0.0277778 0
0 0.565278 0 0.0277778 0
0 0.565278 0 0.0277778 0
0 0.566667 0 0.0277778 0
0 0.566667 0 0.0277778 0
0 0.566667 0 0.0277778 0
0 0.566667 0 0.0277778 0
0 0.566667 0 0.0277778 0
0 0.566667 0 0.0277778 0
0 0.569444 0 0.025 0
0 0.571528 0 0.0263889 0
0 0.573611 0 0.0277778 0
0 0.576389 0 0.0277778 0
0 0.579167 0 0.0277778 0
0 0.579167 0 0.0277778 0
0 0.579861 0 0.0291667 0
0 0.58125 0 0.0263889 0
0 0.582639 0 0.0263889 0
0 0.582639 0 0.0263889 0
0 0.582639 0 0.0263889 0
0 0.582639 0 0.0263889 0
0 0.582639 0 0.0263889 0
0 0.583333 0 0.0277778 0
0 0.586111 0 0.0277778 0
0 0.588889 0 0.0277778 0
0 0.590972 0 0.0263889 0
0 0.590972 0 0.0263889 0
0 0.591667 0 0.0277778 0
0 0.59375 0 0.0263889 0
0 0.595833 0 0.0277778 0
0 0.598611 0 0.0277778 0
0 0.598611 0 0.0277778 0
0 0.598611 0 0.0277778 0
0 0.598611 0 0.0277778 0
0 0.598611 0 0.0277778 0
0 0.598611 0 0.0277778 0
0 0.598611 0 0.0277778 0
0 0.598611 0 0.0277778 0
0 0.601389 0 0.0277778 0
0 0.604167 0 0.0277778 0
0 0.60625 0 0.0263889 0
0 0.60625 0 0.0263889 0
0 0.608333 0 0.0277778 0
0 0.611111 0 0.0277778 0
0 0.611111 0 0.0277778 0
0 0.611111 0 0.0277778 0
0 0.611111 0 0.0277778 0
0 0.611111 0 0.0277778 0
0 0.6125 0 0.0277778 0
0 0.615278 0 0.0277778 0
0 0.616667 0 0.0277778 0
0 0.61875 0 0.0263889 0
0 0.61875 0 0.0263889 0
0 0.620833 0 0.0277778 0
0 0.622222 0 0.0277778 0
0 0.622222 0 0.0277778 0
0 0.622222 0 0.0277778 0
0 0.622222 0 0.0277778 0
0 0.622222 0 0.0277778 0
0 0.622222 0 0.0277778 0
0 0.622222 0 0.0277778 0
0 0.622917 0 0.0291667 0
0 0.622917 0 0.0291667 0
0 0.623611 0 0.0277778 0
0 0.623611 0 0.0277778 0
0 0.623611 0 0.0277778 0
0 0.625694 0 0.0263889 0
0 0.625694 0 0.0263889 0
0 0.625694 0 0.0263889 0
0 0.625694 0 0.0263889 0
0 0.625694 0 0.0263889 0
0 0.625694 0 0.0263889 0
0 0.627778 0 0.0277778 0
0 0.629167 0 0.0277778 0
0 0.629861 0 0.0291667 0
0 0.629861 0 0.0291667 0
0 0.63125 0 0.0263889 0
0 0.631944 0 0.0277778 0
0 0.633333 0 0.0277778 0
0 0.635417 0 0.0291667 0
0 0.636111 0 0.0277778 0
0 0.636111 0 0.0277778 0
0 0.636806 0 0.0291667 0
0 0.636806 0 0.0291667 0
0 0.636806 0 0.0291667 0
0 0.636806 0 0.0291667 0
0 0.638194 0 0.0263889 0
0 0.639583 0 0.0263889 0
0 0.640278 0 0.0277778 0
0 0.641667 0 0.0277778 0
0 0.641667 0 0.0277778 0
0 0.643056 0 0.0277778 0
0 0.645139 0 0.0263889 0
0 0.646528 0 0.0263889 0
0 0.521528 0 0.0458333 0
0 0.647222 0 0.0277778 0
0 0.522222 0 0.0472222 0
0 0.647917 0 0.0291667 0
0 0.522222 0 0.0472222 0
0 0.647917 0 0.0291667 0
0 0.521528 0 0.0458333 0
0 0.647917 0 0.0291667 0
0 0.522222 0 0.0472222 0
0 0.647917 0 0.0291667 0
0 0.647917 0 0.0291667 0
0 0.522222 0 0.0472222 0
0 0.647917 0 0.0291667 0
0 0.65 0 0.025 0
0 0.652083 0 0.0263889 0
0 0.652083 0 0.0263889 0
0 0.652778 0 0.0277778 0
0 0.653472 0 0.0263889 0
0 0.654861 0 0.0263889 0
0 0.656944 0 0.025 0
0 0.658333 0 0.025 0
0 0.658333 0 0.025 0
0 0.659028 0 0.0263889 0
0 0.659722 0 0.0277778 0
0 0.659722 0 0.0277778 0
0 0.659722 0 0.0277778 0
0 0.659722 0 0.0277778 0
0 0.661111 0 0.0277778 0
0 0.661111 0 0.0277778 0
0 0.531944 0 0.0527778 0
0 0.663889 0 0.025 0
0 0.665972 0 0.0263889 0
0 0.534028 0 0.0513889 0
0 0.668056 0 0.0277778 0
0 0.670139 0 0.0263889 0
0 0.672917 0 0.0263889 0
0 0.672917 0 0.0263889 0
0 0.672917 0 0.0263889 0
0 0.673611 0 0.025 0
0 0.673611 0 0.025 0
0 0.672917 0 0.0263889 0
0 0.535417 0 0.0486111 0
0 0.676389 0 0.025 0
0 0.678472 0 0.0263889 0
0 0.679861 0 0.0263889 0
0 0.679861 0 0.0263889 0
0 0.68125 0 0.0236111 0
0 0.683333 0 0.025 0
0 0.683333 0 0.025 0
0 0.684722 0 0.025 0
0 0.6875 0 0.025 0
0 0.688889 0 0.025 0
0 0.688889 0 0.025 0
0 0.688889 0 0.025 0
0 0.688889 0 0.025 0
0 0.688889 0 0.025 0
0 0.545139 0 0.0513889 0
0 0.690278 0 0.025 0
0 0.545139 0 0.0513889 0
0 0.690278 0 0.025 0
0 0.690972 0 0.0263889 0
0 0.692361 0 0.0263889 0
0 0.694444 0 0.025 0
0 0.695833 0 0.025 0
0 0.695833 0 0.025 0
0 0.697917 0 0.0263889 0
0 0.698611 0 0.025 0
0 0.698611 0 0.025 0
0 0.698611 0 0.025 0
0 0.698611 0 0.025 0
0 0.699306 0 0.0236111 0
0 0.701389 0 0.025 0
0 0.702778 0 0.025 0
0 0.704861 0 0.0263889 0
0 0.70625 0 0.0236111 0
0 0.70625 0 0.0236111 0
0 0.708333 0 0.025 0
0 0.709722 0 0.025 0
0 0.709722 0 0.025 0
0 0.709722 0 0.025 0
0 0.709722 0 0.025 0
0 0.709722 0 0.025 0
0 0.7125 0 0.0222222 0
0 0.713889 0 0.0222222 0
0 0.715972 0 0.0236111 0
0 0.558333 0 0.0555556 0
0 0.717361 0 0.0236111 0
0 0.558333 0 0.0555556 0
0 0.717361 0 0.0236111 0
0 0.720139 0 0.0236111 0
0 0.722222 0 0.025 0
0 0.724306 0 0.0236111 0
0 0.724306 0 0.0236111 0
0 0.725 0 0.0222222 0
0 0.725 0 0.0222222 0
0 0.725 0 0.0222222 0
0 0.725 0 0.0222222 0
0 0.725 0 0.0222222 0
0 0.725694 0 0.0236111 0
0 0.727778 0 0.025 0
0 0.729861 0 0.0236111 0
0 0.73125 0 0.0236111 0
0 0.73125 0 0.0236111 0
0 0.733333 0 0.0222222 0
0 0.736111 0 0.0222222 0
0 0.736806 0 0.0236111 0
0 0.736806 0 0.0236111 0
0 0.736806 0 0.0236111 0
0 0.736806 0 0.0236111 0
0 0.7375 0 0.0222222 0
0 0.738889 0 0.0222222 0
0 0.738889 0 0.0222222 0
0 0.740972 0 0.0236111 0
0 0.74375 0 0.0236111 0
0 0.746528 0 0.0236111 0
0 0.75 0 0.0222222 0
0 0.752778 0 0.025 0
0 0.752778 0 0.025 0
0 0.755556 0 0.0222222 0
0 0.75625 0 0.0236111 0
0 0.75625 0 0.0236111 0
0 0.577778 0 0.0527778 0
0 0.75625 0 0.0236111 0
0 0.75625 0 0.0236111 0
0 0.577778 0 0.0527778 0
0 0.75625 0 0.0236111 0
0 0.577083 0 0.0513889 0
0 0.756944 0 0.025 0
0 0.577083 0 0.0513889 0
0 0.756944 0 0.025 0
0 0.760417 0 0.0236111 0
0 0.764583 0 0.0236111 0
0 0.766667 0 0.025 0
0 0.770139 0 0.0236111 0
0 0.775 0 0.0222222 0
0 0.775 0 0.0222222 0
0 0.775 0 0.0222222 0
0 0.775 0 0.0222222 0
0 0.775 0 0.0222222 0
0 0.776389 0 0.0222222 0
0 0.776389 0 0.0222222 0
0 0.778472 0 0.0236111 0
0 0.781944 0 0.0222222 0
0 0.7875 0 0.0222222 0
0 0.790972 0 0.0236111 0
0 0.790972 0 0.0236111 0
0 0.795139 0 0.0236111 0
0 0.8 0 0.0222222 0
0 0.804861 0 0.0236111 0
0 0.80625 0 0.0236111 0
0 0.80625 0 0.0236111 0
0 0.80625 0 0.0236111 0
0 0.80625 0 0.0236111 0
0 0.80625 0 0.0236111 0
0 0.80625 0 0.0236111 0
0 0.806944 0 0.0222222 0
0 0.813194 0 0.0236111 0
0 0.815972 0 0.0236111 0
0 0.820833 0 0.0222222 0
0 0.820833 0 0.0222222 0
0 0.825 0 0.0222222 0
0 0.829861 0 0.0236111 0
0 0.835417 0 0.0236111 0
0 0.840278 0 0.025 0
0 0.84375 0 0.0236111 0
0 0.84375 0 0.0236111 0
0 0.844444 0 0.025 0
0 0.844444 0 0.025 0
0 0.844444 0 0.025 0
0 0.846528 0 0.0236111 0
0 0.846528 0 0.0236111 0
0 0.852778 0 0.025 0
0 0.859028 0 0.0236111 0
0 0.865278 0 0.025 0
0 0.86875 0 0.0236111 0
0 0.874306 0 0.0236111 0
0 0.879167 0 0.0277778 0
0 0.879167 0 0.0277778 0
0 0.885417 0 0.0263889 0
0 0.889583 0 0.0263889 0
0 0.894444 0 0.025 0
0 0.902778 0 0.0277778 0
0 0.902778 0 0.0277778 0
0 0.905556 0 0.0277778 0
0 0.905556 0 0.0277778 0
0 0.905556 0 0.0277778 0
0 0.905556 0 0.0277778 0
0 0.905556 0 0.0277778 0
0 0.907639 0 0.0263889 0
0 0.915972 0 0.0263889 0
0 0.915972 0 0.0263889 0
0 0.923611 0 0.0277778 0
0 0.931944 0 0.0277778 0
0 0.941667 0 0.0277778 0
0 0.948611 0 0.0277778 0
0 0.948611 0 0.0277778 0
0 0.948611 0 0.0277778 0
0 0.948611 0 0.0277778 0
0 0.948611 0 0.0277778 0
0 0.951389 0 0.0277778 0
0 0.959722 0 0.0305556 0
0 0.959722 0 0.0305556 0
0 0.967361 0 0.0291667 0
0 0.977083 0 0.0291667 0
0 0.984722 0 0.0277778 0
0 0.990278 0 0.0194444 0
0 0.990278 0 0.0194444 0
0 0.991667 0 0.0166667 0
0 0.991667 0 0.0166667 0
0 0.991667 0 0.0166667 0
0 0.991667 0 0.0166667 0
0 0.99375 0 0.0125 0
0 0.551389 0 0.0138889 0
0 0.556944 0 0.0138889 0
0 0.556944 0 0.0138889 0
0 0.5625 0 0.0138889 0
0 0.5625 0 0.0138889 0
0 0.683333 0 0.0138889 0
0 0.683333 0 0.0138889 0
0 0.564583 1 0.0625 0
0 0.469444 0 0.0222222 0
0 0.46875 0 0.0208333 0
0 0.468056 0 0.0222222 0
0 0.466667 0 0.0222222 0
0 0.465278 0 0.0222222 0
0 0.463194 0 0.0208333 0
0 0.463194 0 0.0208333 0
0 0.463194 0 0.0208333 0
0 0.461111 0 0.0222222 0
0 0.461111 0 0.0222222 0
0 0.461806 0 0.0208333 0
0 0.463194 0 0.0208333 0
0 0.464583 0 0.0208333 0
0 0.464583 0 0.0208333 0
0 0.465278 0 0.0222222 0
0 0.467361 0 0.0236111 0
0 0.470139 0 0.0208333 0
0 0.470833 0 0.0222222 0
0 0.470833 0 0.0222222 0
0 0.470833 0 0.0222222 0
0 0.470833 0 0.0222222 0
0 0.470833 0 0.0222222 0
0 0.471528 0 0.0208333 0
0 0.475694 0 0.0208333 0
0 0.475694 0 0.0208333 0
0 0.479167 0 0.0222222 0
0 0.482639 0 0.0208333 0
0 0.528472 0.5 0.0152778 1
0 0.53125 0.5 0.0208333 1
0 0.53125 0.5 0.0208333 1
0 0.536806 0.5 0.0208333 1
0 0.542361 0.5 0.0208333 1
0 0.547222 0.5 0.0222222 1
0 0.554167 0 0.0222222 0
0 0.554861 0 0.0208333 0
0 0.555556 0 0.0222222 0
0 0.554861 0 0.0208333 0
0 0.554861 0 0.0208333 0
0 0.554861 0 0.0208333 0
0 0.554861 0 0.0208333 0
0 0.563194 0 0.0208333 0
0 0.56875 0 0.0208333 0
0 0.56875 0 0.0208333 0
0 0.578472 0 0.0208333 0
0 0.591667 0 0.0222222 0
0 0.602778 0 0.0222222 0
0 0.610417 0 0.0208333 0
0 0.610417 0 0.0208333 0
0 0.610417 0 0.0208333 0
0 0.610417 0 0.0208333 0
0 0.610417 0 0.0208333 0
0 0.618056 0 0.0222222 0
0 0.630556 0 0.0222222 0
0 0.64375 0 0.0208333 0
0 0.64375 0 0.0208333 0
0 0.657639 0 0.0208333 0
0 0.670139 0 0.0208333 0
0 0.683333 0 0.0222222 0
0 0.683333 0 0.0222222 0
0 0.683333 0 0.0222222 0
0 0.683333 0 0.0222222 0
0 0.683333 0 0.0222222 0
0 0.688889 0 0.0222222 0
0 0.688889 0 0.0222222 0
0 0.700694 0 0.0208333 0
0 0.713889 0 0.0222222 0
0 0.727778 0 0.0222222 0
0 0.740972 0 0.0236111 0
0 0.740972 0 0.0236111 0
0 0.75625 0 0.0208333 0
0 0.773611 0 0.0222222 0
0 0.786111 0 0.0222222 0
0 0.788889 0 0.0222222 0
0 0.788889 0 0.0222222 0
0 0.788889 0 0.0222222 0
0 0.788889 0 0.0222222 0
0 0.788889 0 0.0222222 0
0 0.788889 0 0.0222222 0
0 0.794444 0 0.0222222 0
0 0.807639 0 0.0236111 0
0 0.821528 0 0.0236111 0
0 0.821528 0 0.0236111 0
0 0.838889 0 0.0222222 0
0 0.85625 0 0.0208333 0
0 0.869444 0 0.0222222 0
0 0.8875 0 0.0222222 0
0 0.901389 0 0.0222222 0
0 0.901389 0 0.0222222 0
0 0.901389 0 0.0222222 0
0 0.901389 0 0.0222222 0
0 0.901389 0 0.0222222 0
0 0.901389 0 0.0222222 0
0 0.901389 0 0.0222222 0
0 0.906944 0 0.0222222 0
0 0.919444 0 0.0222222 0
0 0.9375 0 0.0222222 0
0 0.951389 0 0.0222222 0
0 0.951389 0 0.0222222 0
0 0.965278 0 0.0222222 0
0 0.982639 0 0.0208333 0
0 0.992361 0 0.0152778 0
