0 0.972917 1 0.0486111 0
0 0.975 1 0.05 0
0 0.976389 1 0.0472222 0
0 0.977083 1 0.0458333 0
0 0.975694 1 0.0430556 0
0 0.977083 1 0.0430556 0
0 0.978472 1 0.0430556 0
0 0.977778 1 0.0416667 0
0 0.977778 1 0.0416667 0
0 0.978472 1 0.0402778 0
0 0.979861 1 0.0375 0
0 0.980556 1 0.0361111 0
0 0.980556 1 0.0361111 0
0 0.981944 1 0.0361111 0
0 0.981944 1 0.0333333 0
0 0.982639 1 0.0319444 0
0 0.982639 1 0.0319444 0
0 0.984028 1 0.0319444 0
0 0.984722 1 0.0305556 0
0 0.984722 1 0.0305556 0
0 0.985417 1 0.0291667 0
0 0.986111 1 0.0277778 0
0 0.986806 1 0.0263889 0
0 0.986806 1 0.0263889 0
0 0.988194 1 0.0236111 0
0 0.988194 1 0.0236111 0
0 0.988889 1 0.0222222 0
0 0.989583 1 0.0208333 0
0 0.989583 1 0.0208333 0
0 0.990278 1 0.0194444 0
0 0.990972 1 0.0180556 0
0 0.990972 1 0.0180556 0
0 0.991667 1 0.0166667 0
0 0.993056 1 0.0138889 0
0 0.993056 1 0.0138889 0
0 0.993056 1 0.0138889 0
0 0.994444 1 0.0111111 0
0 0.579861 0 0.0402778 0
0 0.574306 0 0.0402778 0
0 0.568056 0 0.0416667 0
0 0.565278 0 0.0416667 0
0 0.565278 0 0.0416667 0
0 0.565278 0 0.0416667 0
0 0.559028 0 0.0402778 0
0 0.554861 0 0.0402778 0
0 0.554861 0 0.0402778 0
0 0.552778 0 0.0416667 0
0 0.548611 0 0.0416667 0
0 0.545139 0 0.0430556 0
0 0.544444 0 0.0416667 0
0 0.544444 0 0.0416667 0
0 0.544444 0 0.0416667 0
0 0.544444 0 0.0416667 0
0 0.544444 0 0.0416667 0
0 0.544444 0 0.0416667 0
0 0.543056 0 0.0416667 0
0 0.540972 0 0.0402778 0
0 0.540972 0 0.0402778 0
0 0.538889 0 0.0416667 0
0 0.5375 0 0.0416667 0
0 0.534722 0 0.0416667 0
0 0.531944 0 0.0388889 0
0 0.613194 0 0.0125 0
0 0.529861 0 0.0402778 0
0 0.528472 0.5 0.0402778 1
0 0.542361 0 0.0402778 0
0 0.528472 0.5 0.0402778 1
0 0.542361 0 0.0402778 0
0 0.528472 0.5 0.0402778 1
0 0.542361 0 0.0402778 0
0 0.528472 0.5 0.0402778 1
0 0.528472 0.5 0.0402778 1
0 0.542361 0 0.0402778 0
0 0.528472 0.5 0.0402778 1
0 0.541667 0 0.0416667 0
0 0.527778 0.5 0.0388889 1
0 0.527778 0.5 0.0388889 1
0 0.541667 0 0.0416667 0
0 0.527778 0.5 0.0388889 1
0 0.527778 0.5 0.0388889 1
0 0.527778 0.5 0.0388889 1
0 0.542361 0 0.0430556 0
0 0.527778 0.5 0.0388889 1
0 0.527778 0.5 0.0388889 1
0 0.527778 0.5 0.0388889 1
0 0.527778 0.5 0.0388889 1
0 0.527778 0.5 0.0388889 1
0 0.527778 0.5 0.0388889 1
0 0.527778 0.5 0.0388889 1
0 0.527778 0.5 0.0388889 1
0 0.527778 0.5 0.0388889 1
0 0.528472 0.5 0.0402778 1
0 0.542361 0 0.0430556 0
0 0.528472 0.5 0.0402778 1
0 0.528472 0.5 0.0402778 1
0 0.528472 0.5 0.0402778 1
0 0.528472 0.5 0.0402778 1
0 0.528472 0.5 0.0402778 1
0 0.528472 0.5 0.0402778 1
0 0.528472 0.5 0.0402778 1
0 0.528472 0.5 0.0402778 1
0 0.528472 0.5 0.0402778 1
0 0.528472 0.5 0.0402778 1
0 0.528472 0.5 0.0402778 1
0 0.528472 0.5 0.0402778 1
0 0.542361 0 0.0430556 0
0 0.528472 0.5 0.0402778 1
0 0.528472 0.5 0.0402778 1
0 0.528472 0.5 0.0402778 1
0 0.528472 0.5 0.0402778 1
0 0.528472 0.5 0.0402778 1
0 0.528472 0.5 0.0402778 1
0 0.528472 0.5 0.0402778 1
0 0.528472 0.5 0.0402778 1
0 0.528472 0.5 0.0402778 1
0 0.528472 0.5 0.0402778 1
0 0.528472 0.5 0.0402778 1
0 0.528472 0.5 0.0402778 1
0 0.542361 0 0.0430556 0
0 0.528472 0.5 0.0402778 1
0 0.528472 0.5 0.0402778 1
0 0.528472 0.5 0.0402778 1
0 0.528472 0.5 0.0402778 1
0 0.528472 0.5 0.0402778 1
0 0.528472 0.5 0.0402778 1
0 0.528472 0.5 0.0402778 1
0 0.528472 0.5 0.0402778 1
0 0.528472 0.5 0.0402778 1
0 0.528472 0.5 0.0402778 1
0 0.528472 0.5 0.0402778 1
0 0.528472 0.5 0.0402778 1
0 0.542361 0 0.0430556 0
0 0.528472 0.5 0.0402778 1
0 0.528472 0.5 0.0402778 1
0 0.528472 0.5 0.0402778 1
0 0.528472 0.5 0.0402778 1
0 0.528472 0.5 0.0402778 1
0 0.528472 0.5 0.0402778 1
0 0.528472 0.5 0.0402778 1
0 0.528472 0.5 0.0402778 1
0 0.528472 0.5 0.0402778 1
0 0.528472 0.5 0.0402778 1
0 0.528472 0.5 0.0402778 1
0 0.528472 0.5 0.0402778 1
0 0.542361 0 0.0430556 0
0 0.528472 0.5 0.0402778 1
0 0.528472 0.5 0.0402778 1
0 0.528472 0.5 0.0402778 1
0 0.528472 0.5 0.0402778 1
0 0.528472 0.5 0.0402778 1
0 0.528472 0.5 0.0402778 1
0 0.528472 0.5 0.0402778 1
0 0.528472 0.5 0.0402778 1
0 0.528472 0.5 0.0402778 1
0 0.528472 0.5 0.0402778 1
0 0.528472 0.5 0.0402778 1
0 0.528472 0.5 0.0402778 1
0 0.542361 0 0.0430556 0
0 0.528472 0.5 0.0402778 1
0 0.528472 0.5 0.0402778 1
0 0.528472 0.5 0.0402778 1
0 0.528472 0.5 0.0402778 1
0 0.528472 0.5 0.0402778 1
0 0.528472 0.5 0.0402778 1
0 0.528472 0.5 0.0402778 1
0 0.528472 0.5 0.0402778 1
0 0.528472 0.5 0.0402778 1
0 0.528472 0.5 0.0402778 1
0 0.528472 0.5 0.0402778 1
0 0.542361 0 0.0430556 0
0 0.528472 0.5 0.0402778 1
0 0.528472 0.5 0.0402778 1
0 0.528472 0.5 0.0402778 1
0 0.528472 0.5 0.0402778 1
0 0.528472 0.5 0.0402778 1
0 0.528472 0.5 0.0402778 1
0 0.528472 0.5 0.0402778 1
0 0.528472 0.5 0.0402778 1
0 0.528472 0.5 0.0402778 1
0 0.528472 0.5 0.0402778 1
0 0.528472 0.5 0.0402778 1
0 0.528472 0.5 0.0402778 1
0 0.542361 0 0.0430556 0
0 0.528472 0.5 0.0402778 1
0 0.528472 0.5 0.0402778 1
0 0.528472 0.5 0.0402778 1
0 0.528472 0.5 0.0402778 1
0 0.528472 0.5 0.0402778 1
0 0.528472 0.5 0.0402778 1
0 0.528472 0.5 0.0402778 1
0 0.528472 0.5 0.0402778 1
0 0.528472 0.5 0.0402778 1
0 0.528472 0.5 0.0402778 1
0 0.527778 0.5 0.0388889 1
0 0.527778 0.5 0.0388889 1
0 0.51875 0.5 0.0513889 1
0 0.5125 0.5 0.0555556 1
0 0.611806 0 0.0125 0
0 0.509722 0.5 0.0555556 1
0 0.6125 0 0.0138889 0
0 0.4 0 0.0138889 0
0 0.504167 0.5 0.0555556 1
0 0.501389 0.5 0.05 1
0 0.501389 0.5 0.05 1
0 0.499306 0.5 0.0569444 1
0 0.608333 0 0.0138889 0
0 0.495833 0.5 0.0638889 1
0 0.495833 0.5 0.0638889 1
0 0.607639 0 0.0152778 0
0 0.489583 0.5 0.0708333 1
0 0.605556 0 0.0138889 0
0 0.465278 0.5 0.0416667 1
0 0.455556 0.5 0.0444444 1
0 0.441667 0.5 0.0472222 1
0 0.377778 0 0.0138889 0
0 0.426389 0.5 0.0472222 1
0 0.426389 0.5 0.0472222 1
0 0.594444 0 0.0166667 0
0 0.4125 0.5 0.0472222 1
0 0.400694 1 0.0486111 0
0 0.586806 0 0.0152778 0
0 0.394444 1 0.0388889 0
0 0.5875 0 0.0166667 0
0 0.394444 1 0.0388889 0
0 0.391667 1 0.0333333 0
0 0.575 0 0.0138889 0
0 0.361806 1 0.0513889 0
0 0.340972 0 0.0180556 0
0 0.570139 0 0.0152778 0
0 0.35 1 0.0666667 0
0 0.563194 0 0.0152778 0
0 0.328472 1 0.0486111 0
0 0.55625 0 0.0152778 0
0 0.304861 1 0.0569444 0
0 0.552083 0 0.0125 0
0 0.547917 0 0.0152778 0
0 0.538194 0 0.0125 0
0 0.651389 0 0.0138889 0
0 0.530556 0 0.0138889 0
0 0.520139 0 0.0125 0
0 0.520139 0 0.0125 0
0 0.632639 0 0.0152778 0
0 0.511806 0 0.0152778 0
0 0.505556 0 0.0138889 0
0 0.627083 0 0.0125 0
0 0.617361 0 0.0152778 0
0 0.49375 0 0.0125 0
0 0.485417 0 0.0152778 0
0 0.600694 0 0.0152778 0
0 0.478472 0 0.0125 0
0 0.589583 0 0.0125 0
0 0.465972 0 0.0152778 0
0 0.576389 0 0.0138889 0
0 0.453472 0 0.0152778 0
0 0.566667 0 0.0138889 0
0 0.442361 0 0.0152778 0
0 0.566667 0 0.0138889 0
0 0.442361 0 0.0152778 0
0 0.55625 0 0.0152778 0
0 0.431944 0 0.0111111 0
0 0.543056 0 0.0138889 0
0 0.419444 0 0.0138889 0
0 0.534722 0 0.0111111 0
0 0.410417 0 0.0152778 0
0 0.522917 0 0.0152778 0
0 0.391667 0 0.0138889 0
0 0.504167 0.5 0.05 1
0 0.504167 0.5 0.05 1
0 0.579167 0 0.0416667 0
0 0.574306 0 0.0402778 0
0 0.570139 0 0.0402778 0
0 0.570139 0 0.0402778 0
0 0.566667 0 0.0416667 0
0 0.5625 0 0.0416667 0
0 0.559028 0 0.0402778 0
0 0.559028 0 0.0402778 0
0 0.555556 0 0.0416667 0
0 0.551389 0 0.0416667 0
0 0.547917 0 0.0402778 0
0 0.544444 0 0.0388889 0
0 0.544444 0 0.0388889 0
0 0.544444 0 0.0388889 0
0 0.544444 0 0.0388889 0
0 0.544444 0 0.0388889 0
0 0.544444 0 0.0388889 0
0 0.544444 0 0.0388889 0
0 0.544444 0 0.0416667 0
0 0.544444 0 0.0416667 0
0 0.541667 0 0.0416667 0
0 0.539583 0 0.0402778 0
0 0.5375 0 0.0416667 0
0 0.535417 0 0.0402778 0
0 0.535417 0 0.0402778 0
0 0.535417 0 0.0402778 0
0 0.533333 0.5 0.0388889 1
0 0.531944 0.5 0.0361111 1
0 0.531944 0.5 0.0361111 1
0 0.531944 0.5 0.0361111 1
0 0.531944 0.5 0.0361111 1
0 0.531944 0.5 0.0361111 1
0 0.531944 0.5 0.0361111 1
0 0.53125 0.5 0.0375 1
0 0.529861 0.5 0.0347222 1
0 0.529167 0.5 0.0333333 1
0 0.527083 0.5 0.0319444 1
0 0.527083 0.5 0.0319444 1
0 0.540972 0 0.0430556 0
0 0.517361 0.5 0.0486111 1
0 0.540278 0 0.0388889 0
0 0.511111 0.5 0.0527778 1
0 0.543056 0 0.0416667 0
0 0.506944 0.5 0.0555556 1
0 0.505556 0.5 0.0555556 1
0 0.505556 0.5 0.0555556 1
0 0.505556 0.5 0.0555556 1
0 0.505556 0.5 0.0555556 1
0 0.505556 0.5 0.0555556 1
0 0.505556 0.5 0.0555556 1
0 0.501389 0.5 0.0527778 1
0 0.499306 0 0.0402778 0
0 0.490972 0 0.0375 0
0 0.484028 0 0.0402778 0
0 0.484028 0 0.0402778 0
0 0.609722 0 0.0111111 0
0 0.479861 0 0.0402778 0
0 0.609722 0 0.0138889 0
0 0.479861 0 0.0402778 0
0 0.479861 0 0.0402778 0
0 0.609028 0 0.0125 0
0 0.479861 0 0.0402778 0
0 0.609028 0 0.0125 0
0 0.479861 0 0.0402778 0
0 0.477083 0 0.0402778 0
0 0.475 0 0.0416667 0
0 0.475694 0 0.0402778 0
0 0.478472 0 0.0402778 0
0 0.478472 0 0.0430556 0
0 0.477778 0 0.0416667 0
0 0.477778 0 0.0416667 0
0 0.477778 0 0.0416667 0
0 0.477778 0 0.0416667 0
0 0.477778 0 0.0416667 0
0 0.475694 0 0.0430556 0
0 0.471528 0 0.0430556 0
0 0.46875 0 0.0430556 0
0 0.465972 0 0.0430556 0
0 0.459722 0 0.0416667 0
0 0.454861 0 0.0430556 0
0 0.454861 0 0.0430556 0
0 0.454167 0 0.0444444 0
0 0.454167 0 0.0444444 0
0 0.454167 0 0.0444444 0
0 0.450694 0 0.0430556 0
0 0.44375 0 0.0430556 0
0 0.4375 0 0.0444444 0
0 0.4375 0 0.0444444 0
0 0.425694 0 0.0430556 0
0 0.415972 0 0.0458333 0
0 0.407639 0 0.0458333 0
0 0.407639 0 0.0458333 0
0 0.407639 0 0.0458333 0
0 0.407639 0 0.0458333 0
0 0.407639 0 0.0458333 0
0 0.4 0 0.0527778 0
0 0.388194 0 0.0458333 0
0 0.374306 0 0.0513889 0
0 0.360417 0 0.0486111 0
0 0.348611 0 0.0444444 0
0 0.348611 0 0.0444444 0
0 0.340278 0 0.0444444 0
0 0.340972 0 0.0458333 0
0 0.340278 0 0.0444444 0
0 0.340278 0 0.0444444 0
0 0.340972 0 0.0458333 0
0 0.331944 0 0.0472222 0
0 0.53125 0 0.0152778 0
0 0.318056 0 0.0472222 0
0 0.298611 0 0.0472222 0
0 0.28125 0 0.0458333 0
0 0.263889 0 0.0444444 0
0 0.258333 0 0.0444444 0
0 0.258333 0 0.0444444 0
0 0.259722 0 0.0416667 0
0 0.258333 0 0.0444444 0
0 0.259722 0 0.0416667 0
0 0.248611 0 0.0444444 0
0 0.236111 0 0.05 0
0 0.58125 0 0.0402778 0
0 0.579861 0 0.0402778 0
0 0.575 0 0.0416667 0
0 0.572222 0 0.0416667 0
0 0.572222 0 0.0416667 0
0 0.56875 0 0.0402778 0
0 0.566667 0 0.0416667 0
0 0.561806 0 0.0402778 0
0 0.559722 0 0.0416667 0
0 0.55625 0 0.0402778 0
0 0.554167 0 0.0416667 0
0 0.552778 0 0.0416667 0
0 0.552778 0 0.0416667 0
0 0.55 0 0.0416667 0
0 0.547917 0 0.0402778 0
0 0.545833 0 0.0416667 0
0 0.544444 0 0.0416667 0
0 0.543056 0 0.0416667 0
0 0.541667 0 0.0416667 0
0 0.540278 0 0.0416667 0
0 0.539583 0 0.0402778 0
0 0.538194 0 0.0402778 0
0 0.5375 0 0.0416667 0
0 0.410417 0 0.0125 0
0 0.536111 0 0.0388889 0
0 0.535417 0 0.0375 0
0 0.536806 0 0.0402778 0
0 0.535417 0.5 0.0375 1
0 0.535417 0.5 0.0375 1
0 0.535417 0.5 0.0375 1
0 0.534028 0.5 0.0375 1
0 0.533333 0.5 0.0361111 1
0 0.531944 0.5 0.0361111 1
0 0.531944 0.5 0.0361111 1
0 0.53125 0.5 0.0347222 1
0 0.530556 0.5 0.0333333 1
0 0.529167 0.5 0.0333333 1
0 0.527778 0.5 0.0333333 1
0 0.527778 0.5 0.0333333 1
0 0.527083 0.5 0.0319444 1
0 0.519444 0.5 0.0444444 1
0 0.51875 0.5 0.0375 1
0 0.515278 0 0.0361111 0
0 0.508333 0.5 0.05 1
0 0.5125 0 0.0388889 0
0 0.509028 0 0.0375 0
0 0.50625 0 0.0375 0
0 0.504861 0 0.0375 0
0 0.50625 0 0.0375 0
0 0.619444 0 0.0138889 0
0 0.506944 0 0.0388889 0
0 0.506944 0 0.0388889 0
0 0.506944 0 0.0388889 0
0 0.619444 0 0.0138889 0
0 0.506944 0 0.0388889 0
0 0.507639 0 0.0402778 0
0 0.415278 0 0.0138889 0
0 0.5125 0 0.0388889 0
0 0.51875 0 0.0402778 0
0 0.522917 0 0.0402778 0
0 0.527083 0 0.0402778 0
0 0.529861 0 0.0402778 0
0 0.533333 0 0.0416667 0
0 0.5375 0 0.0416667 0
0 0.540972 0 0.0402778 0
0 0.540972 0 0.0402778 0
0 0.540972 0 0.0402778 0
0 0.540972 0 0.0402778 0
0 0.540972 0 0.0402778 0
0 0.540972 0 0.0402778 0
0 0.544444 0 0.0388889 0
0 0.547222 0 0.0416667 0
0 0.549306 0 0.0402778 0
0 0.552778 0 0.0416667 0
0 0.554861 0 0.0402778 0
0 0.557639 0 0.0402778 0
0 0.560417 0 0.0402778 0
0 0.561111 0 0.0444444 0
0 0.561111 0 0.0444444 0
0 0.561111 0 0.0444444 0
0 0.561111 0 0.0444444 0
0 0.561111 0 0.0444444 0
0 0.561111 0 0.0444444 0
0 0.561111 0 0.0444444 0
0 0.561111 0 0.0444444 0
0 0.561111 0 0.0444444 0
0 0.561111 0 0.0444444 0
0 0.561111 0 0.0444444 0
0 0.561111 0 0.0444444 0
0 0.561111 0 0.0444444 0
0 0.561111 0 0.0444444 0
0 0.561111 0 0.0444444 0
0 0.561111 0 0.0444444 0
0 0.561111 0 0.0444444 0
0 0.561111 0 0.0444444 0
0 0.561111 0 0.0444444 0
0 0.561111 0 0.0444444 0
0 0.561111 0 0.0444444 0
0 0.561111 0 0.0444444 0
0 0.561111 0 0.0444444 0
0 0.561111 0 0.0444444 0
0 0.561111 0 0.0444444 0
0 0.561111 0 0.0444444 0
0 0.561111 0 0.0444444 0
0 0.561111 0 0.0444444 0
0 0.561111 0 0.0444444 0
0 0.561111 0 0.0444444 0
0 0.561111 0 0.0444444 0
0 0.561111 0 0.0444444 0
0 0.561111 0 0.0444444 0
0 0.561111 0 0.0444444 0
0 0.561111 0 0.0444444 0
0 0.561111 0 0.0444444 0
0 0.561111 0 0.0444444 0
0 0.561111 0 0.0444444 0
0 0.561111 0 0.0444444 0
0 0.561111 0 0.0444444 0
0 0.561111 0 0.0444444 0
0 0.561111 0 0.0444444 0
0 0.561111 0 0.0444444 0
0 0.561111 0 0.0444444 0
0 0.561111 0 0.0444444 0
0 0.561111 0 0.0444444 0
0 0.561111 0 0.0444444 0
0 0.561111 0 0.0444444 0
0 0.561111 0 0.0444444 0
0 0.561111 0 0.0444444 0
0 0.561111 0 0.0444444 0
0 0.561111 0 0.0444444 0
0 0.561111 0 0.0444444 0
0 0.561111 0 0.0444444 0
0 0.561806 0 0.0430556 0
0 0.561806 0 0.0430556 0
0 0.561806 0 0.0430556 0
0 0.561806 0 0.0430556 0
0 0.561111 0 0.0444444 0
0 0.561806 0 0.0430556 0
0 0.561806 0 0.0430556 0
0 0.561111 0 0.0444444 0
0 0.561806 0 0.0430556 0
0 0.561806 0 0.0430556 0
0 0.561806 0 0.0430556 0
0 0.561806 0 0.0430556 0
0 0.561806 0 0.0430556 0
0 0.561806 0 0.0430556 0
0 0.561806 0 0.0430556 0
0 0.561806 0 0.0430556 0
0 0.561806 0 0.0430556 0
0 0.561806 0 0.0430556 0
0 0.561111 0 0.0444444 0
0 0.561806 0 0.0430556 0
0 0.561111 0 0.0444444 0
0 0.561111 0 0.0444444 0
0 0.561111 0 0.0444444 0
0 0.561806 0 0.0430556 0
0 0.561806 0 0.0430556 0
0 0.561806 0 0.0430556 0
0 0.561806 0 0.0430556 0
0 0.561806 0 0.0430556 0
0 0.561806 0 0.0430556 0
0 0.561806 0 0.0430556 0
0 0.561806 0 0.0430556 0
0 0.561806 0 0.0430556 0
0 0.561806 0 0.0430556 0
0 0.561806 0 0.0430556 0
0 0.561806 0 0.0430556 0
0 0.561806 0 0.0430556 0
0 0.561806 0 0.0430556 0
0 0.561806 0 0.0430556 0
0 0.561806 0 0.0430556 0
0 0.561806 0 0.0430556 0
0 0.561806 0 0.0430556 0
0 0.561806 0 0.0430556 0
0 0.561806 0 0.0430556 0
0 0.561806 0 0.0430556 0
0 0.561806 0 0.0430556 0
0 0.561806 0 0.0430556 0
0 0.561806 0 0.0430556 0
0 0.561806 0 0.0430556 0
0 0.561806 0 0.0430556 0
0 0.561806 0 0.0430556 0
0 0.561806 0 0.0430556 0
0 0.561806 0 0.0430556 0
0 0.561806 0 0.0430556 0
0 0.561806 0 0.0430556 0
0 0.561806 0 0.0430556 0
0 0.561806 0 0.0430556 0
0 0.561806 0 0.0430556 0
0 0.561806 0 0.0430556 0
0 0.561806 0 0.0430556 0
0 0.561806 0 0.0430556 0
0 0.561806 0 0.0430556 0
0 0.561806 0 0.0430556 0
0 0.561806 0 0.0430556 0
0 0.561806 0 0.0430556 0
0 0.561806 0 0.0430556 0
0 0.561806 0 0.0430556 0
0 0.561806 0 0.0430556 0
0 0.561806 0 0.0430556 0
0 0.561806 0 0.0430556 0
0 0.561806 0 0.0430556 0
0 0.561806 0 0.0430556 0
0 0.561806 0 0.0430556 0
0 0.561806 0 0.0430556 0
0 0.561806 0 0.0430556 0
0 0.561806 0 0.0430556 0
0 0.561806 0 0.0430556 0
0 0.561806 0 0.0430556 0
0 0.561806 0 0.0430556 0
0 0.561806 0 0.0430556 0
0 0.561806 0 0.0430556 0
0 0.561806 0 0.0430556 0
0 0.561806 0 0.0430556 0
0 0.561806 0 0.0430556 0
0 0.561806 0 0.0430556 0
0 0.561806 0 0.0430556 0
0 0.561806 0 0.0430556 0
0 0.561806 0 0.0430556 0
0 0.561806 0 0.0430556 0
0 0.561806 0 0.0430556 0
0 0.561806 0 0.0430556 0
0 0.561806 0 0.0430556 0
0 0.561806 0 0.0430556 0
0 0.561806 0 0.0430556 0
0 0.561806 0 0.0430556 0
0 0.561806 0 0.0430556 0
0 0.561806 0 0.0430556 0
0 0.561806 0 0.0430556 0
0 0.561806 0 0.0430556 0
0 0.561806 0 0.0430556 0
0 0.561806 0 0.0430556 0
0 0.561806 0 0.0430556 0
0 0.561806 0 0.0430556 0
0 0.561806 0 0.0430556 0
0 0.561806 0 0.0430556 0
0 0.561806 0 0.0430556 0
0 0.561806 0 0.0430556 0
0 0.561806 0 0.0430556 0
0 0.561806 0 0.0430556 0
0 0.561806 0 0.0430556 0
0 0.561806 0 0.0430556 0
0 0.561806 0 0.0430556 0
0 0.561806 0 0.0430556 0
0 0.561806 0 0.0430556 0
0 0.561806 0 0.0430556 0
0 0.561806 0 0.0430556 0
0 0.561806 0 0.0430556 0
0 0.561806 0 0.0430556 0
0 0.561806 0 0.0430556 0
0 0.561806 0 0.0430556 0
0 0.561806 0 0.0430556 0
0 0.561806 0 0.0430556 0
0 0.561806 0 0.0430556 0
0 0.561806 0 0.0430556 0
0 0.561806 0 0.0430556 0
0 0.561806 0 0.0430556 0
0 0.561806 0 0.0430556 0
0 0.561806 0 0.0430556 0
0 0.561806 0 0.0430556 0
0 0.561806 0 0.0430556 0
0 0.561806 0 0.0430556 0
0 0.561806 0 0.0430556 0
0 0.561806 0 0.0430556 0
0 0.561806 0 0.0430556 0
0 0.561806 0 0.0430556 0
0 0.561806 0 0.0430556 0
0 0.561806 0 0.0430556 0
0 0.561806 0 0.0430556 0
0 0.561806 0 0.0430556 0
0 0.561806 0 0.0430556 0
0 0.561806 0 0.0430556 0
0 0.561806 0 0.0430556 0
0 0.561806 0 0.0430556 0
0 0.561806 0 0.0430556 0
0 0.561806 0 0.0430556 0
0 0.561806 0 0.0430556 0
0 0.561806 0 0.0430556 0
0 0.561806 0 0.0430556 0
0 0.561806 0 0.0430556 0
0 0.561806 0 0.0430556 0
0 0.561806 0 0.0430556 0
0 0.561806 0 0.0430556 0
0 0.561806 0 0.0430556 0
0 0.561806 0 0.0430556 0
0 0.561806 0 0.0430556 0
0 0.561806 0 0.0430556 0
0 0.561806 0 0.0430556 0
0 0.561806 0 0.0430556 0
0 0.561806 0 0.0430556 0
0 0.561806 0 0.0430556 0
0 0.561806 0 0.0430556 0
0 0.561806 0 0.0430556 0
0 0.561806 0 0.0430556 0
0 0.561806 0 0.0430556 0
0 0.561806 0 0.0430556 0
0 0.561806 0 0.0430556 0
0 0.561806 0 0.0430556 0
0 0.561806 0 0.0430556 0
0 0.561806 0 0.0430556 0
0 0.561806 0 0.0430556 0
0 0.561806 0 0.0430556 0
0 0.561806 0 0.0430556 0
0 0.561806 0 0.0430556 0
0 0.561806 0 0.0430556 0
0 0.561806 0 0.0430556 0
0 0.561806 0 0.0430556 0
0 0.561111 0 0.0444444 0
0 0.561111 0 0.0444444 0
0 0.561806 0 0.0430556 0
0 0.561806 0 0.0430556 0
0 0.561806 0 0.0430556 0
0 0.561111 0 0.0444444 0
0 0.561111 0 0.0444444 0
0 0.561806 0 0.0430556 0
0 0.561111 0 0.0444444 0
0 0.561111 0 0.0444444 0
0 0.561111 0 0.0444444 0
0 0.561111 0 0.0444444 0
0 0.561111 0 0.0444444 0
0 0.561111 0 0.0444444 0
0 0.561111 0 0.0444444 0
0 0.561111 0 0.0444444 0
0 0.561111 0 0.0444444 0
0 0.561111 0 0.0444444 0
0 0.561111 0 0.0444444 0
0 0.561111 0 0.0444444 0
0 0.561111 0 0.0444444 0
0 0.561111 0 0.0444444 0
0 0.561111 0 0.0444444 0
0 0.561111 0 0.0444444 0
0 0.561111 0 0.0444444 0
0 0.561111 0 0.0444444 0
0 0.561111 0 0.0444444 0
0 0.561111 0 0.0444444 0
0 0.561111 0 0.0444444 0
0 0.561111 0 0.0444444 0
0 0.561111 0 0.0444444 0
0 0.561111 0 0.0444444 0
0 0.561111 0 0.0444444 0
0 0.561111 0 0.0444444 0
0 0.561111 0 0.0444444 0
0 0.561111 0 0.0444444 0
0 0.561111 0 0.0444444 0
0 0.561111 0 0.0444444 0
0 0.561111 0 0.0444444 0
0 0.561111 0 0.0444444 0
0 0.561111 0 0.0444444 0
0 0.561111 0 0.0444444 0
0 0.561111 0 0.0444444 0
0 0.561111 0 0.0444444 0
0 0.561111 0 0.0444444 0
0 0.561111 0 0.0444444 0
0 0.561111 0 0.0444444 0
0 0.561111 0 0.0444444 0
0 0.561111 0 0.0444444 0
0 0.561111 0 0.0444444 0
0 0.561111 0 0.0444444 0
0 0.561111 0 0.0444444 0
0 0.561111 0 0.0444444 0
0 0.561111 0 0.0444444 0
0 0.561111 0 0.0444444 0
0 0.561111 0 0.0444444 0
0 0.561111 0 0.0444444 0
0 0.561111 0 0.0444444 0
0 0.561111 0 0.0444444 0
0 0.561111 0 0.0444444 0
0 0.561111 0 0.0444444 0
0 0.561111 0 0.0444444 0
0 0.561111 0 0.0444444 0
0 0.561111 0 0.0444444 0
0 0.561111 0 0.0444444 0
0 0.561111 0 0.0444444 0
0 0.561111 0 0.0444444 0
0 0.561111 0 0.0444444 0
0 0.561111 0 0.0444444 0
0 0.561111 0 0.0444444 0
0 0.561111 0 0.0444444 0
0 0.561111 0 0.0444444 0
0 0.561111 0 0.0444444 0
0 0.561111 0 0.0444444 0
0 0.561111 0 0.0444444 0
0 0.561111 0 0.0444444 0
0 0.561111 0 0.0444444 0
0 0.561111 0 0.0444444 0
0 0.561111 0 0.0444444 0
0 0.561111 0 0.0444444 0
0 0.561111 0 0.0444444 0
0 0.561111 0 0.0444444 0
0 0.561111 0 0.0444444 0
0 0.561111 0 0.0444444 0
0 0.561111 0 0.0444444 0
0 0.561111 0 0.0444444 0
0 0.561111 0 0.0444444 0
0 0.561111 0 0.0444444 0
0 0.561111 0 0.0444444 0
0 0.561111 0 0.0444444 0
0 0.561111 0 0.0444444 0
0 0.561111 0 0.0444444 0
0 0.561111 0 0.0444444 0
0 0.561111 0 0.0444444 0
0 0.561111 0 0.0444444 0
0 0.561111 0 0.0444444 0
0 0.561111 0 0.0444444 0
0 0.561111 0 0.0444444 0
0 0.561111 0 0.0444444 0
0 0.561111 0 0.0444444 0
0 0.561111 0 0.0444444 0
0 0.561111 0 0.0444444 0
0 0.561111 0 0.0444444 0
0 0.561111 0 0.0444444 0
0 0.561111 0 0.0444444 0
0 0.561111 0 0.0444444 0
0 0.561111 0 0.0444444 0
0 0.561111 0 0.0444444 0
0 0.561111 0 0.0444444 0
0 0.561111 0 0.0444444 0
0 0.561111 0 0.0444444 0
0 0.561111 0 0.0444444 0
0 0.561111 0 0.0444444 0
0 0.561111 0 0.0444444 0
0 0.561111 0 0.0444444 0
0 0.561111 0 0.0444444 0
0 0.561111 0 0.0444444 0
0 0.561111 0 0.0444444 0
0 0.561111 0 0.0444444 0
0 0.561111 0 0.0444444 0
0 0.561111 0 0.0444444 0
0 0.561111 0 0.0444444 0
0 0.561111 0 0.0444444 0
0 0.561111 0 0.0444444 0
0 0.561111 0 0.0444444 0
0 0.561111 0 0.0444444 0
0 0.561111 0 0.0444444 0
0 0.561111 0 0.0444444 0
0 0.561111 0 0.0444444 0
0 0.561111 0 0.0444444 0
0 0.561111 0 0.0444444 0
0 0.561111 0 0.0444444 0
0 0.561111 0 0.0444444 0
0 0.561111 0 0.0444444 0
0 0.561111 0 0.0444444 0
0 0.561111 0 0.0444444 0
0 0.561111 0 0.0444444 0
0 0.561111 0 0.0444444 0
0 0.561111 0 0.0444444 0
0 0.561111 0 0.0444444 0
0 0.561111 0 0.0444444 0
0 0.561111 0 0.0444444 0
0 0.561111 0 0.0444444 0
0 0.561111 0 0.0444444 0
0 0.561111 0 0.0444444 0
0 0.561111 0 0.0444444 0
0 0.561111 0 0.0444444 0
0 0.561111 0 0.0444444 0
0 0.561111 0 0.0444444 0
0 0.561111 0 0.0444444 0
0 0.561111 0 0.0444444 0
0 0.561111 0 0.0444444 0
0 0.561111 0 0.0444444 0
0 0.561111 0 0.0444444 0
0 0.561111 0 0.0444444 0
0 0.561111 0 0.0444444 0
0 0.561111 0 0.0444444 0
0 0.561111 0 0.0444444 0
0 0.561111 0 0.0444444 0
0 0.561111 0 0.0444444 0
0 0.561111 0 0.0444444 0
0 0.561111 0 0.0444444 0
0 0.561111 0 0.0444444 0
0 0.561111 0 0.0444444 0
0 0.561111 0 0.0444444 0
0 0.561111 0 0.0444444 0
0 0.561111 0 0.0444444 0
0 0.561111 0 0.0444444 0
0 0.561111 0 0.0444444 0
0 0.561111 0 0.0444444 0
0 0.561111 0 0.0444444 0
0 0.561111 0 0.0444444 0
0 0.561111 0 0.0444444 0
0 0.561111 0 0.0444444 0
0 0.561111 0 0.0444444 0
0 0.561111 0 0.0444444 0
0 0.561111 0 0.0444444 0
0 0.561111 0 0.0444444 0
0 0.561111 0 0.0444444 0
0 0.561111 0 0.0444444 0
0 0.561111 0 0.0444444 0
0 0.561111 0 0.0444444 0
0 0.561111 0 0.0444444 0
0 0.561111 0 0.0444444 0
0 0.561806 0 0.0402778 0
0 0.565278 0 0.0416667 0
0 0.566667 0 0.0416667 0
0 0.56875 0 0.0402778 0
0 0.570139 0 0.0402778 0
0 0.572917 0 0.0402778 0
0 0.574306 0 0.0402778 0
0 0.575 0 0.0416667 0
0 0.575 0 0.0416667 0
0 0.576389 0 0.0416667 0
0 0.579167 0 0.0416667 0
0 0.579861 0 0.0402778 0
0 0.582639 0 0.0402778 0
0 0.585417 0 0.0402778 0
0 0.590278 0 0.0416667 0
0 0.591667 0 0.0416667 0
0 0.522917 0 0.0458333 0
0 0.592361 0 0.0402778 0
0 0.595139 0 0.0402778 0
0 0.523611 0 0.0472222 0
0 0.598611 0 0.0416667 0
0 0.600694 0 0.0402778 0
0 0.604861 0 0.0402778 0
0 0.607639 0 0.0402778 0
0 0.607639 0 0.0402778 0
0 0.607639 0 0.0402778 0
0 0.60625 0 0.0402778 0
0 0.60625 0 0.0402778 0
0 0.603472 0 0.0402778 0
0 0.600694 0 0.0402778 0
0 0.6 0 0.0388889 0
0 0.599306 0 0.0458333 0
0 0.6 0 0.0388889 0
0 0.504167 0 0.0333333 0
0 0.6 0 0.0388889 0
0 0.531944 0 0.05 0
0 0.598611 0 0.0416667 0
0 0.529861 0 0.0513889 0
0 0.597917 0 0.0430556 0
0 0.53125 0 0.0513889 0
0 0.6 0 0.0416667 0
0 0.599306 0 0.0486111 0
0 0.600694 0 0.0430556 0
0 0.600694 0 0.0430556 0
0 0.533333 0 0.0527778 0
0 0.602778 0 0.0416667 0
0 0.604861 0 0.0402778 0
0 0.605556 0 0.0388889 0
0 0.60625 0 0.0402778 0
0 0.608333 0 0.0388889 0
0 0.610417 0 0.0458333 0
0 0.611111 0 0.0444444 0
0 0.550694 0 0.0569444 0
0 0.554167 0 0.0611111 0
0 0.554167 0 0.0611111 0
0 0.554167 0 0.0611111 0
