0 0.443056 0.5 0.0277778 1
0 0.443056 0.5 0.0277778 1
0 0.443056 0.5 0.0277778 1
0 0.443056 0.5 0.0277778 1
0 0.443056 0.5 0.0277778 1
0 0.443056 0.5 0.0277778 1
0 0.442361 0.5 0.0291667 1
0 0.442361 0.5 0.0291667 1
0 0.442361 0.5 0.0291667 1
0 0.442361 0.5 0.0291667 1
0 0.442361 0.5 0.0291667 1
0 0.442361 0.5 0.0291667 1
0 0.442361 0.5 0.0291667 1
0 0.443056 0.5 0.0277778 1
0 0.443056 0.5 0.0277778 1
0 0.443056 0.5 0.0277778 1
0 0.443056 0.5 0.0277778 1
0 0.442361 0.5 0.0291667 1
0 0.442361 0.5 0.0291667 1
0 0.443056 0.5 0.0277778 1
0 0.442361 0.5 0.0291667 1
0 0.443056 0.5 0.0277778 1
0 0.443056 0.5 0.0277778 1
0 0.443056 0.5 0.0277778 1
0 0.443056 0.5 0.0277778 1
0 0.443056 0.5 0.0277778 1
0 0.443056 0.5 0.0277778 1
0 0.443056 0.5 0.0277778 1
0 0.443056 0.5 0.0277778 1
0 0.443056 0.5 0.0277778 1
0 0.444444 0.5 0.0277778 1
0 0.568056 0 0.0111111 0
0 0.445139 0.5 0.0263889 1
0 0.504167 0 0.0333333 0
0 0.56875 0 0.00972222 0
0 0.447222 0.5 0.0277778 1
0 0.570139 0 0.0125 0
0 0.382639 0 0.0125 0
0 0.45 0.5 0.0277778 1
0 0.452083 0.5 0.0263889 1
0 0.451389 0.5 0.0277778 1
0 0.570139 0 0.00972222 0
0 0.452778 0.5 0.0277778 1
0 0.454167 0.5 0.025 1
0 0.454167 0.5 0.025 1
0 0.454167 0.5 0.025 1
0 0.454167 0.5 0.025 1
0 0.456944 0.5 0.0222222 1
0 0.456944 0.5 0.0222222 1
0 0.509722 0 0.0333333 0
0 0.458333 0.5 0.0222222 1
0 0.574306 0 0.00972222 0
0 0.575 0 0.0111111 0
0 0.509722 0 0.0333333 0
0 0.458333 0.5 0.0194444 1
0 0.575 0 0.0111111 0
0 0.509722 0 0.0333333 0
0 0.459028 0.5 0.0208333 1
0 0.510417 0 0.0347222 0
0 0.459028 1 0.0208333 0
0 0.460417 1 0.0208333 0
0 0.575694 0 0.00972222 0
0 0.460417 1 0.0208333 0
0 0.578472 0 0.00972222 0
0 0.517361 0 0.0319444 0
0 0.518056 0 0.0333333 0
0 0.51875 0 0.0319444 0
0 0.519444 0 0.0333333 0
0 0.51875 0 0.0319444 0
0 0.519444 0 0.0305556 0
0 0.520139 0 0.0319444 0
0 0.520139 0 0.0319444 0
0 0.5875 0 0.0111111 0
0 0.588194 0 0.0125 0
0 0.395139 0 0.0125 0
0 0.588889 0 0.0138889 0
0 0.395139 0 0.0125 0
0 0.395139 0 0.0125 0
0 0.590278 0 0.0111111 0
0 0.395139 0 0.0125 0
0 0.590972 0 0.00972222 0
0 0.59375 0 0.0125 0
0 0.395139 0 0.0125 0
0 0.695833 0 0.0111111 0
0 0.59375 0 0.0125 0
0 0.594444 0 0.0138889 0
0 0.395139 0 0.0125 0
0 0.595139 0 0.00972222 0
0 0.595833 0 0.0111111 0
0 0.595833 0 0.0111111 0
0 0.597222 0 0.0111111 0
0 0.395139 0 0.0125 0
0 0.597917 0 0.0125 0
0 0.395139 0 0.0125 0
0 0.598611 0 0.0111111 0
0 0.394444 0 0.0138889 0
0 0.599306 0 0.0125 0
0 0.395139 0 0.0125 0
0 0.6 0 0.0138889 0
0 0.484722 0.5 0.0472222 1
0 0.601389 0 0.0138889 0
0 0.486111 0.5 0.0472222 1
0 0.601389 0 0.0111111 0
0 0.486806 0.5 0.0486111 1
0 0.602083 0 0.0125 0
0 0.4875 0.5 0.0527778 1
0 0.530556 0 0.0361111 0
0 0.602083 0 0.0125 0
0 0.486806 0.5 0.0541667 1
0 0.393056 0 0.0138889 0
0 0.53125 0 0.0375 0
0 0.602083 0 0.0125 0
0 0.488194 0.5 0.0541667 1
0 0.393056 0 0.0138889 0
0 0.531944 0 0.0388889 0
0 0.602083 0 0.0125 0
0 0.488194 0.5 0.0541667 1
0 0.393056 0 0.0138889 0
0 0.531944 0 0.0388889 0
0 0.602778 0 0.0111111 0
0 0.4875 0.5 0.0555556 1
0 0.53125 0 0.0375 0
0 0.603472 0 0.0125 0
0 0.488194 0.5 0.0541667 1
0 0.532639 0 0.0375 0
0 0.392361 0 0.0125 0
0 0.603472 0 0.0125 0
0 0.488194 0.5 0.0541667 1
0 0.532639 0 0.0375 0
0 0.603472 0 0.0125 0
0 0.488194 0.5 0.0541667 1
0 0.532639 0 0.0375 0
0 0.603472 0 0.0125 0
0 0.488194 0.5 0.0541667 1
0 0.532639 0 0.0375 0
0 0.603472 0 0.0125 0
0 0.488194 0.5 0.0569444 1
0 0.532639 0 0.0375 0
0 0.604167 0 0.0111111 0
0 0.4875 0.5 0.0555556 1
0 0.604861 0 0.0125 0
0 0.486806 0.5 0.0486111 1
0 0.486806 0.5 0.0486111 1
0 0.486806 0.5 0.0486111 1
0 0.605556 0 0.0138889 0
0 0.486111 0.5 0.0472222 1
0 0.60625 0 0.0125 0
0 0.486111 0.5 0.0472222 1
0 0.60625 0 0.0125 0
0 0.486111 0.5 0.0472222 1
0 0.384722 0 0.0138889 0
0 0.531944 0 0.0361111 0
0 0.484722 0.5 0.0472222 1
0 0.606944 0 0.0138889 0
0 0.485417 0.5 0.0458333 1
0 0.607639 0 0.0152778 0
0 0.531944 0 0.0361111 0
0 0.484028 0.5 0.0458333 1
0 0.53125 0 0.0347222 0
0 0.484722 0.5 0.0444444 1
0 0.606944 0 0.0111111 0
0 0.484722 0.5 0.0444444 1
0 0.383333 0 0.0138889 0
0 0.60625 0 0.0125 0
0 0.484722 0.5 0.0416667 1
0 0.383333 0 0.0138889 0
0 0.606944 0 0.0138889 0
0 0.484722 0.5 0.0444444 1
0 0.383333 0 0.0138889 0
0 0.608333 0 0.0138889 0
0 0.484722 0.5 0.0444444 1
0 0.608333 0 0.0138889 0
0 0.608333 0 0.0138889 0
0 0.608333 0 0.0138889 0
0 0.53125 0 0.0402778 0
0 0.608333 0 0.0166667 0
0 0.609028 0 0.0152778 0
0 0.53125 0 0.0402778 0
0 0.608333 0 0.0166667 0
0 0.481944 0.5 0.0444444 1
0 0.376389 0 0.0138889 0
0 0.481944 0.5 0.0472222 1
0 0.531944 0 0.0444444 0
0 0.609028 0 0.0125 0
0 0.531944 0 0.0444444 0
0 0.376389 0 0.0138889 0
0 0.609722 0 0.0138889 0
0 0.480556 0.5 0.05 1
0 0.375 0 0.0138889 0
0 0.611111 0 0.0138889 0
0 0.480556 0.5 0.0527778 1
0 0.532639 0 0.0430556 0
0 0.479861 0.5 0.0541667 1
0 0.731944 0 0.0138889 0
0 0.478472 0.5 0.0541667 1
0 0.478472 0.5 0.0541667 1
0 0.477778 0.5 0.0555556 1
0 0.53125 0 0.0402778 0
0 0.477083 0.5 0.0569444 1
0 0.735417 0 0.0152778 0
0 0.6125 0 0.0138889 0
0 0.478472 0.5 0.0541667 1
0 0.736111 0 0.0138889 0
0 0.6125 0 0.0138889 0
0 0.477083 0.5 0.0541667 1
0 0.370833 0 0.0166667 0
0 0.6125 0 0.0138889 0
0 0.474306 0.5 0.0625 1
0 0.738194 0 0.0152778 0
0 0.613194 0 0.0152778 0
0 0.473611 0.5 0.0638889 1
0 0.6125 0 0.0166667 0
0 0.738194 0 0.0152778 0
0 0.473611 0.5 0.0638889 1
0 0.613194 0 0.0152778 0
0 0.474306 0.5 0.0569444 1
0 0.613194 0 0.0152778 0
0 0.474306 0.5 0.0569444 1
0 0.367361 0 0.0152778 0
0 0.613889 0 0.0138889 0
0 0.473611 0.5 0.0638889 1
0 0.367361 0 0.0152778 0
0 0.613889 0 0.0138889 0
0 0.473611 0.5 0.0638889 1
0 0.367361 0 0.0152778 0
0 0.613889 0 0.0138889 0
0 0.473611 0.5 0.0638889 1
0 0.367361 0 0.0152778 0
0 0.613889 0 0.0138889 0
0 0.473611 0.5 0.0638889 1
0 0.367361 0 0.0152778 0
0 0.613889 0 0.0138889 0
0 0.473611 0.5 0.0638889 1
0 0.367361 0 0.0152778 0
0 0.613889 0 0.0138889 0
0 0.473611 0.5 0.0638889 1
0 0.745139 0 0.0152778 0
0 0.615278 0 0.0166667 0
0 0.467361 0.5 0.0569444 1
0 0.745139 0 0.0152778 0
0 0.615278 0 0.0166667 0
0 0.467361 0.5 0.0569444 1
0 0.745833 0 0.0166667 0
0 0.616667 0 0.0166667 0
0 0.466667 0.5 0.0583333 1
0 0.746528 0 0.0152778 0
0 0.617361 0 0.0152778 0
0 0.465278 0.5 0.0611111 1
0 0.618056 0 0.0166667 0
0 0.748611 0 0.0166667 0
0 0.464583 0.5 0.0625 1
0 0.618056 0 0.0166667 0
0 0.748611 0 0.0138889 0
0 0.463889 0.5 0.0638889 1
0 0.61875 0 0.0180556 0
0 0.749306 0 0.0152778 0
0 0.463889 0.5 0.0638889 1
0 0.361111 0 0.0166667 0
0 0.749306 0 0.0152778 0
0 0.61875 0 0.0152778 0
0 0.463889 0.5 0.0611111 1
0 0.750694 0 0.0152778 0
0 0.463194 0.5 0.0625 1
0 0.752083 0 0.0152778 0
0 0.619444 0 0.0166667 0
0 0.4625 0.5 0.0638889 1
0 0.752778 0 0.0166667 0
0 0.359028 0 0.0180556 0
0 0.619444 0 0.0166667 0
0 0.461111 0.5 0.0638889 1
0 0.752778 0 0.0166667 0
0 0.359028 0 0.0180556 0
0 0.620139 0 0.0152778 0
0 0.461111 0.5 0.0638889 1
0 0.752778 0 0.0166667 0
0 0.359028 0 0.0180556 0
0 0.620139 0 0.0152778 0
0 0.461111 0.5 0.0638889 1
0 0.752778 0 0.0166667 0
0 0.359028 0 0.0180556 0
0 0.620139 0 0.0152778 0
0 0.461111 0.5 0.0638889 1
0 0.752778 0 0.0166667 0
0 0.359028 0 0.0180556 0
0 0.620139 0 0.0152778 0
0 0.461111 0.5 0.0638889 1
0 0.752778 0 0.0166667 0
0 0.359028 0 0.0180556 0
0 0.620139 0 0.0152778 0
0 0.461111 0.5 0.0638889 1
0 0.752778 0 0.0166667 0
0 0.359028 0 0.0180556 0
0 0.620139 0 0.0152778 0
0 0.461111 0.5 0.0638889 1
0 0.752778 0 0.0166667 0
0 0.620139 0 0.0152778 0
0 0.460417 0.5 0.0652778 1
0 0.356944 0 0.0166667 0
0 0.756944 0 0.0166667 0
0 0.622222 0 0.0194444 0
0 0.458333 0.5 0.0694444 1
0 0.758333 0 0.0166667 0
0 0.622222 0 0.0194444 0
0 0.458333 0.5 0.0694444 1
0 0.220833 0 0.0166667 0
0 0.758333 0 0.0166667 0
0 0.622222 0 0.0166667 0
0 0.457639 0.5 0.0708333 1
0 0.758333 0 0.0166667 0
0 0.622917 0 0.0180556 0
0 0.457639 0.5 0.0736111 1
0 0.759722 0 0.0166667 0
0 0.622917 0 0.0180556 0
0 0.457639 0.5 0.0736111 1
0 0.761111 0 0.0166667 0
0 0.624306 0 0.0180556 0
0 0.457639 0.5 0.0736111 1
0 0.355556 0 0.0194444 0
0 0.761806 0 0.0152778 0
0 0.624306 0 0.0180556 0
0 0.458333 0.5 0.075 1
0 0.624306 0 0.0180556 0
0 0.761806 0 0.0152778 0
0 0.458333 0.5 0.075 1
0 0.761806 0 0.0152778 0
0 0.623611 0 0.0166667 0
0 0.457639 0.5 0.0736111 1
0 0.763194 0 0.0152778 0
0 0.624306 0 0.0152778 0
0 0.457639 0.5 0.0736111 1
0 0.763194 0 0.0152778 0
0 0.624306 0 0.0180556 0
0 0.457639 0.5 0.0763889 1
0 0.625 0 0.0166667 0
0 0.763194 0 0.0152778 0
0 0.457639 0.5 0.0763889 1
0 0.763889 0 0.0166667 0
0 0.625 0 0.0166667 0
0 0.457639 0.5 0.0763889 1
0 0.354167 0 0.0194444 0
0 0.764583 0 0.0180556 0
0 0.625 0 0.0166667 0
0 0.457639 0.5 0.0791667 1
0 0.353472 0 0.0180556 0
0 0.626389 0 0.0166667 0
0 0.458333 0.5 0.0805556 1
0 0.765278 0 0.0166667 0
0 0.353472 0 0.0180556 0
0 0.626389 0 0.0166667 0
0 0.458333 0.5 0.0805556 1
0 0.353472 0 0.0180556 0
0 0.626389 0 0.0166667 0
0 0.459722 0.5 0.0805556 1
0 0.353472 0 0.0180556 0
0 0.627083 0 0.0180556 0
0 0.459722 0.5 0.0805556 1
0 0.353472 0 0.0180556 0
0 0.628472 0 0.0180556 0
0 0.459028 0.5 0.0819444 1
0 0.769444 0 0.0166667 0
0 0.353472 0 0.0180556 0
0 0.629167 0 0.0194444 0
0 0.459722 0.5 0.0833333 1
0 0.770139 0 0.0152778 0
0 0.353472 0 0.0180556 0
0 0.629167 0 0.0194444 0
0 0.460417 0.5 0.0847222 1
0 0.770833 0 0.0166667 0
0 0.353472 0 0.0180556 0
0 0.629167 0 0.0194444 0
0 0.460417 0.5 0.0847222 1
0 0.352083 0 0.0180556 0
0 0.629861 0 0.0180556 0
0 0.460417 0.5 0.0875 1
0 0.352778 0 0.0166667 0
0 0.629861 0 0.0180556 0
0 0.460417 0.5 0.0875 1
0 0.540972 0 0.0375 0
0 0.772917 0 0.0180556 0
0 0.352083 0 0.0180556 0
0 0.629861 0 0.0152778 0
0 0.461111 0.5 0.0888889 1
0 0.540972 0 0.0375 0
0 0.773611 0 0.0166667 0
0 0.351389 0 0.0166667 0
0 0.63125 0 0.0152778 0
0 0.461806 0.5 0.0902778 1
0 0.774306 0 0.0152778 0
0 0.351389 0 0.0166667 0
0 0.63125 0 0.0152778 0
0 0.461806 0.5 0.0902778 1
0 0.541667 0 0.0388889 0
0 0.775 0 0.0166667 0
0 0.351389 0 0.0166667 0
0 0.631944 0 0.0166667 0
0 0.4625 0.5 0.0916667 1
0 0.207639 0 0.0180556 0
0 0.351389 0 0.0166667 0
0 0.631944 0 0.0166667 0
0 0.776389 0 0.0166667 0
0 0.4625 0.5 0.0916667 1
0 0.206944 0 0.0166667 0
0 0.351389 0 0.0166667 0
0 0.632639 0 0.0152778 0
0 0.776389 0 0.0166667 0
0 0.463194 0.5 0.0930556 1
0 0.20625 0 0.0180556 0
0 0.777778 0 0.0166667 0
0 0.351389 0 0.0166667 0
0 0.633333 0 0.0166667 0
0 0.4625 0.5 0.0944444 1
0 0.777778 0 0.0166667 0
0 0.351389 0 0.0166667 0
0 0.633333 0 0.0166667 0
0 0.463194 0.5 0.0958333 1
0 0.778472 0 0.0180556 0
0 0.351389 0 0.0166667 0
0 0.634028 0 0.0180556 0
0 0.464583 0.5 0.0958333 1
0 0.351389 0 0.0166667 0
0 0.779167 0 0.0194444 0
0 0.634722 0 0.0166667 0
0 0.464583 0.5 0.0958333 1
0 0.351389 0 0.0166667 0
0 0.779167 0 0.0194444 0
0 0.634722 0 0.0194444 0
0 0.464583 0.5 0.0958333 1
0 0.350694 0 0.0180556 0
0 0.780556 0 0.0194444 0
0 0.634722 0 0.0166667 0
0 0.465278 0.5 0.0972222 1
0 0.35 0 0.0166667 0
0 0.78125 0 0.0180556 0
0 0.635417 0 0.0180556 0
0 0.465278 0.5 0.0972222 1
0 0.349306 0 0.0180556 0
0 0.781944 0 0.0166667 0
0 0.635417 0 0.0180556 0
0 0.465278 0.5 0.0972222 1
0 0.349306 0 0.0180556 0
0 0.782639 0 0.0180556 0
0 0.636111 0 0.0194444 0
0 0.465972 0.5 0.0986111 1
0 0.349306 0 0.0180556 0
0 0.784028 0 0.0180556 0
0 0.636111 0 0.0194444 0
0 0.466667 0.5 0.102778 1
0 0.349306 0 0.0180556 0
0 0.784028 0 0.0180556 0
0 0.636806 0 0.0180556 0
0 0.467361 0.5 0.104167 1
0 0.349306 0 0.0180556 0
0 0.784028 0 0.0180556 0
0 0.636806 0 0.0180556 0
0 0.46875 0.5 0.101389 1
0 0.349306 0 0.0180556 0
0 0.784722 0 0.0194444 0
0 0.636806 0 0.0180556 0
0 0.468056 0.5 0.105556 1
0 0.349306 0 0.0180556 0
0 0.784722 0 0.0194444 0
0 0.6375 0 0.0166667 0
0 0.469444 0.5 0.105556 1
0 0.349306 0 0.0180556 0
0 0.784722 0 0.0194444 0
0 0.6375 0 0.0166667 0
0 0.469444 0.5 0.105556 1
0 0.349306 0 0.0180556 0
0 0.784722 0 0.0194444 0
0 0.6375 0 0.0166667 0
0 0.469444 0.5 0.105556 1
0 0.349306 0 0.0180556 0
0 0.786111 0 0.0194444 0
0 0.638194 0 0.0180556 0
0 0.470833 0.5 0.105556 1
0 0.786806 0 0.0152778 0
0 0.638889 0 0.0166667 0
0 0.472917 0.5 0.106944 1
0 0.786806 0 0.0152778 0
0 0.638889 0 0.0166667 0
0 0.473611 0.5 0.108333 1
0 0.7875 0 0.0166667 0
0 0.639583 0 0.0180556 0
0 0.474306 0.5 0.106944 1
0 0.7875 0 0.0166667 0
0 0.639583 0 0.0180556 0
0 0.475 0.5 0.108333 1
0 0.349306 0 0.0180556 0
0 0.788889 0 0.0166667 0
0 0.639583 0 0.0180556 0
0 0.475 0.5 0.108333 1
0 0.788889 0 0.0166667 0
0 0.349306 0 0.0180556 0
0 0.640278 0 0.0194444 0
0 0.475 0.5 0.108333 1
0 0.349306 0 0.0180556 0
0 0.788889 0 0.0166667 0
0 0.477083 0.5 0.1125 1
0 0.640972 0 0.0180556 0
0 0.349306 0 0.0180556 0
0 0.640278 0 0.0194444 0
0 0.477778 0.5 0.111111 1
0 0.789583 0 0.0180556 0
0 0.349306 0 0.0180556 0
0 0.640972 0 0.0180556 0
0 0.483333 0.5 0.116667 1
0 0.790278 0 0.0166667 0
0 0.349306 0 0.0180556 0
0 0.640972 0 0.0180556 0
0 0.486111 0.5 0.116667 1
0 0.349306 0 0.0180556 0
0 0.790972 0 0.0180556 0
0 0.641667 0 0.0194444 0
0 0.488194 0.5 0.109722 1
0 0.349306 0 0.0180556 0
0 0.790972 0 0.0180556 0
0 0.641667 0 0.0194444 0
0 0.488889 0.5 0.111111 1
0 0.349306 0 0.0180556 0
0 0.791667 0 0.0194444 0
0 0.641667 0 0.0194444 0
0 0.488194 0.5 0.1125 1
0 0.349306 0 0.0180556 0
0 0.791667 0 0.0194444 0
0 0.642361 0 0.0180556 0
0 0.486806 0.5 0.109722 1
0 0.349306 0 0.0180556 0
0 0.643056 0 0.0194444 0
0 0.4875 0.5 0.113889 1
0 0.349306 0 0.0180556 0
0 0.643056 0 0.0194444 0
0 0.4875 0.5 0.113889 1
0 0.793056 0 0.0166667 0
0 0.349306 0 0.0180556 0
0 0.643056 0 0.0194444 0
0 0.486111 0.5 0.111111 1
0 0.349306 0 0.0180556 0
0 0.793056 0 0.0166667 0
0 0.643056 0 0.0166667 0
0 0.486111 0.5 0.111111 1
0 0.349306 0 0.0180556 0
0 0.793056 0 0.0166667 0
0 0.64375 0 0.0180556 0
0 0.484028 0.5 0.1125 1
0 0.349306 0 0.0180556 0
0 0.79375 0 0.0180556 0
0 0.64375 0 0.0180556 0
0 0.483333 0.5 0.111111 1
0 0.349306 0 0.0180556 0
0 0.794444 0 0.0166667 0
0 0.64375 0 0.0180556 0
0 0.482639 0.5 0.1125 1
0 0.794444 0 0.0166667 0
0 0.349306 0 0.0180556 0
0 0.64375 0 0.0180556 0
0 0.484722 0.5 0.111111 1
0 0.349306 0 0.0180556 0
0 0.794444 0 0.0166667 0
0 0.644444 0 0.0166667 0
0 0.485417 0.5 0.1125 1
0 0.349306 0 0.0180556 0
0 0.794444 0 0.0166667 0
0 0.645139 0 0.0180556 0
0 0.486111 0.5 0.111111 1
0 0.35 0 0.0194444 0
0 0.794444 0 0.0166667 0
0 0.644444 0 0.0166667 0
0 0.488194 0.5 0.115278 1
0 0.795139 0 0.0180556 0
0 0.349306 0 0.0180556 0
0 0.488889 0.5 0.116667 1
0 0.645139 0 0.0180556 0
0 0.795139 0 0.0180556 0
0 0.35 0 0.0194444 0
0 0.645139 0 0.0180556 0
0 0.491667 0.5 0.108333 1
0 0.349306 0 0.0180556 0
0 0.795139 0 0.0180556 0
0 0.645139 0 0.0180556 0
0 0.4875 0.5 0.111111 1
0 0.795139 0 0.0180556 0
0 0.35 0 0.0194444 0
0 0.644444 0 0.0194444 0
0 0.488194 0.5 0.109722 1
0 0.796528 0 0.0180556 0
0 0.35 0 0.0194444 0
0 0.645139 0 0.0180556 0
0 0.4875 0.5 0.111111 1
0 0.796528 0 0.0180556 0
0 0.35 0 0.0194444 0
0 0.645833 0 0.0194444 0
0 0.486806 0.5 0.1125 1
0 0.797222 0 0.0194444 0
0 0.35 0 0.0194444 0
0 0.645833 0 0.0194444 0
0 0.485417 0.5 0.1125 1
0 0.796528 0 0.0180556 0
0 0.349306 0 0.0180556 0
0 0.484722 0.5 0.113889 1
0 0.645833 0 0.0194444 0
0 0.796528 0 0.0180556 0
0 0.349306 0 0.0208333 0
0 0.486111 0.5 0.111111 1
0 0.645833 0 0.0194444 0
0 0.348611 0 0.0194444 0
0 0.795833 0 0.0194444 0
0 0.486111 0.5 0.113889 1
0 0.645833 0 0.0194444 0
0 0.348611 0 0.0194444 0
0 0.795833 0 0.0194444 0
0 0.486111 0.5 0.113889 1
0 0.645833 0 0.0194444 0
0 0.349306 0 0.0180556 0
0 0.795833 0 0.0194444 0
0 0.486806 0.5 0.115278 1
0 0.645833 0 0.0194444 0
0 0.348611 0 0.0194444 0
0 0.796528 0 0.0180556 0
0 0.488194 0.5 0.115278 1
0 0.645139 0 0.0180556 0
0 0.348611 0 0.0194444 0
0 0.795833 0 0.0194444 0
0 0.645139 0 0.0180556 0
0 0.4875 0.5 0.111111 1
0 0.797222 0 0.0194444 0
0 0.645139 0 0.0180556 0
0 0.488889 0.5 0.113889 1
0 0.348611 0 0.0194444 0
0 0.797222 0 0.0194444 0
0 0.488194 0.5 0.115278 1
0 0.645833 0 0.0166667 0
0 0.348611 0 0.0194444 0
0 0.797222 0 0.0194444 0
0 0.486806 0.5 0.115278 1
0 0.645833 0 0.0166667 0
0 0.348611 0 0.0194444 0
0 0.797222 0 0.0194444 0
0 0.645833 0 0.0166667 0
0 0.486806 0.5 0.115278 1
0 0.348611 0 0.0194444 0
0 0.797222 0 0.0194444 0
0 0.486806 0.5 0.115278 1
0 0.645833 0 0.0166667 0
0 0.796528 0 0.0208333 0
0 0.348611 0 0.0194444 0
0 0.486806 0.5 0.115278 1
0 0.645833 0 0.0166667 0
0 0.797222 0 0.0194444 0
0 0.348611 0 0.0194444 0
0 0.486806 0.5 0.115278 1
0 0.645833 0 0.0166667 0
0 0.797222 0 0.0194444 0
0 0.348611 0 0.0194444 0
0 0.4875 0.5 0.113889 1
0 0.645833 0 0.0166667 0
0 0.348611 0 0.0194444 0
0 0.4875 0.5 0.113889 1
0 0.645833 0 0.0166667 0
0 0.797222 0 0.0194444 0
0 0.348611 0 0.0194444 0
0 0.4875 0.5 0.113889 1
0 0.645139 0 0.0180556 0
0 0.797222 0 0.0194444 0
0 0.349306 0 0.0180556 0
0 0.4875 0.5 0.113889 1
0 0.645833 0 0.0166667 0
0 0.349306 0 0.0180556 0
0 0.645833 0 0.0166667 0
0 0.486111 0.5 0.113889 1
0 0.797222 0 0.0194444 0
0 0.645139 0 0.0180556 0
0 0.486111 0.5 0.113889 1
0 0.349306 0 0.0180556 0
0 0.797222 0 0.0194444 0
0 0.645139 0 0.0180556 0
0 0.4875 0.5 0.113889 1
0 0.459028 0 0.0319444 0
0 0.349306 0 0.0180556 0
0 0.797222 0 0.0194444 0
0 0.645833 0 0.0166667 0
0 0.4875 0.5 0.113889 1
0 0.458333 0 0.0305556 0
0 0.797222 0 0.0194444 0
0 0.645833 0 0.0166667 0
0 0.4875 0.5 0.113889 1
0 0.797222 0 0.0194444 0
0 0.646528 0 0.0208333 0
0 0.488194 0.5 0.115278 1
0 0.348611 0 0.0194444 0
0 0.797222 0 0.0194444 0
0 0.645833 0 0.0194444 0
0 0.488194 0.5 0.115278 1
0 0.196528 0 0.0180556 0
0 0.348611 0 0.0194444 0
0 0.797222 0 0.0194444 0
0 0.645833 0 0.0194444 0
0 0.488194 0.5 0.115278 1
0 0.458333 0 0.0305556 0
0 0.196528 0 0.0180556 0
0 0.348611 0 0.0194444 0
0 0.797222 0 0.0194444 0
0 0.645833 0 0.0194444 0
0 0.4875 0.5 0.116667 1
0 0.197222 0 0.0166667 0
0 0.348611 0 0.0194444 0
0 0.797917 0 0.0180556 0
0 0.645833 0 0.0194444 0
0 0.486806 0.5 0.115278 1
0 0.196528 0 0.0180556 0
0 0.797917 0 0.0180556 0
0 0.347917 0 0.0208333 0
0 0.486806 0.5 0.115278 1
0 0.645833 0 0.0194444 0
0 0.347917 0 0.0208333 0
0 0.797917 0 0.0208333 0
0 0.4875 0.5 0.113889 1
0 0.646528 0 0.0180556 0
0 0.195833 0 0.0166667 0
0 0.347917 0 0.0208333 0
0 0.797917 0 0.0208333 0
0 0.4875 0.5 0.116667 1
0 0.645833 0 0.0194444 0
0 0.195833 0 0.0166667 0
0 0.348611 0 0.0194444 0
0 0.798611 0 0.0194444 0
0 0.4875 0.5 0.113889 1
0 0.645833 0 0.0194444 0
0 0.347917 0 0.0208333 0
0 0.797917 0 0.0208333 0
0 0.645833 0 0.0194444 0
0 0.4875 0.5 0.113889 1
0 0.195139 0 0.0180556 0
0 0.347917 0 0.0208333 0
0 0.797917 0 0.0180556 0
0 0.486111 0.5 0.113889 1
0 0.645833 0 0.0194444 0
0 0.458333 0 0.0305556 0
0 0.195139 0 0.0180556 0
0 0.347917 0 0.0208333 0
0 0.797917 0 0.0180556 0
0 0.485417 0.5 0.115278 1
0 0.645833 0 0.0194444 0
0 0.195139 0 0.0180556 0
0 0.797917 0 0.0208333 0
0 0.347222 0 0.0194444 0
0 0.486806 0.5 0.115278 1
0 0.645833 0 0.0194444 0
0 0.195139 0 0.0180556 0
0 0.797917 0 0.0180556 0
0 0.347222 0 0.0194444 0
0 0.4875 0.5 0.116667 1
0 0.645833 0 0.0194444 0
0 0.195139 0 0.0180556 0
0 0.797917 0 0.0180556 0
0 0.347222 0 0.0194444 0
0 0.486806 0.5 0.115278 1
0 0.645833 0 0.0194444 0
0 0.195139 0 0.0180556 0
0 0.798611 0 0.0194444 0
0 0.347222 0 0.0194444 0
0 0.645833 0 0.0194444 0
0 0.486806 0.5 0.115278 1
0 0.195139 0 0.0180556 0
0 0.798611 0 0.0194444 0
0 0.347222 0 0.0194444 0
0 0.645833 0 0.0194444 0
0 0.486806 0.5 0.115278 1
0 0.195139 0 0.0180556 0
0 0.798611 0 0.0194444 0
0 0.347222 0 0.0194444 0
0 0.646528 0 0.0180556 0
0 0.486806 0.5 0.115278 1
0 0.798611 0 0.0194444 0
0 0.347222 0 0.0194444 0
0 0.646528 0 0.0180556 0
0 0.486806 0.5 0.115278 1
0 0.798611 0 0.0194444 0
0 0.347222 0 0.0194444 0
0 0.4875 0.5 0.116667 1
0 0.646528 0 0.0180556 0
0 0.798611 0 0.0194444 0
0 0.347222 0 0.0194444 0
0 0.645833 0 0.0194444 0
0 0.486806 0.5 0.115278 1
0 0.798611 0 0.0194444 0
0 0.347222 0 0.0194444 0
0 0.486806 0.5 0.115278 1
0 0.645833 0 0.0194444 0
0 0.797917 0 0.0208333 0
0 0.347222 0 0.0194444 0
0 0.485417 0.5 0.115278 1
0 0.646528 0 0.0180556 0
0 0.798611 0 0.0194444 0
0 0.347222 0 0.0194444 0
0 0.645833 0 0.0194444 0
0 0.484722 0.5 0.116667 1
0 0.799306 0 0.0208333 0
0 0.347222 0 0.0194444 0
0 0.645833 0 0.0194444 0
0 0.485417 0.5 0.115278 1
0 0.799306 0 0.0180556 0
0 0.347222 0 0.0194444 0
0 0.645833 0 0.0194444 0
0 0.4875 0.5 0.116667 1
0 0.798611 0 0.0194444 0
0 0.347222 0 0.0194444 0
0 0.488889 0.5 0.116667 1
0 0.646528 0 0.0180556 0
0 0.798611 0 0.0194444 0
0 0.347222 0 0.0194444 0
0 0.646528 0 0.0208333 0
0 0.4875 0.5 0.116667 1
0 0.195139 0 0.0180556 0
0 0.799306 0 0.0180556 0
0 0.347222 0 0.0194444 0
0 0.4875 0.5 0.116667 1
0 0.646528 0 0.0208333 0
0 0.799306 0 0.0180556 0
0 0.347222 0 0.0194444 0
0 0.4875 0.5 0.116667 1
0 0.646528 0 0.0208333 0
0 0.8 0 0.0194444 0
0 0.553472 0 0.0402778 0
0 0.195139 0 0.0180556 0
0 0.347222 0 0.0194444 0
0 0.4875 0.5 0.116667 1
0 0.646528 0 0.0208333 0
0 0.553472 0 0.0402778 0
0 0.194444 0 0.0194444 0
0 0.800694 0 0.0180556 0
0 0.347222 0 0.0194444 0
0 0.486806 0.5 0.115278 1
0 0.646528 0 0.0208333 0
0 0.194444 0 0.0194444 0
0 0.8 0 0.0194444 0
0 0.347222 0 0.0194444 0
0 0.486806 0.5 0.118056 1
0 0.646528 0 0.0208333 0
0 0.195139 0 0.0180556 0
0 0.8 0 0.0194444 0
0 0.347222 0 0.0194444 0
0 0.4875 0.5 0.116667 1
0 0.646528 0 0.0208333 0
0 0.194444 0 0.0194444 0
0 0.8 0 0.0194444 0
0 0.347222 0 0.0194444 0
0 0.486111 0.5 0.116667 1
0 0.646528 0 0.0208333 0
0 0.8 0 0.0194444 0
0 0.347222 0 0.0194444 0
0 0.484722 0.5 0.116667 1
0 0.646528 0 0.0208333 0
0 0.800694 0 0.0180556 0
0 0.347222 0 0.0194444 0
0 0.484028 0.5 0.118056 1
0 0.646528 0 0.0208333 0
0 0.347222 0 0.0194444 0
0 0.800694 0 0.0180556 0
0 0.483333 0.5 0.119444 1
0 0.646528 0 0.0208333 0
0 0.8 0 0.0166667 0
0 0.347222 0 0.0194444 0
0 0.483333 0.5 0.119444 1
0 0.647222 0 0.0194444 0
0 0.8 0 0.0166667 0
0 0.347222 0 0.0194444 0
0 0.483333 0.5 0.119444 1
0 0.647222 0 0.0194444 0
0 0.799306 0 0.0180556 0
0 0.347222 0 0.0194444 0
0 0.482639 0.5 0.118056 1
0 0.647222 0 0.0194444 0
0 0.8 0 0.0166667 0
0 0.347222 0 0.0194444 0
0 0.646528 0 0.0208333 0
0 0.481944 0.5 0.119444 1
0 0.347222 0 0.0194444 0
0 0.8 0 0.0166667 0
0 0.647222 0 0.0194444 0
0 0.481944 0.5 0.119444 1
0 0.346528 0 0.0180556 0
0 0.8 0 0.0166667 0
0 0.481944 0.5 0.119444 1
0 0.646528 0 0.0180556 0
0 0.346528 0 0.0180556 0
0 0.8 0 0.0166667 0
0 0.480556 0.5 0.119444 1
0 0.646528 0 0.0180556 0
0 0.8 0 0.0166667 0
0 0.346528 0 0.0180556 0
0 0.480556 0.5 0.119444 1
0 0.647222 0 0.0194444 0
0 0.8 0 0.0166667 0
0 0.345833 0 0.0194444 0
0 0.647222 0 0.0194444 0
0 0.480556 0.5 0.119444 1
0 0.8 0 0.0166667 0
0 0.346528 0 0.0180556 0
0 0.480556 0.5 0.119444 1
0 0.647222 0 0.0194444 0
0 0.800694 0 0.0180556 0
0 0.345833 0 0.0194444 0
0 0.646528 0 0.0180556 0
0 0.480556 0.5 0.119444 1
0 0.8 0 0.0166667 0
0 0.646528 0 0.0180556 0
0 0.346528 0 0.0180556 0
0 0.480556 0.5 0.113889 1
0 0.8 0 0.0166667 0
0 0.479861 0.5 0.115278 1
0 0.346528 0 0.0180556 0
0 0.646528 0 0.0180556 0
0 0.8 0 0.0166667 0
0 0.346528 0 0.0180556 0
0 0.646528 0 0.0180556 0
0 0.479861 0.5 0.115278 1
0 0.8 0 0.0166667 0
0 0.479861 0.5 0.115278 1
0 0.646528 0 0.0180556 0
0 0.346528 0 0.0180556 0
0 0.800694 0 0.0180556 0
0 0.479167 0.5 0.116667 1
0 0.346528 0 0.0180556 0
0 0.646528 0 0.0180556 0
0 0.800694 0 0.0180556 0
0 0.346528 0 0.0180556 0
0 0.479167 0.5 0.116667 1
0 0.646528 0 0.0180556 0
0 0.800694 0 0.0180556 0
0 0.345833 0 0.0166667 0
0 0.646528 0 0.0180556 0
0 0.479861 0.5 0.118056 1
0 0.800694 0 0.0180556 0
0 0.646528 0 0.0180556 0
0 0.345833 0 0.0166667 0
0 0.480556 0.5 0.119444 1
0 0.800694 0 0.0180556 0
0 0.346528 0 0.0180556 0
0 0.48125 0.5 0.118056 1
0 0.647222 0 0.0194444 0
0 0.800694 0 0.0180556 0
0 0.647222 0 0.0194444 0
0 0.345833 0 0.0166667 0
0 0.48125 0.5 0.118056 1
0 0.801389 0 0.0194444 0
0 0.48125 0.5 0.120833 1
0 0.647222 0 0.0194444 0
0 0.345833 0 0.0166667 0
0 0.800694 0 0.0180556 0
0 0.647222 0 0.0194444 0
0 0.345833 0 0.0166667 0
0 0.48125 0.5 0.120833 1
0 0.800694 0 0.0180556 0
0 0.647222 0 0.0194444 0
0 0.345833 0 0.0166667 0
0 0.481944 0.5 0.119444 1
0 0.801389 0 0.0194444 0
0 0.345833 0 0.0166667 0
0 0.647222 0 0.0194444 0
0 0.483333 0.5 0.119444 1
0 0.801389 0 0.0194444 0
0 0.345833 0 0.0166667 0
0 0.647222 0 0.0194444 0
0 0.484028 0.5 0.118056 1
0 0.802083 0 0.0180556 0
0 0.647222 0 0.0194444 0
0 0.345833 0 0.0166667 0
0 0.484722 0.5 0.119444 1
0 0.802083 0 0.0180556 0
0 0.647222 0 0.0194444 0
0 0.484722 0.5 0.119444 1
0 0.345833 0 0.0166667 0
0 0.802083 0 0.0180556 0
0 0.647917 0 0.0180556 0
0 0.484722 0.5 0.119444 1
0 0.345833 0 0.0166667 0
0 0.802083 0 0.0180556 0
0 0.647222 0 0.0194444 0
0 0.484028 0.5 0.118056 1
0 0.345833 0 0.0166667 0
0 0.802083 0 0.0180556 0
0 0.647222 0 0.0194444 0
0 0.484722 0.5 0.119444 1
0 0.345833 0 0.0166667 0
0 0.802083 0 0.0180556 0
0 0.485417 0.5 0.118056 1
0 0.647917 0 0.0180556 0
0 0.345833 0 0.0166667 0
0 0.456944 0 0.0361111 0
0 0.802083 0 0.0180556 0
0 0.484722 0.5 0.119444 1
0 0.647222 0 0.0194444 0
0 0.345833 0 0.0166667 0
0 0.802083 0 0.0180556 0
0 0.484028 0.5 0.120833 1
0 0.647917 0 0.0180556 0
0 0.345833 0 0.0166667 0
0 0.802083 0 0.0180556 0
0 0.484028 0.5 0.120833 1
0 0.647222 0 0.0194444 0
0 0.345833 0 0.0166667 0
0 0.802083 0 0.0180556 0
0 0.484722 0.5 0.122222 1
0 0.647917 0 0.0180556 0
0 0.345833 0 0.0166667 0
0 0.802778 0 0.0194444 0
0 0.483333 0.5 0.122222 1
0 0.647917 0 0.0180556 0
0 0.345833 0 0.0166667 0
0 0.802778 0 0.0194444 0
0 0.482639 0.5 0.123611 1
0 0.647917 0 0.0180556 0
0 0.345833 0 0.0166667 0
0 0.190278 0 0.0194444 0
0 0.802778 0 0.0194444 0
0 0.482639 0.5 0.123611 1
0 0.647917 0 0.0180556 0
0 0.345833 0 0.0166667 0
0 0.802778 0 0.0194444 0
0 0.647917 0 0.0180556 0
0 0.482639 0.5 0.123611 1
0 0.345833 0 0.0166667 0
0 0.190278 0 0.0194444 0
0 0.802778 0 0.0194444 0
0 0.648611 0 0.0194444 0
0 0.482639 0.5 0.123611 1
0 0.345833 0 0.0166667 0
0 0.190278 0 0.0194444 0
0 0.802778 0 0.0194444 0
0 0.647917 0 0.0180556 0
0 0.481944 0.5 0.119444 1
0 0.345833 0 0.0166667 0
0 0.803472 0 0.0208333 0
0 0.482639 0.5 0.126389 1
0 0.648611 0 0.0194444 0
0 0.345139 0 0.0180556 0
0 0.190278 0 0.0194444 0
0 0.803472 0 0.0180556 0
0 0.481944 0.5 0.122222 1
0 0.647917 0 0.0180556 0
0 0.345139 0 0.0180556 0
0 0.190278 0 0.0194444 0
0 0.804167 0 0.0194444 0
0 0.482639 0.5 0.123611 1
0 0.345139 0 0.0180556 0
0 0.648611 0 0.0194444 0
0 0.190278 0 0.0194444 0
0 0.804167 0 0.0194444 0
0 0.483333 0.5 0.125 1
0 0.648611 0 0.0194444 0
0 0.345139 0 0.0180556 0
0 0.190278 0 0.0194444 0
0 0.804167 0 0.0194444 0
0 0.484028 0.5 0.126389 1
0 0.345139 0 0.0180556 0
0 0.648611 0 0.0194444 0
0 0.803472 0 0.0180556 0
0 0.484028 0.5 0.126389 1
0 0.345139 0 0.0180556 0
0 0.649306 0 0.0180556 0
0 0.804167 0 0.0194444 0
0 0.484028 0.5 0.126389 1
0 0.345139 0 0.0180556 0
0 0.648611 0 0.0166667 0
0 0.804167 0 0.0194444 0
0 0.484722 0.5 0.127778 1
0 0.345139 0 0.0180556 0
0 0.649306 0 0.0180556 0
0 0.804167 0 0.0194444 0
0 0.484722 0.5 0.127778 1
0 0.345139 0 0.0180556 0
0 0.649306 0 0.0180556 0
0 0.189583 0 0.0180556 0
0 0.804167 0 0.0194444 0
0 0.485417 0.5 0.129167 1
0 0.649306 0 0.0180556 0
0 0.345139 0 0.0180556 0
0 0.189583 0 0.0180556 0
0 0.804167 0 0.0194444 0
0 0.649306 0 0.0180556 0
0 0.486111 0.5 0.130556 1
0 0.345139 0 0.0180556 0
0 0.189583 0 0.0180556 0
0 0.804861 0 0.0180556 0
0 0.486806 0.5 0.129167 1
0 0.345139 0 0.0180556 0
0 0.649306 0 0.0180556 0
0 0.189583 0 0.0180556 0
0 0.804861 0 0.0208333 0
0 0.486111 0.5 0.130556 1
0 0.345139 0 0.0180556 0
0 0.649306 0 0.0180556 0
0 0.805556 0 0.0194444 0
0 0.486806 0.5 0.131944 1
0 0.345139 0 0.0180556 0
0 0.649306 0 0.0180556 0
0 0.805556 0 0.0194444 0
0 0.486806 0.5 0.131944 1
0 0.649306 0 0.0180556 0
0 0.345139 0 0.0180556 0
0 0.805556 0 0.0194444 0
0 0.486806 0.5 0.131944 1
0 0.345139 0 0.0180556 0
0 0.649306 0 0.0180556 0
0 0.805556 0 0.0194444 0
0 0.486806 0.5 0.131944 1
0 0.649306 0 0.0180556 0
0 0.345139 0 0.0180556 0
0 0.188194 0 0.0180556 0
0 0.805556 0 0.0194444 0
0 0.486806 0.5 0.131944 1
0 0.345139 0 0.0180556 0
0 0.649306 0 0.0180556 0
0 0.188194 0 0.0180556 0
0 0.805556 0 0.0194444 0
0 0.486111 0.5 0.133333 1
0 0.345139 0 0.0180556 0
0 0.65 0 0.0166667 0
0 0.188194 0 0.0180556 0
0 0.805556 0 0.0194444 0
0 0.486806 0.5 0.126389 1
0 0.345139 0 0.0180556 0
0 0.65 0 0.0166667 0
0 0.188194 0 0.0180556 0
0 0.805556 0 0.0194444 0
0 0.486111 0.5 0.127778 1
0 0.345139 0 0.0180556 0
0 0.65 0 0.0166667 0
0 0.188194 0 0.0180556 0
0 0.805556 0 0.0194444 0
0 0.4875 0.5 0.127778 1
0 0.65 0 0.0166667 0
0 0.345139 0 0.0180556 0
0 0.188194 0 0.0180556 0
0 0.805556 0 0.0194444 0
0 0.486806 0.5 0.129167 1
0 0.345139 0 0.0180556 0
0 0.65 0 0.0166667 0
0 0.188194 0 0.0180556 0
0 0.80625 0 0.0208333 0
0 0.4875 0.5 0.127778 1
0 0.65 0 0.0166667 0
0 0.345139 0 0.0180556 0
0 0.554167 0 0.0361111 0
0 0.456944 0 0.0361111 0
0 0.1875 0 0.0194444 0
0 0.805556 0 0.0194444 0
0 0.345139 0 0.0180556 0
0 0.65 0 0.0166667 0
0 0.486806 0.5 0.129167 1
0 0.1875 0 0.0194444 0
0 0.806944 0 0.0194444 0
0 0.486111 0.5 0.127778 1
0 0.345139 0 0.0180556 0
0 0.650694 0 0.0180556 0
0 0.80625 0 0.0208333 0
0 0.188194 0 0.0180556 0
0 0.486111 0.5 0.127778 1
0 0.345139 0 0.0180556 0
0 0.65 0 0.0166667 0
0 0.554167 0 0.0361111 0
0 0.188194 0 0.0180556 0
0 0.80625 0 0.0208333 0
0 0.345139 0 0.0180556 0
0 0.486111 0.5 0.127778 1
0 0.65 0 0.0166667 0
0 0.456944 0 0.0361111 0
0 0.554167 0 0.0361111 0
0 0.80625 0 0.0208333 0
0 0.188194 0 0.0180556 0
0 0.345139 0 0.0180556 0
0 0.486111 0.5 0.127778 1
0 0.65 0 0.0166667 0
0 0.456944 0 0.0361111 0
0 0.186806 0 0.0180556 0
0 0.805556 0 0.0194444 0
0 0.486111 0.5 0.127778 1
0 0.345139 0 0.0180556 0
0 0.65 0 0.0166667 0
0 0.186806 0 0.0180556 0
0 0.805556 0 0.0194444 0
0 0.485417 0.5 0.129167 1
0 0.345139 0 0.0180556 0
0 0.65 0 0.0166667 0
0 0.186806 0 0.0180556 0
0 0.80625 0 0.0208333 0
0 0.484722 0.5 0.127778 1
0 0.344444 0 0.0166667 0
0 0.65 0 0.0166667 0
0 0.186806 0 0.0180556 0
0 0.80625 0 0.0208333 0
0 0.345139 0 0.0180556 0
0 0.485417 0.5 0.129167 1
0 0.650694 0 0.0180556 0
0 0.186806 0 0.0180556 0
0 0.807639 0 0.0208333 0
0 0.344444 0 0.0166667 0
0 0.485417 0.5 0.129167 1
0 0.650694 0 0.0180556 0
0 0.186806 0 0.0180556 0
0 0.806944 0 0.0194444 0
0 0.344444 0 0.0166667 0
0 0.484722 0.5 0.127778 1
0 0.650694 0 0.0180556 0
0 0.186806 0 0.0180556 0
0 0.806944 0 0.0194444 0
0 0.344444 0 0.0166667 0
0 0.484722 0.5 0.127778 1
0 0.650694 0 0.0180556 0
0 0.806944 0 0.0194444 0
0 0.484722 0.5 0.127778 1
0 0.344444 0 0.0166667 0
0 0.650694 0 0.0180556 0
0 0.186806 0 0.0180556 0
0 0.806944 0 0.0194444 0
0 0.344444 0 0.0166667 0
0 0.485417 0.5 0.129167 1
0 0.650694 0 0.0180556 0
0 0.186806 0 0.0180556 0
0 0.808333 0 0.0194444 0
0 0.485417 0.5 0.129167 1
0 0.344444 0 0.0166667 0
0 0.650694 0 0.0180556 0
0 0.1875 0 0.0194444 0
0 0.809028 0 0.0208333 0
0 0.485417 0.5 0.129167 1
0 0.344444 0 0.0166667 0
0 0.650694 0 0.0180556 0
0 0.554861 0 0.0375 0
0 0.188194 0 0.0180556 0
0 0.806944 0 0.0194444 0
0 0.486111 0.5 0.130556 1
0 0.344444 0 0.0166667 0
0 0.650694 0 0.0180556 0
0 0.554167 0 0.0388889 0
0 0.1875 0 0.0194444 0
0 0.809028 0 0.0208333 0
0 0.486111 0.5 0.133333 1
0 0.650694 0 0.0180556 0
0 0.344444 0 0.0166667 0
0 0.554861 0 0.0375 0
0 0.809028 0 0.0208333 0
0 0.186806 0 0.0180556 0
0 0.486111 0.5 0.138889 1
0 0.344444 0 0.0166667 0
0 0.650694 0 0.0180556 0
0 0.554861 0 0.0375 0
0 0.186806 0 0.0180556 0
0 0.809028 0 0.0208333 0
0 0.486806 0.5 0.1375 1
0 0.34375 0 0.0180556 0
0 0.650694 0 0.0180556 0
0 0.554861 0 0.0375 0
0 0.1875 0 0.0194444 0
0 0.809028 0 0.0208333 0
0 0.34375 0 0.0180556 0
0 0.4875 0.5 0.138889 1
0 0.650694 0 0.0180556 0
0 0.555556 0 0.0388889 0
0 0.186806 0 0.0180556 0
0 0.344444 0 0.0194444 0
0 0.809028 0 0.0208333 0
0 0.486806 0.5 0.1375 1
0 0.651389 0 0.0194444 0
0 0.555556 0 0.0388889 0
0 0.186806 0 0.0180556 0
0 0.344444 0 0.0194444 0
0 0.4875 0.5 0.136111 1
0 0.809028 0 0.0208333 0
0 0.651389 0 0.0194444 0
0 0.555556 0 0.0388889 0
0 0.186806 0 0.0180556 0
0 0.344444 0 0.0194444 0
0 0.4875 0.5 0.136111 1
0 0.809028 0 0.0208333 0
0 0.651389 0 0.0194444 0
0 0.456944 0 0.0361111 0
0 0.554861 0 0.0402778 0
0 0.344444 0 0.0194444 0
0 0.4875 0.5 0.136111 1
0 0.809028 0 0.0208333 0
0 0.651389 0 0.0194444 0
0 0.457639 0 0.0375 0
0 0.344444 0 0.0194444 0
0 0.809028 0 0.0208333 0
0 0.4875 0.5 0.133333 1
0 0.651389 0 0.0194444 0
0 0.185417 0 0.0180556 0
0 0.344444 0 0.0194444 0
0 0.808333 0 0.0194444 0
0 0.486111 0.5 0.133333 1
0 0.651389 0 0.0194444 0
0 0.185417 0 0.0180556 0
0 0.808333 0 0.0194444 0
0 0.344444 0 0.0194444 0
0 0.486111 0.5 0.133333 1
0 0.651389 0 0.0194444 0
0 0.185417 0 0.0180556 0
0 0.34375 0 0.0208333 0
0 0.808333 0 0.0194444 0
0 0.486111 0.5 0.133333 1
0 0.651389 0 0.0194444 0
0 0.185417 0 0.0180556 0
0 0.34375 0 0.0208333 0
0 0.809028 0 0.0208333 0
0 0.486806 0.5 0.134722 1
0 0.651389 0 0.0194444 0
0 0.185417 0 0.0180556 0
0 0.34375 0 0.0208333 0
0 0.809028 0 0.0208333 0
0 0.486806 0.5 0.134722 1
0 0.651389 0 0.0194444 0
0 0.185417 0 0.0180556 0
0 0.34375 0 0.0208333 0
0 0.809028 0 0.0208333 0
0 0.486806 0.5 0.134722 1
0 0.651389 0 0.0194444 0
0 0.186111 0 0.0194444 0
0 0.809028 0 0.0208333 0
0 0.344444 0 0.0194444 0
0 0.486806 0.5 0.1375 1
0 0.651389 0 0.0194444 0
0 0.809028 0 0.0208333 0
0 0.34375 0 0.0180556 0
0 0.486806 0.5 0.1375 1
0 0.652083 0 0.0180556 0
0 0.34375 0 0.0180556 0
0 0.808333 0 0.0194444 0
0 0.486806 0.5 0.140278 1
0 0.652083 0 0.0180556 0
0 0.554167 0 0.0416667 0
0 0.809028 0 0.0208333 0
0 0.34375 0 0.0208333 0
0 0.486806 0.5 0.140278 1
0 0.652083 0 0.0180556 0
0 0.554861 0 0.0430556 0
0 0.185417 0 0.0180556 0
0 0.809028 0 0.0208333 0
0 0.34375 0 0.0180556 0
0 0.4875 0.5 0.138889 1
0 0.652083 0 0.0180556 0
0 0.554861 0 0.0430556 0
0 0.185417 0 0.0180556 0
0 0.343056 0 0.0194444 0
0 0.809722 0 0.0194444 0
0 0.486111 0.5 0.138889 1
0 0.651389 0 0.0194444 0
0 0.456944 0 0.0361111 0
0 0.554861 0 0.0430556 0
0 0.185417 0 0.0180556 0
0 0.810417 0 0.0208333 0
0 0.342361 0 0.0208333 0
0 0.485417 0.5 0.134722 1
0 0.652083 0 0.0208333 0
0 0.554861 0 0.0430556 0
0 0.185417 0 0.0180556 0
0 0.342361 0 0.0208333 0
0 0.809722 0 0.0194444 0
0 0.484722 0.5 0.136111 1
0 0.652083 0 0.0208333 0
0 0.184722 0 0.0194444 0
0 0.554861 0 0.0430556 0
0 0.342361 0 0.0208333 0
0 0.810417 0 0.0208333 0
0 0.484722 0.5 0.136111 1
0 0.652083 0 0.0208333 0
0 0.184722 0 0.0194444 0
0 0.554861 0 0.0430556 0
0 0.342361 0 0.0208333 0
0 0.810417 0 0.0208333 0
0 0.484722 0.5 0.136111 1
0 0.652083 0 0.0208333 0
0 0.184028 0 0.0180556 0
0 0.554861 0 0.0430556 0
0 0.342361 0 0.0208333 0
0 0.810417 0 0.0208333 0
0 0.484722 0.5 0.138889 1
0 0.652083 0 0.0208333 0
0 0.554861 0 0.0430556 0
0 0.342361 0 0.0208333 0
0 0.810417 0 0.0208333 0
0 0.484722 0.5 0.136111 1
0 0.652083 0 0.0208333 0
0 0.554861 0 0.0430556 0
0 0.342361 0 0.0208333 0
0 0.810417 0 0.0208333 0
0 0.484722 0.5 0.136111 1
0 0.652083 0 0.0208333 0
0 0.342361 0 0.0208333 0
0 0.810417 0 0.0208333 0
0 0.484722 0.5 0.136111 1
0 0.652083 0 0.0208333 0
0 0.342361 0 0.0208333 0
0 0.810417 0 0.0208333 0
0 0.484722 0.5 0.136111 1
0 0.652778 0 0.0194444 0
0 0.183333 0 0.0194444 0
0 0.342361 0 0.0208333 0
0 0.810417 0 0.0208333 0
0 0.485417 0.5 0.1375 1
0 0.652778 0 0.0194444 0
0 0.184028 0 0.0180556 0
0 0.810417 0 0.0208333 0
0 0.342361 0 0.0208333 0
0 0.485417 0.5 0.1375 1
0 0.652778 0 0.0194444 0
0 0.184028 0 0.0180556 0
0 0.810417 0 0.0208333 0
0 0.341667 0 0.0194444 0
0 0.485417 0.5 0.143056 1
0 0.652083 0 0.0208333 0
0 0.184028 0 0.0180556 0
0 0.810417 0 0.0208333 0
0 0.341667 0 0.0194444 0
0 0.485417 0.5 0.143056 1
0 0.652083 0 0.0208333 0
0 0.184722 0 0.0194444 0
0 0.810417 0 0.0208333 0
0 0.485417 0.5 0.143056 1
0 0.341667 0 0.0194444 0
0 0.652778 0 0.0194444 0
0 0.810417 0 0.0208333 0
0 0.184028 0 0.0180556 0
0 0.341667 0 0.0194444 0
0 0.485417 0.5 0.143056 1
0 0.652083 0 0.0208333 0
0 0.184722 0 0.0194444 0
0 0.810417 0 0.0208333 0
0 0.341667 0 0.0194444 0
0 0.485417 0.5 0.143056 1
0 0.652778 0 0.0194444 0
0 0.184722 0 0.0194444 0
0 0.810417 0 0.0208333 0
0 0.485417 0.5 0.140278 1
0 0.341667 0 0.0194444 0
0 0.652778 0 0.0194444 0
0 0.810417 0 0.0208333 0
0 0.184722 0 0.0194444 0
0 0.485417 0.5 0.140278 1
0 0.341667 0 0.0194444 0
0 0.652778 0 0.0194444 0
0 0.811111 0 0.0194444 0
0 0.184722 0 0.0194444 0
0 0.341667 0 0.0194444 0
0 0.485417 0.5 0.140278 1
0 0.652778 0 0.0194444 0
0 0.184028 0 0.0180556 0
0 0.811111 0 0.0194444 0
0 0.341667 0 0.0194444 0
0 0.485417 0.5 0.1375 1
0 0.652778 0 0.0194444 0
0 0.184028 0 0.0180556 0
0 0.810417 0 0.0208333 0
0 0.341667 0 0.0194444 0
0 0.484722 0.5 0.138889 1
0 0.652778 0 0.0194444 0
0 0.184028 0 0.0180556 0
0 0.810417 0 0.0208333 0
0 0.484722 0.5 0.138889 1
0 0.341667 0 0.0194444 0
0 0.652778 0 0.0194444 0
0 0.810417 0 0.0208333 0
0 0.484722 0.5 0.138889 1
0 0.342361 0 0.0208333 0
0 0.652778 0 0.0194444 0
0 0.810417 0 0.0208333 0
0 0.342361 0 0.0208333 0
0 0.484722 0.5 0.138889 1
0 0.652778 0 0.0194444 0
0 0.810417 0 0.0208333 0
0 0.342361 0 0.0208333 0
0 0.484722 0.5 0.138889 1
0 0.652778 0 0.0194444 0
0 0.810417 0 0.0208333 0
0 0.342361 0 0.0208333 0
0 0.484722 0.5 0.138889 1
0 0.652778 0 0.0194444 0
0 0.810417 0 0.0208333 0
0 0.342361 0 0.0208333 0
0 0.484722 0.5 0.138889 1
0 0.652778 0 0.0194444 0
0 0.810417 0 0.0208333 0
0 0.342361 0 0.0208333 0
0 0.484722 0.5 0.138889 1
0 0.652778 0 0.0194444 0
0 0.810417 0 0.0208333 0
0 0.342361 0 0.0208333 0
0 0.484722 0.5 0.138889 1
0 0.652778 0 0.0194444 0
0 0.810417 0 0.0208333 0
0 0.342361 0 0.0208333 0
0 0.484722 0.5 0.138889 1
0 0.652778 0 0.0194444 0
0 0.810417 0 0.0208333 0
0 0.342361 0 0.0208333 0
0 0.484722 0.5 0.138889 1
0 0.652778 0 0.0194444 0
0 0.810417 0 0.0208333 0
0 0.341667 0 0.0194444 0
0 0.484722 0.5 0.138889 1
0 0.652778 0 0.0194444 0
0 0.810417 0 0.0208333 0
0 0.342361 0 0.0208333 0
0 0.484722 0.5 0.138889 1
0 0.652778 0 0.0194444 0
0 0.811806 0 0.0208333 0
0 0.342361 0 0.0208333 0
0 0.484722 0.5 0.138889 1
0 0.652778 0 0.0194444 0
0 0.810417 0 0.0208333 0
0 0.341667 0 0.0194444 0
0 0.484722 0.5 0.138889 1
0 0.652778 0 0.0194444 0
0 0.810417 0 0.0208333 0
0 0.342361 0 0.0208333 0
0 0.484722 0.5 0.138889 1
0 0.652778 0 0.0194444 0
0 0.810417 0 0.0208333 0
0 0.484722 0.5 0.138889 1
0 0.342361 0 0.0208333 0
0 0.652778 0 0.0194444 0
0 0.810417 0 0.0208333 0
0 0.341667 0 0.0194444 0
0 0.484722 0.5 0.138889 1
0 0.652778 0 0.0194444 0
0 0.184028 0 0.0180556 0
0 0.810417 0 0.0208333 0
0 0.341667 0 0.0194444 0
0 0.484722 0.5 0.138889 1
0 0.652778 0 0.0194444 0
0 0.184028 0 0.0180556 0
0 0.810417 0 0.0208333 0
0 0.342361 0 0.0208333 0
0 0.484722 0.5 0.138889 1
0 0.652778 0 0.0194444 0
0 0.184028 0 0.0180556 0
0 0.810417 0 0.0208333 0
0 0.484722 0.5 0.138889 1
0 0.341667 0 0.0194444 0
0 0.652778 0 0.0194444 0
0 0.184028 0 0.0180556 0
0 0.810417 0 0.0208333 0
0 0.484722 0.5 0.138889 1
0 0.341667 0 0.0194444 0
0 0.652778 0 0.0194444 0
0 0.184028 0 0.0180556 0
0 0.810417 0 0.0208333 0
0 0.484722 0.5 0.138889 1
0 0.342361 0 0.0208333 0
0 0.652778 0 0.0194444 0
0 0.184028 0 0.0180556 0
0 0.810417 0 0.0208333 0
0 0.342361 0 0.0208333 0
0 0.484722 0.5 0.138889 1
0 0.652778 0 0.0194444 0
0 0.184028 0 0.0180556 0
0 0.810417 0 0.0208333 0
0 0.342361 0 0.0208333 0
0 0.484722 0.5 0.138889 1
0 0.652778 0 0.0194444 0
0 0.184028 0 0.0180556 0
0 0.811111 0 0.0194444 0
0 0.484722 0.5 0.138889 1
0 0.341667 0 0.0194444 0
0 0.652778 0 0.0194444 0
0 0.184028 0 0.0180556 0
0 0.810417 0 0.0208333 0
0 0.484722 0.5 0.138889 1
0 0.342361 0 0.0208333 0
0 0.652778 0 0.0194444 0
0 0.184028 0 0.0180556 0
0 0.810417 0 0.0208333 0
0 0.484722 0.5 0.138889 1
0 0.342361 0 0.0208333 0
0 0.652778 0 0.0194444 0
0 0.184028 0 0.0180556 0
0 0.810417 0 0.0208333 0
0 0.342361 0 0.0208333 0
0 0.484722 0.5 0.138889 1
0 0.652778 0 0.0194444 0
0 0.184028 0 0.0180556 0
0 0.811111 0 0.0194444 0
0 0.485417 0.5 0.1375 1
0 0.341667 0 0.0194444 0
0 0.652778 0 0.0194444 0
0 0.184028 0 0.0180556 0
0 0.810417 0 0.0208333 0
0 0.342361 0 0.0208333 0
0 0.485417 0.5 0.1375 1
0 0.652778 0 0.0194444 0
0 0.184028 0 0.0180556 0
0 0.810417 0 0.0208333 0
0 0.342361 0 0.0208333 0
0 0.485417 0.5 0.1375 1
0 0.652778 0 0.0194444 0
0 0.184028 0 0.0180556 0
0 0.810417 0 0.0208333 0
0 0.342361 0 0.0208333 0
0 0.485417 0.5 0.1375 1
0 0.652778 0 0.0194444 0
0 0.184028 0 0.0180556 0
0 0.810417 0 0.0208333 0
0 0.342361 0 0.0208333 0
0 0.484722 0.5 0.138889 1
0 0.652778 0 0.0194444 0
0 0.184028 0 0.0180556 0
0 0.26875 0 0.00694444 0
0 0.810417 0 0.0208333 0
0 0.341667 0 0.0194444 0
0 0.484722 0.5 0.138889 1
0 0.652778 0 0.0194444 0
0 0.184028 0 0.0180556 0
0 0.810417 0 0.0208333 0
0 0.342361 0 0.0208333 0
0 0.484722 0.5 0.138889 1
0 0.652778 0 0.0194444 0
0 0.184028 0 0.0180556 0
0 0.810417 0 0.0208333 0
0 0.341667 0 0.0194444 0
0 0.484722 0.5 0.138889 1
0 0.652778 0 0.0194444 0
0 0.184028 0 0.0180556 0
0 0.810417 0 0.0208333 0
0 0.342361 0 0.0208333 0
0 0.484722 0.5 0.138889 1
0 0.652778 0 0.0194444 0
0 0.184028 0 0.0180556 0
0 0.811806 0 0.0208333 0
0 0.342361 0 0.0208333 0
0 0.485417 0.5 0.1375 1
0 0.652778 0 0.0194444 0
0 0.184028 0 0.0180556 0
0 0.810417 0 0.0208333 0
0 0.341667 0 0.0194444 0
0 0.485417 0.5 0.1375 1
0 0.652778 0 0.0194444 0
0 0.184028 0 0.0180556 0
0 0.810417 0 0.0208333 0
0 0.341667 0 0.0194444 0
0 0.485417 0.5 0.1375 1
0 0.652778 0 0.0194444 0
0 0.184028 0 0.0180556 0
0 0.810417 0 0.0208333 0
0 0.341667 0 0.0194444 0
0 0.485417 0.5 0.1375 1
0 0.652778 0 0.0194444 0
0 0.184028 0 0.0180556 0
0 0.810417 0 0.0208333 0
0 0.342361 0 0.0208333 0
0 0.485417 0.5 0.1375 1
0 0.652778 0 0.0194444 0
0 0.184028 0 0.0180556 0
0 0.810417 0 0.0208333 0
0 0.485417 0.5 0.1375 1
0 0.342361 0 0.0208333 0
0 0.652778 0 0.0194444 0
0 0.184028 0 0.0180556 0
0 0.811111 0 0.0194444 0
0 0.342361 0 0.0208333 0
0 0.485417 0.5 0.1375 1
0 0.652778 0 0.0194444 0
0 0.184028 0 0.0180556 0
0 0.811806 0 0.0208333 0
0 0.342361 0 0.0208333 0
0 0.485417 0.5 0.1375 1
0 0.652778 0 0.0194444 0
0 0.184028 0 0.0180556 0
0 0.810417 0 0.0208333 0
0 0.342361 0 0.0208333 0
0 0.485417 0.5 0.1375 1
0 0.652778 0 0.0194444 0
0 0.184028 0 0.0180556 0
0 0.810417 0 0.0208333 0
0 0.342361 0 0.0208333 0
0 0.485417 0.5 0.1375 1
0 0.652778 0 0.0194444 0
0 0.184028 0 0.0180556 0
0 0.810417 0 0.0208333 0
0 0.341667 0 0.0194444 0
0 0.485417 0.5 0.1375 1
0 0.652778 0 0.0194444 0
0 0.810417 0 0.0208333 0
0 0.342361 0 0.0208333 0
0 0.485417 0.5 0.1375 1
0 0.652778 0 0.0194444 0
0 0.810417 0 0.0208333 0
0 0.342361 0 0.0208333 0
0 0.485417 0.5 0.1375 1
0 0.652778 0 0.0194444 0
0 0.811806 0 0.0208333 0
0 0.342361 0 0.0208333 0
0 0.485417 0.5 0.1375 1
0 0.652778 0 0.0194444 0
0 0.811111 0 0.0194444 0
0 0.342361 0 0.0208333 0
0 0.485417 0.5 0.1375 1
0 0.652778 0 0.0194444 0
0 0.810417 0 0.0208333 0
0 0.341667 0 0.0194444 0
0 0.485417 0.5 0.1375 1
0 0.652778 0 0.0194444 0
0 0.810417 0 0.0208333 0
0 0.342361 0 0.0208333 0
0 0.485417 0.5 0.1375 1
0 0.652778 0 0.0194444 0
0 0.810417 0 0.0208333 0
0 0.485417 0.5 0.1375 1
0 0.342361 0 0.0208333 0
0 0.652778 0 0.0194444 0
0 0.810417 0 0.0208333 0
0 0.342361 0 0.0208333 0
0 0.485417 0.5 0.1375 1
0 0.652778 0 0.0194444 0
0 0.810417 0 0.0208333 0
0 0.342361 0 0.0208333 0
0 0.485417 0.5 0.1375 1
0 0.652778 0 0.0194444 0
0 0.811806 0 0.0208333 0
0 0.342361 0 0.0208333 0
0 0.485417 0.5 0.1375 1
0 0.652778 0 0.0194444 0
0 0.810417 0 0.0208333 0
0 0.342361 0 0.0208333 0
0 0.485417 0.5 0.1375 1
0 0.652778 0 0.0194444 0
0 0.810417 0 0.0208333 0
0 0.342361 0 0.0208333 0
0 0.485417 0.5 0.1375 1
0 0.652778 0 0.0194444 0
0 0.810417 0 0.0208333 0
0 0.342361 0 0.0208333 0
0 0.485417 0.5 0.1375 1
0 0.652778 0 0.0194444 0
0 0.810417 0 0.0208333 0
0 0.342361 0 0.0208333 0
0 0.484722 0.5 0.138889 1
0 0.652778 0 0.0194444 0
0 0.810417 0 0.0208333 0
0 0.341667 0 0.0194444 0
0 0.484722 0.5 0.138889 1
0 0.652778 0 0.0194444 0
0 0.810417 0 0.0208333 0
0 0.341667 0 0.0194444 0
0 0.484722 0.5 0.138889 1
0 0.652778 0 0.0194444 0
0 0.810417 0 0.0208333 0
0 0.342361 0 0.0208333 0
0 0.484722 0.5 0.138889 1
0 0.652778 0 0.0194444 0
0 0.810417 0 0.0208333 0
0 0.342361 0 0.0208333 0
0 0.484722 0.5 0.138889 1
0 0.652778 0 0.0194444 0
0 0.810417 0 0.0208333 0
0 0.342361 0 0.0208333 0
0 0.484722 0.5 0.138889 1
0 0.652778 0 0.0194444 0
0 0.810417 0 0.0208333 0
0 0.342361 0 0.0208333 0
0 0.484722 0.5 0.138889 1
0 0.652778 0 0.0194444 0
0 0.810417 0 0.0208333 0
0 0.342361 0 0.0208333 0
0 0.484722 0.5 0.138889 1
0 0.652778 0 0.0194444 0
0 0.810417 0 0.0208333 0
0 0.342361 0 0.0208333 0
0 0.484722 0.5 0.138889 1
0 0.652778 0 0.0194444 0
0 0.810417 0 0.0208333 0
0 0.342361 0 0.0208333 0
0 0.484722 0.5 0.138889 1
0 0.652778 0 0.0194444 0
0 0.810417 0 0.0208333 0
0 0.342361 0 0.0208333 0
0 0.484722 0.5 0.138889 1
0 0.652778 0 0.0194444 0
0 0.810417 0 0.0208333 0
0 0.342361 0 0.0208333 0
0 0.484722 0.5 0.138889 1
0 0.652778 0 0.0194444 0
0 0.810417 0 0.0208333 0
0 0.342361 0 0.0208333 0
0 0.484722 0.5 0.138889 1
0 0.652778 0 0.0194444 0
0 0.810417 0 0.0208333 0
0 0.342361 0 0.0208333 0
0 0.484722 0.5 0.138889 1
0 0.652778 0 0.0194444 0
0 0.810417 0 0.0208333 0
0 0.484722 0.5 0.138889 1
0 0.341667 0 0.0194444 0
0 0.652778 0 0.0194444 0
0 0.810417 0 0.0208333 0
0 0.342361 0 0.0208333 0
0 0.484722 0.5 0.138889 1
0 0.652778 0 0.0194444 0
0 0.811111 0 0.0194444 0
0 0.342361 0 0.0208333 0
0 0.484722 0.5 0.138889 1
0 0.652778 0 0.0194444 0
0 0.810417 0 0.0208333 0
0 0.342361 0 0.0208333 0
0 0.484722 0.5 0.138889 1
0 0.652778 0 0.0194444 0
0 0.810417 0 0.0208333 0
0 0.484722 0.5 0.138889 1
0 0.342361 0 0.0208333 0
0 0.652778 0 0.0194444 0
0 0.811111 0 0.0194444 0
0 0.342361 0 0.0208333 0
0 0.484722 0.5 0.138889 1
0 0.652778 0 0.0194444 0
0 0.810417 0 0.0208333 0
0 0.484722 0.5 0.138889 1
0 0.342361 0 0.0208333 0
0 0.652778 0 0.0194444 0
0 0.810417 0 0.0208333 0
0 0.484722 0.5 0.138889 1
0 0.342361 0 0.0208333 0
0 0.652778 0 0.0194444 0
0 0.810417 0 0.0208333 0
0 0.342361 0 0.0208333 0
0 0.484722 0.5 0.138889 1
0 0.652778 0 0.0194444 0
0 0.810417 0 0.0208333 0
0 0.342361 0 0.0208333 0
0 0.484722 0.5 0.138889 1
0 0.652778 0 0.0194444 0
0 0.810417 0 0.0208333 0
0 0.484722 0.5 0.138889 1
0 0.342361 0 0.0208333 0
0 0.652778 0 0.0194444 0
0 0.810417 0 0.0208333 0
0 0.342361 0 0.0208333 0
0 0.484722 0.5 0.138889 1
0 0.652778 0 0.0194444 0
0 0.810417 0 0.0208333 0
0 0.342361 0 0.0208333 0
0 0.484722 0.5 0.138889 1
0 0.652778 0 0.0194444 0
0 0.810417 0 0.0208333 0
0 0.484722 0.5 0.138889 1
0 0.342361 0 0.0208333 0
0 0.652778 0 0.0194444 0
0 0.810417 0 0.0208333 0
0 0.342361 0 0.0208333 0
0 0.484722 0.5 0.138889 1
0 0.652778 0 0.0194444 0
0 0.810417 0 0.0208333 0
0 0.484722 0.5 0.138889 1
0 0.341667 0 0.0194444 0
0 0.652778 0 0.0194444 0
0 0.810417 0 0.0208333 0
0 0.342361 0 0.0208333 0
0 0.484722 0.5 0.138889 1
0 0.652778 0 0.0194444 0
0 0.810417 0 0.0208333 0
0 0.342361 0 0.0208333 0
0 0.484722 0.5 0.138889 1
0 0.652778 0 0.0194444 0
0 0.811806 0 0.0208333 0
0 0.342361 0 0.0208333 0
0 0.484722 0.5 0.138889 1
0 0.652778 0 0.0194444 0
0 0.810417 0 0.0208333 0
0 0.342361 0 0.0208333 0
0 0.484722 0.5 0.138889 1
0 0.652778 0 0.0194444 0
0 0.810417 0 0.0208333 0
0 0.342361 0 0.0208333 0
0 0.484722 0.5 0.138889 1
0 0.652778 0 0.0194444 0
0 0.810417 0 0.0208333 0
0 0.484722 0.5 0.138889 1
0 0.342361 0 0.0208333 0
0 0.652778 0 0.0194444 0
0 0.810417 0 0.0208333 0
0 0.341667 0 0.0194444 0
0 0.484722 0.5 0.138889 1
0 0.652778 0 0.0194444 0
0 0.810417 0 0.0208333 0
0 0.484722 0.5 0.138889 1
0 0.342361 0 0.0208333 0
0 0.652778 0 0.0194444 0
0 0.810417 0 0.0208333 0
0 0.342361 0 0.0208333 0
0 0.484722 0.5 0.138889 1
0 0.652778 0 0.0194444 0
0 0.810417 0 0.0208333 0
0 0.342361 0 0.0208333 0
0 0.484722 0.5 0.138889 1
0 0.652778 0 0.0194444 0
0 0.810417 0 0.0208333 0
0 0.342361 0 0.0208333 0
0 0.484722 0.5 0.138889 1
0 0.652778 0 0.0194444 0
0 0.810417 0 0.0208333 0
0 0.342361 0 0.0208333 0
0 0.484722 0.5 0.138889 1
0 0.652778 0 0.0194444 0
0 0.810417 0 0.0208333 0
0 0.342361 0 0.0208333 0
0 0.484722 0.5 0.138889 1
0 0.652778 0 0.0194444 0
0 0.810417 0 0.0208333 0
0 0.342361 0 0.0208333 0
0 0.484722 0.5 0.138889 1
0 0.652778 0 0.0194444 0
0 0.810417 0 0.0208333 0
0 0.342361 0 0.0208333 0
0 0.484722 0.5 0.138889 1
0 0.652778 0 0.0194444 0
0 0.810417 0 0.0208333 0
0 0.484722 0.5 0.138889 1
0 0.342361 0 0.0208333 0
0 0.652778 0 0.0194444 0
0 0.810417 0 0.0208333 0
0 0.342361 0 0.0208333 0
0 0.484722 0.5 0.138889 1
0 0.652778 0 0.0194444 0
0 0.810417 0 0.0208333 0
0 0.342361 0 0.0208333 0
0 0.484722 0.5 0.138889 1
0 0.652778 0 0.0194444 0
0 0.810417 0 0.0208333 0
0 0.342361 0 0.0208333 0
0 0.484722 0.5 0.138889 1
0 0.652778 0 0.0194444 0
0 0.810417 0 0.0208333 0
0 0.341667 0 0.0194444 0
0 0.484722 0.5 0.138889 1
0 0.652778 0 0.0194444 0
0 0.810417 0 0.0208333 0
0 0.342361 0 0.0208333 0
0 0.484722 0.5 0.138889 1
0 0.652778 0 0.0194444 0
0 0.810417 0 0.0208333 0
0 0.342361 0 0.0208333 0
0 0.484722 0.5 0.138889 1
0 0.652778 0 0.0194444 0
0 0.810417 0 0.0208333 0
0 0.342361 0 0.0208333 0
0 0.484722 0.5 0.138889 1
0 0.652778 0 0.0194444 0
0 0.810417 0 0.0208333 0
0 0.342361 0 0.0208333 0
0 0.484722 0.5 0.138889 1
0 0.652778 0 0.0194444 0
0 0.810417 0 0.0208333 0
0 0.342361 0 0.0208333 0
0 0.484722 0.5 0.138889 1
0 0.652778 0 0.0194444 0
0 0.810417 0 0.0208333 0
0 0.342361 0 0.0208333 0
0 0.485417 0.5 0.1375 1
0 0.652778 0 0.0194444 0
0 0.810417 0 0.0208333 0
0 0.342361 0 0.0208333 0
0 0.485417 0.5 0.1375 1
0 0.652778 0 0.0194444 0
0 0.810417 0 0.0208333 0
0 0.485417 0.5 0.1375 1
0 0.342361 0 0.0208333 0
0 0.652778 0 0.0194444 0
0 0.810417 0 0.0208333 0
0 0.342361 0 0.0208333 0
0 0.485417 0.5 0.1375 1
0 0.652778 0 0.0194444 0
0 0.810417 0 0.0208333 0
0 0.485417 0.5 0.1375 1
0 0.342361 0 0.0208333 0
0 0.652778 0 0.0194444 0
0 0.184028 0 0.0180556 0
0 0.810417 0 0.0208333 0
0 0.485417 0.5 0.1375 1
0 0.341667 0 0.0194444 0
0 0.652778 0 0.0194444 0
0 0.184028 0 0.0180556 0
0 0.810417 0 0.0208333 0
0 0.341667 0 0.0194444 0
0 0.485417 0.5 0.1375 1
0 0.652778 0 0.0194444 0
0 0.184028 0 0.0180556 0
0 0.810417 0 0.0208333 0
0 0.485417 0.5 0.1375 1
0 0.342361 0 0.0208333 0
0 0.652778 0 0.0194444 0
0 0.184028 0 0.0180556 0
0 0.810417 0 0.0208333 0
0 0.485417 0.5 0.1375 1
0 0.341667 0 0.0194444 0
0 0.652778 0 0.0194444 0
0 0.184028 0 0.0180556 0
0 0.811806 0 0.0208333 0
0 0.342361 0 0.0208333 0
0 0.485417 0.5 0.1375 1
0 0.652778 0 0.0194444 0
0 0.184028 0 0.0180556 0
0 0.810417 0 0.0208333 0
0 0.485417 0.5 0.1375 1
0 0.342361 0 0.0208333 0
0 0.652778 0 0.0194444 0
0 0.184028 0 0.0180556 0
0 0.810417 0 0.0208333 0
0 0.342361 0 0.0208333 0
0 0.485417 0.5 0.1375 1
0 0.652778 0 0.0194444 0
0 0.184028 0 0.0180556 0
0 0.810417 0 0.0208333 0
0 0.342361 0 0.0208333 0
0 0.485417 0.5 0.1375 1
0 0.652778 0 0.0194444 0
0 0.184028 0 0.0180556 0
0 0.810417 0 0.0208333 0
0 0.341667 0 0.0194444 0
0 0.485417 0.5 0.1375 1
0 0.652778 0 0.0194444 0
0 0.184028 0 0.0180556 0
0 0.810417 0 0.0208333 0
0 0.342361 0 0.0208333 0
0 0.485417 0.5 0.1375 1
0 0.652778 0 0.0194444 0
0 0.183333 0 0.0194444 0
0 0.811111 0 0.0194444 0
0 0.484722 0.5 0.138889 1
0 0.342361 0 0.0208333 0
0 0.652778 0 0.0194444 0
0 0.183333 0 0.0194444 0
0 0.811111 0 0.0194444 0
0 0.484722 0.5 0.138889 1
0 0.341667 0 0.0194444 0
0 0.652778 0 0.0194444 0
0 0.183333 0 0.0194444 0
0 0.811111 0 0.0194444 0
0 0.484028 0.5 0.140278 1
0 0.342361 0 0.0208333 0
0 0.653472 0 0.0208333 0
0 0.183333 0 0.0194444 0
0 0.811806 0 0.0208333 0
0 0.484722 0.5 0.141667 1
0 0.341667 0 0.0194444 0
0 0.652778 0 0.0194444 0
0 0.183333 0 0.0194444 0
0 0.811806 0 0.0208333 0
0 0.484722 0.5 0.141667 1
0 0.341667 0 0.0194444 0
0 0.652778 0 0.0194444 0
0 0.183333 0 0.0194444 0
0 0.811806 0 0.0208333 0
0 0.484722 0.5 0.141667 1
0 0.341667 0 0.0194444 0
0 0.652778 0 0.0194444 0
0 0.183333 0 0.0194444 0
0 0.811806 0 0.0208333 0
0 0.484722 0.5 0.141667 1
0 0.341667 0 0.0194444 0
0 0.652778 0 0.0194444 0
0 0.183333 0 0.0194444 0
0 0.811806 0 0.0208333 0
0 0.484722 0.5 0.141667 1
0 0.341667 0 0.0194444 0
0 0.652778 0 0.0194444 0
0 0.274306 0 0.00694444 0
0 0.183333 0 0.0194444 0
0 0.811806 0 0.0208333 0
0 0.484722 0.5 0.141667 1
0 0.341667 0 0.0194444 0
0 0.653472 0 0.0208333 0
0 0.184028 0 0.0180556 0
0 0.484722 0.5 0.141667 1
0 0.811111 0 0.0194444 0
0 0.341667 0 0.0194444 0
0 0.653472 0 0.0208333 0
0 0.811111 0 0.0194444 0
0 0.483333 0.5 0.144444 1
0 0.341667 0 0.0194444 0
0 0.652778 0 0.0194444 0
0 0.183333 0 0.0194444 0
0 0.483333 0.5 0.144444 1
0 0.811111 0 0.0194444 0
0 0.341667 0 0.0194444 0
0 0.653472 0 0.0208333 0
0 0.484028 0.5 0.145833 1
0 0.811111 0 0.0194444 0
0 0.342361 0 0.0208333 0
0 0.653472 0 0.0208333 0
0 0.484028 0.5 0.145833 1
0 0.811111 0 0.0194444 0
0 0.342361 0 0.0208333 0
0 0.653472 0 0.0208333 0
0 0.811111 0 0.0194444 0
0 0.484722 0.5 0.147222 1
0 0.342361 0 0.0208333 0
0 0.653472 0 0.0208333 0
0 0.182639 0 0.0180556 0
0 0.811806 0 0.0208333 0
0 0.341667 0 0.0194444 0
0 0.485417 0.5 0.148611 1
0 0.653472 0 0.0208333 0
0 0.182639 0 0.0180556 0
0 0.811806 0 0.0208333 0
0 0.484722 0.5 0.147222 1
0 0.340972 0 0.0208333 0
0 0.653472 0 0.0208333 0
0 0.811806 0 0.0208333 0
0 0.181944 0 0.0194444 0
0 0.483333 0.5 0.144444 1
0 0.340972 0 0.0208333 0
0 0.652778 0 0.0194444 0
0 0.181944 0 0.0194444 0
0 0.8125 0 0.0194444 0
0 0.482639 0.5 0.143056 1
0 0.340972 0 0.0208333 0
0 0.652778 0 0.0194444 0
0 0.8125 0 0.0194444 0
0 0.181944 0 0.0194444 0
0 0.481944 0.5 0.144444 1
0 0.340278 0 0.0194444 0
0 0.652778 0 0.0194444 0
0 0.181944 0 0.0194444 0
0 0.811806 0 0.0208333 0
0 0.481944 0.5 0.144444 1
0 0.340972 0 0.0208333 0
0 0.652778 0 0.0194444 0
0 0.181944 0 0.0194444 0
0 0.811111 0 0.0194444 0
0 0.340972 0 0.0180556 0
0 0.480556 0 0.144444 0
0 0.652778 0 0.0194444 0
0 0.181944 0 0.0194444 0
0 0.8125 0 0.0194444 0
0 0.340972 0 0.0180556 0
0 0.480556 0 0.147222 0
0 0.652778 0 0.0194444 0
0 0.813889 0 0.0194444 0
0 0.48125 0 0.148611 0
0 0.341667 0 0.0194444 0
0 0.653472 0 0.0208333 0
0 0.813194 0 0.0180556 0
0 0.48125 0 0.148611 0
0 0.340972 0 0.0180556 0
0 0.652778 0 0.0194444 0
0 0.483333 0 0.15 0
0 0.813194 0 0.0180556 0
0 0.341667 0 0.0194444 0
0 0.653472 0 0.0208333 0
0 0.813889 0 0.0194444 0
0 0.482639 0 0.148611 0
0 0.340972 0 0.0180556 0
0 0.653472 0 0.0208333 0
0 0.813889 0 0.0194444 0
0 0.340972 0 0.0208333 0
0 0.482639 0 0.148611 0
0 0.653472 0 0.0208333 0
0 0.481944 0 0.15 0
0 0.813889 0 0.0194444 0
0 0.340972 0 0.0208333 0
0 0.653472 0 0.0208333 0
0 0.479861 0 0.148611 0
0 0.813889 0 0.0194444 0
0 0.340278 0 0.0194444 0
0 0.653472 0 0.0208333 0
0 0.813194 0 0.0180556 0
0 0.479167 0 0.15 0
0 0.340278 0 0.0194444 0
0 0.653472 0 0.0208333 0
0 0.813889 0 0.0194444 0
0 0.479167 0 0.147222 0
0 0.339583 0 0.0180556 0
0 0.653472 0 0.0208333 0
0 0.814583 0 0.0208333 0
0 0.481944 0 0.147222 0
0 0.339583 0 0.0180556 0
0 0.654167 0 0.0194444 0
0 0.48125 0 0.143056 0
0 0.814583 0 0.0208333 0
0 0.339583 0 0.0180556 0
0 0.653472 0 0.0208333 0
0 0.48125 0 0.145833 0
0 0.814583 0 0.0208333 0
0 0.340278 0 0.0194444 0
0 0.654167 0 0.0194444 0
0 0.478472 0 0.143056 0
0 0.814583 0 0.0208333 0
0 0.340278 0 0.0194444 0
0 0.654167 0 0.0194444 0
0 0.479167 0 0.147222 0
0 0.815278 0 0.0222222 0
0 0.339583 0 0.0180556 0
0 0.654167 0 0.0194444 0
0 0.479861 0 0.148611 0
0 0.815278 0 0.0222222 0
0 0.340278 0 0.0194444 0
0 0.654167 0 0.0194444 0
0 0.479167 0 0.147222 0
0 0.815278 0 0.0222222 0
0 0.340278 0 0.0194444 0
0 0.654167 0 0.0194444 0
0 0.478472 0 0.145833 0
0 0.815278 0 0.0222222 0
0 0.339583 0 0.0180556 0
0 0.654861 0 0.0208333 0
0 0.477083 0 0.148611 0
0 0.815278 0 0.0222222 0
0 0.340278 0 0.0194444 0
0 0.654861 0 0.0208333 0
0 0.477083 0 0.148611 0
0 0.815278 0 0.0222222 0
0 0.340278 0 0.0194444 0
0 0.654861 0 0.0208333 0
0 0.476389 0 0.147222 0
0 0.815278 0 0.0222222 0
0 0.340278 0 0.0194444 0
0 0.654861 0 0.0208333 0
0 0.474306 0 0.145833 0
0 0.815278 0 0.0222222 0
0 0.339583 0 0.0180556 0
0 0.654861 0 0.0208333 0
0 0.478472 0 0.156944 0
0 0.814583 0 0.0208333 0
0 0.339583 0 0.0180556 0
0 0.654167 0 0.0222222 0
0 0.478472 0 0.154167 0
0 0.815278 0 0.0222222 0
0 0.339583 0 0.0180556 0
0 0.654167 0 0.0222222 0
0 0.479861 0 0.154167 0
0 0.815278 0 0.0222222 0
0 0.339583 0 0.0180556 0
0 0.654167 0 0.0222222 0
0 0.479861 0 0.154167 0
0 0.815278 0 0.0222222 0
0 0.339583 0 0.0180556 0
0 0.654167 0 0.0222222 0
0 0.479167 0 0.155556 0
0 0.815278 0 0.0222222 0
0 0.339583 0 0.0180556 0
0 0.654167 0 0.0222222 0
0 0.815278 0 0.0222222 0
0 0.480556 0 0.155556 0
0 0.339583 0 0.0180556 0
0 0.654167 0 0.0222222 0
0 0.479861 0 0.156944 0
0 0.815278 0 0.0222222 0
0 0.339583 0 0.0180556 0
0 0.654167 0 0.0222222 0
0 0.480556 0 0.155556 0
0 0.815278 0 0.0222222 0
0 0.339583 0 0.0180556 0
0 0.654167 0 0.0222222 0
0 0.480556 0 0.155556 0
0 0.815278 0 0.0222222 0
0 0.339583 0 0.0180556 0
0 0.654167 0 0.0222222 0
0 0.479861 0 0.156944 0
0 0.815278 0 0.0222222 0
0 0.339583 0 0.0180556 0
0 0.654167 0 0.0222222 0
0 0.480556 0 0.155556 0
0 0.815278 0 0.0222222 0
0 0.339583 0 0.0180556 0
0 0.654167 0 0.0222222 0
0 0.815278 0 0.0222222 0
0 0.480556 0 0.155556 0
0 0.339583 0 0.0180556 0
0 0.654167 0 0.0222222 0
0 0.480556 0 0.155556 0
0 0.815278 0 0.0222222 0
0 0.339583 0 0.0180556 0
0 0.654167 0 0.0222222 0
0 0.480556 0 0.155556 0
0 0.815278 0 0.0222222 0
0 0.339583 0 0.0180556 0
0 0.654167 0 0.0222222 0
0 0.480556 0 0.155556 0
0 0.815278 0 0.0222222 0
0 0.339583 0 0.0180556 0
0 0.654167 0 0.0222222 0
0 0.479861 0 0.156944 0
0 0.815278 0 0.0222222 0
0 0.339583 0 0.0180556 0
0 0.654167 0 0.0222222 0
0 0.815278 0 0.0222222 0
0 0.479861 0 0.154167 0
0 0.339583 0 0.0180556 0
0 0.654167 0 0.0222222 0
0 0.479167 0 0.155556 0
0 0.815278 0 0.0222222 0
0 0.339583 0 0.0180556 0
0 0.654167 0 0.0222222 0
0 0.478472 0 0.154167 0
0 0.815278 0 0.0222222 0
0 0.339583 0 0.0180556 0
0 0.654167 0 0.0222222 0
0 0.478472 0 0.154167 0
0 0.815278 0 0.0222222 0
0 0.339583 0 0.0180556 0
0 0.654167 0 0.0222222 0
0 0.479167 0 0.155556 0
0 0.814583 0 0.0208333 0
0 0.339583 0 0.0180556 0
0 0.654167 0 0.0222222 0
0 0.478472 0 0.154167 0
0 0.814583 0 0.0208333 0
0 0.339583 0 0.0180556 0
0 0.654167 0 0.0222222 0
0 0.479167 0 0.155556 0
0 0.815278 0 0.0222222 0
0 0.339583 0 0.0180556 0
0 0.654167 0 0.0222222 0
0 0.478472 0 0.154167 0
0 0.815278 0 0.0222222 0
0 0.339583 0 0.0180556 0
0 0.654167 0 0.0222222 0
0 0.478472 0 0.154167 0
0 0.815278 0 0.0222222 0
0 0.339583 0 0.0180556 0
0 0.654167 0 0.0222222 0
0 0.478472 0 0.154167 0
0 0.815278 0 0.0222222 0
0 0.339583 0 0.0180556 0
0 0.654167 0 0.0222222 0
0 0.479167 0 0.155556 0
0 0.815278 0 0.0222222 0
0 0.339583 0 0.0180556 0
0 0.654167 0 0.0222222 0
0 0.478472 0 0.154167 0
0 0.815278 0 0.0222222 0
0 0.339583 0 0.0180556 0
0 0.654167 0 0.0222222 0
0 0.479167 0 0.155556 0
0 0.815278 0 0.0222222 0
0 0.339583 0 0.0180556 0
0 0.654167 0 0.0222222 0
0 0.478472 0 0.154167 0
0 0.814583 0 0.0208333 0
0 0.339583 0 0.0180556 0
0 0.654167 0 0.0222222 0
0 0.478472 0 0.154167 0
0 0.815278 0 0.0222222 0
0 0.339583 0 0.0180556 0
0 0.654167 0 0.0222222 0
0 0.815278 0 0.0222222 0
0 0.479167 0 0.155556 0
0 0.339583 0 0.0180556 0
0 0.654167 0 0.0222222 0
