
time,npos,epos,alt,phi,theta,psi,vel,alpha,beta,p,q,r,nx,ny,nz,mach,qbar,ps,thrust,ele,ail,rud

 0.00000, 0.00000, 0.00000,9843.00000, 0.00000, 6.61325, 0.00000,394.00000, 6.61325, 0.00000, 0.00000, 0.00000, 0.00000,2277.93433,-2.97591, 0.00810, 0.06839, 9.72843, 1.00000,2277.93433,-2.97591, 0.00810, 0.06839,
 0.10000, 0.00000, 0.00000,9843.00000, 0.00000, 6.61325, 0.00000,394.00000, 6.61325, 0.00000, 0.00000, 0.00000, 0.00000,2277.93433,-2.97591, 0.00810, 0.06839, 9.72843, 1.00000,2277.93433,-2.97591, 0.00810, 0.06839,
 0.20000, 0.00000, 0.00000,9843.00000, 0.00000, 6.61325, 0.00000,394.00000, 6.61325, 0.00000, 0.00000, 0.00000, 0.00000,2277.93433,-2.97591, 0.00810, 0.06839, 9.72843, 1.00000,2277.93433,-2.97591, 0.00810, 0.06839,
 0.30000, 0.00000, 0.00000,9843.00000, 0.00000, 6.61325, 0.00000,394.00000, 6.61325, 0.00000, 0.00000, 0.00000, 0.00000,2277.93433,-2.97591, 0.00810, 0.06839, 9.72843, 1.00000,2277.93433,-2.97591, 0.00810, 0.06839,
 0.40000, 0.00000, 0.00000,9843.00000, 0.00000, 6.61325, 0.00000,394.00000, 6.61325, 0.00000, 0.00000, 0.00000, 0.00000,2277.93433,-2.97591, 0.00810, 0.06839, 9.72843, 1.00000,2277.93433,-2.97591, 0.00810, 0.06839,
 0.50000, 0.00000, 0.00000,9843.00000, 0.00000, 6.61325, 0.00000,394.00000, 6.61325, 0.00000, 0.00000, 0.00000, 0.00000,2277.93433,-2.97591, 0.00810, 0.06839, 9.72843, 1.00000,2277.93433,-2.97591, 0.00810, 0.06839,
 0.60000, 0.00000, 0.00000,9843.00000, 0.00000, 6.61325, 0.00000,394.00000, 6.61325, 0.00000, 0.00000, 0.00000, 0.00000,2277.93433,-2.97591, 0.00810, 0.06839, 9.72843, 1.00000,2277.93433,-2.97591, 0.00810, 0.06839,
 0.70000, 0.00000, 0.00000,9843.00000, 0.00000, 6.61325, 0.00000,394.00000, 6.61325, 0.00000, 0.00000, 0.00000, 0.00000,2277.93433,-2.97591, 0.00810, 0.06839, 9.72843, 1.00000,2277.93433,-2.97591, 0.00810, 0.06839,
 0.80000, 0.00000, 0.00000,9843.00000, 0.00000, 6.61325, 0.00000,394.00000, 6.61325, 0.00000, 0.00000, 0.00000, 0.00000,2277.93433,-2.97591, 0.00810, 0.06839, 9.72843, 1.00000,2277.93433,-2.97591, 0.00810, 0.06839,
 0.90000, 0.00000, 0.00000,9843.00000, 0.00000, 6.61325, 0.00000,394.00000, 6.61325, 0.00000, 0.00000, 0.00000, 0.00000,2277.93433,-2.97591, 0.00810, 0.06839, 9.72843, 1.00000,2277.93433,-2.97591, 0.00810, 0.06839,
 1.00000, 0.00000, 0.00000,9843.00000, 0.00000, 6.61325, 0.00000,394.00000, 6.61325, 0.00000, 0.00000, 0.00000, 0.00000,2277.93433,-2.97591, 0.00810, 0.06839, 9.72843, 1.00000,2277.93433,-2.97591, 0.00810, 0.06839,
 1.10000, 0.00000, 0.00000,9843.00000, 0.00000, 6.61325, 0.00000,394.00000, 6.61325, 0.00000, 0.00000, 0.00000, 0.00000,2277.93433,-2.97591, 0.00810, 0.06839, 9.72843, 1.00000,2277.93433,-2.97591, 0.00810, 0.06839,
 1.20000, 0.00000, 0.00000,9843.00000, 0.00000, 6.61325, 0.00000,394.00000, 6.61325, 0.00000, 0.00000, 0.00000, 0.00000,2277.93433,-2.97591, 0.00810, 0.06839, 9.72843, 1.00000,2277.93433,-2.97591, 0.00810, 0.06839,
 1.30000, 0.00000, 0.00000,9843.00000, 0.00000, 6.61325, 0.00000,394.00000, 6.61325, 0.00000, 0.00000, 0.00000, 0.00000,2277.93433,-2.97591, 0.00810, 0.06839, 9.72843, 1.00000,2277.93433,-2.97591, 0.00810, 0.06839,
 1.40000, 0.00000, 0.00000,9843.00000, 0.00000, 6.61325, 0.00000,394.00000, 6.61325, 0.00000, 0.00000, 0.00000, 0.00000,2277.93433,-2.97591, 0.00810, 0.06839, 9.72843, 1.00000,2277.93433,-2.97591, 0.00810, 0.06839,
 1.50000, 0.00000, 0.00000,9843.00000, 0.00000, 6.61325, 0.00000,394.00000, 6.61325, 0.00000, 0.00000, 0.00000, 0.00000,2277.93433,-2.97591, 0.00810, 0.06839, 9.72843, 1.00000,2277.93433,-2.97591, 0.00810, 0.06839,
 1.60000, 0.00000, 0.00000,9843.00000, 0.00000, 6.61325, 0.00000,394.00000, 6.61325, 0.00000, 0.00000, 0.00000, 0.00000,2277.93433,-2.97591, 0.00810, 0.06839, 9.72843, 1.00000,2277.93433,-2.97591, 0.00810, 0.06839,
 1.70000, 0.00000, 0.00000,9843.00000, 0.00000, 6.61325, 0.00000,394.00000, 6.61325, 0.00000, 0.00000, 0.00000, 0.00000,2277.93433,-2.97591, 0.00810, 0.06839, 9.72843, 1.00000,2277.93433,-2.97591, 0.00810, 0.06839,
 1.80000, 0.00000, 0.00000,9843.00000, 0.00000, 6.61325, 0.00000,394.00000, 6.61325, 0.00000, 0.00000, 0.00000, 0.00000,2277.93433,-2.97591, 0.00810, 0.06839, 9.72843, 1.00000,2277.93433,-2.97591, 0.00810, 0.06839,
 1.90000, 0.00000, 0.00000,9843.00000, 0.00000, 6.61325, 0.00000,394.00000, 6.61325, 0.00000, 0.00000, 0.00000, 0.00000,2277.93433,-2.97591, 0.00810, 0.06839, 9.72843, 1.00000,2277.93433,-2.97591, 0.00810, 0.06839,
 2.00000, 0.00000, 0.00000,9843.00000, 0.00000, 6.61325, 0.00000,394.00000, 6.61325, 0.00000, 0.00000, 0.00000, 0.00000,2277.93433,-2.97591, 0.00810, 0.06839, 9.72843, 1.00000,2277.93433,-2.97591, 0.00810, 0.06839,
 2.10000, 0.00000, 0.00000,9843.00000, 0.00000, 6.61325, 0.00000,394.00000, 6.61325, 0.00000, 0.00000, 0.00000, 0.00000,2277.93433,-2.97591, 0.00810, 0.06839, 9.72843, 1.00000,2277.93433,-2.97591, 0.00810, 0.06839,
 2.20000, 0.00000, 0.00000,9843.00000, 0.00000, 6.61325, 0.00000,394.00000, 6.61325, 0.00000, 0.00000, 0.00000, 0.00000,2277.93433,-2.97591, 0.00810, 0.06839, 9.72843, 1.00000,2277.93433,-2.97591, 0.00810, 0.06839,
 2.30000, 0.00000, 0.00000,9843.00000, 0.00000, 6.61325, 0.00000,394.00000, 6.61325, 0.00000, 0.00000, 0.00000, 0.00000,2277.93433,-2.97591, 0.00810, 0.06839, 9.72843, 1.00000,2277.93433,-2.97591, 0.00810, 0.06839,
 2.40000, 0.00000, 0.00000,9843.00000, 0.00000, 6.61325, 0.00000,394.00000, 6.61325, 0.00000, 0.00000, 0.00000, 0.00000,2277.93433,-2.97591, 0.00810, 0.06839, 9.72843, 1.00000,2277.93433,-2.97591, 0.00810, 0.06839,
 2.50000, 0.00000, 0.00000,9843.00000, 0.00000, 6.61325, 0.00000,394.00000, 6.61325, 0.00000, 0.00000, 0.00000, 0.00000,2277.93433,-2.97591, 0.00810, 0.06839, 9.72843, 1.00000,2277.93433,-2.97591, 0.00810, 0.06839,
 2.60000, 0.00000, 0.00000,9843.00000, 0.00000, 6.61325, 0.00000,394.00000, 6.61325, 0.00000, 0.00000, 0.00000, 0.00000,2277.93433,-2.97591, 0.00810, 0.06839, 9.72843, 1.00000,2277.93433,-2.97591, 0.00810, 0.06839,
 2.70000, 0.00000, 0.00000,9843.00000, 0.00000, 6.61325, 0.00000,394.00000, 6.61325, 0.00000, 0.00000, 0.00000, 0.00000,2277.93433,-2.97591, 0.00810, 0.06839, 9.72843, 1.00000,2277.93433,-2.97591, 0.00810, 0.06839,
 2.80000, 0.00000, 0.00000,9843.00000, 0.00000, 6.61325, 0.00000,394.00000, 6.61325, 0.00000, 0.00000, 0.00000, 0.00000,2277.93433,-2.97591, 0.00810, 0.06839, 9.72843, 1.00000,2277.93433,-2.97591, 0.00810, 0.06839,
 2.90000, 0.00000, 0.00000,9843.00000, 0.00000, 6.61325, 0.00000,394.00000, 6.61325, 0.00000, 0.00000, 0.00000, 0.00000,2277.93433,-2.97591, 0.00810, 0.06839, 9.72843, 1.00000,2277.93433,-2.97591, 0.00810, 0.06839,
 3.00000, 0.00000, 0.00000,9843.00000, 0.00000, 6.61325, 0.00000,394.00000, 6.61325, 0.00000, 0.00000, 0.00000, 0.00000,2277.93433,-2.97591, 0.00810, 0.06839, 9.72843, 1.00000,2277.93433,-2.97591, 0.00810, 0.06839,
 3.10000, 0.00000, 0.00000,9843.00000, 0.00000, 6.61325, 0.00000,394.00000, 6.61325, 0.00000, 0.00000, 0.00000, 0.00000,2277.93433,-2.97591, 0.00810, 0.06839, 9.72843, 1.00000,2277.93433,-2.97591, 0.00810, 0.06839,
 3.20000, 0.00000, 0.00000,9843.00000, 0.00000, 6.61325, 0.00000,394.00000, 6.61325, 0.00000, 0.00000, 0.00000, 0.00000,2277.93433,-2.97591, 0.00810, 0.06839, 9.72843, 1.00000,2277.93433,-2.97591, 0.00810, 0.06839,
 3.30000, 0.00000, 0.00000,9843.00000, 0.00000, 6.61325, 0.00000,394.00000, 6.61325, 0.00000, 0.00000, 0.00000, 0.00000,2277.93433,-2.97591, 0.00810, 0.06839, 9.72843, 1.00000,2277.93433,-2.97591, 0.00810, 0.06839,
 3.40000, 0.00000, 0.00000,9843.00000, 0.00000, 6.61325, 0.00000,394.00000, 6.61325, 0.00000, 0.00000, 0.00000, 0.00000,2277.93433,-2.97591, 0.00810, 0.06839, 9.72843, 1.00000,2277.93433,-2.97591, 0.00810, 0.06839,
 3.50000, 0.00000, 0.00000,9843.00000, 0.00000, 6.61325, 0.00000,394.00000, 6.61325, 0.00000, 0.00000, 0.00000, 0.00000,2277.93433,-2.97591, 0.00810, 0.06839, 9.72843, 1.00000,2277.93433,-2.97591, 0.00810, 0.06839,
 3.60000, 0.00000, 0.00000,9843.00000, 0.00000, 6.61325, 0.00000,394.00000, 6.61325, 0.00000, 0.00000, 0.00000, 0.00000,2277.93433,-2.97591, 0.00810, 0.06839, 9.72843, 1.00000,2277.93433,-2.97591, 0.00810, 0.06839,
 3.70000, 0.00000, 0.00000,9843.00000, 0.00000, 6.61325, 0.00000,394.00000, 6.61325, 0.00000, 0.00000, 0.00000, 0.00000,2277.93433,-2.97591, 0.00810, 0.06839, 9.72843, 1.00000,2277.93433,-2.97591, 0.00810, 0.06839,
 3.80000, 0.00000, 0.00000,9843.00000, 0.00000, 6.61325, 0.00000,394.00000, 6.61325, 0.00000, 0.00000, 0.00000, 0.00000,2277.93433,-2.97591, 0.00810, 0.06839, 9.72843, 1.00000,2277.93433,-2.97591, 0.00810, 0.06839,
 3.90000, 0.00000, 0.00000,9843.00000, 0.00000, 6.61325, 0.00000,394.00000, 6.61325, 0.00000, 0.00000, 0.00000, 0.00000,2277.93433,-2.97591, 0.00810, 0.06839, 9.72843, 1.00000,2277.93433,-2.97591, 0.00810, 0.06839,
 4.00000, 0.00000, 0.00000,9843.00000, 0.00000, 6.61325, 0.00000,394.00000, 6.61325, 0.00000, 0.00000, 0.00000, 0.00000,2277.93433,-2.97591, 0.00810, 0.06839, 9.72843, 1.00000,2277.93433,-2.97591, 0.00810, 0.06839,
 4.10000, 0.00000, 0.00000,9843.00000, 0.00000, 6.61325, 0.00000,394.00000, 6.61325, 0.00000, 0.00000, 0.00000, 0.00000,2277.93433,-2.97591, 0.00810, 0.06839, 9.72843, 1.00000,2277.93433,-2.97591, 0.00810, 0.06839,
 4.20000, 0.00000, 0.00000,9843.00000, 0.00000, 6.61325, 0.00000,394.00000, 6.61325, 0.00000, 0.00000, 0.00000, 0.00000,2277.93433,-2.97591, 0.00810, 0.06839, 9.72843, 1.00000,2277.93433,-2.97591, 0.00810, 0.06839,
 4.30000, 0.00000, 0.00000,9843.00000, 0.00000, 6.61325, 0.00000,394.00000, 6.61325, 0.00000, 0.00000, 0.00000, 0.00000,2277.93433,-2.97591, 0.00810, 0.06839, 9.72843, 1.00000,2277.93433,-2.97591, 0.00810, 0.06839,
 4.40000, 0.00000, 0.00000,9843.00000, 0.00000, 6.61325, 0.00000,394.00000, 6.61325, 0.00000, 0.00000, 0.00000, 0.00000,2277.93433,-2.97591, 0.00810, 0.06839, 9.72843, 1.00000,2277.93433,-2.97591, 0.00810, 0.06839,
 4.50000, 0.00000, 0.00000,9843.00000, 0.00000, 6.61325, 0.00000,394.00000, 6.61325, 0.00000, 0.00000, 0.00000, 0.00000,2277.93433,-2.97591, 0.00810, 0.06839, 9.72843, 1.00000,2277.93433,-2.97591, 0.00810, 0.06839,
 4.60000, 0.00000, 0.00000,9843.00000, 0.00000, 6.61325, 0.00000,394.00000, 6.61325, 0.00000, 0.00000, 0.00000, 0.00000,2277.93433,-2.97591, 0.00810, 0.06839, 9.72843, 1.00000,2277.93433,-2.97591, 0.00810, 0.06839,
 4.70000, 0.00000, 0.00000,9843.00000, 0.00000, 6.61325, 0.00000,394.00000, 6.61325, 0.00000, 0.00000, 0.00000, 0.00000,2277.93433,-2.97591, 0.00810, 0.06839, 9.72843, 1.00000,2277.93433,-2.97591, 0.00810, 0.06839,
 4.80000, 0.00000, 0.00000,9843.00000, 0.00000, 6.61325, 0.00000,394.00000, 6.61325, 0.00000, 0.00000, 0.00000, 0.00000,2277.93433,-2.97591, 0.00810, 0.06839, 9.72843, 1.00000,2277.93433,-2.97591, 0.00810, 0.06839,
 4.90000, 0.00000, 0.00000,9843.00000, 0.00000, 6.61325, 0.00000,394.00000, 6.61325, 0.00000, 0.00000, 0.00000, 0.00000,2277.93433,-2.97591, 0.00810, 0.06839, 9.72843, 1.00000,2277.93433,-2.97591, 0.00810, 0.06839,
 5.00000, 0.00000, 0.00000,9843.00000, 0.00000, 6.61325, 0.00000,394.00000, 6.61325, 0.00000, 0.00000, 0.00000, 0.00000,2277.93433,-2.97591, 0.00810, 0.06839, 9.72843, 1.00000,2277.93433,-2.97591, 0.00810, 0.06839,
 5.10000, 0.00000, 0.00000,9843.00000, 0.00000, 6.61325, 0.00000,394.00000, 6.61325, 0.00000, 0.00000, 0.00000, 0.00000,2277.93433,-2.97591, 0.00810, 0.06839, 9.72843, 1.00000,2277.93433,-2.97591, 0.00810, 0.06839,
 5.20000, 0.00000, 0.00000,9843.00000, 0.00000, 6.61325, 0.00000,394.00000, 6.61325, 0.00000, 0.00000, 0.00000, 0.00000,2277.93433,-2.97591, 0.00810, 0.06839, 9.72843, 1.00000,2277.93433,-2.97591, 0.00810, 0.06839,
 5.30000, 0.00000, 0.00000,9843.00000, 0.00000, 6.61325, 0.00000,394.00000, 6.61325, 0.00000, 0.00000, 0.00000, 0.00000,2277.93433,-2.97591, 0.00810, 0.06839, 9.72843, 1.00000,2277.93433,-2.97591, 0.00810, 0.06839,
 5.40000, 0.00000, 0.00000,9843.00000, 0.00000, 6.61325, 0.00000,394.00000, 6.61325, 0.00000, 0.00000, 0.00000, 0.00000,2277.93433,-2.97591, 0.00810, 0.06839, 9.72843, 1.00000,2277.93433,-2.97591, 0.00810, 0.06839,
 5.50000, 0.00000, 0.00000,9843.00000, 0.00000, 6.61325, 0.00000,394.00000, 6.61325, 0.00000, 0.00000, 0.00000, 0.00000,2277.93433,-2.97591, 0.00810, 0.06839, 9.72843, 1.00000,2277.93433,-2.97591, 0.00810, 0.06839,
 5.60000, 0.00000, 0.00000,9843.00000, 0.00000, 6.61325, 0.00000,394.00000, 6.61325, 0.00000, 0.00000, 0.00000, 0.00000,2277.93433,-2.97591, 0.00810, 0.06839, 9.72843, 1.00000,2277.93433,-2.97591, 0.00810, 0.06839,
 5.70000, 0.00000, 0.00000,9843.00000, 0.00000, 6.61325, 0.00000,394.00000, 6.61325, 0.00000, 0.00000, 0.00000, 0.00000,2277.93433,-2.97591, 0.00810, 0.06839, 9.72843, 1.00000,2277.93433,-2.97591, 0.00810, 0.06839,
 5.80000, 0.00000, 0.00000,9843.00000, 0.00000, 6.61325, 0.00000,394.00000, 6.61325, 0.00000, 0.00000, 0.00000, 0.00000,2277.93433,-2.97591, 0.00810, 0.06839, 9.72843, 1.00000,2277.93433,-2.97591, 0.00810, 0.06839,
 5.90000, 0.00000, 0.00000,9843.00000, 0.00000, 6.61325, 0.00000,394.00000, 6.61325, 0.00000, 0.00000, 0.00000, 0.00000,2277.93433,-2.97591, 0.00810, 0.06839, 9.72843, 1.00000,2277.93433,-2.97591, 0.00810, 0.06839,
 6.00000, 0.00000, 0.00000,9843.00000, 0.00000, 6.61325, 0.00000,394.00000, 6.61325, 0.00000, 0.00000, 0.00000, 0.00000,2277.93433,-2.97591, 0.00810, 0.06839, 9.72843, 1.00000,2277.93433,-2.97591, 0.00810, 0.06839,
 6.10000, 0.00000, 0.00000,9843.00000, 0.00000, 6.61325, 0.00000,394.00000, 6.61325, 0.00000, 0.00000, 0.00000, 0.00000,2277.93433,-2.97591, 0.00810, 0.06839, 9.72843, 1.00000,2277.93433,-2.97591, 0.00810, 0.06839,
 6.20000, 0.00000, 0.00000,9843.00000, 0.00000, 6.61325, 0.00000,394.00000, 6.61325, 0.00000, 0.00000, 0.00000, 0.00000,2277.93433,-2.97591, 0.00810, 0.06839, 9.72843, 1.00000,2277.93433,-2.97591, 0.00810, 0.06839,
 6.30000, 0.00000, 0.00000,9843.00000, 0.00000, 6.61325, 0.00000,394.00000, 6.61325, 0.00000, 0.00000, 0.00000, 0.00000,2277.93433,-2.97591, 0.00810, 0.06839, 9.72843, 1.00000,2277.93433,-2.97591, 0.00810, 0.06839,
 6.40000, 0.00000, 0.00000,9843.00000, 0.00000, 6.61325, 0.00000,394.00000, 6.61325, 0.00000, 0.00000, 0.00000, 0.00000,2277.93433,-2.97591, 0.00810, 0.06839, 9.72843, 1.00000,2277.93433,-2.97591, 0.00810, 0.06839,
 6.50000, 0.00000, 0.00000,9843.00000, 0.00000, 6.61325, 0.00000,394.00000, 6.61325, 0.00000, 0.00000, 0.00000, 0.00000,2277.93433,-2.97591, 0.00810, 0.06839, 9.72843, 1.00000,2277.93433,-2.97591, 0.00810, 0.06839,
 6.60000, 0.00000, 0.00000,9843.00000, 0.00000, 6.61325, 0.00000,394.00000, 6.61325, 0.00000, 0.00000, 0.00000, 0.00000,2277.93433,-2.97591, 0.00810, 0.06839, 9.72843, 1.00000,2277.93433,-2.97591, 0.00810, 0.06839,
 6.70000, 0.00000, 0.00000,9843.00000, 0.00000, 6.61325, 0.00000,394.00000, 6.61325, 0.00000, 0.00000, 0.00000, 0.00000,2277.93433,-2.97591, 0.00810, 0.06839, 9.72843, 1.00000,2277.93433,-2.97591, 0.00810, 0.06839,
 6.80000, 0.00000, 0.00000,9843.00000, 0.00000, 6.61325, 0.00000,394.00000, 6.61325, 0.00000, 0.00000, 0.00000, 0.00000,2277.93433,-2.97591, 0.00810, 0.06839, 9.72843, 1.00000,2277.93433,-2.97591, 0.00810, 0.06839,
 6.90000, 0.00000, 0.00000,9843.00000, 0.00000, 6.61325, 0.00000,394.00000, 6.61325, 0.00000, 0.00000, 0.00000, 0.00000,2277.93433,-2.97591, 0.00810, 0.06839, 9.72843, 1.00000,2277.93433,-2.97591, 0.00810, 0.06839,
 7.00000, 0.00000, 0.00000,9843.00000, 0.00000, 6.61325, 0.00000,394.00000, 6.61325, 0.00000, 0.00000, 0.00000, 0.00000,2277.93433,-2.97591, 0.00810, 0.06839, 9.72843, 1.00000,2277.93433,-2.97591, 0.00810, 0.06839,
 7.10000, 0.00000, 0.00000,9843.00000, 0.00000, 6.61325, 0.00000,394.00000, 6.61325, 0.00000, 0.00000, 0.00000, 0.00000,2277.93433,-2.97591, 0.00810, 0.06839, 9.72843, 1.00000,2277.93433,-2.97591, 0.00810, 0.06839,
 7.20000, 0.00000, 0.00000,9843.00000, 0.00000, 6.61325, 0.00000,394.00000, 6.61325, 0.00000, 0.00000, 0.00000, 0.00000,2277.93433,-2.97591, 0.00810, 0.06839, 9.72843, 1.00000,2277.93433,-2.97591, 0.00810, 0.06839,
 7.30000, 0.00000, 0.00000,9843.00000, 0.00000, 6.61325, 0.00000,394.00000, 6.61325, 0.00000, 0.00000, 0.00000, 0.00000,2277.93433,-2.97591, 0.00810, 0.06839, 9.72843, 1.00000,2277.93433,-2.97591, 0.00810, 0.06839,
 7.40000, 0.00000, 0.00000,9843.00000, 0.00000, 6.61325, 0.00000,394.00000, 6.61325, 0.00000, 0.00000, 0.00000, 0.00000,2277.93433,-2.97591, 0.00810, 0.06839, 9.72843, 1.00000,2277.93433,-2.97591, 0.00810, 0.06839,
 7.50000, 0.00000, 0.00000,9843.00000, 0.00000, 6.61325, 0.00000,394.00000, 6.61325, 0.00000, 0.00000, 0.00000, 0.00000,2277.93433,-2.97591, 0.00810, 0.06839, 9.72843, 1.00000,2277.93433,-2.97591, 0.00810, 0.06839,
 7.60000, 0.00000, 0.00000,9843.00000, 0.00000, 6.61325, 0.00000,394.00000, 6.61325, 0.00000, 0.00000, 0.00000, 0.00000,2277.93433,-2.97591, 0.00810, 0.06839, 9.72843, 1.00000,2277.93433,-2.97591, 0.00810, 0.06839,
 7.70000, 0.00000, 0.00000,9843.00000, 0.00000, 6.61325, 0.00000,394.00000, 6.61325, 0.00000, 0.00000, 0.00000, 0.00000,2277.93433,-2.97591, 0.00810, 0.06839, 9.72843, 1.00000,2277.93433,-2.97591, 0.00810, 0.06839,
 7.80000, 0.00000, 0.00000,9843.00000, 0.00000, 6.61325, 0.00000,394.00000, 6.61325, 0.00000, 0.00000, 0.00000, 0.00000,2277.93433,-2.97591, 0.00810, 0.06839, 9.72843, 1.00000,2277.93433,-2.97591, 0.00810, 0.06839,
 7.90000, 0.00000, 0.00000,9843.00000, 0.00000, 6.61325, 0.00000,394.00000, 6.61325, 0.00000, 0.00000, 0.00000, 0.00000,2277.93433,-2.97591, 0.00810, 0.06839, 9.72843, 1.00000,2277.93433,-2.97591, 0.00810, 0.06839,
 8.00000, 0.00000, 0.00000,9843.00000, 0.00000, 6.61325, 0.00000,394.00000, 6.61325, 0.00000, 0.00000, 0.00000, 0.00000,2277.93433,-2.97591, 0.00810, 0.06839, 9.72843, 1.00000,2277.93433,-2.97591, 0.00810, 0.06839,
 8.10000, 0.00000, 0.00000,9843.00000, 0.00000, 6.61325, 0.00000,394.00000, 6.61325, 0.00000, 0.00000, 0.00000, 0.00000,2277.93433,-2.97591, 0.00810, 0.06839, 9.72843, 1.00000,2277.93433,-2.97591, 0.00810, 0.06839,
 8.20000, 0.00000, 0.00000,9843.00000, 0.00000, 6.61325, 0.00000,394.00000, 6.61325, 0.00000, 0.00000, 0.00000, 0.00000,2277.93433,-2.97591, 0.00810, 0.06839, 9.72843, 1.00000,2277.93433,-2.97591, 0.00810, 0.06839,
 8.30000, 0.00000, 0.00000,9843.00000, 0.00000, 6.61325, 0.00000,394.00000, 6.61325, 0.00000, 0.00000, 0.00000, 0.00000,2277.93433,-2.97591, 0.00810, 0.06839, 9.72843, 1.00000,2277.93433,-2.97591, 0.00810, 0.06839,
 8.40000, 0.00000, 0.00000,9843.00000, 0.00000, 6.61325, 0.00000,394.00000, 6.61325, 0.00000, 0.00000, 0.00000, 0.00000,2277.93433,-2.97591, 0.00810, 0.06839, 9.72843, 1.00000,2277.93433,-2.97591, 0.00810, 0.06839,
 8.50000, 0.00000, 0.00000,9843.00000, 0.00000, 6.61325, 0.00000,394.00000, 6.61325, 0.00000, 0.00000, 0.00000, 0.00000,2277.93433,-2.97591, 0.00810, 0.06839, 9.72843, 1.00000,2277.93433,-2.97591, 0.00810, 0.06839,
 8.60000, 0.00000, 0.00000,9843.00000, 0.00000, 6.61325, 0.00000,394.00000, 6.61325, 0.00000, 0.00000, 0.00000, 0.00000,2277.93433,-2.97591, 0.00810, 0.06839, 9.72843, 1.00000,2277.93433,-2.97591, 0.00810, 0.06839,
 8.70000, 0.00000, 0.00000,9843.00000, 0.00000, 6.61325, 0.00000,394.00000, 6.61325, 0.00000, 0.00000, 0.00000, 0.00000,2277.93433,-2.97591, 0.00810, 0.06839, 9.72843, 1.00000,2277.93433,-2.97591, 0.00810, 0.06839,
 8.80000, 0.00000, 0.00000,9843.00000, 0.00000, 6.61325, 0.00000,394.00000, 6.61325, 0.00000, 0.00000, 0.00000, 0.00000,2277.93433,-2.97591, 0.00810, 0.06839, 9.72843, 1.00000,2277.93433,-2.97591, 0.00810, 0.06839,
 8.90000, 0.00000, 0.00000,9843.00000, 0.00000, 6.61325, 0.00000,394.00000, 6.61325, 0.00000, 0.00000, 0.00000, 0.00000,2277.93433,-2.97591, 0.00810, 0.06839, 9.72843, 1.00000,2277.93433,-2.97591, 0.00810, 0.06839,
 9.00000, 0.00000, 0.00000,9843.00000, 0.00000, 6.61325, 0.00000,394.00000, 6.61325, 0.00000, 0.00000, 0.00000, 0.00000,2277.93433,-2.97591, 0.00810, 0.06839, 9.72843, 1.00000,2277.93433,-2.97591, 0.00810, 0.06839,
 9.10000, 0.00000, 0.00000,9843.00000, 0.00000, 6.61325, 0.00000,394.00000, 6.61325, 0.00000, 0.00000, 0.00000, 0.00000,2277.93433,-2.97591, 0.00810, 0.06839, 9.72843, 1.00000,2277.93433,-2.97591, 0.00810, 0.06839,
 9.20000, 0.00000, 0.00000,9843.00000, 0.00000, 6.61325, 0.00000,394.00000, 6.61325, 0.00000, 0.00000, 0.00000, 0.00000,2277.93433,-2.97591, 0.00810, 0.06839, 9.72843, 1.00000,2277.93433,-2.97591, 0.00810, 0.06839,
 9.30000, 0.00000, 0.00000,9843.00000, 0.00000, 6.61325, 0.00000,394.00000, 6.61325, 0.00000, 0.00000, 0.00000, 0.00000,2277.93433,-2.97591, 0.00810, 0.06839, 9.72843, 1.00000,2277.93433,-2.97591, 0.00810, 0.06839,
 9.40000, 0.00000, 0.00000,9843.00000, 0.00000, 6.61325, 0.00000,394.00000, 6.61325, 0.00000, 0.00000, 0.00000, 0.00000,2277.93433,-2.97591, 0.00810, 0.06839, 9.72843, 1.00000,2277.93433,-2.97591, 0.00810, 0.06839,
 9.50000, 0.00000, 0.00000,9843.00000, 0.00000, 6.61325, 0.00000,394.00000, 6.61325, 0.00000, 0.00000, 0.00000, 0.00000,2277.93433,-2.97591, 0.00810, 0.06839, 9.72843, 1.00000,2277.93433,-2.97591, 0.00810, 0.06839,
 9.60000, 0.00000, 0.00000,9843.00000, 0.00000, 6.61325, 0.00000,394.00000, 6.61325, 0.00000, 0.00000, 0.00000, 0.00000,2277.93433,-2.97591, 0.00810, 0.06839, 9.72843, 1.00000,2277.93433,-2.97591, 0.00810, 0.06839,
 9.70000, 0.00000, 0.00000,9843.00000, 0.00000, 6.61325, 0.00000,394.00000, 6.61325, 0.00000, 0.00000, 0.00000, 0.00000,2277.93433,-2.97591, 0.00810, 0.06839, 9.72843, 1.00000,2277.93433,-2.97591, 0.00810, 0.06839,
 9.80000, 0.00000, 0.00000,9843.00000, 0.00000, 6.61325, 0.00000,394.00000, 6.61325, 0.00000, 0.00000, 0.00000, 0.00000,2277.93433,-2.97591, 0.00810, 0.06839, 9.72843, 1.00000,2277.93433,-2.97591, 0.00810, 0.06839,
 9.90000, 0.00000, 0.00000,9843.00000, 0.00000, 6.61325, 0.00000,394.00000, 6.61325, 0.00000, 0.00000, 0.00000, 0.00000,2277.93433,-2.97591, 0.00810, 0.06839, 9.72843, 1.00000,2277.93433,-2.97591, 0.00810, 0.06839,
10.00000, 0.00000, 0.00000,9843.00000, 0.00000, 6.61325, 0.00000,394.00000, 6.61325, 0.00000, 0.00000, 0.00000, 0.00000,2277.93433,-2.97591, 0.00810, 0.06839, 9.72843, 1.00000,2277.93433,-2.97591, 0.00810, 0.06839,
10.10000, 0.00000, 0.00000,9843.00000, 0.00000, 6.61325, 0.00000,394.00000, 6.61325, 0.00000, 0.00000, 0.00000, 0.00000,2277.93433,-2.97591, 0.00810, 0.06839, 9.72843, 1.00000,2277.93433,-2.97591, 0.00810, 0.06839,
10.20000, 0.00000, 0.00000,9843.00000, 0.00000, 6.61325, 0.00000,394.00000, 6.61325, 0.00000, 0.00000, 0.00000, 0.00000,2277.93433,-2.97591, 0.00810, 0.06839, 9.72843, 1.00000,2277.93433,-2.97591, 0.00810, 0.06839,
10.30000, 0.00000, 0.00000,9843.00000, 0.00000, 6.61325, 0.00000,394.00000, 6.61325, 0.00000, 0.00000, 0.00000, 0.00000,2277.93433,-2.97591, 0.00810, 0.06839, 9.72843, 1.00000,2277.93433,-2.97591, 0.00810, 0.06839,
10.40000, 0.00000, 0.00000,9843.00000, 0.00000, 6.61325, 0.00000,394.00000, 6.61325, 0.00000, 0.00000, 0.00000, 0.00000,2277.93433,-2.97591, 0.00810, 0.06839, 9.72843, 1.00000,2277.93433,-2.97591, 0.00810, 0.06839,
10.50000, 0.00000, 0.00000,9843.00000, 0.00000, 6.61325, 0.00000,394.00000, 6.61325, 0.00000, 0.00000, 0.00000, 0.00000,2277.93433,-2.97591, 0.00810, 0.06839, 9.72843, 1.00000,2277.93433,-2.97591, 0.00810, 0.06839,
10.60000, 0.00000, 0.00000,9843.00000, 0.00000, 6.61325, 0.00000,394.00000, 6.61325, 0.00000, 0.00000, 0.00000, 0.00000,2277.93433,-2.97591, 0.00810, 0.06839, 9.72843, 1.00000,2277.93433,-2.97591, 0.00810, 0.06839,
10.70000, 0.00000, 0.00000,9843.00000, 0.00000, 6.61325, 0.00000,394.00000, 6.61325, 0.00000, 0.00000, 0.00000, 0.00000,2277.93433,-2.97591, 0.00810, 0.06839, 9.72843, 1.00000,2277.93433,-2.97591, 0.00810, 0.06839,
10.80000, 0.00000, 0.00000,9843.00000, 0.00000, 6.61325, 0.00000,394.00000, 6.61325, 0.00000, 0.00000, 0.00000, 0.00000,2277.93433,-2.97591, 0.00810, 0.06839, 9.72843, 1.00000,2277.93433,-2.97591, 0.00810, 0.06839,
10.90000, 0.00000, 0.00000,9843.00000, 0.00000, 6.61325, 0.00000,394.00000, 6.61325, 0.00000, 0.00000, 0.00000, 0.00000,2277.93433,-2.97591, 0.00810, 0.06839, 9.72843, 1.00000,2277.93433,-2.97591, 0.00810, 0.06839,
11.00000, 0.00000, 0.00000,9843.00000, 0.00000, 6.61325, 0.00000,394.00000, 6.61325, 0.00000, 0.00000, 0.00000, 0.00000,2277.93433,-2.97591, 0.00810, 0.06839, 9.72843, 1.00000,2277.93433,-2.97591, 0.00810, 0.06839,
11.10000, 0.00000, 0.00000,9843.00000, 0.00000, 6.61325, 0.00000,394.00000, 6.61325, 0.00000, 0.00000, 0.00000, 0.00000,2277.93433,-2.97591, 0.00810, 0.06839, 9.72843, 1.00000,2277.93433,-2.97591, 0.00810, 0.06839,
11.20000, 0.00000, 0.00000,9843.00000, 0.00000, 6.61325, 0.00000,394.00000, 6.61325, 0.00000, 0.00000, 0.00000, 0.00000,2277.93433,-2.97591, 0.00810, 0.06839, 9.72843, 1.00000,2277.93433,-2.97591, 0.00810, 0.06839,
11.30000, 0.00000, 0.00000,9843.00000, 0.00000, 6.61325, 0.00000,394.00000, 6.61325, 0.00000, 0.00000, 0.00000, 0.00000,2277.93433,-2.97591, 0.00810, 0.06839, 9.72843, 1.00000,2277.93433,-2.97591, 0.00810, 0.06839,
11.40000, 0.00000, 0.00000,9843.00000, 0.00000, 6.61325, 0.00000,394.00000, 6.61325, 0.00000, 0.00000, 0.00000, 0.00000,2277.93433,-2.97591, 0.00810, 0.06839, 9.72843, 1.00000,2277.93433,-2.97591, 0.00810, 0.06839,
11.50000, 0.00000, 0.00000,9843.00000, 0.00000, 6.61325, 0.00000,394.00000, 6.61325, 0.00000, 0.00000, 0.00000, 0.00000,2277.93433,-2.97591, 0.00810, 0.06839, 9.72843, 1.00000,2277.93433,-2.97591, 0.00810, 0.06839,
11.60000, 0.00000, 0.00000,9843.00000, 0.00000, 6.61325, 0.00000,394.00000, 6.61325, 0.00000, 0.00000, 0.00000, 0.00000,2277.93433,-2.97591, 0.00810, 0.06839, 9.72843, 1.00000,2277.93433,-2.97591, 0.00810, 0.06839,
11.70000, 0.00000, 0.00000,9843.00000, 0.00000, 6.61325, 0.00000,394.00000, 6.61325, 0.00000, 0.00000, 0.00000, 0.00000,2277.93433,-2.97591, 0.00810, 0.06839, 9.72843, 1.00000,2277.93433,-2.97591, 0.00810, 0.06839,
11.80000, 0.00000, 0.00000,9843.00000, 0.00000, 6.61325, 0.00000,394.00000, 6.61325, 0.00000, 0.00000, 0.00000, 0.00000,2277.93433,-2.97591, 0.00810, 0.06839, 9.72843, 1.00000,2277.93433,-2.97591, 0.00810, 0.06839,
11.90000, 0.00000, 0.00000,9843.00000, 0.00000, 6.61325, 0.00000,394.00000, 6.61325, 0.00000, 0.00000, 0.00000, 0.00000,2277.93433,-2.97591, 0.00810, 0.06839, 9.72843, 1.00000,2277.93433,-2.97591, 0.00810, 0.06839,
12.00000, 0.00000, 0.00000,9843.00000, 0.00000, 6.61325, 0.00000,394.00000, 6.61325, 0.00000, 0.00000, 0.00000, 0.00000,2277.93433,-2.97591, 0.00810, 0.06839, 9.72843, 1.00000,2277.93433,-2.97591, 0.00810, 0.06839,
12.10000, 0.00000, 0.00000,9843.00000, 0.00000, 6.61325, 0.00000,394.00000, 6.61325, 0.00000, 0.00000, 0.00000, 0.00000,2277.93433,-2.97591, 0.00810, 0.06839, 9.72843, 1.00000,2277.93433,-2.97591, 0.00810, 0.06839,
12.20000, 0.00000, 0.00000,9843.00000, 0.00000, 6.61325, 0.00000,394.00000, 6.61325, 0.00000, 0.00000, 0.00000, 0.00000,2277.93433,-2.97591, 0.00810, 0.06839, 9.72843, 1.00000,2277.93433,-2.97591, 0.00810, 0.06839,
12.30000, 0.00000, 0.00000,9843.00000, 0.00000, 6.61325, 0.00000,394.00000, 6.61325, 0.00000, 0.00000, 0.00000, 0.00000,2277.93433,-2.97591, 0.00810, 0.06839, 9.72843, 1.00000,2277.93433,-2.97591, 0.00810, 0.06839,
12.40000, 0.00000, 0.00000,9843.00000, 0.00000, 6.61325, 0.00000,394.00000, 6.61325, 0.00000, 0.00000, 0.00000, 0.00000,2277.93433,-2.97591, 0.00810, 0.06839, 9.72843, 1.00000,2277.93433,-2.97591, 0.00810, 0.06839,
12.50000, 0.00000, 0.00000,9843.00000, 0.00000, 6.61325, 0.00000,394.00000, 6.61325, 0.00000, 0.00000, 0.00000, 0.00000,2277.93433,-2.97591, 0.00810, 0.06839, 9.72843, 1.00000,2277.93433,-2.97591, 0.00810, 0.06839,
12.60000, 0.00000, 0.00000,9843.00000, 0.00000, 6.61325, 0.00000,394.00000, 6.61325, 0.00000, 0.00000, 0.00000, 0.00000,2277.93433,-2.97591, 0.00810, 0.06839, 9.72843, 1.00000,2277.93433,-2.97591, 0.00810, 0.06839,
12.70000, 0.00000, 0.00000,9843.00000, 0.00000, 6.61325, 0.00000,394.00000, 6.61325, 0.00000, 0.00000, 0.00000, 0.00000,2277.93433,-2.97591, 0.00810, 0.06839, 9.72843, 1.00000,2277.93433,-2.97591, 0.00810, 0.06839,
12.80000, 0.00000, 0.00000,9843.00000, 0.00000, 6.61325, 0.00000,394.00000, 6.61325, 0.00000, 0.00000, 0.00000, 0.00000,2277.93433,-2.97591, 0.00810, 0.06839, 9.72843, 1.00000,2277.93433,-2.97591, 0.00810, 0.06839,
12.90000, 0.00000, 0.00000,9843.00000, 0.00000, 6.61325, 0.00000,394.00000, 6.61325, 0.00000, 0.00000, 0.00000, 0.00000,2277.93433,-2.97591, 0.00810, 0.06839, 9.72843, 1.00000,2277.93433,-2.97591, 0.00810, 0.06839,
13.00000, 0.00000, 0.00000,9843.00000, 0.00000, 6.61325, 0.00000,394.00000, 6.61325, 0.00000, 0.00000, 0.00000, 0.00000,2277.93433,-2.97591, 0.00810, 0.06839, 9.72843, 1.00000,2277.93433,-2.97591, 0.00810, 0.06839,
13.10000, 0.00000, 0.00000,9843.00000, 0.00000, 6.61325, 0.00000,394.00000, 6.61325, 0.00000, 0.00000, 0.00000, 0.00000,2277.93433,-2.97591, 0.00810, 0.06839, 9.72843, 1.00000,2277.93433,-2.97591, 0.00810, 0.06839,
13.20000, 0.00000, 0.00000,9843.00000, 0.00000, 6.61325, 0.00000,394.00000, 6.61325, 0.00000, 0.00000, 0.00000, 0.00000,2277.93433,-2.97591, 0.00810, 0.06839, 9.72843, 1.00000,2277.93433,-2.97591, 0.00810, 0.06839,
13.30000, 0.00000, 0.00000,9843.00000, 0.00000, 6.61325, 0.00000,394.00000, 6.61325, 0.00000, 0.00000, 0.00000, 0.00000,2277.93433,-2.97591, 0.00810, 0.06839, 9.72843, 1.00000,2277.93433,-2.97591, 0.00810, 0.06839,
13.40000, 0.00000, 0.00000,9843.00000, 0.00000, 6.61325, 0.00000,394.00000, 6.61325, 0.00000, 0.00000, 0.00000, 0.00000,2277.93433,-2.97591, 0.00810, 0.06839, 9.72843, 1.00000,2277.93433,-2.97591, 0.00810, 0.06839,
13.50000, 0.00000, 0.00000,9843.00000, 0.00000, 6.61325, 0.00000,394.00000, 6.61325, 0.00000, 0.00000, 0.00000, 0.00000,2277.93433,-2.97591, 0.00810, 0.06839, 9.72843, 1.00000,2277.93433,-2.97591, 0.00810, 0.06839,
13.60000, 0.00000, 0.00000,9843.00000, 0.00000, 6.61325, 0.00000,394.00000, 6.61325, 0.00000, 0.00000, 0.00000, 0.00000,2277.93433,-2.97591, 0.00810, 0.06839, 9.72843, 1.00000,2277.93433,-2.97591, 0.00810, 0.06839,
13.70000, 0.00000, 0.00000,9843.00000, 0.00000, 6.61325, 0.00000,394.00000, 6.61325, 0.00000, 0.00000, 0.00000, 0.00000,2277.93433,-2.97591, 0.00810, 0.06839, 9.72843, 1.00000,2277.93433,-2.97591, 0.00810, 0.06839,
13.80000, 0.00000, 0.00000,9843.00000, 0.00000, 6.61325, 0.00000,394.00000, 6.61325, 0.00000, 0.00000, 0.00000, 0.00000,2277.93433,-2.97591, 0.00810, 0.06839, 9.72843, 1.00000,2277.93433,-2.97591, 0.00810, 0.06839,
13.90000, 0.00000, 0.00000,9843.00000, 0.00000, 6.61325, 0.00000,394.00000, 6.61325, 0.00000, 0.00000, 0.00000, 0.00000,2277.93433,-2.97591, 0.00810, 0.06839, 9.72843, 1.00000,2277.93433,-2.97591, 0.00810, 0.06839,
14.00000, 0.00000, 0.00000,9843.00000, 0.00000, 6.61325, 0.00000,394.00000, 6.61325, 0.00000, 0.00000, 0.00000, 0.00000,2277.93433,-2.97591, 0.00810, 0.06839, 9.72843, 1.00000,2277.93433,-2.97591, 0.00810, 0.06839,
14.10000, 0.00000, 0.00000,9843.00000, 0.00000, 6.61325, 0.00000,394.00000, 6.61325, 0.00000, 0.00000, 0.00000, 0.00000,2277.93433,-2.97591, 0.00810, 0.06839, 9.72843, 1.00000,2277.93433,-2.97591, 0.00810, 0.06839,
14.20000, 0.00000, 0.00000,9843.00000, 0.00000, 6.61325, 0.00000,394.00000, 6.61325, 0.00000, 0.00000, 0.00000, 0.00000,2277.93433,-2.97591, 0.00810, 0.06839, 9.72843, 1.00000,2277.93433,-2.97591, 0.00810, 0.06839,
14.30000, 0.00000, 0.00000,9843.00000, 0.00000, 6.61325, 0.00000,394.00000, 6.61325, 0.00000, 0.00000, 0.00000, 0.00000,2277.93433,-2.97591, 0.00810, 0.06839, 9.72843, 1.00000,2277.93433,-2.97591, 0.00810, 0.06839,
14.40000, 0.00000, 0.00000,9843.00000, 0.00000, 6.61325, 0.00000,394.00000, 6.61325, 0.00000, 0.00000, 0.00000, 0.00000,2277.93433,-2.97591, 0.00810, 0.06839, 9.72843, 1.00000,2277.93433,-2.97591, 0.00810, 0.06839,
14.50000, 0.00000, 0.00000,9843.00000, 0.00000, 6.61325, 0.00000,394.00000, 6.61325, 0.00000, 0.00000, 0.00000, 0.00000,2277.93433,-2.97591, 0.00810, 0.06839, 9.72843, 1.00000,2277.93433,-2.97591, 0.00810, 0.06839,
14.60000, 0.00000, 0.00000,9843.00000, 0.00000, 6.61325, 0.00000,394.00000, 6.61325, 0.00000, 0.00000, 0.00000, 0.00000,2277.93433,-2.97591, 0.00810, 0.06839, 9.72843, 1.00000,2277.93433,-2.97591, 0.00810, 0.06839,
14.70000, 0.00000, 0.00000,9843.00000, 0.00000, 6.61325, 0.00000,394.00000, 6.61325, 0.00000, 0.00000, 0.00000, 0.00000,2277.93433,-2.97591, 0.00810, 0.06839, 9.72843, 1.00000,2277.93433,-2.97591, 0.00810, 0.06839,
14.80000, 0.00000, 0.00000,9843.00000, 0.00000, 6.61325, 0.00000,394.00000, 6.61325, 0.00000, 0.00000, 0.00000, 0.00000,2277.93433,-2.97591, 0.00810, 0.06839, 9.72843, 1.00000,2277.93433,-2.97591, 0.00810, 0.06839,
14.90000, 0.00000, 0.00000,9843.00000, 0.00000, 6.61325, 0.00000,394.00000, 6.61325, 0.00000, 0.00000, 0.00000, 0.00000,2277.93433,-2.97591, 0.00810, 0.06839, 9.72843, 1.00000,2277.93433,-2.97591, 0.00810, 0.06839,
15.00000, 0.00000, 0.00000,9843.00000, 0.00000, 6.61325, 0.00000,394.00000, 6.61325, 0.00000, 0.00000, 0.00000, 0.00000,2277.93433,-2.97591, 0.00810, 0.06839, 9.72843, 1.00000,2277.93433,-2.97591, 0.00810, 0.06839,
15.10000, 0.00000, 0.00000,9843.00000, 0.00000, 6.61325, 0.00000,394.00000, 6.61325, 0.00000, 0.00000, 0.00000, 0.00000,2277.93433,-2.97591, 0.00810, 0.06839, 9.72843, 1.00000,2277.93433,-2.97591, 0.00810, 0.06839,
15.20000, 0.00000, 0.00000,9843.00000, 0.00000, 6.61325, 0.00000,394.00000, 6.61325, 0.00000, 0.00000, 0.00000, 0.00000,2277.93433,-2.97591, 0.00810, 0.06839, 9.72843, 1.00000,2277.93433,-2.97591, 0.00810, 0.06839,
15.30000, 0.00000, 0.00000,9843.00000, 0.00000, 6.61325, 0.00000,394.00000, 6.61325, 0.00000, 0.00000, 0.00000, 0.00000,2277.93433,-2.97591, 0.00810, 0.06839, 9.72843, 1.00000,2277.93433,-2.97591, 0.00810, 0.06839,
15.40000, 0.00000, 0.00000,9843.00000, 0.00000, 6.61325, 0.00000,394.00000, 6.61325, 0.00000, 0.00000, 0.00000, 0.00000,2277.93433,-2.97591, 0.00810, 0.06839, 9.72843, 1.00000,2277.93433,-2.97591, 0.00810, 0.06839,
15.50000, 0.00000, 0.00000,9843.00000, 0.00000, 6.61325, 0.00000,394.00000, 6.61325, 0.00000, 0.00000, 0.00000, 0.00000,2277.93433,-2.97591, 0.00810, 0.06839, 9.72843, 1.00000,2277.93433,-2.97591, 0.00810, 0.06839,
15.60000, 0.00000, 0.00000,9843.00000, 0.00000, 6.61325, 0.00000,394.00000, 6.61325, 0.00000, 0.00000, 0.00000, 0.00000,2277.93433,-2.97591, 0.00810, 0.06839, 9.72843, 1.00000,2277.93433,-2.97591, 0.00810, 0.06839,
15.70000, 0.00000, 0.00000,9843.00000, 0.00000, 6.61325, 0.00000,394.00000, 6.61325, 0.00000, 0.00000, 0.00000, 0.00000,2277.93433,-2.97591, 0.00810, 0.06839, 9.72843, 1.00000,2277.93433,-2.97591, 0.00810, 0.06839,
15.80000, 0.00000, 0.00000,9843.00000, 0.00000, 6.61325, 0.00000,394.00000, 6.61325, 0.00000, 0.00000, 0.00000, 0.00000,2277.93433,-2.97591, 0.00810, 0.06839, 9.72843, 1.00000,2277.93433,-2.97591, 0.00810, 0.06839,
15.90000, 0.00000, 0.00000,9843.00000, 0.00000, 6.61325, 0.00000,394.00000, 6.61325, 0.00000, 0.00000, 0.00000, 0.00000,2277.93433,-2.97591, 0.00810, 0.06839, 9.72843, 1.00000,2277.93433,-2.97591, 0.00810, 0.06839,
16.00000, 0.00000, 0.00000,9843.00000, 0.00000, 6.61325, 0.00000,394.00000, 6.61325, 0.00000, 0.00000, 0.00000, 0.00000,2277.93433,-2.97591, 0.00810, 0.06839, 9.72843, 1.00000,2277.93433,-2.97591, 0.00810, 0.06839,
16.10000, 0.00000, 0.00000,9843.00000, 0.00000, 6.61325, 0.00000,394.00000, 6.61325, 0.00000, 0.00000, 0.00000, 0.00000,2277.93433,-2.97591, 0.00810, 0.06839, 9.72843, 1.00000,2277.93433,-2.97591, 0.00810, 0.06839,
16.20000, 0.00000, 0.00000,9843.00000, 0.00000, 6.61325, 0.00000,394.00000, 6.61325, 0.00000, 0.00000, 0.00000, 0.00000,2277.93433,-2.97591, 0.00810, 0.06839, 9.72843, 1.00000,2277.93433,-2.97591, 0.00810, 0.06839,
16.30000, 0.00000, 0.00000,9843.00000, 0.00000, 6.61325, 0.00000,394.00000, 6.61325, 0.00000, 0.00000, 0.00000, 0.00000,2277.93433,-2.97591, 0.00810, 0.06839, 9.72843, 1.00000,2277.93433,-2.97591, 0.00810, 0.06839,
16.40000, 0.00000, 0.00000,9843.00000, 0.00000, 6.61325, 0.00000,394.00000, 6.61325, 0.00000, 0.00000, 0.00000, 0.00000,2277.93433,-2.97591, 0.00810, 0.06839, 9.72843, 1.00000,2277.93433,-2.97591, 0.00810, 0.06839,
16.50000, 0.00000, 0.00000,9843.00000, 0.00000, 6.61325, 0.00000,394.00000, 6.61325, 0.00000, 0.00000, 0.00000, 0.00000,2277.93433,-2.97591, 0.00810, 0.06839, 9.72843, 1.00000,2277.93433,-2.97591, 0.00810, 0.06839,
16.60000, 0.00000, 0.00000,9843.00000, 0.00000, 6.61325, 0.00000,394.00000, 6.61325, 0.00000, 0.00000, 0.00000, 0.00000,2277.93433,-2.97591, 0.00810, 0.06839, 9.72843, 1.00000,2277.93433,-2.97591, 0.00810, 0.06839,
16.70000, 0.00000, 0.00000,9843.00000, 0.00000, 6.61325, 0.00000,394.00000, 6.61325, 0.00000, 0.00000, 0.00000, 0.00000,2277.93433,-2.97591, 0.00810, 0.06839, 9.72843, 1.00000,2277.93433,-2.97591, 0.00810, 0.06839,
16.80000, 0.00000, 0.00000,9843.00000, 0.00000, 6.61325, 0.00000,394.00000, 6.61325, 0.00000, 0.00000, 0.00000, 0.00000,2277.93433,-2.97591, 0.00810, 0.06839, 9.72843, 1.00000,2277.93433,-2.97591, 0.00810, 0.06839,
16.90000, 0.00000, 0.00000,9843.00000, 0.00000, 6.61325, 0.00000,394.00000, 6.61325, 0.00000, 0.00000, 0.00000, 0.00000,2277.93433,-2.97591, 0.00810, 0.06839, 9.72843, 1.00000,2277.93433,-2.97591, 0.00810, 0.06839,
17.00000, 0.00000, 0.00000,9843.00000, 0.00000, 6.61325, 0.00000,394.00000, 6.61325, 0.00000, 0.00000, 0.00000, 0.00000,2277.93433,-2.97591, 0.00810, 0.06839, 9.72843, 1.00000,2277.93433,-2.97591, 0.00810, 0.06839,
17.10000, 0.00000, 0.00000,9843.00000, 0.00000, 6.61325, 0.00000,394.00000, 6.61325, 0.00000, 0.00000, 0.00000, 0.00000,2277.93433,-2.97591, 0.00810, 0.06839, 9.72843, 1.00000,2277.93433,-2.97591, 0.00810, 0.06839,
17.20000, 0.00000, 0.00000,9843.00000, 0.00000, 6.61325, 0.00000,394.00000, 6.61325, 0.00000, 0.00000, 0.00000, 0.00000,2277.93433,-2.97591, 0.00810, 0.06839, 9.72843, 1.00000,2277.93433,-2.97591, 0.00810, 0.06839,
17.30000, 0.00000, 0.00000,9843.00000, 0.00000, 6.61325, 0.00000,394.00000, 6.61325, 0.00000, 0.00000, 0.00000, 0.00000,2277.93433,-2.97591, 0.00810, 0.06839, 9.72843, 1.00000,2277.93433,-2.97591, 0.00810, 0.06839,
17.40000, 0.00000, 0.00000,9843.00000, 0.00000, 6.61325, 0.00000,394.00000, 6.61325, 0.00000, 0.00000, 0.00000, 0.00000,2277.93433,-2.97591, 0.00810, 0.06839, 9.72843, 1.00000,2277.93433,-2.97591, 0.00810, 0.06839,
17.50000, 0.00000, 0.00000,9843.00000, 0.00000, 6.61325, 0.00000,394.00000, 6.61325, 0.00000, 0.00000, 0.00000, 0.00000,2277.93433,-2.97591, 0.00810, 0.06839, 9.72843, 1.00000,2277.93433,-2.97591, 0.00810, 0.06839,
17.60000, 0.00000, 0.00000,9843.00000, 0.00000, 6.61325, 0.00000,394.00000, 6.61325, 0.00000, 0.00000, 0.00000, 0.00000,2277.93433,-2.97591, 0.00810, 0.06839, 9.72843, 1.00000,2277.93433,-2.97591, 0.00810, 0.06839,
17.70000, 0.00000, 0.00000,9843.00000, 0.00000, 6.61325, 0.00000,394.00000, 6.61325, 0.00000, 0.00000, 0.00000, 0.00000,2277.93433,-2.97591, 0.00810, 0.06839, 9.72843, 1.00000,2277.93433,-2.97591, 0.00810, 0.06839,
17.80000, 0.00000, 0.00000,9843.00000, 0.00000, 6.61325, 0.00000,394.00000, 6.61325, 0.00000, 0.00000, 0.00000, 0.00000,2277.93433,-2.97591, 0.00810, 0.06839, 9.72843, 1.00000,2277.93433,-2.97591, 0.00810, 0.06839,
17.90000, 0.00000, 0.00000,9843.00000, 0.00000, 6.61325, 0.00000,394.00000, 6.61325, 0.00000, 0.00000, 0.00000, 0.00000,2277.93433,-2.97591, 0.00810, 0.06839, 9.72843, 1.00000,2277.93433,-2.97591, 0.00810, 0.06839,
18.00000, 0.00000, 0.00000,9843.00000, 0.00000, 6.61325, 0.00000,394.00000, 6.61325, 0.00000, 0.00000, 0.00000, 0.00000,2277.93433,-2.97591, 0.00810, 0.06839, 9.72843, 1.00000,2277.93433,-2.97591, 0.00810, 0.06839,
18.10000, 0.00000, 0.00000,9843.00000, 0.00000, 6.61325, 0.00000,394.00000, 6.61325, 0.00000, 0.00000, 0.00000, 0.00000,2277.93433,-2.97591, 0.00810, 0.06839, 9.72843, 1.00000,2277.93433,-2.97591, 0.00810, 0.06839,
18.20000, 0.00000, 0.00000,9843.00000, 0.00000, 6.61325, 0.00000,394.00000, 6.61325, 0.00000, 0.00000, 0.00000, 0.00000,2277.93433,-2.97591, 0.00810, 0.06839, 9.72843, 1.00000,2277.93433,-2.97591, 0.00810, 0.06839,
18.30000, 0.00000, 0.00000,9843.00000, 0.00000, 6.61325, 0.00000,394.00000, 6.61325, 0.00000, 0.00000, 0.00000, 0.00000,2277.93433,-2.97591, 0.00810, 0.06839, 9.72843, 1.00000,2277.93433,-2.97591, 0.00810, 0.06839,
18.40000, 0.00000, 0.00000,9843.00000, 0.00000, 6.61325, 0.00000,394.00000, 6.61325, 0.00000, 0.00000, 0.00000, 0.00000,2277.93433,-2.97591, 0.00810, 0.06839, 9.72843, 1.00000,2277.93433,-2.97591, 0.00810, 0.06839,
18.50000, 0.00000, 0.00000,9843.00000, 0.00000, 6.61325, 0.00000,394.00000, 6.61325, 0.00000, 0.00000, 0.00000, 0.00000,2277.93433,-2.97591, 0.00810, 0.06839, 9.72843, 1.00000,2277.93433,-2.97591, 0.00810, 0.06839,
18.60000, 0.00000, 0.00000,9843.00000, 0.00000, 6.61325, 0.00000,394.00000, 6.61325, 0.00000, 0.00000, 0.00000, 0.00000,2277.93433,-2.97591, 0.00810, 0.06839, 9.72843, 1.00000,2277.93433,-2.97591, 0.00810, 0.06839,
18.70000, 0.00000, 0.00000,9843.00000, 0.00000, 6.61325, 0.00000,394.00000, 6.61325, 0.00000, 0.00000, 0.00000, 0.00000,2277.93433,-2.97591, 0.00810, 0.06839, 9.72843, 1.00000,2277.93433,-2.97591, 0.00810, 0.06839,
18.80000, 0.00000, 0.00000,9843.00000, 0.00000, 6.61325, 0.00000,394.00000, 6.61325, 0.00000, 0.00000, 0.00000, 0.00000,2277.93433,-2.97591, 0.00810, 0.06839, 9.72843, 1.00000,2277.93433,-2.97591, 0.00810, 0.06839,
18.90000, 0.00000, 0.00000,9843.00000, 0.00000, 6.61325, 0.00000,394.00000, 6.61325, 0.00000, 0.00000, 0.00000, 0.00000,2277.93433,-2.97591, 0.00810, 0.06839, 9.72843, 1.00000,2277.93433,-2.97591, 0.00810, 0.06839,
19.00000, 0.00000, 0.00000,9843.00000, 0.00000, 6.61325, 0.00000,394.00000, 6.61325, 0.00000, 0.00000, 0.00000, 0.00000,2277.93433,-2.97591, 0.00810, 0.06839, 9.72843, 1.00000,2277.93433,-2.97591, 0.00810, 0.06839,
19.10000, 0.00000, 0.00000,9843.00000, 0.00000, 6.61325, 0.00000,394.00000, 6.61325, 0.00000, 0.00000, 0.00000, 0.00000,2277.93433,-2.97591, 0.00810, 0.06839, 9.72843, 1.00000,2277.93433,-2.97591, 0.00810, 0.06839,
19.20000, 0.00000, 0.00000,9843.00000, 0.00000, 6.61325, 0.00000,394.00000, 6.61325, 0.00000, 0.00000, 0.00000, 0.00000,2277.93433,-2.97591, 0.00810, 0.06839, 9.72843, 1.00000,2277.93433,-2.97591, 0.00810, 0.06839,
19.30000, 0.00000, 0.00000,9843.00000, 0.00000, 6.61325, 0.00000,394.00000, 6.61325, 0.00000, 0.00000, 0.00000, 0.00000,2277.93433,-2.97591, 0.00810, 0.06839, 9.72843, 1.00000,2277.93433,-2.97591, 0.00810, 0.06839,
19.40000, 0.00000, 0.00000,9843.00000, 0.00000, 6.61325, 0.00000,394.00000, 6.61325, 0.00000, 0.00000, 0.00000, 0.00000,2277.93433,-2.97591, 0.00810, 0.06839, 9.72843, 1.00000,2277.93433,-2.97591, 0.00810, 0.06839,
19.50000, 0.00000, 0.00000,9843.00000, 0.00000, 6.61325, 0.00000,394.00000, 6.61325, 0.00000, 0.00000, 0.00000, 0.00000,2277.93433,-2.97591, 0.00810, 0.06839, 9.72843, 1.00000,2277.93433,-2.97591, 0.00810, 0.06839,
19.60000, 0.00000, 0.00000,9843.00000, 0.00000, 6.61325, 0.00000,394.00000, 6.61325, 0.00000, 0.00000, 0.00000, 0.00000,2277.93433,-2.97591, 0.00810, 0.06839, 9.72843, 1.00000,2277.93433,-2.97591, 0.00810, 0.06839,
19.70000, 0.00000, 0.00000,9843.00000, 0.00000, 6.61325, 0.00000,394.00000, 6.61325, 0.00000, 0.00000, 0.00000, 0.00000,2277.93433,-2.97591, 0.00810, 0.06839, 9.72843, 1.00000,2277.93433,-2.97591, 0.00810, 0.06839,
19.80000, 0.00000, 0.00000,9843.00000, 0.00000, 6.61325, 0.00000,394.00000, 6.61325, 0.00000, 0.00000, 0.00000, 0.00000,2277.93433,-2.97591, 0.00810, 0.06839, 9.72843, 1.00000,2277.93433,-2.97591, 0.00810, 0.06839,
19.90000, 0.00000, 0.00000,9843.00000, 0.00000, 6.61325, 0.00000,394.00000, 6.61325, 0.00000, 0.00000, 0.00000, 0.00000,2277.93433,-2.97591, 0.00810, 0.06839, 9.72843, 1.00000,2277.93433,-2.97591, 0.00810, 0.06839,
20.00000, 0.00000, 0.00000,9843.00000, 0.00000, 6.61325, 0.00000,394.00000, 6.61325, 0.00000, 0.00000, 0.00000, 0.00000,2277.93433,-2.97591, 0.00810, 0.06839, 9.72843, 1.00000,2277.93433,-2.97591, 0.00810, 0.06839,
