0 0.438889 1 0.0277778 0
0 0.438889 1 0.0277778 0
0 0.438889 1 0.0277778 0
0 0.438889 1 0.0277778 0
0 0.438889 1 0.0277778 0
0 0.438889 1 0.0277778 0
0 0.438889 1 0.0277778 0
0 0.438889 1 0.0277778 0
0 0.438889 1 0.0277778 0
0 0.438889 1 0.0277778 0
0 0.376389 0 0.0111111 0
0 0.438889 1 0.0277778 0
0 0.438889 1 0.0277778 0
0 0.438889 1 0.0277778 0
0 0.438889 1 0.0277778 0
0 0.438889 1 0.0277778 0
0 0.438889 1 0.0277778 0
0 0.438889 1 0.0277778 0
0 0.438889 1 0.0277778 0
0 0.376389 0 0.0111111 0
0 0.438889 1 0.0277778 0
0 0.438889 1 0.0277778 0
0 0.438889 1 0.0277778 0
0 0.438889 1 0.0277778 0
0 0.438889 1 0.0277778 0
0 0.438889 1 0.0277778 0
0 0.438889 1 0.0277778 0
0 0.438889 1 0.0277778 0
0 0.438889 1 0.0277778 0
0 0.438889 1 0.0277778 0
0 0.438889 1 0.0277778 0
0 0.440278 0.5 0.0277778 1
0 0.441667 0.5 0.0277778 1
0 0.443056 0.5 0.0277778 1
0 0.503472 0 0.0319444 0
0 0.445139 0.5 0.0263889 1
0 0.445139 0.5 0.0263889 1
0 0.447222 0.5 0.0277778 1
0 0.448611 0.5 0.0277778 1
0 0.45 0 0.0277778 0
0 0.451389 0 0.0277778 0
0 0.452778 0 0.0277778 0
0 0.454167 0 0.0277778 0
0 0.454861 0 0.0291667 0
0 0.456944 0 0.0277778 0
0 0.457639 0 0.0291667 0
0 0.459028 0 0.0291667 0
0 0.459722 0 0.0305556 0
0 0.461111 0 0.0305556 0
0 0.515278 0 0.0361111 0
0 0.461806 0 0.0319444 0
0 0.382639 0 0.0125 0
0 0.4625 0 0.0305556 0
0 0.382639 0 0.0125 0
0 0.463194 0 0.0319444 0
0 0.463889 0 0.0333333 0
0 0.38125 0 0.0125 0
0 0.464583 0 0.0347222 0
0 0.464583 0 0.0347222 0
0 0.465278 0 0.0361111 0
0 0.465278 0 0.0361111 0
0 0.379167 0 0.0138889 0
0 0.592361 0 0.0125 0
0 0.465278 0 0.0361111 0
0 0.594444 0 0.0138889 0
0 0.465972 0 0.0375 0
0 0.594444 0 0.0138889 0
0 0.465972 0 0.0375 0
0 0.595139 0 0.0125 0
0 0.465972 0 0.0375 0
0 0.377778 0 0.0138889 0
0 0.596528 0 0.0125 0
0 0.465278 0 0.0388889 0
0 0.597222 0 0.0166667 0
0 0.465278 0 0.0388889 0
0 0.465278 0 0.0416667 0
0 0.713194 0 0.0125 0
0 0.465278 0 0.0416667 0
0 0.6 0 0.0138889 0
0 0.463194 0 0.0430556 0
0 0.371528 0 0.0152778 0
0 0.601389 0 0.0138889 0
0 0.461806 0 0.0430556 0
0 0.720139 0 0.0152778 0
0 0.601389 0 0.0138889 0
0 0.461111 0 0.0472222 0
0 0.460417 0 0.0486111 0
0 0.604167 0 0.0138889 0
0 0.459028 0 0.0486111 0
0 0.605556 0 0.0166667 0
0 0.726389 0 0.0138889 0
0 0.457639 0 0.0486111 0
0 0.60625 0 0.0152778 0
0 0.456944 0 0.05 0
0 0.731944 0 0.0138889 0
0 0.364583 0 0.0152778 0
0 0.607639 0 0.0152778 0
0 0.454861 0 0.0513889 0
0 0.733333 0 0.0166667 0
0 0.607639 0 0.0152778 0
0 0.453472 0 0.0513889 0
0 0.609722 0 0.0194444 0
0 0.452083 0 0.0569444 0
0 0.610417 0 0.0180556 0
0 0.451389 0 0.0583333 0
0 0.739583 0 0.0152778 0
0 0.611111 0 0.0138889 0
0 0.45 0 0.0611111 0
0 0.359028 0 0.0152778 0
0 0.740972 0 0.0152778 0
0 0.611806 0 0.0152778 0
0 0.448611 0 0.0611111 0
0 0.358333 0 0.0166667 0
0 0.742361 0 0.0152778 0
0 0.613194 0 0.0152778 0
0 0.448611 0 0.0611111 0
0 0.745139 0 0.0152778 0
0 0.614583 0 0.0152778 0
0 0.446528 0 0.0625 0
0 0.613194 0 0.0180556 0
0 0.35625 0 0.0152778 0
0 0.447222 0 0.0638889 0
0 0.615278 0 0.0166667 0
0 0.445833 0 0.0638889 0
0 0.354861 0 0.0180556 0
0 0.617361 0 0.0180556 0
0 0.445139 0 0.0652778 0
0 0.354167 0 0.0166667 0
0 0.752083 0 0.0180556 0
0 0.617361 0 0.0152778 0
0 0.44375 0 0.0708333 0
0 0.754167 0 0.0166667 0
0 0.352778 0 0.0166667 0
0 0.61875 0 0.0152778 0
0 0.44375 0 0.0708333 0
0 0.352083 0 0.0152778 0
0 0.75625 0 0.0152778 0
0 0.620139 0 0.0152778 0
0 0.444444 0 0.0722222 0
0 0.213194 0 0.0180556 0
0 0.759028 0 0.0180556 0
0 0.351389 0 0.0166667 0
0 0.620833 0 0.0166667 0
0 0.444444 0 0.075 0
0 0.7625 0 0.0166667 0
0 0.622917 0 0.0180556 0
0 0.445139 0.5 0.0791667 1
0 0.624306 0 0.0180556 0
0 0.764583 0 0.0180556 0
0 0.445833 0.5 0.0805556 1
0 0.766667 0 0.0194444 0
0 0.625 0 0.0166667 0
0 0.445833 0.5 0.0833333 1
0 0.76875 0 0.0180556 0
0 0.626389 0 0.0166667 0
0 0.447222 0.5 0.0833333 1
0 0.770139 0 0.0180556 0
0 0.627083 0 0.0180556 0
0 0.445833 0.5 0.0861111 1
0 0.771528 0 0.0180556 0
0 0.628472 0 0.0180556 0
0 0.447222 0.5 0.0861111 1
0 0.347917 0 0.0208333 0
0 0.771528 0 0.0180556 0
0 0.629167 0 0.0194444 0
0 0.449306 0.5 0.0902778 1
0 0.347917 0 0.0208333 0
0 0.772917 0 0.0180556 0
0 0.629861 0 0.0180556 0
0 0.449306 0.5 0.0902778 1
0 0.775 0 0.0166667 0
0 0.347222 0 0.0194444 0
0 0.629861 0 0.0180556 0
0 0.450694 0.5 0.0930556 1
0 0.202083 0 0.0180556 0
0 0.347222 0 0.0194444 0
0 0.777778 0 0.0166667 0
0 0.632639 0 0.0180556 0
0 0.452778 0.5 0.0916667 1
0 0.779167 0 0.0194444 0
0 0.347222 0 0.0194444 0
0 0.632639 0 0.0180556 0
0 0.455556 0.5 0.0944444 1
0 0.347222 0 0.0194444 0
0 0.779861 0 0.0208333 0
0 0.634028 0 0.0180556 0
0 0.458333 0.5 0.0972222 1
0 0.347222 0 0.0194444 0
0 0.780556 0 0.0166667 0
0 0.634028 0 0.0180556 0
0 0.461111 0.5 0.0972222 1
0 0.347222 0 0.0194444 0
0 0.781944 0 0.0166667 0
0 0.634028 0 0.0180556 0
0 0.463889 0.5 0.0972222 1
0 0.783333 0 0.0166667 0
0 0.346528 0 0.0180556 0
0 0.636111 0 0.0194444 0
0 0.469444 0.5 0.1 1
0 0.784028 0 0.0180556 0
0 0.347222 0 0.0194444 0
0 0.636111 0 0.0194444 0
0 0.474306 0.5 0.0986111 1
0 0.784722 0 0.0194444 0
0 0.347222 0 0.0194444 0
0 0.636111 0 0.0194444 0
0 0.475 0.5 0.1 1
0 0.786806 0 0.0180556 0
0 0.347222 0 0.0194444 0
0 0.636806 0 0.0208333 0
0 0.481944 0.5 0.1 1
0 0.347222 0 0.0194444 0
0 0.7875 0 0.0166667 0
0 0.638889 0 0.0194444 0
0 0.484722 0.5 0.102778 1
0 0.347222 0 0.0194444 0
0 0.788889 0 0.0166667 0
0 0.639583 0 0.0180556 0
0 0.486806 0.5 0.104167 1
0 0.347222 0 0.0194444 0
0 0.788889 0 0.0166667 0
0 0.639583 0 0.0180556 0
0 0.4875 0.5 0.111111 1
0 0.640972 0 0.0180556 0
0 0.347222 0 0.0194444 0
0 0.789583 0 0.0180556 0
0 0.490972 0.5 0.106944 1
0 0.347222 0 0.0194444 0
0 0.790972 0 0.0180556 0
0 0.640972 0 0.0180556 0
0 0.497222 0.5 0.105556 1
0 0.347222 0 0.0194444 0
0 0.792361 0 0.0180556 0
0 0.641667 0 0.0194444 0
0 0.497917 0.5 0.106944 1
0 0.793056 0 0.0194444 0
0 0.347222 0 0.0194444 0
0 0.642361 0 0.0180556 0
0 0.49375 0.5 0.109722 1
0 0.347222 0 0.0194444 0
0 0.794444 0 0.0166667 0
0 0.643056 0 0.0194444 0
0 0.488889 0.5 0.111111 1
0 0.79375 0 0.0180556 0
0 0.548611 0 0.0416667 0
0 0.347222 0 0.0194444 0
0 0.64375 0 0.0180556 0
0 0.488889 0.5 0.111111 1
0 0.794444 0 0.0194444 0
0 0.347917 0 0.0208333 0
0 0.644444 0 0.0194444 0
0 0.493056 0.5 0.111111 1
0 0.348611 0 0.0194444 0
0 0.64375 0 0.0180556 0
0 0.49375 0.5 0.109722 1
0 0.347222 0 0.0194444 0
0 0.795139 0 0.0180556 0
0 0.64375 0 0.0180556 0
0 0.494444 0.5 0.111111 1
0 0.794444 0 0.0166667 0
0 0.348611 0 0.0194444 0
0 0.64375 0 0.0180556 0
0 0.494444 0.5 0.113889 1
0 0.348611 0 0.0194444 0
0 0.79375 0 0.0180556 0
0 0.643056 0 0.0194444 0
0 0.493056 0.5 0.111111 1
0 0.349306 0 0.0180556 0
0 0.793056 0 0.0194444 0
0 0.643056 0 0.0194444 0
0 0.488889 0.5 0.116667 1
0 0.35 0 0.0194444 0
0 0.793056 0 0.0194444 0
0 0.642361 0 0.0180556 0
0 0.488194 0.5 0.106944 1
0 0.349306 0 0.0180556 0
0 0.791667 0 0.0194444 0
0 0.642361 0 0.0180556 0
0 0.492361 0.5 0.118056 1
0 0.348611 0 0.0194444 0
0 0.792361 0 0.0208333 0
0 0.493056 0.5 0.116667 1
0 0.641667 0 0.0194444 0
0 0.347917 0 0.0180556 0
0 0.791667 0 0.0194444 0
0 0.641667 0 0.0194444 0
0 0.493056 0.5 0.113889 1
0 0.791667 0 0.0194444 0
0 0.641667 0 0.0194444 0
0 0.492361 0.5 0.1125 1
0 0.792361 0 0.0180556 0
0 0.348611 0 0.0194444 0
0 0.641667 0 0.0194444 0
0 0.492361 0.5 0.109722 1
0 0.347917 0 0.0180556 0
0 0.793056 0 0.0166667 0
0 0.641667 0 0.0194444 0
0 0.492361 0.5 0.109722 1
0 0.347917 0 0.0180556 0
0 0.793056 0 0.0194444 0
0 0.642361 0 0.0180556 0
0 0.491667 0.5 0.111111 1
0 0.347917 0 0.0180556 0
0 0.793056 0 0.0194444 0
0 0.642361 0 0.0180556 0
0 0.492361 0.5 0.1125 1
0 0.793056 0 0.0166667 0
0 0.347222 0 0.0194444 0
0 0.642361 0 0.0180556 0
0 0.492361 0.5 0.1125 1
0 0.793056 0 0.0194444 0
0 0.347222 0 0.0194444 0
0 0.642361 0 0.0180556 0
0 0.492361 0.5 0.109722 1
0 0.79375 0 0.0180556 0
0 0.347222 0 0.0194444 0
0 0.642361 0 0.0180556 0
0 0.492361 0.5 0.109722 1
0 0.793056 0 0.0194444 0
0 0.346528 0 0.0180556 0
0 0.642361 0 0.0180556 0
0 0.493056 0.5 0.111111 1
0 0.79375 0 0.0180556 0
0 0.347222 0 0.0194444 0
0 0.642361 0 0.0180556 0
0 0.492361 0.5 0.1125 1
0 0.793056 0 0.0194444 0
0 0.346528 0 0.0180556 0
0 0.642361 0 0.0208333 0
0 0.490972 0.5 0.1125 1
0 0.793056 0 0.0194444 0
0 0.347222 0 0.0194444 0
0 0.642361 0 0.0180556 0
0 0.490278 0.5 0.111111 1
0 0.196528 0 0.0180556 0
0 0.793056 0 0.0194444 0
0 0.347222 0 0.0194444 0
0 0.642361 0 0.0208333 0
0 0.489583 0.5 0.118056 1
0 0.454861 0 0.0375 0
0 0.793056 0 0.0194444 0
0 0.347222 0 0.0194444 0
0 0.642361 0 0.0208333 0
0 0.490278 0.5 0.116667 1
0 0.194444 0 0.0166667 0
0 0.792361 0 0.0180556 0
0 0.346528 0 0.0180556 0
0 0.642361 0 0.0208333 0
0 0.490278 0.5 0.116667 1
0 0.194444 0 0.0166667 0
0 0.792361 0 0.0180556 0
0 0.490278 0.5 0.116667 1
0 0.346528 0 0.0180556 0
0 0.641667 0 0.0194444 0
0 0.792361 0 0.0180556 0
0 0.347222 0 0.0194444 0
0 0.490278 0.5 0.116667 1
0 0.641667 0 0.0194444 0
0 0.546528 0 0.0402778 0
0 0.791667 0 0.0194444 0
0 0.345833 0 0.0194444 0
0 0.489583 0.5 0.118056 1
0 0.641667 0 0.0194444 0
0 0.546528 0 0.0402778 0
0 0.791667 0 0.0194444 0
0 0.346528 0 0.0180556 0
0 0.489583 0.5 0.118056 1
0 0.641667 0 0.0194444 0
0 0.545833 0 0.0416667 0
0 0.791667 0 0.0194444 0
0 0.346528 0 0.0180556 0
0 0.489583 0.5 0.118056 1
0 0.641667 0 0.0194444 0
0 0.546528 0 0.0402778 0
0 0.791667 0 0.0194444 0
0 0.346528 0 0.0180556 0
0 0.640972 0 0.0208333 0
0 0.489583 0.5 0.118056 1
0 0.791667 0 0.0194444 0
0 0.346528 0 0.0180556 0
0 0.489583 0.5 0.118056 1
0 0.641667 0 0.0194444 0
0 0.546528 0 0.0402778 0
0 0.792361 0 0.0180556 0
0 0.346528 0 0.0180556 0
0 0.489583 0.5 0.118056 1
0 0.641667 0 0.0194444 0
0 0.792361 0 0.0180556 0
0 0.345139 0 0.0180556 0
0 0.489583 0.5 0.118056 1
0 0.641667 0 0.0194444 0
0 0.546528 0 0.0402778 0
0 0.345139 0 0.0180556 0
0 0.792361 0 0.0180556 0
0 0.489583 0.5 0.118056 1
0 0.641667 0 0.0194444 0
0 0.345139 0 0.0180556 0
0 0.792361 0 0.0180556 0
0 0.641667 0 0.0194444 0
0 0.489583 0.5 0.118056 1
0 0.793056 0 0.0194444 0
0 0.345139 0 0.0180556 0
0 0.641667 0 0.0194444 0
0 0.489583 0.5 0.118056 1
0 0.545833 0 0.0416667 0
0 0.79375 0 0.0180556 0
0 0.344444 0 0.0166667 0
0 0.640972 0 0.0180556 0
0 0.489583 0.5 0.118056 1
0 0.545833 0 0.0416667 0
0 0.793056 0 0.0194444 0
0 0.345139 0 0.0180556 0
0 0.640972 0 0.0180556 0
0 0.489583 0.5 0.118056 1
0 0.547222 0 0.0416667 0
0 0.793056 0 0.0194444 0
0 0.345139 0 0.0180556 0
0 0.640972 0 0.0180556 0
0 0.489583 0.5 0.118056 1
0 0.545833 0 0.0416667 0
0 0.79375 0 0.0180556 0
0 0.345139 0 0.0180556 0
0 0.640972 0 0.0180556 0
0 0.4875 0.5 0.108333 1
0 0.546528 0 0.0430556 0
0 0.345139 0 0.0180556 0
0 0.794444 0 0.0194444 0
0 0.640972 0 0.0180556 0
0 0.489583 0.5 0.118056 1
0 0.546528 0 0.0430556 0
0 0.794444 0 0.0194444 0
0 0.345139 0 0.0180556 0
0 0.640972 0 0.0180556 0
0 0.489583 0.5 0.118056 1
0 0.794444 0 0.0194444 0
0 0.345139 0 0.0180556 0
0 0.640972 0 0.0180556 0
0 0.488889 0.5 0.116667 1
0 0.794444 0 0.0194444 0
0 0.345139 0 0.0180556 0
0 0.640972 0 0.0180556 0
0 0.488889 0.5 0.116667 1
0 0.345139 0 0.0180556 0
0 0.79375 0 0.0208333 0
0 0.641667 0 0.0194444 0
0 0.488889 0.5 0.116667 1
0 0.345139 0 0.0180556 0
0 0.79375 0 0.0208333 0
0 0.641667 0 0.0194444 0
0 0.489583 0.5 0.118056 1
0 0.345139 0 0.0180556 0
0 0.79375 0 0.0208333 0
0 0.641667 0 0.0194444 0
0 0.488889 0.5 0.116667 1
0 0.344444 0 0.0194444 0
0 0.79375 0 0.0208333 0
0 0.641667 0 0.0194444 0
0 0.490278 0.5 0.116667 1
0 0.344444 0 0.0194444 0
0 0.79375 0 0.0208333 0
0 0.641667 0 0.0194444 0
0 0.490278 0.5 0.116667 1
0 0.344444 0 0.0194444 0
0 0.794444 0 0.0194444 0
0 0.641667 0 0.0194444 0
0 0.490278 0.5 0.116667 1
0 0.344444 0 0.0194444 0
0 0.79375 0 0.0180556 0
0 0.641667 0 0.0194444 0
0 0.488889 0.5 0.116667 1
0 0.344444 0 0.0194444 0
0 0.794444 0 0.0194444 0
0 0.641667 0 0.0194444 0
0 0.489583 0.5 0.118056 1
0 0.344444 0 0.0194444 0
0 0.79375 0 0.0180556 0
0 0.641667 0 0.0194444 0
0 0.489583 0.5 0.118056 1
0 0.344444 0 0.0194444 0
0 0.79375 0 0.0180556 0
0 0.641667 0 0.0194444 0
0 0.489583 0.5 0.118056 1
0 0.344444 0 0.0194444 0
0 0.79375 0 0.0180556 0
0 0.489583 0.5 0.118056 1
0 0.641667 0 0.0194444 0
0 0.344444 0 0.0194444 0
0 0.79375 0 0.0180556 0
0 0.490278 0.5 0.116667 1
0 0.641667 0 0.0194444 0
0 0.344444 0 0.0194444 0
0 0.794444 0 0.0194444 0
0 0.488889 0.5 0.116667 1
0 0.641667 0 0.0194444 0
0 0.344444 0 0.0194444 0
0 0.794444 0 0.0166667 0
0 0.489583 0.5 0.118056 1
0 0.641667 0 0.0194444 0
0 0.34375 0 0.0180556 0
0 0.794444 0 0.0166667 0
0 0.489583 0.5 0.118056 1
0 0.641667 0 0.0194444 0
0 0.343056 0 0.0194444 0
0 0.794444 0 0.0166667 0
0 0.489583 0.5 0.118056 1
0 0.641667 0 0.0194444 0
0 0.794444 0 0.0166667 0
0 0.489583 0.5 0.118056 1
0 0.641667 0 0.0194444 0
0 0.344444 0 0.0194444 0
0 0.454167 0 0.0305556 0
0 0.794444 0 0.0166667 0
0 0.488889 0.5 0.116667 1
0 0.641667 0 0.0194444 0
0 0.298611 0 0.05 0
0 0.794444 0 0.0166667 0
0 0.489583 0.5 0.118056 1
0 0.641667 0 0.0194444 0
0 0.343056 0 0.0194444 0
0 0.794444 0 0.0166667 0
0 0.490278 0.5 0.116667 1
0 0.641667 0 0.0194444 0
0 0.794444 0 0.0166667 0
0 0.488889 0.5 0.116667 1
0 0.641667 0 0.0194444 0
0 0.454167 0 0.0305556 0
0 0.794444 0 0.0166667 0
0 0.641667 0 0.0194444 0
0 0.488194 0.5 0.115278 1
0 0.794444 0 0.0166667 0
0 0.641667 0 0.0194444 0
0 0.489583 0.5 0.118056 1
0 0.453472 0 0.0291667 0
0 0.794444 0 0.0166667 0
0 0.641667 0 0.0194444 0
0 0.489583 0.5 0.118056 1
0 0.343056 0 0.0194444 0
0 0.453472 0 0.0291667 0
0 0.794444 0 0.0166667 0
0 0.641667 0 0.0194444 0
0 0.488194 0.5 0.118056 1
0 0.794444 0 0.0166667 0
0 0.641667 0 0.0194444 0
0 0.488889 0.5 0.116667 1
0 0.343056 0 0.0194444 0
0 0.794444 0 0.0166667 0
0 0.641667 0 0.0194444 0
0 0.489583 0.5 0.118056 1
0 0.343056 0 0.0194444 0
0 0.794444 0 0.0166667 0
0 0.640972 0 0.0180556 0
0 0.488889 0.5 0.116667 1
0 0.343056 0 0.0194444 0
0 0.795139 0 0.0180556 0
0 0.4875 0.5 0.116667 1
0 0.640972 0 0.0180556 0
0 0.343056 0 0.0194444 0
0 0.79375 0 0.0180556 0
0 0.489583 0.5 0.118056 1
0 0.641667 0 0.0194444 0
0 0.79375 0 0.0180556 0
0 0.342361 0 0.0208333 0
0 0.641667 0 0.0194444 0
0 0.488889 0.5 0.116667 1
0 0.342361 0 0.0208333 0
0 0.794444 0 0.0194444 0
0 0.641667 0 0.0194444 0
0 0.488194 0.5 0.118056 1
0 0.794444 0 0.0194444 0
0 0.342361 0 0.0208333 0
0 0.489583 0.5 0.118056 1
0 0.641667 0 0.0194444 0
0 0.795139 0 0.0180556 0
0 0.342361 0 0.0208333 0
0 0.488194 0.5 0.118056 1
0 0.641667 0 0.0194444 0
0 0.342361 0 0.0208333 0
0 0.794444 0 0.0194444 0
0 0.641667 0 0.0194444 0
0 0.488889 0.5 0.116667 1
0 0.342361 0 0.0208333 0
0 0.794444 0 0.0194444 0
0 0.641667 0 0.0194444 0
0 0.4875 0.5 0.116667 1
0 0.341667 0 0.0194444 0
0 0.794444 0 0.0194444 0
0 0.641667 0 0.0194444 0
0 0.489583 0.5 0.118056 1
0 0.188194 0 0.0180556 0
0 0.341667 0 0.0194444 0
0 0.794444 0 0.0194444 0
0 0.642361 0 0.0208333 0
0 0.488889 0.5 0.116667 1
0 0.341667 0 0.0194444 0
0 0.794444 0 0.0194444 0
0 0.642361 0 0.0208333 0
0 0.4875 0.5 0.116667 1
0 0.341667 0 0.0194444 0
0 0.795833 0 0.0194444 0
0 0.642361 0 0.0208333 0
0 0.489583 0.5 0.118056 1
0 0.341667 0 0.0194444 0
0 0.795139 0 0.0208333 0
0 0.642361 0 0.0208333 0
0 0.488194 0.5 0.118056 1
0 0.795833 0 0.0194444 0
0 0.341667 0 0.0194444 0
0 0.642361 0 0.0208333 0
0 0.490278 0.5 0.116667 1
0 0.795833 0 0.0194444 0
0 0.340972 0 0.0208333 0
0 0.642361 0 0.0208333 0
0 0.488889 0.5 0.116667 1
0 0.545833 0 0.0416667 0
0 0.795833 0 0.0194444 0
0 0.340972 0 0.0208333 0
0 0.642361 0 0.0208333 0
0 0.486806 0.5 0.115278 1
0 0.795833 0 0.0194444 0
0 0.340972 0 0.0208333 0
0 0.488194 0.5 0.118056 1
0 0.642361 0 0.0208333 0
0 0.795833 0 0.0194444 0
0 0.340972 0 0.0180556 0
0 0.4875 0.5 0.116667 1
0 0.641667 0 0.0194444 0
0 0.797222 0 0.0194444 0
0 0.340278 0 0.0194444 0
0 0.642361 0 0.0208333 0
0 0.488889 0.5 0.116667 1
0 0.340278 0 0.0194444 0
0 0.795833 0 0.0194444 0
0 0.641667 0 0.0194444 0
0 0.490278 0.5 0.116667 1
0 0.340972 0 0.0180556 0
0 0.797222 0 0.0194444 0
0 0.641667 0 0.0194444 0
0 0.486111 0.5 0.116667 1
0 0.186111 0 0.0194444 0
0 0.795833 0 0.0194444 0
0 0.340278 0 0.0194444 0
0 0.485417 0.5 0.115278 1
0 0.641667 0 0.0194444 0
0 0.186111 0 0.0194444 0
0 0.795833 0 0.0194444 0
0 0.340278 0 0.0194444 0
0 0.488194 0.5 0.118056 1
0 0.641667 0 0.0194444 0
0 0.796528 0 0.0208333 0
0 0.340278 0 0.0194444 0
0 0.486111 0.5 0.116667 1
0 0.641667 0 0.0194444 0
0 0.795833 0 0.0194444 0
0 0.340278 0 0.0194444 0
0 0.488194 0.5 0.118056 1
0 0.641667 0 0.0194444 0
0 0.795833 0 0.0194444 0
0 0.340278 0 0.0194444 0
0 0.488889 0.5 0.116667 1
0 0.641667 0 0.0194444 0
0 0.795833 0 0.0194444 0
0 0.340278 0 0.0166667 0
0 0.489583 0.5 0.115278 1
0 0.641667 0 0.0194444 0
0 0.795833 0 0.0194444 0
0 0.340278 0 0.0166667 0
0 0.642361 0 0.0180556 0
0 0.488889 0.5 0.116667 1
0 0.795833 0 0.0194444 0
0 0.340278 0 0.0166667 0
0 0.4875 0.5 0.116667 1
0 0.642361 0 0.0180556 0
0 0.796528 0 0.0208333 0
0 0.340278 0 0.0166667 0
0 0.642361 0 0.0180556 0
0 0.488194 0.5 0.118056 1
0 0.796528 0 0.0208333 0
0 0.339583 0 0.0180556 0
0 0.642361 0 0.0180556 0
0 0.4875 0.5 0.116667 1
0 0.796528 0 0.0208333 0
0 0.339583 0 0.0180556 0
0 0.641667 0 0.0194444 0
0 0.484722 0.5 0.116667 1
0 0.796528 0 0.0208333 0
0 0.339583 0 0.0180556 0
0 0.642361 0 0.0180556 0
0 0.4875 0.5 0.116667 1
0 0.796528 0 0.0208333 0
0 0.339583 0 0.0180556 0
0 0.642361 0 0.0180556 0
0 0.4875 0.5 0.116667 1
0 0.796528 0 0.0208333 0
0 0.339583 0 0.0180556 0
0 0.642361 0 0.0180556 0
0 0.488194 0.5 0.118056 1
0 0.797222 0 0.0194444 0
0 0.339583 0 0.0180556 0
0 0.489583 0.5 0.115278 1
0 0.643056 0 0.0194444 0
0 0.797222 0 0.0194444 0
0 0.339583 0 0.0180556 0
0 0.489583 0.5 0.118056 1
0 0.642361 0 0.0180556 0
0 0.185417 0 0.0180556 0
0 0.797222 0 0.0194444 0
0 0.339583 0 0.0180556 0
0 0.490972 0.5 0.118056 1
0 0.643056 0 0.0194444 0
0 0.185417 0 0.0180556 0
0 0.796528 0 0.0208333 0
0 0.488194 0.5 0.118056 1
0 0.642361 0 0.0208333 0
0 0.339583 0 0.0180556 0
0 0.796528 0 0.0208333 0
0 0.339583 0 0.0180556 0
0 0.643056 0 0.0194444 0
0 0.485417 0.5 0.115278 1
0 0.797222 0 0.0194444 0
0 0.339583 0 0.0180556 0
0 0.643056 0 0.0194444 0
0 0.4875 0.5 0.116667 1
0 0.185417 0 0.0180556 0
0 0.797222 0 0.0194444 0
0 0.339583 0 0.0180556 0
0 0.643056 0 0.0194444 0
0 0.4875 0.5 0.116667 1
0 0.185417 0 0.0180556 0
0 0.797222 0 0.0194444 0
0 0.339583 0 0.0180556 0
0 0.642361 0 0.0208333 0
0 0.488194 0.5 0.115278 1
0 0.184722 0 0.0194444 0
0 0.797917 0 0.0208333 0
0 0.642361 0 0.0208333 0
0 0.339583 0 0.0180556 0
0 0.488194 0.5 0.118056 1
0 0.184722 0 0.0194444 0
0 0.797917 0 0.0208333 0
0 0.643056 0 0.0194444 0
0 0.339583 0 0.0180556 0
0 0.489583 0.5 0.118056 1
0 0.184722 0 0.0194444 0
0 0.798611 0 0.0194444 0
0 0.339583 0 0.0180556 0
0 0.643056 0 0.0194444 0
0 0.491667 0.5 0.119444 1
0 0.184028 0 0.0180556 0
0 0.798611 0 0.0194444 0
0 0.339583 0 0.0180556 0
0 0.642361 0 0.0208333 0
0 0.494444 0.5 0.111111 1
0 0.184028 0 0.0180556 0
0 0.798611 0 0.0194444 0
0 0.339583 0 0.0180556 0
0 0.642361 0 0.0208333 0
0 0.492361 0.5 0.1125 1
0 0.184028 0 0.0180556 0
0 0.798611 0 0.0194444 0
0 0.339583 0 0.0180556 0
0 0.643056 0 0.0194444 0
0 0.484722 0.5 0.116667 1
0 0.184028 0 0.0180556 0
0 0.797222 0 0.0194444 0
0 0.339583 0 0.0180556 0
0 0.642361 0 0.0208333 0
0 0.479167 0.5 0.113889 1
0 0.183333 0 0.0194444 0
0 0.798611 0 0.0222222 0
0 0.338889 0 0.0194444 0
0 0.643056 0 0.0194444 0
0 0.473611 0.5 0.111111 1
0 0.183333 0 0.0194444 0
0 0.798611 0 0.0222222 0
0 0.338889 0 0.0194444 0
0 0.642361 0 0.0208333 0
0 0.470833 0.5 0.111111 1
0 0.798611 0 0.0194444 0
0 0.183333 0 0.0194444 0
0 0.338889 0 0.0194444 0
0 0.64375 0 0.0208333 0
0 0.4625 0.5 0.113889 1
0 0.798611 0 0.0194444 0
0 0.182639 0 0.0180556 0
0 0.338194 0 0.0180556 0
0 0.642361 0 0.0208333 0
0 0.458333 0.5 0.119444 1
0 0.798611 0 0.0222222 0
0 0.183333 0 0.0194444 0
0 0.338194 0 0.0180556 0
0 0.64375 0 0.0208333 0
0 0.459028 0.5 0.118056 1
0 0.798611 0 0.0194444 0
0 0.182639 0 0.0180556 0
0 0.338194 0 0.0180556 0
0 0.64375 0 0.0208333 0
0 0.460417 0.5 0.118056 1
0 0.799306 0 0.0208333 0
0 0.182639 0 0.0180556 0
0 0.338194 0 0.0180556 0
0 0.64375 0 0.0208333 0
0 0.463194 0.5 0.118056 1
0 0.799306 0 0.0208333 0
0 0.182639 0 0.0180556 0
0 0.64375 0 0.0208333 0
0 0.338194 0 0.0180556 0
0 0.463194 0.5 0.118056 1
0 0.799306 0 0.0208333 0
0 0.182639 0 0.0180556 0
0 0.338194 0 0.0180556 0
0 0.64375 0 0.0208333 0
0 0.463194 0.5 0.118056 1
0 0.8 0 0.0194444 0
0 0.181944 0 0.0194444 0
0 0.3375 0 0.0194444 0
0 0.46875 0.5 0.120833 1
0 0.64375 0 0.0208333 0
0 0.799306 0 0.0180556 0
0 0.181944 0 0.0194444 0
0 0.3375 0 0.0194444 0
0 0.474306 0.5 0.115278 1
0 0.64375 0 0.0180556 0
0 0.799306 0 0.0180556 0
0 0.181944 0 0.0194444 0
0 0.338194 0 0.0180556 0
0 0.64375 0 0.0208333 0
0 0.476389 0.5 0.113889 1
0 0.181944 0 0.0194444 0
0 0.799306 0 0.0180556 0
0 0.338194 0 0.0180556 0
0 0.64375 0 0.0180556 0
0 0.481944 0.5 0.119444 1
0 0.181944 0 0.0194444 0
0 0.799306 0 0.0180556 0
0 0.338194 0 0.0180556 0
0 0.64375 0 0.0180556 0
0 0.481944 0.5 0.119444 1
0 0.181944 0 0.0194444 0
0 0.799306 0 0.0180556 0
0 0.338194 0 0.0180556 0
0 0.484722 0.5 0.116667 1
0 0.64375 0 0.0180556 0
0 0.182639 0 0.0180556 0
0 0.799306 0 0.0180556 0
0 0.338194 0 0.0180556 0
0 0.4875 0.5 0.116667 1
0 0.64375 0 0.0180556 0
0 0.181944 0 0.0194444 0
0 0.800694 0 0.0180556 0
0 0.491667 0.5 0.111111 1
0 0.338194 0 0.0180556 0
0 0.644444 0 0.0194444 0
0 0.800694 0 0.0180556 0
0 0.493056 0.5 0.111111 1
0 0.338194 0 0.0180556 0
0 0.644444 0 0.0194444 0
0 0.800694 0 0.0180556 0
0 0.493056 0.5 0.111111 1
0 0.644444 0 0.0194444 0
0 0.338194 0 0.0180556 0
0 0.181944 0 0.0194444 0
0 0.800694 0 0.0180556 0
0 0.49375 0.5 0.1125 1
0 0.338194 0 0.0180556 0
0 0.644444 0 0.0194444 0
0 0.451389 0 0.0333333 0
0 0.800694 0 0.0180556 0
0 0.494444 0.5 0.113889 1
0 0.338889 0 0.0194444 0
0 0.645139 0 0.0180556 0
0 0.452083 0 0.0319444 0
0 0.801389 0 0.0194444 0
0 0.49375 0.5 0.1125 1
0 0.338889 0 0.0194444 0
0 0.645139 0 0.0180556 0
0 0.182639 0 0.0180556 0
0 0.547222 0 0.0444444 0
0 0.801389 0 0.0194444 0
0 0.494444 0.5 0.113889 1
0 0.645833 0 0.0222222 0
0 0.338889 0 0.0194444 0
0 0.182639 0 0.0180556 0
0 0.801389 0 0.0194444 0
0 0.547222 0 0.0444444 0
0 0.49375 0.5 0.1125 1
0 0.338889 0 0.0194444 0
0 0.646528 0 0.0208333 0
0 0.452778 0 0.0333333 0
0 0.182639 0 0.0180556 0
0 0.547222 0 0.0444444 0
0 0.802778 0 0.0194444 0
0 0.49375 0.5 0.1125 1
0 0.338889 0 0.0194444 0
0 0.646528 0 0.0208333 0
0 0.452778 0 0.0333333 0
0 0.182639 0 0.0180556 0
0 0.547222 0 0.0444444 0
0 0.803472 0 0.0208333 0
0 0.490278 0.5 0.122222 1
0 0.338889 0 0.0194444 0
0 0.646528 0 0.0208333 0
0 0.452778 0 0.0333333 0
0 0.182639 0 0.0180556 0
0 0.547222 0 0.0444444 0
0 0.803472 0 0.0208333 0
0 0.490972 0.5 0.123611 1
0 0.339583 0 0.0180556 0
0 0.646528 0 0.0208333 0
0 0.452778 0 0.0333333 0
0 0.18125 0 0.0180556 0
0 0.547917 0 0.0430556 0
0 0.802778 0 0.0194444 0
0 0.493056 0.5 0.113889 1
0 0.339583 0 0.0180556 0
0 0.646528 0 0.0208333 0
0 0.548611 0 0.0444444 0
0 0.802778 0 0.0194444 0
0 0.49375 0.5 0.1125 1
0 0.339583 0 0.0180556 0
0 0.646528 0 0.0208333 0
0 0.181944 0 0.0194444 0
0 0.548611 0 0.0444444 0
0 0.802778 0 0.0194444 0
0 0.339583 0 0.0180556 0
0 0.492361 0.5 0.1125 1
0 0.647222 0 0.0194444 0
0 0.548611 0 0.0444444 0
0 0.803472 0 0.0208333 0
0 0.339583 0 0.0180556 0
0 0.494444 0.5 0.116667 1
0 0.647222 0 0.0194444 0
0 0.548611 0 0.0444444 0
0 0.803472 0 0.0208333 0
0 0.339583 0 0.0180556 0
0 0.495139 0.5 0.118056 1
0 0.647222 0 0.0194444 0
0 0.804167 0 0.0194444 0
0 0.339583 0 0.0180556 0
0 0.494444 0.5 0.119444 1
0 0.647917 0 0.0208333 0
0 0.804167 0 0.0194444 0
0 0.497222 0.5 0.122222 1
0 0.340278 0 0.0194444 0
0 0.647917 0 0.0208333 0
0 0.804861 0 0.0208333 0
0 0.497917 0.5 0.123611 1
0 0.339583 0 0.0180556 0
0 0.647917 0 0.0208333 0
0 0.804861 0 0.0208333 0
0 0.494444 0.5 0.127778 1
0 0.339583 0 0.0180556 0
0 0.647222 0 0.0194444 0
0 0.453472 0 0.0319444 0
0 0.181944 0 0.0194444 0
0 0.804861 0 0.0208333 0
0 0.500694 0.5 0.120833 1
0 0.339583 0 0.0180556 0
0 0.647222 0 0.0194444 0
0 0.804861 0 0.0208333 0
0 0.5 0.5 0.119444 1
0 0.339583 0 0.0180556 0
0 0.647222 0 0.0194444 0
0 0.181944 0 0.0194444 0
0 0.804861 0 0.0208333 0
0 0.501389 0.5 0.122222 1
0 0.339583 0 0.0180556 0
0 0.647917 0 0.0208333 0
0 0.453472 0 0.0319444 0
0 0.804861 0 0.0208333 0
0 0.504167 0.5 0.125 1
0 0.339583 0 0.0180556 0
0 0.647917 0 0.0208333 0
0 0.453472 0 0.0319444 0
0 0.804861 0 0.0208333 0
0 0.503472 0.5 0.126389 1
0 0.339583 0 0.0180556 0
0 0.647917 0 0.0208333 0
0 0.453472 0 0.0319444 0
0 0.80625 0 0.0208333 0
0 0.503472 0.5 0.126389 1
0 0.339583 0 0.0180556 0
0 0.647917 0 0.0208333 0
0 0.453472 0 0.0319444 0
0 0.805556 0 0.0222222 0
0 0.504167 0.5 0.127778 1
0 0.647917 0 0.0208333 0
0 0.339583 0 0.0180556 0
0 0.80625 0 0.0208333 0
0 0.506944 0.5 0.127778 1
0 0.647917 0 0.0208333 0
0 0.339583 0 0.0180556 0
0 0.807639 0 0.0208333 0
0 0.506944 0.5 0.127778 1
0 0.339583 0 0.0180556 0
0 0.648611 0 0.0194444 0
0 0.180556 0 0.0194444 0
0 0.807639 0 0.0208333 0
0 0.507639 0.5 0.126389 1
0 0.648611 0 0.0194444 0
0 0.339583 0 0.0180556 0
0 0.180556 0 0.0194444 0
0 0.807639 0 0.0208333 0
0 0.508333 0.5 0.127778 1
0 0.648611 0 0.0194444 0
0 0.339583 0 0.0180556 0
0 0.807639 0 0.0208333 0
0 0.509028 0.5 0.129167 1
0 0.649306 0 0.0208333 0
0 0.338889 0 0.0194444 0
0 0.180556 0 0.0194444 0
0 0.807639 0 0.0208333 0
0 0.509722 0.5 0.127778 1
0 0.649306 0 0.0208333 0
0 0.338889 0 0.0194444 0
0 0.807639 0 0.0208333 0
0 0.508333 0.5 0.127778 1
0 0.649306 0 0.0208333 0
0 0.338889 0 0.0194444 0
0 0.507639 0.5 0.129167 1
0 0.807639 0 0.0208333 0
0 0.649306 0 0.0208333 0
0 0.338889 0 0.0194444 0
0 0.808333 0 0.0194444 0
0 0.509028 0.5 0.129167 1
0 0.649306 0 0.0208333 0
0 0.338889 0 0.0194444 0
0 0.808333 0 0.0194444 0
0 0.509028 0.5 0.129167 1
0 0.649306 0 0.0208333 0
0 0.338889 0 0.0194444 0
0 0.509028 0.5 0.129167 1
0 0.808333 0 0.0194444 0
0 0.649306 0 0.0208333 0
0 0.338889 0 0.0194444 0
0 0.507639 0.5 0.134722 1
0 0.649306 0 0.0208333 0
0 0.808333 0 0.0194444 0
0 0.338889 0 0.0194444 0
0 0.808333 0 0.0194444 0
0 0.649306 0 0.0208333 0
0 0.50625 0.5 0.131944 1
0 0.338889 0 0.0194444 0
0 0.808333 0 0.0194444 0
0 0.505556 0.5 0.130556 1
0 0.338889 0 0.0194444 0
0 0.65 0 0.0194444 0
0 0.338194 0 0.0208333 0
0 0.65 0 0.0194444 0
0 0.505556 0.5 0.130556 1
0 0.808333 0 0.0194444 0
0 0.808333 0 0.0194444 0
0 0.338194 0 0.0208333 0
0 0.504167 0.5 0.133333 1
0 0.649306 0 0.0180556 0
0 0.808333 0 0.0194444 0
0 0.338194 0 0.0208333 0
0 0.502778 0.5 0.133333 1
0 0.649306 0 0.0180556 0
0 0.808333 0 0.0194444 0
0 0.3375 0 0.0194444 0
0 0.649306 0 0.0180556 0
0 0.502778 0.5 0.133333 1
0 0.808333 0 0.0194444 0
0 0.504861 0.5 0.134722 1
0 0.3375 0 0.0194444 0
0 0.65 0 0.0194444 0
0 0.808333 0 0.0194444 0
0 0.3375 0 0.0194444 0
0 0.504861 0.5 0.134722 1
0 0.65 0 0.0194444 0
0 0.808333 0 0.0194444 0
0 0.504861 0.5 0.134722 1
0 0.3375 0 0.0194444 0
0 0.65 0 0.0194444 0
0 0.808333 0 0.0194444 0
0 0.504861 0.5 0.134722 1
0 0.3375 0 0.0194444 0
0 0.65 0 0.0194444 0
0 0.808333 0 0.0194444 0
0 0.649306 0 0.0180556 0
0 0.3375 0 0.0194444 0
0 0.504861 0.5 0.134722 1
0 0.808333 0 0.0194444 0
0 0.504861 0.5 0.134722 1
0 0.3375 0 0.0194444 0
0 0.65 0 0.0194444 0
0 0.808333 0 0.0194444 0
0 0.504861 0.5 0.134722 1
0 0.3375 0 0.0194444 0
0 0.65 0 0.0194444 0
0 0.808333 0 0.0194444 0
0 0.3375 0 0.0194444 0
0 0.504861 0.5 0.134722 1
0 0.65 0 0.0194444 0
0 0.808333 0 0.0194444 0
0 0.3375 0 0.0194444 0
0 0.504861 0.5 0.134722 1
0 0.65 0 0.0194444 0
0 0.808333 0 0.0194444 0
0 0.504861 0.5 0.134722 1
0 0.3375 0 0.0194444 0
0 0.65 0 0.0194444 0
0 0.808333 0 0.0194444 0
0 0.3375 0 0.0194444 0
0 0.504861 0.5 0.134722 1
0 0.65 0 0.0194444 0
0 0.808333 0 0.0194444 0
0 0.3375 0 0.0194444 0
0 0.504861 0.5 0.134722 1
0 0.65 0 0.0194444 0
0 0.808333 0 0.0194444 0
0 0.3375 0 0.0194444 0
0 0.504861 0.5 0.134722 1
0 0.65 0 0.0194444 0
0 0.808333 0 0.0194444 0
0 0.504861 0.5 0.134722 1
0 0.3375 0 0.0194444 0
0 0.65 0 0.0194444 0
0 0.808333 0 0.0194444 0
0 0.3375 0 0.0194444 0
0 0.504861 0.5 0.134722 1
0 0.65 0 0.0194444 0
0 0.808333 0 0.0194444 0
0 0.3375 0 0.0194444 0
0 0.504861 0.5 0.134722 1
0 0.65 0 0.0194444 0
0 0.808333 0 0.0194444 0
0 0.504861 0.5 0.134722 1
0 0.3375 0 0.0194444 0
0 0.65 0 0.0194444 0
0 0.808333 0 0.0194444 0
0 0.3375 0 0.0194444 0
0 0.504861 0.5 0.134722 1
0 0.65 0 0.0194444 0
0 0.808333 0 0.0194444 0
0 0.3375 0 0.0194444 0
0 0.504861 0.5 0.134722 1
0 0.65 0 0.0194444 0
0 0.808333 0 0.0194444 0
0 0.3375 0 0.0194444 0
0 0.504861 0.5 0.134722 1
0 0.65 0 0.0194444 0
0 0.808333 0 0.0194444 0
0 0.504861 0.5 0.134722 1
0 0.3375 0 0.0194444 0
0 0.65 0 0.0194444 0
0 0.808333 0 0.0194444 0
0 0.3375 0 0.0194444 0
0 0.504861 0.5 0.134722 1
0 0.65 0 0.0194444 0
0 0.808333 0 0.0194444 0
0 0.504861 0.5 0.134722 1
0 0.3375 0 0.0194444 0
0 0.65 0 0.0194444 0
0 0.808333 0 0.0194444 0
0 0.3375 0 0.0194444 0
0 0.504861 0.5 0.134722 1
0 0.65 0 0.0194444 0
0 0.808333 0 0.0194444 0
0 0.3375 0 0.0194444 0
0 0.504861 0.5 0.134722 1
0 0.65 0 0.0194444 0
0 0.808333 0 0.0194444 0
0 0.3375 0 0.0194444 0
0 0.504861 0.5 0.134722 1
0 0.65 0 0.0194444 0
0 0.808333 0 0.0194444 0
0 0.3375 0 0.0194444 0
0 0.504861 0.5 0.134722 1
0 0.65 0 0.0194444 0
0 0.808333 0 0.0194444 0
0 0.3375 0 0.0194444 0
0 0.504861 0.5 0.134722 1
0 0.65 0 0.0194444 0
0 0.808333 0 0.0194444 0
0 0.504861 0.5 0.134722 1
0 0.3375 0 0.0194444 0
0 0.65 0 0.0194444 0
0 0.808333 0 0.0194444 0
0 0.3375 0 0.0194444 0
0 0.504861 0.5 0.134722 1
0 0.65 0 0.0194444 0
0 0.808333 0 0.0194444 0
0 0.504861 0.5 0.134722 1
0 0.3375 0 0.0194444 0
0 0.65 0 0.0194444 0
0 0.808333 0 0.0194444 0
0 0.3375 0 0.0194444 0
0 0.504861 0.5 0.134722 1
0 0.65 0 0.0194444 0
0 0.808333 0 0.0194444 0
0 0.3375 0 0.0194444 0
0 0.504861 0.5 0.134722 1
0 0.65 0 0.0194444 0
0 0.808333 0 0.0194444 0
0 0.504861 0.5 0.134722 1
0 0.3375 0 0.0194444 0
0 0.65 0 0.0194444 0
0 0.808333 0 0.0194444 0
0 0.3375 0 0.0194444 0
0 0.504861 0.5 0.134722 1
0 0.65 0 0.0194444 0
0 0.808333 0 0.0194444 0
0 0.3375 0 0.0194444 0
0 0.504861 0.5 0.134722 1
0 0.65 0 0.0194444 0
0 0.808333 0 0.0194444 0
0 0.504861 0.5 0.134722 1
0 0.3375 0 0.0194444 0
0 0.65 0 0.0194444 0
0 0.808333 0 0.0194444 0
0 0.504861 0.5 0.134722 1
0 0.3375 0 0.0194444 0
0 0.65 0 0.0194444 0
0 0.808333 0 0.0194444 0
0 0.504861 0.5 0.134722 1
0 0.3375 0 0.0194444 0
0 0.65 0 0.0194444 0
0 0.808333 0 0.0194444 0
0 0.3375 0 0.0194444 0
0 0.504861 0.5 0.134722 1
0 0.65 0 0.0194444 0
0 0.808333 0 0.0194444 0
0 0.3375 0 0.0194444 0
0 0.504861 0.5 0.134722 1
0 0.65 0 0.0194444 0
0 0.808333 0 0.0194444 0
0 0.3375 0 0.0194444 0
0 0.504861 0.5 0.134722 1
0 0.65 0 0.0194444 0
0 0.808333 0 0.0194444 0
0 0.504861 0.5 0.134722 1
0 0.3375 0 0.0194444 0
0 0.65 0 0.0194444 0
0 0.808333 0 0.0194444 0
0 0.3375 0 0.0194444 0
0 0.504861 0.5 0.134722 1
0 0.65 0 0.0194444 0
0 0.808333 0 0.0194444 0
0 0.3375 0 0.0194444 0
0 0.504861 0.5 0.134722 1
0 0.65 0 0.0194444 0
0 0.808333 0 0.0194444 0
0 0.3375 0 0.0194444 0
0 0.504861 0.5 0.134722 1
0 0.65 0 0.0194444 0
0 0.808333 0 0.0194444 0
0 0.3375 0 0.0194444 0
0 0.504861 0.5 0.134722 1
0 0.65 0 0.0194444 0
0 0.808333 0 0.0194444 0
0 0.504861 0.5 0.134722 1
0 0.3375 0 0.0194444 0
0 0.65 0 0.0194444 0
0 0.808333 0 0.0194444 0
0 0.3375 0 0.0194444 0
0 0.504861 0.5 0.134722 1
0 0.65 0 0.0194444 0
0 0.454861 0 0.0347222 0
0 0.808333 0 0.0194444 0
0 0.505556 0.5 0.136111 1
0 0.65 0 0.0194444 0
0 0.3375 0 0.0194444 0
0 0.453472 0 0.0347222 0
0 0.808333 0 0.0194444 0
0 0.504861 0.5 0.134722 1
0 0.65 0 0.0194444 0
0 0.3375 0 0.0194444 0
0 0.453472 0 0.0347222 0
0 0.808333 0 0.0194444 0
0 0.505556 0.5 0.136111 1
0 0.65 0 0.0194444 0
0 0.3375 0 0.0194444 0
0 0.454167 0 0.0361111 0
0 0.808333 0 0.0194444 0
0 0.65 0 0.0194444 0
0 0.505556 0.5 0.136111 1
0 0.3375 0 0.0194444 0
0 0.453472 0 0.0347222 0
0 0.808333 0 0.0194444 0
0 0.505556 0.5 0.136111 1
0 0.65 0 0.0194444 0
0 0.3375 0 0.0194444 0
0 0.453472 0 0.0347222 0
0 0.808333 0 0.0194444 0
0 0.505556 0.5 0.136111 1
0 0.65 0 0.0194444 0
0 0.3375 0 0.0194444 0
0 0.453472 0 0.0347222 0
0 0.808333 0 0.0194444 0
0 0.504861 0.5 0.134722 1
0 0.3375 0 0.0194444 0
0 0.65 0 0.0194444 0
0 0.454167 0 0.0361111 0
0 0.808333 0 0.0194444 0
0 0.65 0 0.0194444 0
0 0.505556 0.5 0.136111 1
0 0.3375 0 0.0194444 0
0 0.453472 0 0.0347222 0
0 0.808333 0 0.0194444 0
0 0.504861 0.5 0.134722 1
0 0.3375 0 0.0194444 0
0 0.65 0 0.0194444 0
0 0.453472 0 0.0347222 0
0 0.808333 0 0.0194444 0
0 0.504861 0.5 0.134722 1
0 0.65 0 0.0194444 0
0 0.3375 0 0.0194444 0
0 0.808333 0 0.0194444 0
0 0.504861 0.5 0.134722 1
0 0.3375 0 0.0194444 0
0 0.65 0 0.0194444 0
0 0.808333 0 0.0194444 0
0 0.504861 0.5 0.134722 1
0 0.3375 0 0.0194444 0
0 0.65 0 0.0194444 0
0 0.808333 0 0.0194444 0
0 0.504861 0.5 0.134722 1
0 0.3375 0 0.0194444 0
0 0.65 0 0.0194444 0
0 0.808333 0 0.0194444 0
0 0.505556 0.5 0.136111 1
0 0.3375 0 0.0194444 0
0 0.65 0 0.0194444 0
0 0.808333 0 0.0194444 0
0 0.504861 0.5 0.134722 1
0 0.3375 0 0.0194444 0
0 0.65 0 0.0194444 0
0 0.808333 0 0.0194444 0
0 0.504861 0.5 0.134722 1
0 0.3375 0 0.0194444 0
0 0.65 0 0.0194444 0
0 0.808333 0 0.0194444 0
0 0.504861 0.5 0.134722 1
0 0.3375 0 0.0194444 0
0 0.65 0 0.0194444 0
0 0.808333 0 0.0194444 0
0 0.504861 0.5 0.134722 1
0 0.65 0 0.0194444 0
0 0.3375 0 0.0194444 0
0 0.808333 0 0.0194444 0
0 0.504861 0.5 0.134722 1
0 0.3375 0 0.0194444 0
0 0.65 0 0.0194444 0
0 0.808333 0 0.0194444 0
0 0.504861 0.5 0.134722 1
0 0.65 0 0.0194444 0
0 0.3375 0 0.0194444 0
0 0.808333 0 0.0194444 0
0 0.504861 0.5 0.134722 1
0 0.65 0 0.0194444 0
0 0.3375 0 0.0194444 0
0 0.808333 0 0.0194444 0
0 0.504861 0.5 0.134722 1
0 0.3375 0 0.0194444 0
0 0.65 0 0.0194444 0
0 0.808333 0 0.0194444 0
0 0.504861 0.5 0.134722 1
0 0.3375 0 0.0194444 0
0 0.65 0 0.0194444 0
0 0.808333 0 0.0194444 0
0 0.504861 0.5 0.134722 1
0 0.65 0 0.0194444 0
0 0.338194 0 0.0208333 0
0 0.808333 0 0.0194444 0
0 0.504861 0.5 0.134722 1
0 0.3375 0 0.0194444 0
0 0.65 0 0.0194444 0
0 0.808333 0 0.0194444 0
0 0.504861 0.5 0.134722 1
0 0.3375 0 0.0194444 0
0 0.65 0 0.0194444 0
0 0.808333 0 0.0194444 0
0 0.504861 0.5 0.134722 1
0 0.3375 0 0.0194444 0
0 0.65 0 0.0194444 0
0 0.808333 0 0.0194444 0
0 0.3375 0 0.0194444 0
0 0.504861 0.5 0.134722 1
0 0.65 0 0.0194444 0
0 0.808333 0 0.0194444 0
0 0.3375 0 0.0194444 0
0 0.504861 0.5 0.134722 1
0 0.65 0 0.0194444 0
0 0.808333 0 0.0194444 0
0 0.504861 0.5 0.134722 1
0 0.3375 0 0.0194444 0
0 0.65 0 0.0194444 0
0 0.808333 0 0.0194444 0
0 0.3375 0 0.0194444 0
0 0.504861 0.5 0.134722 1
0 0.65 0 0.0194444 0
0 0.808333 0 0.0194444 0
0 0.504861 0.5 0.134722 1
0 0.3375 0 0.0194444 0
0 0.65 0 0.0194444 0
0 0.808333 0 0.0194444 0
0 0.504861 0.5 0.134722 1
0 0.3375 0 0.0194444 0
0 0.65 0 0.0194444 0
0 0.808333 0 0.0194444 0
0 0.3375 0 0.0194444 0
0 0.504861 0.5 0.134722 1
0 0.65 0 0.0194444 0
0 0.808333 0 0.0194444 0
0 0.3375 0 0.0194444 0
0 0.504861 0.5 0.134722 1
0 0.65 0 0.0194444 0
0 0.808333 0 0.0194444 0
0 0.3375 0 0.0194444 0
0 0.504861 0.5 0.134722 1
0 0.65 0 0.0194444 0
0 0.808333 0 0.0194444 0
0 0.3375 0 0.0194444 0
0 0.504861 0.5 0.134722 1
0 0.65 0 0.0194444 0
0 0.808333 0 0.0194444 0
0 0.3375 0 0.0194444 0
0 0.504861 0.5 0.134722 1
0 0.65 0 0.0194444 0
0 0.808333 0 0.0194444 0
0 0.504861 0.5 0.134722 1
0 0.3375 0 0.0194444 0
0 0.65 0 0.0194444 0
0 0.808333 0 0.0194444 0
0 0.3375 0 0.0194444 0
0 0.504861 0.5 0.134722 1
0 0.65 0 0.0194444 0
0 0.808333 0 0.0194444 0
0 0.504861 0.5 0.134722 1
0 0.3375 0 0.0194444 0
0 0.65 0 0.0194444 0
0 0.808333 0 0.0194444 0
0 0.3375 0 0.0194444 0
0 0.504861 0.5 0.134722 1
0 0.65 0 0.0194444 0
0 0.808333 0 0.0194444 0
0 0.3375 0 0.0194444 0
0 0.504861 0.5 0.134722 1
0 0.65 0 0.0194444 0
0 0.808333 0 0.0194444 0
0 0.504861 0.5 0.134722 1
0 0.3375 0 0.0194444 0
0 0.65 0 0.0194444 0
0 0.808333 0 0.0194444 0
0 0.3375 0 0.0194444 0
0 0.504861 0.5 0.134722 1
0 0.65 0 0.0194444 0
0 0.808333 0 0.0194444 0
0 0.504861 0.5 0.134722 1
0 0.3375 0 0.0194444 0
0 0.65 0 0.0194444 0
0 0.808333 0 0.0194444 0
0 0.3375 0 0.0194444 0
0 0.65 0 0.0194444 0
0 0.504861 0.5 0.134722 1
0 0.808333 0 0.0194444 0
0 0.504861 0.5 0.134722 1
0 0.3375 0 0.0194444 0
0 0.65 0 0.0194444 0
0 0.808333 0 0.0194444 0
0 0.649306 0 0.0180556 0
0 0.504861 0.5 0.134722 1
0 0.3375 0 0.0194444 0
0 0.808333 0 0.0194444 0
0 0.504861 0.5 0.134722 1
0 0.3375 0 0.0194444 0
0 0.65 0 0.0194444 0
0 0.808333 0 0.0194444 0
0 0.504861 0.5 0.134722 1
0 0.3375 0 0.0194444 0
0 0.65 0 0.0194444 0
0 0.808333 0 0.0194444 0
0 0.504861 0.5 0.134722 1
0 0.3375 0 0.0194444 0
0 0.65 0 0.0194444 0
0 0.808333 0 0.0194444 0
0 0.3375 0 0.0194444 0
0 0.504861 0.5 0.134722 1
0 0.65 0 0.0194444 0
0 0.808333 0 0.0194444 0
0 0.3375 0 0.0194444 0
0 0.504861 0.5 0.134722 1
0 0.65 0 0.0194444 0
0 0.808333 0 0.0194444 0
0 0.3375 0 0.0194444 0
0 0.504861 0.5 0.134722 1
0 0.65 0 0.0194444 0
0 0.808333 0 0.0194444 0
0 0.3375 0 0.0194444 0
0 0.649306 0 0.0180556 0
0 0.504861 0.5 0.134722 1
0 0.808333 0 0.0194444 0
0 0.3375 0 0.0194444 0
0 0.504861 0.5 0.134722 1
0 0.65 0 0.0194444 0
0 0.808333 0 0.0194444 0
0 0.3375 0 0.0194444 0
0 0.504861 0.5 0.134722 1
0 0.65 0 0.0194444 0
0 0.808333 0 0.0194444 0
0 0.3375 0 0.0194444 0
0 0.504861 0.5 0.134722 1
0 0.65 0 0.0194444 0
0 0.808333 0 0.0194444 0
0 0.3375 0 0.0194444 0
0 0.504861 0.5 0.134722 1
0 0.65 0 0.0194444 0
0 0.808333 0 0.0194444 0
0 0.3375 0 0.0194444 0
0 0.504861 0.5 0.134722 1
0 0.65 0 0.0194444 0
0 0.808333 0 0.0194444 0
0 0.649306 0 0.0180556 0
0 0.504861 0.5 0.134722 1
0 0.3375 0 0.0194444 0
0 0.808333 0 0.0194444 0
0 0.3375 0 0.0194444 0
0 0.505556 0.5 0.136111 1
0 0.65 0 0.0194444 0
0 0.808333 0 0.0194444 0
0 0.504861 0.5 0.134722 1
0 0.3375 0 0.0194444 0
0 0.65 0 0.0194444 0
0 0.808333 0 0.0194444 0
0 0.504861 0.5 0.134722 1
0 0.3375 0 0.0194444 0
0 0.65 0 0.0194444 0
0 0.808333 0 0.0194444 0
0 0.3375 0 0.0194444 0
0 0.504861 0.5 0.134722 1
0 0.65 0 0.0194444 0
0 0.808333 0 0.0194444 0
0 0.504861 0.5 0.134722 1
0 0.3375 0 0.0194444 0
0 0.65 0 0.0194444 0
0 0.808333 0 0.0194444 0
0 0.504861 0.5 0.134722 1
0 0.3375 0 0.0194444 0
0 0.65 0 0.0194444 0
0 0.808333 0 0.0194444 0
0 0.504861 0.5 0.134722 1
0 0.65 0 0.0194444 0
0 0.3375 0 0.0194444 0
0 0.808333 0 0.0194444 0
0 0.3375 0 0.0194444 0
0 0.504861 0.5 0.134722 1
0 0.65 0 0.0194444 0
0 0.808333 0 0.0194444 0
0 0.3375 0 0.0194444 0
0 0.504861 0.5 0.134722 1
0 0.65 0 0.0194444 0
0 0.808333 0 0.0194444 0
0 0.3375 0 0.0194444 0
0 0.504861 0.5 0.134722 1
0 0.65 0 0.0194444 0
0 0.808333 0 0.0194444 0
0 0.3375 0 0.0194444 0
0 0.504861 0.5 0.134722 1
0 0.65 0 0.0194444 0
0 0.808333 0 0.0194444 0
0 0.3375 0 0.0194444 0
0 0.504861 0.5 0.134722 1
0 0.65 0 0.0194444 0
0 0.808333 0 0.0194444 0
0 0.3375 0 0.0194444 0
0 0.504861 0.5 0.134722 1
0 0.65 0 0.0194444 0
0 0.808333 0 0.0194444 0
0 0.504861 0.5 0.134722 1
0 0.3375 0 0.0194444 0
0 0.65 0 0.0194444 0
0 0.808333 0 0.0194444 0
0 0.504861 0.5 0.134722 1
0 0.3375 0 0.0194444 0
0 0.65 0 0.0194444 0
0 0.808333 0 0.0194444 0
0 0.504861 0.5 0.134722 1
0 0.3375 0 0.0194444 0
0 0.65 0 0.0194444 0
0 0.808333 0 0.0194444 0
0 0.504861 0.5 0.134722 1
0 0.3375 0 0.0194444 0
0 0.65 0 0.0194444 0
0 0.808333 0 0.0194444 0
0 0.3375 0 0.0194444 0
0 0.504861 0.5 0.134722 1
0 0.65 0 0.0194444 0
0 0.808333 0 0.0194444 0
0 0.504861 0.5 0.134722 1
0 0.3375 0 0.0194444 0
0 0.65 0 0.0194444 0
0 0.808333 0 0.0194444 0
0 0.3375 0 0.0194444 0
0 0.504861 0.5 0.134722 1
0 0.65 0 0.0194444 0
0 0.808333 0 0.0194444 0
0 0.3375 0 0.0194444 0
0 0.65 0 0.0194444 0
0 0.504861 0.5 0.134722 1
0 0.808333 0 0.0194444 0
0 0.504861 0.5 0.134722 1
0 0.3375 0 0.0194444 0
0 0.65 0 0.0194444 0
0 0.808333 0 0.0194444 0
0 0.3375 0 0.0194444 0
0 0.649306 0 0.0180556 0
0 0.504861 0.5 0.134722 1
0 0.808333 0 0.0194444 0
0 0.504861 0.5 0.134722 1
0 0.3375 0 0.0194444 0
0 0.65 0 0.0194444 0
0 0.808333 0 0.0194444 0
0 0.3375 0 0.0194444 0
0 0.504861 0.5 0.134722 1
0 0.65 0 0.0194444 0
0 0.808333 0 0.0194444 0
0 0.3375 0 0.0194444 0
0 0.504861 0.5 0.134722 1
0 0.65 0 0.0194444 0
0 0.808333 0 0.0194444 0
0 0.504861 0.5 0.134722 1
0 0.3375 0 0.0194444 0
0 0.65 0 0.0194444 0
0 0.808333 0 0.0194444 0
0 0.504861 0.5 0.134722 1
0 0.3375 0 0.0194444 0
0 0.65 0 0.0194444 0
0 0.808333 0 0.0194444 0
0 0.504861 0.5 0.134722 1
0 0.3375 0 0.0194444 0
0 0.65 0 0.0194444 0
0 0.454167 0 0.0361111 0
0 0.808333 0 0.0194444 0
0 0.504861 0.5 0.134722 1
0 0.65 0 0.0194444 0
0 0.3375 0 0.0194444 0
0 0.808333 0 0.0194444 0
0 0.504861 0.5 0.134722 1
0 0.65 0 0.0194444 0
0 0.3375 0 0.0194444 0
0 0.454167 0 0.0361111 0
0 0.808333 0 0.0194444 0
0 0.504861 0.5 0.134722 1
0 0.65 0 0.0194444 0
0 0.3375 0 0.0194444 0
0 0.453472 0 0.0347222 0
0 0.808333 0 0.0194444 0
0 0.504861 0.5 0.134722 1
0 0.65 0 0.0194444 0
0 0.3375 0 0.0194444 0
0 0.453472 0 0.0347222 0
0 0.808333 0 0.0194444 0
0 0.504861 0.5 0.134722 1
0 0.3375 0 0.0194444 0
0 0.65 0 0.0194444 0
