0 0.572222 0 0.0111111 0
0 0.442361 1 0.0291667 0
0 0.572222 0 0.0111111 0
0 0.442361 1 0.0291667 0
0 0.572222 0 0.0111111 0
0 0.442361 1 0.0291667 0
0 0.572222 0 0.0111111 0
0 0.442361 1 0.0291667 0
0 0.572222 0 0.0111111 0
0 0.442361 1 0.0291667 0
0 0.442361 1 0.0291667 0
0 0.572222 0 0.0111111 0
0 0.442361 1 0.0291667 0
0 0.572222 0 0.0111111 0
0 0.442361 1 0.0291667 0
0 0.572222 0 0.0111111 0
0 0.442361 1 0.0291667 0
0 0.572222 0 0.0111111 0
0 0.442361 1 0.0291667 0
0 0.572222 0 0.0111111 0
0 0.442361 1 0.0291667 0
0 0.442361 1 0.0291667 0
0 0.572222 0 0.0111111 0
0 0.442361 1 0.0291667 0
0 0.442361 1 0.0291667 0
0 0.572222 0 0.0111111 0
0 0.442361 1 0.0291667 0
0 0.572222 0 0.0111111 0
0 0.442361 1 0.0291667 0
0 0.572222 0 0.0111111 0
0 0.442361 1 0.0291667 0
0 0.572222 0 0.0111111 0
0 0.442361 1 0.0291667 0
0 0.572222 0 0.0111111 0
0 0.442361 1 0.0291667 0
0 0.442361 1 0.0291667 0
0 0.572222 0 0.0111111 0
0 0.442361 1 0.0291667 0
0 0.442361 1 0.0291667 0
0 0.572222 0 0.0111111 0
0 0.442361 1 0.0291667 0
0 0.571528 0 0.00972222 0
0 0.442361 1 0.0291667 0
0 0.572222 0 0.0111111 0
0 0.442361 1 0.0291667 0
0 0.572222 0 0.0111111 0
0 0.442361 1 0.0291667 0
0 0.572222 0 0.0111111 0
0 0.442361 1 0.0291667 0
0 0.572222 0 0.0111111 0
0 0.442361 1 0.0291667 0
0 0.442361 1 0.0291667 0
0 0.572222 0 0.0111111 0
0 0.442361 1 0.0291667 0
0 0.572222 0 0.0111111 0
0 0.442361 1 0.0291667 0
0 0.572222 0 0.0111111 0
0 0.442361 1 0.0291667 0
0 0.572222 0 0.0111111 0
0 0.442361 1 0.0291667 0
0 0.572222 0 0.0111111 0
0 0.442361 1 0.0291667 0
0 0.573611 0 0.0111111 0
0 0.375694 0 0.0125 0
0 0.443056 1 0.0305556 0
0 0.573611 0 0.0111111 0
0 0.44375 1 0.0291667 0
0 0.575 0 0.0111111 0
0 0.445139 1 0.0291667 0
0 0.377083 0 0.0125 0
0 0.575694 0 0.0125 0
0 0.446528 1 0.0291667 0
0 0.575694 0 0.0125 0
0 0.447222 1 0.0305556 0
0 0.577083 0 0.0125 0
0 0.447222 1 0.0305556 0
0 0.577083 0 0.00972222 0
0 0.448611 1 0.0305556 0
0 0.377778 0 0.0138889 0
0 0.577778 0 0.0111111 0
0 0.450694 1 0.0319444 0
0 0.579167 0 0.0111111 0
0 0.451389 1 0.0333333 0
0 0.58125 0 0.0125 0
0 0.452778 1 0.0333333 0
0 0.454167 1 0.0305556 0
0 0.583333 0 0.0138889 0
0 0.454861 1 0.0319444 0
0 0.584722 0 0.0111111 0
0 0.455556 1 0.0305556 0
0 0.584722 0 0.0111111 0
0 0.45625 1 0.0291667 0
0 0.515972 0 0.0347222 0
0 0.458333 1 0.0277778 0
0 0.588889 0 0.0111111 0
0 0.460417 1 0.0263889 0
0 0.593056 0 0.0111111 0
0 0.520833 0 0.0361111 0
0 0.461111 1 0.0222222 0
0 0.593056 0 0.0111111 0
0 0.520833 0 0.0361111 0
0 0.461111 1 0.0222222 0
0 0.381944 0 0.0138889 0
0 0.595833 0 0.0138889 0
0 0.46875 1 0.0319444 0
0 0.596528 0 0.0125 0
0 0.470833 1 0.0333333 0
0 0.381944 0 0.0138889 0
0 0.597917 0 0.0125 0
0 0.474306 1 0.0375 0
0 0.599306 0 0.0125 0
0 0.475694 1 0.0375 0
0 0.383333 0 0.0138889 0
0 0.600694 0 0.0125 0
0 0.477778 1 0.0361111 0
0 0.492361 1 0.0125 0
0 0.384028 0 0.0152778 0
0 0.481944 1 0.0333333 0
0 0.601389 0 0.0138889 0
0 0.491667 1 0.0194444 0
0 0.602083 0 0.0125 0
0 0.491667 1 0.0194444 0
0 0.602083 0 0.0125 0
0 0.491667 1 0.0194444 0
0 0.602083 0 0.0125 0
0 0.491667 1 0.0194444 0
0 0.602083 0 0.0125 0
0 0.491667 1 0.0194444 0
0 0.602083 0 0.0125 0
0 0.491667 1 0.0194444 0
0 0.602083 0 0.0125 0
0 0.491667 1 0.0194444 0
0 0.602083 0 0.0125 0
0 0.491667 1 0.0194444 0
0 0.602083 0 0.0125 0
0 0.491667 1 0.0194444 0
0 0.602083 0 0.0125 0
0 0.491667 1 0.0194444 0
0 0.602083 0 0.0125 0
0 0.491667 1 0.0194444 0
0 0.602083 0 0.0125 0
0 0.491667 1 0.0194444 0
0 0.602083 0 0.0125 0
0 0.491667 1 0.0194444 0
0 0.602083 0 0.0125 0
0 0.491667 1 0.0194444 0
0 0.602083 0 0.0125 0
0 0.491667 1 0.0194444 0
0 0.602083 0 0.0125 0
0 0.491667 1 0.0194444 0
0 0.602083 0 0.0125 0
0 0.491667 1 0.0194444 0
0 0.602083 0 0.0125 0
0 0.488889 1 0.0333333 0
0 0.603472 0 0.0125 0
0 0.494444 1 0.0166667 0
0 0.547222 0 0.0388889 0
0 0.627778 0 0.0138889 0
0 0.527083 1 0.0486111 0
0 0.627778 0 0.0138889 0
0 0.548611 0 0.0416667 0
0 0.528472 1 0.0486111 0
0 0.629861 0 0.0152778 0
0 0.751389 0 0.0138889 0
0 0.549306 0 0.0402778 0
0 0.390278 0 0.0138889 0
0 0.531944 1 0.05 0
0 0.630556 0 0.0138889 0
0 0.390278 0 0.0138889 0
0 0.533333 1 0.05 0
0 0.630556 0 0.0138889 0
0 0.533333 1 0.05 0
0 0.389583 0 0.0125 0
0 0.632639 0 0.0152778 0
0 0.535417 1 0.0513889 0
0 0.390278 0 0.0138889 0
0 0.631944 0 0.0166667 0
0 0.536806 1 0.0513889 0
0 0.633333 0 0.0166667 0
0 0.552778 0 0.0444444 0
0 0.390278 0 0.0138889 0
0 0.538889 1 0.0611111 0
0 0.552083 0 0.0402778 0
0 0.389583 0 0.0152778 0
0 0.634722 0 0.0138889 0
0 0.539583 1 0.0541667 0
0 0.542361 1 0.0541667 0
0 0.554167 0 0.0416667 0
0 0.636806 0 0.0152778 0
0 0.543056 1 0.0555556 0
0 0.554861 0 0.0430556 0
0 0.544444 1 0.0555556 0
0 0.638194 0 0.0152778 0
0 0.554861 0 0.0486111 0
0 0.544444 1 0.0555556 0
0 0.638194 0 0.0152778 0
0 0.545833 1 0.0583333 0
0 0.386806 0 0.0152778 0
0 0.638889 0 0.0138889 0
0 0.547222 1 0.0694444 0
0 0.386806 0 0.0152778 0
0 0.640278 0 0.0166667 0
0 0.546528 1 0.0597222 0
0 0.385417 0 0.0180556 0
0 0.555556 0 0.0444444 0
0 0.640972 0 0.0152778 0
0 0.548611 1 0.0611111 0
0 0.556944 0 0.0472222 0
0 0.641667 0 0.0138889 0
0 0.549306 1 0.0625 0
0 0.384722 0 0.0166667 0
0 0.642361 0 0.0125 0
0 0.549306 1 0.0625 0
0 0.642361 0 0.0152778 0
0 0.384722 0 0.0166667 0
0 0.55 1 0.0638889 0
0 0.64375 0 0.0152778 0
0 0.383333 0 0.0166667 0
0 0.550694 1 0.0652778 0
0 0.383333 0 0.0166667 0
0 0.64375 0 0.0152778 0
0 0.550694 1 0.0652778 0
0 0.55 1 0.0666667 0
0 0.646528 0 0.0180556 0
0 0.55 1 0.0694444 0
0 0.645139 0 0.0180556 0
0 0.55 1 0.0777778 0
0 0.380556 0 0.0166667 0
0 0.645139 0 0.0152778 0
0 0.549306 1 0.0708333 0
0 0.379167 0 0.0166667 0
0 0.645139 0 0.0152778 0
0 0.548611 1 0.0722222 0
0 0.377778 0 0.0166667 0
0 0.782639 0 0.0152778 0
0 0.644444 0 0.0166667 0
0 0.546528 1 0.0736111 0
0 0.377083 0 0.0152778 0
0 0.781944 0 0.0166667 0
0 0.644444 0 0.0166667 0
0 0.546528 1 0.0736111 0
0 0.238889 0 0.0166667 0
0 0.644444 0 0.0166667 0
0 0.376389 0 0.0166667 0
0 0.781944 0 0.0166667 0
0 0.544444 1 0.075 0
0 0.644444 0 0.0194444 0
0 0.781944 0 0.0166667 0
0 0.375 0 0.0166667 0
0 0.54375 1 0.0763889 0
0 0.374306 0 0.0180556 0
0 0.645139 0 0.0180556 0
0 0.542361 1 0.0763889 0
0 0.541667 1 0.0777778 0
0 0.644444 0 0.0194444 0
0 0.539583 1 0.0791667 0
0 0.64375 0 0.0180556 0
0 0.538194 1 0.0791667 0
0 0.372917 0 0.0180556 0
0 0.64375 0 0.0180556 0
0 0.536806 1 0.0791667 0
0 0.64375 0 0.0152778 0
0 0.371528 0 0.0180556 0
0 0.534722 1 0.0833333 0
0 0.370833 0 0.0166667 0
0 0.643056 0 0.0166667 0
0 0.533333 1 0.0833333 0
0 0.782639 0 0.0180556 0
0 0.370833 0 0.0166667 0
0 0.64375 0 0.0152778 0
0 0.531944 1 0.0833333 0
0 0.783333 0 0.0166667 0
0 0.370139 0 0.0152778 0
0 0.643056 0 0.0138889 0
0 0.528472 1 0.0847222 0
0 0.369444 0 0.0166667 0
0 0.783333 0 0.0166667 0
0 0.642361 0 0.0152778 0
0 0.527778 1 0.0833333 0
0 0.783333 0 0.0166667 0
0 0.643056 0 0.0166667 0
0 0.527083 1 0.0819444 0
0 0.783333 0 0.0166667 0
0 0.643056 0 0.0166667 0
0 0.526389 1 0.0805556 0
0 0.642361 0 0.0152778 0
0 0.525 1 0.0805556 0
0 0.366667 0 0.0166667 0
0 0.642361 0 0.0180556 0
0 0.524306 1 0.0791667 0
0 0.365972 0 0.0180556 0
0 0.642361 0 0.0180556 0
0 0.523611 1 0.075 0
0 0.365972 0 0.0180556 0
0 0.642361 0 0.0180556 0
0 0.524306 1 0.0736111 0
0 0.784028 0 0.0180556 0
0 0.365278 0 0.0166667 0
0 0.642361 0 0.0180556 0
0 0.522917 1 0.0736111 0
0 0.784028 0 0.0180556 0
0 0.364583 0 0.0152778 0
0 0.642361 0 0.0180556 0
0 0.522917 1 0.0708333 0
0 0.550694 0 0.0486111 0
0 0.363889 0 0.0166667 0
0 0.642361 0 0.0180556 0
0 0.522222 1 0.0722222 0
0 0.784028 0 0.0208333 0
0 0.642361 0 0.0180556 0
0 0.363889 0 0.0166667 0
0 0.522222 1 0.0722222 0
0 0.363194 0 0.0152778 0
0 0.642361 0 0.0180556 0
0 0.521528 1 0.0680556 0
0 0.3625 0 0.0166667 0
0 0.642361 0 0.0180556 0
0 0.521528 1 0.0680556 0
0 0.642361 0 0.0180556 0
0 0.521528 1 0.0680556 0
0 0.361806 0 0.0180556 0
0 0.642361 0 0.0180556 0
0 0.521528 1 0.0680556 0
0 0.361806 0 0.0180556 0
0 0.642361 0 0.0180556 0
0 0.521528 1 0.0708333 0
0 0.643056 0 0.0166667 0
0 0.521528 1 0.0680556 0
0 0.361111 0 0.0194444 0
0 0.643056 0 0.0166667 0
0 0.521528 1 0.0708333 0
0 0.643056 0 0.0194444 0
0 0.521528 1 0.0736111 0
0 0.361111 0 0.0166667 0
0 0.64375 0 0.0180556 0
0 0.522222 1 0.0722222 0
0 0.643056 0 0.0166667 0
0 0.521528 1 0.0763889 0
0 0.64375 0 0.0180556 0
0 0.522222 1 0.0722222 0
0 0.643056 0 0.0194444 0
0 0.523611 1 0.0722222 0
0 0.55 0 0.05 0
0 0.523611 1 0.0722222 0
0 0.643056 0 0.0194444 0
0 0.525 1 0.0694444 0
0 0.643056 0 0.0194444 0
0 0.525 1 0.0694444 0
0 0.64375 0 0.0180556 0
0 0.525 1 0.0694444 0
0 0.643056 0 0.0194444 0
0 0.525694 1 0.0708333 0
0 0.55 0 0.05 0
0 0.64375 0 0.0180556 0
0 0.526389 1 0.0722222 0
0 0.643056 0 0.0194444 0
0 0.526389 1 0.0722222 0
0 0.55 0 0.0472222 0
0 0.3625 0 0.0194444 0
0 0.644444 0 0.0194444 0
0 0.526389 1 0.075 0
0 0.55 0 0.0472222 0
0 0.644444 0 0.0194444 0
0 0.3625 0 0.0194444 0
0 0.526389 1 0.075 0
0 0.644444 0 0.0194444 0
0 0.55 0 0.0527778 0
0 0.527083 1 0.0763889 0
0 0.789583 0 0.0180556 0
0 0.645139 0 0.0180556 0
0 0.527778 1 0.0777778 0
0 0.361806 0 0.0180556 0
0 0.789583 0 0.0180556 0
0 0.645139 0 0.0180556 0
0 0.527778 1 0.0777778 0
0 0.789583 0 0.0180556 0
0 0.645139 0 0.0180556 0
0 0.528472 1 0.0791667 0
0 0.645139 0 0.0180556 0
0 0.529167 1 0.0805556 0
0 0.790278 0 0.0194444 0
0 0.645139 0 0.0180556 0
0 0.529861 1 0.0819444 0
0 0.790278 0 0.0194444 0
0 0.645139 0 0.0180556 0
0 0.530556 1 0.0805556 0
0 0.363889 0 0.0166667 0
0 0.790278 0 0.0194444 0
0 0.645139 0 0.0180556 0
0 0.530556 1 0.0805556 0
0 0.364583 0 0.0180556 0
0 0.790278 0 0.0194444 0
0 0.646528 0 0.0180556 0
0 0.531944 1 0.0805556 0
0 0.790278 0 0.0194444 0
0 0.645833 0 0.0194444 0
0 0.532639 1 0.0819444 0
0 0.790278 0 0.0194444 0
0 0.364583 0 0.0180556 0
0 0.646528 0 0.0180556 0
0 0.532639 1 0.0819444 0
0 0.364583 0 0.0180556 0
0 0.790278 0 0.0194444 0
0 0.646528 0 0.0208333 0
0 0.533333 1 0.0833333 0
0 0.364583 0 0.0180556 0
0 0.646528 0 0.0208333 0
0 0.534028 1 0.0819444 0
0 0.552778 0 0.0472222 0
0 0.364583 0 0.0180556 0
0 0.647222 0 0.0194444 0
0 0.535417 1 0.0819444 0
0 0.553472 0 0.0458333 0
0 0.364583 0 0.0180556 0
0 0.647222 0 0.0194444 0
0 0.535417 1 0.0819444 0
0 0.220139 0 0.0180556 0
0 0.365278 0 0.0166667 0
0 0.647917 0 0.0180556 0
0 0.5375 1 0.0861111 0
0 0.220833 0 0.0166667 0
0 0.365972 0 0.0180556 0
0 0.647917 0 0.0180556 0
0 0.5375 1 0.0861111 0
0 0.555556 0 0.05 0
0 0.648611 0 0.0194444 0
0 0.220833 0 0.0166667 0
0 0.365972 0 0.0180556 0
0 0.538194 1 0.0875 0
0 0.220833 0 0.0166667 0
0 0.554861 0 0.0486111 0
0 0.365972 0 0.0180556 0
0 0.648611 0 0.0194444 0
0 0.538889 1 0.0861111 0
0 0.365972 0 0.0180556 0
0 0.554861 0 0.0513889 0
0 0.221528 0 0.0180556 0
0 0.649306 0 0.0180556 0
0 0.538889 1 0.0861111 0
0 0.555556 0 0.05 0
0 0.365972 0 0.0180556 0
0 0.649306 0 0.0180556 0
0 0.539583 1 0.0875 0
0 0.55625 0 0.0513889 0
0 0.648611 0 0.0194444 0
0 0.540972 1 0.0875 0
0 0.365972 0 0.0180556 0
0 0.649306 0 0.0180556 0
0 0.540972 1 0.0875 0
0 0.648611 0 0.0194444 0
0 0.540972 1 0.0875 0
0 0.221528 0 0.0180556 0
0 0.647917 0 0.0180556 0
0 0.366667 0 0.0166667 0
0 0.540972 1 0.0875 0
0 0.367361 0 0.0180556 0
0 0.648611 0 0.0166667 0
0 0.541667 1 0.0888889 0
0 0.367361 0 0.0180556 0
0 0.648611 0 0.0166667 0
0 0.541667 1 0.0888889 0
0 0.79375 0 0.0180556 0
0 0.366667 0 0.0194444 0
0 0.648611 0 0.0166667 0
0 0.542361 1 0.0902778 0
0 0.794444 0 0.0194444 0
0 0.647917 0 0.0180556 0
0 0.542361 1 0.0902778 0
0 0.79375 0 0.0180556 0
0 0.649306 0 0.0180556 0
0 0.541667 1 0.0888889 0
0 0.794444 0 0.0194444 0
0 0.649306 0 0.0180556 0
0 0.541667 1 0.0888889 0
0 0.79375 0 0.0180556 0
0 0.649306 0 0.0180556 0
0 0.541667 1 0.0888889 0
0 0.79375 0 0.0180556 0
0 0.649306 0 0.0180556 0
0 0.542361 1 0.0902778 0
0 0.648611 0 0.0166667 0
0 0.541667 1 0.0888889 0
0 0.647917 0 0.0180556 0
0 0.542361 1 0.0902778 0
0 0.649306 0 0.0180556 0
0 0.542361 1 0.0902778 0
0 0.648611 0 0.0166667 0
0 0.542361 1 0.0902778 0
0 0.648611 0 0.0194444 0
0 0.542361 1 0.0902778 0
0 0.649306 0 0.0180556 0
0 0.542361 1 0.0902778 0
0 0.649306 0 0.0180556 0
0 0.541667 1 0.0888889 0
0 0.649306 0 0.0180556 0
0 0.541667 1 0.0888889 0
0 0.65 0 0.0166667 0
0 0.542361 1 0.0902778 0
0 0.649306 0 0.0180556 0
0 0.542361 1 0.0902778 0
0 0.649306 0 0.0180556 0
0 0.542361 1 0.0902778 0
0 0.649306 0 0.0152778 0
0 0.542361 1 0.0902778 0
0 0.648611 0 0.0166667 0
0 0.541667 1 0.0888889 0
0 0.649306 0 0.0180556 0
0 0.542361 1 0.0902778 0
0 0.794444 0 0.0166667 0
0 0.649306 0 0.0152778 0
0 0.541667 1 0.0888889 0
0 0.36875 0 0.0180556 0
0 0.79375 0 0.0180556 0
0 0.649306 0 0.0152778 0
0 0.541667 1 0.0888889 0
0 0.648611 0 0.0166667 0
0 0.542361 1 0.0902778 0
0 0.368056 0 0.0194444 0
0 0.79375 0 0.0180556 0
0 0.648611 0 0.0166667 0
0 0.541667 1 0.0888889 0
0 0.79375 0 0.0180556 0
0 0.649306 0 0.0180556 0
0 0.541667 1 0.0916667 0
0 0.79375 0 0.0180556 0
0 0.649306 0 0.0180556 0
0 0.541667 1 0.0916667 0
0 0.556944 0 0.05 0
0 0.79375 0 0.0180556 0
0 0.648611 0 0.0166667 0
0 0.542361 1 0.0902778 0
0 0.556944 0 0.0527778 0
0 0.79375 0 0.0180556 0
0 0.648611 0 0.0166667 0
0 0.542361 1 0.0902778 0
0 0.794444 0 0.0166667 0
0 0.648611 0 0.0166667 0
0 0.543056 1 0.0916667 0
0 0.79375 0 0.0180556 0
0 0.649306 0 0.0152778 0
0 0.542361 1 0.0902778 0
0 0.79375 0 0.0180556 0
0 0.648611 0 0.0166667 0
0 0.542361 1 0.0902778 0
0 0.79375 0 0.0180556 0
0 0.648611 0 0.0166667 0
0 0.542361 1 0.0902778 0
0 0.79375 0 0.0180556 0
0 0.648611 0 0.0166667 0
0 0.542361 1 0.0902778 0
0 0.79375 0 0.0180556 0
0 0.648611 0 0.0166667 0
0 0.542361 1 0.0902778 0
0 0.79375 0 0.0180556 0
0 0.649306 0 0.0152778 0
0 0.542361 1 0.0902778 0
0 0.79375 0 0.0180556 0
0 0.649306 0 0.0152778 0
0 0.542361 1 0.0902778 0
0 0.79375 0 0.0180556 0
0 0.649306 0 0.0152778 0
0 0.542361 1 0.0902778 0
0 0.79375 0 0.0180556 0
0 0.649306 0 0.0152778 0
0 0.542361 1 0.0902778 0
0 0.79375 0 0.0180556 0
0 0.649306 0 0.0152778 0
0 0.542361 1 0.0902778 0
0 0.79375 0 0.0180556 0
0 0.649306 0 0.0152778 0
0 0.542361 1 0.0902778 0
0 0.79375 0 0.0180556 0
0 0.649306 0 0.0152778 0
0 0.542361 1 0.0902778 0
0 0.79375 0 0.0180556 0
0 0.649306 0 0.0152778 0
0 0.542361 1 0.0902778 0
0 0.79375 0 0.0180556 0
0 0.649306 0 0.0152778 0
0 0.542361 1 0.0902778 0
0 0.79375 0 0.0180556 0
0 0.649306 0 0.0152778 0
0 0.542361 1 0.0902778 0
0 0.794444 0 0.0166667 0
0 0.649306 0 0.0152778 0
0 0.542361 1 0.0902778 0
0 0.79375 0 0.0180556 0
0 0.649306 0 0.0152778 0
0 0.542361 1 0.0902778 0
0 0.79375 0 0.0180556 0
0 0.648611 0 0.0166667 0
0 0.542361 1 0.0902778 0
0 0.79375 0 0.0180556 0
0 0.648611 0 0.0166667 0
0 0.542361 1 0.0902778 0
0 0.79375 0 0.0180556 0
0 0.648611 0 0.0166667 0
0 0.542361 1 0.0902778 0
0 0.79375 0 0.0180556 0
0 0.649306 0 0.0152778 0
0 0.542361 1 0.0902778 0
0 0.79375 0 0.0180556 0
0 0.649306 0 0.0180556 0
0 0.542361 1 0.0902778 0
0 0.556944 0 0.05 0
0 0.79375 0 0.0180556 0
0 0.648611 0 0.0166667 0
0 0.542361 1 0.0902778 0
0 0.556944 0 0.0527778 0
0 0.79375 0 0.0180556 0
0 0.648611 0 0.0166667 0
0 0.542361 1 0.0902778 0
0 0.556944 0 0.05 0
0 0.79375 0 0.0180556 0
0 0.649306 0 0.0152778 0
0 0.542361 1 0.0902778 0
0 0.556944 0 0.0527778 0
0 0.79375 0 0.0180556 0
0 0.649306 0 0.0180556 0
0 0.542361 1 0.0902778 0
0 0.79375 0 0.0180556 0
0 0.649306 0 0.0152778 0
0 0.542361 1 0.0902778 0
0 0.79375 0 0.0180556 0
0 0.649306 0 0.0152778 0
0 0.542361 1 0.0902778 0
0 0.79375 0 0.0180556 0
0 0.649306 0 0.0152778 0
0 0.542361 1 0.0902778 0
0 0.79375 0 0.0180556 0
0 0.649306 0 0.0152778 0
0 0.542361 1 0.0902778 0
0 0.79375 0 0.0180556 0
0 0.649306 0 0.0152778 0
0 0.542361 1 0.0902778 0
0 0.793056 0 0.0166667 0
0 0.649306 0 0.0180556 0
0 0.542361 1 0.0902778 0
0 0.79375 0 0.0180556 0
0 0.649306 0 0.0180556 0
0 0.540972 1 0.0902778 0
0 0.79375 0 0.0180556 0
0 0.649306 0 0.0180556 0
0 0.540972 1 0.0902778 0
0 0.792361 0 0.0180556 0
0 0.648611 0 0.0166667 0
0 0.540972 1 0.0902778 0
0 0.368056 0 0.0194444 0
0 0.79375 0 0.0180556 0
0 0.648611 0 0.0166667 0
0 0.541667 1 0.0888889 0
0 0.556944 0 0.05 0
0 0.367361 0 0.0180556 0
0 0.649306 0 0.0180556 0
0 0.79375 0 0.0180556 0
0 0.540972 1 0.0902778 0
0 0.79375 0 0.0180556 0
0 0.649306 0 0.0180556 0
0 0.540972 1 0.0902778 0
0 0.79375 0 0.0180556 0
0 0.648611 0 0.0166667 0
0 0.540972 1 0.0902778 0
0 0.367361 0 0.0208333 0
0 0.648611 0 0.0194444 0
0 0.79375 0 0.0180556 0
0 0.540972 1 0.0902778 0
0 0.79375 0 0.0180556 0
0 0.368056 0 0.0194444 0
0 0.648611 0 0.0166667 0
0 0.540972 1 0.0875 0
0 0.368056 0 0.0194444 0
0 0.793056 0 0.0166667 0
0 0.648611 0 0.0166667 0
0 0.540972 1 0.0875 0
0 0.793056 0 0.0166667 0
0 0.648611 0 0.0166667 0
0 0.540972 1 0.0875 0
0 0.367361 0 0.0180556 0
0 0.793056 0 0.0166667 0
0 0.648611 0 0.0166667 0
0 0.540972 1 0.0875 0
0 0.368056 0 0.0194444 0
0 0.793056 0 0.0166667 0
0 0.648611 0 0.0166667 0
0 0.540972 1 0.0875 0
0 0.793056 0 0.0166667 0
0 0.649306 0 0.0152778 0
0 0.540278 1 0.0861111 0
0 0.368056 0 0.0194444 0
0 0.793056 0 0.0166667 0
0 0.649306 0 0.0180556 0
0 0.540278 1 0.0861111 0
0 0.793056 0 0.0166667 0
0 0.368056 0 0.0194444 0
0 0.649306 0 0.0180556 0
0 0.540278 1 0.0861111 0
0 0.55625 0 0.0513889 0
0 0.649306 0 0.0180556 0
0 0.540278 1 0.0861111 0
0 0.649306 0 0.0180556 0
0 0.540278 1 0.0861111 0
0 0.648611 0 0.0166667 0
0 0.539583 1 0.0847222 0
0 0.368056 0 0.0194444 0
0 0.648611 0 0.0166667 0
0 0.539583 1 0.0847222 0
0 0.368056 0 0.0194444 0
0 0.649306 0 0.0180556 0
0 0.539583 1 0.0847222 0
0 0.368056 0 0.0194444 0
0 0.649306 0 0.0180556 0
0 0.538889 1 0.0861111 0
0 0.368056 0 0.0194444 0
0 0.647917 0 0.0180556 0
0 0.538889 1 0.0861111 0
0 0.368056 0 0.0194444 0
0 0.647917 0 0.0180556 0
0 0.538889 1 0.0861111 0
0 0.647917 0 0.0180556 0
0 0.538889 1 0.0861111 0
0 0.648611 0 0.0166667 0
0 0.538889 1 0.0861111 0
0 0.647917 0 0.0180556 0
0 0.538889 1 0.0861111 0
0 0.647917 0 0.0180556 0
0 0.538889 1 0.0861111 0
0 0.792361 0 0.0180556 0
0 0.647917 0 0.0180556 0
0 0.538194 1 0.0847222 0
0 0.647917 0 0.0180556 0
0 0.538194 1 0.0847222 0
0 0.791667 0 0.0194444 0
0 0.368056 0 0.0194444 0
0 0.647917 0 0.0180556 0
0 0.538194 1 0.0847222 0
0 0.367361 0 0.0180556 0
0 0.647917 0 0.0180556 0
0 0.538194 1 0.0847222 0
0 0.791667 0 0.0194444 0
0 0.647917 0 0.0180556 0
0 0.538194 1 0.0847222 0
0 0.368056 0 0.0194444 0
0 0.647917 0 0.0180556 0
0 0.538194 1 0.0847222 0
0 0.366667 0 0.0194444 0
0 0.647917 0 0.0180556 0
0 0.5375 1 0.0861111 0
0 0.647222 0 0.0166667 0
0 0.5375 1 0.0861111 0
0 0.367361 0 0.0180556 0
0 0.647917 0 0.0180556 0
0 0.5375 1 0.0861111 0
0 0.647917 0 0.0180556 0
0 0.5375 1 0.0861111 0
0 0.647917 0 0.0180556 0
0 0.5375 1 0.0861111 0
0 0.366667 0 0.0194444 0
0 0.647222 0 0.0166667 0
0 0.5375 1 0.0861111 0
0 0.366667 0 0.0194444 0
0 0.647222 0 0.0166667 0
0 0.5375 1 0.0861111 0
0 0.367361 0 0.0180556 0
0 0.647222 0 0.0166667 0
0 0.5375 1 0.0861111 0
0 0.367361 0 0.0180556 0
0 0.647222 0 0.0166667 0
0 0.5375 1 0.0861111 0
0 0.366667 0 0.0194444 0
0 0.647222 0 0.0166667 0
0 0.5375 1 0.0861111 0
0 0.367361 0 0.0180556 0
0 0.647222 0 0.0166667 0
0 0.5375 1 0.0861111 0
0 0.366667 0 0.0166667 0
0 0.647222 0 0.0166667 0
0 0.5375 1 0.0861111 0
0 0.367361 0 0.0180556 0
0 0.647222 0 0.0166667 0
0 0.5375 1 0.0861111 0
0 0.554861 0 0.0486111 0
0 0.366667 0 0.0166667 0
0 0.647222 0 0.0166667 0
0 0.5375 1 0.0861111 0
0 0.367361 0 0.0180556 0
0 0.647222 0 0.0166667 0
0 0.5375 1 0.0861111 0
0 0.366667 0 0.0166667 0
0 0.647222 0 0.0166667 0
0 0.5375 1 0.0861111 0
0 0.365972 0 0.0180556 0
0 0.647222 0 0.0166667 0
0 0.536806 1 0.0875 0
0 0.366667 0 0.0166667 0
0 0.647222 0 0.0166667 0
0 0.536806 1 0.0875 0
0 0.366667 0 0.0166667 0
0 0.647222 0 0.0166667 0
0 0.536806 1 0.0875 0
0 0.366667 0 0.0166667 0
0 0.647222 0 0.0166667 0
0 0.536806 1 0.0875 0
0 0.366667 0 0.0166667 0
0 0.647222 0 0.0166667 0
0 0.536806 1 0.0875 0
0 0.365972 0 0.0180556 0
0 0.647222 0 0.0166667 0
0 0.536806 1 0.0875 0
0 0.365972 0 0.0180556 0
0 0.647222 0 0.0194444 0
0 0.536806 1 0.0875 0
0 0.365972 0 0.0180556 0
0 0.647222 0 0.0194444 0
0 0.5375 1 0.0861111 0
0 0.365972 0 0.0180556 0
0 0.647222 0 0.0194444 0
0 0.5375 1 0.0861111 0
0 0.365972 0 0.0180556 0
0 0.647222 0 0.0194444 0
0 0.5375 1 0.0861111 0
0 0.365972 0 0.0180556 0
0 0.647222 0 0.0194444 0
0 0.5375 1 0.0861111 0
0 0.365972 0 0.0180556 0
0 0.647222 0 0.0194444 0
0 0.5375 1 0.0861111 0
0 0.365972 0 0.0180556 0
0 0.647222 0 0.0194444 0
0 0.5375 1 0.0861111 0
0 0.365972 0 0.0180556 0
0 0.646528 0 0.0180556 0
0 0.5375 1 0.0861111 0
0 0.365972 0 0.0180556 0
0 0.647222 0 0.0194444 0
0 0.5375 1 0.0861111 0
0 0.365972 0 0.0180556 0
0 0.646528 0 0.0180556 0
0 0.5375 1 0.0861111 0
0 0.365972 0 0.0180556 0
0 0.647222 0 0.0194444 0
0 0.5375 1 0.0861111 0
0 0.365972 0 0.0180556 0
0 0.647222 0 0.0194444 0
0 0.5375 1 0.0861111 0
0 0.365972 0 0.0180556 0
0 0.647222 0 0.0194444 0
0 0.536806 1 0.0875 0
0 0.365972 0 0.0180556 0
0 0.647222 0 0.0194444 0
0 0.536806 1 0.0875 0
0 0.365972 0 0.0180556 0
0 0.646528 0 0.0180556 0
0 0.536806 1 0.0875 0
0 0.365972 0 0.0180556 0
0 0.646528 0 0.0180556 0
0 0.536806 1 0.0875 0
0 0.365972 0 0.0180556 0
0 0.647222 0 0.0194444 0
0 0.536111 1 0.0861111 0
0 0.365972 0 0.0180556 0
0 0.647222 0 0.0194444 0
0 0.536111 1 0.0861111 0
0 0.365972 0 0.0180556 0
0 0.647222 0 0.0194444 0
0 0.536806 1 0.0847222 0
0 0.647222 0 0.0194444 0
0 0.365972 0 0.0180556 0
0 0.536806 1 0.0847222 0
0 0.365972 0 0.0180556 0
0 0.647222 0 0.0194444 0
0 0.536806 1 0.0847222 0
0 0.365972 0 0.0180556 0
0 0.647222 0 0.0194444 0
0 0.536111 1 0.0861111 0
0 0.365972 0 0.0180556 0
0 0.647222 0 0.0194444 0
0 0.536111 1 0.0861111 0
0 0.365972 0 0.0180556 0
0 0.647222 0 0.0194444 0
0 0.536806 1 0.0847222 0
0 0.365972 0 0.0180556 0
0 0.647222 0 0.0194444 0
0 0.536111 1 0.0861111 0
0 0.365972 0 0.0180556 0
0 0.647222 0 0.0194444 0
0 0.536111 1 0.0861111 0
0 0.365972 0 0.0180556 0
0 0.647222 0 0.0194444 0
0 0.536111 1 0.0861111 0
0 0.365972 0 0.0180556 0
0 0.647222 0 0.0194444 0
0 0.536111 1 0.0861111 0
0 0.365972 0 0.0180556 0
0 0.647222 0 0.0194444 0
0 0.535417 1 0.0847222 0
0 0.365972 0 0.0180556 0
0 0.647222 0 0.0194444 0
0 0.535417 1 0.0847222 0
0 0.365972 0 0.0180556 0
0 0.647222 0 0.0194444 0
0 0.535417 1 0.0847222 0
0 0.365278 0 0.0194444 0
0 0.647222 0 0.0194444 0
0 0.535417 1 0.0847222 0
0 0.365972 0 0.0180556 0
0 0.647222 0 0.0194444 0
0 0.535417 1 0.0847222 0
0 0.365972 0 0.0180556 0
0 0.647222 0 0.0194444 0
0 0.535417 1 0.0847222 0
0 0.647222 0 0.0194444 0
0 0.365972 0 0.0180556 0
0 0.535417 1 0.0847222 0
0 0.365972 0 0.0180556 0
0 0.647222 0 0.0194444 0
0 0.535417 1 0.0847222 0
0 0.647222 0 0.0194444 0
0 0.365972 0 0.0180556 0
0 0.535417 1 0.0847222 0
0 0.365972 0 0.0180556 0
0 0.646528 0 0.0180556 0
0 0.534028 1 0.0847222 0
0 0.365972 0 0.0180556 0
0 0.647222 0 0.0194444 0
0 0.534722 1 0.0833333 0
0 0.365972 0 0.0180556 0
0 0.647222 0 0.0194444 0
0 0.534722 1 0.0833333 0
0 0.647222 0 0.0194444 0
0 0.365972 0 0.0180556 0
0 0.534722 1 0.0833333 0
0 0.365972 0 0.0180556 0
0 0.647222 0 0.0194444 0
0 0.534722 1 0.0833333 0
0 0.647222 0 0.0194444 0
0 0.365972 0 0.0180556 0
0 0.534028 1 0.0847222 0
0 0.365972 0 0.0180556 0
0 0.647222 0 0.0194444 0
0 0.534722 1 0.0833333 0
0 0.647222 0 0.0194444 0
0 0.365972 0 0.0180556 0
0 0.534722 1 0.0833333 0
0 0.647222 0 0.0194444 0
0 0.365972 0 0.0180556 0
0 0.534722 1 0.0833333 0
0 0.647222 0 0.0194444 0
0 0.365972 0 0.0180556 0
0 0.534722 1 0.0833333 0
0 0.647222 0 0.0194444 0
0 0.365972 0 0.0180556 0
0 0.534722 1 0.0833333 0
0 0.365972 0 0.0180556 0
0 0.647222 0 0.0194444 0
0 0.535417 1 0.0819444 0
0 0.365972 0 0.0180556 0
0 0.647222 0 0.0194444 0
0 0.535417 1 0.0819444 0
0 0.647222 0 0.0194444 0
0 0.365972 0 0.0180556 0
0 0.535417 1 0.0819444 0
0 0.365972 0 0.0180556 0
0 0.647222 0 0.0194444 0
0 0.535417 1 0.0819444 0
0 0.647222 0 0.0194444 0
0 0.365972 0 0.0180556 0
0 0.535417 1 0.0819444 0
0 0.365972 0 0.0180556 0
0 0.647222 0 0.0194444 0
0 0.534722 1 0.0833333 0
0 0.365972 0 0.0180556 0
0 0.647222 0 0.0194444 0
0 0.535417 1 0.0819444 0
0 0.365972 0 0.0180556 0
0 0.646528 0 0.0180556 0
0 0.535417 1 0.0819444 0
0 0.365972 0 0.0180556 0
0 0.647222 0 0.0194444 0
0 0.535417 1 0.0819444 0
0 0.365972 0 0.0180556 0
0 0.647222 0 0.0194444 0
0 0.535417 1 0.0819444 0
0 0.365972 0 0.0180556 0
0 0.647222 0 0.0194444 0
0 0.535417 1 0.0819444 0
0 0.365972 0 0.0180556 0
0 0.647222 0 0.0194444 0
0 0.535417 1 0.0819444 0
0 0.365972 0 0.0180556 0
0 0.647222 0 0.0194444 0
0 0.535417 1 0.0819444 0
0 0.365972 0 0.0180556 0
0 0.647222 0 0.0194444 0
0 0.535417 1 0.0819444 0
0 0.365972 0 0.0180556 0
0 0.647222 0 0.0194444 0
0 0.535417 1 0.0819444 0
0 0.365972 0 0.0180556 0
0 0.647917 0 0.0180556 0
0 0.534028 1 0.0847222 0
0 0.365972 0 0.0180556 0
0 0.647917 0 0.0180556 0
0 0.534722 1 0.0833333 0
0 0.365972 0 0.0180556 0
0 0.647917 0 0.0180556 0
0 0.534722 1 0.0833333 0
0 0.365972 0 0.0180556 0
0 0.647917 0 0.0180556 0
0 0.534722 1 0.0833333 0
0 0.365972 0 0.0180556 0
0 0.647917 0 0.0180556 0
0 0.534722 1 0.0833333 0
0 0.365972 0 0.0180556 0
0 0.647917 0 0.0180556 0
0 0.534722 1 0.0833333 0
0 0.365972 0 0.0180556 0
0 0.647917 0 0.0180556 0
0 0.534722 1 0.0833333 0
0 0.365972 0 0.0180556 0
0 0.647917 0 0.0180556 0
0 0.534722 1 0.0833333 0
0 0.365972 0 0.0180556 0
0 0.647917 0 0.0180556 0
0 0.534722 1 0.0833333 0
0 0.365972 0 0.0180556 0
0 0.647917 0 0.0180556 0
0 0.536111 1 0.0833333 0
0 0.365972 0 0.0180556 0
0 0.647917 0 0.0180556 0
0 0.536111 1 0.0833333 0
0 0.366667 0 0.0166667 0
0 0.647917 0 0.0180556 0
0 0.536111 1 0.0833333 0
0 0.366667 0 0.0166667 0
0 0.647917 0 0.0180556 0
0 0.536111 1 0.0833333 0
0 0.791667 0 0.0194444 0
0 0.365972 0 0.0180556 0
0 0.647917 0 0.0180556 0
0 0.536111 1 0.0833333 0
0 0.367361 0 0.0180556 0
0 0.647917 0 0.0180556 0
0 0.536111 1 0.0833333 0
0 0.791667 0 0.0194444 0
0 0.366667 0 0.0166667 0
0 0.647917 0 0.0180556 0
0 0.536111 1 0.0833333 0
0 0.366667 0 0.0166667 0
0 0.647917 0 0.0180556 0
0 0.536111 1 0.0833333 0
0 0.366667 0 0.0166667 0
0 0.647917 0 0.0180556 0
0 0.536111 1 0.0833333 0
0 0.366667 0 0.0166667 0
0 0.647917 0 0.0180556 0
0 0.536111 1 0.0833333 0
0 0.366667 0 0.0166667 0
0 0.647917 0 0.0180556 0
0 0.536111 1 0.0833333 0
0 0.366667 0 0.0166667 0
0 0.647917 0 0.0180556 0
0 0.536111 1 0.0833333 0
0 0.366667 0 0.0166667 0
0 0.647917 0 0.0180556 0
0 0.536111 1 0.0833333 0
0 0.365972 0 0.0180556 0
0 0.647917 0 0.0180556 0
0 0.536806 1 0.0847222 0
0 0.365972 0 0.0180556 0
0 0.647917 0 0.0180556 0
0 0.536806 1 0.0847222 0
0 0.365972 0 0.0180556 0
0 0.647917 0 0.0180556 0
0 0.536806 1 0.0847222 0
0 0.365972 0 0.0180556 0
0 0.647917 0 0.0180556 0
0 0.536806 1 0.0847222 0
0 0.554861 0 0.0486111 0
0 0.365972 0 0.0180556 0
0 0.647917 0 0.0180556 0
0 0.5375 1 0.0861111 0
0 0.647917 0 0.0180556 0
0 0.536806 1 0.0930556 0
0 0.648611 0 0.0194444 0
0 0.536806 1 0.0930556 0
0 0.647917 0 0.0180556 0
0 0.536806 1 0.0930556 0
0 0.791667 0 0.0194444 0
0 0.647917 0 0.0180556 0
0 0.536806 1 0.0902778 0
0 0.647222 0 0.0194444 0
0 0.536806 1 0.0902778 0
0 0.791667 0 0.0194444 0
0 0.365972 0 0.0180556 0
0 0.647917 0 0.0180556 0
0 0.536806 1 0.0902778 0
0 0.791667 0 0.0194444 0
0 0.647222 0 0.0194444 0
0 0.365972 0 0.0180556 0
0 0.536806 1 0.0902778 0
0 0.790972 0 0.0180556 0
0 0.365972 0 0.0180556 0
0 0.647917 0 0.0180556 0
0 0.536806 1 0.0902778 0
0 0.791667 0 0.0194444 0
0 0.647222 0 0.0194444 0
0 0.365972 0 0.0180556 0
0 0.536806 1 0.0902778 0
0 0.791667 0 0.0166667 0
0 0.647222 0 0.0194444 0
0 0.536111 1 0.0916667 0
0 0.790972 0 0.0180556 0
0 0.365972 0 0.0180556 0
0 0.647222 0 0.0194444 0
0 0.536111 1 0.0916667 0
0 0.365972 0 0.0180556 0
0 0.647222 0 0.0194444 0
0 0.536111 1 0.0916667 0
0 0.790972 0 0.0180556 0
0 0.365972 0 0.0180556 0
0 0.647222 0 0.0194444 0
0 0.536111 1 0.0916667 0
0 0.790972 0 0.0180556 0
0 0.365972 0 0.0180556 0
0 0.647222 0 0.0194444 0
0 0.536111 1 0.0916667 0
0 0.647222 0 0.0194444 0
0 0.365972 0 0.0180556 0
0 0.535417 1 0.0902778 0
0 0.793056 0 0.0194444 0
0 0.647917 0 0.0180556 0
0 0.536111 1 0.0944444 0
0 0.793056 0 0.0194444 0
0 0.647917 0 0.0180556 0
0 0.536111 1 0.0944444 0
0 0.793056 0 0.0194444 0
0 0.647917 0 0.0180556 0
0 0.536111 1 0.0944444 0
0 0.793056 0 0.0194444 0
0 0.647917 0 0.0180556 0
0 0.536111 1 0.0944444 0
0 0.792361 0 0.0180556 0
0 0.647917 0 0.0180556 0
0 0.536111 1 0.0944444 0
0 0.647917 0 0.0180556 0
0 0.536111 1 0.0916667 0
0 0.365972 0 0.0180556 0
0 0.648611 0 0.0194444 0
0 0.536111 1 0.0916667 0
0 0.647917 0 0.0208333 0
0 0.365972 0 0.0180556 0
0 0.536111 1 0.0916667 0
0 0.792361 0 0.0180556 0
0 0.365972 0 0.0180556 0
0 0.648611 0 0.0194444 0
0 0.536111 1 0.0916667 0
0 0.365972 0 0.0180556 0
0 0.647917 0 0.0208333 0
0 0.536111 1 0.0916667 0
0 0.365972 0 0.0180556 0
0 0.647222 0 0.0194444 0
0 0.536111 1 0.0944444 0
0 0.365972 0 0.0180556 0
0 0.793056 0 0.0166667 0
0 0.647917 0 0.0180556 0
0 0.536111 1 0.0944444 0
0 0.365972 0 0.0180556 0
0 0.648611 0 0.0194444 0
0 0.536806 1 0.0930556 0
0 0.647917 0 0.0180556 0
0 0.365972 0 0.0180556 0
0 0.536806 1 0.0930556 0
0 0.365972 0 0.0180556 0
0 0.648611 0 0.0194444 0
0 0.536806 1 0.0930556 0
0 0.365278 0 0.0194444 0
0 0.793056 0 0.0166667 0
0 0.647917 0 0.0180556 0
0 0.536111 1 0.0944444 0
0 0.365972 0 0.0180556 0
0 0.793056 0 0.0166667 0
0 0.648611 0 0.0194444 0
0 0.536111 1 0.0944444 0
0 0.365972 0 0.0180556 0
0 0.793056 0 0.0166667 0
0 0.648611 0 0.0166667 0
0 0.5375 1 0.0944444 0
0 0.560417 0 0.0375 0
0 0.365972 0 0.0180556 0
0 0.793056 0 0.0166667 0
0 0.648611 0 0.0166667 0
0 0.5375 1 0.0944444 0
0 0.365972 0 0.0180556 0
0 0.793056 0 0.0166667 0
0 0.648611 0 0.0166667 0
0 0.5375 1 0.0944444 0
0 0.560417 0 0.0375 0
0 0.365972 0 0.0180556 0
0 0.793056 0 0.0166667 0
0 0.648611 0 0.0166667 0
0 0.5375 1 0.0944444 0
0 0.793056 0 0.0166667 0
0 0.365972 0 0.0180556 0
0 0.648611 0 0.0194444 0
0 0.539583 0.5 0.0875 1
0 0.793056 0 0.0194444 0
0 0.220833 0 0.0166667 0
0 0.365972 0 0.0180556 0
0 0.648611 0 0.0194444 0
0 0.538194 0.5 0.0902778 1
0 0.220833 0 0.0166667 0
0 0.648611 0 0.0194444 0
0 0.365972 0 0.0180556 0
0 0.538194 0.5 0.0902778 1
0 0.793056 0 0.0194444 0
0 0.220833 0 0.0166667 0
0 0.365972 0 0.0180556 0
0 0.648611 0 0.0194444 0
0 0.538194 0.5 0.0902778 1
0 0.220833 0 0.0166667 0
0 0.365972 0 0.0180556 0
0 0.648611 0 0.0194444 0
0 0.538194 0.5 0.0902778 1
0 0.793056 0 0.0166667 0
0 0.648611 0 0.0166667 0
0 0.365278 0 0.0166667 0
0 0.5375 0.5 0.0916667 1
0 0.220139 0 0.0180556 0
0 0.79375 0 0.0152778 0
0 0.648611 0 0.0194444 0
0 0.365278 0 0.0194444 0
0 0.536806 0.5 0.0958333 1
0 0.79375 0 0.0180556 0
0 0.220833 0 0.0166667 0
0 0.561111 0 0.0388889 0
0 0.648611 0 0.0194444 0
0 0.365972 0 0.0180556 0
0 0.536806 0.5 0.0958333 1
0 0.79375 0 0.0180556 0
0 0.220833 0 0.0166667 0
0 0.648611 0 0.0194444 0
0 0.365972 0 0.0180556 0
0 0.536806 0.5 0.0958333 1
0 0.220833 0 0.0166667 0
0 0.561111 0 0.0388889 0
0 0.79375 0 0.0180556 0
0 0.648611 0 0.0194444 0
0 0.365972 0 0.0180556 0
0 0.536806 0.5 0.0958333 1
0 0.79375 0 0.0152778 0
0 0.364583 0 0.0180556 0
0 0.648611 0 0.0166667 0
0 0.536111 0 0.0944444 0
0 0.220139 0 0.0180556 0
0 0.794444 0 0.0166667 0
0 0.648611 0 0.0194444 0
0 0.365278 0 0.0166667 0
0 0.536111 0 0.0944444 0
0 0.219444 0 0.0166667 0
0 0.364583 0 0.0180556 0
0 0.79375 0 0.0152778 0
0 0.648611 0 0.0166667 0
0 0.536111 0 0.0972222 0
0 0.219444 0 0.0166667 0
0 0.364583 0 0.0180556 0
0 0.79375 0 0.0152778 0
0 0.648611 0 0.0166667 0
0 0.536111 0 0.0972222 0
0 0.219444 0 0.0166667 0
0 0.648611 0 0.0166667 0
0 0.79375 0 0.0152778 0
0 0.364583 0 0.0180556 0
0 0.536111 0 0.0972222 0
0 0.220139 0 0.0180556 0
0 0.794444 0 0.0166667 0
0 0.364583 0 0.0180556 0
0 0.648611 0 0.0166667 0
0 0.535417 0 0.0958333 0
0 0.219444 0 0.0166667 0
0 0.794444 0 0.0194444 0
0 0.648611 0 0.0194444 0
0 0.364583 0 0.0180556 0
0 0.534722 0 0.1 0
0 0.219444 0 0.0166667 0
0 0.794444 0 0.0194444 0
0 0.364583 0 0.0180556 0
0 0.649306 0 0.0180556 0
0 0.534722 0 0.1 0
0 0.219444 0 0.0166667 0
0 0.794444 0 0.0194444 0
0 0.364583 0 0.0180556 0
0 0.648611 0 0.0194444 0
0 0.534722 0 0.1 0
0 0.219444 0 0.0166667 0
0 0.795139 0 0.0180556 0
0 0.648611 0 0.0194444 0
0 0.364583 0 0.0180556 0
0 0.534722 0 0.1 0
0 0.219444 0 0.0166667 0
0 0.794444 0 0.0166667 0
0 0.649306 0 0.0180556 0
0 0.363889 0 0.0166667 0
0 0.534722 0 0.0944444 0
0 0.220139 0 0.0180556 0
0 0.79375 0 0.0180556 0
0 0.649306 0 0.0180556 0
0 0.363889 0 0.0166667 0
0 0.531944 0 0.0944444 0
0 0.21875 0 0.0180556 0
0 0.79375 0 0.0180556 0
0 0.649306 0 0.0180556 0
0 0.363889 0 0.0166667 0
0 0.532639 0 0.0958333 0
0 0.21875 0 0.0180556 0
0 0.79375 0 0.0180556 0
0 0.649306 0 0.0180556 0
0 0.363889 0 0.0166667 0
0 0.533333 0 0.0972222 0
0 0.503472 0 0.0736111 0
0 0.21875 0 0.0180556 0
0 0.794444 0 0.0194444 0
0 0.648611 0 0.0194444 0
0 0.364583 0 0.0180556 0
0 0.531944 0 0.0972222 0
0 0.503472 0 0.0736111 0
0 0.79375 0 0.0180556 0
0 0.363194 0 0.0180556 0
0 0.648611 0 0.0194444 0
0 0.529167 0 0.0944444 0
0 0.21875 0 0.0180556 0
0 0.502778 0 0.0722222 0
0 0.79375 0 0.0180556 0
0 0.648611 0 0.0194444 0
0 0.363889 0 0.0166667 0
0 0.529167 0 0.0944444 0
0 0.502778 0 0.0722222 0
0 0.79375 0 0.0180556 0
0 0.648611 0 0.0194444 0
0 0.363889 0 0.0166667 0
0 0.529861 0 0.0958333 0
0 0.21875 0 0.0180556 0
0 0.502778 0 0.0722222 0
0 0.79375 0 0.0180556 0
0 0.648611 0 0.0194444 0
0 0.363889 0 0.0166667 0
0 0.529861 0 0.0958333 0
0 0.79375 0 0.0180556 0
0 0.502778 0 0.0722222 0
0 0.363889 0 0.0166667 0
0 0.647917 0 0.0180556 0
0 0.530556 0 0.0944444 0
0 0.3625 0 0.0166667 0
0 0.648611 0 0.0194444 0
0 0.795139 0 0.0180556 0
0 0.529861 0 0.0930556 0
0 0.795139 0 0.0180556 0
0 0.648611 0 0.0194444 0
0 0.3625 0 0.0166667 0
0 0.525 0 0.105556 0
0 0.795139 0 0.0180556 0
0 0.648611 0 0.0194444 0
0 0.3625 0 0.0166667 0
0 0.525 0 0.105556 0
0 0.795139 0 0.0180556 0
0 0.648611 0 0.0194444 0
0 0.3625 0 0.0166667 0
0 0.525 0 0.105556 0
0 0.795139 0 0.0180556 0
0 0.648611 0 0.0194444 0
0 0.3625 0 0.0166667 0
0 0.525 0 0.105556 0
0 0.502083 0 0.0680556 0
0 0.363194 0 0.0180556 0
0 0.794444 0 0.0166667 0
0 0.648611 0 0.0194444 0
0 0.525 0 0.102778 0
0 0.793056 0 0.0166667 0
0 0.3625 0 0.0194444 0
0 0.503472 0 0.0680556 0
0 0.649306 0 0.0208333 0
0 0.3625 0 0.0166667 0
0 0.648611 0 0.0194444 0
0 0.3625 0 0.0166667 0
0 0.648611 0 0.0194444 0
0 0.3625 0 0.0166667 0
0 0.648611 0 0.0194444 0
0 0.363194 0 0.0180556 0
0 0.647917 0 0.0180556 0
0 0.502778 0 0.0638889 0
0 0.647222 0 0.0166667 0
0 0.503472 0 0.0625 0
0 0.646528 0 0.0180556 0
0 0.504167 0 0.0611111 0
0 0.646528 0 0.0180556 0
0 0.503472 0 0.0625 0
0 0.647222 0 0.0166667 0
0 0.504167 0 0.0611111 0
0 0.646528 0 0.0180556 0
0 0.646528 0 0.0180556 0
0 0.558333 0 0.0388889 0
0 0.502083 0 0.0680556 0
0 0.502778 0 0.0666667 0
0 0.502778 0 0.0666667 0
0 0.503472 0 0.0680556 0
0 0.502083 0 0.0736111 0
0 0.502083 0 0.0708333 0
0 0.502083 0 0.0708333 0
0 0.501389 0 0.0694444 0
0 0.502083 0 0.0680556 0
0 0.502778 0 0.0694444 0
0 0.503472 0 0.0625 0
0 0.503472 0 0.0625 0
0 0.503472 0 0.0625 0
0 0.503472 0 0.0625 0
0 0.502083 0 0.0652778 0
0 0.500694 0 0.0652778 0
0 0.541667 0 0.0277778 0
0 0.500694 0 0.0652778 0
0 0.541667 0 0.0277778 0
0 0.500694 0 0.0652778 0
0 0.541667 0 0.0277778 0
0 0.500694 0 0.0652778 0
0 0.541667 0 0.0277778 0
0 0.500694 0 0.0652778 0
0 0.541667 0 0.0277778 0
0 0.500694 0 0.0625 0
0 0.500694 0 0.0652778 0
0 0.500694 0 0.0652778 0
0 0.500694 0 0.0652778 0
0 0.500694 0 0.0652778 0
0 0.500694 0 0.0652778 0
0 0.5 0 0.0638889 0
0 0.500694 0 0.0625 0
0 0.500694 0 0.0652778 0
0 0.500694 0 0.0652778 0
0 0.501389 0 0.0638889 0
0 0.501389 0 0.0638889 0
0 0.5 0 0.0638889 0
0 0.5 0 0.0638889 0
0 0.499306 0 0.0625 0
0 0.499306 0 0.0625 0
0 0.499306 0 0.0625 0
0 0.499306 0 0.0625 0
0 0.499306 0 0.0597222 0
0 0.499306 0 0.0597222 0
0 0.499306 0 0.0597222 0
0 0.499306 0 0.0597222 0
0 0.461111 0 0.0361111 0
0 0.499306 0 0.0597222 0
0 0.461111 0 0.0361111 0
0 0.499306 0 0.0597222 0
0 0.461806 0 0.0347222 0
0 0.499306 0 0.0597222 0
0 0.461111 0 0.0361111 0
0 0.499306 0 0.0597222 0
0 0.461111 0 0.0361111 0
0 0.499306 0 0.0597222 0
0 0.461111 0 0.0333333 0
0 0.499306 0 0.0597222 0
0 0.461111 0 0.0361111 0
0 0.498611 0 0.0611111 0
0 0.536806 0 0.0263889 0
0 0.536806 0 0.0263889 0
0 0.498611 0 0.0611111 0
0 0.536806 0 0.0263889 0
0 0.498611 0 0.0638889 0
0 0.456944 0 0.0277778 0
0 0.495833 0 0.0666667 0
0 0.495833 0 0.0666667 0
0 0.496528 0 0.0652778 0
0 0.459028 0 0.0375 0
