0 0.490278 1 0.00833333 0
0 0.489583 1 0.00694444 0
0 0.490278 1 0.00833333 0
0 0.490278 1 0.00833333 0
0 0.490278 1 0.00833333 0
0 0.489583 1 0.0180556 0
0 0.490972 1 0.00972222 0
0 0.490278 1 0.0194444 0
0 0.490972 1 0.00972222 0
0 0.491667 1 0.00833333 0
0 0.491667 1 0.00833333 0
0 0.490278 1 0.0194444 0
0 0.491667 1 0.00833333 0
0 0.490972 1 0.0180556 0
0 0.491667 1 0.00833333 0
0 0.491667 1 0.0194444 0
0 0.492361 1 0.00972222 0
0 0.490972 1 0.0208333 0
0 0.492361 1 0.00972222 0
0 0.492361 1 0.0125 0
0 0.491667 1 0.0111111 0
0 0.491667 1 0.0111111 0
0 0.491667 1 0.0111111 0
0 0.492361 1 0.0125 0
0 0.493056 1 0.0111111 0
0 0.492361 1 0.0125 0
0 0.493056 1 0.0138889 0
0 0.493056 1 0.0138889 0
0 0.493056 1 0.0138889 0
0 0.493056 1 0.0138889 0
0 0.493056 1 0.0138889 0
0 0.493056 1 0.0138889 0
0 0.493056 1 0.0166667 0
0 0.493056 1 0.0166667 0
0 0.493056 1 0.0166667 0
0 0.493056 1 0.0166667 0
0 0.493056 1 0.0166667 0
0 0.493056 1 0.0194444 0
0 0.493056 1 0.0194444 0
0 0.494444 1 0.0194444 0
0 0.493056 1 0.0166667 0
0 0.493056 1 0.0194444 0
0 0.493056 1 0.0166667 0
0 0.49375 1 0.0208333 0
0 0.589583 0 0.00972222 0
0 0.49375 1 0.0208333 0
0 0.589583 0 0.00972222 0
0 0.49375 1 0.0208333 0
0 0.494444 1 0.0166667 0
0 0.494444 1 0.0194444 0
0 0.494444 1 0.0194444 0
0 0.494444 1 0.0194444 0
0 0.494444 1 0.0194444 0
0 0.494444 1 0.0194444 0
0 0.592361 0 0.00972222 0
0 0.494444 1 0.0194444 0
0 0.494444 1 0.0194444 0
0 0.495139 1 0.0208333 0
0 0.495139 1 0.0208333 0
0 0.495139 1 0.0208333 0
0 0.495833 1 0.0222222 0
0 0.495833 1 0.0222222 0
0 0.496528 1 0.0208333 0
0 0.496528 1 0.0208333 0
0 0.496528 1 0.0208333 0
0 0.495833 1 0.0222222 0
0 0.497222 1 0.0222222 0
0 0.497222 1 0.0222222 0
0 0.497222 1 0.0222222 0
0 0.497222 1 0.025 0
0 0.497917 1 0.0236111 0
0 0.702778 0 0.0111111 0
0 0.497917 1 0.0236111 0
0 0.497917 1 0.0236111 0
0 0.498611 1 0.025 0
0 0.498611 1 0.025 0
0 0.499306 1 0.0263889 0
0 0.498611 1 0.025 0
0 0.601389 0 0.0111111 0
0 0.499306 1 0.0263889 0
0 0.600694 0 0.00972222 0
0 0.499306 1 0.0263889 0
0 0.708333 0 0.0111111 0
0 0.601389 0 0.00833333 0
0 0.5 1 0.0277778 0
0 0.602083 0 0.00972222 0
0 0.5 1 0.0277778 0
0 0.602778 0 0.0111111 0
0 0.499306 1 0.0263889 0
0 0.604167 0 0.0111111 0
0 0.5 1 0.0277778 0
0 0.501389 1 0.0277778 0
0 0.604167 0 0.0111111 0
0 0.500694 1 0.0263889 0
0 0.605556 0 0.0111111 0
0 0.501389 1 0.0277778 0
0 0.60625 0 0.00972222 0
0 0.714583 0 0.0125 0
0 0.500694 1 0.0291667 0
0 0.606944 0 0.0111111 0
0 0.502083 1 0.0291667 0
0 0.391667 0 0.0138889 0
0 0.606944 0 0.0111111 0
0 0.502778 1 0.0305556 0
0 0.606944 0 0.0111111 0
0 0.502778 1 0.0305556 0
0 0.391667 0 0.0111111 0
0 0.606944 0 0.0111111 0
0 0.503472 1 0.0291667 0
0 0.390972 0 0.0125 0
0 0.607639 0 0.0125 0
0 0.503472 1 0.0291667 0
0 0.390972 0 0.0125 0
0 0.608333 0 0.0111111 0
0 0.504167 1 0.0305556 0
0 0.390972 0 0.0125 0
0 0.608333 0 0.0111111 0
0 0.504861 1 0.0319444 0
0 0.390972 0 0.0125 0
0 0.609722 0 0.0111111 0
0 0.504861 1 0.0291667 0
0 0.390278 0 0.0138889 0
0 0.610417 0 0.0125 0
0 0.50625 1 0.0291667 0
0 0.390278 0 0.0138889 0
0 0.611111 0 0.0111111 0
0 0.50625 1 0.0291667 0
0 0.725694 0 0.0125 0
0 0.390278 0 0.0138889 0
0 0.508333 1 0.0277778 0
0 0.726389 0 0.0111111 0
0 0.390278 0 0.0138889 0
0 0.613194 0 0.0125 0
0 0.508333 1 0.0277778 0
0 0.389583 0 0.0125 0
0 0.613889 0 0.0138889 0
0 0.510417 1 0.0263889 0
0 0.388889 0 0.0138889 0
0 0.613194 0 0.0125 0
0 0.509028 1 0.0291667 0
0 0.388889 0 0.0138889 0
0 0.613889 0 0.0138889 0
0 0.508333 1 0.0305556 0
0 0.272222 0 0.0138889 0
0 0.3875 0 0.0138889 0
0 0.615278 0 0.0111111 0
0 0.511111 1 0.0277778 0
0 0.271528 0 0.0125 0
0 0.388194 0 0.0152778 0
0 0.615972 0 0.0125 0
0 0.511806 1 0.0291667 0
0 0.270833 0 0.0138889 0
0 0.3875 0 0.0138889 0
0 0.616667 0 0.0138889 0
0 0.513194 1 0.0263889 0
0 0.270139 0 0.0125 0
0 0.3875 0 0.0138889 0
0 0.616667 0 0.0111111 0
0 0.5125 1 0.0305556 0
0 0.26875 0 0.0125 0
0 0.618056 0 0.0111111 0
0 0.5125 1 0.0416667 0
0 0.515972 1 0.0291667 0
0 0.619444 0 0.0138889 0
0 0.385417 0 0.0125 0
0 0.515972 1 0.0291667 0
0 0.619444 0 0.0138889 0
0 0.385417 0 0.0152778 0
0 0.620139 0 0.0125 0
0 0.510417 1 0.0486111 0
0 0.385417 0 0.0152778 0
0 0.620833 0 0.0138889 0
0 0.510417 1 0.0486111 0
0 0.385417 0 0.0152778 0
0 0.509722 1 0.05 0
0 0.620833 0 0.0138889 0
0 0.385417 0 0.0152778 0
0 0.509722 1 0.05 0
0 0.620833 0 0.0138889 0
0 0.385417 0 0.0152778 0
0 0.509722 1 0.05 0
0 0.620833 0 0.0138889 0
0 0.385417 0 0.0152778 0
0 0.509722 1 0.05 0
0 0.620833 0 0.0138889 0
0 0.385417 0 0.0152778 0
0 0.509722 1 0.05 0
0 0.620833 0 0.0138889 0
0 0.385417 0 0.0152778 0
0 0.509722 1 0.05 0
0 0.620833 0 0.0138889 0
0 0.520139 1 0.0236111 0
0 0.509028 1 0.0513889 0
0 0.621528 0 0.0152778 0
0 0.384028 0 0.0152778 0
0 0.626389 0 0.0138889 0
0 0.258333 0 0.0138889 0
0 0.626389 0 0.0138889 0
0 0.383333 0 0.0138889 0
0 0.627083 0 0.0152778 0
0 0.256944 0 0.0138889 0
0 0.382639 0 0.0152778 0
0 0.25625 0 0.0152778 0
0 0.627778 0 0.0138889 0
0 0.382639 0 0.0152778 0
0 0.25625 0 0.0152778 0
0 0.628472 0 0.0152778 0
0 0.381944 0 0.0138889 0
0 0.254861 0 0.0152778 0
0 0.629861 0 0.0152778 0
0 0.756944 0 0.0138889 0
0 0.630556 0 0.0138889 0
0 0.381944 0 0.0138889 0
0 0.253472 0 0.0152778 0
0 0.381944 0 0.0138889 0
0 0.630556 0 0.0138889 0
0 0.38125 0 0.0152778 0
0 0.631944 0 0.0138889 0
0 0.252083 0 0.0152778 0
0 0.38125 0 0.0152778 0
0 0.631944 0 0.0138889 0
0 0.380556 0 0.0166667 0
0 0.251389 0 0.0138889 0
0 0.631944 0 0.0138889 0
0 0.379861 0 0.0152778 0
0 0.633333 0 0.0138889 0
0 0.634722 0 0.0138889 0
0 0.379861 0 0.0152778 0
0 0.635417 0 0.0152778 0
0 0.379861 0 0.0152778 0
0 0.636806 0 0.0152778 0
0 0.378472 0 0.0152778 0
0 0.636806 0 0.0152778 0
0 0.378472 0 0.0152778 0
0 0.245139 0 0.0152778 0
0 0.378472 0 0.0152778 0
0 0.6375 0 0.0138889 0
0 0.378472 0 0.0152778 0
0 0.638194 0 0.0152778 0
0 0.377778 0 0.0166667 0
0 0.638194 0 0.0152778 0
0 0.377083 0 0.0152778 0
0 0.639583 0 0.0152778 0
0 0.640278 0 0.0166667 0
0 0.377083 0 0.0152778 0
0 0.641667 0 0.0166667 0
0 0.375694 0 0.0152778 0
0 0.238194 0 0.0152778 0
0 0.642361 0 0.0152778 0
0 0.375694 0 0.0152778 0
0 0.238194 0 0.0152778 0
0 0.642361 0 0.0152778 0
0 0.375694 0 0.0152778 0
0 0.373611 0 0.0166667 0
0 0.645139 0 0.0152778 0
0 0.645139 0 0.0152778 0
0 0.234028 0 0.0180556 0
0 0.373611 0 0.0166667 0
0 0.645833 0 0.0166667 0
0 0.232639 0 0.0152778 0
0 0.373611 0 0.0166667 0
0 0.646528 0 0.0152778 0
0 0.647917 0 0.0152778 0
0 0.372222 0 0.0166667 0
0 0.647917 0 0.0152778 0
0 0.372222 0 0.0166667 0
0 0.648611 0 0.0166667 0
0 0.372222 0 0.0166667 0
0 0.65 0 0.0166667 0
0 0.227083 0 0.0152778 0
0 0.371528 0 0.0180556 0
0 0.650694 0 0.0152778 0
0 0.651389 0 0.0166667 0
0 0.370833 0 0.0166667 0
0 0.652778 0 0.0166667 0
0 0.370833 0 0.0166667 0
0 0.799306 0 0.0152778 0
0 0.369444 0 0.0166667 0
0 0.653472 0 0.0180556 0
0 0.800694 0 0.0152778 0
0 0.369444 0 0.0166667 0
0 0.654167 0 0.0166667 0
0 0.802083 0 0.0180556 0
0 0.655556 0 0.0166667 0
0 0.802083 0 0.0180556 0
0 0.655556 0 0.0166667 0
0 0.367361 0 0.0180556 0
0 0.80625 0 0.0152778 0
0 0.656944 0 0.0166667 0
0 0.366667 0 0.0194444 0
0 0.807639 0 0.0180556 0
0 0.659028 0 0.0180556 0
0 0.366667 0 0.0166667 0
0 0.659722 0 0.0194444 0
0 0.365972 0 0.0180556 0
0 0.659722 0 0.0194444 0
0 0.365972 0 0.0180556 0
0 0.661806 0 0.0180556 0
0 0.365972 0 0.0180556 0
0 0.661806 0 0.0180556 0
0 0.364583 0 0.0180556 0
0 0.663889 0 0.0166667 0
0 0.363889 0 0.0194444 0
0 0.664583 0 0.0180556 0
0 0.363194 0 0.0180556 0
0 0.665278 0 0.0194444 0
0 0.665972 0 0.0208333 0
0 0.363194 0 0.0180556 0
0 0.361806 0 0.0180556 0
0 0.667361 0 0.0208333 0
0 0.361806 0 0.0180556 0
0 0.66875 0 0.0208333 0
0 0.670139 0 0.0208333 0
0 0.361806 0 0.0180556 0
0 0.360417 0 0.0180556 0
0 0.672222 0 0.0222222 0
0 0.360417 0 0.0180556 0
0 0.672222 0 0.0222222 0
0 0.359028 0 0.0180556 0
0 0.673611 0 0.0222222 0
0 0.358333 0 0.0194444 0
0 0.673611 0 0.0194444 0
0 0.358333 0 0.0194444 0
0 0.673611 0 0.0194444 0
0 0.675694 0 0.0208333 0
0 0.358333 0 0.0194444 0
0 0.357639 0 0.0180556 0
0 0.677778 0 0.0194444 0
0 0.678472 0 0.0208333 0
0 0.356944 0 0.0194444 0
0 0.356944 0 0.0194444 0
0 0.679861 0 0.0236111 0
0 0.679861 0 0.0208333 0
0 0.738194 1 0.1375 0
0 0.681944 0 0.0222222 0
0 0.409028 0 0.131944 0
0 0.354167 0 0.0194444 0
0 0.682639 0 0.0208333 0
0 0.684028 0 0.0208333 0
0 0.353472 0 0.0208333 0
0 0.684722 0 0.0222222 0
0 0.686806 0 0.0208333 0
0 0.352778 0 0.0194444 0
0 0.686806 0 0.0208333 0
0 0.352778 0 0.0194444 0
0 0.352083 0 0.0208333 0
0 0.6875 0 0.0194444 0
0 0.351389 0 0.0194444 0
0 0.690278 0 0.0194444 0
0 0.690972 0 0.0208333 0
0 0.35 0 0.0194444 0
0 0.692361 0 0.0208333 0
0 0.35 0 0.0194444 0
0 0.245833 0 0.0277778 0
0 0.347917 0 0.0208333 0
0 0.695139 0 0.0208333 0
0 0.265278 0 0.0277778 0
0 0.269444 0 0.025 0
0 0.347917 0 0.0208333 0
0 0.696528 0 0.0208333 0
0 0.347917 0 0.0208333 0
0 0.697222 0 0.0222222 0
0 0.698611 0 0.0222222 0
0 0.346528 0 0.0208333 0
0 0.259028 0 0.0291667 0
0 0.7 0 0.0222222 0
0 0.346528 0 0.0208333 0
0 0.254861 0 0.0291667 0
0 0.345139 0 0.0208333 0
0 0.700694 0 0.0208333 0
0 0.256944 0 0.0277778 0
0 0.345139 0 0.0208333 0
0 0.704167 0 0.0222222 0
0 0.248611 0 0.0305556 0
0 0.34375 0 0.0208333 0
0 0.705556 0 0.0222222 0
0 0.229167 0 0.0333333 0
0 0.344444 0 0.0222222 0
0 0.707639 0 0.0236111 0
0 0.176389 0 0.0388889 0
0 0.344444 0 0.0222222 0
0 0.707639 0 0.0236111 0
0 0.176389 0 0.0388889 0
0 0.343056 0 0.0222222 0
0 0.710417 0 0.0236111 0
0 0.0493056 0 0.0541667 0
0 0.340972 0 0.0236111 0
0 0.713194 0 0.0208333 0
0 0.340972 0 0.0236111 0
0 0.713194 0 0.0208333 0
0 0.714583 0 0.0236111 0
0 0.340278 0 0.0222222 0
0 0.716667 0 0.0222222 0
0 0.339583 0 0.0208333 0
0 0.716667 0 0.0222222 0
0 0.338889 0 0.0222222 0
0 0.25625 0 0.00694444 0
0 0.719444 0 0.025 0
0 0.338194 0 0.0208333 0
0 0.720139 0 0.0263889 0
0 0.3375 0 0.0222222 0
0 0.722917 0 0.0236111 0
0 0.3375 0 0.0222222 0
0 0.724306 0 0.0236111 0
0 0.336111 0 0.0222222 0
0 0.726389 0 0.0277778 0
0 0.335417 0 0.0236111 0
0 0.334722 0 0.025 0
0 0.728472 0 0.0263889 0
0 0.334028 0 0.0236111 0
0 0.729167 0 0.025 0
0 0.334028 0 0.0236111 0
0 0.334028 0 0.0236111 0
0 0.729167 0 0.025 0
0 0.334028 0 0.0236111 0
0 0.334028 0 0.0236111 0
0 0.729167 0 0.025 0
0 0.334028 0 0.0236111 0
0 0.729167 0 0.025 0
0 0.334028 0 0.0236111 0
0 0.729167 0 0.025 0
0 0.334028 0 0.0236111 0
0 0.334028 0 0.0236111 0
0 0.334028 0 0.0236111 0
0 0.334028 0 0.0236111 0
0 0.334028 0 0.0236111 0
0 0.334028 0 0.0236111 0
0 0.334028 0 0.0236111 0
0 0.729167 0 0.025 0
0 0.334028 0 0.0236111 0
0 0.334028 0 0.0236111 0
0 0.334722 0 0.0222222 0
0 0.334028 0 0.0236111 0
0 0.334028 0 0.0236111 0
0 0.333333 0 0.025 0
0 0.729167 0 0.025 0
0 0.334028 0 0.0236111 0
0 0.729167 0 0.025 0
0 0.334028 0 0.0236111 0
0 0.729167 0 0.025 0
0 0.334028 0 0.0236111 0
0 0.334028 0 0.0236111 0
0 0.729167 0 0.025 0
0 0.334028 0 0.0236111 0
0 0.334028 0 0.0236111 0
0 0.334028 0 0.0236111 0
0 0.334028 0 0.0236111 0
0 0.334028 0 0.0236111 0
0 0.334028 0 0.0236111 0
0 0.334028 0 0.0236111 0
0 0.334028 0 0.0236111 0
0 0.729167 0 0.025 0
0 0.334028 0 0.0236111 0
0 0.334028 0 0.0236111 0
0 0.729167 0 0.025 0
0 0.334722 0 0.0222222 0
0 0.334028 0 0.0236111 0
0 0.334028 0 0.0236111 0
0 0.334028 0 0.0236111 0
0 0.729167 0 0.025 0
0 0.334028 0 0.0236111 0
0 0.334028 0 0.0236111 0
0 0.729167 0 0.025 0
0 0.334028 0 0.0236111 0
0 0.334028 0 0.0236111 0
0 0.729167 0 0.025 0
0 0.334028 0 0.0236111 0
0 0.729167 0 0.025 0
0 0.334028 0 0.0236111 0
0 0.729167 0 0.025 0
0 0.334028 0 0.0236111 0
0 0.334028 0 0.0236111 0
0 0.334028 0 0.0236111 0
0 0.729167 0 0.025 0
0 0.334722 0 0.0222222 0
0 0.334028 0 0.0236111 0
0 0.334028 0 0.0236111 0
0 0.334028 0 0.0236111 0
0 0.334028 0 0.0236111 0
0 0.334028 0 0.0236111 0
0 0.729167 0 0.025 0
0 0.334028 0 0.0236111 0
0 0.729167 0 0.025 0
0 0.334722 0 0.0222222 0
0 0.334028 0 0.0236111 0
0 0.334028 0 0.0236111 0
0 0.334028 0 0.0236111 0
0 0.334028 0 0.0236111 0
0 0.729167 0 0.025 0
0 0.334028 0 0.0236111 0
0 0.729167 0 0.025 0
0 0.334028 0 0.0236111 0
0 0.334028 0 0.0236111 0
0 0.729167 0 0.025 0
0 0.334028 0 0.0236111 0
0 0.334028 0 0.0236111 0
0 0.729167 0 0.025 0
0 0.334028 0 0.0236111 0
0 0.334028 0 0.0236111 0
0 0.334028 0 0.0236111 0
0 0.334028 0 0.0236111 0
0 0.334028 0 0.0236111 0
0 0.729167 0 0.025 0
0 0.334028 0 0.0236111 0
0 0.333333 0 0.025 0
0 0.334028 0 0.0236111 0
0 0.334028 0 0.0236111 0
0 0.334028 0 0.0236111 0
0 0.334028 0 0.0236111 0
0 0.333333 0 0.025 0
0 0.334028 0 0.0236111 0
0 0.334722 0 0.0222222 0
0 0.334028 0 0.0236111 0
0 0.729167 0 0.025 0
0 0.333333 0 0.025 0
0 0.729167 0 0.025 0
0 0.334028 0 0.0236111 0
0 0.333333 0 0.025 0
0 0.334028 0 0.0236111 0
0 0.729167 0 0.025 0
0 0.334028 0 0.0236111 0
0 0.334028 0 0.0236111 0
0 0.729167 0 0.025 0
0 0.334028 0 0.0236111 0
0 0.729167 0 0.025 0
0 0.334028 0 0.0236111 0
0 0.334028 0 0.0236111 0
0 0.334028 0 0.0236111 0
0 0.334028 0 0.0236111 0
0 0.334028 0 0.0236111 0
0 0.334028 0 0.0236111 0
0 0.388194 0 0.00694444 0
0 0.729167 0 0.025 0
0 0.334028 0 0.0236111 0
0 0.334028 0 0.0236111 0
0 0.334028 0 0.0236111 0
0 0.334028 0 0.0236111 0
0 0.334028 0 0.0236111 0
0 0.334028 0 0.0236111 0
0 0.334028 0 0.0236111 0
0 0.334028 0 0.0236111 0
0 0.334028 0 0.0236111 0
0 0.334028 0 0.0236111 0
0 0.729167 0 0.025 0
0 0.334722 0 0.0222222 0
0 0.334028 0 0.0236111 0
0 0.334028 0 0.0236111 0
0 0.729167 0 0.025 0
0 0.334028 0 0.0236111 0
0 0.334028 0 0.0236111 0
0 0.334028 0 0.0236111 0
0 0.729167 0 0.025 0
0 0.334028 0 0.0236111 0
0 0.334028 0 0.0236111 0
0 0.334028 0 0.0236111 0
0 0.729167 0 0.025 0
0 0.334028 0 0.0236111 0
0 0.729167 0 0.025 0
0 0.334028 0 0.0236111 0
0 0.729167 0 0.025 0
0 0.334028 0 0.0236111 0
0 0.729167 0 0.025 0
0 0.334028 0 0.0236111 0
0 0.729167 0 0.025 0
0 0.334028 0 0.0236111 0
0 0.334028 0 0.0236111 0
0 0.334028 0 0.0236111 0
0 0.729167 0 0.025 0
0 0.334722 0 0.0222222 0
0 0.729167 0 0.025 0
0 0.334028 0 0.0236111 0
0 0.729167 0 0.025 0
0 0.334028 0 0.0236111 0
0 0.334028 0 0.0236111 0
0 0.334028 0 0.0236111 0
0 0.334722 0 0.0222222 0
0 0.334028 0 0.0236111 0
0 0.729167 0 0.025 0
0 0.334028 0 0.0236111 0
0 0.729167 0 0.025 0
0 0.334028 0 0.0236111 0
0 0.729167 0 0.025 0
0 0.334722 0 0.0222222 0
0 0.334028 0 0.0236111 0
0 0.334028 0 0.0236111 0
0 0.334028 0 0.0236111 0
0 0.334028 0 0.0236111 0
0 0.729167 0 0.025 0
0 0.333333 0 0.025 0
0 0.334028 0 0.0236111 0
