0 0.440972 0.5 0.0291667 1
0 0.440972 0.5 0.0291667 1
0 0.440972 0.5 0.0291667 1
0 0.440972 0.5 0.0291667 1
0 0.440972 0.5 0.0291667 1
0 0.440972 0.5 0.0291667 1
0 0.440972 0.5 0.0291667 1
0 0.440972 0.5 0.0291667 1
0 0.440972 0.5 0.0291667 1
0 0.440972 0.5 0.0291667 1
0 0.440972 0.5 0.0291667 1
0 0.440972 0.5 0.0291667 1
0 0.440972 0.5 0.0291667 1
0 0.440972 0.5 0.0291667 1
0 0.440972 0.5 0.0291667 1
0 0.440972 0.5 0.0291667 1
0 0.440972 0.5 0.0291667 1
0 0.440972 0.5 0.0291667 1
0 0.440972 0.5 0.0291667 1
0 0.440972 0.5 0.0291667 1
0 0.440972 0.5 0.0291667 1
0 0.440972 0.5 0.0291667 1
0 0.440972 0.5 0.0291667 1
0 0.440972 0.5 0.0291667 1
0 0.440972 0.5 0.0291667 1
0 0.440972 0.5 0.0291667 1
0 0.440972 0.5 0.0291667 1
0 0.440972 0.5 0.0291667 1
0 0.440972 0.5 0.0291667 1
0 0.440972 0.5 0.0291667 1
0 0.440972 0.5 0.0291667 1
0 0.440972 0.5 0.0291667 1
0 0.441667 0.5 0.0277778 1
0 0.441667 0.5 0.0277778 1
0 0.568056 0 0.0111111 0
0 0.443056 0 0.0277778 0
0 0.443056 0 0.0277778 0
0 0.443056 0 0.0277778 0
0 0.444444 0 0.0277778 0
0 0.503472 0 0.0347222 0
0 0.445139 0 0.0263889 0
0 0.503472 0 0.0347222 0
0 0.445139 0 0.0263889 0
0 0.447222 0 0.0277778 0
0 0.447917 0 0.0291667 0
0 0.448611 0 0.0277778 0
0 0.449306 0 0.0291667 0
0 0.450694 0 0.0291667 0
0 0.452083 0 0.0291667 0
0 0.452083 0 0.0291667 0
0 0.454167 0 0.0305556 0
0 0.454167 0 0.0305556 0
0 0.578472 0 0.00972222 0
0 0.511111 0 0.0388889 0
0 0.45625 0 0.0291667 0
0 0.579167 0 0.0111111 0
0 0.382639 0 0.0125 0
0 0.458333 0 0.0305556 0
0 0.382639 0 0.0125 0
0 0.459722 0 0.0305556 0
0 0.4625 0 0.0305556 0
0 0.463889 0 0.0333333 0
0 0.466667 0 0.0305556 0
0 0.5875 0 0.0111111 0
0 0.46875 0 0.0319444 0
0 0.471528 0 0.0319444 0
0 0.593056 0 0.0111111 0
0 0.475694 0 0.0319444 0
0 0.594444 0 0.0138889 0
0 0.477083 0 0.0347222 0
0 0.595139 0 0.0125 0
0 0.479167 0 0.0333333 0
0 0.597222 0 0.0111111 0
0 0.480556 0 0.0333333 0
0 0.3875 0 0.0138889 0
0 0.486111 0.5 0.0333333 1
0 0.600694 0 0.0125 0
0 0.488194 0.5 0.0347222 1
0 0.601389 0 0.0138889 0
0 0.388889 0 0.0138889 0
0 0.603472 0 0.0125 0
0 0.489583 0.5 0.0347222 1
0 0.492361 0.5 0.0347222 1
0 0.49375 0.5 0.0347222 1
0 0.607639 0 0.0125 0
0 0.496528 0.5 0.0375 1
0 0.498611 0.5 0.0361111 1
0 0.503472 0.5 0.0347222 1
0 0.505556 0.5 0.0361111 1
0 0.611806 0 0.0152778 0
0 0.507639 0.5 0.0347222 1
0 0.6125 0 0.0138889 0
0 0.509722 0.5 0.0361111 1
0 0.511806 0.5 0.0375 1
0 0.615972 0 0.0125 0
0 0.5125 0.5 0.0388889 1
0 0.617361 0 0.0125 0
0 0.393056 0 0.0138889 0
0 0.515278 0.5 0.0388889 1
0 0.39375 0 0.0125 0
0 0.61875 0 0.0152778 0
0 0.517361 0.5 0.0402778 1
0 0.619444 0 0.0138889 0
0 0.519444 0.5 0.0388889 1
0 0.620833 0 0.0138889 0
0 0.522222 0.5 0.0416667 1
0 0.620833 0 0.0138889 0
0 0.738194 0 0.0125 0
0 0.523611 0.5 0.0416667 1
0 0.622917 0 0.0125 0
0 0.525694 0.5 0.0430556 1
0 0.527083 0 0.0458333 0
0 0.625 0 0.0138889 0
0 0.528472 0 0.0430556 0
0 0.626389 0 0.0138889 0
0 0.53125 0 0.0430556 0
0 0.626389 0 0.0138889 0
0 0.53125 0 0.0430556 0
0 0.629167 0 0.0138889 0
0 0.534722 0 0.05 0
0 0.629167 0 0.0138889 0
0 0.751389 0 0.0138889 0
0 0.536111 0 0.0472222 0
0 0.392361 0 0.0152778 0
0 0.63125 0 0.0152778 0
0 0.538889 0 0.0555556 0
0 0.391667 0 0.0166667 0
0 0.632639 0 0.0152778 0
0 0.539583 0 0.0569444 0
0 0.391667 0 0.0166667 0
0 0.633333 0 0.0138889 0
0 0.540972 0 0.0513889 0
0 0.390972 0 0.0152778 0
0 0.634028 0 0.0152778 0
0 0.541667 0 0.0527778 0
0 0.390972 0 0.0152778 0
0 0.634028 0 0.0152778 0
0 0.541667 0 0.0527778 0
0 0.635417 0 0.0152778 0
0 0.542361 0.5 0.0513889 1
0 0.635417 0 0.0152778 0
0 0.543056 0.5 0.0527778 1
0 0.543056 0.5 0.0527778 1
0 0.636111 0 0.0166667 0
0 0.389583 0 0.0152778 0
0 0.543056 0.5 0.0527778 1
0 0.388194 0 0.0152778 0
0 0.6375 0 0.0138889 0
0 0.543056 0.5 0.0555556 1
0 0.388194 0 0.0152778 0
0 0.638194 0 0.0152778 0
0 0.54375 0.5 0.0541667 1
0 0.765972 0 0.0152778 0
0 0.638194 0 0.0152778 0
0 0.544444 0.5 0.0555556 1
0 0.766667 0 0.0138889 0
0 0.638194 0 0.0152778 0
0 0.54375 0.5 0.0569444 1
0 0.638194 0 0.0180556 0
0 0.543056 0.5 0.0583333 1
0 0.638194 0 0.0152778 0
0 0.543056 0.5 0.0583333 1
0 0.384722 0 0.0166667 0
0 0.639583 0 0.0152778 0
0 0.543056 0.5 0.0583333 1
0 0.543056 0.5 0.0583333 1
0 0.638889 0 0.0166667 0
0 0.384722 0 0.0166667 0
0 0.542361 0.5 0.0597222 1
0 0.770139 0 0.0152778 0
0 0.382639 0 0.0152778 0
0 0.638194 0 0.0152778 0
0 0.540278 0.5 0.0611111 1
0 0.251389 0 0.0138889 0
0 0.770139 0 0.0152778 0
0 0.638194 0 0.0152778 0
0 0.539583 0.5 0.0625 1
0 0.382639 0 0.0152778 0
0 0.638194 0 0.0152778 0
0 0.770833 0 0.0166667 0
0 0.538889 0.5 0.0638889 1
0 0.638194 0 0.0152778 0
0 0.770833 0 0.0166667 0
0 0.538194 0.5 0.0652778 1
0 0.770139 0 0.0152778 0
0 0.380556 0 0.0166667 0
0 0.638194 0 0.0152778 0
0 0.536806 0 0.0652778 0
0 0.770833 0 0.0166667 0
0 0.638194 0 0.0152778 0
0 0.536111 0 0.0638889 0
0 0.379861 0 0.0180556 0
0 0.770833 0 0.0166667 0
0 0.638194 0 0.0152778 0
0 0.535417 0 0.0652778 0
0 0.378472 0 0.0152778 0
0 0.770833 0 0.0166667 0
0 0.245139 0 0.0152778 0
0 0.638194 0 0.0152778 0
0 0.534028 0 0.0652778 0
0 0.379167 0 0.0166667 0
0 0.245139 0 0.0152778 0
0 0.6375 0 0.0166667 0
0 0.533333 0 0.0666667 0
0 0.377083 0 0.0152778 0
0 0.638194 0 0.0152778 0
0 0.530556 0 0.0666667 0
0 0.770833 0 0.0166667 0
0 0.377083 0 0.0152778 0
0 0.6375 0 0.0138889 0
0 0.529861 0 0.0652778 0
0 0.770833 0 0.0166667 0
0 0.376389 0 0.0166667 0
0 0.6375 0 0.0138889 0
0 0.528472 0 0.0652778 0
0 0.636806 0 0.0152778 0
0 0.527083 0 0.0652778 0
0 0.770833 0 0.0166667 0
0 0.636806 0 0.0180556 0
0 0.525 0 0.0666667 0
0 0.373611 0 0.0166667 0
0 0.770833 0 0.0166667 0
0 0.636806 0 0.0152778 0
0 0.524306 0 0.0680556 0
0 0.373611 0 0.0166667 0
0 0.770833 0 0.0166667 0
0 0.636806 0 0.0152778 0
0 0.522917 0 0.0680556 0
0 0.770833 0 0.0166667 0
0 0.636806 0 0.0152778 0
0 0.520833 0 0.0694444 0
0 0.372917 0 0.0180556 0
0 0.771528 0 0.0180556 0
0 0.636111 0 0.0166667 0
0 0.520139 0 0.0708333 0
0 0.553472 0 0.0347222 0
0 0.771528 0 0.0180556 0
0 0.372917 0 0.0180556 0
0 0.636806 0 0.0152778 0
0 0.518056 0 0.0694444 0
0 0.553472 0 0.0347222 0
0 0.372917 0 0.0180556 0
0 0.771528 0 0.0180556 0
0 0.636806 0 0.0152778 0
0 0.516667 0.5 0.0694444 1
0 0.553472 0 0.0347222 0
0 0.372222 0 0.0166667 0
0 0.771528 0 0.0180556 0
0 0.636111 0 0.0166667 0
0 0.516667 0.5 0.0694444 1
0 0.553472 0 0.0347222 0
0 0.772222 0 0.0166667 0
0 0.371528 0 0.0152778 0
0 0.636806 0 0.0152778 0
0 0.515972 0.5 0.0708333 1
0 0.772917 0 0.0180556 0
0 0.370833 0 0.0166667 0
0 0.636806 0 0.0180556 0
0 0.515278 0.5 0.0722222 1
0 0.370833 0 0.0166667 0
0 0.772917 0 0.0180556 0
0 0.636111 0 0.0194444 0
0 0.514583 0.5 0.0708333 1
0 0.773611 0 0.0166667 0
0 0.370833 0 0.0166667 0
0 0.636806 0 0.0180556 0
0 0.513889 0.5 0.0722222 1
0 0.370139 0 0.0180556 0
0 0.234722 0 0.0166667 0
0 0.635417 0 0.0208333 0
0 0.774306 0 0.0180556 0
0 0.513889 0.5 0.0722222 1
0 0.232639 0 0.0152778 0
0 0.370139 0 0.0152778 0
0 0.513889 0.5 0.0722222 1
0 0.232639 0 0.0152778 0
0 0.370139 0 0.0152778 0
0 0.636111 0 0.0194444 0
0 0.513889 0.5 0.0722222 1
0 0.232639 0 0.0152778 0
0 0.636111 0 0.0194444 0
0 0.370139 0 0.0152778 0
0 0.513889 0.5 0.0722222 1
0 0.636111 0 0.0194444 0
0 0.369444 0 0.0166667 0
0 0.513889 0.5 0.0722222 1
0 0.370139 0 0.0152778 0
0 0.514583 0.5 0.0736111 1
0 0.231944 0 0.0166667 0
0 0.636111 0 0.0194444 0
0 0.370139 0 0.0152778 0
0 0.515278 0.5 0.0722222 1
0 0.231944 0 0.0166667 0
0 0.636806 0 0.0208333 0
0 0.370139 0 0.0152778 0
0 0.515278 0.5 0.0722222 1
0 0.232639 0 0.0152778 0
0 0.636806 0 0.0180556 0
0 0.370139 0 0.0152778 0
0 0.515278 0.5 0.0722222 1
0 0.635417 0 0.0208333 0
0 0.232639 0 0.0152778 0
0 0.370139 0 0.0152778 0
0 0.515278 0.5 0.0722222 1
0 0.232639 0 0.0152778 0
0 0.370139 0 0.0152778 0
0 0.636806 0 0.0180556 0
0 0.515972 0.5 0.0736111 1
0 0.232639 0 0.0152778 0
0 0.370139 0 0.0152778 0
0 0.636806 0 0.0180556 0
0 0.516667 0.5 0.0722222 1
0 0.370139 0 0.0152778 0
0 0.638194 0 0.0180556 0
0 0.516667 0.5 0.0722222 1
0 0.370139 0 0.0152778 0
0 0.6375 0 0.0194444 0
0 0.517361 0.5 0.0708333 1
0 0.636111 0 0.0194444 0
0 0.775 0 0.0166667 0
0 0.232639 0 0.0152778 0
0 0.370139 0 0.0152778 0
0 0.51875 0.5 0.0708333 1
0 0.232639 0 0.0152778 0
0 0.370139 0 0.0152778 0
0 0.636806 0 0.0180556 0
0 0.518056 0.5 0.0722222 1
0 0.232639 0 0.0152778 0
0 0.370833 0 0.0166667 0
0 0.6375 0 0.0194444 0
0 0.51875 0.5 0.0708333 1
0 0.232639 0 0.0152778 0
0 0.370833 0 0.0166667 0
0 0.636806 0 0.0180556 0
0 0.51875 0.5 0.0708333 1
0 0.232639 0 0.0152778 0
0 0.775694 0 0.0152778 0
0 0.6375 0 0.0194444 0
0 0.370833 0 0.0166667 0
0 0.519444 0.5 0.0722222 1
0 0.554167 0 0.0361111 0
0 0.232639 0 0.0152778 0
0 0.6375 0 0.0194444 0
0 0.775694 0 0.0152778 0
0 0.370833 0 0.0166667 0
0 0.519444 0.5 0.0722222 1
0 0.232639 0 0.0152778 0
0 0.554167 0 0.0361111 0
0 0.775694 0 0.0152778 0
0 0.638194 0 0.0180556 0
0 0.370833 0 0.0166667 0
0 0.51875 0.5 0.0736111 1
0 0.554167 0 0.0361111 0
0 0.232639 0 0.0152778 0
0 0.776389 0 0.0166667 0
0 0.6375 0 0.0194444 0
0 0.370833 0 0.0166667 0
0 0.51875 0.5 0.0736111 1
0 0.554167 0 0.0361111 0
0 0.6375 0 0.0194444 0
0 0.776389 0 0.0166667 0
0 0.370833 0 0.0166667 0
0 0.520139 0.5 0.0736111 1
0 0.370833 0 0.0166667 0
0 0.776389 0 0.0166667 0
0 0.6375 0 0.0194444 0
0 0.520139 0.5 0.0736111 1
0 0.554167 0 0.0361111 0
0 0.776389 0 0.0166667 0
0 0.370833 0 0.0166667 0
0 0.638889 0 0.0166667 0
0 0.521528 0.5 0.0736111 1
0 0.370833 0 0.0166667 0
0 0.776389 0 0.0166667 0
0 0.638889 0 0.0166667 0
0 0.521528 0.5 0.0736111 1
0 0.371528 0 0.0180556 0
0 0.638194 0 0.0180556 0
0 0.776389 0 0.0166667 0
0 0.521528 0.5 0.0736111 1
0 0.638194 0 0.0180556 0
0 0.370833 0 0.0166667 0
0 0.776389 0 0.0166667 0
0 0.522917 0.5 0.0736111 1
0 0.371528 0 0.0180556 0
0 0.638889 0 0.0166667 0
0 0.776389 0 0.0166667 0
0 0.522917 0.5 0.0736111 1
0 0.370833 0 0.0166667 0
0 0.638889 0 0.0166667 0
0 0.776389 0 0.0166667 0
0 0.522917 0.5 0.0736111 1
0 0.776389 0 0.0166667 0
0 0.371528 0 0.0180556 0
0 0.638889 0 0.0166667 0
0 0.523611 0.5 0.075 1
0 0.777778 0 0.0166667 0
0 0.371528 0 0.0180556 0
0 0.638889 0 0.0194444 0
0 0.524306 0.5 0.0819444 1
0 0.371528 0 0.0180556 0
0 0.640278 0 0.0194444 0
0 0.525 0.5 0.0833333 1
0 0.371528 0 0.0180556 0
0 0.640278 0 0.0194444 0
0 0.525 0.5 0.0833333 1
0 0.639583 0 0.0180556 0
0 0.525694 0.5 0.0819444 1
0 0.371528 0 0.0180556 0
0 0.640278 0 0.0166667 0
0 0.525694 0.5 0.0736111 1
0 0.639583 0 0.0180556 0
0 0.371528 0 0.0180556 0
0 0.526389 0.5 0.075 1
0 0.777083 0 0.0152778 0
0 0.372222 0 0.0166667 0
0 0.640278 0 0.0166667 0
0 0.527083 0.5 0.0736111 1
0 0.372222 0 0.0166667 0
0 0.640972 0 0.0180556 0
0 0.527778 0.5 0.075 1
0 0.372222 0 0.0166667 0
0 0.640972 0 0.0180556 0
0 0.527778 0.5 0.075 1
0 0.372917 0 0.0180556 0
0 0.641667 0 0.0166667 0
0 0.528472 0.5 0.0736111 1
0 0.640278 0 0.0194444 0
0 0.372222 0 0.0166667 0
0 0.528472 0.5 0.0736111 1
0 0.372917 0 0.0180556 0
0 0.641667 0 0.0166667 0
0 0.529167 0.5 0.075 1
0 0.778472 0 0.0152778 0
0 0.372917 0 0.0180556 0
0 0.641667 0 0.0166667 0
0 0.529861 0.5 0.0763889 1
0 0.372917 0 0.0180556 0
0 0.779167 0 0.0166667 0
0 0.642361 0 0.0180556 0
0 0.529861 0.5 0.0763889 1
0 0.779167 0 0.0166667 0
0 0.642361 0 0.0180556 0
0 0.530556 0.5 0.075 1
0 0.779167 0 0.0166667 0
0 0.642361 0 0.0180556 0
0 0.530556 0.5 0.075 1
0 0.779167 0 0.0166667 0
0 0.642361 0 0.0180556 0
0 0.530556 0.5 0.075 1
0 0.779167 0 0.0166667 0
0 0.641667 0 0.0194444 0
0 0.530556 0.5 0.075 1
0 0.372917 0 0.0180556 0
0 0.642361 0 0.0208333 0
0 0.53125 0.5 0.0736111 1
0 0.642361 0 0.0208333 0
0 0.779167 0 0.0166667 0
0 0.53125 0.5 0.0736111 1
0 0.641667 0 0.0194444 0
0 0.779167 0 0.0166667 0
0 0.53125 0.5 0.0736111 1
0 0.643056 0 0.0194444 0
0 0.779167 0 0.0166667 0
0 0.53125 0.5 0.0736111 1
0 0.641667 0 0.0166667 0
0 0.778472 0 0.0180556 0
0 0.53125 0.5 0.0736111 1
0 0.641667 0 0.0194444 0
0 0.778472 0 0.0180556 0
0 0.53125 0.5 0.0736111 1
0 0.641667 0 0.0194444 0
0 0.778472 0 0.0180556 0
0 0.53125 0.5 0.0736111 1
0 0.778472 0 0.0180556 0
0 0.641667 0 0.0166667 0
0 0.53125 0.5 0.0736111 1
0 0.374306 0 0.0180556 0
0 0.641667 0 0.0166667 0
0 0.778472 0 0.0180556 0
0 0.53125 0.5 0.0736111 1
0 0.374306 0 0.0180556 0
0 0.641667 0 0.0194444 0
0 0.778472 0 0.0180556 0
0 0.53125 0.5 0.0736111 1
0 0.374306 0 0.0180556 0
0 0.778472 0 0.0180556 0
0 0.641667 0 0.0194444 0
0 0.53125 0.5 0.0736111 1
0 0.372917 0 0.0180556 0
0 0.778472 0 0.0180556 0
0 0.640278 0 0.0194444 0
0 0.53125 0.5 0.0736111 1
0 0.373611 0 0.0166667 0
0 0.641667 0 0.0194444 0
0 0.778472 0 0.0180556 0
0 0.53125 0.5 0.0736111 1
0 0.777778 0 0.0166667 0
0 0.373611 0 0.0194444 0
0 0.641667 0 0.0166667 0
0 0.53125 0.5 0.0736111 1
0 0.373611 0 0.0194444 0
0 0.777778 0 0.0166667 0
0 0.640972 0 0.0180556 0
0 0.53125 0.5 0.0736111 1
0 0.777778 0 0.0166667 0
0 0.372917 0 0.0180556 0
0 0.640972 0 0.0180556 0
0 0.53125 0.5 0.0736111 1
0 0.372917 0 0.0180556 0
0 0.640972 0 0.0180556 0
0 0.529861 0.5 0.0736111 1
0 0.372917 0 0.0180556 0
0 0.640972 0 0.0180556 0
0 0.529861 0.5 0.0736111 1
0 0.372222 0 0.0166667 0
0 0.640972 0 0.0180556 0
0 0.529861 0.5 0.0736111 1
0 0.372917 0 0.0180556 0
0 0.640972 0 0.0180556 0
0 0.529861 0.5 0.0736111 1
0 0.372222 0 0.0166667 0
0 0.640972 0 0.0180556 0
0 0.529861 0.5 0.0736111 1
0 0.777778 0 0.0166667 0
0 0.640972 0 0.0180556 0
0 0.529861 0.5 0.0736111 1
0 0.372917 0 0.0180556 0
0 0.640972 0 0.0180556 0
0 0.529861 0.5 0.0736111 1
0 0.777778 0 0.0166667 0
0 0.372917 0 0.0180556 0
0 0.640972 0 0.0180556 0
0 0.529861 0.5 0.0736111 1
0 0.777778 0 0.0166667 0
0 0.372222 0 0.0166667 0
0 0.640972 0 0.0180556 0
0 0.529861 0.5 0.0736111 1
0 0.372917 0 0.0180556 0
0 0.640972 0 0.0180556 0
0 0.529861 0.5 0.0736111 1
0 0.777778 0 0.0166667 0
0 0.372917 0 0.0180556 0
0 0.640972 0 0.0180556 0
0 0.530556 0.5 0.0722222 1
0 0.777778 0 0.0166667 0
0 0.372222 0 0.0166667 0
0 0.640278 0 0.0166667 0
0 0.529861 0.5 0.0708333 1
0 0.777778 0 0.0166667 0
0 0.372222 0 0.0166667 0
0 0.640278 0 0.0166667 0
0 0.529861 0.5 0.0708333 1
0 0.777778 0 0.0166667 0
0 0.372222 0 0.0166667 0
0 0.640278 0 0.0166667 0
0 0.529861 0.5 0.0708333 1
0 0.777778 0 0.0166667 0
0 0.372222 0 0.0166667 0
0 0.640278 0 0.0166667 0
0 0.529167 0.5 0.0722222 1
0 0.777778 0 0.0166667 0
0 0.372222 0 0.0166667 0
0 0.640278 0 0.0166667 0
0 0.529167 0.5 0.0722222 1
0 0.777778 0 0.0166667 0
0 0.372222 0 0.0166667 0
0 0.640278 0 0.0166667 0
0 0.529167 0.5 0.0722222 1
0 0.372917 0 0.0180556 0
0 0.777778 0 0.0166667 0
0 0.640278 0 0.0166667 0
0 0.529167 0.5 0.0722222 1
0 0.372917 0 0.0180556 0
0 0.777778 0 0.0166667 0
0 0.640278 0 0.0166667 0
0 0.529167 0.5 0.0722222 1
0 0.372917 0 0.0180556 0
0 0.777778 0 0.0166667 0
0 0.640278 0 0.0166667 0
0 0.528472 0.5 0.0708333 1
0 0.777778 0 0.0166667 0
0 0.372917 0 0.0180556 0
0 0.640278 0 0.0166667 0
0 0.528472 0.5 0.0708333 1
0 0.777778 0 0.0166667 0
0 0.372917 0 0.0180556 0
0 0.640278 0 0.0166667 0
0 0.528472 0.5 0.0708333 1
0 0.372917 0 0.0180556 0
0 0.777778 0 0.0166667 0
0 0.640278 0 0.0166667 0
0 0.528472 0.5 0.0708333 1
0 0.777778 0 0.0166667 0
0 0.372917 0 0.0180556 0
0 0.640278 0 0.0166667 0
0 0.528472 0.5 0.0708333 1
0 0.372917 0 0.0180556 0
0 0.777778 0 0.0166667 0
0 0.640278 0 0.0166667 0
0 0.528472 0.5 0.0708333 1
0 0.777778 0 0.0166667 0
0 0.372917 0 0.0180556 0
0 0.640278 0 0.0166667 0
0 0.527778 0.5 0.0694444 1
0 0.777778 0 0.0166667 0
0 0.372917 0 0.0180556 0
0 0.640278 0 0.0166667 0
0 0.527778 0.5 0.0694444 1
0 0.372917 0 0.0180556 0
0 0.777778 0 0.0166667 0
0 0.640278 0 0.0166667 0
0 0.527778 0.5 0.0694444 1
0 0.777778 0 0.0166667 0
0 0.372917 0 0.0180556 0
0 0.640278 0 0.0166667 0
0 0.527778 0.5 0.0694444 1
0 0.372917 0 0.0180556 0
0 0.777778 0 0.0166667 0
0 0.640278 0 0.0166667 0
0 0.527083 0.5 0.0708333 1
0 0.777778 0 0.0166667 0
0 0.372917 0 0.0180556 0
0 0.640278 0 0.0166667 0
0 0.527083 0.5 0.0708333 1
0 0.777778 0 0.0166667 0
0 0.372917 0 0.0180556 0
0 0.640278 0 0.0166667 0
0 0.527083 0.5 0.0708333 1
0 0.777778 0 0.0166667 0
0 0.372917 0 0.0180556 0
0 0.640278 0 0.0166667 0
0 0.527083 0.5 0.0708333 1
0 0.777778 0 0.0166667 0
0 0.372917 0 0.0180556 0
0 0.640278 0 0.0166667 0
0 0.527083 0.5 0.0708333 1
0 0.372917 0 0.0180556 0
0 0.777778 0 0.0166667 0
0 0.640278 0 0.0166667 0
0 0.527083 0.5 0.0708333 1
0 0.372917 0 0.0180556 0
0 0.777778 0 0.0166667 0
0 0.639583 0 0.0180556 0
0 0.527083 0.5 0.0708333 1
0 0.372917 0 0.0180556 0
0 0.777778 0 0.0166667 0
0 0.640278 0 0.0166667 0
0 0.526389 0.5 0.0722222 1
0 0.372917 0 0.0180556 0
0 0.777778 0 0.0166667 0
0 0.639583 0 0.0180556 0
0 0.526389 0.5 0.0722222 1
0 0.777778 0 0.0166667 0
0 0.372917 0 0.0180556 0
0 0.640278 0 0.0166667 0
0 0.526389 0.5 0.0722222 1
0 0.372917 0 0.0180556 0
0 0.777778 0 0.0166667 0
0 0.640278 0 0.0166667 0
0 0.526389 0.5 0.0722222 1
0 0.777778 0 0.0166667 0
0 0.372917 0 0.0180556 0
0 0.640278 0 0.0166667 0
0 0.526389 0.5 0.0722222 1
0 0.777778 0 0.0166667 0
0 0.372917 0 0.0180556 0
0 0.640278 0 0.0166667 0
0 0.526389 0.5 0.0722222 1
0 0.777778 0 0.0166667 0
0 0.372917 0 0.0180556 0
0 0.640278 0 0.0166667 0
0 0.526389 0.5 0.0722222 1
0 0.777778 0 0.0166667 0
0 0.372917 0 0.0180556 0
0 0.640278 0 0.0166667 0
0 0.526389 0.5 0.0722222 1
0 0.777778 0 0.0166667 0
0 0.372917 0 0.0180556 0
0 0.640278 0 0.0166667 0
0 0.526389 0.5 0.0722222 1
0 0.777083 0 0.0180556 0
0 0.372917 0 0.0180556 0
0 0.640278 0 0.0166667 0
0 0.526389 0.5 0.0722222 1
0 0.372917 0 0.0180556 0
0 0.777083 0 0.0180556 0
0 0.640278 0 0.0166667 0
0 0.525694 0.5 0.0736111 1
0 0.372917 0 0.0180556 0
0 0.777083 0 0.0180556 0
0 0.640278 0 0.0166667 0
0 0.525694 0.5 0.0736111 1
0 0.372917 0 0.0180556 0
0 0.777083 0 0.0180556 0
0 0.640278 0 0.0166667 0
0 0.525694 0.5 0.0736111 1
0 0.372917 0 0.0180556 0
0 0.777083 0 0.0180556 0
0 0.640278 0 0.0166667 0
0 0.525694 0.5 0.0736111 1
0 0.372917 0 0.0180556 0
0 0.777778 0 0.0166667 0
0 0.640278 0 0.0166667 0
0 0.525694 0.5 0.0736111 1
0 0.777778 0 0.0166667 0
0 0.372917 0 0.0180556 0
0 0.640278 0 0.0166667 0
0 0.525694 0.5 0.0819444 1
0 0.372917 0 0.0180556 0
0 0.777778 0 0.0166667 0
0 0.640278 0 0.0166667 0
0 0.525694 0.5 0.0819444 1
0 0.372917 0 0.0180556 0
0 0.777778 0 0.0166667 0
0 0.640278 0 0.0166667 0
0 0.525694 0.5 0.0819444 1
0 0.777778 0 0.0166667 0
0 0.372917 0 0.0180556 0
0 0.640278 0 0.0166667 0
0 0.525694 0.5 0.0819444 1
0 0.372917 0 0.0180556 0
0 0.777083 0 0.0180556 0
0 0.640278 0 0.0166667 0
0 0.525694 0.5 0.0819444 1
0 0.777083 0 0.0180556 0
0 0.372917 0 0.0180556 0
0 0.640278 0 0.0166667 0
0 0.525694 0.5 0.0819444 1
0 0.372917 0 0.0180556 0
0 0.777083 0 0.0180556 0
0 0.640278 0 0.0166667 0
0 0.525694 0.5 0.0819444 1
0 0.777083 0 0.0180556 0
0 0.372917 0 0.0180556 0
0 0.640278 0 0.0166667 0
0 0.525694 0.5 0.0819444 1
0 0.777083 0 0.0180556 0
0 0.372917 0 0.0180556 0
0 0.640278 0 0.0166667 0
0 0.525694 0.5 0.0819444 1
0 0.777083 0 0.0180556 0
0 0.640278 0 0.0166667 0
0 0.526389 0.5 0.0722222 1
0 0.777083 0 0.0180556 0
0 0.372917 0 0.0180556 0
0 0.640278 0 0.0166667 0
0 0.526389 0.5 0.0722222 1
0 0.777083 0 0.0180556 0
0 0.372917 0 0.0180556 0
0 0.640278 0 0.0166667 0
0 0.526389 0.5 0.0722222 1
0 0.372222 0 0.0166667 0
0 0.777083 0 0.0180556 0
0 0.640278 0 0.0166667 0
0 0.526389 0.5 0.0722222 1
0 0.777083 0 0.0180556 0
0 0.372917 0 0.0180556 0
0 0.640278 0 0.0166667 0
0 0.526389 0.5 0.0722222 1
0 0.777083 0 0.0180556 0
0 0.372917 0 0.0180556 0
0 0.640278 0 0.0166667 0
0 0.526389 0.5 0.0722222 1
0 0.372222 0 0.0166667 0
0 0.640278 0 0.0166667 0
0 0.526389 0.5 0.0722222 1
0 0.777778 0 0.0166667 0
0 0.640278 0 0.0166667 0
0 0.526389 0.5 0.0722222 1
0 0.777083 0 0.0180556 0
0 0.640278 0 0.0166667 0
0 0.526389 0.5 0.0722222 1
0 0.777083 0 0.0180556 0
0 0.640278 0 0.0166667 0
0 0.526389 0.5 0.0722222 1
0 0.372222 0 0.0166667 0
0 0.777778 0 0.0166667 0
0 0.640278 0 0.0166667 0
0 0.526389 0.5 0.0722222 1
0 0.777083 0 0.0180556 0
0 0.640278 0 0.0166667 0
0 0.526389 0.5 0.0722222 1
0 0.372917 0 0.0180556 0
0 0.777083 0 0.0180556 0
0 0.640278 0 0.0166667 0
0 0.526389 0.5 0.0722222 1
0 0.640278 0 0.0166667 0
0 0.527083 0.5 0.0736111 1
0 0.640278 0 0.0166667 0
0 0.527083 0.5 0.0736111 1
0 0.372917 0 0.0180556 0
0 0.640278 0 0.0194444 0
0 0.527083 0.5 0.0736111 1
0 0.640278 0 0.0166667 0
0 0.527083 0.5 0.0736111 1
0 0.640278 0 0.0166667 0
0 0.527083 0.5 0.0736111 1
0 0.640278 0 0.0166667 0
0 0.527778 0.5 0.0722222 1
0 0.640278 0 0.0166667 0
0 0.527778 0.5 0.0722222 1
0 0.640278 0 0.0166667 0
0 0.527778 0.5 0.0722222 1
0 0.640278 0 0.0166667 0
0 0.527778 0.5 0.0722222 1
0 0.372917 0 0.0180556 0
0 0.640278 0 0.0166667 0
0 0.527778 0.5 0.0722222 1
0 0.374306 0 0.0180556 0
0 0.640278 0 0.0166667 0
0 0.527778 0.5 0.0722222 1
0 0.640278 0 0.0166667 0
0 0.527778 0.5 0.0722222 1
0 0.640278 0 0.0166667 0
0 0.527778 0.5 0.0722222 1
0 0.640278 0 0.0166667 0
0 0.527778 0.5 0.0722222 1
0 0.640278 0 0.0166667 0
0 0.527778 0.5 0.0722222 1
0 0.640278 0 0.0166667 0
0 0.527778 0.5 0.0722222 1
0 0.640278 0 0.0166667 0
0 0.527778 0.5 0.0722222 1
0 0.640278 0 0.0166667 0
0 0.527778 0.5 0.0722222 1
0 0.640278 0 0.0166667 0
0 0.527778 0.5 0.0722222 1
0 0.640278 0 0.0166667 0
0 0.527778 0.5 0.0722222 1
0 0.640278 0 0.0166667 0
0 0.527778 0.5 0.0722222 1
0 0.640278 0 0.0166667 0
0 0.527778 0.5 0.0722222 1
0 0.640278 0 0.0166667 0
0 0.527778 0.5 0.0722222 1
0 0.640278 0 0.0166667 0
0 0.528472 0.5 0.0736111 1
0 0.777778 0 0.0166667 0
0 0.640278 0 0.0166667 0
0 0.528472 0.5 0.0736111 1
0 0.372917 0 0.0180556 0
0 0.640278 0 0.0166667 0
0 0.529167 0.5 0.0722222 1
0 0.372917 0 0.0180556 0
0 0.640972 0 0.0152778 0
0 0.529167 0.5 0.0722222 1
0 0.640278 0 0.0166667 0
0 0.529167 0.5 0.0722222 1
0 0.640278 0 0.0166667 0
0 0.529167 0.5 0.0722222 1
0 0.640278 0 0.0166667 0
0 0.529167 0.5 0.0722222 1
0 0.640278 0 0.0166667 0
0 0.529167 0.5 0.0722222 1
0 0.640278 0 0.0166667 0
0 0.529167 0.5 0.0722222 1
0 0.776389 0 0.0166667 0
0 0.640278 0 0.0166667 0
0 0.529167 0.5 0.0722222 1
0 0.776389 0 0.0166667 0
0 0.640278 0 0.0166667 0
0 0.529167 0.5 0.0722222 1
0 0.777778 0 0.0166667 0
0 0.374306 0 0.0180556 0
0 0.640278 0 0.0166667 0
0 0.529167 0.5 0.0722222 1
0 0.777083 0 0.0152778 0
0 0.640278 0 0.0166667 0
0 0.529167 0.5 0.0722222 1
0 0.777083 0 0.0180556 0
0 0.373611 0 0.0166667 0
0 0.640278 0 0.0166667 0
0 0.528472 0.5 0.0736111 1
0 0.777083 0 0.0180556 0
0 0.640278 0 0.0166667 0
0 0.528472 0.5 0.0736111 1
0 0.777083 0 0.0180556 0
0 0.640278 0 0.0166667 0
0 0.528472 0.5 0.0736111 1
0 0.777083 0 0.0180556 0
0 0.640278 0 0.0166667 0
0 0.528472 0.5 0.0736111 1
0 0.777083 0 0.0180556 0
0 0.640278 0 0.0166667 0
0 0.528472 0.5 0.0736111 1
0 0.374306 0 0.0180556 0
0 0.777083 0 0.0180556 0
0 0.640278 0 0.0166667 0
0 0.528472 0.5 0.0736111 1
0 0.374306 0 0.0180556 0
0 0.777083 0 0.0180556 0
0 0.640278 0 0.0166667 0
0 0.528472 0.5 0.0736111 1
0 0.777083 0 0.0152778 0
0 0.640278 0 0.0166667 0
0 0.528472 0.5 0.0736111 1
0 0.777083 0 0.0152778 0
0 0.640278 0 0.0166667 0
0 0.528472 0.5 0.0736111 1
0 0.777083 0 0.0180556 0
0 0.640278 0 0.0166667 0
0 0.528472 0.5 0.0736111 1
0 0.372917 0 0.0180556 0
0 0.777083 0 0.0152778 0
0 0.640278 0 0.0166667 0
0 0.528472 0.5 0.0736111 1
0 0.372917 0 0.0180556 0
0 0.777083 0 0.0180556 0
0 0.640278 0 0.0166667 0
0 0.529167 0.5 0.0722222 1
0 0.373611 0 0.0194444 0
0 0.777083 0 0.0180556 0
0 0.640972 0 0.0180556 0
0 0.528472 0.5 0.0736111 1
0 0.373611 0 0.0194444 0
0 0.777083 0 0.0180556 0
0 0.640972 0 0.0180556 0
0 0.528472 0.5 0.0736111 1
0 0.373611 0 0.0166667 0
0 0.777083 0 0.0180556 0
0 0.640972 0 0.0180556 0
0 0.528472 0.5 0.0736111 1
0 0.372917 0 0.0180556 0
0 0.777083 0 0.0180556 0
0 0.640278 0 0.0166667 0
0 0.528472 0.5 0.0736111 1
0 0.373611 0 0.0194444 0
0 0.777083 0 0.0180556 0
0 0.640972 0 0.0180556 0
0 0.528472 0.5 0.0736111 1
0 0.373611 0 0.0194444 0
0 0.640278 0 0.0166667 0
0 0.776389 0 0.0166667 0
0 0.528472 0.5 0.0736111 1
0 0.373611 0 0.0194444 0
0 0.777778 0 0.0166667 0
0 0.640278 0 0.0194444 0
0 0.528472 0.5 0.0736111 1
0 0.373611 0 0.0194444 0
0 0.640972 0 0.0180556 0
0 0.777778 0 0.0166667 0
0 0.528472 0.5 0.0736111 1
0 0.373611 0 0.0194444 0
0 0.777778 0 0.0166667 0
0 0.640278 0 0.0194444 0
0 0.528472 0.5 0.0736111 1
0 0.373611 0 0.0194444 0
0 0.777778 0 0.0166667 0
0 0.640972 0 0.0180556 0
0 0.528472 0.5 0.0736111 1
0 0.373611 0 0.0194444 0
0 0.777778 0 0.0166667 0
0 0.640972 0 0.0180556 0
0 0.528472 0.5 0.0736111 1
0 0.373611 0 0.0194444 0
0 0.640972 0 0.0180556 0
0 0.777778 0 0.0166667 0
0 0.528472 0.5 0.0736111 1
0 0.373611 0 0.0194444 0
0 0.777778 0 0.0166667 0
0 0.640972 0 0.0180556 0
0 0.528472 0.5 0.0736111 1
0 0.373611 0 0.0194444 0
0 0.777778 0 0.0166667 0
0 0.640972 0 0.0180556 0
0 0.528472 0.5 0.0736111 1
0 0.373611 0 0.0194444 0
0 0.777778 0 0.0166667 0
0 0.640972 0 0.0180556 0
0 0.528472 0.5 0.0736111 1
0 0.373611 0 0.0194444 0
0 0.641667 0 0.0194444 0
0 0.777778 0 0.0166667 0
0 0.528472 0.5 0.0736111 1
0 0.777778 0 0.0166667 0
0 0.374306 0 0.0180556 0
0 0.640972 0 0.0180556 0
0 0.528472 0.5 0.0736111 1
0 0.374306 0 0.0180556 0
0 0.777778 0 0.0166667 0
0 0.640972 0 0.0180556 0
0 0.528472 0.5 0.0736111 1
0 0.374306 0 0.0180556 0
0 0.777778 0 0.0166667 0
0 0.640972 0 0.0180556 0
0 0.528472 0.5 0.0736111 1
0 0.373611 0 0.0194444 0
0 0.777083 0 0.0180556 0
0 0.640972 0 0.0180556 0
0 0.528472 0.5 0.0736111 1
0 0.372917 0 0.0180556 0
0 0.777778 0 0.0166667 0
0 0.640972 0 0.0180556 0
0 0.529167 0.5 0.0722222 1
0 0.372917 0 0.0180556 0
0 0.640972 0 0.0180556 0
0 0.777778 0 0.0166667 0
0 0.529167 0.5 0.0722222 1
0 0.374306 0 0.0180556 0
0 0.777778 0 0.0166667 0
0 0.640972 0 0.0180556 0
0 0.529167 0.5 0.0722222 1
0 0.374306 0 0.0180556 0
0 0.640972 0 0.0180556 0
0 0.777778 0 0.0166667 0
0 0.529167 0.5 0.0722222 1
0 0.372917 0 0.0180556 0
0 0.640972 0 0.0180556 0
0 0.777778 0 0.0166667 0
0 0.529167 0.5 0.0722222 1
0 0.372917 0 0.0180556 0
0 0.777778 0 0.0166667 0
0 0.640972 0 0.0180556 0
0 0.529167 0.5 0.0722222 1
0 0.374306 0 0.0180556 0
0 0.777778 0 0.0166667 0
0 0.640972 0 0.0180556 0
0 0.529167 0.5 0.0722222 1
0 0.374306 0 0.0180556 0
0 0.777778 0 0.0166667 0
0 0.640972 0 0.0180556 0
0 0.529167 0.5 0.0722222 1
0 0.777778 0 0.0166667 0
0 0.640972 0 0.0180556 0
0 0.529167 0.5 0.0722222 1
0 0.372917 0 0.0180556 0
0 0.777778 0 0.0166667 0
0 0.640972 0 0.0180556 0
0 0.529167 0.5 0.0722222 1
0 0.372917 0 0.0180556 0
0 0.777778 0 0.0166667 0
0 0.641667 0 0.0166667 0
0 0.528472 0.5 0.0736111 1
0 0.374306 0 0.0180556 0
0 0.777778 0 0.0166667 0
0 0.640972 0 0.0180556 0
0 0.528472 0.5 0.0736111 1
0 0.372917 0 0.0180556 0
0 0.777778 0 0.0166667 0
0 0.641667 0 0.0166667 0
0 0.528472 0.5 0.0736111 1
0 0.374306 0 0.0180556 0
0 0.777778 0 0.0166667 0
0 0.640972 0 0.0180556 0
0 0.528472 0.5 0.0736111 1
0 0.374306 0 0.0180556 0
0 0.777778 0 0.0166667 0
0 0.640972 0 0.0180556 0
0 0.528472 0.5 0.0736111 1
0 0.778472 0 0.0180556 0
0 0.641667 0 0.0166667 0
0 0.528472 0.5 0.0736111 1
0 0.372917 0 0.0180556 0
0 0.778472 0 0.0180556 0
0 0.641667 0 0.0166667 0
0 0.528472 0.5 0.0736111 1
0 0.372917 0 0.0180556 0
0 0.778472 0 0.0180556 0
0 0.641667 0 0.0166667 0
0 0.528472 0.5 0.0736111 1
0 0.374306 0 0.0180556 0
0 0.778472 0 0.0180556 0
0 0.641667 0 0.0166667 0
0 0.528472 0.5 0.0736111 1
0 0.374306 0 0.0180556 0
0 0.778472 0 0.0180556 0
0 0.641667 0 0.0166667 0
0 0.528472 0.5 0.0736111 1
0 0.374306 0 0.0180556 0
0 0.777778 0 0.0166667 0
0 0.641667 0 0.0166667 0
0 0.528472 0.5 0.0736111 1
0 0.374306 0 0.0180556 0
0 0.777778 0 0.0166667 0
0 0.641667 0 0.0166667 0
0 0.528472 0.5 0.0736111 1
0 0.372917 0 0.0180556 0
0 0.777778 0 0.0166667 0
0 0.640972 0 0.0180556 0
0 0.528472 0.5 0.0736111 1
0 0.374306 0 0.0180556 0
0 0.777778 0 0.0166667 0
0 0.641667 0 0.0166667 0
0 0.528472 0.5 0.0736111 1
0 0.374306 0 0.0180556 0
0 0.778472 0 0.0180556 0
0 0.641667 0 0.0166667 0
0 0.528472 0.5 0.0736111 1
0 0.373611 0 0.0194444 0
0 0.777778 0 0.0166667 0
0 0.641667 0 0.0166667 0
0 0.528472 0.5 0.0736111 1
0 0.374306 0 0.0180556 0
0 0.777778 0 0.0166667 0
0 0.641667 0 0.0166667 0
0 0.528472 0.5 0.0736111 1
0 0.374306 0 0.0180556 0
0 0.778472 0 0.0180556 0
0 0.641667 0 0.0166667 0
0 0.528472 0.5 0.0736111 1
0 0.777778 0 0.0166667 0
0 0.640972 0 0.0180556 0
0 0.529167 0.5 0.0722222 1
0 0.372917 0 0.0180556 0
0 0.777778 0 0.0166667 0
0 0.641667 0 0.0166667 0
0 0.529167 0.5 0.0722222 1
0 0.373611 0 0.0194444 0
0 0.640972 0 0.0180556 0
0 0.529167 0.5 0.0722222 1
0 0.372917 0 0.0180556 0
0 0.640972 0 0.0180556 0
0 0.529167 0.5 0.0722222 1
0 0.372917 0 0.0180556 0
0 0.640972 0 0.0180556 0
0 0.529167 0.5 0.0722222 1
0 0.777778 0 0.0166667 0
0 0.372917 0 0.0180556 0
0 0.640972 0 0.0180556 0
0 0.529167 0.5 0.0722222 1
0 0.374306 0 0.0180556 0
0 0.640972 0 0.0180556 0
0 0.528472 0.5 0.0708333 1
0 0.374306 0 0.0180556 0
0 0.640972 0 0.0180556 0
0 0.528472 0.5 0.0736111 1
0 0.374306 0 0.0180556 0
0 0.640972 0 0.0180556 0
0 0.528472 0.5 0.0736111 1
0 0.372917 0 0.0180556 0
0 0.640972 0 0.0180556 0
0 0.528472 0.5 0.0736111 1
0 0.374306 0 0.0180556 0
0 0.640972 0 0.0180556 0
0 0.528472 0.5 0.0736111 1
0 0.372917 0 0.0180556 0
0 0.640972 0 0.0180556 0
0 0.528472 0.5 0.0736111 1
0 0.372917 0 0.0180556 0
0 0.640972 0 0.0180556 0
0 0.528472 0.5 0.0736111 1
0 0.777778 0 0.0166667 0
0 0.640972 0 0.0180556 0
0 0.528472 0.5 0.0736111 1
0 0.777778 0 0.0166667 0
0 0.640972 0 0.0180556 0
0 0.527778 0.5 0.0722222 1
0 0.777778 0 0.0166667 0
0 0.373611 0 0.0194444 0
0 0.640972 0 0.0180556 0
0 0.527778 0.5 0.0722222 1
0 0.372917 0 0.0180556 0
0 0.777778 0 0.0166667 0
0 0.640972 0 0.0180556 0
0 0.528472 0.5 0.0708333 1
0 0.777778 0 0.0166667 0
0 0.640972 0 0.0180556 0
0 0.529167 0.5 0.0722222 1
0 0.372917 0 0.0180556 0
0 0.640972 0 0.0180556 0
0 0.528472 0.5 0.0708333 1
0 0.777778 0 0.0166667 0
0 0.374306 0 0.0180556 0
0 0.640972 0 0.0180556 0
0 0.529167 0.5 0.0722222 1
0 0.372917 0 0.0180556 0
0 0.777778 0 0.0166667 0
0 0.640278 0 0.0194444 0
0 0.529167 0.5 0.0722222 1
0 0.372917 0 0.0180556 0
0 0.777778 0 0.0166667 0
0 0.640972 0 0.0180556 0
0 0.529167 0.5 0.0722222 1
0 0.777778 0 0.0166667 0
0 0.374306 0 0.0180556 0
0 0.640972 0 0.0180556 0
0 0.529167 0.5 0.0722222 1
0 0.777778 0 0.0166667 0
0 0.372917 0 0.0180556 0
0 0.640972 0 0.0180556 0
0 0.529167 0.5 0.0722222 1
0 0.374306 0 0.0180556 0
0 0.640972 0 0.0180556 0
0 0.529167 0.5 0.0722222 1
0 0.372917 0 0.0180556 0
0 0.640972 0 0.0180556 0
0 0.528472 0.5 0.0736111 1
0 0.374306 0 0.0180556 0
0 0.640972 0 0.0180556 0
0 0.528472 0.5 0.0736111 1
0 0.372917 0 0.0180556 0
0 0.640972 0 0.0180556 0
0 0.528472 0.5 0.0736111 1
0 0.374306 0 0.0180556 0
0 0.640972 0 0.0180556 0
0 0.528472 0.5 0.0736111 1
0 0.374306 0 0.0180556 0
0 0.640972 0 0.0180556 0
0 0.528472 0.5 0.0736111 1
0 0.373611 0 0.0194444 0
0 0.777778 0 0.0166667 0
0 0.641667 0 0.0166667 0
0 0.528472 0.5 0.0736111 1
0 0.777778 0 0.0166667 0
0 0.640972 0 0.0180556 0
0 0.528472 0.5 0.0736111 1
0 0.372917 0 0.0180556 0
0 0.777778 0 0.0166667 0
0 0.641667 0 0.0166667 0
0 0.528472 0.5 0.0736111 1
0 0.777778 0 0.0166667 0
0 0.640972 0 0.0180556 0
0 0.528472 0.5 0.0736111 1
0 0.777778 0 0.0166667 0
0 0.640972 0 0.0180556 0
0 0.528472 0.5 0.0736111 1
0 0.374306 0 0.0180556 0
0 0.777778 0 0.0166667 0
0 0.640972 0 0.0180556 0
0 0.528472 0.5 0.0736111 1
0 0.778472 0 0.0180556 0
0 0.641667 0 0.0166667 0
0 0.529167 0.5 0.0722222 1
0 0.372917 0 0.0180556 0
0 0.777778 0 0.0166667 0
0 0.641667 0 0.0166667 0
0 0.529167 0.5 0.0722222 1
0 0.777778 0 0.0166667 0
0 0.641667 0 0.0166667 0
0 0.528472 0.5 0.0736111 1
0 0.372917 0 0.0180556 0
0 0.777778 0 0.0166667 0
0 0.641667 0 0.0166667 0
0 0.528472 0.5 0.0736111 1
0 0.372917 0 0.0180556 0
0 0.777778 0 0.0166667 0
0 0.641667 0 0.0166667 0
0 0.528472 0.5 0.0736111 1
0 0.372917 0 0.0180556 0
0 0.777778 0 0.0166667 0
0 0.641667 0 0.0166667 0
0 0.528472 0.5 0.0736111 1
0 0.641667 0 0.0194444 0
0 0.777778 0 0.0166667 0
0 0.528472 0.5 0.0736111 1
0 0.373611 0 0.0194444 0
0 0.641667 0 0.0166667 0
0 0.777778 0 0.0166667 0
0 0.528472 0.5 0.0736111 1
0 0.373611 0 0.0194444 0
0 0.641667 0 0.0166667 0
0 0.777778 0 0.0166667 0
0 0.528472 0.5 0.0736111 1
0 0.640972 0 0.0180556 0
0 0.777778 0 0.0166667 0
0 0.528472 0.5 0.0736111 1
0 0.374306 0 0.0180556 0
0 0.640972 0 0.0180556 0
0 0.777778 0 0.0166667 0
0 0.528472 0.5 0.0736111 1
0 0.777083 0 0.0152778 0
0 0.372917 0 0.0180556 0
0 0.641667 0 0.0166667 0
0 0.529167 0.5 0.0722222 1
0 0.777083 0 0.0152778 0
0 0.641667 0 0.0166667 0
0 0.529167 0.5 0.0722222 1
0 0.777083 0 0.0152778 0
0 0.641667 0 0.0166667 0
0 0.529167 0.5 0.0722222 1
0 0.777083 0 0.0152778 0
0 0.641667 0 0.0166667 0
0 0.529167 0.5 0.0722222 1
0 0.640972 0 0.0180556 0
0 0.529167 0.5 0.0722222 1
0 0.641667 0 0.0194444 0
0 0.529861 0.5 0.0736111 1
0 0.556944 0 0.0361111 0
0 0.641667 0 0.0194444 0
0 0.529861 0.5 0.0736111 1
0 0.557639 0 0.0375 0
0 0.372222 0 0.0194444 0
0 0.641667 0 0.0194444 0
0 0.529861 0.5 0.0736111 1
0 0.641667 0 0.0194444 0
0 0.529861 0.5 0.0736111 1
0 0.641667 0 0.0194444 0
0 0.529861 0.5 0.0736111 1
0 0.372917 0 0.0180556 0
0 0.641667 0 0.0166667 0
0 0.528472 0 0.0736111 0
0 0.640972 0 0.0152778 0
0 0.528472 0 0.0736111 0
0 0.640972 0 0.0152778 0
0 0.528472 0 0.0736111 0
0 0.372917 0 0.0180556 0
0 0.640972 0 0.0152778 0
0 0.528472 0 0.0736111 0
0 0.640972 0 0.0152778 0
0 0.528472 0 0.0736111 0
0 0.372222 0 0.0166667 0
0 0.778472 0 0.0180556 0
0 0.640278 0 0.0166667 0
0 0.528472 0 0.0736111 0
0 0.372222 0 0.0166667 0
0 0.778472 0 0.0180556 0
0 0.640278 0 0.0166667 0
0 0.527778 0 0.0722222 0
0 0.372222 0 0.0166667 0
0 0.778472 0 0.0180556 0
0 0.640972 0 0.0180556 0
0 0.527778 0 0.0722222 0
0 0.372222 0 0.0166667 0
0 0.778472 0 0.0180556 0
0 0.640278 0 0.0166667 0
0 0.527778 0 0.0722222 0
0 0.778472 0 0.0180556 0
0 0.640972 0 0.0180556 0
0 0.528472 0 0.0736111 0
0 0.371528 0 0.0180556 0
0 0.640972 0 0.0180556 0
0 0.528472 0 0.0736111 0
0 0.778472 0 0.0180556 0
0 0.372222 0 0.0166667 0
0 0.234028 0 0.0180556 0
0 0.641667 0 0.0194444 0
0 0.527778 0 0.0722222 0
0 0.778472 0 0.0180556 0
0 0.234028 0 0.0180556 0
0 0.372222 0 0.0166667 0
0 0.640972 0 0.0180556 0
0 0.527778 0 0.0722222 0
0 0.778472 0 0.0180556 0
0 0.234028 0 0.0180556 0
0 0.372222 0 0.0166667 0
0 0.640972 0 0.0180556 0
0 0.527778 0 0.0722222 0
0 0.778472 0 0.0180556 0
0 0.234028 0 0.0180556 0
0 0.372222 0 0.0166667 0
0 0.640972 0 0.0180556 0
0 0.527778 0 0.0722222 0
0 0.234722 0 0.0194444 0
0 0.777778 0 0.0166667 0
0 0.640972 0 0.0180556 0
0 0.527083 0 0.0736111 0
0 0.556944 0 0.0361111 0
0 0.778472 0 0.0180556 0
0 0.370833 0 0.0166667 0
0 0.641667 0 0.0166667 0
0 0.527778 0 0.0694444 0
0 0.55625 0 0.0375 0
0 0.778472 0 0.0180556 0
0 0.370833 0 0.0166667 0
0 0.641667 0 0.0166667 0
0 0.527778 0 0.0694444 0
0 0.371528 0 0.0180556 0
0 0.55625 0 0.0375 0
0 0.778472 0 0.0180556 0
0 0.641667 0 0.0166667 0
0 0.527778 0 0.0694444 0
0 0.55625 0 0.0375 0
0 0.778472 0 0.0180556 0
0 0.370833 0 0.0166667 0
0 0.641667 0 0.0166667 0
0 0.527778 0 0.0694444 0
0 0.778472 0 0.0180556 0
0 0.370833 0 0.0166667 0
0 0.641667 0 0.0166667 0
0 0.525694 0 0.0763889 0
0 0.778472 0 0.0180556 0
0 0.370833 0 0.0166667 0
0 0.640972 0 0.0180556 0
0 0.525694 0 0.0763889 0
0 0.779167 0 0.0166667 0
0 0.370833 0 0.0166667 0
0 0.641667 0 0.0166667 0
0 0.525694 0 0.0763889 0
0 0.779167 0 0.0166667 0
0 0.370833 0 0.0166667 0
0 0.641667 0 0.0166667 0
0 0.525694 0 0.0763889 0
0 0.778472 0 0.0180556 0
0 0.370833 0 0.0166667 0
0 0.641667 0 0.0166667 0
0 0.525694 0 0.0763889 0
0 0.779167 0 0.0166667 0
0 0.370833 0 0.0166667 0
0 0.641667 0 0.0166667 0
0 0.525694 0 0.0763889 0
0 0.231944 0 0.0166667 0
0 0.779861 0 0.0180556 0
0 0.370833 0 0.0166667 0
0 0.641667 0 0.0166667 0
0 0.525 0 0.075 0
0 0.779861 0 0.0180556 0
0 0.640972 0 0.0180556 0
0 0.524306 0 0.0763889 0
0 0.779861 0 0.0180556 0
0 0.640972 0 0.0180556 0
0 0.524306 0 0.0763889 0
0 0.779861 0 0.0180556 0
0 0.640972 0 0.0180556 0
0 0.524306 0 0.0763889 0
0 0.780556 0 0.0166667 0
0 0.640972 0 0.0180556 0
0 0.524306 0 0.0791667 0
0 0.369444 0 0.0166667 0
0 0.78125 0 0.0152778 0
0 0.641667 0 0.0166667 0
0 0.522917 0 0.0791667 0
0 0.369444 0 0.0166667 0
0 0.78125 0 0.0152778 0
0 0.640972 0 0.0180556 0
0 0.522917 0 0.0791667 0
0 0.369444 0 0.0166667 0
0 0.78125 0 0.0152778 0
0 0.641667 0 0.0166667 0
0 0.522917 0 0.0791667 0
0 0.369444 0 0.0166667 0
0 0.78125 0 0.0152778 0
0 0.641667 0 0.0166667 0
0 0.522917 0 0.0791667 0
0 0.369444 0 0.0166667 0
0 0.641667 0 0.0166667 0
0 0.522917 0 0.0819444 0
0 0.368056 0 0.0166667 0
0 0.78125 0 0.0180556 0
0 0.641667 0 0.0194444 0
0 0.522222 0 0.0805556 0
0 0.78125 0 0.0180556 0
0 0.368056 0 0.0166667 0
0 0.641667 0 0.0194444 0
0 0.522222 0 0.0833333 0
0 0.78125 0 0.0180556 0
0 0.368056 0 0.0166667 0
0 0.641667 0 0.0194444 0
0 0.522222 0 0.0833333 0
0 0.781944 0 0.0166667 0
0 0.367361 0 0.0180556 0
0 0.641667 0 0.0166667 0
0 0.520139 0 0.0819444 0
0 0.781944 0 0.0166667 0
0 0.641667 0 0.0166667 0
0 0.520833 0 0.0805556 0
0 0.781944 0 0.0166667 0
0 0.640972 0 0.0180556 0
0 0.51875 0 0.0819444 0
0 0.366667 0 0.0194444 0
0 0.226389 0 0.0166667 0
0 0.782639 0 0.0180556 0
0 0.641667 0 0.0194444 0
0 0.519444 0 0.0777778 0
0 0.366667 0 0.0194444 0
0 0.226389 0 0.0166667 0
0 0.782639 0 0.0180556 0
0 0.641667 0 0.0194444 0
0 0.519444 0 0.0777778 0
0 0.555556 0 0.0388889 0
0 0.366667 0 0.0166667 0
0 0.226389 0 0.0166667 0
0 0.782639 0 0.0180556 0
0 0.642361 0 0.0180556 0
0 0.519444 0 0.0777778 0
0 0.225694 0 0.0180556 0
0 0.365972 0 0.0180556 0
0 0.781944 0 0.0166667 0
0 0.641667 0 0.0194444 0
0 0.51875 0 0.0791667 0
0 0.365972 0 0.0180556 0
0 0.782639 0 0.0152778 0
0 0.642361 0 0.0180556 0
0 0.518056 0 0.0805556 0
0 0.365972 0 0.0180556 0
0 0.782639 0 0.0152778 0
0 0.642361 0 0.0180556 0
0 0.518056 0 0.0805556 0
0 0.365972 0 0.0180556 0
0 0.782639 0 0.0152778 0
0 0.642361 0 0.0180556 0
0 0.518056 0 0.0805556 0
0 0.365972 0 0.0180556 0
0 0.782639 0 0.0152778 0
0 0.642361 0 0.0180556 0
0 0.518056 0 0.0805556 0
0 0.783333 0 0.0194444 0
0 0.364583 0 0.0180556 0
0 0.641667 0 0.0194444 0
0 0.516667 0 0.0833333 0
0 0.783333 0 0.0194444 0
0 0.364583 0 0.0180556 0
0 0.641667 0 0.0194444 0
0 0.516667 0 0.0833333 0
0 0.783333 0 0.0166667 0
0 0.364583 0 0.0180556 0
0 0.641667 0 0.0194444 0
0 0.516667 0 0.0833333 0
0 0.783333 0 0.0194444 0
0 0.364583 0 0.0180556 0
0 0.641667 0 0.0194444 0
0 0.516667 0 0.0833333 0
0 0.783333 0 0.0194444 0
0 0.365278 0 0.0166667 0
0 0.641667 0 0.0194444 0
0 0.515278 0 0.0833333 0
0 0.782639 0 0.0180556 0
0 0.221528 0 0.0180556 0
0 0.641667 0 0.0166667 0
0 0.363889 0 0.0166667 0
0 0.515278 0 0.0833333 0
0 0.221528 0 0.0180556 0
0 0.784028 0 0.0180556 0
0 0.641667 0 0.0166667 0
0 0.363889 0 0.0166667 0
0 0.513194 0 0.0847222 0
0 0.221528 0 0.0180556 0
0 0.784028 0 0.0180556 0
0 0.641667 0 0.0166667 0
0 0.363889 0 0.0166667 0
0 0.513194 0 0.0847222 0
0 0.221528 0 0.0180556 0
0 0.782639 0 0.0180556 0
0 0.641667 0 0.0166667 0
0 0.363889 0 0.0166667 0
0 0.513194 0 0.0847222 0
0 0.784722 0 0.0194444 0
0 0.363889 0 0.0166667 0
0 0.642361 0 0.0180556 0
0 0.5125 0 0.0861111 0
0 0.361806 0 0.0180556 0
0 0.784722 0 0.0194444 0
0 0.219444 0 0.0166667 0
0 0.641667 0 0.0194444 0
0 0.511111 0 0.0861111 0
0 0.361806 0 0.0180556 0
0 0.219444 0 0.0166667 0
0 0.784722 0 0.0194444 0
0 0.641667 0 0.0194444 0
0 0.511111 0 0.0861111 0
0 0.361806 0 0.0180556 0
0 0.784722 0 0.0194444 0
0 0.219444 0 0.0166667 0
0 0.641667 0 0.0194444 0
0 0.511111 0 0.0861111 0
0 0.361806 0 0.0180556 0
0 0.784722 0 0.0194444 0
0 0.219444 0 0.0166667 0
0 0.641667 0 0.0194444 0
0 0.511111 0 0.0861111 0
0 0.361806 0 0.0180556 0
0 0.784722 0 0.0194444 0
0 0.219444 0 0.0166667 0
0 0.641667 0 0.0194444 0
0 0.511111 0 0.0861111 0
0 0.361806 0 0.0180556 0
0 0.784722 0 0.0194444 0
0 0.219444 0 0.0166667 0
0 0.641667 0 0.0194444 0
0 0.511111 0 0.0861111 0
0 0.361806 0 0.0180556 0
0 0.784722 0 0.0194444 0
0 0.219444 0 0.0166667 0
0 0.641667 0 0.0194444 0
0 0.511111 0 0.0861111 0
0 0.361806 0 0.0180556 0
0 0.219444 0 0.0166667 0
0 0.784722 0 0.0194444 0
0 0.641667 0 0.0194444 0
0 0.511111 0 0.0861111 0
0 0.361806 0 0.0180556 0
0 0.784722 0 0.0194444 0
0 0.219444 0 0.0166667 0
0 0.641667 0 0.0194444 0
0 0.511111 0 0.0861111 0
0 0.361806 0 0.0180556 0
0 0.784722 0 0.0194444 0
0 0.219444 0 0.0166667 0
0 0.641667 0 0.0194444 0
0 0.511111 0 0.0861111 0
0 0.361806 0 0.0180556 0
0 0.784722 0 0.0194444 0
0 0.219444 0 0.0166667 0
0 0.641667 0 0.0194444 0
0 0.511111 0 0.0861111 0
0 0.361806 0 0.0180556 0
0 0.784722 0 0.0194444 0
0 0.219444 0 0.0166667 0
0 0.641667 0 0.0194444 0
0 0.511111 0 0.0861111 0
0 0.361806 0 0.0180556 0
0 0.784722 0 0.0194444 0
0 0.219444 0 0.0166667 0
0 0.641667 0 0.0194444 0
0 0.511111 0 0.0861111 0
0 0.361806 0 0.0180556 0
0 0.784722 0 0.0194444 0
0 0.219444 0 0.0166667 0
0 0.641667 0 0.0194444 0
0 0.511111 0 0.0861111 0
0 0.361806 0 0.0180556 0
0 0.219444 0 0.0166667 0
0 0.784722 0 0.0194444 0
0 0.641667 0 0.0194444 0
0 0.511111 0 0.0861111 0
0 0.361806 0 0.0180556 0
0 0.784722 0 0.0194444 0
0 0.219444 0 0.0166667 0
0 0.641667 0 0.0194444 0
0 0.511111 0 0.0861111 0
0 0.361806 0 0.0180556 0
0 0.784722 0 0.0194444 0
0 0.219444 0 0.0166667 0
0 0.641667 0 0.0194444 0
0 0.511111 0 0.0861111 0
0 0.361806 0 0.0180556 0
0 0.784722 0 0.0194444 0
0 0.219444 0 0.0166667 0
0 0.641667 0 0.0194444 0
0 0.511111 0 0.0861111 0
0 0.361806 0 0.0180556 0
0 0.784722 0 0.0194444 0
0 0.219444 0 0.0166667 0
0 0.641667 0 0.0194444 0
0 0.511111 0 0.0861111 0
0 0.361806 0 0.0180556 0
0 0.784722 0 0.0194444 0
0 0.219444 0 0.0166667 0
0 0.641667 0 0.0194444 0
0 0.511111 0 0.0861111 0
0 0.361806 0 0.0180556 0
0 0.784722 0 0.0194444 0
0 0.219444 0 0.0166667 0
0 0.641667 0 0.0194444 0
0 0.511111 0 0.0861111 0
0 0.361806 0 0.0180556 0
0 0.784722 0 0.0194444 0
0 0.219444 0 0.0166667 0
0 0.641667 0 0.0194444 0
0 0.511111 0 0.0861111 0
0 0.361806 0 0.0180556 0
0 0.784722 0 0.0194444 0
0 0.219444 0 0.0166667 0
0 0.641667 0 0.0194444 0
0 0.511111 0 0.0861111 0
0 0.361806 0 0.0180556 0
0 0.785417 0 0.0180556 0
0 0.219444 0 0.0166667 0
0 0.641667 0 0.0194444 0
0 0.511111 0 0.0861111 0
0 0.361806 0 0.0180556 0
0 0.784722 0 0.0194444 0
0 0.219444 0 0.0166667 0
0 0.641667 0 0.0194444 0
0 0.511111 0 0.0861111 0
0 0.361806 0 0.0180556 0
0 0.784722 0 0.0194444 0
0 0.219444 0 0.0166667 0
0 0.641667 0 0.0194444 0
0 0.511111 0 0.0861111 0
0 0.361806 0 0.0180556 0
0 0.784722 0 0.0194444 0
0 0.219444 0 0.0166667 0
0 0.641667 0 0.0194444 0
0 0.511111 0 0.0861111 0
0 0.361806 0 0.0180556 0
0 0.784722 0 0.0194444 0
0 0.219444 0 0.0166667 0
0 0.641667 0 0.0194444 0
0 0.511111 0 0.0861111 0
0 0.361806 0 0.0180556 0
0 0.784722 0 0.0194444 0
0 0.219444 0 0.0166667 0
0 0.641667 0 0.0194444 0
0 0.511111 0 0.0861111 0
0 0.361806 0 0.0180556 0
0 0.784722 0 0.0194444 0
0 0.219444 0 0.0166667 0
0 0.641667 0 0.0194444 0
0 0.511111 0 0.0861111 0
0 0.361806 0 0.0180556 0
0 0.784722 0 0.0194444 0
0 0.219444 0 0.0166667 0
0 0.641667 0 0.0194444 0
0 0.511111 0 0.0861111 0
0 0.361806 0 0.0180556 0
0 0.784722 0 0.0194444 0
0 0.219444 0 0.0166667 0
0 0.641667 0 0.0194444 0
0 0.511111 0 0.0861111 0
0 0.361806 0 0.0180556 0
0 0.784722 0 0.0194444 0
0 0.219444 0 0.0166667 0
0 0.641667 0 0.0194444 0
0 0.511111 0 0.0861111 0
0 0.361806 0 0.0180556 0
0 0.219444 0 0.0166667 0
0 0.785417 0 0.0180556 0
0 0.641667 0 0.0194444 0
0 0.511111 0 0.0861111 0
0 0.361806 0 0.0180556 0
0 0.784722 0 0.0194444 0
0 0.219444 0 0.0166667 0
0 0.641667 0 0.0194444 0
0 0.511111 0 0.0861111 0
0 0.361806 0 0.0180556 0
0 0.784722 0 0.0194444 0
0 0.219444 0 0.0166667 0
0 0.641667 0 0.0194444 0
0 0.511111 0 0.0861111 0
0 0.361806 0 0.0180556 0
0 0.219444 0 0.0166667 0
0 0.785417 0 0.0180556 0
0 0.641667 0 0.0194444 0
0 0.511111 0 0.0861111 0
0 0.361806 0 0.0180556 0
0 0.784722 0 0.0194444 0
0 0.219444 0 0.0166667 0
0 0.641667 0 0.0194444 0
0 0.511111 0 0.0861111 0
0 0.361806 0 0.0180556 0
0 0.784722 0 0.0194444 0
0 0.219444 0 0.0166667 0
0 0.641667 0 0.0194444 0
0 0.511111 0 0.0861111 0
0 0.361806 0 0.0180556 0
0 0.784722 0 0.0194444 0
0 0.219444 0 0.0166667 0
0 0.641667 0 0.0194444 0
0 0.511111 0 0.0861111 0
0 0.361806 0 0.0180556 0
0 0.784722 0 0.0194444 0
0 0.219444 0 0.0166667 0
0 0.641667 0 0.0194444 0
0 0.511111 0 0.0861111 0
0 0.361806 0 0.0180556 0
0 0.784722 0 0.0194444 0
0 0.219444 0 0.0166667 0
0 0.641667 0 0.0194444 0
0 0.511111 0 0.0861111 0
0 0.361806 0 0.0180556 0
0 0.784722 0 0.0194444 0
0 0.219444 0 0.0166667 0
0 0.641667 0 0.0194444 0
0 0.511111 0 0.0861111 0
0 0.361806 0 0.0180556 0
0 0.784722 0 0.0194444 0
0 0.219444 0 0.0166667 0
0 0.641667 0 0.0194444 0
0 0.511111 0 0.0861111 0
0 0.361806 0 0.0180556 0
0 0.784722 0 0.0194444 0
0 0.219444 0 0.0166667 0
0 0.641667 0 0.0194444 0
0 0.511111 0 0.0861111 0
0 0.361806 0 0.0180556 0
0 0.784722 0 0.0194444 0
0 0.219444 0 0.0166667 0
0 0.641667 0 0.0194444 0
0 0.511111 0 0.0861111 0
0 0.361806 0 0.0180556 0
0 0.784722 0 0.0194444 0
0 0.219444 0 0.0166667 0
0 0.641667 0 0.0194444 0
0 0.511111 0 0.0861111 0
0 0.361806 0 0.0180556 0
0 0.785417 0 0.0180556 0
0 0.219444 0 0.0166667 0
0 0.641667 0 0.0194444 0
0 0.511111 0 0.0861111 0
0 0.361806 0 0.0180556 0
0 0.784722 0 0.0194444 0
0 0.219444 0 0.0166667 0
0 0.641667 0 0.0194444 0
0 0.511111 0 0.0861111 0
0 0.361806 0 0.0180556 0
0 0.784722 0 0.0194444 0
0 0.219444 0 0.0166667 0
0 0.641667 0 0.0194444 0
0 0.511111 0 0.0861111 0
0 0.361806 0 0.0180556 0
0 0.784722 0 0.0194444 0
0 0.219444 0 0.0166667 0
0 0.641667 0 0.0194444 0
0 0.511111 0 0.0861111 0
0 0.361806 0 0.0180556 0
0 0.784722 0 0.0194444 0
0 0.219444 0 0.0166667 0
0 0.641667 0 0.0194444 0
0 0.511111 0 0.0861111 0
0 0.361806 0 0.0180556 0
0 0.784722 0 0.0194444 0
0 0.219444 0 0.0166667 0
0 0.641667 0 0.0194444 0
0 0.511111 0 0.0861111 0
0 0.361806 0 0.0180556 0
0 0.785417 0 0.0180556 0
0 0.219444 0 0.0166667 0
0 0.641667 0 0.0194444 0
0 0.511111 0 0.0861111 0
0 0.361806 0 0.0180556 0
0 0.784722 0 0.0194444 0
0 0.219444 0 0.0166667 0
0 0.641667 0 0.0194444 0
0 0.511111 0 0.0861111 0
0 0.361806 0 0.0180556 0
0 0.784722 0 0.0194444 0
0 0.219444 0 0.0166667 0
0 0.641667 0 0.0194444 0
0 0.511111 0 0.0861111 0
0 0.361806 0 0.0180556 0
0 0.784722 0 0.0194444 0
0 0.219444 0 0.0166667 0
0 0.641667 0 0.0194444 0
0 0.511111 0 0.0861111 0
0 0.361806 0 0.0180556 0
0 0.784722 0 0.0194444 0
0 0.219444 0 0.0166667 0
0 0.641667 0 0.0194444 0
0 0.511111 0 0.0861111 0
0 0.361806 0 0.0180556 0
0 0.784722 0 0.0194444 0
0 0.219444 0 0.0166667 0
0 0.641667 0 0.0194444 0
0 0.511111 0 0.0861111 0
