0 0.466667 1 0.0166667 0
0 0.576389 0 0.0111111 0
0 0.465972 1 0.0152778 0
0 0.465972 1 0.0152778 0
0 0.576389 0 0.0111111 0
0 0.465972 1 0.0152778 0
0 0.465972 1 0.0152778 0
0 0.576389 0 0.0111111 0
0 0.465972 1 0.0152778 0
0 0.465972 1 0.0152778 0
0 0.465972 1 0.0152778 0
0 0.465972 1 0.0152778 0
0 0.465972 1 0.0152778 0
0 0.465972 1 0.0152778 0
0 0.465972 1 0.0152778 0
0 0.465972 1 0.0152778 0
0 0.465972 1 0.0152778 0
0 0.465972 1 0.0152778 0
0 0.465972 1 0.0152778 0
0 0.465972 1 0.0152778 0
0 0.577083 0 0.00972222 0
0 0.465972 1 0.0152778 0
0 0.465972 1 0.0152778 0
0 0.576389 0 0.0111111 0
0 0.465972 1 0.0152778 0
0 0.465972 1 0.0152778 0
0 0.576389 0 0.0111111 0
0 0.465972 1 0.0152778 0
0 0.465972 1 0.0152778 0
0 0.465972 1 0.0152778 0
0 0.465972 1 0.0152778 0
0 0.465972 1 0.0152778 0
0 0.577083 0 0.00972222 0
0 0.465972 1 0.0152778 0
0 0.465972 1 0.0152778 0
0 0.465972 1 0.0152778 0
0 0.465972 1 0.0152778 0
0 0.576389 0 0.0111111 0
0 0.465972 1 0.0152778 0
0 0.465972 1 0.0152778 0
0 0.465972 1 0.0152778 0
0 0.465972 1 0.0152778 0
0 0.465972 1 0.0152778 0
0 0.577083 0 0.00972222 0
0 0.465972 1 0.0152778 0
0 0.465972 1 0.0152778 0
0 0.576389 0 0.0111111 0
0 0.465972 1 0.0152778 0
0 0.465972 1 0.0152778 0
0 0.576389 0 0.0111111 0
0 0.465972 1 0.0152778 0
0 0.576389 0 0.0111111 0
0 0.465972 1 0.0152778 0
0 0.465972 1 0.0152778 0
0 0.576389 0 0.0111111 0
0 0.465972 1 0.0152778 0
0 0.465972 1 0.0152778 0
0 0.576389 0 0.0111111 0
0 0.465972 1 0.0152778 0
0 0.577083 0 0.00972222 0
0 0.465972 1 0.0152778 0
0 0.465972 1 0.0152778 0
0 0.576389 0 0.0111111 0
0 0.465972 1 0.0152778 0
0 0.465972 1 0.0152778 0
0 0.576389 0 0.0111111 0
0 0.465972 1 0.0152778 0
0 0.465972 1 0.0152778 0
0 0.576389 0 0.0111111 0
0 0.465972 1 0.0152778 0
0 0.465972 1 0.0152778 0
0 0.465972 1 0.0152778 0
0 0.577083 0 0.00972222 0
0 0.465972 1 0.0152778 0
0 0.465972 1 0.0152778 0
0 0.576389 0 0.0111111 0
0 0.465972 1 0.0152778 0
0 0.465972 1 0.0152778 0
0 0.576389 0 0.0111111 0
0 0.465972 1 0.0152778 0
0 0.465972 1 0.0152778 0
0 0.576389 0 0.0111111 0
0 0.465972 1 0.0152778 0
0 0.465972 1 0.0152778 0
0 0.465972 1 0.0152778 0
0 0.577083 0 0.00972222 0
0 0.465972 1 0.0152778 0
0 0.465972 1 0.0152778 0
0 0.576389 0 0.0111111 0
0 0.465972 1 0.0152778 0
0 0.465972 1 0.0152778 0
0 0.465972 1 0.0152778 0
0 0.465972 1 0.0152778 0
0 0.465972 1 0.0152778 0
0 0.465972 1 0.0152778 0
0 0.465972 1 0.0152778 0
0 0.576389 0 0.0111111 0
0 0.465972 1 0.0152778 0
0 0.465972 1 0.0152778 0
0 0.465972 1 0.0152778 0
0 0.465972 1 0.0152778 0
0 0.576389 0 0.0111111 0
0 0.465972 1 0.0152778 0
0 0.465972 1 0.0152778 0
0 0.465972 1 0.0152778 0
0 0.465972 1 0.0152778 0
0 0.465972 1 0.0152778 0
0 0.576389 0 0.0111111 0
0 0.465972 1 0.0152778 0
0 0.465972 1 0.0152778 0
0 0.465972 1 0.0152778 0
0 0.465972 1 0.0152778 0
0 0.465972 1 0.0152778 0
0 0.465972 1 0.0152778 0
0 0.465972 1 0.0152778 0
0 0.465972 1 0.0152778 0
0 0.465972 1 0.0152778 0
0 0.465972 1 0.0152778 0
0 0.465972 1 0.0152778 0
0 0.465972 1 0.0152778 0
0 0.465972 1 0.0152778 0
0 0.465972 1 0.0152778 0
0 0.465972 1 0.0152778 0
0 0.465972 1 0.0152778 0
0 0.465972 1 0.0152778 0
0 0.465972 1 0.0152778 0
0 0.465972 1 0.0152778 0
0 0.465972 1 0.0152778 0
0 0.465972 1 0.0152778 0
0 0.465972 1 0.0152778 0
0 0.465972 1 0.0152778 0
0 0.465972 1 0.0152778 0
0 0.465972 1 0.0152778 0
0 0.465972 1 0.0152778 0
0 0.465972 1 0.0152778 0
0 0.465972 1 0.0152778 0
0 0.465972 1 0.0152778 0
0 0.465972 1 0.0152778 0
0 0.465972 1 0.0152778 0
0 0.465972 1 0.0152778 0
0 0.465972 1 0.0152778 0
0 0.465972 1 0.0152778 0
0 0.465972 1 0.0152778 0
0 0.465972 1 0.0152778 0
0 0.576389 0 0.0111111 0
0 0.465972 1 0.0152778 0
0 0.465972 1 0.0152778 0
0 0.465972 1 0.0152778 0
0 0.465972 1 0.0152778 0
0 0.465972 1 0.0152778 0
0 0.465972 1 0.0152778 0
0 0.465972 1 0.0152778 0
0 0.465972 1 0.0152778 0
0 0.465972 1 0.0152778 0
0 0.465972 1 0.0152778 0
0 0.465972 1 0.0152778 0
0 0.465972 1 0.0152778 0
0 0.465972 1 0.0152778 0
0 0.465972 1 0.0152778 0
0 0.465972 1 0.0152778 0
0 0.465972 1 0.0152778 0
0 0.465972 1 0.0152778 0
0 0.466667 1 0.0166667 0
0 0.466667 1 0.0166667 0
0 0.466667 1 0.0166667 0
0 0.466667 1 0.0166667 0
0 0.466667 1 0.0166667 0
0 0.466667 1 0.0166667 0
0 0.466667 1 0.0166667 0
0 0.466667 1 0.0166667 0
0 0.466667 1 0.0166667 0
0 0.466667 1 0.0166667 0
0 0.466667 1 0.0166667 0
0 0.466667 1 0.0166667 0
0 0.466667 1 0.0166667 0
0 0.466667 1 0.0166667 0
0 0.466667 1 0.0166667 0
0 0.466667 1 0.0166667 0
0 0.466667 1 0.0166667 0
0 0.466667 1 0.0166667 0
0 0.466667 1 0.0166667 0
0 0.466667 1 0.0166667 0
0 0.466667 1 0.0166667 0
0 0.466667 1 0.0166667 0
0 0.466667 1 0.0166667 0
0 0.466667 1 0.0166667 0
0 0.466667 1 0.0166667 0
0 0.466667 1 0.0166667 0
0 0.466667 1 0.0166667 0
0 0.466667 1 0.0166667 0
0 0.466667 1 0.0166667 0
0 0.466667 1 0.0166667 0
0 0.466667 1 0.0166667 0
0 0.466667 1 0.0166667 0
0 0.466667 1 0.0166667 0
0 0.466667 1 0.0166667 0
0 0.466667 1 0.0166667 0
0 0.466667 1 0.0166667 0
0 0.466667 1 0.0166667 0
0 0.466667 1 0.0166667 0
0 0.466667 1 0.0166667 0
0 0.466667 1 0.0166667 0
0 0.466667 1 0.0166667 0
0 0.466667 1 0.0166667 0
0 0.466667 1 0.0166667 0
0 0.466667 1 0.0166667 0
0 0.466667 1 0.0166667 0
0 0.466667 1 0.0166667 0
0 0.577083 0 0.00972222 0
0 0.466667 1 0.0166667 0
0 0.466667 1 0.0166667 0
0 0.466667 1 0.0166667 0
0 0.466667 1 0.0166667 0
0 0.466667 1 0.0166667 0
0 0.466667 1 0.0166667 0
0 0.466667 1 0.0166667 0
0 0.466667 1 0.0166667 0
0 0.467361 1 0.0180556 0
0 0.576389 0 0.0111111 0
0 0.466667 1 0.0166667 0
0 0.466667 1 0.0166667 0
0 0.467361 1 0.0180556 0
0 0.466667 1 0.0166667 0
0 0.466667 1 0.0166667 0
0 0.466667 1 0.0166667 0
0 0.466667 1 0.0166667 0
0 0.466667 1 0.0166667 0
0 0.466667 1 0.0166667 0
0 0.466667 1 0.0166667 0
0 0.468056 1 0.0194444 0
0 0.468056 1 0.0194444 0
0 0.465972 1 0.0152778 0
0 0.468056 1 0.0194444 0
0 0.46875 1 0.0180556 0
0 0.517361 0 0.0319444 0
0 0.517361 0 0.0319444 0
0 0.518056 0 0.0305556 0
0 0.518056 0 0.0305556 0
0 0.51875 0 0.0319444 0
0 0.58125 0 0.00972222 0
0 0.51875 0 0.0319444 0
0 0.518056 0 0.0305556 0
0 0.51875 0 0.0319444 0
0 0.51875 0 0.0319444 0
0 0.519444 0 0.0333333 0
0 0.581944 0 0.0111111 0
0 0.395833 0 0.0111111 0
0 0.583333 0 0.0111111 0
0 0.395833 0 0.0111111 0
0 0.519444 0 0.0333333 0
0 0.584028 0 0.00972222 0
0 0.583333 0 0.0111111 0
0 0.583333 0 0.00833333 0
0 0.583333 0 0.0111111 0
0 0.583333 0 0.0111111 0
0 0.584028 0 0.00972222 0
0 0.584028 0 0.00972222 0
0 0.583333 0 0.0111111 0
0 0.583333 0 0.0111111 0
0 0.583333 0 0.0111111 0
0 0.583333 0 0.0111111 0
0 0.583333 0 0.0111111 0
0 0.465972 1 0.0152778 0
0 0.465972 1 0.0152778 0
0 0.465972 1 0.0152778 0
0 0.583333 0 0.0111111 0
0 0.465278 1 0.0138889 0
0 0.465972 1 0.0152778 0
0 0.464583 1 0.0152778 0
0 0.463889 1 0.0166667 0
0 0.464583 1 0.0180556 0
0 0.388889 0 0.0111111 0
0 0.388889 0 0.0111111 0
0 0.464583 1 0.0180556 0
0 0.388889 0 0.0111111 0
0 0.463889 1 0.0166667 0
0 0.463889 1 0.0166667 0
0 0.467361 1 0.0263889 0
0 0.463889 1 0.0166667 0
0 0.463194 1 0.0180556 0
0 0.463194 1 0.0180556 0
0 0.585417 0 0.00972222 0
0 0.4625 1 0.0166667 0
0 0.584722 0 0.0111111 0
0 0.4625 1 0.0166667 0
0 0.4625 1 0.0166667 0
0 0.4625 1 0.0166667 0
0 0.463194 1 0.0180556 0
0 0.4625 1 0.0194444 0
0 0.4625 1 0.0194444 0
0 0.461111 1 0.0194444 0
0 0.518056 0 0.0361111 0
0 0.461111 1 0.0194444 0
0 0.517361 0 0.0347222 0
0 0.463194 1 0.0208333 0
0 0.517361 0 0.0347222 0
0 0.461806 1 0.0208333 0
0 0.517361 0 0.0347222 0
0 0.461806 1 0.0208333 0
0 0.461806 1 0.0208333 0
0 0.461806 1 0.0208333 0
0 0.461806 1 0.0180556 0
0 0.461111 1 0.0194444 0
0 0.461806 1 0.0208333 0
0 0.461806 1 0.0208333 0
0 0.461111 1 0.0194444 0
0 0.461806 1 0.0208333 0
0 0.466667 1 0.0305556 0
0 0.465972 1 0.0319444 0
0 0.466667 1 0.0333333 0
0 0.588194 0 0.0125 0
0 0.465972 1 0.0319444 0
0 0.588889 0 0.0111111 0
0 0.461111 1 0.0194444 0
0 0.588889 0 0.0111111 0
0 0.461111 1 0.0194444 0
0 0.467361 1 0.0347222 0
0 0.460417 1 0.0208333 0
0 0.588889 0 0.0111111 0
0 0.383333 0 0.0111111 0
0 0.460417 1 0.0208333 0
0 0.588889 0 0.0111111 0
0 0.461111 1 0.0222222 0
0 0.460417 1 0.0208333 0
0 0.590278 0 0.0111111 0
0 0.518056 0 0.0333333 0
0 0.460417 1 0.0180556 0
0 0.590278 0 0.0111111 0
0 0.518056 0 0.0333333 0
0 0.461111 1 0.0194444 0
0 0.518056 0 0.0333333 0
0 0.460417 1 0.0180556 0
0 0.517361 0 0.0319444 0
0 0.590278 0 0.0111111 0
0 0.461111 1 0.0194444 0
0 0.590278 0 0.0111111 0
0 0.382639 0 0.0125 0
0 0.518056 0 0.0333333 0
0 0.466667 1 0.0333333 0
0 0.590972 0 0.00972222 0
0 0.518056 0 0.0333333 0
0 0.460417 1 0.0180556 0
0 0.382639 0 0.0125 0
0 0.591667 0 0.0111111 0
0 0.51875 0 0.0347222 0
0 0.461111 1 0.0194444 0
0 0.51875 0 0.0347222 0
0 0.461111 1 0.0194444 0
0 0.51875 0 0.0347222 0
0 0.461806 1 0.0208333 0
0 0.461111 1 0.0194444 0
0 0.518056 0 0.0333333 0
0 0.591667 0 0.0111111 0
0 0.461806 1 0.0208333 0
0 0.51875 0 0.0347222 0
0 0.519444 0 0.0333333 0
0 0.461111 1 0.0194444 0
0 0.519444 0 0.0333333 0
0 0.466667 1 0.0333333 0
0 0.591667 0 0.0111111 0
0 0.381944 0 0.0138889 0
0 0.520139 0 0.0347222 0
0 0.593056 0 0.0111111 0
0 0.461111 1 0.0194444 0
0 0.592361 0 0.0125 0
0 0.520139 0 0.0347222 0
0 0.461111 1 0.0194444 0
0 0.520833 0 0.0333333 0
0 0.38125 0 0.0125 0
0 0.593056 0 0.0111111 0
0 0.461111 1 0.0194444 0
0 0.520139 0 0.0347222 0
0 0.461111 1 0.0194444 0
0 0.593056 0 0.0111111 0
0 0.701389 0 0.0111111 0
0 0.520833 0 0.0361111 0
0 0.593056 0 0.0111111 0
0 0.461111 1 0.0194444 0
0 0.520833 0 0.0333333 0
0 0.59375 0 0.0125 0
0 0.460417 1 0.0208333 0
0 0.520833 0 0.0361111 0
0 0.702778 0 0.0111111 0
0 0.461111 1 0.0194444 0
0 0.59375 0 0.0125 0
0 0.59375 0 0.0125 0
0 0.459722 1 0.0194444 0
0 0.702778 0 0.0111111 0
0 0.465278 1 0.0305556 0
0 0.594444 0 0.0138889 0
0 0.465972 1 0.0319444 0
0 0.595139 0 0.0125 0
0 0.520833 0 0.0333333 0
0 0.461111 1 0.0194444 0
0 0.595139 0 0.0125 0
0 0.520833 0 0.0333333 0
0 0.594444 0 0.0138889 0
0 0.460417 1 0.0180556 0
0 0.520833 0 0.0333333 0
0 0.460417 1 0.0180556 0
0 0.595139 0 0.0125 0
0 0.461111 1 0.0194444 0
0 0.595139 0 0.0125 0
0 0.521528 0 0.0347222 0
0 0.461111 1 0.0194444 0
0 0.595833 0 0.0138889 0
0 0.705556 0 0.0111111 0
0 0.46875 1 0.0347222 0
0 0.595833 0 0.0138889 0
0 0.70625 0 0.0125 0
0 0.595833 0 0.0138889 0
0 0.468056 1 0.0361111 0
0 0.70625 0 0.0125 0
0 0.521528 0 0.0347222 0
0 0.46875 1 0.0347222 0
0 0.595833 0 0.0138889 0
0 0.706944 0 0.0111111 0
0 0.468056 1 0.0361111 0
0 0.521528 0 0.0347222 0
0 0.707639 0 0.0125 0
0 0.466667 1 0.0361111 0
0 0.707639 0 0.0125 0
0 0.467361 1 0.0375 0
0 0.467361 1 0.0375 0
0 0.708333 0 0.0111111 0
0 0.596528 0 0.0125 0
0 0.467361 1 0.0347222 0
0 0.708333 0 0.0111111 0
0 0.597917 0 0.0125 0
0 0.708333 0 0.0111111 0
0 0.466667 1 0.0361111 0
0 0.465972 1 0.0347222 0
0 0.597917 0 0.0125 0
0 0.709722 0 0.0111111 0
0 0.466667 1 0.0361111 0
0 0.597917 0 0.0125 0
0 0.597917 0 0.0125 0
0 0.459722 1 0.0194444 0
0 0.597917 0 0.0125 0
0 0.468056 1 0.0361111 0
0 0.597917 0 0.0125 0
0 0.468056 1 0.0361111 0
0 0.598611 0 0.0111111 0
0 0.468056 1 0.0361111 0
0 0.599306 0 0.0125 0
0 0.468056 1 0.0361111 0
0 0.711111 0 0.0111111 0
0 0.597917 0 0.0125 0
0 0.468056 1 0.0361111 0
0 0.466667 1 0.0361111 0
0 0.599306 0 0.0125 0
0 0.466667 1 0.0361111 0
0 0.598611 0 0.0111111 0
0 0.7125 0 0.0111111 0
0 0.377778 0 0.0138889 0
0 0.465972 1 0.0375 0
0 0.599306 0 0.0125 0
0 0.465278 1 0.0361111 0
0 0.458333 1 0.0166667 0
0 0.599306 0 0.0125 0
0 0.522222 0 0.0333333 0
0 0.377778 0 0.0138889 0
0 0.458333 1 0.0166667 0
0 0.6 0 0.0138889 0
0 0.464583 1 0.0347222 0
0 0.377778 0 0.0138889 0
0 0.457639 1 0.0180556 0
0 0.6 0 0.0138889 0
0 0.713889 0 0.0111111 0
0 0.377778 0 0.0138889 0
0 0.458333 1 0.0194444 0
0 0.600694 0 0.0125 0
0 0.457639 1 0.0180556 0
0 0.377083 0 0.0152778 0
0 0.600694 0 0.0125 0
0 0.376389 0 0.0138889 0
0 0.457639 1 0.0208333 0
0 0.600694 0 0.0125 0
0 0.523611 0 0.0333333 0
0 0.715278 0 0.0111111 0
0 0.376389 0 0.0138889 0
0 0.456944 1 0.0138889 0
0 0.600694 0 0.0125 0
0 0.715278 0 0.0111111 0
0 0.376389 0 0.0138889 0
0 0.455556 1 0.0138889 0
0 0.601389 0 0.0138889 0
0 0.523611 0 0.0333333 0
0 0.45625 1 0.0152778 0
0 0.601389 0 0.0138889 0
0 0.716667 0 0.0111111 0
0 0.45625 1 0.0152778 0
0 0.376389 0 0.0138889 0
0 0.601389 0 0.0138889 0
0 0.716667 0 0.0111111 0
0 0.376389 0 0.0138889 0
0 0.601389 0 0.0138889 0
0 0.45625 1 0.0152778 0
0 0.376389 0 0.0138889 0
0 0.601389 0 0.0138889 0
0 0.259028 0 0.0125 0
0 0.375 0 0.0138889 0
0 0.601389 0 0.0138889 0
0 0.259028 0 0.0125 0
0 0.375 0 0.0138889 0
0 0.602083 0 0.0125 0
0 0.374306 0 0.0152778 0
0 0.71875 0 0.0125 0
0 0.602083 0 0.0125 0
0 0.522917 0 0.0375 0
0 0.602083 0 0.0125 0
0 0.719444 0 0.0138889 0
0 0.523611 0 0.0361111 0
0 0.602083 0 0.0125 0
0 0.71875 0 0.0125 0
0 0.720139 0 0.0125 0
0 0.523611 0 0.0361111 0
0 0.602778 0 0.0138889 0
0 0.720139 0 0.0125 0
0 0.523611 0 0.0361111 0
0 0.602778 0 0.0138889 0
0 0.523611 0 0.0333333 0
0 0.602778 0 0.0138889 0
0 0.720833 0 0.0138889 0
0 0.523611 0 0.0333333 0
0 0.720139 0 0.0125 0
0 0.603472 0 0.0125 0
0 0.524306 0 0.0347222 0
0 0.720833 0 0.0138889 0
0 0.603472 0 0.0125 0
0 0.523611 0 0.0333333 0
0 0.720833 0 0.0138889 0
0 0.603472 0 0.0125 0
0 0.524306 0 0.0347222 0
0 0.722222 0 0.0138889 0
0 0.603472 0 0.0125 0
0 0.603472 0 0.0125 0
0 0.604167 0 0.0138889 0
0 0.604167 0 0.0138889 0
0 0.604167 0 0.0138889 0
0 0.604861 0 0.0125 0
0 0.604861 0 0.0125 0
0 0.371528 0 0.0152778 0
0 0.724306 0 0.0125 0
0 0.604167 0 0.0138889 0
0 0.725694 0 0.0125 0
0 0.371528 0 0.0152778 0
0 0.605556 0 0.0138889 0
0 0.725694 0 0.0125 0
0 0.725694 0 0.0125 0
0 0.605556 0 0.0138889 0
0 0.370833 0 0.0166667 0
0 0.606944 0 0.0138889 0
0 0.726389 0 0.0138889 0
0 0.726389 0 0.0138889 0
0 0.60625 0 0.0152778 0
0 0.523611 0 0.0333333 0
0 0.370139 0 0.0152778 0
0 0.726389 0 0.0138889 0
0 0.60625 0 0.0152778 0
0 0.606944 0 0.0138889 0
0 0.727778 0 0.0138889 0
0 0.607639 0 0.0152778 0
0 0.370139 0 0.0152778 0
0 0.607639 0 0.0152778 0
0 0.607639 0 0.0152778 0
0 0.369444 0 0.0166667 0
0 0.607639 0 0.0152778 0
0 0.607639 0 0.0152778 0
0 0.607639 0 0.0152778 0
0 0.607639 0 0.0152778 0
0 0.608333 0 0.0166667 0
0 0.73125 0 0.0125 0
0 0.244444 0 0.0138889 0
0 0.608333 0 0.0166667 0
0 0.731944 0 0.0138889 0
0 0.731944 0 0.0138889 0
0 0.608333 0 0.0138889 0
0 0.608333 0 0.0166667 0
0 0.731944 0 0.0138889 0
0 0.731944 0 0.0138889 0
0 0.609028 0 0.0180556 0
0 0.609722 0 0.0166667 0
0 0.609722 0 0.0166667 0
0 0.609722 0 0.0166667 0
0 0.609722 0 0.0166667 0
0 0.609028 0 0.0180556 0
0 0.365972 0 0.0152778 0
0 0.365972 0 0.0152778 0
0 0.611111 0 0.0166667 0
0 0.365972 0 0.0152778 0
0 0.611806 0 0.0152778 0
0 0.7375 0 0.0138889 0
0 0.6125 0 0.0166667 0
0 0.7375 0 0.0138889 0
0 0.364583 0 0.0152778 0
0 0.611806 0 0.0152778 0
0 0.364583 0 0.0152778 0
0 0.738889 0 0.0138889 0
0 0.364583 0 0.0152778 0
0 0.6125 0 0.0138889 0
0 0.738889 0 0.0138889 0
0 0.738889 0 0.0138889 0
0 0.364583 0 0.0152778 0
0 0.527778 0 0.0388889 0
0 0.6125 0 0.0138889 0
0 0.527083 0 0.0375 0
0 0.6125 0 0.0138889 0
0 0.527778 0 0.0388889 0
0 0.6125 0 0.0138889 0
0 0.527778 0 0.0388889 0
0 0.613194 0 0.0152778 0
0 0.363194 0 0.0152778 0
0 0.613194 0 0.0152778 0
0 0.613194 0 0.0152778 0
0 0.613194 0 0.0152778 0
0 0.613194 0 0.0152778 0
0 0.527778 0 0.0388889 0
0 0.614583 0 0.0152778 0
0 0.529167 0 0.0388889 0
0 0.614583 0 0.0152778 0
0 0.744444 0 0.0138889 0
0 0.529167 0 0.0388889 0
0 0.615278 0 0.0166667 0
0 0.529861 0 0.0402778 0
0 0.745139 0 0.0152778 0
0 0.614583 0 0.0152778 0
0 0.614583 0 0.0152778 0
0 0.529167 0 0.0416667 0
0 0.745139 0 0.0152778 0
0 0.530556 0 0.0444444 0
0 0.361111 0 0.0166667 0
0 0.615972 0 0.0152778 0
0 0.530556 0 0.0444444 0
0 0.616667 0 0.0166667 0
0 0.529861 0 0.0430556 0
0 0.616667 0 0.0138889 0
0 0.530556 0 0.0444444 0
0 0.529861 0 0.0402778 0
0 0.616667 0 0.0138889 0
0 0.616667 0 0.0138889 0
0 0.530556 0 0.0388889 0
0 0.616667 0 0.0138889 0
0 0.529861 0 0.0375 0
0 0.616667 0 0.0166667 0
0 0.529861 0 0.0375 0
0 0.529861 0 0.0375 0
0 0.618056 0 0.0138889 0
0 0.360417 0 0.0152778 0
0 0.530556 0 0.0388889 0
0 0.61875 0 0.0180556 0
0 0.530556 0 0.0361111 0
0 0.61875 0 0.0152778 0
0 0.360417 0 0.0152778 0
0 0.529861 0 0.0347222 0
0 0.61875 0 0.0152778 0
0 0.360417 0 0.0152778 0
0 0.360417 0 0.0152778 0
0 0.530556 0 0.0361111 0
0 0.61875 0 0.0152778 0
0 0.53125 0 0.0375 0
0 0.360417 0 0.0152778 0
0 0.619444 0 0.0138889 0
0 0.53125 0 0.0375 0
0 0.359722 0 0.0166667 0
0 0.620139 0 0.0152778 0
0 0.53125 0 0.0375 0
0 0.360417 0 0.0152778 0
0 0.620139 0 0.0152778 0
0 0.53125 0 0.0375 0
0 0.359028 0 0.0152778 0
0 0.620139 0 0.0152778 0
0 0.531944 0 0.0388889 0
0 0.359028 0 0.0180556 0
0 0.620833 0 0.0138889 0
0 0.532639 0 0.0375 0
0 0.359028 0 0.0152778 0
0 0.621528 0 0.0152778 0
0 0.532639 0 0.0402778 0
0 0.359028 0 0.0152778 0
0 0.621528 0 0.0152778 0
0 0.359028 0 0.0152778 0
0 0.534028 0 0.0458333 0
0 0.622222 0 0.0166667 0
0 0.533333 0 0.0444444 0
0 0.358333 0 0.0166667 0
0 0.622222 0 0.0166667 0
0 0.533333 0 0.0416667 0
0 0.359028 0 0.0152778 0
0 0.622917 0 0.0152778 0
0 0.533333 0 0.0416667 0
0 0.358333 0 0.0166667 0
0 0.622917 0 0.0152778 0
0 0.357639 0 0.0152778 0
0 0.623611 0 0.0166667 0
0 0.357639 0 0.0152778 0
0 0.624306 0 0.0152778 0
0 0.356944 0 0.0138889 0
0 0.624306 0 0.0152778 0
0 0.356944 0 0.0166667 0
0 0.625694 0 0.0152778 0
0 0.35625 0 0.0152778 0
0 0.625 0 0.0138889 0
0 0.355556 0 0.0166667 0
0 0.763194 0 0.0152778 0
0 0.625 0 0.0138889 0
0 0.764583 0 0.0152778 0
0 0.625694 0 0.0152778 0
0 0.765278 0 0.0166667 0
0 0.626389 0 0.0166667 0
0 0.765972 0 0.0180556 0
0 0.626389 0 0.0166667 0
0 0.767361 0 0.0152778 0
0 0.627083 0 0.0152778 0
0 0.354167 0 0.0166667 0
0 0.76875 0 0.0152778 0
0 0.627778 0 0.0166667 0
0 0.354167 0 0.0166667 0
0 0.536806 0 0.0430556 0
0 0.76875 0 0.0152778 0
0 0.627778 0 0.0166667 0
0 0.353472 0 0.0180556 0
0 0.770139 0 0.0152778 0
0 0.628472 0 0.0152778 0
0 0.770833 0 0.0166667 0
0 0.629167 0 0.0166667 0
0 0.772222 0 0.0194444 0
0 0.536806 0 0.0430556 0
0 0.629861 0 0.0152778 0
0 0.5375 0 0.0416667 0
0 0.773611 0 0.0166667 0
0 0.352778 0 0.0166667 0
0 0.63125 0 0.0152778 0
0 0.773611 0 0.0166667 0
0 0.538889 0 0.0444444 0
0 0.352083 0 0.0180556 0
0 0.63125 0 0.0152778 0
0 0.538194 0 0.0458333 0
0 0.352083 0 0.0180556 0
0 0.63125 0 0.0152778 0
0 0.775 0 0.0166667 0
0 0.538889 0 0.0472222 0
0 0.351389 0 0.0166667 0
0 0.631944 0 0.0166667 0
0 0.538889 0 0.0444444 0
0 0.776389 0 0.0166667 0
0 0.631944 0 0.0166667 0
0 0.777083 0 0.0180556 0
0 0.633333 0 0.0166667 0
0 0.539583 0 0.0486111 0
0 0.539583 0 0.0458333 0
0 0.634028 0 0.0180556 0
0 0.540278 0 0.0472222 0
0 0.634028 0 0.0180556 0
0 0.539583 0 0.0430556 0
0 0.634028 0 0.0180556 0
0 0.541667 0 0.05 0
0 0.634722 0 0.0166667 0
0 0.540972 0 0.0486111 0
0 0.635417 0 0.0180556 0
0 0.540278 0 0.0472222 0
0 0.636111 0 0.0166667 0
0 0.784028 0 0.0208333 0
0 0.540972 0 0.0486111 0
0 0.636111 0 0.0194444 0
0 0.784028 0 0.0208333 0
0 0.540972 0 0.0458333 0
0 0.636806 0 0.0152778 0
0 0.543056 0 0.0472222 0
0 0.6375 0 0.0166667 0
0 0.346528 0 0.0180556 0
0 0.543056 0 0.0472222 0
0 0.786806 0 0.0152778 0
0 0.6375 0 0.0166667 0
0 0.540972 0 0.0458333 0
0 0.7875 0 0.0166667 0
0 0.638194 0 0.0152778 0
0 0.7875 0 0.0166667 0
0 0.346528 0 0.0180556 0
0 0.540972 0 0.0458333 0
0 0.638889 0 0.0166667 0
0 0.7875 0 0.0166667 0
0 0.346528 0 0.0180556 0
0 0.540972 0 0.0458333 0
0 0.638889 0 0.0166667 0
0 0.540972 0 0.0486111 0
0 0.789583 0 0.0180556 0
0 0.345833 0 0.0166667 0
0 0.638889 0 0.0166667 0
0 0.540972 0 0.0458333 0
0 0.790278 0 0.0194444 0
0 0.345833 0 0.0166667 0
0 0.639583 0 0.0180556 0
0 0.541667 0 0.05 0
0 0.790278 0 0.0194444 0
0 0.345833 0 0.0166667 0
0 0.639583 0 0.0180556 0
0 0.541667 0 0.05 0
0 0.344444 0 0.0166667 0
0 0.791667 0 0.0194444 0
0 0.639583 0 0.0180556 0
0 0.541667 0 0.0444444 0
0 0.793056 0 0.0166667 0
0 0.344444 0 0.0166667 0
0 0.639583 0 0.0180556 0
0 0.543056 0 0.05 0
0 0.344444 0 0.0166667 0
0 0.793056 0 0.0166667 0
0 0.640278 0 0.0194444 0
0 0.543056 0 0.05 0
0 0.79375 0 0.0180556 0
0 0.640972 0 0.0180556 0
0 0.542361 0 0.0486111 0
0 0.794444 0 0.0166667 0
0 0.640972 0 0.0180556 0
0 0.541667 0 0.0472222 0
0 0.795139 0 0.0180556 0
0 0.641667 0 0.0194444 0
0 0.541667 0 0.0472222 0
0 0.795139 0 0.0180556 0
0 0.641667 0 0.0194444 0
0 0.543056 0 0.05 0
0 0.795833 0 0.0194444 0
0 0.643056 0 0.0194444 0
0 0.542361 0 0.0458333 0
0 0.341667 0 0.0194444 0
0 0.64375 0 0.0208333 0
0 0.340972 0 0.0180556 0
0 0.64375 0 0.0208333 0
0 0.54375 0 0.0541667 0
0 0.542361 0 0.0486111 0
0 0.340278 0 0.0194444 0
0 0.645139 0 0.0208333 0
0 0.54375 0 0.0513889 0
0 0.340278 0 0.0194444 0
0 0.644444 0 0.0194444 0
0 0.545833 0 0.0555556 0
0 0.802083 0 0.0208333 0
0 0.338889 0 0.0194444 0
0 0.645833 0 0.0194444 0
0 0.803472 0 0.0180556 0
0 0.338889 0 0.0194444 0
0 0.645833 0 0.0194444 0
0 0.545833 0 0.0555556 0
0 0.3375 0 0.0194444 0
0 0.804167 0 0.0194444 0
0 0.547222 1 0.144444 0
0 0.646528 0 0.0180556 0
0 0.804167 0 0.0194444 0
0 0.334722 0.5 0.141667 1
0 0.646528 0 0.0180556 0
0 0.545833 0 0.0583333 0
0 0.80625 0 0.0180556 0
0 0.0597222 0 0.0861111 0
0 0.646528 0 0.0180556 0
0 0.543056 0 0.05 0
0 0.806944 0 0.0194444 0
0 0.647222 0 0.0194444 0
0 0.54375 0 0.0513889 0
0 0.808333 0 0.0194444 0
0 0.647917 0 0.0180556 0
0 0.54375 0 0.0486111 0
0 0.808333 0 0.0194444 0
0 0.335417 0 0.0208333 0
0 0.648611 0 0.0194444 0
0 0.54375 0 0.0486111 0
0 0.810417 0 0.0208333 0
0 0.334722 0 0.0194444 0
0 0.648611 0 0.0194444 0
0 0.544444 0 0.0527778 0
0 0.810417 0 0.0208333 0
0 0.649306 0 0.0180556 0
0 0.334028 0 0.0180556 0
0 0.811806 0 0.0208333 0
0 0.65 0 0.0166667 0
0 0.334028 0 0.0180556 0
0 0.544444 0 0.0527778 0
0 0.8125 0 0.0194444 0
0 0.65 0 0.0166667 0
0 0.333333 0 0.0194444 0
0 0.54375 0 0.0513889 0
0 0.813194 0 0.0208333 0
0 0.332639 0 0.0180556 0
0 0.650694 0 0.0180556 0
0 0.546528 0 0.0625 0
0 0.650694 0 0.0180556 0
0 0.331944 0 0.0166667 0
0 0.815278 0 0.0222222 0
0 0.651389 0 0.0194444 0
0 0.545139 0 0.0569444 0
0 0.816667 0 0.0222222 0
0 0.651389 0 0.0194444 0
0 0.653472 0 0.0208333 0
0 0.653472 0 0.0208333 0
0 0.330556 0 0.0194444 0
0 0.654167 0 0.0222222 0
0 0.328472 0 0.0208333 0
0 0.654167 0 0.0222222 0
0 0.328472 0 0.0208333 0
0 0.654167 0 0.0222222 0
0 0.822222 0 0.0222222 0
0 0.546528 0 0.0569444 0
0 0.327778 0 0.0194444 0
0 0.654861 0 0.0208333 0
0 0.548611 0 0.0638889 0
0 0.327083 0 0.0208333 0
0 0.655556 0 0.0194444 0
0 0.327083 0 0.0208333 0
0 0.65625 0 0.0208333 0
0 0.326389 0 0.0222222 0
0 0.656944 0 0.0194444 0
0 0.549306 0 0.0597222 0
0 0.326389 0 0.0222222 0
0 0.657639 0 0.0208333 0
0 0.325694 0 0.0208333 0
0 0.657639 0 0.0208333 0
0 0.829167 0 0.0222222 0
0 0.325694 0 0.0208333 0
0 0.657639 0 0.0208333 0
0 0.324306 0 0.0208333 0
0 0.547917 0 0.0569444 0
0 0.659028 0 0.0208333 0
0 0.549306 0 0.0597222 0
0 0.323611 0 0.0194444 0
0 0.659722 0 0.0222222 0
0 0.324306 0 0.0208333 0
0 0.659722 0 0.0222222 0
0 0.833333 0 0.0222222 0
0 0.323611 0 0.0194444 0
0 0.660417 0 0.0208333 0
0 0.549306 0 0.0597222 0
0 0.323611 0 0.0194444 0
0 0.660417 0 0.0208333 0
0 0.322917 0 0.0208333 0
0 0.834722 0 0.0222222 0
0 0.661806 0 0.0208333 0
0 0.836111 0 0.0222222 0
0 0.322222 0 0.0222222 0
0 0.6625 0 0.0194444 0
0 0.838194 0 0.0208333 0
0 0.663889 0 0.0194444 0
0 0.321528 0 0.0208333 0
0 0.663889 0 0.0194444 0
0 0.321528 0 0.0208333 0
0 0.840278 0 0.0222222 0
0 0.664583 0 0.0208333 0
0 0.840972 0 0.0208333 0
0 0.320833 0 0.0222222 0
0 0.664583 0 0.0208333 0
0 0.551389 0 0.0583333 0
0 0.841667 0 0.0222222 0
0 0.320139 0 0.0208333 0
0 0.665278 0 0.0222222 0
0 0.552778 0 0.0611111 0
0 0.843056 0 0.0222222 0
0 0.320139 0 0.0208333 0
0 0.665972 0 0.0208333 0
0 0.844444 0 0.0222222 0
0 0.552778 0 0.0638889 0
0 0.320139 0 0.0208333 0
0 0.665972 0 0.0208333 0
0 0.553472 0 0.0597222 0
0 0.845139 0 0.0208333 0
0 0.319444 0 0.0194444 0
0 0.666667 0 0.0222222 0
0 0.988889 1 0.0222222 0
0 0.845833 0 0.025 0
0 0.667361 0 0.0208333 0
0 0.847222 0 0.025 0
0 0.31875 0 0.0208333 0
0 0.66875 0 0.0236111 0
0 0.319444 0 0.0222222 0
0 0.66875 0 0.0236111 0
0 0.85 0 0.0222222 0
0 0.319444 0 0.0222222 0
0 0.669444 0 0.0222222 0
0 0.31875 0 0.0208333 0
0 0.850694 0 0.0236111 0
0 0.669444 0 0.0222222 0
0 0.850694 0 0.0236111 0
0 0.319444 0 0.0222222 0
0 0.669444 0 0.0222222 0
0 0.853472 0 0.0236111 0
0 0.670833 0 0.025 0
0 0.853472 0 0.0236111 0
0 0.670833 0 0.025 0
0 0.853472 0 0.0236111 0
0 0.671528 0 0.0236111 0
0 0.854861 0 0.0208333 0
0 0.672917 0 0.0236111 0
0 0.316667 0 0.0222222 0
0 0.672917 0 0.0236111 0
0 0.856944 0 0.0222222 0
0 0.673611 0 0.0222222 0
0 0.315278 0 0.0222222 0
0 0.856944 0 0.0222222 0
0 0.672917 0 0.0236111 0
0 0.314583 0 0.0236111 0
0 0.674306 0 0.0236111 0
0 0.673611 0 0.0222222 0
0 0.315278 0 0.0222222 0
0 0.675694 0 0.0208333 0
0 0.314583 0 0.0236111 0
0 0.860417 0 0.0236111 0
0 0.675694 0 0.0208333 0
0 0.314583 0 0.0236111 0
0 0.676389 0 0.0222222 0
0 0.313889 0 0.0222222 0
0 0.676389 0 0.0222222 0
0 0.313889 0 0.025 0
0 0.677083 0 0.0236111 0
0 0.313194 0 0.0236111 0
0 0.677778 0 0.0222222 0
0 0.313194 0 0.0236111 0
0 0.677778 0 0.0222222 0
0 0.865278 0 0.025 0
0 0.313194 0 0.0236111 0
0 0.678472 0 0.0208333 0
0 0.866667 0 0.025 0
0 0.3125 0 0.0222222 0
0 0.679167 0 0.0222222 0
0 0.311806 0 0.0208333 0
0 0.679167 0 0.0222222 0
0 0.3125 0 0.0222222 0
0 0.679861 0 0.0236111 0
0 0.870139 0 0.0236111 0
0 0.679861 0 0.0236111 0
0 0.311806 0 0.0208333 0
0 0.311111 0 0.0222222 0
0 0.680556 0 0.0222222 0
0 0.68125 0 0.0208333 0
0 0.311806 0 0.0208333 0
0 0.681944 0 0.0222222 0
0 0.311111 0 0.0222222 0
0 0.681944 0 0.0222222 0
0 0.311111 0 0.0222222 0
0 0.310417 0 0.0236111 0
0 0.68125 0 0.0208333 0
0 0.310417 0 0.0236111 0
0 0.68125 0 0.0208333 0
0 0.68125 0 0.0208333 0
0 0.311111 0 0.0222222 0
0 0.311111 0 0.0222222 0
0 0.68125 0 0.0208333 0
0 0.311111 0 0.0222222 0
0 0.68125 0 0.0208333 0
0 0.310417 0 0.0236111 0
0 0.68125 0 0.0208333 0
0 0.311111 0 0.0222222 0
0 0.68125 0 0.0208333 0
0 0.311111 0 0.0222222 0
0 0.68125 0 0.0208333 0
0 0.310417 0 0.0236111 0
0 0.68125 0 0.0208333 0
0 0.311111 0 0.0222222 0
0 0.681944 0 0.0222222 0
0 0.310417 0 0.0236111 0
0 0.68125 0 0.0208333 0
0 0.310417 0 0.0236111 0
0 0.68125 0 0.0208333 0
0 0.311111 0 0.0222222 0
0 0.68125 0 0.0208333 0
0 0.311111 0 0.0222222 0
0 0.68125 0 0.0208333 0
0 0.310417 0 0.0236111 0
0 0.68125 0 0.0208333 0
0 0.311111 0 0.0222222 0
0 0.681944 0 0.0222222 0
0 0.311111 0 0.0222222 0
0 0.68125 0 0.0208333 0
0 0.681944 0 0.0222222 0
0 0.311111 0 0.0222222 0
0 0.311111 0 0.0222222 0
0 0.68125 0 0.0208333 0
0 0.311111 0 0.0222222 0
0 0.68125 0 0.0208333 0
0 0.311111 0 0.0222222 0
0 0.68125 0 0.0208333 0
0 0.310417 0 0.0236111 0
0 0.68125 0 0.0208333 0
0 0.311111 0 0.0222222 0
0 0.68125 0 0.0208333 0
0 0.310417 0 0.0236111 0
0 0.68125 0 0.0208333 0
0 0.311111 0 0.0222222 0
0 0.68125 0 0.0208333 0
0 0.310417 0 0.0236111 0
0 0.68125 0 0.0208333 0
0 0.311111 0 0.0222222 0
0 0.68125 0 0.0208333 0
0 0.311111 0 0.0222222 0
0 0.681944 0 0.0222222 0
0 0.311111 0 0.0222222 0
0 0.68125 0 0.0208333 0
0 0.310417 0 0.0236111 0
0 0.68125 0 0.0208333 0
0 0.311111 0 0.0222222 0
0 0.68125 0 0.0208333 0
0 0.681944 0 0.0222222 0
0 0.311111 0 0.0222222 0
0 0.310417 0 0.0236111 0
0 0.68125 0 0.0208333 0
0 0.311111 0 0.0222222 0
0 0.68125 0 0.0208333 0
0 0.310417 0 0.0236111 0
0 0.68125 0 0.0208333 0
0 0.310417 0 0.0236111 0
0 0.68125 0 0.0208333 0
0 0.310417 0 0.0236111 0
0 0.68125 0 0.0208333 0
0 0.310417 0 0.0236111 0
0 0.68125 0 0.0208333 0
0 0.311111 0 0.0222222 0
0 0.681944 0 0.0222222 0
0 0.311111 0 0.0222222 0
0 0.68125 0 0.0208333 0
0 0.311111 0 0.0222222 0
0 0.68125 0 0.0208333 0
0 0.310417 0 0.0236111 0
0 0.68125 0 0.0208333 0
0 0.311111 0 0.0222222 0
0 0.68125 0 0.0208333 0
0 0.310417 0 0.0236111 0
0 0.68125 0 0.0208333 0
0 0.310417 0 0.0236111 0
0 0.68125 0 0.0208333 0
0 0.311111 0 0.0222222 0
0 0.681944 0 0.0222222 0
0 0.311111 0 0.0222222 0
0 0.68125 0 0.0208333 0
0 0.310417 0 0.0236111 0
0 0.681944 0 0.0222222 0
0 0.311111 0 0.0222222 0
0 0.68125 0 0.0208333 0
0 0.681944 0 0.0222222 0
0 0.311111 0 0.0222222 0
0 0.310417 0 0.0236111 0
0 0.68125 0 0.0208333 0
0 0.311111 0 0.0222222 0
0 0.68125 0 0.0208333 0
0 0.310417 0 0.0236111 0
0 0.68125 0 0.0208333 0
0 0.310417 0 0.0236111 0
0 0.68125 0 0.0208333 0
0 0.311111 0 0.0222222 0
0 0.681944 0 0.0222222 0
0 0.311111 0 0.0222222 0
0 0.68125 0 0.0208333 0
0 0.310417 0 0.0236111 0
0 0.681944 0 0.0222222 0
0 0.311111 0 0.0222222 0
0 0.68125 0 0.0208333 0
0 0.681944 0 0.0222222 0
0 0.311111 0 0.0222222 0
0 0.310417 0 0.0236111 0
0 0.68125 0 0.0208333 0
0 0.310417 0 0.0236111 0
0 0.68125 0 0.0208333 0
0 0.1625 0 0.00555556 0
0 0.310417 0 0.0236111 0
0 0.68125 0 0.0208333 0
0 0.311111 0 0.0222222 0
0 0.681944 0 0.0222222 0
0 0.311111 0 0.0222222 0
0 0.681944 0 0.0222222 0
0 0.311111 0 0.0222222 0
0 0.68125 0 0.0208333 0
0 0.311111 0 0.0222222 0
0 0.68125 0 0.0208333 0
0 0.311111 0 0.0222222 0
0 0.681944 0 0.0222222 0
0 0.311111 0 0.0222222 0
0 0.68125 0 0.0208333 0
0 0.681944 0 0.0222222 0
0 0.311111 0 0.0222222 0
0 0.310417 0 0.0236111 0
0 0.68125 0 0.0208333 0
0 0.311111 0 0.0222222 0
0 0.68125 0 0.0208333 0
0 0.1625 0 0.00555556 0
0 0.310417 0 0.0236111 0
0 0.68125 0 0.0208333 0
0 0.310417 0 0.0236111 0
0 0.68125 0 0.0208333 0
0 0.311111 0 0.0222222 0
0 0.681944 0 0.0222222 0
0 0.310417 0 0.0236111 0
0 0.68125 0 0.0208333 0
0 0.310417 0 0.0236111 0
0 0.681944 0 0.0222222 0
0 0.311111 0 0.0222222 0
0 0.68125 0 0.0208333 0
0 0.681944 0 0.0222222 0
0 0.311111 0 0.0222222 0
0 0.310417 0 0.0236111 0
0 0.68125 0 0.0208333 0
0 0.311111 0 0.0222222 0
0 0.68125 0 0.0208333 0
0 0.310417 0 0.0236111 0
0 0.68125 0 0.0208333 0
0 0.311111 0 0.0222222 0
0 0.68125 0 0.0208333 0
0 0.311111 0 0.0222222 0
0 0.681944 0 0.0222222 0
0 0.311111 0 0.0222222 0
0 0.68125 0 0.0208333 0
0 0.310417 0 0.0236111 0
0 0.681944 0 0.0222222 0
0 0.311111 0 0.0222222 0
0 0.68125 0 0.0208333 0
0 0.681944 0 0.0222222 0
0 0.311111 0 0.0222222 0
0 0.310417 0 0.0236111 0
0 0.68125 0 0.0208333 0
0 0.311111 0 0.0222222 0
0 0.68125 0 0.0208333 0
0 0.310417 0 0.0236111 0
0 0.68125 0 0.0208333 0
0 0.310417 0 0.0236111 0
0 0.68125 0 0.0208333 0
0 0.311111 0 0.0222222 0
0 0.681944 0 0.0222222 0
0 0.311111 0 0.0222222 0
0 0.68125 0 0.0208333 0
0 0.310417 0 0.0236111 0
0 0.681944 0 0.0222222 0
0 0.311111 0 0.0222222 0
0 0.68125 0 0.0208333 0
0 0.681944 0 0.0222222 0
0 0.311111 0 0.0222222 0
0 0.310417 0 0.0236111 0
0 0.68125 0 0.0208333 0
0 0.311111 0 0.0222222 0
0 0.68125 0 0.0208333 0
0 0.311111 0 0.0222222 0
0 0.681944 0 0.0222222 0
0 0.311111 0 0.0222222 0
0 0.68125 0 0.0208333 0
0 0.311111 0 0.0222222 0
0 0.681944 0 0.0222222 0
0 0.311111 0 0.0222222 0
0 0.68125 0 0.0208333 0
0 0.681944 0 0.0222222 0
0 0.311111 0 0.0222222 0
0 0.310417 0 0.0236111 0
0 0.68125 0 0.0208333 0
0 0.311111 0 0.0222222 0
0 0.68125 0 0.0208333 0
0 0.310417 0 0.0236111 0
0 0.68125 0 0.0208333 0
0 0.311111 0 0.0222222 0
0 0.68125 0 0.0208333 0
0 0.311111 0 0.0222222 0
0 0.681944 0 0.0222222 0
0 0.311111 0 0.0222222 0
0 0.68125 0 0.0208333 0
0 0.310417 0 0.0236111 0
0 0.68125 0 0.0208333 0
0 0.311111 0 0.0222222 0
0 0.68125 0 0.0208333 0
0 0.681944 0 0.0222222 0
0 0.311111 0 0.0222222 0
0 0.310417 0 0.0236111 0
0 0.68125 0 0.0208333 0
0 0.311111 0 0.0222222 0
0 0.68125 0 0.0208333 0
0 0.310417 0 0.0236111 0
0 0.68125 0 0.0208333 0
0 0.311111 0 0.0222222 0
0 0.68125 0 0.0208333 0
0 0.311111 0 0.0222222 0
0 0.681944 0 0.0222222 0
0 0.311111 0 0.0222222 0
0 0.68125 0 0.0208333 0
0 0.310417 0 0.0236111 0
0 0.681944 0 0.0222222 0
0 0.311111 0 0.0222222 0
0 0.68125 0 0.0208333 0
0 0.681944 0 0.0222222 0
0 0.311111 0 0.0222222 0
0 0.310417 0 0.0236111 0
0 0.68125 0 0.0208333 0
0 0.311111 0 0.0222222 0
0 0.68125 0 0.0208333 0
0 0.310417 0 0.0236111 0
0 0.68125 0 0.0208333 0
0 0.311111 0 0.0222222 0
0 0.68125 0 0.0208333 0
0 0.311111 0 0.0222222 0
0 0.681944 0 0.0222222 0
0 0.311111 0 0.0222222 0
0 0.68125 0 0.0208333 0
0 0.310417 0 0.0236111 0
0 0.68125 0 0.0208333 0
0 0.311111 0 0.0222222 0
0 0.68125 0 0.0208333 0
0 0.681944 0 0.0222222 0
0 0.311111 0 0.0222222 0
0 0.310417 0 0.0236111 0
0 0.68125 0 0.0208333 0
0 0.311111 0 0.0222222 0
0 0.68125 0 0.0208333 0
0 0.310417 0 0.0236111 0
0 0.68125 0 0.0208333 0
0 0.311111 0 0.0222222 0
0 0.68125 0 0.0208333 0
0 0.311111 0 0.0222222 0
0 0.681944 0 0.0222222 0
0 0.311111 0 0.0222222 0
0 0.68125 0 0.0208333 0
0 0.311111 0 0.0222222 0
0 0.68125 0 0.0208333 0
0 0.311111 0 0.0222222 0
0 0.68125 0 0.0208333 0
0 0.311111 0 0.0222222 0
0 0.681944 0 0.0222222 0
0 0.311111 0 0.0222222 0
0 0.68125 0 0.0208333 0
0 0.311111 0 0.0222222 0
0 0.681944 0 0.0222222 0
0 0.311111 0 0.0222222 0
0 0.68125 0 0.0208333 0
0 0.310417 0 0.0236111 0
0 0.681944 0 0.0222222 0
0 0.311111 0 0.0222222 0
0 0.68125 0 0.0208333 0
0 0.310417 0 0.0236111 0
0 0.68125 0 0.0208333 0
0 0.68125 0 0.0208333 0
0 0.311111 0 0.0222222 0
0 0.311111 0 0.0222222 0
0 0.681944 0 0.0222222 0
0 0.311111 0 0.0222222 0
0 0.68125 0 0.0208333 0
0 0.310417 0 0.0236111 0
0 0.68125 0 0.0208333 0
0 0.311111 0 0.0222222 0
0 0.68125 0 0.0208333 0
0 0.681944 0 0.0222222 0
0 0.311111 0 0.0222222 0
0 0.310417 0 0.0236111 0
0 0.68125 0 0.0208333 0
0 0.311111 0 0.0222222 0
0 0.68125 0 0.0208333 0
0 0.310417 0 0.0236111 0
0 0.68125 0 0.0208333 0
0 0.311111 0 0.0222222 0
0 0.68125 0 0.0208333 0
0 0.311111 0 0.0222222 0
0 0.681944 0 0.0222222 0
0 0.311111 0 0.0222222 0
0 0.68125 0 0.0208333 0
0 0.310417 0 0.0236111 0
0 0.68125 0 0.0208333 0
0 0.311111 0 0.0222222 0
0 0.68125 0 0.0208333 0
0 0.681944 0 0.0222222 0
0 0.311111 0 0.0222222 0
0 0.310417 0 0.0236111 0
0 0.68125 0 0.0208333 0
0 0.311111 0 0.0222222 0
0 0.68125 0 0.0208333 0
0 0.310417 0 0.0236111 0
0 0.68125 0 0.0208333 0
0 0.311111 0 0.0222222 0
0 0.68125 0 0.0208333 0
0 0.311111 0 0.0222222 0
0 0.68125 0 0.0208333 0
0 0.681944 0 0.0222222 0
0 0.311111 0 0.0222222 0
0 0.310417 0 0.0236111 0
0 0.68125 0 0.0208333 0
0 0.310417 0 0.0236111 0
0 0.681944 0 0.0222222 0
0 0.311111 0 0.0222222 0
0 0.68125 0 0.0208333 0
0 0.310417 0 0.0236111 0
0 0.68125 0 0.0208333 0
0 0.311111 0 0.0222222 0
0 0.68125 0 0.0208333 0
0 0.311111 0 0.0222222 0
0 0.68125 0 0.0208333 0
0 0.311111 0 0.0222222 0
0 0.68125 0 0.0208333 0
0 0.311111 0 0.0222222 0
0 0.68125 0 0.0208333 0
0 0.311111 0 0.0222222 0
0 0.68125 0 0.0208333 0
0 0.681944 0 0.0222222 0
0 0.311111 0 0.0222222 0
0 0.310417 0 0.0236111 0
0 0.681944 0 0.0222222 0
0 0.311111 0 0.0222222 0
0 0.681944 0 0.0222222 0
0 0.311111 0 0.0222222 0
0 0.68125 0 0.0208333 0
0 0.310417 0 0.0236111 0
0 0.681944 0 0.0222222 0
0 0.311111 0 0.0222222 0
0 0.68125 0 0.0208333 0
0 0.681944 0 0.0222222 0
0 0.311111 0 0.0222222 0
0 0.310417 0 0.0236111 0
0 0.68125 0 0.0208333 0
0 0.311111 0 0.0222222 0
0 0.68125 0 0.0208333 0
0 0.310417 0 0.0236111 0
0 0.68125 0 0.0208333 0
0 0.311111 0 0.0222222 0
0 0.68125 0 0.0208333 0
0 0.310417 0 0.0236111 0
0 0.68125 0 0.0208333 0
0 0.311111 0 0.0222222 0
0 0.68125 0 0.0208333 0
0 0.311111 0 0.0222222 0
0 0.68125 0 0.0208333 0
0 0.68125 0 0.0208333 0
0 0.311111 0 0.0222222 0
0 0.310417 0 0.0236111 0
0 0.68125 0 0.0208333 0
0 0.311111 0 0.0222222 0
0 0.68125 0 0.0208333 0
0 0.311111 0 0.0222222 0
0 0.681944 0 0.0222222 0
0 0.311111 0 0.0222222 0
0 0.68125 0 0.0208333 0
0 0.311111 0 0.0222222 0
0 0.68125 0 0.0208333 0
0 0.310417 0 0.0236111 0
0 0.68125 0 0.0208333 0
0 0.681944 0 0.0222222 0
0 0.311111 0 0.0222222 0
0 0.310417 0 0.0236111 0
0 0.68125 0 0.0208333 0
0 0.311111 0 0.0222222 0
0 0.68125 0 0.0208333 0
0 0.310417 0 0.0236111 0
0 0.68125 0 0.0208333 0
0 0.310417 0 0.0236111 0
0 0.68125 0 0.0208333 0
0 0.311111 0 0.0222222 0
0 0.681944 0 0.0222222 0
0 0.311111 0 0.0222222 0
0 0.68125 0 0.0208333 0
0 0.311111 0 0.0222222 0
0 0.68125 0 0.0208333 0
0 0.310417 0 0.0236111 0
0 0.68125 0 0.0208333 0
0 0.681944 0 0.0222222 0
0 0.311111 0 0.0222222 0
0 0.310417 0 0.0236111 0
0 0.68125 0 0.0208333 0
0 0.311111 0 0.0222222 0
0 0.68125 0 0.0208333 0
0 0.311111 0 0.0222222 0
0 0.68125 0 0.0208333 0
0 0.310417 0 0.0236111 0
0 0.68125 0 0.0208333 0
0 0.311111 0 0.0222222 0
0 0.681944 0 0.0222222 0
0 0.311111 0 0.0222222 0
0 0.68125 0 0.0208333 0
0 0.311111 0 0.0222222 0
0 0.68125 0 0.0208333 0
0 0.310417 0 0.0236111 0
0 0.68125 0 0.0208333 0
0 0.681944 0 0.0222222 0
0 0.311111 0 0.0222222 0
0 0.310417 0 0.0236111 0
0 0.68125 0 0.0208333 0
0 0.311111 0 0.0222222 0
0 0.68125 0 0.0208333 0
0 0.311111 0 0.0222222 0
0 0.68125 0 0.0208333 0
0 0.310417 0 0.0236111 0
0 0.68125 0 0.0208333 0
0 0.311111 0 0.0222222 0
0 0.681944 0 0.0222222 0
0 0.311111 0 0.0222222 0
0 0.68125 0 0.0208333 0
0 0.311111 0 0.0222222 0
0 0.68125 0 0.0208333 0
0 0.310417 0 0.0236111 0
0 0.68125 0 0.0208333 0
0 0.681944 0 0.0222222 0
0 0.311111 0 0.0222222 0
0 0.310417 0 0.0236111 0
0 0.68125 0 0.0208333 0
0 0.311111 0 0.0222222 0
0 0.68125 0 0.0208333 0
0 0.311111 0 0.0222222 0
0 0.681944 0 0.0222222 0
0 0.311111 0 0.0222222 0
0 0.68125 0 0.0208333 0
0 0.311111 0 0.0222222 0
0 0.68125 0 0.0208333 0
0 0.311111 0 0.0222222 0
0 0.68125 0 0.0208333 0
0 0.681944 0 0.0222222 0
0 0.311111 0 0.0222222 0
0 0.310417 0 0.0236111 0
0 0.68125 0 0.0208333 0
