0 0.567361 0 0.00972222 0
0 0.441667 0.5 0.0277778 1
0 0.567361 0 0.00972222 0
0 0.441667 0.5 0.0277778 1
0 0.441667 0.5 0.0277778 1
0 0.567361 0 0.00972222 0
0 0.441667 0.5 0.0277778 1
0 0.441667 0.5 0.0277778 1
0 0.567361 0 0.00972222 0
0 0.441667 0.5 0.0277778 1
0 0.567361 0 0.00972222 0
0 0.441667 0.5 0.0277778 1
0 0.567361 0 0.00972222 0
0 0.441667 0.5 0.0277778 1
0 0.567361 0 0.00972222 0
0 0.441667 0.5 0.0277778 1
0 0.567361 0 0.00972222 0
0 0.441667 0.5 0.0277778 1
0 0.567361 0 0.00972222 0
0 0.441667 0.5 0.0277778 1
0 0.441667 0.5 0.0277778 1
0 0.567361 0 0.00972222 0
0 0.441667 0.5 0.0277778 1
0 0.441667 0.5 0.0277778 1
0 0.567361 0 0.00972222 0
0 0.441667 0.5 0.0277778 1
0 0.567361 0 0.00972222 0
0 0.441667 0.5 0.0277778 1
0 0.441667 0.5 0.0277778 1
0 0.441667 0.5 0.0277778 1
0 0.567361 0 0.00972222 0
0 0.441667 0.5 0.0277778 1
0 0.567361 0 0.00972222 0
0 0.441667 0.5 0.0277778 1
0 0.567361 0 0.00972222 0
0 0.441667 0.5 0.0277778 1
0 0.567361 0 0.00972222 0
0 0.441667 0.5 0.0277778 1
0 0.567361 0 0.00972222 0
0 0.441667 0.5 0.0277778 1
0 0.567361 0 0.00972222 0
0 0.441667 0.5 0.0277778 1
0 0.567361 0 0.00972222 0
0 0.441667 0.5 0.0277778 1
0 0.567361 0 0.00972222 0
0 0.441667 0.5 0.0277778 1
0 0.441667 0.5 0.0277778 1
0 0.567361 0 0.00972222 0
0 0.441667 0.5 0.0277778 1
0 0.567361 0 0.00972222 0
0 0.441667 0.5 0.0277778 1
0 0.567361 0 0.00972222 0
0 0.441667 0.5 0.0277778 1
0 0.567361 0 0.00972222 0
0 0.441667 0.5 0.0277778 1
0 0.567361 0 0.00972222 0
0 0.441667 0.5 0.0277778 1
0 0.567361 0 0.00972222 0
0 0.441667 0.5 0.0277778 1
0 0.567361 0 0.00972222 0
0 0.441667 0.5 0.0277778 1
0 0.567361 0 0.00972222 0
0 0.441667 0.5 0.0277778 1
0 0.567361 0 0.00972222 0
0 0.441667 0.5 0.0277778 1
0 0.567361 0 0.00972222 0
0 0.441667 0.5 0.0277778 1
0 0.441667 0.5 0.0277778 1
0 0.567361 0 0.00972222 0
0 0.441667 0.5 0.0277778 1
0 0.567361 0 0.00972222 0
0 0.441667 0.5 0.0277778 1
0 0.567361 0 0.00972222 0
0 0.441667 0.5 0.0277778 1
0 0.567361 0 0.00972222 0
0 0.441667 0.5 0.0277778 1
0 0.567361 0 0.00972222 0
0 0.441667 0.5 0.0277778 1
0 0.567361 0 0.00972222 0
0 0.441667 0.5 0.0277778 1
0 0.567361 0 0.00972222 0
0 0.441667 0.5 0.0277778 1
0 0.567361 0 0.00972222 0
0 0.441667 0.5 0.0277778 1
0 0.567361 0 0.00972222 0
0 0.441667 0.5 0.0277778 1
0 0.567361 0 0.00972222 0
0 0.441667 0.5 0.0277778 1
0 0.567361 0 0.00972222 0
0 0.441667 0.5 0.0277778 1
0 0.442361 0.5 0.0291667 1
0 0.442361 0.5 0.0291667 1
0 0.568056 0 0.0111111 0
0 0.442361 0 0.0291667 0
0 0.443056 0 0.0277778 0
0 0.443056 0 0.0277778 0
0 0.44375 0 0.0263889 0
0 0.444444 0 0.0277778 0
0 0.444444 0 0.0277778 0
0 0.445139 0 0.0263889 0
0 0.445833 0 0.0277778 0
0 0.446528 0 0.0291667 0
0 0.447222 0 0.0277778 0
0 0.447917 0 0.0291667 0
0 0.448611 0 0.0277778 0
0 0.449306 0 0.0291667 0
0 0.45 0 0.0277778 0
0 0.45 0 0.0277778 0
0 0.450694 0 0.0291667 0
0 0.451389 0 0.0277778 0
0 0.452083 0 0.0291667 0
0 0.452778 0 0.0305556 0
0 0.454167 0 0.0305556 0
0 0.454861 0 0.0291667 0
0 0.45625 0 0.0291667 0
0 0.45625 0 0.0291667 0
0 0.579861 0 0.00972222 0
0 0.458333 0 0.0305556 0
0 0.458333 0 0.0305556 0
0 0.383333 0 0.0138889 0
0 0.58125 0 0.0125 0
0 0.460417 0 0.0319444 0
0 0.582639 0 0.0125 0
0 0.461806 0 0.0291667 0
0 0.384028 0 0.0152778 0
0 0.584028 0 0.00972222 0
0 0.463889 0 0.0305556 0
0 0.464583 0 0.0319444 0
0 0.465972 0 0.0319444 0
0 0.384722 0 0.0138889 0
0 0.586806 0 0.0125 0
0 0.467361 0 0.0319444 0
0 0.5875 0 0.0111111 0
0 0.46875 0 0.0291667 0
0 0.588889 0 0.0111111 0
0 0.470833 0 0.0305556 0
0 0.384722 0 0.0138889 0
0 0.588889 0 0.0111111 0
0 0.470139 0 0.0319444 0
0 0.588889 0 0.0111111 0
0 0.470139 0 0.0319444 0
0 0.384722 0 0.0138889 0
0 0.590278 0 0.0111111 0
0 0.472917 0 0.0319444 0
0 0.475694 0 0.0319444 0
0 0.59375 0 0.0125 0
0 0.476389 0 0.0333333 0
0 0.595139 0 0.0125 0
0 0.477778 0 0.0333333 0
0 0.595833 0 0.0138889 0
0 0.479167 0 0.0333333 0
0 0.480556 0 0.0333333 0
0 0.597222 0 0.0111111 0
0 0.481944 0 0.0333333 0
0 0.386806 0 0.0125 0
0 0.597917 0 0.0125 0
0 0.483333 0 0.0333333 0
0 0.386806 0 0.0125 0
0 0.599306 0 0.0125 0
0 0.484028 0 0.0347222 0
0 0.486806 0 0.0347222 0
0 0.601389 0 0.0138889 0
0 0.488194 0.5 0.0347222 1
0 0.601389 0 0.0138889 0
0 0.388889 0 0.0138889 0
0 0.489583 0.5 0.0347222 1
0 0.602083 0 0.0125 0
0 0.603472 0 0.0125 0
0 0.490972 0.5 0.0347222 1
0 0.603472 0 0.0125 0
0 0.492361 0.5 0.0347222 1
0 0.496528 0.5 0.0347222 1
0 0.497917 0.5 0.0347222 1
0 0.388889 0 0.0138889 0
0 0.499306 0.5 0.0347222 1
0 0.389583 0 0.0125 0
0 0.497917 0.5 0.0375 1
0 0.502083 0.5 0.0347222 1
0 0.610417 0 0.0152778 0
0 0.504861 0.5 0.0347222 1
0 0.725694 0 0.0125 0
0 0.6125 0 0.0138889 0
0 0.509722 0.5 0.0361111 1
0 0.613194 0 0.0125 0
0 0.509722 0.5 0.0361111 1
0 0.511111 0.5 0.0361111 1
0 0.613889 0 0.0111111 0
0 0.511806 0.5 0.0375 1
0 0.614583 0 0.0125 0
0 0.511806 0.5 0.0375 1
0 0.393056 0 0.0138889 0
0 0.617361 0 0.0125 0
0 0.515972 0.5 0.0402778 1
0 0.393056 0 0.0138889 0
0 0.618056 0 0.0138889 0
0 0.516667 0.5 0.0388889 1
0 0.619444 0 0.0138889 0
0 0.518056 0.5 0.0416667 1
0 0.619444 0 0.0138889 0
0 0.520139 0.5 0.0402778 1
0 0.620833 0 0.0138889 0
0 0.522222 0.5 0.0416667 1
0 0.622222 0 0.0138889 0
0 0.738889 0 0.0138889 0
0 0.522917 0.5 0.0430556 1
0 0.622917 0 0.0152778 0
0 0.525 0.5 0.0444444 1
0 0.526389 0 0.0444444 0
0 0.625 0 0.0138889 0
0 0.528472 0 0.0430556 0
0 0.626389 0 0.0138889 0
0 0.529167 0 0.0444444 0
0 0.626389 0 0.0138889 0
0 0.530556 0 0.0444444 0
0 0.626389 0 0.0138889 0
0 0.53125 0 0.0458333 0
0 0.627778 0 0.0138889 0
0 0.532639 0 0.0458333 0
0 0.75 0 0.0138889 0
0 0.628472 0 0.0152778 0
0 0.533333 0 0.0472222 0
0 0.391667 0 0.0166667 0
0 0.629861 0 0.0152778 0
0 0.534722 0 0.0527778 0
0 0.391667 0 0.0166667 0
0 0.629861 0 0.0152778 0
0 0.534722 0 0.0527778 0
0 0.536111 0 0.0527778 0
0 0.632639 0 0.0152778 0
0 0.5375 0 0.05 0
0 0.390278 0 0.0138889 0
0 0.632639 0 0.0152778 0
0 0.538889 0.5 0.0611111 1
0 0.389583 0 0.0152778 0
0 0.632639 0 0.0152778 0
0 0.538194 0.5 0.0513889 1
0 0.634028 0 0.0152778 0
0 0.388194 0 0.0152778 0
0 0.538889 0.5 0.0527778 1
0 0.634028 0 0.0152778 0
0 0.540278 0.5 0.0527778 1
0 0.635417 0 0.0180556 0
0 0.540278 0.5 0.0527778 1
0 0.635417 0 0.0180556 0
0 0.540278 0.5 0.0527778 1
0 0.386806 0 0.0152778 0
0 0.636111 0 0.0166667 0
0 0.540278 0.5 0.0555556 1
0 0.763889 0 0.0138889 0
0 0.636111 0 0.0138889 0
0 0.540278 0.5 0.0555556 1
0 0.636806 0 0.0152778 0
0 0.763889 0 0.0138889 0
0 0.540278 0.5 0.0555556 1
0 0.764583 0 0.0152778 0
0 0.636111 0 0.0166667 0
0 0.540278 0.5 0.0555556 1
0 0.636111 0 0.0166667 0
0 0.763889 0 0.0138889 0
0 0.540278 0.5 0.0555556 1
0 0.636111 0 0.0166667 0
0 0.539583 0.5 0.0569444 1
0 0.765972 0 0.0152778 0
0 0.636806 0 0.0180556 0
0 0.539583 0.5 0.0597222 1
0 0.386111 0 0.0166667 0
0 0.636111 0 0.0166667 0
0 0.539583 0.5 0.0597222 1
0 0.6375 0 0.0138889 0
0 0.539583 0.5 0.0597222 1
0 0.636806 0 0.0180556 0
0 0.538889 0.5 0.0611111 1
0 0.384722 0 0.0166667 0
0 0.638194 0 0.0152778 0
0 0.538889 0.5 0.0611111 1
0 0.384028 0 0.0152778 0
0 0.638194 0 0.0152778 0
0 0.538194 0.5 0.0625 1
0 0.76875 0 0.0152778 0
0 0.383333 0 0.0166667 0
0 0.638194 0 0.0152778 0
0 0.538194 0.5 0.0597222 1
0 0.383333 0 0.0138889 0
0 0.638194 0 0.0152778 0
0 0.538194 0.5 0.0597222 1
0 0.382639 0 0.0152778 0
0 0.769444 0 0.0138889 0
0 0.638194 0 0.0152778 0
0 0.5375 0.5 0.0611111 1
0 0.638194 0 0.0152778 0
0 0.769444 0 0.0138889 0
0 0.5375 0.5 0.0638889 1
0 0.638194 0 0.0152778 0
0 0.770139 0 0.0152778 0
0 0.5375 0.5 0.0638889 1
0 0.251389 0 0.0166667 0
0 0.638194 0 0.0152778 0
0 0.770139 0 0.0152778 0
0 0.536806 0.5 0.0625 1
0 0.382639 0 0.0152778 0
0 0.770139 0 0.0152778 0
0 0.638194 0 0.0152778 0
0 0.535417 0 0.0625 0
0 0.381944 0 0.0166667 0
0 0.770833 0 0.0166667 0
0 0.638194 0 0.0152778 0
0 0.535417 0 0.0625 0
0 0.638194 0 0.0152778 0
0 0.770139 0 0.0152778 0
0 0.534028 0 0.0625 0
0 0.380556 0 0.0166667 0
0 0.770833 0 0.0166667 0
0 0.638889 0 0.0138889 0
0 0.534028 0 0.0625 0
0 0.380556 0 0.0166667 0
0 0.770833 0 0.0166667 0
0 0.638194 0 0.0152778 0
0 0.534722 0 0.0638889 0
0 0.770139 0 0.0180556 0
0 0.380556 0 0.0166667 0
0 0.638194 0 0.0152778 0
0 0.533333 0 0.0638889 0
0 0.379861 0 0.0180556 0
0 0.638194 0 0.0152778 0
0 0.533333 0 0.0638889 0
0 0.770833 0 0.0166667 0
0 0.638194 0 0.0152778 0
0 0.531944 0 0.0638889 0
0 0.771528 0 0.0180556 0
0 0.245139 0 0.0152778 0
0 0.379167 0 0.0166667 0
0 0.638194 0 0.0152778 0
0 0.53125 0 0.0652778 0
0 0.771528 0 0.0180556 0
0 0.377778 0 0.0166667 0
0 0.638194 0 0.0152778 0
0 0.245139 0 0.0152778 0
0 0.530556 0 0.0666667 0
0 0.377778 0 0.0166667 0
0 0.638194 0 0.0152778 0
0 0.529167 0 0.0666667 0
0 0.638194 0 0.0152778 0
0 0.377778 0 0.0166667 0
0 0.529861 0 0.0680556 0
0 0.6375 0 0.0166667 0
0 0.377083 0 0.0152778 0
0 0.528472 0 0.0680556 0
0 0.377083 0 0.0152778 0
0 0.528472 0 0.0680556 0
0 0.375694 0 0.0152778 0
0 0.528472 0 0.0680556 0
0 0.638194 0 0.0152778 0
0 0.528472 0 0.0680556 0
0 0.638194 0 0.0152778 0
0 0.527778 0 0.0666667 0
0 0.375694 0 0.0152778 0
0 0.638194 0 0.0152778 0
0 0.527083 0 0.0680556 0
0 0.374306 0 0.0152778 0
0 0.526389 0 0.0666667 0
0 0.238889 0 0.0166667 0
0 0.6375 0 0.0166667 0
0 0.525694 0.5 0.0680556 1
0 0.6375 0 0.0166667 0
0 0.373611 0 0.0166667 0
0 0.525 0.5 0.0694444 1
0 0.238889 0 0.0166667 0
0 0.372917 0 0.0180556 0
0 0.638194 0 0.0152778 0
0 0.524306 0.5 0.0708333 1
0 0.238194 0 0.0180556 0
0 0.374306 0 0.0180556 0
0 0.638194 0 0.0152778 0
0 0.522917 0.5 0.0708333 1
0 0.773611 0 0.0166667 0
0 0.372917 0 0.0180556 0
0 0.2375 0 0.0166667 0
0 0.6375 0 0.0166667 0
0 0.523611 0.5 0.0694444 1
0 0.372917 0 0.0180556 0
0 0.774306 0 0.0152778 0
0 0.6375 0 0.0166667 0
0 0.522222 0.5 0.0694444 1
0 0.372222 0 0.0166667 0
0 0.774306 0 0.0152778 0
0 0.6375 0 0.0166667 0
0 0.522222 0.5 0.0694444 1
0 0.372222 0 0.0166667 0
0 0.774306 0 0.0152778 0
0 0.638194 0 0.0152778 0
0 0.521528 0.5 0.0708333 1
0 0.372222 0 0.0166667 0
0 0.774306 0 0.0152778 0
0 0.6375 0 0.0166667 0
0 0.520139 0.5 0.0708333 1
0 0.372222 0 0.0166667 0
0 0.774306 0 0.0152778 0
0 0.638194 0 0.0152778 0
0 0.519444 0.5 0.0722222 1
0 0.774306 0 0.0152778 0
0 0.371528 0 0.0152778 0
0 0.638194 0 0.0152778 0
0 0.519444 0.5 0.0722222 1
0 0.774306 0 0.0152778 0
0 0.370833 0 0.0166667 0
0 0.638194 0 0.0152778 0
0 0.518056 0.5 0.0722222 1
0 0.554167 0 0.0361111 0
0 0.774306 0 0.0152778 0
0 0.370833 0 0.0166667 0
0 0.638194 0 0.0152778 0
0 0.518056 0.5 0.0722222 1
0 0.774306 0 0.0152778 0
0 0.6375 0 0.0166667 0
0 0.370833 0 0.0166667 0
0 0.518056 0.5 0.0722222 1
0 0.370833 0 0.0166667 0
0 0.775 0 0.0166667 0
0 0.638194 0 0.0152778 0
0 0.516667 0.5 0.0722222 1
0 0.370833 0 0.0166667 0
0 0.775 0 0.0166667 0
0 0.638194 0 0.0152778 0
0 0.516667 0.5 0.0722222 1
0 0.553472 0 0.0347222 0
0 0.370833 0 0.0166667 0
0 0.775 0 0.0166667 0
0 0.6375 0 0.0166667 0
0 0.516667 0.5 0.0722222 1
0 0.553472 0 0.0347222 0
0 0.775 0 0.0166667 0
0 0.370833 0 0.0166667 0
0 0.6375 0 0.0166667 0
0 0.516667 0.5 0.0694444 1
0 0.370833 0 0.0166667 0
0 0.6375 0 0.0166667 0
0 0.775 0 0.0166667 0
0 0.515972 0.5 0.0708333 1
0 0.775 0 0.0166667 0
0 0.232639 0 0.0152778 0
0 0.370833 0 0.0166667 0
0 0.6375 0 0.0166667 0
0 0.515972 0.5 0.0708333 1
0 0.232639 0 0.0152778 0
0 0.775 0 0.0166667 0
0 0.636806 0 0.0180556 0
0 0.370833 0 0.0166667 0
0 0.516667 0.5 0.0722222 1
0 0.232639 0 0.0152778 0
0 0.775 0 0.0166667 0
0 0.370833 0 0.0166667 0
0 0.636806 0 0.0180556 0
0 0.516667 0.5 0.0722222 1
0 0.553472 0 0.0347222 0
0 0.775 0 0.0166667 0
0 0.370139 0 0.0152778 0
0 0.636806 0 0.0180556 0
0 0.515278 0.5 0.0722222 1
0 0.232639 0 0.0152778 0
0 0.775 0 0.0166667 0
0 0.370139 0 0.0152778 0
0 0.636806 0 0.0180556 0
0 0.515278 0.5 0.0722222 1
0 0.232639 0 0.0152778 0
0 0.370139 0 0.0152778 0
0 0.636806 0 0.0180556 0
0 0.515972 0.5 0.0736111 1
0 0.232639 0 0.0152778 0
0 0.636806 0 0.0180556 0
0 0.370139 0 0.0152778 0
0 0.515972 0.5 0.0736111 1
0 0.232639 0 0.0152778 0
0 0.370139 0 0.0152778 0
0 0.636806 0 0.0180556 0
0 0.515972 0.5 0.0736111 1
0 0.231944 0 0.0166667 0
0 0.636111 0 0.0194444 0
0 0.370139 0 0.0152778 0
0 0.515972 0.5 0.0708333 1
0 0.231944 0 0.0166667 0
0 0.636111 0 0.0194444 0
0 0.370139 0 0.0152778 0
0 0.515972 0.5 0.0708333 1
0 0.232639 0 0.0152778 0
0 0.370139 0 0.0152778 0
0 0.636806 0 0.0180556 0
0 0.516667 0.5 0.0722222 1
0 0.369444 0 0.0166667 0
0 0.636806 0 0.0180556 0
0 0.516667 0.5 0.0722222 1
0 0.636806 0 0.0180556 0
0 0.370139 0 0.0152778 0
0 0.516667 0.5 0.0722222 1
0 0.775 0 0.0166667 0
0 0.370139 0 0.0152778 0
0 0.636806 0 0.0180556 0
0 0.517361 0.5 0.0736111 1
0 0.232639 0 0.0152778 0
0 0.775 0 0.0166667 0
0 0.370139 0 0.0152778 0
0 0.636806 0 0.0180556 0
0 0.518056 0.5 0.0722222 1
0 0.775 0 0.0166667 0
0 0.370139 0 0.0152778 0
0 0.6375 0 0.0166667 0
0 0.518056 0.5 0.0722222 1
0 0.775 0 0.0166667 0
0 0.370139 0 0.0152778 0
0 0.6375 0 0.0166667 0
0 0.518056 0.5 0.0722222 1
0 0.370833 0 0.0166667 0
0 0.775694 0 0.0152778 0
0 0.6375 0 0.0166667 0
0 0.517361 0.5 0.0736111 1
0 0.370833 0 0.0166667 0
0 0.775 0 0.0166667 0
0 0.6375 0 0.0166667 0
0 0.517361 0.5 0.0736111 1
0 0.232639 0 0.0152778 0
0 0.6375 0 0.0166667 0
0 0.370833 0 0.0166667 0
0 0.775694 0 0.0152778 0
0 0.51875 0.5 0.0736111 1
0 0.370833 0 0.0166667 0
0 0.638889 0 0.0166667 0
0 0.775694 0 0.0152778 0
0 0.51875 0.5 0.0736111 1
0 0.234722 0 0.0166667 0
0 0.775694 0 0.0152778 0
0 0.370833 0 0.0166667 0
0 0.638889 0 0.0166667 0
0 0.51875 0.5 0.0736111 1
0 0.234722 0 0.0166667 0
0 0.776389 0 0.0166667 0
0 0.370139 0 0.0180556 0
0 0.638889 0 0.0166667 0
0 0.520139 0.5 0.0736111 1
0 0.370833 0 0.0166667 0
0 0.638889 0 0.0166667 0
0 0.776389 0 0.0166667 0
0 0.520139 0.5 0.0736111 1
0 0.370833 0 0.0166667 0
0 0.776389 0 0.0166667 0
0 0.638889 0 0.0166667 0
0 0.520833 0.5 0.0722222 1
0 0.776389 0 0.0166667 0
0 0.370833 0 0.0166667 0
0 0.638889 0 0.0166667 0
0 0.521528 0.5 0.0736111 1
0 0.776389 0 0.0166667 0
0 0.370833 0 0.0166667 0
0 0.639583 0 0.0152778 0
0 0.521528 0.5 0.0736111 1
0 0.777083 0 0.0180556 0
0 0.370833 0 0.0166667 0
0 0.640278 0 0.0166667 0
0 0.521528 0.5 0.0736111 1
0 0.777083 0 0.0180556 0
0 0.370833 0 0.0166667 0
0 0.640278 0 0.0166667 0
0 0.522917 0.5 0.0736111 1
0 0.371528 0 0.0180556 0
0 0.640278 0 0.0166667 0
0 0.523611 0.5 0.0722222 1
0 0.371528 0 0.0180556 0
0 0.639583 0 0.0180556 0
0 0.523611 0.5 0.0722222 1
0 0.776389 0 0.0166667 0
0 0.371528 0 0.0180556 0
0 0.640278 0 0.0166667 0
0 0.524306 0.5 0.0736111 1
0 0.371528 0 0.0180556 0
0 0.640278 0 0.0166667 0
0 0.524306 0.5 0.0736111 1
0 0.777778 0 0.0166667 0
0 0.371528 0 0.0180556 0
0 0.640972 0 0.0180556 0
0 0.525694 0.5 0.0736111 1
0 0.371528 0 0.0180556 0
0 0.777778 0 0.0166667 0
0 0.640972 0 0.0180556 0
0 0.526389 0.5 0.0722222 1
0 0.372222 0 0.0166667 0
0 0.640972 0 0.0180556 0
0 0.527083 0.5 0.0736111 1
0 0.372222 0 0.0166667 0
0 0.640972 0 0.0180556 0
0 0.527778 0.5 0.0722222 1
0 0.372222 0 0.0166667 0
0 0.641667 0 0.0166667 0
0 0.528472 0.5 0.0736111 1
0 0.372917 0 0.0180556 0
0 0.640972 0 0.0180556 0
0 0.528472 0.5 0.0736111 1
0 0.372917 0 0.0180556 0
0 0.640972 0 0.0180556 0
0 0.529167 0.5 0.0722222 1
0 0.372917 0 0.0180556 0
0 0.640972 0 0.0180556 0
0 0.529167 0.5 0.0722222 1
0 0.372917 0 0.0180556 0
0 0.641667 0 0.0166667 0
0 0.529861 0.5 0.0736111 1
0 0.372917 0 0.0180556 0
0 0.641667 0 0.0166667 0
0 0.529861 0.5 0.0736111 1
0 0.372222 0 0.0166667 0
0 0.641667 0 0.0166667 0
0 0.529861 0.5 0.0736111 1
0 0.372917 0 0.0180556 0
0 0.641667 0 0.0166667 0
0 0.530556 0.5 0.075 1
0 0.641667 0 0.0166667 0
0 0.530556 0.5 0.075 1
0 0.642361 0 0.0180556 0
0 0.53125 0.5 0.0736111 1
0 0.642361 0 0.0180556 0
0 0.53125 0.5 0.0736111 1
0 0.642361 0 0.0180556 0
0 0.53125 0.5 0.0736111 1
0 0.642361 0 0.0180556 0
0 0.53125 0.5 0.0736111 1
0 0.641667 0 0.0166667 0
0 0.53125 0.5 0.0736111 1
0 0.642361 0 0.0180556 0
0 0.53125 0.5 0.0736111 1
0 0.777778 0 0.0166667 0
0 0.641667 0 0.0166667 0
0 0.53125 0.5 0.0736111 1
0 0.777778 0 0.0166667 0
0 0.641667 0 0.0166667 0
0 0.53125 0.5 0.0736111 1
0 0.372917 0 0.0180556 0
0 0.777778 0 0.0166667 0
0 0.641667 0 0.0166667 0
0 0.53125 0.5 0.0736111 1
0 0.372917 0 0.0180556 0
0 0.777778 0 0.0166667 0
0 0.641667 0 0.0166667 0
0 0.529861 0.5 0.0736111 1
0 0.372917 0 0.0180556 0
0 0.777778 0 0.0166667 0
0 0.641667 0 0.0166667 0
0 0.530556 0.5 0.0722222 1
0 0.372917 0 0.0180556 0
0 0.777778 0 0.0166667 0
0 0.641667 0 0.0166667 0
0 0.529861 0.5 0.0736111 1
0 0.372917 0 0.0180556 0
0 0.641667 0 0.0194444 0
0 0.777778 0 0.0166667 0
0 0.529861 0.5 0.0736111 1
0 0.372917 0 0.0180556 0
0 0.778472 0 0.0180556 0
0 0.641667 0 0.0194444 0
0 0.529861 0.5 0.0736111 1
0 0.372917 0 0.0180556 0
0 0.778472 0 0.0180556 0
0 0.641667 0 0.0194444 0
0 0.529861 0.5 0.0736111 1
0 0.778472 0 0.0180556 0
0 0.372917 0 0.0180556 0
0 0.641667 0 0.0194444 0
0 0.529861 0.5 0.0736111 1
0 0.372917 0 0.0180556 0
0 0.778472 0 0.0180556 0
0 0.641667 0 0.0166667 0
0 0.529861 0.5 0.0736111 1
0 0.373611 0 0.0194444 0
0 0.778472 0 0.0180556 0
0 0.640972 0 0.0180556 0
0 0.529861 0.5 0.0736111 1
0 0.778472 0 0.0180556 0
0 0.641667 0 0.0166667 0
0 0.529861 0.5 0.0736111 1
0 0.372917 0 0.0180556 0
0 0.778472 0 0.0180556 0
0 0.641667 0 0.0166667 0
0 0.529167 0.5 0.0722222 1
0 0.372917 0 0.0180556 0
0 0.641667 0 0.0166667 0
0 0.778472 0 0.0180556 0
0 0.529167 0.5 0.0722222 1
0 0.372917 0 0.0180556 0
0 0.777778 0 0.0166667 0
0 0.640972 0 0.0180556 0
0 0.529167 0.5 0.0722222 1
0 0.373611 0 0.0166667 0
0 0.778472 0 0.0180556 0
0 0.641667 0 0.0194444 0
0 0.529861 0.5 0.0736111 1
0 0.373611 0 0.0166667 0
0 0.778472 0 0.0180556 0
0 0.641667 0 0.0194444 0
0 0.528472 0.5 0.0736111 1
0 0.778472 0 0.0180556 0
0 0.641667 0 0.0194444 0
0 0.528472 0.5 0.0736111 1
0 0.374306 0 0.0180556 0
0 0.640972 0 0.0180556 0
0 0.777778 0 0.0166667 0
0 0.528472 0.5 0.0736111 1
0 0.374306 0 0.0180556 0
0 0.777778 0 0.0166667 0
0 0.641667 0 0.0166667 0
0 0.528472 0.5 0.0736111 1
0 0.777778 0 0.0166667 0
0 0.641667 0 0.0166667 0
0 0.528472 0.5 0.0736111 1
0 0.373611 0 0.0194444 0
0 0.777778 0 0.0166667 0
0 0.641667 0 0.0166667 0
0 0.528472 0.5 0.0736111 1
0 0.373611 0 0.0194444 0
0 0.777778 0 0.0166667 0
0 0.640972 0 0.0180556 0
0 0.528472 0.5 0.0736111 1
0 0.372917 0 0.0180556 0
0 0.777778 0 0.0166667 0
0 0.640972 0 0.0180556 0
0 0.527778 0.5 0.0722222 1
0 0.372917 0 0.0180556 0
0 0.777083 0 0.0180556 0
0 0.640278 0 0.0166667 0
0 0.527778 0.5 0.0722222 1
0 0.776389 0 0.0166667 0
0 0.372917 0 0.0180556 0
0 0.640278 0 0.0166667 0
0 0.527778 0.5 0.0722222 1
0 0.776389 0 0.0166667 0
0 0.372917 0 0.0180556 0
0 0.640278 0 0.0166667 0
0 0.527083 0.5 0.0708333 1
0 0.776389 0 0.0166667 0
0 0.372917 0 0.0180556 0
0 0.640278 0 0.0166667 0
0 0.527083 0.5 0.0708333 1
0 0.372222 0 0.0166667 0
0 0.776389 0 0.0166667 0
0 0.639583 0 0.0152778 0
0 0.527083 0.5 0.0708333 1
0 0.372222 0 0.0166667 0
0 0.776389 0 0.0166667 0
0 0.640278 0 0.0166667 0
0 0.527083 0.5 0.0708333 1
0 0.372222 0 0.0166667 0
0 0.776389 0 0.0166667 0
0 0.640278 0 0.0166667 0
0 0.526389 0.5 0.0694444 1
0 0.372222 0 0.0166667 0
0 0.776389 0 0.0166667 0
0 0.640278 0 0.0166667 0
0 0.525694 0.5 0.0708333 1
0 0.372917 0 0.0180556 0
0 0.776389 0 0.0166667 0
0 0.640278 0 0.0166667 0
0 0.525694 0.5 0.0708333 1
0 0.776389 0 0.0166667 0
0 0.372222 0 0.0166667 0
0 0.640278 0 0.0166667 0
0 0.526389 0.5 0.0722222 1
0 0.776389 0 0.0166667 0
0 0.372222 0 0.0166667 0
0 0.640278 0 0.0166667 0
0 0.525694 0.5 0.0708333 1
0 0.372222 0 0.0166667 0
0 0.776389 0 0.0166667 0
0 0.640278 0 0.0166667 0
0 0.525694 0.5 0.0708333 1
0 0.372222 0 0.0166667 0
0 0.776389 0 0.0166667 0
0 0.640278 0 0.0166667 0
0 0.525694 0.5 0.0708333 1
0 0.372222 0 0.0166667 0
0 0.776389 0 0.0166667 0
0 0.640278 0 0.0166667 0
0 0.525 0.5 0.0722222 1
0 0.372222 0 0.0166667 0
0 0.776389 0 0.0166667 0
0 0.640278 0 0.0166667 0
0 0.525694 0.5 0.0708333 1
0 0.372222 0 0.0166667 0
0 0.776389 0 0.0166667 0
0 0.640278 0 0.0166667 0
0 0.525 0.5 0.0722222 1
0 0.372222 0 0.0166667 0
0 0.776389 0 0.0166667 0
0 0.639583 0 0.0180556 0
0 0.525 0.5 0.0722222 1
0 0.777083 0 0.0152778 0
0 0.372222 0 0.0166667 0
0 0.640278 0 0.0166667 0
0 0.525 0.5 0.0722222 1
0 0.372222 0 0.0166667 0
0 0.776389 0 0.0166667 0
0 0.640278 0 0.0166667 0
0 0.525 0.5 0.0722222 1
0 0.776389 0 0.0166667 0
0 0.372222 0 0.0166667 0
0 0.639583 0 0.0180556 0
0 0.524306 0.5 0.0708333 1
0 0.372917 0 0.0180556 0
0 0.777083 0 0.0152778 0
0 0.640278 0 0.0166667 0
0 0.524306 0.5 0.0708333 1
0 0.372222 0 0.0166667 0
0 0.777083 0 0.0152778 0
0 0.639583 0 0.0152778 0
0 0.524306 0.5 0.0708333 1
0 0.372222 0 0.0166667 0
0 0.777083 0 0.0152778 0
0 0.639583 0 0.0152778 0
0 0.524306 0.5 0.0708333 1
0 0.776389 0 0.0166667 0
0 0.372222 0 0.0166667 0
0 0.638889 0 0.0166667 0
0 0.524306 0.5 0.0708333 1
0 0.775694 0 0.0152778 0
0 0.372222 0 0.0166667 0
0 0.639583 0 0.0152778 0
0 0.524306 0.5 0.0708333 1
0 0.372222 0 0.0166667 0
0 0.776389 0 0.0166667 0
0 0.639583 0 0.0152778 0
0 0.524306 0.5 0.0708333 1
0 0.777083 0 0.0152778 0
0 0.372222 0 0.0166667 0
0 0.639583 0 0.0152778 0
0 0.524306 0.5 0.0708333 1
0 0.777083 0 0.0152778 0
0 0.372222 0 0.0166667 0
0 0.639583 0 0.0152778 0
0 0.524306 0.5 0.0708333 1
0 0.372222 0 0.0166667 0
0 0.777083 0 0.0152778 0
0 0.639583 0 0.0152778 0
0 0.523611 0.5 0.0805556 1
0 0.372222 0 0.0166667 0
0 0.638889 0 0.0166667 0
0 0.777083 0 0.0152778 0
0 0.524306 0.5 0.0819444 1
0 0.372222 0 0.0166667 0
0 0.638889 0 0.0166667 0
0 0.777083 0 0.0152778 0
0 0.524306 0.5 0.0819444 1
0 0.372222 0 0.0166667 0
0 0.638889 0 0.0166667 0
0 0.777083 0 0.0152778 0
0 0.525 0.5 0.0805556 1
0 0.372222 0 0.0166667 0
0 0.639583 0 0.0152778 0
0 0.777083 0 0.0152778 0
0 0.524306 0.5 0.0736111 1
0 0.638889 0 0.0166667 0
0 0.777083 0 0.0152778 0
0 0.524306 0.5 0.0736111 1
0 0.639583 0 0.0152778 0
0 0.776389 0 0.0166667 0
0 0.525 0.5 0.0722222 1
0 0.371528 0 0.0180556 0
0 0.776389 0 0.0166667 0
0 0.639583 0 0.0152778 0
0 0.525 0.5 0.0722222 1
0 0.372222 0 0.0166667 0
0 0.638889 0 0.0166667 0
0 0.776389 0 0.0166667 0
0 0.525 0.5 0.0722222 1
0 0.638889 0 0.0194444 0
0 0.776389 0 0.0166667 0
0 0.525 0.5 0.0722222 1
0 0.638194 0 0.0180556 0
0 0.776389 0 0.0166667 0
0 0.525 0.5 0.0722222 1
0 0.372222 0 0.0166667 0
0 0.638194 0 0.0180556 0
0 0.776389 0 0.0166667 0
0 0.525 0.5 0.0722222 1
0 0.372917 0 0.0180556 0
0 0.639583 0 0.0152778 0
0 0.776389 0 0.0166667 0
0 0.525 0.5 0.0722222 1
0 0.372222 0 0.0166667 0
0 0.638889 0 0.0166667 0
0 0.776389 0 0.0166667 0
0 0.525 0.5 0.0722222 1
0 0.638889 0 0.0194444 0
0 0.776389 0 0.0166667 0
0 0.372222 0 0.0166667 0
0 0.525 0.5 0.0722222 1
0 0.372222 0 0.0166667 0
0 0.639583 0 0.0152778 0
0 0.776389 0 0.0166667 0
0 0.525 0.5 0.0722222 1
0 0.638889 0 0.0194444 0
0 0.372222 0 0.0166667 0
0 0.776389 0 0.0166667 0
0 0.525 0.5 0.0722222 1
0 0.638889 0 0.0194444 0
0 0.776389 0 0.0166667 0
0 0.525 0.5 0.0722222 1
0 0.776389 0 0.0166667 0
0 0.638889 0 0.0166667 0
0 0.525 0.5 0.0722222 1
0 0.639583 0 0.0152778 0
0 0.776389 0 0.0166667 0
0 0.524306 0.5 0.0736111 1
0 0.638889 0 0.0166667 0
0 0.776389 0 0.0166667 0
0 0.525 0.5 0.0722222 1
0 0.371528 0 0.0180556 0
0 0.638889 0 0.0166667 0
0 0.776389 0 0.0166667 0
0 0.524306 0.5 0.0736111 1
0 0.371528 0 0.0180556 0
0 0.776389 0 0.0166667 0
0 0.638889 0 0.0166667 0
0 0.525 0.5 0.0722222 1
0 0.638889 0 0.0194444 0
0 0.776389 0 0.0166667 0
0 0.372222 0 0.0166667 0
0 0.525 0.5 0.0722222 1
0 0.372222 0 0.0166667 0
0 0.639583 0 0.0180556 0
0 0.525 0.5 0.0722222 1
0 0.372222 0 0.0166667 0
0 0.640278 0 0.0166667 0
0 0.524306 0 0.0736111 0
0 0.776389 0 0.0166667 0
0 0.372222 0 0.0166667 0
0 0.639583 0 0.0180556 0
0 0.524306 0 0.0736111 0
0 0.370833 0 0.0166667 0
0 0.639583 0 0.0152778 0
0 0.776389 0 0.0166667 0
0 0.524306 0 0.0736111 0
0 0.371528 0 0.0152778 0
0 0.777083 0 0.0152778 0
0 0.639583 0 0.0152778 0
0 0.525 0 0.0722222 0
0 0.371528 0 0.0180556 0
0 0.777083 0 0.0152778 0
0 0.639583 0 0.0152778 0
0 0.525 0 0.075 0
0 0.777778 0 0.0166667 0
0 0.234028 0 0.0180556 0
0 0.640278 0 0.0166667 0
0 0.525 0 0.075 0
0 0.370833 0 0.0166667 0
0 0.777778 0 0.0166667 0
0 0.234028 0 0.0180556 0
0 0.639583 0 0.0180556 0
0 0.525 0 0.0722222 0
0 0.555556 0 0.0361111 0
0 0.370833 0 0.0166667 0
0 0.777778 0 0.0166667 0
0 0.640278 0 0.0166667 0
0 0.525694 0 0.0736111 0
0 0.555556 0 0.0361111 0
0 0.777778 0 0.0166667 0
0 0.370833 0 0.0166667 0
0 0.640278 0 0.0166667 0
0 0.525694 0 0.0708333 0
0 0.778472 0 0.0180556 0
0 0.233333 0 0.0166667 0
0 0.370833 0 0.0166667 0
0 0.640278 0 0.0166667 0
0 0.525 0 0.075 0
0 0.777778 0 0.0166667 0
0 0.370833 0 0.0166667 0
0 0.639583 0 0.0180556 0
0 0.525 0 0.075 0
0 0.777778 0 0.0166667 0
0 0.639583 0 0.0180556 0
0 0.524306 0 0.0847222 0
0 0.231944 0 0.0166667 0
0 0.778472 0 0.0180556 0
0 0.370833 0 0.0166667 0
0 0.640972 0 0.0180556 0
0 0.525 0 0.075 0
0 0.778472 0 0.0180556 0
0 0.370833 0 0.0166667 0
0 0.640972 0 0.0180556 0
0 0.524306 0 0.0791667 0
0 0.779861 0 0.0180556 0
0 0.370139 0 0.0152778 0
0 0.640972 0 0.0180556 0
0 0.523611 0 0.0833333 0
0 0.780556 0 0.0194444 0
0 0.640972 0 0.0180556 0
0 0.524306 0 0.0819444 0
0 0.370833 0 0.0166667 0
0 0.780556 0 0.0166667 0
0 0.640972 0 0.0180556 0
0 0.525 0 0.0777778 0
0 0.370139 0 0.0180556 0
0 0.78125 0 0.0180556 0
0 0.641667 0 0.0166667 0
0 0.524306 0 0.0763889 0
0 0.78125 0 0.0180556 0
0 0.369444 0 0.0166667 0
0 0.641667 0 0.0194444 0
0 0.523611 0 0.0777778 0
0 0.781944 0 0.0166667 0
0 0.369444 0 0.0166667 0
0 0.642361 0 0.0180556 0
0 0.524306 0 0.0763889 0
0 0.502778 0 0.0666667 0
0 0.36875 0 0.0180556 0
0 0.782639 0 0.0180556 0
0 0.642361 0 0.0180556 0
0 0.522917 0 0.0791667 0
0 0.227778 0 0.0166667 0
0 0.36875 0 0.0180556 0
0 0.502083 0 0.0680556 0
0 0.782639 0 0.0152778 0
0 0.642361 0 0.0180556 0
0 0.524306 0 0.0819444 0
0 0.502778 0 0.0638889 0
0 0.782639 0 0.0180556 0
0 0.368056 0 0.0194444 0
0 0.643056 0 0.0194444 0
0 0.524306 0 0.0847222 0
0 0.225694 0 0.0180556 0
0 0.368056 0 0.0194444 0
0 0.784028 0 0.0208333 0
0 0.642361 0 0.0180556 0
0 0.522917 0 0.0819444 0
0 0.367361 0 0.0180556 0
0 0.783333 0 0.0194444 0
0 0.643056 0 0.0194444 0
0 0.522917 0 0.0819444 0
0 0.784028 0 0.0208333 0
0 0.227083 0 0.0180556 0
0 0.502083 0 0.0652778 0
0 0.367361 0 0.0180556 0
0 0.642361 0 0.0180556 0
0 0.520833 0 0.0833333 0
0 0.225694 0 0.0180556 0
0 0.366667 0 0.0166667 0
0 0.503472 0 0.0625 0
0 0.784028 0 0.0180556 0
0 0.643056 0 0.0166667 0
0 0.520139 0 0.0875 0
0 0.784028 0 0.0180556 0
0 0.366667 0 0.0194444 0
0 0.64375 0 0.0180556 0
0 0.518056 0 0.0972222 0
0 0.365972 0 0.0180556 0
0 0.784028 0 0.0152778 0
0 0.644444 0 0.0194444 0
0 0.516667 0 0.0972222 0
0 0.516667 0 0.0944444 0
0 0.502083 0 0.0652778 0
0 0.365972 0 0.0180556 0
0 0.64375 0 0.0152778 0
0 0.502778 0 0.0638889 0
0 0.365278 0 0.0166667 0
0 0.64375 0 0.0152778 0
0 0.503472 0 0.0652778 0
0 0.365278 0 0.0166667 0
0 0.64375 0 0.0152778 0
0 0.364583 0 0.0180556 0
0 0.643056 0 0.0166667 0
0 0.504167 0 0.0583333 0
0 0.365278 0 0.0166667 0
0 0.643056 0 0.0166667 0
0 0.502083 0 0.0597222 0
0 0.502778 0 0.0611111 0
0 0.502083 0 0.0625 0
0 0.501389 0 0.0638889 0
0 0.501389 0 0.0611111 0
0 0.5 0 0.0666667 0
0 0.5 0 0.0666667 0
0 0.499306 0 0.0652778 0
0 0.5 0 0.0611111 0
0 0.5 0 0.105556 0
0 0.499306 0 0.0930556 0
0 0.495139 0 0.0930556 0
0 0.495139 0 0.0847222 0
0 0.492361 0 0.0875 0
0 0.491667 0 0.0861111 0
0 0.490972 0 0.0875 0
0 0.4875 0 0.0888889 0
0 0.488194 0 0.0875 0
0 0.497917 0 0.0652778 0
0 0.488194 0 0.0902778 0
0 0.497222 0 0.0666667 0
0 0.4875 0 0.0916667 0
0 0.497222 0 0.0666667 0
0 0.4875 0 0.0916667 0
0 0.496528 0 0.0680556 0
0 0.489583 0 0.0875 0
0 0.497222 0 0.0694444 0
0 0.488889 0 0.105556 0
0 0.498611 0 0.0638889 0
0 0.488889 0 0.1 0
0 0.498611 0 0.0638889 0
0 0.49375 0 0.0930556 0
0 0.497917 0 0.0625 0
0 0.497917 0 0.0625 0
0 0.497917 0 0.0652778 0
0 0.497222 0 0.0638889 0
0 0.497222 0 0.0861111 0
0 0.497917 0 0.0652778 0
0 0.49375 0 0.0986111 0
0 0.497917 0 0.0958333 0
0 0.497222 0 0.0944444 0
0 0.500694 0 0.0902778 0
0 0.502083 0 0.0875 0
0 0.502778 0 0.0888889 0
0 0.502083 0 0.0875 0
0 0.502083 0 0.0875 0
0 0.495833 0 0.0638889 0
0 0.502778 0 0.0888889 0
0 0.495833 0 0.0666667 0
0 0.502083 0 0.0902778 0
0 0.495833 0 0.0666667 0
0 0.502083 0 0.0902778 0
0 0.502778 0 0.0916667 0
0 0.502778 0 0.0888889 0
0 0.503472 0 0.0902778 0
0 0.500694 0 0.101389 0
0 0.496528 0 0.0652778 0
0 0.500694 0 0.0958333 0
0 0.500694 0 0.0902778 0
0 0.495833 0 0.0638889 0
0 0.497222 0 0.1 0
0 0.497222 0 0.0638889 0
0 0.494444 0 0.1 0
0 0.489583 0 0.0930556 0
0 0.4875 0 0.0944444 0
0 0.486806 0 0.0958333 0
0 0.485417 0 0.0930556 0
0 0.482639 0 0.0930556 0
0 0.496528 0 0.0597222 0
0 0.478472 0 0.0902778 0
0 0.478472 0 0.0902778 0
0 0.478472 0 0.0902778 0
0 0.496528 0 0.0625 0
0 0.476389 0 0.0944444 0
0 0.474306 0 0.0930556 0
0 0.475 0 0.0916667 0
0 0.472917 0 0.101389 0
0 0.475 0 0.1 0
0 0.475694 0 0.0986111 0
0 0.498611 0 0.0611111 0
0 0.477778 0 0.0916667 0
0 0.497917 0 0.0625 0
0 0.48125 0 0.104167 0
0 0.497222 0 0.0611111 0
0 0.4875 0 0.0972222 0
0 0.497917 0 0.0958333 0
0 0.5 0 0.0972222 0
0 0.504167 0 0.0972222 0
0 0.515972 0 0.0902778 0
0 0.518056 0 0.0944444 0
0 0.520833 0 0.0916667 0
0 0.526389 0 0.0888889 0
0 0.526389 0 0.0888889 0
0 0.527083 0 0.0902778 0
0 0.528472 0 0.0875 0
0 0.530556 0 0.0888889 0
0 0.534722 0 0.0916667 0
0 0.536111 0 0.0944444 0
0 0.536806 0 0.0930556 0
0 0.5375 0 0.1 0
0 0.536806 0 0.106944 0
0 0.499306 0 0.0597222 0
0 0.541667 0 0.0833333 0
0 0.499306 0 0.0597222 0
0 0.538194 0 0.0902778 0
0 0.499306 0 0.0597222 0
0 0.536806 0 0.0875 0
0 0.525694 0 0.0847222 0
0 0.51875 0 0.0902778 0
0 0.499306 0 0.0597222 0
0 0.511111 0 0.105556 0
0 0.504167 0 0.0944444 0
0 0.5 0 0.0972222 0
0 0.486806 0 0.104167 0
0 0.474306 0 0.101389 0
0 0.452778 0 0.0972222 0
0 0.448611 0 0.0944444 0
0 0.439583 0 0.0930556 0
0 0.4375 0 0.0944444 0
0 0.428472 0 0.0902778 0
0 0.425 0 0.0916667 0
0 0.420139 0 0.0902778 0
0 0.415972 0 0.0875 0
0 0.502083 0 0.0486111 0
0 0.413194 0 0.0902778 0
0 0.502083 0 0.0513889 0
0 0.411806 0 0.0902778 0
0 0.5 0 0.0638889 0
0 0.405556 0 0.0944444 0
0 0.497917 0 0.0708333 0
0 0.403472 0 0.0930556 0
0 0.497222 0 0.0722222 0
0 0.402083 0 0.0930556 0
0 0.403472 0 0.0930556 0
0 0.40625 0 0.0930556 0
0 0.464583 0 0.0625 0
0 0.406944 0 0.1 0
0 0.41875 0 0.0930556 0
0 0.460417 0 0.0347222 0
0 0.499306 0 0.0597222 0
0 0.476389 0 0.0888889 0
0 0.5375 0 0.102778 0
0 0.572222 0 0.0972222 0
0 0.613194 0 0.0958333 0
0 0.497917 0 0.0597222 0
0 0.636806 0 0.0930556 0
0 0.497917 0 0.0625 0
0 0.639583 0 0.0930556 0
0 0.497917 0 0.0625 0
0 0.639583 0 0.0930556 0
0 0.497917 0 0.0625 0
0 0.639583 0 0.0930556 0
0 0.647917 0 0.0902778 0
0 0.498611 0 0.0638889 0
0 0.665972 0 0.0902778 0
0 0.499306 0 0.0652778 0
0 0.675694 0 0.0902778 0
0 0.499306 0 0.0652778 0
0 0.679861 0 0.0875 0
0 0.499306 0 0.0652778 0
0 0.679861 0 0.0875 0
0 0.499306 0 0.0652778 0
0 0.679861 0 0.0875 0
0 0.499306 0 0.0652778 0
0 0.679861 0 0.0875 0
0 0.5 0 0.0638889 0
0 0.686111 0 0.0888889 0
0 0.697222 0 0.0888889 0
0 0.698611 0 0.0888889 0
0 0.699306 0 0.0902778 0
0 0.7 0 0.0916667 0
0 0.7 0 0.0916667 0
0 0.500694 0 0.0819444 0
0 0.704861 0 0.0930556 0
0 0.502083 0 0.0791667 0
0 0.708333 0 0.0916667 0
0 0.709028 0 0.0958333 0
0 0.536806 0 0.0319444 0
0 0.708333 0 0.0944444 0
0 0.709028 0 0.0958333 0
0 0.707639 0 0.101389 0
0 0.498611 0 0.0583333 0
0 0.696528 0 0.0986111 0
0 0.498611 0 0.0611111 0
0 0.681944 0 0.0916667 0
0 0.498611 0 0.0638889 0
0 0.665972 0 0.0819444 0
0 0.498611 0 0.0638889 0
0 0.665972 0 0.0819444 0
0 0.498611 0 0.0638889 0
0 0.665972 0 0.0819444 0
0 0.498611 0 0.0638889 0
0 0.497917 0 0.0625 0
0 0.498611 0 0.0611111 0
0 0.4375 0 0.0972222 0
0 0.4375 0 0.0972222 0
0 0.4375 0 0.0972222 0
0 0.438194 0 0.0958333 0
0 0.370139 0 0.0986111 0
0 0.274306 0 0.0958333 0
0 0.223611 0 0.0944444 0
0 0.195833 0 0.0972222 0
0 0.196528 0 0.0986111 0
0 0.186111 0 0.0972222 0
0 0.130556 0 0.0944444 0
0 0.113889 0 0.0916667 0
0 0.0993056 0 0.0875 0
0 0.09375 0 0.0902778 0
0 0.539583 0 0.0291667 0
0 0.0861111 0 0.0861111 0
0 0.0840278 0 0.0847222 0
0 0.540278 0 0.0277778 0
0 0.0840278 0 0.0847222 0
0 0.540278 0 0.0277778 0
0 0.0840278 0 0.0847222 0
0 0.540278 0 0.0277778 0
0 0.0840278 0 0.0847222 0
0 0.0722222 0 0.0888889 0
0 0.0694444 0 0.0888889 0
0 0.0645833 0 0.0875 0
0 0.0631944 0 0.0902778 0
0 0.0631944 0 0.0902778 0
0 0.0631944 0 0.0902778 0
0 0.498611 0 0.0583333 0
0 0.0645833 0 0.0902778 0
0 0.461111 0 0.0388889 0
0 0.497917 0 0.0597222 0
0 0.0708333 0 0.1 0
0 0.497917 0 0.0625 0
0 0.0805556 0 0.0944444 0
0 0.497917 0 0.0625 0
0 0.0902778 0 0.0833333 0
0 0.497917 0 0.0652778 0
0 0.102083 0 0.0902778 0
0 0.497222 0 0.0611111 0
0 0.4625 0 0.0555556 0
0 0.4625 0 0.0583333 0
0 0.463194 0 0.0569444 0
0 0.463889 0 0.0555556 0
0 0.499306 0 0.0652778 0
0 0.498611 0 0.0638889 0
0 0.498611 0 0.0638889 0
0 0.498611 0 0.0638889 0
0 0.511111 0 0.0361111 0
0 0.697917 0 0.0958333 0
0 0.511111 0 0.0361111 0
0 0.697917 0 0.0958333 0
0 0.498611 0 0.0638889 0
0 0.511111 0 0.0361111 0
0 0.697917 0 0.0958333 0
0 0.509722 0 0.0361111 0
0 0.849306 0 0.0958333 0
0 0.740278 0 0.0972222 0
0 0.538194 0 0.0291667 0
0 0.885417 0 0.0847222 0
0 0.500694 0 0.0736111 0
0 0.947917 0 0.0791667 0
0 0.64375 0 0.0180556 0
0 0.499306 0 0.0708333 0
0 0.965278 0 0.0666667 0
0 0.553472 0 0.0402778 0
0 0.64375 0 0.0180556 0
0 0.498611 0 0.0694444 0
0 0.965278 0 0.0666667 0
0 0.64375 0 0.0180556 0
0 0.553472 0 0.0402778 0
0 0.499306 0 0.0708333 0
0 0.965278 0 0.0666667 0
0 0.644444 0 0.0166667 0
0 0.986806 0 0.0263889 0
0 0.357639 0 0.0180556 0
0 0.500694 0 0.0680556 0
0 0.644444 0 0.0166667 0
0 0.357639 0 0.0180556 0
0 0.500694 0 0.0680556 0
0 0.644444 0 0.0166667 0
0 0.5 0 0.0638889 0
0 0.357639 0 0.0180556 0
0 0.644444 0 0.0166667 0
0 0.500694 0 0.0597222 0
0 0.790278 0 0.0166667 0
0 0.357639 0 0.0180556 0
0 0.644444 0 0.0194444 0
0 0.499306 0 0.0597222 0
0 0.790278 0 0.0194444 0
0 0.358333 0 0.0166667 0
0 0.644444 0 0.0194444 0
0 0.99375 0 0.0125 0
0 0.498611 0 0.0583333 0
0 0.790278 0 0.0194444 0
0 0.64375 0 0.0208333 0
0 0.358333 0 0.0166667 0
0 0.99375 0 0.0125 0
0 0.499306 0 0.0597222 0
0 0.790278 0 0.0194444 0
0 0.358333 0 0.0166667 0
0 0.99375 0 0.0125 0
0 0.644444 0 0.0194444 0
0 0.499306 0 0.0597222 0
0 0.790278 0 0.0194444 0
0 0.358333 0 0.0166667 0
0 0.99375 0 0.0125 0
0 0.644444 0 0.0194444 0
0 0.499306 0 0.0625 0
0 0.357639 0 0.0180556 0
0 0.644444 0 0.0166667 0
0 0.992361 0 0.0152778 0
0 0.789583 0 0.0180556 0
0 0.498611 0 0.0666667 0
0 0.64375 0 0.0180556 0
0 0.358333 0 0.0166667 0
0 0.986111 0 0.0277778 0
0 0.789583 0 0.0180556 0
0 0.498611 0 0.0666667 0
0 0.64375 0 0.0180556 0
0 0.358333 0 0.0166667 0
0 0.986111 0 0.0277778 0
0 0.789583 0 0.0180556 0
0 0.498611 0 0.0666667 0
0 0.644444 0 0.0166667 0
0 0.358333 0 0.0166667 0
0 0.986111 0 0.0277778 0
0 0.789583 0 0.0180556 0
0 0.498611 0 0.0666667 0
0 0.64375 0 0.0180556 0
0 0.358333 0 0.0166667 0
0 0.986111 0 0.0277778 0
0 0.789583 0 0.0180556 0
0 0.499306 0 0.0652778 0
0 0.358333 0 0.0166667 0
0 0.64375 0 0.0180556 0
0 0.985417 0 0.0291667 0
0 0.499306 0 0.0652778 0
0 0.788889 0 0.0166667 0
0 0.64375 0 0.0208333 0
0 0.359028 0 0.0180556 0
0 0.986111 0.5 0.0277778 1
0 0.788889 0 0.0166667 0
0 0.359028 0 0.0180556 0
0 0.501389 0 0.0722222 0
0 0.213194 0 0.0180556 0
0 0.643056 0 0.0166667 0
0 0.984722 0.5 0.0305556 1
0 0.554167 0 0.0333333 0
0 0.788889 0 0.0166667 0
0 0.502083 0 0.0708333 0
0 0.213194 0 0.0180556 0
0 0.359028 0 0.0180556 0
0 0.64375 0 0.0180556 0
0 0.984722 0.5 0.0305556 1
0 0.788889 0 0.0166667 0
0 0.359028 0 0.0180556 0
0 0.213194 0 0.0180556 0
0 0.501389 0 0.0722222 0
0 0.64375 0 0.0180556 0
0 0.985417 0.5 0.0291667 1
0 0.553472 0 0.0402778 0
0 0.213889 0 0.0166667 0
0 0.789583 0 0.0180556 0
0 0.359722 0 0.0194444 0
0 0.5 0 0.0694444 0
0 0.64375 0 0.0180556 0
0 0.984028 0.5 0.0319444 1
0 0.788194 0 0.0180556 0
0 0.359028 0 0.0180556 0
0 0.500694 0 0.0708333 0
0 0.643056 0 0.0194444 0
0 0.975 0.5 0.05 1
0 0.5 0 0.0694444 0
0 0.788194 0 0.0180556 0
0 0.359028 0 0.0180556 0
0 0.64375 0 0.0180556 0
0 0.970139 0.5 0.0569444 1
0 0.499306 0 0.0680556 0
0 0.788194 0 0.0180556 0
0 0.359028 0 0.0180556 0
0 0.643056 0 0.0194444 0
0 0.970833 0.5 0.0555556 1
0 0.7875 0 0.0166667 0
0 0.359722 0 0.0194444 0
0 0.502083 0 0.0708333 0
0 0.643056 0 0.0166667 0
0 0.929861 0.5 0.0708333 1
0 0.7875 0 0.0166667 0
0 0.359722 0 0.0194444 0
0 0.502778 0 0.0722222 0
0 0.643056 0 0.0166667 0
0 0.868056 0.5 0.0722222 1
0 0.502778 0 0.0722222 0
0 0.361111 0 0.0194444 0
0 0.788194 0 0.0180556 0
0 0.64375 0 0.0180556 0
0 0.868056 0.5 0.0722222 1
0 0.502778 0 0.0722222 0
0 0.361111 0 0.0194444 0
0 0.788194 0 0.0180556 0
0 0.64375 0 0.0180556 0
0 0.868056 0.5 0.0722222 1
0 0.502778 0 0.0722222 0
0 0.361111 0 0.0194444 0
0 0.788194 0 0.0180556 0
0 0.64375 0 0.0180556 0
0 0.868056 0.5 0.0722222 1
0 0.554167 0 0.0388889 0
0 0.502778 0 0.0555556 0
0 0.360417 0 0.0180556 0
0 0.786806 0 0.0180556 0
0 0.643056 0 0.0166667 0
0 0.728472 0 0.0819444 0
0 0.554167 0 0.0388889 0
0 0.502778 0 0.0555556 0
0 0.7875 0 0.0166667 0
0 0.360417 0 0.0180556 0
0 0.643056 0 0.0166667 0
0 0.728472 0 0.0819444 0
0 0.554167 0 0.0388889 0
0 0.502778 0 0.0555556 0
0 0.360417 0 0.0180556 0
0 0.786806 0 0.0180556 0
0 0.643056 0 0.0166667 0
0 0.728472 0 0.0819444 0
0 0.554167 0 0.0388889 0
0 0.502778 0 0.0555556 0
0 0.7875 0 0.0166667 0
0 0.360417 0 0.0180556 0
0 0.643056 0 0.0166667 0
0 0.728472 0 0.0819444 0
0 0.502083 0 0.0569444 0
0 0.786806 0 0.0180556 0
0 0.554861 0 0.0375 0
0 0.361111 0 0.0194444 0
0 0.643056 0 0.0194444 0
0 0.679167 0 0.0805556 0
0 0.500694 0 0.0513889 0
0 0.361806 0 0.0180556 0
0 0.786806 0 0.0180556 0
0 0.64375 0 0.0180556 0
0 0.613194 0 0.0847222 0
0 0.3625 0 0.0166667 0
0 0.786806 0 0.0180556 0
0 0.642361 0 0.0180556 0
0 0.509028 0 0.0875 0
0 0.786806 0 0.0180556 0
0 0.3625 0 0.0166667 0
0 0.643056 0 0.0194444 0
0 0.509028 0 0.0875 0
0 0.786806 0 0.0180556 0
0 0.3625 0 0.0166667 0
0 0.642361 0 0.0180556 0
0 0.509028 0 0.0875 0
0 0.361806 0 0.0180556 0
0 0.786111 0 0.0166667 0
0 0.642361 0 0.0152778 0
0 0.388194 0 0.0875 0
0 0.21875 0 0.0180556 0
0 0.361806 0 0.0180556 0
0 0.786111 0 0.0166667 0
0 0.50625 0 0.0513889 0
0 0.643056 0 0.0166667 0
0 0.315972 0 0.0847222 0
0 0.786806 0 0.0180556 0
0 0.503472 0 0.0569444 0
0 0.643056 0 0.0166667 0
0 0.275 0 0.0888889 0
0 0.786806 0 0.0180556 0
0 0.503472 0 0.0569444 0
0 0.643056 0 0.0166667 0
0 0.275 0 0.0888889 0
0 0.503472 0 0.0569444 0
0 0.786806 0 0.0180556 0
0 0.643056 0 0.0166667 0
0 0.275 0 0.0888889 0
0 0.786111 0 0.0166667 0
0 0.502778 0 0.0638889 0
0 0.363194 0 0.0180556 0
0 0.643056 0 0.0166667 0
0 0.195833 0 0.0833333 0
0 0.786806 0 0.0180556 0
0 0.363889 0 0.0166667 0
0 0.501389 0 0.0666667 0
0 0.643056 0 0.0194444 0
0 0.145139 0 0.0819444 0
0 0.785417 0 0.0180556 0
0 0.554861 0 0.0375 0
0 0.500694 0 0.0680556 0
0 0.64375 0 0.0208333 0
0 0.363889 0 0.0166667 0
0 0.127778 0 0.0805556 0
0 0.785417 0 0.0180556 0
0 0.554861 0 0.0375 0
0 0.500694 0 0.0680556 0
0 0.64375 0 0.0208333 0
0 0.363889 0 0.0166667 0
0 0.127778 0 0.0805556 0
0 0.785417 0 0.0180556 0
0 0.554861 0 0.0375 0
0 0.500694 0 0.0680556 0
0 0.64375 0 0.0208333 0
0 0.363889 0 0.0166667 0
0 0.127778 0 0.0805556 0
0 0.555556 0 0.0361111 0
0 0.502083 0 0.0652778 0
0 0.785417 0 0.0180556 0
0 0.642361 0 0.0180556 0
0 0.363889 0 0.0166667 0
0 0.0354167 0 0.0708333 0
0 0.555556 0 0.0388889 0
0 0.502083 0 0.0652778 0
0 0.785417 0 0.0180556 0
0 0.642361 0 0.0180556 0
0 0.363889 0 0.0166667 0
0 0.0354167 0 0.0708333 0
0 0.554861 0 0.0375 0
0 0.502083 0 0.0652778 0
0 0.785417 0 0.0180556 0
0 0.642361 0 0.0180556 0
0 0.363889 0 0.0166667 0
0 0.0354167 0 0.0708333 0
0 0.554861 0 0.0375 0
0 0.502083 0 0.0652778 0
0 0.785417 0 0.0180556 0
0 0.642361 0 0.0180556 0
0 0.363889 0 0.0166667 0
0 0.0354167 0 0.0708333 0
0 0.502083 0 0.0597222 0
0 0.222222 0 0.0194444 0
0 0.784028 0 0.0180556 0
0 0.643056 0 0.0166667 0
0 0.364583 0 0.0152778 0
0 0.0236111 0 0.0472222 0
0 0.502083 0 0.0569444 0
0 0.784722 0 0.0194444 0
0 0.365278 0 0.0166667 0
0 0.643056 0 0.0166667 0
0 0.0208333 0 0.0416667 0
0 0.501389 0 0.0583333 0
0 0.784722 0 0.0194444 0
0 0.365278 0 0.0166667 0
0 0.643056 0 0.0166667 0
0 0.0208333 0 0.0416667 0
0 0.501389 0 0.0583333 0
0 0.784722 0 0.0194444 0
0 0.364583 0 0.0180556 0
0 0.643056 0 0.0166667 0
0 0.0208333 0 0.0416667 0
0 0.501389 0 0.0583333 0
0 0.784722 0 0.0194444 0
0 0.364583 0 0.0180556 0
0 0.643056 0 0.0166667 0
0 0.0208333 0 0.0416667 0
0 0.784028 0 0.0180556 0
0 0.501389 0 0.0611111 0
0 0.365972 0 0.0180556 0
0 0.643056 0 0.0194444 0
0 0.0305556 0 0.0611111 0
0 0.501389 0 0.0611111 0
0 0.643056 0 0.0194444 0
0 0.365972 0 0.0180556 0
0 0.0305556 0 0.0611111 0
0 0.500694 0 0.0597222 0
0 0.365972 0 0.0180556 0
0 0.643056 0 0.0194444 0
0 0.0305556 0 0.0611111 0
0 0.500694 0 0.0597222 0
0 0.365972 0 0.0180556 0
0 0.643056 0 0.0194444 0
0 0.0305556 0 0.0611111 0
0 0.643056 0 0.0194444 0
0 0.502083 0 0.0680556 0
0 0.0347222 0 0.0694444 0
0 0.785417 0 0.0180556 0
0 0.367361 0 0.0180556 0
0 0.502083 0 0.0680556 0
0 0.642361 0 0.0152778 0
0 0.0430556 0 0.075 0
0 0.785417 0 0.0180556 0
0 0.367361 0 0.0180556 0
0 0.502083 0 0.0680556 0
0 0.642361 0 0.0152778 0
0 0.0430556 0 0.075 0
0 0.785417 0 0.0180556 0
0 0.367361 0 0.0180556 0
0 0.502083 0 0.0680556 0
0 0.642361 0 0.0180556 0
0 0.0451389 0 0.0708333 0
0 0.785417 0 0.0180556 0
0 0.367361 0 0.0180556 0
0 0.502083 0 0.0680556 0
0 0.643056 0 0.0166667 0
0 0.0527778 0 0.0888889 0
0 0.367361 0 0.0180556 0
0 0.556944 0 0.0388889 0
0 0.502778 0 0.0666667 0
0 0.0736111 0 0.0861111 0
0 0.643056 0 0.0166667 0
0 0.556944 0 0.0388889 0
0 0.367361 0 0.0180556 0
0 0.0909722 0 0.0791667 0
0 0.502778 0 0.0666667 0
0 0.643056 0 0.0166667 0
0 0.556944 0 0.0388889 0
0 0.367361 0 0.0180556 0
0 0.0909722 0 0.0791667 0
0 0.502083 0 0.0680556 0
0 0.643056 0 0.0166667 0
0 0.55625 0 0.0375 0
0 0.367361 0 0.0180556 0
0 0.502083 0 0.0652778 0
0 0.643056 0 0.0166667 0
0 0.784722 0 0.0166667 0
0 0.55625 0 0.0375 0
0 0.367361 0 0.0180556 0
0 0.502778 0 0.0666667 0
0 0.643056 0 0.0166667 0
0 0.367361 0 0.0180556 0
0 0.503472 0 0.0597222 0
0 0.556944 0 0.0361111 0
0 0.64375 0 0.0152778 0
0 0.784028 0 0.0180556 0
0 0.504167 0 0.0638889 0
0 0.64375 0 0.0180556 0
0 0.557639 0 0.0375 0
0 0.255556 0 0.0888889 0
0 0.784028 0 0.0180556 0
0 0.504167 0 0.0638889 0
0 0.644444 0 0.0166667 0
0 0.557639 0 0.0375 0
0 0.255556 0 0.0888889 0
0 0.504167 0 0.0583333 0
0 0.556944 0 0.0388889 0
0 0.271528 0 0.0930556 0
0 0.644444 0 0.0166667 0
0 0.783333 0 0.0166667 0
0 0.644444 0 0.0194444 0
0 0.502083 0 0.0708333 0
0 0.3875 0 0.0861111 0
0 0.557639 0 0.0375 0
0 0.783333 0 0.0166667 0
0 0.64375 0 0.0208333 0
0 0.502083 0 0.0736111 0
0 0.411806 0 0.0847222 0
0 0.783333 0 0.0166667 0
0 0.643056 0 0.0194444 0
0 0.502778 0 0.0722222 0
0 0.411806 0 0.0847222 0
0 0.783333 0 0.0166667 0
0 0.643056 0 0.0194444 0
0 0.502778 0 0.0722222 0
0 0.411806 0 0.0847222 0
0 0.504167 0 0.0638889 0
0 0.783333 0 0.0166667 0
0 0.643056 0 0.0166667 0
0 0.464583 0 0.0819444 0
0 0.504167 0 0.0638889 0
0 0.783333 0 0.0166667 0
0 0.643056 0 0.0166667 0
0 0.464583 0 0.0819444 0
0 0.370139 0 0.0152778 0
0 0.783333 0 0.0166667 0
0 0.633333 0 0.0833333 0
0 0.505556 0 0.0638889 0
0 0.369444 0 0.0166667 0
0 0.783333 0 0.0166667 0
0 0.643056 0 0.0166667 0
0 0.675694 0 0.0819444 0
0 0.505556 0 0.0638889 0
0 0.369444 0 0.0166667 0
0 0.783333 0 0.0166667 0
0 0.64375 0 0.0152778 0
0 0.675694 0 0.0819444 0
0 0.505556 0 0.0638889 0
0 0.369444 0 0.0166667 0
0 0.783333 0 0.0166667 0
0 0.643056 0 0.0166667 0
0 0.675694 0 0.0819444 0
0 0.505556 0 0.0638889 0
0 0.370139 0 0.0152778 0
0 0.783333 0 0.0166667 0
0 0.64375 0 0.0152778 0
0 0.675694 0 0.0819444 0
0 0.370139 0 0.0152778 0
0 0.783333 0 0.0166667 0
0 0.506944 0 0.0694444 0
0 0.64375 0 0.0152778 0
0 0.760417 0 0.0791667 0
0 0.370833 0 0.0166667 0
0 0.783333 0 0.0166667 0
0 0.506944 0 0.0694444 0
0 0.643056 0 0.0166667 0
0 0.795139 0 0.0763889 0
0 0.370139 0 0.0152778 0
0 0.783333 0 0.0166667 0
0 0.50625 0 0.0708333 0
0 0.643056 0 0.0166667 0
0 0.795139 0 0.0763889 0
0 0.370139 0 0.0152778 0
0 0.783333 0 0.0166667 0
0 0.50625 0 0.0708333 0
0 0.643056 0 0.0166667 0
0 0.797917 0 0.0791667 0
0 0.783333 0 0.0166667 0
0 0.370833 0 0.0166667 0
0 0.642361 0 0.0180556 0
0 0.504861 0 0.0763889 0
0 0.840972 0 0.0708333 0
0 0.783333 0 0.0166667 0
0 0.370833 0 0.0166667 0
0 0.643056 0 0.0166667 0
0 0.506944 0 0.0722222 0
0 0.860417 0.5 0.0736111 1
0 0.783333 0 0.0166667 0
0 0.370833 0 0.0166667 0
0 0.642361 0 0.0180556 0
0 0.506944 0 0.0722222 0
0 0.860417 0.5 0.0736111 1
0 0.783333 0 0.0166667 0
0 0.370833 0 0.0166667 0
0 0.643056 0 0.0166667 0
0 0.50625 0 0.0736111 0
0 0.860417 0.5 0.0736111 1
0 0.370833 0 0.0166667 0
0 0.783333 0 0.0166667 0
0 0.643056 0 0.0166667 0
0 0.506944 0 0.0722222 0
0 0.860417 0.5 0.0736111 1
0 0.370833 0 0.0166667 0
0 0.783333 0 0.0166667 0
0 0.643056 0 0.0166667 0
0 0.50625 0 0.0736111 0
0 0.873611 0.5 0.0694444 1
0 0.783333 0 0.0166667 0
0 0.371528 0 0.0180556 0
0 0.643056 0 0.0194444 0
0 0.505556 0 0.0638889 0
0 0.883333 0.5 0.0694444 1
0 0.783333 0 0.0166667 0
0 0.371528 0 0.0180556 0
0 0.643056 0 0.0194444 0
0 0.505556 0 0.0638889 0
0 0.883333 0.5 0.0694444 1
0 0.783333 0 0.0166667 0
0 0.371528 0 0.0180556 0
0 0.643056 0 0.0194444 0
0 0.50625 0 0.0625 0
0 0.883333 0.5 0.0694444 1
0 0.783333 0 0.0166667 0
0 0.371528 0 0.0180556 0
0 0.643056 0 0.0194444 0
0 0.50625 0 0.0625 0
0 0.883333 0.5 0.0694444 1
0 0.330556 0 0.05 0
0 0.371528 0 0.0180556 0
0 0.783333 0 0.0166667 0
0 0.504861 0 0.0652778 0
0 0.643056 0 0.0194444 0
0 0.883333 0.5 0.0694444 1
0 0.504861 0 0.0625 0
0 0.782639 0 0.0180556 0
0 0.370833 0 0.0166667 0
0 0.643056 0 0.0166667 0
0 0.875 0.5 0.0777778 1
0 0.504861 0 0.0625 0
0 0.782639 0 0.0180556 0
0 0.370833 0 0.0166667 0
0 0.643056 0 0.0166667 0
0 0.875 0.5 0.0777778 1
0 0.504861 0 0.0625 0
0 0.782639 0 0.0180556 0
0 0.642361 0 0.0180556 0
0 0.370833 0 0.0166667 0
0 0.875 0.5 0.0777778 1
0 0.505556 0 0.0611111 0
0 0.781944 0 0.0166667 0
0 0.642361 0 0.0180556 0
0 0.372222 0 0.0166667 0
0 0.873611 0.5 0.0638889 1
0 0.781944 0 0.0166667 0
0 0.643056 0 0.0166667 0
0 0.370833 0 0.0166667 0
0 0.504861 0 0.0680556 0
0 0.859028 1 0.0652778 0
0 0.680556 0 0.0416667 0
0 0.643056 0 0.0166667 0
0 0.50625 0 0.0625 0
0 0.781944 0 0.0166667 0
0 0.370833 0 0.0166667 0
0 0.845139 1 0.0652778 0
0 0.505556 0 0.0611111 0
0 0.781944 0 0.0166667 0
0 0.642361 0 0.0152778 0
0 0.370833 0 0.0166667 0
0 0.829167 1 0.0611111 0
0 0.781944 0 0.0166667 0
0 0.505556 0 0.0611111 0
0 0.370833 0 0.0166667 0
0 0.642361 0 0.0152778 0
0 0.829167 1 0.0611111 0
0 0.505556 0 0.0638889 0
0 0.370833 0 0.0166667 0
0 0.781944 0 0.0166667 0
0 0.642361 0 0.0152778 0
0 0.829167 1 0.0611111 0
0 0.233333 0 0.0166667 0
0 0.504861 0 0.0652778 0
0 0.781944 0 0.0166667 0
0 0.370833 0 0.0166667 0
0 0.643056 0 0.0166667 0
0 0.792361 1 0.0680556 0
0 0.233333 0 0.0166667 0
0 0.78125 0 0.0152778 0
0 0.504861 0 0.0652778 0
0 0.642361 0 0.0180556 0
0 0.371528 0 0.0152778 0
0 0.777778 1 0.0638889 0
0 0.233333 0 0.0166667 0
0 0.780556 0 0.0166667 0
0 0.504861 0 0.0652778 0
0 0.371528 0 0.0152778 0
0 0.643056 0 0.0166667 0
0 0.773611 1 0.0666667 0
0 0.233333 0 0.0166667 0
0 0.780556 0 0.0166667 0
0 0.504861 0 0.0652778 0
0 0.371528 0 0.0152778 0
0 0.643056 0 0.0166667 0
0 0.773611 1 0.0666667 0
0 0.78125 0 0.0152778 0
0 0.370833 0 0.0166667 0
0 0.642361 0 0.0180556 0
0 0.740972 1 0.0652778 0
0 0.678472 0 0.0430556 0
0 0.233333 0 0.0166667 0
0 0.371528 0 0.0180556 0
0 0.78125 0 0.0152778 0
0 0.643056 0 0.0166667 0
0 0.701389 1 0.0666667 0
0 0.78125 0 0.0152778 0
0 0.372222 0 0.0166667 0
0 0.642361 0 0.0180556 0
0 0.68125 1 0.0708333 0
0 0.233333 0 0.0166667 0
0 0.78125 0 0.0152778 0
0 0.372222 0 0.0166667 0
0 0.641667 0 0.0166667 0
0 0.661806 1 0.0680556 0
0 0.233333 0 0.0166667 0
0 0.78125 0 0.0152778 0
0 0.372222 0 0.0166667 0
0 0.642361 0 0.0180556 0
0 0.655556 1 0.0694444 0
0 0.780556 0 0.0166667 0
0 0.372222 0 0.0166667 0
0 0.641667 0 0.0166667 0
0 0.600694 1 0.0708333 0
0 0.372222 0 0.0166667 0
0 0.780556 0 0.0166667 0
0 0.641667 0 0.0166667 0
0 0.589583 1 0.0708333 0
0 0.372222 0 0.0166667 0
0 0.78125 0 0.0152778 0
0 0.641667 0 0.0166667 0
0 0.573611 1 0.0694444 0
0 0.372222 0 0.0166667 0
0 0.780556 0 0.0166667 0
0 0.641667 0 0.0166667 0
0 0.482639 0.5 0.0736111 1
0 0.513194 0 0.0458333 0
0 0.780556 0 0.0166667 0
0 0.372222 0 0.0166667 0
0 0.641667 0 0.0166667 0
0 0.455556 0.5 0.0805556 1
0 0.372222 0 0.0166667 0
0 0.779167 0 0.0166667 0
0 0.234028 0 0.0180556 0
0 0.641667 0 0.0166667 0
0 0.413194 0.5 0.0736111 1
0 0.234722 0 0.0194444 0
0 0.372222 0 0.0166667 0
0 0.779861 0 0.0152778 0
0 0.642361 0 0.0180556 0
0 0.371528 0.5 0.0736111 1
0 0.779167 0 0.0166667 0
0 0.372917 0 0.0180556 0
0 0.234722 0 0.0194444 0
0 0.642361 0 0.0180556 0
0 0.304167 0 0.0722222 0
