0 0.390972 0 0.0152778 0
0 0.632639 0 0.0152778 0
0 0.538889 0 0.0583333 0
0 0.390972 0 0.0152778 0
0 0.632639 0 0.0152778 0
0 0.538889 0 0.0583333 0
0 0.390972 0 0.0152778 0
0 0.632639 0 0.0152778 0
0 0.538889 0 0.0583333 0
0 0.390972 0 0.0152778 0
0 0.632639 0 0.0152778 0
0 0.538889 0 0.0583333 0
0 0.390972 0 0.0152778 0
0 0.632639 0 0.0152778 0
0 0.538889 0 0.0583333 0
0 0.390972 0 0.0152778 0
0 0.632639 0 0.0152778 0
0 0.538889 0 0.0583333 0
0 0.390972 0 0.0152778 0
0 0.632639 0 0.0152778 0
0 0.538889 0 0.0583333 0
0 0.390972 0 0.0180556 0
0 0.632639 0 0.0152778 0
0 0.538889 0 0.0583333 0
0 0.390972 0 0.0152778 0
0 0.632639 0 0.0152778 0
0 0.538889 0 0.0583333 0
0 0.390972 0 0.0152778 0
0 0.632639 0 0.0152778 0
0 0.538889 0 0.0583333 0
0 0.390972 0 0.0152778 0
0 0.632639 0 0.0152778 0
0 0.538889 0 0.0583333 0
0 0.390972 0 0.0152778 0
0 0.632639 0 0.0152778 0
0 0.538889 0 0.0583333 0
0 0.390972 0 0.0152778 0
0 0.632639 0 0.0152778 0
0 0.538889 0 0.0583333 0
0 0.632639 0 0.0152778 0
0 0.538889 0 0.0583333 0
0 0.390972 0 0.0152778 0
0 0.632639 0 0.0152778 0
0 0.538889 0 0.0583333 0
0 0.390972 0 0.0152778 0
0 0.632639 0 0.0152778 0
0 0.538889 0 0.0583333 0
0 0.390972 0 0.0180556 0
0 0.632639 0 0.0152778 0
0 0.538889 0 0.0583333 0
0 0.390972 0 0.0152778 0
0 0.632639 0 0.0152778 0
0 0.538889 0 0.0583333 0
0 0.390972 0 0.0152778 0
0 0.632639 0 0.0152778 0
0 0.538889 0 0.0583333 0
0 0.390972 0 0.0152778 0
0 0.632639 0 0.0152778 0
0 0.538889 0 0.0583333 0
0 0.390972 0 0.0152778 0
0 0.632639 0 0.0152778 0
0 0.538889 0 0.0583333 0
0 0.632639 0 0.0152778 0
0 0.538889 0 0.0583333 0
0 0.390972 0 0.0152778 0
0 0.632639 0 0.0152778 0
0 0.538889 0 0.0583333 0
0 0.632639 0 0.0152778 0
0 0.538889 0 0.0583333 0
0 0.390972 0 0.0152778 0
0 0.632639 0 0.0152778 0
0 0.538889 0 0.0583333 0
0 0.390278 0 0.0166667 0
0 0.632639 0 0.0152778 0
0 0.5375 0 0.05 0
0 0.390972 0 0.0152778 0
0 0.632639 0 0.0152778 0
0 0.5375 0 0.05 0
0 0.390972 0 0.0152778 0
0 0.632639 0 0.0152778 0
0 0.538889 0 0.0583333 0
0 0.390972 0 0.0152778 0
0 0.632639 0 0.0152778 0
0 0.5375 0 0.05 0
0 0.390972 0 0.0152778 0
0 0.632639 0 0.0152778 0
0 0.5375 0 0.05 0
0 0.390972 0 0.0152778 0
0 0.632639 0 0.0152778 0
0 0.538889 0 0.0583333 0
0 0.390972 0 0.0152778 0
0 0.632639 0 0.0152778 0
0 0.538889 0 0.0583333 0
0 0.390972 0 0.0152778 0
0 0.632639 0 0.0152778 0
0 0.5375 0 0.05 0
0 0.390972 0 0.0152778 0
0 0.632639 0 0.0152778 0
0 0.538889 0 0.0583333 0
0 0.390972 0 0.0152778 0
0 0.632639 0 0.0152778 0
0 0.5375 0 0.05 0
0 0.390972 0 0.0152778 0
0 0.632639 0 0.0152778 0
0 0.5375 0 0.05 0
0 0.390972 0 0.0152778 0
0 0.632639 0 0.0152778 0
0 0.5375 0 0.05 0
0 0.390972 0 0.0152778 0
0 0.632639 0 0.0152778 0
0 0.5375 0 0.05 0
0 0.390972 0 0.0152778 0
0 0.632639 0 0.0152778 0
0 0.5375 0 0.05 0
0 0.390972 0 0.0152778 0
0 0.632639 0 0.0152778 0
0 0.5375 0 0.05 0
0 0.632639 0 0.0152778 0
0 0.5375 0 0.05 0
0 0.390972 0 0.0152778 0
0 0.632639 0 0.0152778 0
0 0.5375 0 0.05 0
0 0.390278 0 0.0166667 0
0 0.632639 0 0.0152778 0
0 0.5375 0 0.05 0
0 0.390972 0 0.0152778 0
0 0.632639 0 0.0152778 0
0 0.5375 0 0.05 0
0 0.390972 0 0.0152778 0
0 0.632639 0 0.0152778 0
0 0.5375 0 0.05 0
0 0.390972 0 0.0152778 0
0 0.632639 0 0.0152778 0
0 0.5375 0 0.05 0
0 0.390972 0 0.0152778 0
0 0.632639 0 0.0152778 0
0 0.5375 0 0.05 0
0 0.390972 0 0.0152778 0
0 0.632639 0 0.0152778 0
0 0.5375 0 0.05 0
0 0.632639 0 0.0152778 0
0 0.5375 0 0.05 0
0 0.390972 0 0.0152778 0
0 0.632639 0 0.0152778 0
0 0.5375 0 0.05 0
0 0.390972 0 0.0152778 0
0 0.632639 0 0.0152778 0
0 0.5375 0 0.05 0
0 0.390972 0 0.0152778 0
0 0.632639 0 0.0152778 0
0 0.5375 0 0.05 0
0 0.390972 0 0.0152778 0
0 0.632639 0 0.0152778 0
0 0.5375 0 0.05 0
0 0.390972 0 0.0152778 0
0 0.632639 0 0.0152778 0
0 0.5375 0 0.05 0
0 0.390972 0 0.0152778 0
0 0.632639 0 0.0152778 0
0 0.5375 0 0.05 0
0 0.390972 0 0.0152778 0
0 0.632639 0 0.0152778 0
0 0.5375 0 0.05 0
0 0.390972 0 0.0152778 0
0 0.632639 0 0.0152778 0
0 0.5375 0 0.05 0
0 0.390278 0 0.0166667 0
0 0.632639 0 0.0152778 0
0 0.5375 0 0.05 0
0 0.390972 0 0.0152778 0
0 0.632639 0 0.0152778 0
0 0.5375 0 0.05 0
0 0.390972 0 0.0152778 0
0 0.632639 0 0.0152778 0
0 0.5375 0 0.05 0
0 0.390972 0 0.0152778 0
0 0.632639 0 0.0152778 0
0 0.5375 0 0.05 0
0 0.390972 0 0.0152778 0
0 0.632639 0 0.0152778 0
0 0.5375 0 0.05 0
0 0.390972 0 0.0152778 0
0 0.632639 0 0.0152778 0
0 0.538194 0.5 0.0513889 1
0 0.389583 0 0.0152778 0
0 0.632639 0 0.0152778 0
0 0.538194 0.5 0.0513889 1
0 0.757639 0 0.0152778 0
0 0.389583 0 0.0152778 0
0 0.634028 0 0.0152778 0
0 0.538889 0.5 0.0527778 1
0 0.389583 0 0.0152778 0
0 0.634028 0 0.0152778 0
0 0.539583 0.5 0.0513889 1
0 0.389583 0 0.0152778 0
0 0.634722 0 0.0138889 0
0 0.539583 0.5 0.0513889 1
0 0.388889 0 0.0138889 0
0 0.635417 0 0.0152778 0
0 0.539583 0.5 0.0541667 1
0 0.540972 0.5 0.0541667 1
0 0.540972 0.5 0.0569444 1
0 0.636111 0 0.0166667 0
0 0.540278 0.5 0.0583333 1
0 0.765278 0 0.0166667 0
0 0.384722 0 0.0166667 0
0 0.6375 0 0.0138889 0
0 0.540278 0.5 0.0583333 1
0 0.636806 0 0.0152778 0
0 0.540278 0.5 0.0583333 1
0 0.6375 0 0.0138889 0
0 0.539583 0.5 0.0597222 1
0 0.384722 0 0.0166667 0
0 0.6375 0 0.0166667 0
0 0.538889 0.5 0.0611111 1
0 0.768056 0 0.0138889 0
0 0.6375 0 0.0166667 0
0 0.384028 0 0.0152778 0
0 0.538889 0.5 0.0611111 1
0 0.636806 0 0.0180556 0
0 0.383333 0 0.0166667 0
0 0.538889 0.5 0.0611111 1
0 0.638194 0 0.0152778 0
0 0.383333 0 0.0166667 0
0 0.538194 0.5 0.0625 1
0 0.770139 0 0.0152778 0
0 0.381944 0 0.0166667 0
0 0.638194 0 0.0152778 0
0 0.538194 0.5 0.0625 1
0 0.381944 0 0.0166667 0
0 0.769444 0 0.0166667 0
0 0.638194 0 0.0152778 0
0 0.536806 0.5 0.0625 1
0 0.380556 0 0.0166667 0
0 0.638194 0 0.0152778 0
0 0.770139 0 0.0152778 0
0 0.536111 0.5 0.0638889 1
0 0.638194 0 0.0152778 0
0 0.770139 0 0.0152778 0
0 0.536111 0.5 0.0638889 1
0 0.379167 0 0.0166667 0
0 0.770139 0 0.0152778 0
0 0.6375 0 0.0138889 0
0 0.533333 0 0.0638889 0
0 0.379167 0 0.0166667 0
0 0.770833 0 0.0166667 0
0 0.6375 0 0.0166667 0
0 0.532639 0 0.0625 0
0 0.638194 0 0.0152778 0
0 0.378472 0 0.0152778 0
0 0.770139 0 0.0152778 0
0 0.531944 0 0.0638889 0
0 0.377778 0 0.0166667 0
0 0.245139 0 0.0152778 0
0 0.528472 0 0.0652778 0
0 0.770139 0 0.0152778 0
0 0.636806 0 0.0152778 0
0 0.377083 0 0.0152778 0
0 0.528472 0 0.0652778 0
0 0.770139 0 0.0152778 0
0 0.377083 0 0.0152778 0
0 0.636806 0 0.0152778 0
0 0.527083 0 0.0652778 0
0 0.376389 0 0.0166667 0
0 0.770139 0 0.0152778 0
0 0.636806 0 0.0152778 0
0 0.525694 0 0.0652778 0
0 0.375 0 0.0166667 0
0 0.635417 0 0.0152778 0
0 0.770139 0 0.0152778 0
0 0.524306 0 0.0652778 0
0 0.770139 0 0.0152778 0
0 0.636806 0 0.0152778 0
0 0.522917 0 0.0680556 0
0 0.554167 0 0.0333333 0
0 0.373611 0 0.0166667 0
0 0.770139 0 0.0152778 0
0 0.636806 0 0.0152778 0
0 0.522222 0 0.0666667 0
0 0.374306 0 0.0180556 0
0 0.554167 0 0.0333333 0
0 0.770139 0 0.0152778 0
0 0.636111 0 0.0166667 0
0 0.522222 0 0.0666667 0
0 0.238889 0 0.0166667 0
0 0.635417 0 0.0152778 0
0 0.770139 0 0.0152778 0
0 0.519444 0 0.0694444 0
0 0.372222 0 0.0166667 0
0 0.636111 0 0.0166667 0
0 0.770139 0 0.0152778 0
0 0.51875 0 0.0708333 0
0 0.372222 0 0.0166667 0
0 0.636111 0 0.0166667 0
0 0.770833 0 0.0166667 0
0 0.518056 0 0.0694444 0
0 0.372222 0 0.0166667 0
0 0.636111 0 0.0166667 0
0 0.770833 0 0.0166667 0
0 0.518056 0 0.0694444 0
0 0.372222 0 0.0166667 0
0 0.636111 0 0.0166667 0
0 0.770833 0 0.0166667 0
0 0.516667 0 0.0694444 0
0 0.372222 0 0.0166667 0
0 0.636111 0 0.0166667 0
0 0.770833 0 0.0166667 0
0 0.516667 0 0.0694444 0
0 0.770833 0 0.0166667 0
0 0.371528 0 0.0152778 0
0 0.636111 0 0.0166667 0
0 0.516667 0 0.0666667 0
0 0.370833 0 0.0166667 0
0 0.770833 0 0.0166667 0
0 0.636111 0 0.0194444 0
0 0.515278 0.5 0.0694444 1
0 0.370833 0 0.0166667 0
0 0.770833 0 0.0166667 0
0 0.636111 0 0.0194444 0
0 0.514583 0.5 0.0708333 1
0 0.771528 0 0.0180556 0
0 0.370139 0 0.0152778 0
0 0.636111 0 0.0194444 0
0 0.514583 0.5 0.0708333 1
0 0.771528 0 0.0180556 0
0 0.370139 0 0.0152778 0
0 0.636111 0 0.0194444 0
0 0.514583 0.5 0.0708333 1
0 0.370139 0 0.0152778 0
0 0.636111 0 0.0194444 0
0 0.513889 0.5 0.0694444 1
0 0.370139 0 0.0152778 0
0 0.636111 0 0.0194444 0
0 0.513889 0.5 0.0694444 1
0 0.552083 0 0.0347222 0
0 0.772222 0 0.0194444 0
0 0.636111 0 0.0194444 0
0 0.513194 0.5 0.0708333 1
0 0.232639 0 0.0180556 0
0 0.636111 0 0.0194444 0
0 0.772917 0 0.0180556 0
0 0.5125 0.5 0.0722222 1
0 0.231944 0 0.0166667 0
0 0.636111 0 0.0194444 0
0 0.772917 0 0.0180556 0
0 0.5125 0.5 0.0722222 1
0 0.231944 0 0.0166667 0
0 0.636111 0 0.0194444 0
0 0.772917 0 0.0180556 0
0 0.5125 0.5 0.0722222 1
0 0.772917 0 0.0180556 0
0 0.231944 0 0.0166667 0
0 0.636806 0 0.0180556 0
0 0.5125 0.5 0.0722222 1
0 0.773611 0 0.0166667 0
0 0.636806 0 0.0180556 0
0 0.511806 0.5 0.0736111 1
0 0.773611 0 0.0166667 0
0 0.635417 0 0.0180556 0
0 0.511806 0.5 0.0736111 1
0 0.773611 0 0.0194444 0
0 0.636111 0 0.0194444 0
0 0.511806 0.5 0.0736111 1
0 0.636111 0 0.0194444 0
0 0.5125 0.5 0.075 1
0 0.369444 0 0.0166667 0
0 0.636111 0 0.0194444 0
0 0.5125 0.5 0.075 1
0 0.36875 0 0.0152778 0
0 0.513194 0.5 0.0736111 1
0 0.636111 0 0.0194444 0
0 0.36875 0 0.0152778 0
0 0.513194 0.5 0.0736111 1
0 0.6375 0 0.0194444 0
0 0.369444 0 0.0166667 0
0 0.513194 0.5 0.0736111 1
0 0.636111 0 0.0194444 0
0 0.231944 0 0.0166667 0
0 0.370139 0 0.0152778 0
0 0.513889 0.5 0.0722222 1
0 0.775 0 0.0166667 0
0 0.231944 0 0.0166667 0
0 0.369444 0 0.0166667 0
0 0.552778 0 0.0361111 0
0 0.636806 0 0.0180556 0
0 0.515972 0.5 0.0708333 1
0 0.775 0 0.0166667 0
0 0.370139 0 0.0152778 0
0 0.6375 0 0.0194444 0
0 0.232639 0 0.0180556 0
0 0.553472 0 0.0347222 0
0 0.515972 0.5 0.0708333 1
0 0.776389 0 0.0166667 0
0 0.638194 0 0.0180556 0
0 0.371528 0 0.0180556 0
0 0.522222 0.5 0.0722222 1
0 0.776389 0 0.0166667 0
0 0.638194 0 0.0180556 0
0 0.371528 0 0.0180556 0
0 0.522222 0.5 0.0722222 1
0 0.776389 0 0.0166667 0
0 0.371528 0 0.0180556 0
0 0.639583 0 0.0180556 0
0 0.522917 0.5 0.0736111 1
0 0.371528 0 0.0180556 0
0 0.777083 0 0.0180556 0
0 0.640278 0 0.0166667 0
0 0.524306 0.5 0.0736111 1
0 0.777778 0 0.0166667 0
0 0.638889 0 0.0194444 0
0 0.371528 0 0.0180556 0
0 0.525 0.5 0.075 1
0 0.777778 0 0.0166667 0
0 0.371528 0 0.0180556 0
0 0.640278 0 0.0194444 0
0 0.525694 0.5 0.0736111 1
0 0.638889 0 0.0194444 0
0 0.371528 0 0.0180556 0
0 0.525694 0.5 0.0736111 1
0 0.372222 0 0.0166667 0
0 0.640278 0 0.0166667 0
0 0.527083 0.5 0.0736111 1
0 0.777083 0 0.0152778 0
0 0.372222 0 0.0166667 0
0 0.640278 0 0.0166667 0
0 0.528472 0.5 0.0736111 1
0 0.777778 0 0.0166667 0
0 0.372222 0 0.0166667 0
0 0.640972 0 0.0180556 0
0 0.528472 0.5 0.0736111 1
0 0.777778 0 0.0166667 0
0 0.372222 0 0.0166667 0
0 0.640972 0 0.0180556 0
0 0.529167 0.5 0.075 1
0 0.777778 0 0.0166667 0
0 0.640972 0 0.0180556 0
0 0.529861 0.5 0.0736111 1
0 0.779167 0 0.0166667 0
0 0.641667 0 0.0166667 0
0 0.530556 0.5 0.075 1
0 0.779167 0 0.0166667 0
0 0.641667 0 0.0194444 0
0 0.53125 0.5 0.0736111 1
0 0.779167 0 0.0166667 0
0 0.642361 0 0.0180556 0
0 0.53125 0.5 0.0736111 1
0 0.642361 0 0.0180556 0
0 0.531944 0.5 0.075 1
0 0.642361 0 0.0180556 0
0 0.532639 0.5 0.0736111 1
0 0.372917 0 0.0180556 0
0 0.641667 0 0.0194444 0
0 0.532639 0.5 0.0736111 1
0 0.642361 0 0.0180556 0
0 0.532639 0.5 0.0736111 1
0 0.642361 0 0.0180556 0
0 0.531944 0.5 0.075 1
0 0.641667 0 0.0194444 0
0 0.531944 0.5 0.075 1
0 0.642361 0 0.0180556 0
0 0.532639 0.5 0.0736111 1
0 0.642361 0 0.0180556 0
0 0.532639 0.5 0.0736111 1
0 0.779167 0 0.0166667 0
0 0.641667 0 0.0194444 0
0 0.532639 0.5 0.0736111 1
0 0.779167 0 0.0166667 0
0 0.643056 0 0.0194444 0
0 0.532639 0.5 0.0736111 1
0 0.373611 0 0.0166667 0
0 0.642361 0 0.0180556 0
0 0.532639 0.5 0.0736111 1
0 0.779167 0 0.0166667 0
0 0.642361 0 0.0180556 0
0 0.532639 0.5 0.0736111 1
0 0.372917 0 0.0180556 0
0 0.643056 0 0.0194444 0
0 0.779167 0 0.0166667 0
0 0.532639 0.5 0.0736111 1
0 0.642361 0 0.0208333 0
0 0.372917 0 0.0180556 0
0 0.779167 0 0.0166667 0
0 0.532639 0.5 0.0736111 1
0 0.779167 0 0.0166667 0
0 0.374306 0 0.0180556 0
0 0.643056 0 0.0194444 0
0 0.532639 0.5 0.0736111 1
0 0.374306 0 0.0180556 0
0 0.779167 0 0.0166667 0
0 0.643056 0 0.0194444 0
0 0.532639 0.5 0.0736111 1
0 0.374306 0 0.0180556 0
0 0.643056 0 0.0194444 0
0 0.779861 0 0.0180556 0
0 0.532639 0.5 0.0736111 1
0 0.372917 0 0.0180556 0
0 0.779167 0 0.0166667 0
0 0.643056 0 0.0194444 0
0 0.532639 0.5 0.0736111 1
0 0.373611 0 0.0194444 0
0 0.643056 0 0.0194444 0
0 0.779861 0 0.0180556 0
0 0.532639 0.5 0.0736111 1
0 0.372917 0 0.0180556 0
0 0.642361 0 0.0180556 0
0 0.779167 0 0.0166667 0
0 0.532639 0.5 0.0736111 1
0 0.372917 0 0.0180556 0
0 0.778472 0 0.0180556 0
0 0.641667 0 0.0194444 0
0 0.532639 0.5 0.0736111 1
0 0.374306 0 0.0180556 0
0 0.778472 0 0.0180556 0
0 0.642361 0 0.0180556 0
0 0.531944 0.5 0.075 1
0 0.374306 0 0.0180556 0
0 0.778472 0 0.0180556 0
0 0.641667 0 0.0166667 0
0 0.531944 0.5 0.075 1
0 0.557639 0 0.0375 0
0 0.372917 0 0.0180556 0
0 0.778472 0 0.0180556 0
0 0.641667 0 0.0166667 0
0 0.53125 0.5 0.0736111 1
0 0.373611 0 0.0194444 0
0 0.777778 0 0.0166667 0
0 0.641667 0 0.0194444 0
0 0.529861 0.5 0.0736111 1
0 0.373611 0 0.0194444 0
0 0.777778 0 0.0166667 0
0 0.641667 0 0.0166667 0
0 0.529861 0.5 0.0736111 1
0 0.372917 0 0.0180556 0
0 0.777778 0 0.0166667 0
0 0.641667 0 0.0166667 0
0 0.529167 0.5 0.0722222 1
0 0.372917 0 0.0180556 0
0 0.777083 0 0.0180556 0
0 0.640278 0 0.0166667 0
0 0.529167 0.5 0.0722222 1
0 0.777778 0 0.0166667 0
0 0.372917 0 0.0180556 0
0 0.640278 0 0.0166667 0
0 0.528472 0.5 0.0736111 1
0 0.777778 0 0.0166667 0
0 0.640278 0 0.0194444 0
0 0.528472 0.5 0.0736111 1
0 0.777083 0 0.0180556 0
0 0.639583 0 0.0180556 0
0 0.527778 0.5 0.0722222 1
0 0.777083 0 0.0180556 0
0 0.372917 0 0.0180556 0
0 0.640278 0 0.0166667 0
0 0.527778 0.5 0.0722222 1
0 0.776389 0 0.0166667 0
0 0.639583 0 0.0180556 0
0 0.527083 0.5 0.0736111 1
0 0.371528 0 0.0180556 0
0 0.639583 0 0.0180556 0
0 0.776389 0 0.0166667 0
0 0.527083 0.5 0.0736111 1
0 0.776389 0 0.0166667 0
0 0.640278 0 0.0166667 0
0 0.526389 0.5 0.0722222 1
0 0.776389 0 0.0166667 0
0 0.640278 0 0.0166667 0
0 0.525694 0.5 0.0736111 1
0 0.776389 0 0.0166667 0
0 0.640278 0 0.0166667 0
0 0.525694 0.5 0.0736111 1
0 0.776389 0 0.0166667 0
0 0.640278 0 0.0166667 0
0 0.525694 0.5 0.0736111 1
0 0.372222 0 0.0194444 0
0 0.777083 0 0.0180556 0
0 0.639583 0 0.0180556 0
0 0.525 0.5 0.075 1
0 0.776389 0 0.0166667 0
0 0.639583 0 0.0152778 0
0 0.524306 0.5 0.0736111 1
0 0.371528 0 0.0180556 0
0 0.776389 0 0.0166667 0
0 0.638889 0 0.0166667 0
0 0.524306 0.5 0.0736111 1
0 0.371528 0 0.0180556 0
0 0.638889 0 0.0166667 0
0 0.776389 0 0.0166667 0
0 0.524306 0.5 0.0736111 1
0 0.371528 0 0.0180556 0
0 0.638889 0 0.0194444 0
0 0.776389 0 0.0166667 0
0 0.523611 0.5 0.075 1
0 0.372222 0 0.0166667 0
0 0.777083 0 0.0152778 0
0 0.638889 0 0.0166667 0
0 0.523611 0.5 0.0722222 1
0 0.371528 0 0.0180556 0
0 0.638889 0 0.0166667 0
0 0.777083 0 0.0152778 0
0 0.522222 0.5 0.0722222 1
0 0.372222 0 0.0166667 0
0 0.777083 0 0.0152778 0
0 0.638889 0 0.0166667 0
0 0.522222 0.5 0.0722222 1
0 0.776389 0 0.0166667 0
0 0.371528 0 0.0152778 0
0 0.638889 0 0.0166667 0
0 0.522222 0.5 0.0722222 1
0 0.371528 0 0.0152778 0
0 0.777083 0 0.0152778 0
0 0.638889 0 0.0166667 0
0 0.522222 0.5 0.0722222 1
0 0.371528 0 0.0152778 0
0 0.776389 0 0.0138889 0
0 0.638889 0 0.0166667 0
0 0.522222 0.5 0.0722222 1
0 0.371528 0 0.0152778 0
0 0.775694 0 0.0152778 0
0 0.638889 0 0.0166667 0
0 0.522222 0.5 0.0722222 1
0 0.372222 0 0.0166667 0
0 0.776389 0 0.0166667 0
0 0.638889 0 0.0166667 0
0 0.522917 0.5 0.0708333 1
0 0.371528 0 0.0152778 0
0 0.638889 0 0.0166667 0
0 0.776389 0 0.0166667 0
0 0.522917 0.5 0.0708333 1
0 0.372222 0 0.0166667 0
0 0.777083 0 0.0152778 0
0 0.638889 0 0.0166667 0
0 0.523611 0.5 0.0722222 1
0 0.775694 0 0.0152778 0
0 0.372222 0 0.0166667 0
0 0.638889 0 0.0166667 0
0 0.523611 0.5 0.0722222 1
0 0.776389 0 0.0166667 0
0 0.372222 0 0.0166667 0
0 0.639583 0 0.0152778 0
0 0.524306 0.5 0.0708333 1
0 0.776389 0 0.0166667 0
0 0.372222 0 0.0166667 0
0 0.638889 0 0.0166667 0
0 0.524306 0.5 0.0708333 1
0 0.372222 0 0.0166667 0
0 0.776389 0 0.0166667 0
0 0.639583 0 0.0152778 0
0 0.524306 0.5 0.0736111 1
0 0.776389 0 0.0166667 0
0 0.372917 0 0.0180556 0
0 0.640278 0 0.0166667 0
0 0.525 0.5 0.0722222 1
0 0.372222 0 0.0166667 0
0 0.640278 0 0.0166667 0
0 0.777083 0 0.0152778 0
0 0.525694 0.5 0.0819444 1
0 0.776389 0 0.0166667 0
0 0.372917 0 0.0180556 0
0 0.640278 0 0.0194444 0
0 0.526389 0.5 0.0722222 1
0 0.372917 0 0.0180556 0
0 0.640278 0 0.0194444 0
0 0.777083 0 0.0152778 0
0 0.526389 0.5 0.0722222 1
0 0.372917 0 0.0180556 0
0 0.640278 0 0.0194444 0
0 0.777083 0 0.0152778 0
0 0.526389 0.5 0.0722222 1
0 0.372917 0 0.0180556 0
0 0.777083 0 0.0152778 0
0 0.640972 0 0.0180556 0
0 0.526389 0.5 0.0722222 1
0 0.372917 0 0.0180556 0
0 0.777083 0 0.0152778 0
0 0.640278 0 0.0166667 0
0 0.527083 0.5 0.0708333 1
0 0.372917 0 0.0180556 0
0 0.777083 0 0.0152778 0
0 0.640278 0 0.0166667 0
0 0.527083 0.5 0.0708333 1
0 0.372917 0 0.0180556 0
0 0.777083 0 0.0152778 0
0 0.640278 0 0.0166667 0
0 0.527778 0.5 0.0722222 1
0 0.372917 0 0.0180556 0
0 0.777083 0 0.0152778 0
0 0.640278 0 0.0166667 0
0 0.527778 0.5 0.0722222 1
0 0.373611 0 0.0194444 0
0 0.777083 0 0.0152778 0
0 0.640278 0 0.0166667 0
0 0.527778 0.5 0.0722222 1
0 0.372917 0 0.0180556 0
0 0.777083 0 0.0152778 0
0 0.640278 0 0.0166667 0
0 0.527778 0.5 0.0722222 1
0 0.373611 0 0.0194444 0
0 0.776389 0 0.0166667 0
0 0.640278 0 0.0166667 0
0 0.527778 0.5 0.0722222 1
0 0.776389 0 0.0166667 0
0 0.640278 0 0.0166667 0
0 0.528472 0.5 0.0736111 1
0 0.776389 0 0.0166667 0
0 0.640278 0 0.0166667 0
0 0.528472 0.5 0.0736111 1
0 0.372917 0 0.0180556 0
0 0.777083 0 0.0152778 0
0 0.640972 0 0.0180556 0
0 0.528472 0.5 0.0736111 1
0 0.372917 0 0.0180556 0
0 0.777778 0 0.0166667 0
0 0.640972 0 0.0180556 0
0 0.529167 0.5 0.0722222 1
0 0.374306 0 0.0180556 0
0 0.777778 0 0.0166667 0
0 0.640972 0 0.0180556 0
0 0.528472 0.5 0.0736111 1
0 0.374306 0 0.0180556 0
0 0.777778 0 0.0166667 0
0 0.640972 0 0.0180556 0
0 0.528472 0.5 0.0736111 1
0 0.372917 0 0.0180556 0
0 0.777778 0 0.0166667 0
0 0.640972 0 0.0180556 0
0 0.529861 0.5 0.0736111 1
0 0.557639 0 0.0375 0
0 0.640972 0 0.0180556 0
0 0.777778 0 0.0166667 0
0 0.529861 0.5 0.0736111 1
0 0.640972 0 0.0180556 0
0 0.777778 0 0.0166667 0
0 0.529861 0.5 0.0736111 1
0 0.641667 0 0.0194444 0
0 0.777778 0 0.0166667 0
0 0.529861 0.5 0.0736111 1
0 0.374306 0 0.0180556 0
0 0.777778 0 0.0166667 0
0 0.640972 0 0.0180556 0
0 0.529861 0.5 0.0736111 1
0 0.374306 0 0.0180556 0
0 0.640972 0 0.0180556 0
0 0.777778 0 0.0166667 0
0 0.529861 0.5 0.0736111 1
0 0.372917 0 0.0180556 0
0 0.777778 0 0.0166667 0
0 0.641667 0 0.0166667 0
0 0.529861 0.5 0.0736111 1
0 0.373611 0 0.0194444 0
0 0.777778 0 0.0166667 0
0 0.641667 0 0.0166667 0
0 0.529861 0.5 0.0736111 1
0 0.373611 0 0.0166667 0
0 0.777778 0 0.0166667 0
0 0.641667 0 0.0166667 0
0 0.529861 0.5 0.0736111 1
0 0.373611 0 0.0194444 0
0 0.777778 0 0.0166667 0
0 0.641667 0 0.0166667 0
0 0.529861 0.5 0.0736111 1
0 0.777778 0 0.0166667 0
0 0.373611 0 0.0194444 0
0 0.640972 0 0.0180556 0
0 0.529861 0.5 0.0736111 1
0 0.777778 0 0.0166667 0
0 0.640972 0 0.0180556 0
0 0.529861 0.5 0.0736111 1
0 0.777083 0 0.0152778 0
0 0.640278 0 0.0194444 0
0 0.529167 0.5 0.075 1
0 0.777778 0 0.0166667 0
0 0.374306 0 0.0180556 0
0 0.641667 0 0.0194444 0
0 0.529167 0.5 0.075 1
0 0.372917 0 0.0180556 0
0 0.777778 0 0.0166667 0
0 0.640972 0 0.0180556 0
0 0.529167 0.5 0.075 1
0 0.640972 0 0.0180556 0
0 0.529167 0.5 0.075 1
0 0.776389 0 0.0166667 0
0 0.641667 0 0.0166667 0
0 0.529167 0.5 0.075 1
0 0.640972 0 0.0180556 0
0 0.529167 0.5 0.0722222 1
0 0.372917 0 0.0180556 0
0 0.640972 0 0.0180556 0
0 0.529167 0.5 0.0722222 1
0 0.640972 0 0.0180556 0
0 0.529167 0.5 0.0722222 1
0 0.640278 0 0.0166667 0
0 0.529167 0.5 0.0722222 1
0 0.640278 0 0.0166667 0
0 0.529167 0.5 0.0722222 1
0 0.640972 0 0.0180556 0
0 0.529167 0.5 0.0722222 1
0 0.640972 0 0.0180556 0
0 0.529861 0.5 0.0708333 1
0 0.556944 0 0.0361111 0
0 0.372917 0 0.0180556 0
0 0.641667 0 0.0194444 0
0 0.529861 0 0.0736111 0
0 0.372917 0 0.0180556 0
0 0.640972 0 0.0180556 0
0 0.529167 0 0.0722222 0
0 0.372917 0 0.0180556 0
0 0.641667 0 0.0166667 0
0 0.529167 0 0.0722222 0
0 0.777083 0 0.0180556 0
0 0.641667 0 0.0166667 0
0 0.529167 0 0.0722222 0
0 0.372917 0 0.0180556 0
0 0.641667 0 0.0166667 0
0 0.529167 0 0.0722222 0
0 0.372917 0 0.0180556 0
0 0.640972 0 0.0180556 0
0 0.529167 0 0.0722222 0
0 0.778472 0 0.0180556 0
0 0.641667 0 0.0166667 0
0 0.529167 0 0.0722222 0
0 0.778472 0 0.0180556 0
0 0.372222 0 0.0166667 0
0 0.641667 0 0.0166667 0
0 0.529167 0 0.0722222 0
0 0.778472 0 0.0180556 0
0 0.372222 0 0.0166667 0
0 0.641667 0 0.0166667 0
0 0.529167 0 0.0722222 0
0 0.778472 0 0.0180556 0
0 0.372222 0 0.0166667 0
0 0.640972 0 0.0180556 0
0 0.529167 0 0.0722222 0
0 0.778472 0 0.0180556 0
0 0.372917 0 0.0180556 0
0 0.640972 0 0.0180556 0
0 0.529167 0 0.0722222 0
0 0.778472 0 0.0180556 0
0 0.640972 0 0.0180556 0
0 0.372222 0 0.0166667 0
0 0.529167 0 0.0722222 0
0 0.372222 0 0.0166667 0
0 0.640972 0 0.0180556 0
0 0.778472 0 0.0180556 0
0 0.529167 0 0.075 0
0 0.372917 0 0.0180556 0
0 0.779167 0 0.0166667 0
0 0.640972 0 0.0180556 0
0 0.528472 0 0.0736111 0
0 0.640972 0 0.0180556 0
0 0.528472 0 0.0736111 0
0 0.640972 0 0.0180556 0
0 0.528472 0 0.0736111 0
0 0.640972 0 0.0180556 0
0 0.528472 0 0.0736111 0
0 0.372222 0 0.0166667 0
0 0.779167 0 0.0166667 0
0 0.641667 0 0.0166667 0
0 0.529167 0 0.075 0
0 0.372222 0 0.0166667 0
0 0.780556 0 0.0138889 0
0 0.641667 0 0.0166667 0
0 0.529167 0 0.075 0
0 0.371528 0 0.0180556 0
0 0.780556 0 0.0138889 0
0 0.641667 0 0.0166667 0
0 0.529167 0 0.075 0
0 0.371528 0 0.0180556 0
0 0.780556 0 0.0138889 0
0 0.641667 0 0.0166667 0
0 0.529167 0 0.075 0
0 0.372222 0 0.0166667 0
0 0.780556 0 0.0138889 0
0 0.641667 0 0.0166667 0
0 0.529167 0 0.075 0
0 0.557639 0 0.0375 0
0 0.779861 0 0.0152778 0
0 0.372222 0 0.0166667 0
0 0.642361 0 0.0180556 0
0 0.528472 0 0.0736111 0
0 0.556944 0 0.0388889 0
0 0.372222 0 0.0194444 0
0 0.642361 0 0.0180556 0
0 0.528472 0 0.0763889 0
0 0.779167 0 0.0166667 0
0 0.233333 0 0.0166667 0
0 0.371528 0 0.0180556 0
0 0.642361 0 0.0180556 0
0 0.528472 0 0.0736111 0
0 0.233333 0 0.0166667 0
0 0.371528 0 0.0180556 0
0 0.642361 0 0.0180556 0
0 0.528472 0 0.0736111 0
0 0.233333 0 0.0166667 0
0 0.371528 0 0.0180556 0
0 0.642361 0 0.0180556 0
0 0.528472 0 0.0736111 0
0 0.233333 0 0.0166667 0
0 0.371528 0 0.0180556 0
0 0.642361 0 0.0180556 0
0 0.528472 0 0.0736111 0
0 0.78125 0 0.0152778 0
0 0.642361 0 0.0180556 0
0 0.370833 0 0.0166667 0
0 0.526389 0 0.0777778 0
0 0.78125 0 0.0152778 0
0 0.642361 0 0.0180556 0
0 0.370833 0 0.0166667 0
0 0.526389 0 0.0777778 0
0 0.78125 0 0.0152778 0
0 0.642361 0 0.0180556 0
0 0.370833 0 0.0166667 0
0 0.526389 0 0.0777778 0
0 0.78125 0 0.0152778 0
0 0.370833 0 0.0166667 0
0 0.642361 0 0.0180556 0
0 0.526389 0 0.0777778 0
0 0.78125 0 0.0152778 0
0 0.642361 0 0.0180556 0
0 0.370833 0 0.0166667 0
0 0.526389 0 0.0777778 0
0 0.780556 0 0.0166667 0
0 0.642361 0 0.0180556 0
0 0.370833 0 0.0166667 0
0 0.527083 0 0.0763889 0
0 0.370833 0 0.0166667 0
0 0.781944 0 0.0166667 0
0 0.642361 0 0.0152778 0
0 0.526389 0 0.0777778 0
0 0.370833 0 0.0166667 0
0 0.781944 0 0.0166667 0
0 0.642361 0 0.0152778 0
0 0.526389 0 0.0777778 0
0 0.370833 0 0.0166667 0
0 0.781944 0 0.0166667 0
0 0.642361 0 0.0152778 0
0 0.526389 0 0.0777778 0
0 0.370833 0 0.0166667 0
0 0.781944 0 0.0166667 0
0 0.642361 0 0.0152778 0
0 0.526389 0 0.0777778 0
0 0.370139 0 0.0180556 0
0 0.642361 0 0.0180556 0
0 0.781944 0 0.0166667 0
0 0.526389 0 0.0777778 0
0 0.643056 0 0.0194444 0
0 0.525 0 0.0833333 0
0 0.782639 0 0.0152778 0
0 0.643056 0 0.0194444 0
0 0.525 0 0.0805556 0
0 0.782639 0 0.0152778 0
0 0.64375 0 0.0208333 0
0 0.525 0 0.0805556 0
0 0.782639 0 0.0152778 0
0 0.64375 0 0.0180556 0
0 0.525 0 0.0805556 0
0 0.783333 0 0.0166667 0
0 0.642361 0 0.0152778 0
0 0.524306 0 0.0819444 0
0 0.36875 0 0.0180556 0
0 0.783333 0 0.0166667 0
0 0.643056 0 0.0166667 0
0 0.523611 0 0.0833333 0
0 0.36875 0 0.0180556 0
0 0.782639 0 0.0180556 0
0 0.642361 0 0.0152778 0
0 0.523611 0 0.0833333 0
0 0.36875 0 0.0180556 0
0 0.783333 0 0.0166667 0
0 0.643056 0 0.0166667 0
0 0.523611 0 0.0833333 0
0 0.36875 0 0.0180556 0
0 0.783333 0 0.0166667 0
0 0.643056 0 0.0166667 0
0 0.523611 0 0.0833333 0
0 0.36875 0 0.0180556 0
0 0.782639 0 0.0180556 0
0 0.643056 0 0.0194444 0
0 0.523611 0 0.0833333 0
0 0.783333 0 0.0194444 0
0 0.643056 0 0.0194444 0
0 0.522222 0 0.0861111 0
0 0.556944 0 0.0388889 0
0 0.367361 0 0.0180556 0
0 0.226389 0 0.0166667 0
0 0.784028 0 0.0180556 0
0 0.643056 0 0.0194444 0
0 0.520833 0 0.0861111 0
0 0.367361 0 0.0180556 0
0 0.226389 0 0.0166667 0
0 0.784028 0 0.0180556 0
0 0.642361 0 0.0180556 0
0 0.522222 0 0.0833333 0
0 0.226389 0 0.0166667 0
0 0.368056 0 0.0166667 0
0 0.784028 0 0.0180556 0
0 0.643056 0 0.0194444 0
0 0.521528 0 0.0847222 0
0 0.367361 0 0.0180556 0
0 0.783333 0 0.0166667 0
0 0.225 0 0.0166667 0
0 0.643056 0 0.0166667 0
0 0.521528 0 0.0791667 0
0 0.366667 0 0.0194444 0
0 0.225 0 0.0166667 0
0 0.784722 0 0.0166667 0
0 0.643056 0 0.0166667 0
0 0.520833 0 0.0833333 0
0 0.366667 0 0.0194444 0
0 0.225 0 0.0166667 0
0 0.784028 0 0.0180556 0
0 0.643056 0 0.0166667 0
0 0.521528 0 0.0819444 0
0 0.367361 0 0.0180556 0
0 0.225 0 0.0166667 0
0 0.784722 0 0.0166667 0
0 0.643056 0 0.0166667 0
0 0.521528 0 0.0819444 0
0 0.784722 0 0.0166667 0
0 0.365972 0 0.0180556 0
0 0.643056 0 0.0194444 0
0 0.520833 0 0.0805556 0
0 0.785417 0 0.0180556 0
0 0.365972 0 0.0180556 0
0 0.643056 0 0.0166667 0
0 0.519444 0 0.0833333 0
0 0.786111 0 0.0194444 0
0 0.365972 0 0.0180556 0
0 0.643056 0 0.0166667 0
0 0.51875 0 0.0819444 0
0 0.786111 0 0.0194444 0
0 0.365972 0 0.0180556 0
0 0.643056 0 0.0166667 0
0 0.519444 0 0.0833333 0
0 0.786111 0 0.0194444 0
0 0.365972 0 0.0180556 0
0 0.643056 0 0.0166667 0
0 0.519444 0 0.0833333 0
0 0.365972 0 0.0180556 0
0 0.643056 0 0.0166667 0
0 0.519444 0 0.0805556 0
0 0.786806 0 0.0180556 0
0 0.643056 0 0.0166667 0
0 0.365278 0 0.0166667 0
0 0.518056 0 0.0833333 0
0 0.222917 0 0.0180556 0
0 0.786806 0 0.0180556 0
0 0.365278 0 0.0166667 0
0 0.64375 0 0.0152778 0
0 0.516667 0 0.0833333 0
0 0.222917 0 0.0180556 0
0 0.786111 0 0.0166667 0
0 0.365278 0 0.0166667 0
0 0.64375 0 0.0152778 0
0 0.515972 0 0.0847222 0
0 0.222917 0 0.0180556 0
0 0.786111 0 0.0166667 0
0 0.365278 0 0.0166667 0
0 0.64375 0 0.0152778 0
0 0.515972 0 0.0847222 0
0 0.785417 0 0.0180556 0
0 0.64375 0 0.0180556 0
0 0.363889 0 0.0166667 0
0 0.517361 0 0.0847222 0
0 0.786806 0 0.0180556 0
0 0.220833 0 0.0166667 0
0 0.364583 0 0.0180556 0
0 0.64375 0 0.0180556 0
0 0.514583 0 0.0875 0
0 0.786806 0 0.0180556 0
0 0.220833 0 0.0166667 0
0 0.364583 0 0.0180556 0
0 0.64375 0 0.0180556 0
0 0.514583 0 0.0875 0
0 0.786806 0 0.0180556 0
0 0.220833 0 0.0166667 0
0 0.364583 0 0.0180556 0
0 0.64375 0 0.0180556 0
0 0.514583 0 0.0875 0
0 0.786806 0 0.0180556 0
0 0.220833 0 0.0166667 0
0 0.364583 0 0.0180556 0
0 0.64375 0 0.0180556 0
0 0.514583 0 0.0875 0
0 0.786806 0 0.0180556 0
0 0.220833 0 0.0166667 0
0 0.364583 0 0.0180556 0
0 0.64375 0 0.0180556 0
0 0.514583 0 0.0875 0
0 0.786806 0 0.0180556 0
0 0.220833 0 0.0166667 0
0 0.364583 0 0.0180556 0
0 0.64375 0 0.0180556 0
0 0.516667 0 0.0861111 0
0 0.219444 0 0.0166667 0
0 0.7875 0 0.0166667 0
0 0.3625 0 0.0194444 0
0 0.643056 0 0.0194444 0
0 0.5125 0 0.0888889 0
0 0.219444 0 0.0166667 0
0 0.786806 0 0.0180556 0
0 0.3625 0 0.0194444 0
0 0.643056 0 0.0194444 0
0 0.5125 0 0.0888889 0
0 0.219444 0 0.0166667 0
0 0.786806 0 0.0180556 0
0 0.3625 0 0.0194444 0
0 0.643056 0 0.0194444 0
0 0.5125 0 0.0888889 0
0 0.21875 0 0.0180556 0
0 0.361806 0 0.0180556 0
0 0.7875 0 0.0166667 0
0 0.643056 0 0.0166667 0
0 0.513194 0 0.0902778 0
0 0.786806 0 0.0180556 0
0 0.501389 0 0.0694444 0
0 0.361806 0 0.0180556 0
0 0.64375 0 0.0180556 0
0 0.513889 0 0.0888889 0
0 0.7875 0 0.0166667 0
0 0.501389 0 0.0694444 0
0 0.361806 0 0.0180556 0
0 0.64375 0 0.0180556 0
0 0.513889 0 0.0888889 0
0 0.786806 0 0.0180556 0
0 0.501389 0 0.0694444 0
0 0.361806 0 0.0180556 0
0 0.64375 0 0.0180556 0
0 0.513889 0 0.0888889 0
0 0.786806 0 0.0180556 0
0 0.501389 0 0.0694444 0
0 0.361806 0 0.0180556 0
0 0.64375 0 0.0180556 0
0 0.513889 0 0.0888889 0
0 0.786806 0 0.0180556 0
0 0.501389 0 0.0694444 0
0 0.361806 0 0.0180556 0
0 0.64375 0 0.0180556 0
0 0.513889 0 0.0888889 0
0 0.501389 0 0.0666667 0
0 0.361806 0 0.0180556 0
0 0.64375 0 0.0180556 0
0 0.513194 0 0.0902778 0
0 0.501389 0 0.0694444 0
0 0.788194 0 0.0180556 0
0 0.361806 0 0.0180556 0
0 0.64375 0 0.0180556 0
0 0.5125 0 0.0916667 0
0 0.217361 0 0.0180556 0
0 0.500694 0 0.0680556 0
0 0.361806 0 0.0180556 0
0 0.788194 0 0.0180556 0
0 0.64375 0 0.0180556 0
0 0.511111 0 0.0916667 0
0 0.217361 0 0.0180556 0
0 0.501389 0 0.0694444 0
0 0.361806 0 0.0180556 0
0 0.788194 0 0.0180556 0
0 0.64375 0 0.0180556 0
0 0.511111 0 0.0916667 0
0 0.217361 0 0.0180556 0
0 0.501389 0 0.0694444 0
0 0.361806 0 0.0180556 0
0 0.788194 0 0.0180556 0
0 0.64375 0 0.0180556 0
0 0.511111 0 0.0916667 0
0 0.501389 0 0.0694444 0
0 0.361806 0 0.0180556 0
0 0.788194 0 0.0180556 0
0 0.64375 0 0.0180556 0
0 0.5125 0 0.0916667 0
0 0.5 0 0.0666667 0
0 0.361111 0 0.0194444 0
0 0.64375 0 0.0180556 0
0 0.510417 0 0.0930556 0
0 0.788194 0 0.0180556 0
0 0.360417 0 0.0180556 0
0 0.5 0 0.0694444 0
0 0.64375 0 0.0180556 0
0 0.509722 0 0.0916667 0
0 0.788194 0 0.0180556 0
0 0.359722 0 0.0166667 0
0 0.499306 0 0.0680556 0
0 0.643056 0 0.0166667 0
0 0.509722 0 0.0916667 0
0 0.788194 0 0.0180556 0
0 0.5 0 0.0694444 0
0 0.359722 0 0.0194444 0
0 0.643056 0 0.0166667 0
0 0.509722 0 0.0916667 0
0 0.5 0 0.0694444 0
0 0.213889 0 0.0166667 0
0 0.788889 0 0.0166667 0
0 0.359028 0 0.0180556 0
0 0.643056 0 0.0166667 0
0 0.508333 0 0.0944444 0
0 0.5 0 0.0666667 0
0 0.788194 0 0.0180556 0
0 0.213889 0 0.0166667 0
0 0.359028 0 0.0180556 0
0 0.643056 0 0.0166667 0
0 0.507639 0 0.0930556 0
0 0.499306 0 0.0680556 0
0 0.788194 0 0.0180556 0
0 0.213889 0 0.0166667 0
0 0.359028 0 0.0180556 0
0 0.643056 0 0.0166667 0
0 0.507639 0 0.0930556 0
0 0.499306 0 0.0680556 0
0 0.788194 0 0.0180556 0
0 0.213889 0 0.0166667 0
0 0.359028 0 0.0180556 0
0 0.643056 0 0.0166667 0
0 0.507639 0 0.0930556 0
0 0.5 0 0.0666667 0
0 0.788194 0 0.0180556 0
0 0.213889 0 0.0166667 0
0 0.359028 0 0.0180556 0
0 0.643056 0 0.0166667 0
0 0.507639 0 0.0930556 0
0 0.788194 0 0.0180556 0
0 0.499306 0 0.0680556 0
0 0.359028 0 0.0180556 0
0 0.213194 0 0.0180556 0
0 0.643056 0 0.0194444 0
0 0.506944 0 0.0916667 0
0 0.7875 0 0.0194444 0
0 0.5 0 0.0666667 0
0 0.2125 0 0.0166667 0
0 0.643056 0 0.0194444 0
0 0.358333 0 0.0166667 0
0 0.506944 0 0.0944444 0
0 0.499306 0 0.0652778 0
0 0.643056 0 0.0194444 0
0 0.358333 0 0.0166667 0
0 0.50625 0 0.0958333 0
0 0.499306 0 0.0652778 0
0 0.643056 0 0.0194444 0
0 0.358333 0 0.0166667 0
0 0.50625 0 0.0958333 0
0 0.499306 0 0.0652778 0
0 0.643056 0 0.0194444 0
0 0.358333 0 0.0166667 0
0 0.50625 0 0.0958333 0
0 0.499306 0 0.0652778 0
0 0.2125 0 0.0194444 0
0 0.788194 0 0.0180556 0
0 0.643056 0 0.0194444 0
0 0.358333 0 0.0166667 0
0 0.505556 0 0.0944444 0
0 0.499306 0 0.0625 0
0 0.789583 0 0.0208333 0
0 0.357639 0 0.0180556 0
0 0.643056 0 0.0194444 0
0 0.502778 0 0.0944444 0
0 0.499306 0 0.0625 0
0 0.789583 0 0.0208333 0
0 0.357639 0 0.0180556 0
0 0.643056 0 0.0194444 0
0 0.502778 0 0.0944444 0
0 0.499306 0 0.0625 0
0 0.789583 0 0.0208333 0
0 0.357639 0 0.0180556 0
0 0.642361 0 0.0180556 0
0 0.502778 0 0.0944444 0
0 0.499306 0 0.0625 0
0 0.789583 0 0.0208333 0
0 0.357639 0 0.0180556 0
0 0.643056 0 0.0194444 0
0 0.502778 0 0.0944444 0
0 0.498611 0 0.0638889 0
0 0.789583 0 0.0180556 0
0 0.357639 0 0.0180556 0
0 0.642361 0 0.0180556 0
0 0.502083 0 0.0930556 0
0 0.788889 0 0.0194444 0
0 0.35625 0 0.0180556 0
0 0.642361 0 0.0180556 0
0 0.498611 0 0.0972222 0
0 0.788889 0 0.0194444 0
0 0.35625 0 0.0180556 0
0 0.642361 0 0.0180556 0
0 0.498611 0 0.0972222 0
0 0.788889 0 0.0194444 0
0 0.35625 0 0.0180556 0
0 0.642361 0 0.0180556 0
0 0.498611 0 0.0972222 0
0 0.788889 0 0.0194444 0
0 0.35625 0 0.0180556 0
0 0.642361 0 0.0180556 0
0 0.498611 0 0.0972222 0
0 0.355556 0 0.0166667 0
0 0.498611 0 0.0611111 0
0 0.788889 0 0.0166667 0
0 0.643056 0 0.0194444 0
0 0.498611 0 0.0972222 0
0 0.209722 0 0.0194444 0
0 0.355556 0 0.0194444 0
0 0.788889 0 0.0166667 0
0 0.643056 0 0.0194444 0
0 0.498611 0 0.0972222 0
0 0.498611 0 0.0611111 0
0 0.355556 0 0.0194444 0
0 0.788889 0 0.0166667 0
0 0.643056 0 0.0194444 0
0 0.498611 0 0.0972222 0
0 0.498611 0 0.0611111 0
0 0.209722 0 0.0194444 0
0 0.355556 0 0.0194444 0
0 0.788889 0 0.0166667 0
0 0.643056 0 0.0194444 0
0 0.498611 0 0.0972222 0
0 0.209722 0 0.0194444 0
0 0.498611 0 0.0611111 0
0 0.355556 0 0.0194444 0
0 0.788889 0 0.0166667 0
0 0.643056 0 0.0194444 0
0 0.498611 0 0.0972222 0
0 0.209028 0 0.0180556 0
0 0.354861 0 0.0180556 0
0 0.788194 0 0.0180556 0
0 0.641667 0 0.0194444 0
0 0.493056 0 0.102778 0
0 0.208333 0 0.0166667 0
0 0.354861 0 0.0180556 0
0 0.788194 0 0.0180556 0
0 0.642361 0 0.0180556 0
0 0.493056 0 0.102778 0
0 0.354861 0 0.0180556 0
0 0.208333 0 0.0166667 0
0 0.788194 0 0.0180556 0
0 0.642361 0 0.0180556 0
0 0.493056 0 0.102778 0
0 0.208333 0 0.0166667 0
0 0.354861 0 0.0180556 0
0 0.788194 0 0.0180556 0
0 0.642361 0 0.0180556 0
0 0.49375 0 0.101389 0
0 0.497222 0 0.0638889 0
0 0.354861 0 0.0180556 0
0 0.788194 0 0.0180556 0
0 0.208333 0 0.0166667 0
0 0.641667 0 0.0194444 0
0 0.492361 0 0.101389 0
0 0.497222 0 0.0638889 0
0 0.354861 0 0.0180556 0
0 0.207639 0 0.0152778 0
0 0.788889 0 0.0166667 0
0 0.642361 0 0.0180556 0
0 0.492361 0 0.101389 0
0 0.496528 0 0.0652778 0
0 0.354167 0 0.0194444 0
0 0.788889 0 0.0166667 0
0 0.207639 0 0.0152778 0
0 0.642361 0 0.0180556 0
0 0.492361 0 0.101389 0
0 0.496528 0 0.0652778 0
0 0.354167 0 0.0194444 0
0 0.788889 0 0.0166667 0
0 0.207639 0 0.0152778 0
0 0.641667 0 0.0194444 0
0 0.492361 0 0.101389 0
0 0.497222 0 0.0638889 0
0 0.354167 0 0.0194444 0
0 0.788889 0 0.0166667 0
0 0.207639 0 0.0152778 0
0 0.642361 0 0.0180556 0
0 0.492361 0 0.101389 0
0 0.496528 0 0.0652778 0
0 0.207639 0 0.0152778 0
0 0.788889 0 0.0166667 0
0 0.641667 0 0.0194444 0
0 0.491667 0 0.1 0
0 0.352778 0 0.0194444 0
0 0.496528 0 0.0625 0
0 0.788194 0 0.0152778 0
0 0.641667 0 0.0194444 0
0 0.489583 0 0.1125 0
0 0.496528 0 0.0625 0
0 0.352778 0 0.0194444 0
0 0.788194 0 0.0152778 0
0 0.641667 0 0.0194444 0
0 0.488889 0 0.113889 0
0 0.496528 0 0.0625 0
0 0.352778 0 0.0194444 0
0 0.788194 0 0.0152778 0
0 0.641667 0 0.0194444 0
0 0.489583 0 0.1125 0
0 0.352778 0 0.0194444 0
0 0.496528 0 0.0625 0
0 0.788194 0 0.0152778 0
0 0.488889 0 0.113889 0
0 0.641667 0 0.0194444 0
0 0.352778 0 0.0194444 0
0 0.788889 0 0.0166667 0
0 0.641667 0 0.0194444 0
0 0.489583 0 0.1125 0
0 0.495833 0 0.0638889 0
0 0.353472 0 0.0180556 0
0 0.641667 0 0.0194444 0
0 0.788194 0 0.0152778 0
0 0.4875 0 0.0972222 0
0 0.495833 0 0.0611111 0
0 0.352778 0 0.0194444 0
0 0.641667 0 0.0194444 0
0 0.788194 0 0.0152778 0
0 0.486111 0 0.102778 0
0 0.495833 0 0.0611111 0
0 0.352778 0 0.0194444 0
0 0.641667 0 0.0194444 0
0 0.788194 0 0.0152778 0
0 0.486111 0 0.102778 0
0 0.495833 0 0.0611111 0
0 0.352778 0 0.0194444 0
0 0.641667 0 0.0194444 0
0 0.788194 0 0.0152778 0
0 0.486111 0 0.102778 0
0 0.788194 0 0.0152778 0
0 0.641667 0 0.0194444 0
0 0.352083 0 0.0180556 0
0 0.486111 0 0.0972222 0
0 0.788194 0 0.0152778 0
0 0.352083 0 0.0180556 0
0 0.641667 0 0.0194444 0
0 0.486111 0 0.0972222 0
0 0.788194 0 0.0152778 0
0 0.641667 0 0.0194444 0
0 0.352083 0 0.0180556 0
0 0.486111 0 0.0972222 0
0 0.788194 0 0.0152778 0
0 0.641667 0 0.0194444 0
0 0.352083 0 0.0180556 0
0 0.486111 0 0.0972222 0
0 0.788194 0 0.0152778 0
0 0.641667 0 0.0194444 0
0 0.352083 0 0.0180556 0
0 0.486111 0 0.0972222 0
0 0.788194 0 0.0152778 0
0 0.352083 0 0.0180556 0
0 0.641667 0 0.0194444 0
0 0.486111 0 0.1 0
0 0.788194 0 0.0152778 0
0 0.640972 0 0.0208333 0
0 0.351389 0 0.0194444 0
0 0.486111 0 0.0972222 0
0 0.788194 0 0.0152778 0
0 0.640972 0 0.0208333 0
0 0.351389 0 0.0194444 0
0 0.486111 0 0.0972222 0
0 0.788194 0 0.0152778 0
0 0.640972 0 0.0208333 0
0 0.351389 0 0.0194444 0
0 0.486111 0 0.0972222 0
0 0.788194 0 0.0152778 0
0 0.640972 0 0.0208333 0
0 0.351389 0 0.0194444 0
0 0.486111 0 0.0972222 0
0 0.788194 0 0.0152778 0
0 0.640972 0 0.0208333 0
0 0.350694 0 0.0180556 0
0 0.485417 0 0.0958333 0
0 0.640972 0 0.0208333 0
0 0.350694 0 0.0180556 0
0 0.485417 0 0.0958333 0
0 0.640972 0 0.0208333 0
0 0.350694 0 0.0180556 0
0 0.485417 0 0.0958333 0
0 0.640972 0 0.0208333 0
0 0.350694 0 0.0180556 0
0 0.485417 0 0.0958333 0
0 0.640972 0 0.0208333 0
0 0.350694 0 0.0180556 0
0 0.485417 0 0.0958333 0
0 0.788194 0 0.0152778 0
0 0.640972 0 0.0208333 0
0 0.350694 0 0.0180556 0
0 0.485417 0 0.0958333 0
0 0.788194 0 0.0152778 0
0 0.350694 0 0.0180556 0
0 0.640972 0 0.0208333 0
0 0.484028 0 0.0958333 0
0 0.350694 0 0.0180556 0
0 0.640972 0 0.0208333 0
0 0.484028 0 0.0958333 0
0 0.350694 0 0.0180556 0
0 0.640972 0 0.0208333 0
0 0.484028 0 0.0958333 0
0 0.350694 0 0.0180556 0
0 0.640972 0 0.0208333 0
0 0.484028 0 0.0958333 0
0 0.350694 0 0.0180556 0
0 0.640278 0 0.0194444 0
0 0.484028 0 0.0958333 0
0 0.35 0 0.0166667 0
0 0.640278 0 0.0194444 0
0 0.483333 0 0.0944444 0
0 0.35 0 0.0166667 0
0 0.640278 0 0.0194444 0
0 0.483333 0 0.0972222 0
0 0.35 0 0.0166667 0
0 0.640278 0 0.0194444 0
0 0.483333 0 0.0972222 0
0 0.35 0 0.0166667 0
0 0.640278 0 0.0194444 0
0 0.483333 0 0.0972222 0
0 0.349306 0 0.0180556 0
0 0.640972 0 0.0180556 0
0 0.484028 0 0.0930556 0
0 0.349306 0 0.0180556 0
0 0.640972 0 0.0180556 0
0 0.482639 0 0.0986111 0
0 0.349306 0 0.0180556 0
0 0.640972 0 0.0180556 0
0 0.482639 0 0.0986111 0
0 0.349306 0 0.0180556 0
0 0.640972 0 0.0180556 0
0 0.482639 0 0.0986111 0
0 0.349306 0 0.0180556 0
0 0.640972 0 0.0180556 0
0 0.482639 0 0.0986111 0
0 0.640972 0 0.0180556 0
0 0.482639 0 0.0986111 0
0 0.349306 0 0.0180556 0
0 0.640972 0 0.0180556 0
0 0.480556 0 0.102778 0
0 0.349306 0 0.0180556 0
0 0.640972 0 0.0180556 0
0 0.480556 0 0.102778 0
0 0.349306 0 0.0180556 0
0 0.640972 0 0.0180556 0
0 0.480556 0 0.102778 0
0 0.349306 0 0.0180556 0
0 0.640972 0 0.0180556 0
0 0.480556 0 0.102778 0
0 0.349306 0 0.0180556 0
0 0.640972 0 0.0180556 0
0 0.480556 0 0.102778 0
0 0.349306 0 0.0180556 0
0 0.640972 0 0.0180556 0
0 0.480556 0 0.105556 0
0 0.640972 0 0.0180556 0
0 0.480556 0 0.1 0
0 0.640972 0 0.0180556 0
0 0.479861 0 0.106944 0
0 0.640972 0 0.0180556 0
0 0.479167 0 0.105556 0
0 0.640972 0 0.0180556 0
0 0.479861 0 0.106944 0
0 0.348611 0 0.0194444 0
0 0.640972 0 0.0180556 0
0 0.48125 0 0.104167 0
0 0.348611 0 0.0194444 0
0 0.640972 0 0.0180556 0
0 0.480556 0 0.108333 0
0 0.348611 0 0.0194444 0
0 0.640972 0 0.0180556 0
0 0.479861 0 0.106944 0
0 0.348611 0 0.0194444 0
0 0.640972 0 0.0180556 0
0 0.480556 0 0.108333 0
0 0.348611 0 0.0194444 0
0 0.640972 0 0.0180556 0
0 0.48125 0 0.109722 0
0 0.348611 0 0.0194444 0
0 0.640972 0 0.0180556 0
0 0.486111 0 0.102778 0
0 0.348611 0 0.0194444 0
0 0.640972 0 0.0180556 0
0 0.4875 0 0.102778 0
0 0.348611 0 0.0194444 0
0 0.640972 0 0.0180556 0
0 0.4875 0 0.102778 0
0 0.348611 0 0.0194444 0
0 0.640972 0 0.0180556 0
0 0.4875 0 0.102778 0
0 0.640972 0 0.0180556 0
0 0.4875 0 0.1 0
0 0.640972 0 0.0180556 0
0 0.488889 0 0.1 0
0 0.640972 0 0.0180556 0
0 0.490278 0 0.0972222 0
0 0.640972 0 0.0180556 0
0 0.490278 0 0.0972222 0
0 0.640972 0 0.0180556 0
0 0.490278 0 0.0972222 0
0 0.640972 0 0.0180556 0
0 0.490278 0 0.0972222 0
0 0.640972 0 0.0180556 0
0 0.490278 0 0.0972222 0
0 0.640972 0 0.0180556 0
0 0.490278 0 0.0944444 0
0 0.640972 0 0.0180556 0
0 0.490972 0 0.0986111 0
0 0.640972 0 0.0180556 0
0 0.490972 0 0.0986111 0
0 0.640972 0 0.0180556 0
0 0.490972 0 0.0986111 0
0 0.640972 0 0.0180556 0
0 0.490972 0 0.0986111 0
0 0.640972 0 0.0180556 0
0 0.491667 0 0.0944444 0
0 0.640972 0 0.0180556 0
0 0.491667 0 0.0944444 0
0 0.640972 0 0.0180556 0
0 0.491667 0 0.0972222 0
0 0.640972 0 0.0180556 0
0 0.491667 0 0.0972222 0
0 0.639583 0 0.0208333 0
0 0.491667 0 0.0972222 0
0 0.348611 0 0.0194444 0
0 0.640278 0 0.0194444 0
0 0.491667 0 0.0944444 0
0 0.491667 0 0.0944444 0
0 0.640972 0 0.0180556 0
0 0.492361 0 0.0986111 0
0 0.640972 0 0.0180556 0
0 0.492361 0 0.0986111 0
0 0.641667 0 0.0166667 0
0 0.492361 0 0.101389 0
0 0.641667 0 0.0166667 0
0 0.492361 0 0.101389 0
0 0.641667 0 0.0166667 0
0 0.492361 0 0.101389 0
0 0.640972 0 0.0152778 0
0 0.490972 0 0.104167 0
0 0.491667 0 0.102778 0
0 0.640972 0 0.0152778 0
0 0.488889 0 0.105556 0
0 0.640972 0 0.0152778 0
0 0.488889 0 0.105556 0
0 0.640972 0 0.0152778 0
0 0.488889 0 0.105556 0
0 0.490972 0 0.101389 0
0 0.489583 0 0.104167 0
0 0.485417 0 0.109722 0
0 0.485417 0 0.109722 0
0 0.641667 0 0.0166667 0
0 0.484722 0 0.108333 0
0 0.641667 0 0.0166667 0
0 0.484722 0 0.108333 0
0 0.640972 0 0.0152778 0
0 0.484722 0 0.108333 0
0 0.484722 0 0.108333 0
0 0.486111 0 0.105556 0
0 0.484722 0 0.105556 0
0 0.484028 0 0.104167 0
0 0.484028 0 0.104167 0
0 0.484028 0 0.104167 0
0 0.484028 0 0.104167 0
0 0.484028 0 0.104167 0
0 0.484028 0 0.104167 0
0 0.484028 0 0.104167 0
0 0.484028 0 0.104167 0
0 0.484028 0 0.104167 0
0 0.484028 0 0.104167 0
0 0.484028 0 0.104167 0
0 0.484028 0 0.104167 0
0 0.484028 0 0.104167 0
0 0.484028 0 0.104167 0
0 0.484028 0 0.104167 0
0 0.484028 0 0.104167 0
0 0.484028 0 0.104167 0
0 0.484028 0 0.104167 0
0 0.484028 0 0.104167 0
0 0.484028 0 0.104167 0
0 0.484028 0 0.104167 0
0 0.484028 0 0.104167 0
0 0.484028 0 0.104167 0
0 0.484028 0 0.104167 0
0 0.484028 0 0.104167 0
0 0.484028 0 0.104167 0
0 0.484028 0 0.104167 0
0 0.484028 0 0.104167 0
0 0.484028 0 0.104167 0
0 0.484028 0 0.104167 0
0 0.484028 0 0.104167 0
0 0.484028 0 0.104167 0
0 0.484028 0 0.104167 0
0 0.484028 0 0.104167 0
0 0.484028 0 0.104167 0
0 0.484028 0 0.104167 0
0 0.484028 0 0.104167 0
0 0.484028 0 0.104167 0
0 0.484028 0 0.104167 0
0 0.484028 0 0.104167 0
0 0.484028 0 0.104167 0
0 0.484028 0 0.104167 0
0 0.484028 0 0.104167 0
0 0.484028 0 0.104167 0
0 0.484028 0 0.104167 0
0 0.484028 0 0.104167 0
0 0.484028 0 0.104167 0
