0 0.513889 0 0.0694444 0
0 0.269444 0 0.00833333 0
0 0.269444 0 0.00833333 0
0 0.514583 0 0.0708333 0
0 0.514583 0 0.0708333 0
0 0.269444 0 0.00833333 0
0 0.513889 0 0.0694444 0
0 0.26875 0 0.00694444 0
0 0.513889 0 0.0694444 0
0 0.514583 0 0.0708333 0
0 0.514583 0 0.0680556 0
0 0.26875 0 0.00694444 0
0 0.514583 0 0.0708333 0
0 0.514583 0 0.0708333 0
0 0.515278 0 0.0694444 0
0 0.514583 0 0.0708333 0
0 0.514583 0 0.0708333 0
0 0.514583 0 0.0708333 0
0 0.514583 0 0.0708333 0
0 0.515278 0 0.0722222 0
0 0.515278 0 0.0722222 0
0 0.515278 0 0.0722222 0
0 0.515278 0 0.0722222 0
0 0.515278 0 0.0722222 0
0 0.515972 0 0.0708333 0
0 0.515972 0 0.0708333 0
0 0.515972 0 0.0708333 0
0 0.515972 0 0.0708333 0
0 0.515972 0 0.0708333 0
0 0.516667 0 0.0722222 0
0 0.515972 0 0.0708333 0
0 0.514583 0 0.0708333 0
0 0.513889 0 0.0694444 0
0 0.513889 0 0.0694444 0
0 0.513889 0 0.0694444 0
0 0.513889 0 0.0694444 0
0 0.513889 0 0.0694444 0
0 0.513889 0 0.0694444 0
0 0.514583 0 0.0708333 0
0 0.514583 0 0.0708333 0
0 0.513889 0 0.0694444 0
0 0.513889 0 0.0694444 0
0 0.514583 0 0.0708333 0
0 0.513889 0 0.0694444 0
0 0.514583 0 0.0708333 0
0 0.514583 0 0.0708333 0
0 0.514583 0 0.0708333 0
0 0.514583 0 0.0708333 0
0 0.514583 0 0.0708333 0
0 0.514583 0 0.0708333 0
0 0.514583 0 0.0708333 0
0 0.514583 0 0.0708333 0
0 0.514583 0 0.0708333 0
0 0.514583 0 0.0708333 0
0 0.514583 0 0.0708333 0
0 0.514583 0 0.0708333 0
0 0.514583 0 0.0708333 0
0 0.514583 0 0.0708333 0
0 0.514583 0 0.0708333 0
0 0.515278 0 0.0722222 0
0 0.514583 0 0.0708333 0
0 0.514583 0 0.0708333 0
0 0.515278 0 0.0722222 0
0 0.514583 0 0.0708333 0
0 0.514583 0 0.0708333 0
0 0.514583 0 0.0708333 0
0 0.514583 0 0.0708333 0
0 0.514583 0 0.0708333 0
0 0.514583 0 0.0708333 0
0 0.514583 0 0.0708333 0
0 0.514583 0 0.0708333 0
0 0.514583 0 0.0708333 0
0 0.514583 0 0.0708333 0
0 0.514583 0 0.0708333 0
0 0.514583 0 0.0708333 0
0 0.514583 0 0.0708333 0
0 0.513889 0 0.0694444 0
0 0.514583 0 0.0708333 0
0 0.514583 0 0.0708333 0
0 0.513889 0 0.0694444 0
0 0.513889 0 0.0694444 0
0 0.513889 0 0.0694444 0
0 0.513889 0 0.0694444 0
0 0.514583 0 0.0708333 0
0 0.514583 0 0.0708333 0
0 0.513889 0 0.0694444 0
0 0.513889 0 0.0694444 0
0 0.513889 0 0.0694444 0
0 0.513889 0 0.0694444 0
0 0.513889 0 0.0694444 0
0 0.513889 0 0.0694444 0
0 0.513889 0 0.0694444 0
0 0.514583 0 0.0708333 0
0 0.514583 0 0.0708333 0
0 0.514583 0 0.0708333 0
0 0.514583 0 0.0708333 0
0 0.514583 0 0.0708333 0
0 0.514583 0 0.0708333 0
0 0.514583 0 0.0708333 0
0 0.514583 0 0.0708333 0
0 0.514583 0 0.0708333 0
0 0.514583 0 0.0708333 0
0 0.514583 0 0.0708333 0
0 0.514583 0 0.0708333 0
0 0.514583 0 0.0708333 0
0 0.514583 0 0.0708333 0
0 0.514583 0 0.0708333 0
0 0.514583 0 0.0708333 0
0 0.514583 0 0.0708333 0
0 0.514583 0 0.0708333 0
0 0.514583 0 0.0708333 0
0 0.514583 0 0.0708333 0
0 0.514583 0 0.0708333 0
0 0.514583 0 0.0708333 0
0 0.514583 0 0.0708333 0
0 0.514583 0 0.0708333 0
0 0.514583 0 0.0708333 0
0 0.514583 0 0.0708333 0
0 0.514583 0 0.0708333 0
0 0.514583 0 0.0708333 0
0 0.514583 0 0.0708333 0
0 0.513889 0 0.0694444 0
0 0.513889 0 0.0694444 0
0 0.513889 0 0.0694444 0
0 0.26875 0 0.00694444 0
0 0.26875 0 0.00694444 0
0 0.26875 0 0.00694444 0
0 0.26875 0 0.00694444 0
0 0.269444 0 0.00833333 0
0 0.270139 0 0.00694444 0
0 0.269444 0 0.00833333 0
0 0.269444 0 0.00833333 0
0 0.269444 0 0.00833333 0
0 0.269444 0 0.00833333 0
0 0.270139 0 0.00694444 0
0 0.270139 0 0.00694444 0
0 0.270139 0 0.00694444 0
0 0.270139 0 0.00694444 0
0 0.270139 0 0.00694444 0
0 0.26875 0 0.00694444 0
0 0.26875 0 0.00694444 0
0 0.26875 0 0.00694444 0
0 0.269444 0 0.00833333 0
0 0.514583 0 0.0708333 0
0 0.514583 0 0.0708333 0
0 0.26875 0 0.00694444 0
0 0.26875 0 0.00694444 0
0 0.515278 0 0.0722222 0
0 0.26875 0 0.00694444 0
0 0.26875 0 0.00694444 0
0 0.26875 0 0.00694444 0
0 0.26875 0 0.00694444 0
0 0.269444 0 0.00833333 0
0 0.269444 0 0.00833333 0
0 0.269444 0 0.00833333 0
0 0.269444 0 0.00833333 0
0 0.58125 0 0.0402778 0
0 0.58125 0 0.0402778 0
0 0.58125 0 0.0402778 0
0 0.579861 0 0.0402778 0
0 0.577778 0 0.0416667 0
0 0.574306 0 0.0402778 0
0 0.571528 0 0.0402778 0
0 0.571528 0 0.0402778 0
0 0.567361 0 0.0430556 0
0 0.563889 0 0.0416667 0
0 0.561111 0 0.0416667 0
0 0.560417 0 0.0402778 0
0 0.559722 0 0.0416667 0
0 0.559722 0 0.0416667 0
0 0.559722 0 0.0416667 0
0 0.558333 0 0.0416667 0
0 0.558333 0 0.0416667 0
0 0.554861 0 0.0402778 0
0 0.553472 0 0.0430556 0
0 0.550694 0 0.0430556 0
0 0.547917 0 0.0430556 0
0 0.545833 0 0.0416667 0
0 0.542361 0 0.0402778 0
0 0.541667 0 0.0416667 0
0 0.540972 0 0.0402778 0
0 0.540972 0 0.0402778 0
0 0.540972 0 0.0402778 0
0 0.538889 0 0.0416667 0
0 0.538889 0 0.0416667 0
0 0.5375 0 0.0416667 0
0 0.536111 0 0.0416667 0
0 0.535417 0 0.0402778 0
0 0.533333 0 0.0416667 0
0 0.532639 0 0.0402778 0
0 0.53125 0 0.0375 0
0 0.53125 0 0.0375 0
0 0.53125 0 0.0375 0
0 0.53125 0 0.0375 0
0 0.53125 0 0.0375 0
0 0.53125 0 0.0375 0
0 0.53125 0 0.0375 0
0 0.53125 0 0.0375 0
0 0.53125 0 0.0375 0
0 0.53125 0 0.0375 0
0 0.53125 0 0.0375 0
0 0.53125 0 0.0375 0
0 0.53125 0 0.0375 0
0 0.53125 0 0.0375 0
0 0.53125 0 0.0375 0
0 0.53125 0 0.0375 0
0 0.53125 0 0.0375 0
0 0.53125 0 0.0375 0
0 0.53125 0 0.0375 0
0 0.53125 0 0.0375 0
0 0.530556 0 0.0388889 0
0 0.530556 0 0.0388889 0
0 0.530556 0 0.0388889 0
0 0.530556 0 0.0388889 0
0 0.530556 0 0.0388889 0
0 0.530556 0 0.0388889 0
0 0.530556 0.5 0.0361111 1
0 0.529167 0.5 0.0361111 1
0 0.528472 0.5 0.0347222 1
0 0.527083 0.5 0.0319444 1
0 0.527083 0.5 0.0319444 1
0 0.518056 0.5 0.05 1
0 0.514583 0.5 0.0541667 1
0 0.509722 0.5 0.0555556 1
0 0.507639 0.5 0.0541667 1
0 0.507639 0.5 0.0541667 1
0 0.507639 0.5 0.0541667 1
0 0.506944 0.5 0.0527778 1
0 0.504861 0.5 0.0513889 1
0 0.502778 0.5 0.05 1
0 0.502778 0.5 0.0527778 1
0 0.501389 0.5 0.0555556 1
0 0.5 0.5 0.0583333 1
0 0.5 0.5 0.0583333 1
0 0.497222 0.5 0.0583333 1
0 0.497917 0.5 0.0569444 1
0 0.497917 0.5 0.0569444 1
0 0.497917 0.5 0.0569444 1
0 0.498611 0.5 0.0555556 1
0 0.498611 0.5 0.0555556 1
0 0.5 0.5 0.0555556 1
0 0.500694 0 0.0402778 0
0 0.5 0.5 0.05 1
0 0.50625 0 0.0375 0
0 0.502778 0.5 0.05 1
0 0.50625 0 0.0375 0
0 0.502778 0.5 0.05 1
0 0.506944 0.5 0.0527778 1
0 0.510417 0 0.0402778 0
0 0.5125 0 0.0388889 0
0 0.515278 0 0.0388889 0
0 0.518056 0 0.0361111 0
0 0.518056 0 0.0361111 0
0 0.518056 0 0.0361111 0
0 0.518056 0 0.0388889 0
0 0.520139 0 0.0402778 0
0 0.520833 0 0.0388889 0
0 0.524306 0 0.0402778 0
0 0.526389 0 0.0416667 0
0 0.527083 0 0.0402778 0
0 0.527083 0 0.0402778 0
0 0.527083 0 0.0402778 0
0 0.528472 0 0.0402778 0
0 0.529861 0 0.0402778 0
0 0.530556 0 0.0416667 0
0 0.531944 0 0.0416667 0
0 0.532639 0 0.0402778 0
0 0.534028 0 0.0402778 0
0 0.534722 0 0.0388889 0
0 0.536111 0 0.0472222 0
0 0.5375 0 0.0416667 0
0 0.5375 0 0.0416667 0
0 0.538889 0 0.0416667 0
0 0.540278 0 0.0416667 0
0 0.540972 0 0.0430556 0
0 0.542361 0 0.0402778 0
0 0.543056 0 0.0388889 0
0 0.545833 0 0.0388889 0
0 0.547222 0 0.0388889 0
0 0.549306 0 0.0430556 0
0 0.55 0 0.0416667 0
0 0.55 0 0.0416667 0
0 0.552083 0 0.0402778 0
0 0.553472 0 0.0402778 0
0 0.554861 0 0.0402778 0
0 0.554861 0 0.0402778 0
0 0.554167 0 0.0388889 0
0 0.554167 0 0.0416667 0
0 0.550694 0 0.0402778 0
0 0.549306 0 0.0402778 0
0 0.544444 0 0.0388889 0
0 0.540972 0 0.0402778 0
0 0.540972 0 0.0402778 0
0 0.538194 0 0.0402778 0
0 0.536806 0 0.0402778 0
0 0.536111 0 0.0388889 0
0 0.535417 0 0.0402778 0
0 0.532639 0 0.0375 0
0 0.532639 0 0.0375 0
0 0.530556 0 0.0388889 0
0 0.529861 0 0.0375 0
0 0.529861 0 0.0375 0
0 0.529167 0 0.0361111 0
0 0.528472 0.5 0.0375 1
0 0.528472 0.5 0.0375 1
0 0.526389 0.5 0.0361111 1
0 0.525694 0.5 0.0375 1
0 0.525694 0 0.0375 0
0 0.525694 0 0.0375 0
0 0.524306 0 0.0375 0
0 0.524306 0 0.0375 0
0 0.523611 0 0.0388889 0
0 0.523611 0 0.0388889 0
0 0.523611 0 0.0388889 0
0 0.522917 0 0.0402778 0
0 0.520139 0 0.0375 0
0 0.51875 0 0.0375 0
0 0.518056 0 0.0361111 0
0 0.516667 0 0.0388889 0
0 0.516667 0 0.0388889 0
0 0.515278 0 0.0388889 0
0 0.515278 0 0.0388889 0
0 0.513889 0 0.0388889 0
0 0.511806 0 0.0402778 0
0 0.510417 0 0.0402778 0
0 0.510417 0 0.0402778 0
0 0.509722 0 0.0388889 0
0 0.509722 0 0.0388889 0
0 0.510417 0 0.0402778 0
0 0.511111 0 0.0388889 0
0 0.511111 0 0.0388889 0
0 0.511806 0 0.0402778 0
0 0.5125 0 0.0416667 0
0 0.5125 0 0.0416667 0
0 0.513194 0 0.0402778 0
0 0.513194 0 0.0402778 0
0 0.515972 0 0.0402778 0
0 0.517361 0 0.0402778 0
0 0.522917 0 0.0402778 0
0 0.524306 0 0.0402778 0
0 0.525 0 0.0416667 0
0 0.525 0 0.0416667 0
0 0.525694 0 0.0402778 0
0 0.527083 0 0.0402778 0
0 0.527083 0 0.0402778 0
0 0.527083 0 0.0402778 0
0 0.527083 0 0.0402778 0
0 0.527083 0 0.0402778 0
0 0.527083 0 0.0402778 0
0 0.527083 0 0.0402778 0
0 0.527778 0 0.0416667 0
0 0.529167 0 0.0416667 0
0 0.529861 0 0.0402778 0
0 0.530556 0 0.0416667 0
0 0.530556 0 0.0416667 0
0 0.53125 0 0.0402778 0
0 0.53125 0 0.0402778 0
0 0.532639 0 0.0402778 0
0 0.533333 0 0.0416667 0
0 0.533333 0 0.0416667 0
0 0.534028 0 0.0402778 0
0 0.533333 0 0.0416667 0
0 0.533333 0 0.0416667 0
0 0.533333 0 0.0416667 0
0 0.533333 0 0.0416667 0
0 0.534028 0 0.0402778 0
0 0.534028 0 0.0402778 0
0 0.534028 0 0.0402778 0
0 0.535417 0 0.0402778 0
0 0.535417 0 0.0402778 0
0 0.535417 0 0.0375 0
0 0.536111 0 0.0416667 0
0 0.536806 0 0.0402778 0
0 0.538194 0 0.0402778 0
0 0.538194 0 0.0402778 0
0 0.538194 0 0.0402778 0
0 0.538194 0 0.0402778 0
0 0.538194 0 0.0402778 0
0 0.538194 0 0.0402778 0
0 0.538194 0 0.0402778 0
0 0.538889 0 0.0388889 0
0 0.539583 0 0.0402778 0
0 0.539583 0 0.0402778 0
0 0.540278 0 0.0388889 0
0 0.540972 0 0.0402778 0
0 0.540972 0 0.0402778 0
0 0.540972 0 0.0402778 0
0 0.540972 0 0.0402778 0
0 0.540972 0 0.0402778 0
0 0.540972 0 0.0402778 0
0 0.540972 0 0.0402778 0
0 0.540972 0 0.0402778 0
0 0.540972 0 0.0402778 0
0 0.540972 0 0.0402778 0
0 0.538889 0 0.0388889 0
0 0.536806 0 0.0402778 0
0 0.536806 0 0.0402778 0
0 0.534722 0 0.0388889 0
0 0.53125 0 0.0375 0
0 0.53125 0 0.0375 0
0 0.53125 0 0.0375 0
0 0.53125 0 0.0375 0
0 0.530556 0 0.0388889 0
0 0.530556 0 0.0388889 0
0 0.529861 0 0.0402778 0
0 0.529167 0 0.0388889 0
0 0.528472 0 0.0402778 0
0 0.528472 0 0.0402778 0
0 0.528472 0 0.0402778 0
0 0.527083 0 0.0402778 0
0 0.527083 0 0.0402778 0
0 0.526389 0 0.0388889 0
0 0.525 0 0.0388889 0
0 0.525694 0 0.0402778 0
0 0.525694 0 0.0402778 0
0 0.525 0 0.0388889 0
0 0.525 0 0.0388889 0
0 0.525 0 0.0416667 0
0 0.525 0 0.0416667 0
0 0.525 0 0.0416667 0
0 0.524306 0 0.0402778 0
0 0.524306 0 0.0402778 0
0 0.523611 0 0.0416667 0
0 0.523611 0 0.0416667 0
0 0.523611 0 0.0388889 0
0 0.522917 0 0.0375 0
0 0.523611 0 0.0388889 0
0 0.523611 0 0.0388889 0
0 0.523611 0 0.0388889 0
0 0.522917 0 0.0375 0
0 0.522917 0 0.0375 0
0 0.523611 0 0.0388889 0
0 0.522222 0 0.0388889 0
0 0.521528 0 0.0402778 0
0 0.521528 0 0.0402778 0
0 0.521528 0 0.0402778 0
0 0.522222 0 0.0388889 0
0 0.520833 0 0.0388889 0
0 0.520833 0 0.0388889 0
0 0.520139 0 0.0402778 0
0 0.520833 0 0.0416667 0
0 0.520833 0 0.0416667 0
0 0.520833 0 0.0416667 0
0 0.520833 0 0.0416667 0
0 0.520833 0 0.0416667 0
0 0.520139 0 0.0430556 0
0 0.520139 0 0.0430556 0
0 0.520139 0 0.0430556 0
0 0.51875 0 0.0402778 0
0 0.51875 0 0.0402778 0
0 0.520833 0 0.0416667 0
0 0.520833 0 0.0416667 0
0 0.520833 0 0.0416667 0
0 0.520833 0 0.0416667 0
0 0.520833 0 0.0416667 0
0 0.520833 0 0.0416667 0
0 0.522917 0 0.0402778 0
0 0.522917 0 0.0402778 0
0 0.524306 0 0.0402778 0
0 0.525 0 0.0388889 0
0 0.527083 0 0.0402778 0
0 0.527083 0 0.0402778 0
0 0.528472 0 0.0402778 0
0 0.528472 0 0.0402778 0
0 0.528472 0 0.0402778 0
0 0.529167 0 0.0416667 0
0 0.529167 0 0.0416667 0
0 0.528472 0 0.0402778 0
0 0.528472 0 0.0402778 0
0 0.529861 0 0.0402778 0
0 0.529861 0 0.0402778 0
0 0.530556 0 0.0416667 0
0 0.530556 0 0.0416667 0
0 0.53125 0 0.0402778 0
0 0.531944 0 0.0388889 0
0 0.531944 0 0.0388889 0
0 0.53125 0 0.0402778 0
0 0.531944 0 0.0388889 0
0 0.532639 0 0.0402778 0
0 0.532639 0 0.0402778 0
0 0.532639 0 0.0402778 0
0 0.533333 0 0.0388889 0
0 0.533333 0 0.0388889 0
0 0.533333 0 0.0388889 0
0 0.533333 0 0.0388889 0
0 0.533333 0 0.0388889 0
0 0.533333 0 0.0388889 0
0 0.533333 0 0.0388889 0
0 0.533333 0 0.0388889 0
0 0.533333 0 0.0388889 0
0 0.533333 0 0.0388889 0
0 0.533333 0 0.0416667 0
0 0.534028 0 0.0402778 0
0 0.534028 0 0.0402778 0
0 0.534028 0 0.0402778 0
0 0.534028 0 0.0402778 0
0 0.534028 0 0.0402778 0
0 0.534028 0 0.0402778 0
0 0.534028 0 0.0402778 0
0 0.534028 0 0.0402778 0
0 0.534028 0 0.0402778 0
0 0.534028 0 0.0402778 0
0 0.534028 0 0.0402778 0
0 0.534028 0 0.0402778 0
0 0.534028 0 0.0402778 0
0 0.534028 0 0.0402778 0
0 0.534028 0 0.0402778 0
0 0.534028 0 0.0402778 0
0 0.534028 0 0.0402778 0
0 0.533333 0 0.0388889 0
0 0.533333 0 0.0388889 0
0 0.532639 0 0.0402778 0
0 0.53125 0 0.0402778 0
0 0.529861 0 0.0402778 0
0 0.529167 0 0.0388889 0
0 0.528472 0 0.0402778 0
0 0.527083 0 0.0402778 0
0 0.527083 0 0.0402778 0
0 0.527083 0 0.0402778 0
0 0.527083 0 0.0402778 0
0 0.527083 0 0.0402778 0
0 0.527083 0 0.0402778 0
0 0.527083 0 0.0402778 0
0 0.527083 0 0.0402778 0
0 0.527083 0 0.0402778 0
0 0.527083 0 0.0402778 0
0 0.527083 0 0.0402778 0
0 0.525694 0 0.0402778 0
0 0.525694 0 0.0402778 0
0 0.525694 0 0.0402778 0
0 0.525 0 0.0416667 0
0 0.525 0 0.0416667 0
0 0.525 0 0.0416667 0
0 0.525 0 0.0416667 0
0 0.525 0 0.0416667 0
0 0.525 0 0.0416667 0
0 0.525 0 0.0416667 0
0 0.525 0 0.0416667 0
0 0.525694 0 0.0402778 0
0 0.525 0 0.0416667 0
0 0.525 0 0.0416667 0
0 0.525 0 0.0416667 0
0 0.525 0 0.0416667 0
0 0.525 0 0.0416667 0
0 0.523611 0 0.0444444 0
0 0.523611 0 0.0444444 0
0 0.523611 0 0.0444444 0
0 0.523611 0 0.0444444 0
0 0.524306 0 0.0402778 0
0 0.523611 0 0.0388889 0
0 0.523611 0 0.0388889 0
0 0.523611 0 0.0388889 0
0 0.523611 0 0.0388889 0
0 0.523611 0 0.0388889 0
0 0.523611 0 0.0388889 0
0 0.523611 0 0.0388889 0
0 0.523611 0 0.0388889 0
0 0.523611 0 0.0388889 0
0 0.523611 0 0.0388889 0
0 0.524306 0 0.0402778 0
0 0.523611 0 0.0388889 0
0 0.523611 0 0.0388889 0
0 0.525 0 0.0416667 0
0 0.525694 0 0.0402778 0
0 0.525694 0 0.0402778 0
0 0.525694 0 0.0402778 0
0 0.525694 0 0.0402778 0
0 0.525694 0 0.0402778 0
0 0.525694 0 0.0402778 0
0 0.525694 0 0.0402778 0
0 0.525694 0 0.0402778 0
0 0.527083 0 0.0402778 0
0 0.528472 0 0.0402778 0
0 0.528472 0 0.0402778 0
0 0.528472 0 0.0402778 0
0 0.529167 0 0.0388889 0
0 0.529861 0 0.0402778 0
0 0.529861 0 0.0402778 0
0 0.529861 0 0.0402778 0
0 0.529861 0 0.0402778 0
0 0.529861 0 0.0402778 0
0 0.529861 0 0.0402778 0
0 0.529861 0 0.0402778 0
0 0.529861 0 0.0402778 0
0 0.529861 0 0.0402778 0
0 0.529861 0 0.0402778 0
0 0.529861 0 0.0402778 0
