0 0.441667 0.5 0.0277778 1
0 0.441667 0.5 0.0277778 1
0 0.441667 0.5 0.0277778 1
0 0.441667 0.5 0.0277778 1
0 0.441667 0.5 0.0277778 1
0 0.441667 0.5 0.0277778 1
0 0.441667 0.5 0.0277778 1
0 0.441667 0.5 0.0277778 1
0 0.441667 0.5 0.0277778 1
0 0.441667 0.5 0.0277778 1
0 0.441667 0.5 0.0277778 1
0 0.441667 0.5 0.0277778 1
0 0.441667 0.5 0.0277778 1
0 0.441667 0.5 0.0277778 1
0 0.441667 0.5 0.0277778 1
0 0.441667 0.5 0.0277778 1
0 0.441667 0.5 0.0277778 1
0 0.441667 0.5 0.0277778 1
0 0.441667 0.5 0.0277778 1
0 0.441667 0.5 0.0277778 1
0 0.441667 0.5 0.0277778 1
0 0.441667 0.5 0.0277778 1
0 0.441667 0.5 0.0277778 1
0 0.441667 0.5 0.0277778 1
0 0.441667 0.5 0.0277778 1
0 0.441667 0.5 0.0277778 1
0 0.441667 0.5 0.0277778 1
0 0.441667 0.5 0.0277778 1
0 0.441667 0.5 0.0277778 1
0 0.441667 0.5 0.0277778 1
0 0.441667 0.5 0.0277778 1
0 0.441667 0.5 0.0277778 1
0 0.441667 0.5 0.0277778 1
0 0.441667 0.5 0.0277778 1
0 0.441667 0.5 0.0277778 1
0 0.441667 0.5 0.0277778 1
0 0.441667 0.5 0.0277778 1
0 0.441667 0.5 0.0277778 1
0 0.441667 0.5 0.0277778 1
0 0.441667 0.5 0.0277778 1
0 0.441667 0.5 0.0277778 1
0 0.441667 0.5 0.0277778 1
0 0.441667 0.5 0.0277778 1
0 0.441667 0.5 0.0277778 1
0 0.441667 0.5 0.0277778 1
0 0.441667 0.5 0.0277778 1
0 0.441667 0.5 0.0277778 1
0 0.441667 0.5 0.0277778 1
0 0.441667 0.5 0.0277778 1
0 0.441667 0.5 0.0277778 1
0 0.441667 0.5 0.0277778 1
0 0.441667 0.5 0.0277778 1
0 0.441667 0.5 0.0277778 1
0 0.441667 0.5 0.0277778 1
0 0.441667 0.5 0.0277778 1
0 0.441667 0.5 0.0277778 1
0 0.441667 0.5 0.0277778 1
0 0.441667 0.5 0.0277778 1
0 0.441667 0.5 0.0277778 1
0 0.441667 0.5 0.0277778 1
0 0.441667 0.5 0.0277778 1
0 0.441667 0.5 0.0277778 1
0 0.441667 0.5 0.0277778 1
0 0.441667 0.5 0.0277778 1
0 0.441667 0.5 0.0277778 1
0 0.441667 0.5 0.0277778 1
0 0.441667 0.5 0.0277778 1
0 0.441667 0.5 0.0277778 1
0 0.441667 0.5 0.0277778 1
0 0.441667 0.5 0.0277778 1
0 0.441667 0.5 0.0277778 1
0 0.441667 0.5 0.0277778 1
0 0.441667 0.5 0.0277778 1
0 0.441667 0.5 0.0277778 1
0 0.441667 0.5 0.0277778 1
0 0.441667 0.5 0.0277778 1
0 0.441667 0.5 0.0277778 1
0 0.441667 0.5 0.0277778 1
0 0.441667 0.5 0.0277778 1
0 0.441667 0.5 0.0277778 1
0 0.441667 0.5 0.0277778 1
0 0.441667 0.5 0.0277778 1
0 0.442361 0.5 0.0291667 1
0 0.442361 0.5 0.0291667 1
0 0.442361 0.5 0.0291667 1
0 0.442361 0.5 0.0291667 1
0 0.442361 0.5 0.0291667 1
0 0.442361 0.5 0.0291667 1
0 0.442361 0.5 0.0291667 1
0 0.442361 0.5 0.0291667 1
0 0.442361 0.5 0.0291667 1
0 0.442361 0.5 0.0291667 1
0 0.442361 0.5 0.0291667 1
0 0.442361 0.5 0.0291667 1
0 0.442361 0.5 0.0291667 1
0 0.441667 0.5 0.0277778 1
0 0.442361 0.5 0.0291667 1
0 0.568056 0 0.0111111 0
0 0.44375 0.5 0.0263889 1
0 0.567361 0 0.00972222 0
0 0.444444 0.5 0.0277778 1
0 0.502778 0 0.0333333 0
0 0.445833 0.5 0.0277778 1
0 0.568056 0 0.0111111 0
0 0.446528 0.5 0.0263889 1
0 0.447222 0.5 0.0277778 1
0 0.447917 0.5 0.0291667 1
0 0.449306 0.5 0.0263889 1
0 0.450694 0.5 0.0263889 1
0 0.452083 0.5 0.0263889 1
0 0.452083 0.5 0.0263889 1
0 0.452778 0.5 0.0277778 1
0 0.454861 0.5 0.0263889 1
0 0.455556 0.5 0.025 1
0 0.457639 0.5 0.0236111 1
0 0.458333 0.5 0.0222222 1
0 0.459028 0.5 0.0208333 1
0 0.388889 0 0.0111111 0
0 0.461806 0.5 0.0208333 1
0 0.577778 0 0.0111111 0
0 0.389583 0 0.0125 0
0 0.580556 0 0.0111111 0
0 0.389583 0 0.0125 0
0 0.580556 0 0.0111111 0
0 0.479861 0 0.104167 0
0 0.581944 0 0.0138889 0
0 0.583333 0 0.0111111 0
0 0.477778 0 0.025 0
0 0.590278 0 0.0111111 0
0 0.479861 0 0.0263889 0
0 0.391667 0 0.0111111 0
0 0.591667 0 0.0111111 0
0 0.593056 0 0.0111111 0
0 0.525 0 0.0333333 0
0 0.526389 0 0.0333333 0
0 0.599306 0 0.0125 0
0 0.527083 0 0.0347222 0
0 0.526389 0 0.0333333 0
0 0.6 0 0.0111111 0
0 0.599306 0 0.0125 0
0 0.388889 0 0.0138889 0
0 0.598611 0 0.0111111 0
0 0.481944 0.5 0.05 1
0 0.481944 0.5 0.05 1
0 0.481944 0.5 0.0527778 1
0 0.48125 0.5 0.0513889 1
0 0.385417 0 0.0125 0
0 0.480556 1 0.05 0
0 0.596528 0 0.0125 0
0 0.479167 1 0.0472222 0
0 0.476389 1 0.0333333 0
0 0.596528 0 0.0125 0
0 0.595139 0 0.0125 0
0 0.474306 1 0.0347222 0
0 0.471528 1 0.0291667 0
0 0.594444 0 0.0138889 0
0 0.701389 0 0.0111111 0
0 0.470139 1 0.0263889 0
0 0.700694 0 0.0125 0
0 0.59375 0 0.0125 0
0 0.469444 1 0.0305556 0
0 0.522222 0 0.0361111 0
0 0.466667 1 0.0277778 0
0 0.520833 0 0.0333333 0
0 0.4625 1 0.0222222 0
0 0.465278 1 0.0305556 0
0 0.51875 0 0.0319444 0
0 0.590972 0 0.0125 0
0 0.459722 1 0.0194444 0
0 0.518056 0 0.0333333 0
0 0.379861 0 0.0125 0
0 0.590972 0 0.0125 0
0 0.459722 1 0.0222222 0
0 0.590278 0 0.0111111 0
0 0.457639 1 0.0236111 0
0 0.590278 0 0.0111111 0
0 0.457639 1 0.0236111 0
0 0.588889 0 0.0111111 0
0 0.455556 1 0.0277778 0
0 0.588889 0 0.0111111 0
0 0.45625 1 0.0291667 0
0 0.377083 0 0.0125 0
0 0.588889 0 0.0138889 0
0 0.454167 1 0.0305556 0
0 0.695833 0 0.0111111 0
0 0.588194 0 0.0125 0
0 0.454167 1 0.0305556 0
0 0.5875 0 0.0111111 0
0 0.452083 1 0.0263889 0
0 0.5875 0 0.0111111 0
0 0.450694 1 0.0291667 0
0 0.45 1 0.0277778 0
0 0.5125 0 0.0361111 0
0 0.586111 0 0.0111111 0
0 0.448611 1 0.0305556 0
0 0.372917 0 0.0125 0
0 0.585417 0 0.0125 0
0 0.447917 1 0.0319444 0
0 0.372917 0 0.0125 0
0 0.585417 0 0.0125 0
0 0.447917 1 0.0319444 0
0 0.372917 0 0.0125 0
0 0.585417 0 0.0125 0
0 0.447917 1 0.0319444 0
0 0.585417 0 0.0125 0
0 0.447917 1 0.0319444 0
0 0.584028 0 0.0125 0
0 0.445139 1 0.0319444 0
0 0.584028 0 0.0125 0
0 0.444444 1 0.0333333 0
0 0.443056 1 0.0333333 0
0 0.509722 0 0.0333333 0
0 0.582639 0 0.0125 0
0 0.441667 1 0.0333333 0
0 0.508333 0 0.0333333 0
0 0.581944 0 0.0111111 0
0 0.440278 1 0.0361111 0
0 0.438889 1 0.0333333 0
0 0.580556 0 0.0111111 0
0 0.438889 1 0.0361111 0
0 0.369444 0 0.0138889 0
0 0.436111 1 0.0333333 0
0 0.688194 0 0.00972222 0
0 0.579861 0 0.00972222 0
0 0.579167 0 0.0111111 0
0 0.577778 0 0.0111111 0
0 0.577778 0 0.0111111 0
0 0.577083 0 0.0125 0
0 0.576389 0 0.0111111 0
0 0.576389 0 0.0111111 0
0 0.576389 0 0.0138889 0
0 0.683333 0 0.0111111 0
0 0.575694 0 0.0125 0
0 0.575694 0 0.0125 0
0 0.364583 0 0.0125 0
0 0.682639 0 0.0125 0
0 0.575 0 0.0111111 0
0 0.681944 0 0.0138889 0
0 0.573611 0 0.0111111 0
0 0.573611 0 0.0111111 0
0 0.572917 0 0.00972222 0
0 0.572222 0 0.0111111 0
0 0.571528 0 0.0125 0
0 0.570833 0 0.0111111 0
0 0.677778 0 0.0111111 0
0 0.570833 0 0.0138889 0
0 0.677778 0 0.0111111 0
0 0.570139 0 0.0125 0
0 0.359028 0 0.0125 0
0 0.677083 0 0.0125 0
0 0.569444 0 0.0111111 0
0 0.359028 0 0.0125 0
0 0.677083 0 0.0125 0
0 0.569444 0 0.0111111 0
0 0.675694 0 0.0125 0
0 0.568056 0 0.0111111 0
0 0.675694 0 0.0125 0
0 0.356944 0 0.0111111 0
0 0.567361 0 0.0125 0
0 0.566667 0 0.0111111 0
0 0.566667 0 0.0111111 0
0 0.565972 0 0.00972222 0
0 0.565972 0 0.00972222 0
0 0.565278 0 0.0111111 0
0 0.565278 0 0.0111111 0
0 0.564583 0 0.0125 0
0 0.563889 0 0.0111111 0
0 0.563194 0 0.0125 0
0 0.563194 0 0.0125 0
0 0.670833 0 0.0111111 0
0 0.563194 0 0.0125 0
0 0.563194 0 0.0125 0
0 0.5625 0 0.0111111 0
0 0.560417 0 0.0125 0
0 0.559722 0 0.0111111 0
0 0.558333 0 0.0111111 0
0 0.558333 0 0.0111111 0
0 0.665278 0 0.0111111 0
0 0.557639 0 0.00972222 0
0 0.556944 0 0.0111111 0
0 0.556944 0 0.0111111 0
0 0.557639 0 0.0125 0
0 0.555556 0 0.0111111 0
0 0.555556 0 0.0111111 0
0 0.55625 0 0.0125 0
0 0.55625 0 0.0125 0
0 0.55625 0 0.0125 0
0 0.554861 0 0.00972222 0
0 0.554861 0 0.00972222 0
0 0.554861 0 0.00972222 0
0 0.554861 0 0.00972222 0
0 0.346528 0 0.0125 0
0 0.554861 0 0.00972222 0
0 0.553472 0 0.00972222 0
0 0.554861 0 0.00972222 0
0 0.554167 0 0.0111111 0
0 0.553472 0 0.00972222 0
0 0.553472 0 0.0125 0
0 0.552778 0 0.0111111 0
0 0.552778 0 0.0111111 0
0 0.552778 0 0.0111111 0
0 0.552778 0 0.0111111 0
0 0.552083 0 0.00972222 0
0 0.552083 0 0.00972222 0
0 0.552083 0 0.0125 0
0 0.658333 0 0.0111111 0
0 0.551389 0 0.0111111 0
0 0.658333 0 0.0111111 0
0 0.550694 0 0.00972222 0
0 0.551389 0 0.0111111 0
0 0.550694 0 0.00972222 0
0 0.550694 0 0.00972222 0
