0 0.478472 0 0.0291667 0
0 0.473611 0.5 0.0194444 1
0 0.473611 0.5 0.0194444 1
0 0.472222 0.5 0.0166667 1
0 0.470139 0.5 0.0180556 1
0 0.469444 0.5 0.0166667 1
0 0.468056 0.5 0.0194444 1
0 0.466667 0.5 0.0194444 1
0 0.465972 0.5 0.0208333 1
0 0.477778 0.5 0.0333333 1
0 0.465972 0.5 0.0208333 1
0 0.465972 0.5 0.0208333 1
0 0.465278 0.5 0.0194444 1
0 0.464583 0.5 0.0208333 1
0 0.464583 0.5 0.0208333 1
0 0.464583 0.5 0.0208333 1
0 0.464583 0.5 0.0208333 1
0 0.464583 0.5 0.0208333 1
0 0.464583 0.5 0.0208333 1
0 0.464583 0.5 0.0208333 1
0 0.464583 0.5 0.0208333 1
0 0.464583 0.5 0.0208333 1
0 0.464583 0.5 0.0208333 1
0 0.465972 0.5 0.0208333 1
0 0.465972 0.5 0.0208333 1
0 0.465972 0.5 0.0208333 1
0 0.465972 0.5 0.0208333 1
0 0.467361 0.5 0.0208333 1
0 0.46875 0 0.0291667 0
0 0.466667 0.5 0.0194444 1
0 0.46875 0 0.0291667 0
0 0.466667 0.5 0.0194444 1
0 0.468056 0.5 0.0194444 1
0 0.46875 0.5 0.0180556 1
0 0.469444 0.5 0.0166667 1
0 0.469444 0.5 0.0166667 1
0 0.469444 0.5 0.0166667 1
0 0.470833 0.5 0.0166667 1
0 0.470833 0.5 0.0166667 1
0 0.472917 0.5 0.0180556 1
0 0.472222 0.5 0.0166667 1
0 0.472222 0.5 0.0166667 1
0 0.472222 0.5 0.0166667 1
0 0.472222 0.5 0.0166667 1
0 0.472222 0.5 0.0194444 1
0 0.472222 0.5 0.0194444 1
0 0.472222 0.5 0.0194444 1
0 0.472222 0.5 0.0194444 1
0 0.471528 0.5 0.0208333 1
0 0.471528 0.5 0.0208333 1
0 0.471528 0.5 0.0208333 1
0 0.470139 0.5 0.0208333 1
0 0.470139 0.5 0.0208333 1
0 0.469444 0 0.0194444 0
0 0.469444 0 0.0194444 0
0 0.46875 0 0.0208333 0
0 0.467361 0 0.0208333 0
0 0.465972 0 0.0208333 0
0 0.465972 0 0.0208333 0
0 0.465278 0 0.0222222 0
0 0.464583 0 0.0208333 0
0 0.464583 0 0.0208333 0
0 0.464583 0 0.0208333 0
0 0.464583 0 0.0208333 0
0 0.464583 0.5 0.0208333 1
0 0.464583 0.5 0.0208333 1
0 0.464583 0.5 0.0208333 1
0 0.464583 0.5 0.0208333 1
0 0.464583 0.5 0.0208333 1
0 0.464583 0.5 0.0208333 1
0 0.464583 0.5 0.0208333 1
0 0.464583 0.5 0.0208333 1
0 0.464583 0.5 0.0208333 1
0 0.464583 0.5 0.0208333 1
0 0.464583 0.5 0.0208333 1
0 0.464583 0.5 0.0208333 1
0 0.464583 0.5 0.0208333 1
0 0.465278 0.5 0.0222222 1
0 0.465278 0.5 0.0222222 1
0 0.465278 0.5 0.0222222 1
0 0.466667 0.5 0.0194444 1
0 0.466667 0.5 0.0194444 1
0 0.466667 0.5 0.0194444 1
0 0.467361 0.5 0.0208333 1
0 0.467361 0.5 0.0208333 1
0 0.468056 0.5 0.0194444 1
0 0.468056 0.5 0.0194444 1
0 0.468056 0.5 0.0194444 1
0 0.468056 0.5 0.0194444 1
0 0.468056 0.5 0.0194444 1
0 0.468056 0.5 0.0194444 1
0 0.468056 0.5 0.0194444 1
0 0.468056 0.5 0.0194444 1
0 0.468056 0.5 0.0194444 1
0 0.468056 0.5 0.0194444 1
0 0.467361 0.5 0.0208333 1
0 0.466667 0.5 0.0194444 1
0 0.466667 0.5 0.0194444 1
0 0.465972 0.5 0.0208333 1
0 0.465972 0.5 0.0208333 1
0 0.464583 0.5 0.0208333 1
0 0.464583 0.5 0.0208333 1
0 0.464583 0.5 0.0208333 1
0 0.463194 0.5 0.0208333 1
0 0.461111 0.5 0.0222222 1
0 0.461111 0.5 0.0222222 1
0 0.460417 0.5 0.0208333 1
0 0.460417 0.5 0.0208333 1
0 0.460417 0.5 0.0208333 1
0 0.460417 0.5 0.0208333 1
0 0.460417 0.5 0.0208333 1
0 0.459722 0.5 0.0222222 1
0 0.459722 0.5 0.0222222 1
0 0.460417 0.5 0.0236111 1
0 0.461111 0.5 0.0222222 1
0 0.461111 0.5 0.0222222 1
0 0.461111 0.5 0.0222222 1
0 0.460417 1 0.0208333 0
0 0.461111 1 0.0222222 0
0 0.461806 1 0.0208333 0
0 0.463194 1 0.0208333 0
0 0.463194 1 0.0208333 0
0 0.464583 1 0.0208333 0
0 0.465278 1 0.0222222 0
0 0.465278 1 0.0222222 0
0 0.465972 1 0.0208333 0
0 0.466667 1 0.0222222 0
0 0.466667 1 0.0222222 0
0 0.467361 1 0.0208333 0
0 0.46875 1 0.0208333 0
0 0.470139 1 0.0208333 0
0 0.471528 1 0.0236111 0
0 0.469444 0 0.0305556 0
0 0.472222 1 0.0222222 0
0 0.472222 1 0.0222222 0
0 0.472222 1 0.0222222 0
0 0.473611 1 0.0222222 0
0 0.475694 1 0.0208333 0
0 0.477083 1 0.0208333 0
0 0.477083 1 0.0208333 0
0 0.477778 1 0.0222222 0
0 0.479167 1 0.0222222 0
0 0.479167 1 0.0222222 0
0 0.479167 1 0.0222222 0
0 0.479167 1 0.0222222 0
0 0.479167 1 0.0222222 0
0 0.479167 1 0.0222222 0
0 0.479167 1 0.0222222 0
0 0.479167 1 0.0222222 0
0 0.479167 1 0.0222222 0
0 0.479167 1 0.0222222 0
0 0.479167 1 0.0222222 0
0 0.479167 1 0.0222222 0
0 0.479167 1 0.0222222 0
0 0.479167 1 0.0222222 0
0 0.479167 1 0.0222222 0
0 0.479167 1 0.0222222 0
0 0.479167 1 0.0222222 0
0 0.479167 1 0.0222222 0
0 0.479167 1 0.0222222 0
0 0.479167 1 0.0222222 0
0 0.479167 1 0.0222222 0
0 0.479167 1 0.0222222 0
0 0.479167 1 0.0222222 0
0 0.479167 1 0.0222222 0
0 0.479167 1 0.0222222 0
0 0.479167 1 0.0222222 0
0 0.479167 1 0.0222222 0
0 0.479167 1 0.0222222 0
0 0.479167 1 0.0222222 0
0 0.479167 1 0.0222222 0
0 0.479167 1 0.0222222 0
0 0.479167 1 0.0222222 0
0 0.479167 1 0.0222222 0
0 0.479167 1 0.0222222 0
0 0.479167 1 0.0222222 0
0 0.479167 1 0.0222222 0
0 0.479167 1 0.0222222 0
0 0.479167 1 0.0222222 0
0 0.479167 1 0.0222222 0
0 0.479167 1 0.0222222 0
0 0.479167 1 0.0222222 0
0 0.479167 1 0.0222222 0
0 0.479167 1 0.0222222 0
0 0.479167 1 0.0222222 0
0 0.479167 1 0.0222222 0
0 0.479167 1 0.0222222 0
0 0.479167 1 0.0222222 0
0 0.479167 1 0.0222222 0
0 0.479167 1 0.0222222 0
0 0.479167 1 0.0222222 0
0 0.479167 1 0.0222222 0
0 0.479167 1 0.0222222 0
0 0.479167 1 0.0222222 0
0 0.479167 1 0.0222222 0
0 0.479167 1 0.0222222 0
0 0.479167 1 0.0222222 0
0 0.479167 1 0.0222222 0
0 0.479167 1 0.0222222 0
0 0.479167 1 0.0222222 0
0 0.479167 1 0.0222222 0
0 0.479167 1 0.0222222 0
0 0.479167 1 0.0222222 0
0 0.479167 1 0.0222222 0
0 0.479167 1 0.0222222 0
0 0.479167 1 0.0222222 0
0 0.479167 1 0.0222222 0
0 0.479167 1 0.0222222 0
0 0.479167 1 0.0222222 0
0 0.479167 1 0.0222222 0
0 0.479167 1 0.0222222 0
0 0.479167 1 0.0222222 0
0 0.479167 1 0.0222222 0
0 0.479167 1 0.0222222 0
0 0.479167 1 0.0222222 0
0 0.479167 1 0.0222222 0
0 0.479167 1 0.0222222 0
0 0.479167 1 0.0222222 0
0 0.479167 1 0.0222222 0
0 0.479167 1 0.0222222 0
0 0.479167 1 0.0222222 0
0 0.479167 1 0.0222222 0
0 0.479167 1 0.0222222 0
0 0.479167 1 0.0222222 0
0 0.479167 1 0.0222222 0
0 0.479167 1 0.0222222 0
0 0.479167 1 0.0222222 0
0 0.479167 1 0.0222222 0
0 0.479167 1 0.0222222 0
0 0.479167 1 0.0222222 0
0 0.479167 1 0.0222222 0
0 0.479167 1 0.0222222 0
0 0.479167 1 0.0222222 0
0 0.479167 1 0.0222222 0
0 0.479167 1 0.0222222 0
0 0.479167 1 0.0222222 0
0 0.479167 1 0.0222222 0
0 0.479167 1 0.0222222 0
0 0.479167 1 0.0222222 0
0 0.479167 1 0.0222222 0
0 0.479167 1 0.0222222 0
0 0.479167 1 0.0222222 0
0 0.479167 1 0.0222222 0
0 0.479167 1 0.0222222 0
0 0.479167 1 0.0222222 0
0 0.479167 1 0.0222222 0
0 0.479167 1 0.0222222 0
0 0.479167 1 0.0222222 0
0 0.479167 1 0.0222222 0
0 0.479167 1 0.0222222 0
0 0.479167 1 0.0222222 0
0 0.479167 1 0.0222222 0
0 0.479167 1 0.0222222 0
0 0.479167 1 0.0222222 0
0 0.479167 1 0.0222222 0
0 0.479167 1 0.0222222 0
0 0.479167 1 0.0222222 0
0 0.479167 1 0.0222222 0
0 0.479167 1 0.0222222 0
0 0.479167 1 0.0222222 0
0 0.479167 1 0.0222222 0
0 0.479167 1 0.0222222 0
0 0.479167 1 0.0222222 0
0 0.479167 1 0.0222222 0
0 0.479167 1 0.0222222 0
0 0.479167 1 0.0222222 0
0 0.479167 1 0.0222222 0
0 0.479167 1 0.0222222 0
0 0.479167 1 0.0222222 0
0 0.479167 1 0.0222222 0
0 0.479167 1 0.0222222 0
0 0.479167 1 0.0222222 0
0 0.479167 1 0.0222222 0
0 0.479167 1 0.0222222 0
0 0.479167 1 0.0222222 0
0 0.479167 1 0.0222222 0
0 0.479167 1 0.0222222 0
0 0.479167 1 0.0222222 0
0 0.479167 1 0.0222222 0
0 0.479167 1 0.0222222 0
0 0.479167 1 0.0222222 0
0 0.479167 1 0.0222222 0
0 0.479167 1 0.0222222 0
0 0.479167 1 0.0222222 0
0 0.479167 1 0.0222222 0
0 0.479167 1 0.0222222 0
0 0.479167 1 0.0222222 0
0 0.479861 1 0.0236111 0
0 0.479167 1 0.0222222 0
0 0.479167 1 0.0222222 0
0 0.479167 1 0.0222222 0
0 0.479167 1 0.0222222 0
0 0.479861 1 0.0236111 0
0 0.479861 1 0.0236111 0
0 0.479861 1 0.0236111 0
0 0.479861 1 0.0236111 0
0 0.479861 1 0.0236111 0
0 0.479861 1 0.0236111 0
0 0.479861 1 0.0236111 0
0 0.479861 1 0.0236111 0
0 0.479861 1 0.0236111 0
0 0.479861 1 0.0236111 0
0 0.479861 1 0.0236111 0
0 0.479861 1 0.0236111 0
0 0.479861 1 0.0236111 0
0 0.479861 1 0.0236111 0
0 0.479861 1 0.0236111 0
0 0.479861 1 0.0236111 0
0 0.479861 1 0.0236111 0
0 0.479861 1 0.0236111 0
0 0.479861 1 0.0236111 0
0 0.479167 1 0.0222222 0
0 0.479861 1 0.0236111 0
0 0.479861 1 0.0236111 0
0 0.479167 1 0.0222222 0
0 0.479167 1 0.0222222 0
0 0.479167 1 0.0222222 0
0 0.479167 1 0.0222222 0
0 0.479167 1 0.0222222 0
0 0.479167 1 0.0222222 0
0 0.479167 1 0.0222222 0
0 0.479167 1 0.0222222 0
0 0.479167 1 0.0222222 0
0 0.479167 1 0.0222222 0
0 0.479167 1 0.0222222 0
0 0.479167 1 0.0222222 0
0 0.479167 1 0.0222222 0
0 0.479167 1 0.0222222 0
0 0.479167 1 0.0222222 0
0 0.479167 1 0.0222222 0
0 0.479167 1 0.0222222 0
0 0.479167 1 0.0222222 0
0 0.479167 1 0.0222222 0
0 0.479167 1 0.0222222 0
0 0.479167 1 0.0222222 0
0 0.479167 1 0.0222222 0
0 0.479167 1 0.0222222 0
0 0.479167 1 0.0222222 0
0 0.479167 1 0.0222222 0
0 0.479167 1 0.0222222 0
0 0.479167 1 0.0222222 0
0 0.479167 1 0.0222222 0
0 0.479167 1 0.0222222 0
0 0.479167 1 0.0222222 0
0 0.479167 1 0.0222222 0
0 0.479167 1 0.0222222 0
0 0.479167 1 0.0222222 0
0 0.479167 1 0.0222222 0
0 0.479167 1 0.0222222 0
0 0.479167 1 0.0222222 0
0 0.479167 1 0.0222222 0
0 0.479167 1 0.0222222 0
0 0.479167 1 0.0222222 0
0 0.479167 1 0.0222222 0
0 0.479167 1 0.0222222 0
0 0.479167 1 0.0222222 0
0 0.479167 1 0.0222222 0
0 0.479167 1 0.0222222 0
0 0.479167 1 0.0222222 0
0 0.479167 1 0.0222222 0
0 0.479167 1 0.0222222 0
0 0.479167 1 0.0222222 0
0 0.479167 1 0.0222222 0
0 0.479167 1 0.0222222 0
0 0.479167 1 0.0222222 0
0 0.479167 1 0.0222222 0
0 0.479167 1 0.0222222 0
0 0.479167 1 0.0222222 0
0 0.479167 1 0.0222222 0
0 0.479167 1 0.0222222 0
0 0.479167 1 0.0222222 0
0 0.479167 1 0.0222222 0
0 0.479167 1 0.0222222 0
0 0.479167 1 0.0222222 0
0 0.479167 1 0.0222222 0
0 0.479167 1 0.0222222 0
0 0.479167 1 0.0222222 0
0 0.479167 1 0.0222222 0
0 0.479167 1 0.0222222 0
0 0.479167 1 0.0222222 0
0 0.479167 1 0.0222222 0
0 0.479167 1 0.0222222 0
0 0.479167 1 0.0222222 0
0 0.479167 1 0.0222222 0
0 0.479167 1 0.0222222 0
0 0.479167 1 0.0222222 0
0 0.479167 1 0.0222222 0
0 0.479167 1 0.0222222 0
0 0.479167 1 0.0222222 0
0 0.479167 1 0.0222222 0
0 0.479167 1 0.0222222 0
0 0.479167 1 0.0222222 0
0 0.479167 1 0.0222222 0
0 0.479167 1 0.0222222 0
0 0.479167 1 0.0222222 0
0 0.479167 1 0.0222222 0
0 0.479167 1 0.0222222 0
0 0.479167 1 0.0222222 0
0 0.479167 1 0.0222222 0
0 0.479167 1 0.0222222 0
0 0.479167 1 0.0222222 0
0 0.479167 1 0.0222222 0
0 0.479167 1 0.0222222 0
0 0.479167 1 0.0222222 0
0 0.479167 1 0.0222222 0
0 0.479167 1 0.0222222 0
0 0.479167 1 0.0222222 0
0 0.479167 1 0.0222222 0
0 0.479167 1 0.0222222 0
0 0.479167 1 0.0222222 0
0 0.479167 1 0.0222222 0
0 0.479167 1 0.0222222 0
0 0.479167 1 0.0222222 0
0 0.479167 1 0.0222222 0
0 0.479167 1 0.0222222 0
0 0.479167 1 0.0222222 0
0 0.479167 1 0.0222222 0
0 0.479167 1 0.0222222 0
0 0.479167 1 0.0222222 0
0 0.479167 1 0.0222222 0
0 0.479167 1 0.0222222 0
0 0.479167 1 0.0222222 0
0 0.479167 1 0.0222222 0
0 0.479167 1 0.0222222 0
0 0.479167 1 0.0222222 0
0 0.479167 1 0.0222222 0
0 0.479167 1 0.0222222 0
0 0.479167 1 0.0222222 0
0 0.479167 1 0.0222222 0
0 0.479167 1 0.0222222 0
0 0.479167 1 0.0222222 0
0 0.479167 1 0.0222222 0
0 0.479167 1 0.0222222 0
0 0.479167 1 0.0222222 0
0 0.479167 1 0.0222222 0
0 0.479167 1 0.0222222 0
0 0.479167 1 0.0222222 0
0 0.479167 1 0.0222222 0
0 0.479167 1 0.0222222 0
0 0.479167 1 0.0222222 0
0 0.479167 1 0.0222222 0
0 0.479167 1 0.0222222 0
0 0.479167 1 0.0222222 0
0 0.479167 1 0.0222222 0
0 0.479167 1 0.0222222 0
0 0.479167 1 0.0222222 0
0 0.479167 1 0.0222222 0
0 0.479167 1 0.0222222 0
0 0.479167 1 0.0222222 0
0 0.479167 1 0.0222222 0
0 0.479167 1 0.0222222 0
0 0.479167 1 0.0222222 0
0 0.479167 1 0.0222222 0
0 0.479167 1 0.0222222 0
0 0.479167 1 0.0222222 0
0 0.479167 1 0.0222222 0
0 0.479167 1 0.0222222 0
0 0.479167 1 0.0222222 0
0 0.479167 1 0.0222222 0
0 0.479167 1 0.0222222 0
0 0.479167 1 0.0222222 0
0 0.479167 1 0.0222222 0
0 0.479167 1 0.0222222 0
0 0.479167 1 0.0222222 0
0 0.479167 1 0.0222222 0
0 0.479167 1 0.0222222 0
0 0.479167 1 0.0222222 0
0 0.479167 1 0.0222222 0
0 0.479167 1 0.0222222 0
0 0.479167 1 0.0222222 0
0 0.479167 1 0.0222222 0
0 0.479167 1 0.0222222 0
0 0.479167 1 0.0222222 0
0 0.479167 1 0.0222222 0
0 0.479167 1 0.0222222 0
0 0.479167 1 0.0222222 0
0 0.479167 1 0.0222222 0
0 0.479167 1 0.0222222 0
0 0.479167 1 0.0222222 0
0 0.479167 1 0.0222222 0
0 0.479167 1 0.0222222 0
0 0.479167 1 0.0222222 0
0 0.479167 1 0.0222222 0
0 0.479167 1 0.0222222 0
0 0.479167 1 0.0222222 0
0 0.479167 1 0.0222222 0
0 0.479167 1 0.0222222 0
0 0.479167 1 0.0222222 0
0 0.479167 1 0.0222222 0
0 0.479167 1 0.0222222 0
0 0.479167 1 0.0222222 0
0 0.479167 1 0.0222222 0
0 0.479167 1 0.0222222 0
0 0.479167 1 0.0222222 0
0 0.479167 1 0.0222222 0
0 0.479167 1 0.0222222 0
0 0.479167 1 0.0222222 0
0 0.479167 1 0.0222222 0
0 0.479167 1 0.0222222 0
0 0.479167 1 0.0222222 0
0 0.479167 1 0.0222222 0
0 0.479167 1 0.0222222 0
0 0.479167 1 0.0222222 0
0 0.479167 1 0.0222222 0
0 0.479167 1 0.0222222 0
0 0.479167 1 0.0222222 0
0 0.479167 1 0.0222222 0
0 0.479167 1 0.0222222 0
0 0.479167 1 0.0222222 0
0 0.479167 1 0.0222222 0
0 0.479167 1 0.0222222 0
0 0.479167 1 0.0222222 0
0 0.479167 1 0.0222222 0
0 0.479167 1 0.0222222 0
0 0.479167 1 0.0222222 0
0 0.479167 1 0.0222222 0
0 0.479167 1 0.0222222 0
0 0.479167 1 0.0222222 0
0 0.479167 1 0.0222222 0
0 0.479167 1 0.0222222 0
0 0.479167 1 0.0222222 0
0 0.479167 1 0.0222222 0
0 0.479167 1 0.0222222 0
0 0.479167 1 0.0222222 0
0 0.479167 1 0.0222222 0
0 0.479167 1 0.0222222 0
0 0.479167 1 0.0222222 0
0 0.479167 1 0.0222222 0
0 0.479167 1 0.0222222 0
0 0.479167 1 0.0222222 0
0 0.479167 1 0.0222222 0
0 0.479167 1 0.0222222 0
0 0.479167 1 0.0222222 0
0 0.479167 1 0.0222222 0
0 0.479167 1 0.0222222 0
0 0.479167 1 0.0222222 0
0 0.479167 1 0.0222222 0
0 0.479167 1 0.0222222 0
0 0.479167 1 0.0222222 0
0 0.479167 1 0.0222222 0
0 0.479167 1 0.0222222 0
0 0.479167 1 0.0222222 0
0 0.479167 1 0.0222222 0
0 0.479167 1 0.0222222 0
0 0.479167 1 0.0222222 0
0 0.479167 1 0.0222222 0
0 0.479167 1 0.0222222 0
0 0.479167 1 0.0222222 0
0 0.479167 1 0.0222222 0
0 0.479167 1 0.0222222 0
0 0.479167 1 0.0222222 0
0 0.479167 1 0.0222222 0
0 0.479167 1 0.0222222 0
0 0.479167 1 0.0222222 0
0 0.479167 1 0.0222222 0
0 0.479167 1 0.0222222 0
0 0.479167 1 0.0222222 0
0 0.479167 1 0.0222222 0
0 0.479167 1 0.0222222 0
0 0.479167 1 0.0222222 0
0 0.479167 1 0.0222222 0
0 0.479167 1 0.0222222 0
0 0.479167 1 0.0222222 0
0 0.479167 1 0.0222222 0
0 0.479167 1 0.0222222 0
0 0.479167 1 0.0222222 0
0 0.479167 1 0.0222222 0
0 0.479167 1 0.0222222 0
0 0.479167 1 0.0222222 0
0 0.479167 1 0.0222222 0
0 0.479167 1 0.0222222 0
0 0.479167 1 0.0222222 0
0 0.479167 1 0.0222222 0
0 0.479167 1 0.0222222 0
0 0.479167 1 0.0222222 0
0 0.479167 1 0.0222222 0
0 0.479167 1 0.0222222 0
0 0.479167 1 0.0222222 0
0 0.479167 1 0.0222222 0
0 0.479167 1 0.0222222 0
0 0.479167 1 0.0222222 0
0 0.479167 1 0.0222222 0
0 0.479167 1 0.0222222 0
0 0.479167 1 0.0222222 0
0 0.479167 1 0.0222222 0
0 0.479167 1 0.0222222 0
0 0.479167 1 0.0222222 0
0 0.479167 1 0.0222222 0
0 0.479167 1 0.0222222 0
0 0.479167 1 0.0222222 0
0 0.479167 1 0.0222222 0
0 0.479167 1 0.0222222 0
0 0.479167 1 0.0222222 0
0 0.479167 1 0.0222222 0
0 0.479167 1 0.0222222 0
0 0.479167 1 0.0222222 0
0 0.479167 1 0.0222222 0
0 0.479167 1 0.0222222 0
0 0.479167 1 0.0222222 0
0 0.479167 1 0.0222222 0
0 0.479167 1 0.0222222 0
0 0.479167 1 0.0222222 0
0 0.479167 1 0.0222222 0
0 0.479167 1 0.0222222 0
0 0.479167 1 0.0222222 0
0 0.479167 1 0.0222222 0
0 0.479167 1 0.0222222 0
0 0.479167 1 0.0222222 0
0 0.479167 1 0.0222222 0
0 0.479167 1 0.0222222 0
0 0.479167 1 0.0222222 0
0 0.479167 1 0.0222222 0
0 0.479167 1 0.0222222 0
0 0.479167 1 0.0222222 0
0 0.479167 1 0.0222222 0
0 0.479167 1 0.0222222 0
0 0.479167 1 0.0222222 0
0 0.479167 1 0.0222222 0
0 0.479167 1 0.0222222 0
0 0.479167 1 0.0222222 0
0 0.479167 1 0.0222222 0
0 0.479167 1 0.0222222 0
0 0.479167 1 0.0222222 0
0 0.479167 1 0.0222222 0
0 0.479167 1 0.0222222 0
0 0.479167 1 0.0222222 0
0 0.479167 1 0.0222222 0
0 0.479167 1 0.0222222 0
0 0.479167 1 0.0222222 0
0 0.479167 1 0.0222222 0
0 0.479167 1 0.0222222 0
0 0.479167 1 0.0222222 0
0 0.479167 1 0.0222222 0
0 0.479167 1 0.0222222 0
0 0.479167 1 0.0222222 0
0 0.479167 1 0.0222222 0
0 0.479167 1 0.0222222 0
0 0.479167 1 0.0222222 0
0 0.479167 1 0.0222222 0
0 0.479167 1 0.0222222 0
0 0.479167 1 0.0222222 0
0 0.479167 1 0.0222222 0
0 0.479167 1 0.0222222 0
0 0.479167 1 0.0222222 0
0 0.479167 1 0.0222222 0
0 0.479167 1 0.0222222 0
0 0.479167 1 0.0222222 0
0 0.479167 1 0.0222222 0
0 0.479167 1 0.0222222 0
0 0.479167 1 0.0222222 0
0 0.479167 1 0.0222222 0
0 0.479167 1 0.0222222 0
0 0.479167 1 0.0222222 0
0 0.479167 1 0.0222222 0
0 0.479167 1 0.0222222 0
0 0.479167 1 0.0222222 0
0 0.479167 1 0.0222222 0
0 0.479167 1 0.0222222 0
0 0.479167 1 0.0222222 0
0 0.479167 1 0.0222222 0
0 0.479167 1 0.0222222 0
0 0.479167 1 0.0222222 0
0 0.479167 1 0.0222222 0
0 0.479167 1 0.0222222 0
0 0.479167 1 0.0222222 0
0 0.479167 1 0.0222222 0
0 0.479167 1 0.0222222 0
0 0.479167 1 0.0222222 0
0 0.479167 1 0.0222222 0
0 0.479167 1 0.0222222 0
0 0.479167 1 0.0222222 0
0 0.479167 1 0.0222222 0
0 0.479167 1 0.0222222 0
0 0.479167 1 0.0222222 0
0 0.479167 1 0.0222222 0
0 0.479167 1 0.0222222 0
0 0.479167 1 0.0222222 0
0 0.479167 1 0.0222222 0
0 0.479167 1 0.0222222 0
0 0.479167 1 0.0222222 0
0 0.479167 1 0.0222222 0
0 0.479167 1 0.0222222 0
0 0.479167 1 0.0222222 0
0 0.479167 1 0.0222222 0
0 0.479167 1 0.0222222 0
0 0.479167 1 0.0222222 0
0 0.479167 1 0.0222222 0
0 0.479167 1 0.0222222 0
0 0.479167 1 0.0222222 0
0 0.479167 1 0.0222222 0
0 0.479167 1 0.0222222 0
0 0.479167 1 0.0222222 0
0 0.479167 1 0.0222222 0
0 0.479167 1 0.0222222 0
0 0.479167 1 0.0222222 0
0 0.479167 1 0.0222222 0
0 0.479167 1 0.0222222 0
0 0.479167 1 0.0222222 0
0 0.479167 1 0.0222222 0
0 0.479167 1 0.0222222 0
0 0.479167 1 0.0222222 0
0 0.479167 1 0.0222222 0
0 0.479167 1 0.0222222 0
0 0.479167 1 0.0222222 0
0 0.479167 1 0.0222222 0
0 0.479167 1 0.0222222 0
0 0.479167 1 0.0222222 0
0 0.479167 1 0.0222222 0
0 0.479167 1 0.0222222 0
0 0.479167 1 0.0222222 0
0 0.479167 1 0.0222222 0
0 0.479167 1 0.0222222 0
0 0.479167 1 0.0222222 0
0 0.479167 1 0.0222222 0
0 0.479167 1 0.0222222 0
0 0.479167 1 0.0222222 0
0 0.479167 1 0.0222222 0
0 0.479167 1 0.0222222 0
0 0.479167 1 0.0222222 0
0 0.479167 1 0.0222222 0
0 0.479167 1 0.0222222 0
0 0.479167 1 0.0222222 0
0 0.479167 1 0.0222222 0
0 0.479167 1 0.0222222 0
0 0.479167 1 0.0222222 0
0 0.479167 1 0.0222222 0
0 0.479167 1 0.0222222 0
0 0.479167 1 0.0222222 0
0 0.479167 1 0.0222222 0
0 0.479167 1 0.0222222 0
0 0.479167 1 0.0222222 0
0 0.479167 1 0.0222222 0
0 0.479167 1 0.0222222 0
0 0.479167 1 0.0222222 0
0 0.479167 1 0.0222222 0
0 0.479167 1 0.0222222 0
0 0.479167 1 0.0222222 0
0 0.479167 1 0.0222222 0
0 0.479167 1 0.0222222 0
0 0.479167 1 0.0222222 0
0 0.479167 1 0.0222222 0
0 0.479167 1 0.0222222 0
0 0.479167 1 0.0222222 0
0 0.479167 1 0.0222222 0
0 0.479167 1 0.0222222 0
0 0.479167 1 0.0222222 0
0 0.479167 1 0.0222222 0
0 0.479167 1 0.0222222 0
0 0.479167 1 0.0222222 0
0 0.479167 1 0.0222222 0
0 0.479167 1 0.0222222 0
0 0.479167 1 0.0222222 0
0 0.479167 1 0.0222222 0
0 0.479167 1 0.0222222 0
0 0.479167 1 0.0222222 0
0 0.479167 1 0.0222222 0
0 0.479167 1 0.0222222 0
0 0.479167 1 0.0222222 0
0 0.479167 1 0.0222222 0
0 0.479167 1 0.0222222 0
0 0.479167 1 0.0222222 0
0 0.479167 1 0.0222222 0
0 0.479167 1 0.0222222 0
0 0.479167 1 0.0222222 0
0 0.479167 1 0.0222222 0
0 0.479167 1 0.0222222 0
0 0.479167 1 0.0222222 0
0 0.479167 1 0.0222222 0
0 0.479167 1 0.0222222 0
0 0.479167 1 0.0222222 0
0 0.479167 1 0.0222222 0
0 0.479167 1 0.0222222 0
0 0.479167 1 0.0222222 0
0 0.479167 1 0.0222222 0
0 0.479167 1 0.0222222 0
0 0.479167 1 0.0222222 0
0 0.479167 1 0.0222222 0
0 0.479167 1 0.0222222 0
0 0.479167 1 0.0222222 0
0 0.479167 1 0.0222222 0
0 0.479167 1 0.0222222 0
0 0.479167 1 0.0222222 0
0 0.479167 1 0.0222222 0
0 0.479167 1 0.0222222 0
0 0.479167 1 0.0222222 0
0 0.479167 1 0.0222222 0
0 0.479167 1 0.0222222 0
0 0.479167 1 0.0222222 0
0 0.479167 1 0.0222222 0
0 0.479167 1 0.0222222 0
0 0.479167 1 0.0222222 0
0 0.479167 1 0.0222222 0
0 0.479167 1 0.0222222 0
0 0.479167 1 0.0222222 0
0 0.479167 1 0.0222222 0
0 0.479167 1 0.0222222 0
0 0.479167 1 0.0222222 0
0 0.479167 1 0.0222222 0
0 0.479167 1 0.0222222 0
0 0.479167 1 0.0222222 0
0 0.479167 1 0.0222222 0
0 0.479167 1 0.0222222 0
0 0.479167 1 0.0222222 0
0 0.479167 1 0.0222222 0
0 0.479167 1 0.0222222 0
0 0.479167 1 0.0222222 0
0 0.479167 1 0.0222222 0
0 0.479167 1 0.0222222 0
0 0.479167 1 0.0222222 0
0 0.479167 1 0.0222222 0
0 0.479167 1 0.0222222 0
0 0.479167 1 0.0222222 0
0 0.479167 1 0.0222222 0
0 0.479167 1 0.0222222 0
0 0.479167 1 0.0222222 0
0 0.479167 1 0.0222222 0
0 0.479167 1 0.0222222 0
0 0.479167 1 0.0222222 0
0 0.479167 1 0.0222222 0
0 0.479167 1 0.0222222 0
0 0.479167 1 0.0222222 0
0 0.479167 1 0.0222222 0
0 0.479167 1 0.0222222 0
0 0.479167 1 0.0222222 0
0 0.479167 1 0.0222222 0
0 0.479167 1 0.0222222 0
0 0.479167 1 0.0222222 0
0 0.479167 1 0.0222222 0
0 0.479167 1 0.0222222 0
0 0.479167 1 0.0222222 0
0 0.479167 1 0.0222222 0
0 0.479167 1 0.0222222 0
0 0.479167 1 0.0222222 0
0 0.479167 1 0.0222222 0
0 0.479167 1 0.0222222 0
0 0.479167 1 0.0222222 0
0 0.479167 1 0.0222222 0
0 0.479167 1 0.0222222 0
0 0.479167 1 0.0222222 0
0 0.479167 1 0.0222222 0
0 0.479167 1 0.0222222 0
0 0.479167 1 0.0222222 0
0 0.479167 1 0.0222222 0
0 0.479167 1 0.0222222 0
0 0.479167 1 0.0222222 0
0 0.479167 1 0.0222222 0
0 0.479167 1 0.0222222 0
0 0.479167 1 0.0222222 0
0 0.479167 1 0.0222222 0
0 0.479167 1 0.0222222 0
0 0.479167 1 0.0222222 0
0 0.479167 1 0.0222222 0
0 0.479167 1 0.0222222 0
0 0.479167 1 0.0222222 0
0 0.479167 1 0.0222222 0
0 0.479167 1 0.0222222 0
0 0.479167 1 0.0222222 0
0 0.479167 1 0.0222222 0
0 0.479167 1 0.0222222 0
0 0.479167 1 0.0222222 0
0 0.479167 1 0.0222222 0
0 0.479167 1 0.0222222 0
0 0.479167 1 0.0222222 0
0 0.479167 1 0.0222222 0
0 0.479167 1 0.0222222 0
0 0.479167 1 0.0222222 0
0 0.479861 1 0.0236111 0
0 0.479861 1 0.0236111 0
0 0.479167 1 0.0222222 0
0 0.479861 1 0.0236111 0
0 0.479167 1 0.0222222 0
0 0.479167 1 0.0222222 0
0 0.479861 1 0.0236111 0
0 0.479861 1 0.0236111 0
0 0.479861 1 0.0236111 0
0 0.479167 1 0.0222222 0
0 0.479167 1 0.0222222 0
0 0.479167 1 0.0222222 0
0 0.479861 1 0.0236111 0
0 0.479861 1 0.0236111 0
0 0.479861 1 0.0236111 0
0 0.479861 1 0.0236111 0
0 0.479861 1 0.0236111 0
0 0.479861 1 0.0236111 0
0 0.479861 1 0.0236111 0
0 0.479861 1 0.0236111 0
0 0.479861 1 0.0236111 0
0 0.479861 1 0.0236111 0
0 0.479861 1 0.0236111 0
0 0.479861 1 0.0236111 0
0 0.479861 1 0.0236111 0
0 0.479861 1 0.0236111 0
0 0.479861 1 0.0236111 0
0 0.479861 1 0.0236111 0
0 0.479861 1 0.0236111 0
0 0.479861 1 0.0236111 0
0 0.479861 1 0.0236111 0
0 0.479861 1 0.0236111 0
0 0.479861 1 0.0236111 0
0 0.479861 1 0.0236111 0
0 0.479861 1 0.0236111 0
0 0.479861 1 0.0236111 0
0 0.479861 1 0.0236111 0
0 0.479861 1 0.0236111 0
0 0.479861 1 0.0236111 0
0 0.479861 1 0.0236111 0
0 0.479861 1 0.0236111 0
0 0.479861 1 0.0236111 0
0 0.479861 1 0.0236111 0
0 0.479861 1 0.0236111 0
0 0.479861 1 0.0236111 0
0 0.479861 1 0.0236111 0
0 0.479861 1 0.0236111 0
0 0.479861 1 0.0236111 0
0 0.479861 1 0.0236111 0
0 0.479861 1 0.0236111 0
0 0.479861 1 0.0236111 0
0 0.479861 1 0.0236111 0
0 0.479861 1 0.0236111 0
0 0.479861 1 0.0236111 0
0 0.479861 1 0.0236111 0
0 0.479861 1 0.0236111 0
0 0.479861 1 0.0236111 0
0 0.479861 1 0.0236111 0
0 0.479861 1 0.0236111 0
0 0.479861 1 0.0236111 0
0 0.479861 1 0.0236111 0
0 0.479861 1 0.0236111 0
0 0.479861 1 0.0236111 0
0 0.479861 1 0.0236111 0
0 0.479861 1 0.0236111 0
0 0.479861 1 0.0236111 0
0 0.479861 1 0.0236111 0
0 0.479861 1 0.0236111 0
0 0.479861 1 0.0236111 0
0 0.479861 1 0.0236111 0
0 0.479861 1 0.0236111 0
0 0.479861 1 0.0236111 0
0 0.479861 1 0.0236111 0
0 0.479861 1 0.0236111 0
0 0.479861 1 0.0236111 0
0 0.479861 1 0.0236111 0
0 0.479861 1 0.0236111 0
0 0.479861 1 0.0236111 0
0 0.479861 1 0.0236111 0
0 0.479861 1 0.0236111 0
0 0.479861 1 0.0236111 0
0 0.479861 1 0.0236111 0
0 0.479861 1 0.0236111 0
0 0.479861 1 0.0236111 0
0 0.479861 1 0.0236111 0
0 0.479861 1 0.0236111 0
0 0.479861 1 0.0236111 0
0 0.479861 1 0.0236111 0
0 0.479861 1 0.0236111 0
0 0.479861 1 0.0236111 0
0 0.479861 1 0.0236111 0
