0 0.377083 0 0.0125 0
0 0.575 0 0.0111111 0
0 0.445833 1 0.0305556 0
0 0.377083 0 0.0125 0
0 0.575 0 0.0111111 0
0 0.445833 1 0.0305556 0
0 0.575694 0 0.0125 0
0 0.445833 1 0.0305556 0
0 0.377083 0 0.0125 0
0 0.574306 0 0.00972222 0
0 0.445833 1 0.0305556 0
0 0.574306 0 0.00972222 0
0 0.445833 1 0.0305556 0
0 0.377083 0 0.0125 0
0 0.575 0 0.0111111 0
0 0.445833 1 0.0305556 0
0 0.574306 0 0.00972222 0
0 0.445833 1 0.0305556 0
0 0.377083 0 0.0125 0
0 0.575 0 0.0111111 0
0 0.445833 1 0.0305556 0
0 0.575694 0 0.0125 0
0 0.445833 1 0.0305556 0
0 0.377083 0 0.0125 0
0 0.575 0 0.0111111 0
0 0.445833 1 0.0305556 0
0 0.575694 0 0.0125 0
0 0.445833 1 0.0305556 0
0 0.575 0 0.0111111 0
0 0.445833 1 0.0305556 0
0 0.377083 0 0.0125 0
0 0.575 0 0.0111111 0
0 0.445833 1 0.0305556 0
0 0.574306 0 0.00972222 0
0 0.445833 1 0.0305556 0
0 0.377083 0 0.0125 0
0 0.574306 0 0.00972222 0
0 0.445833 1 0.0305556 0
0 0.575 0 0.0111111 0
0 0.445833 1 0.0305556 0
0 0.377083 0 0.0125 0
0 0.575 0 0.0111111 0
0 0.445833 1 0.0305556 0
0 0.575694 0 0.0125 0
0 0.445833 1 0.0305556 0
0 0.575 0 0.0111111 0
0 0.445833 1 0.0305556 0
0 0.377083 0 0.0125 0
0 0.575694 0 0.0125 0
0 0.445833 1 0.0305556 0
0 0.575 0 0.0111111 0
0 0.445833 1 0.0305556 0
0 0.377083 0 0.0125 0
0 0.575 0 0.0111111 0
0 0.445833 1 0.0305556 0
0 0.574306 0 0.00972222 0
0 0.445833 1 0.0305556 0
0 0.377083 0 0.0125 0
0 0.575 0 0.0111111 0
0 0.445833 1 0.0305556 0
0 0.575 0 0.0111111 0
0 0.445833 1 0.0305556 0
0 0.575 0 0.0111111 0
0 0.445833 1 0.0305556 0
0 0.575694 0 0.0125 0
0 0.445833 1 0.0305556 0
0 0.575 0 0.0111111 0
0 0.445833 1 0.0305556 0
0 0.575694 0 0.0125 0
0 0.445833 1 0.0305556 0
0 0.575 0 0.0111111 0
0 0.445833 1 0.0305556 0
0 0.377083 0 0.0125 0
0 0.575 0 0.0111111 0
0 0.445833 1 0.0305556 0
0 0.574306 0 0.00972222 0
0 0.445833 1 0.0305556 0
0 0.377083 0 0.0125 0
0 0.575 0 0.0111111 0
0 0.445833 1 0.0305556 0
0 0.376389 0 0.0138889 0
0 0.575 0 0.0111111 0
0 0.445833 1 0.0305556 0
0 0.575694 0 0.0125 0
0 0.445833 1 0.0305556 0
0 0.575 0 0.0111111 0
0 0.445833 1 0.0305556 0
0 0.575694 0 0.0125 0
0 0.445833 1 0.0305556 0
0 0.575 0 0.0111111 0
0 0.445833 1 0.0305556 0
0 0.377083 0 0.0125 0
0 0.575 0 0.0111111 0
0 0.445833 1 0.0305556 0
0 0.377083 0 0.0125 0
0 0.575 0 0.0111111 0
0 0.445833 1 0.0305556 0
0 0.377083 0 0.0125 0
0 0.575 0 0.0111111 0
0 0.445833 1 0.0305556 0
0 0.377083 0 0.0125 0
0 0.575 0 0.0111111 0
0 0.445833 1 0.0305556 0
0 0.377083 0 0.0125 0
0 0.575 0 0.0111111 0
0 0.445833 1 0.0305556 0
0 0.377083 0 0.0125 0
0 0.575 0 0.0111111 0
0 0.445833 1 0.0305556 0
0 0.377083 0 0.0125 0
0 0.575 0 0.0111111 0
0 0.445833 1 0.0305556 0
0 0.377083 0 0.0125 0
0 0.575 0 0.0111111 0
0 0.445833 1 0.0305556 0
0 0.377083 0 0.0125 0
0 0.575 0 0.0111111 0
0 0.445833 1 0.0305556 0
0 0.377083 0 0.0125 0
0 0.575 0 0.0111111 0
0 0.445833 1 0.0305556 0
0 0.377083 0 0.0125 0
0 0.575 0 0.0111111 0
0 0.445833 1 0.0305556 0
0 0.377083 0 0.0125 0
0 0.575 0 0.0111111 0
0 0.445833 1 0.0305556 0
0 0.377083 0 0.0125 0
0 0.575 0 0.0111111 0
0 0.445833 1 0.0305556 0
0 0.574306 0 0.00972222 0
0 0.445833 1 0.0305556 0
0 0.575694 0 0.0125 0
0 0.445833 1 0.0305556 0
0 0.377083 0 0.0125 0
0 0.575 0 0.0111111 0
0 0.445833 1 0.0305556 0
0 0.377083 0 0.0125 0
0 0.575694 0 0.0125 0
0 0.445833 1 0.0305556 0
0 0.575694 0 0.0125 0
0 0.445833 1 0.0305556 0
0 0.575 0 0.0111111 0
0 0.445833 1 0.0305556 0
0 0.575 0 0.0111111 0
0 0.445833 1 0.0305556 0
0 0.377083 0 0.0125 0
0 0.575 0 0.0111111 0
0 0.445833 1 0.0305556 0
0 0.574306 0 0.00972222 0
0 0.445833 1 0.0305556 0
0 0.575 0 0.0111111 0
0 0.445833 1 0.0305556 0
0 0.377083 0 0.0125 0
0 0.575 0 0.0111111 0
0 0.445833 1 0.0305556 0
0 0.377083 0 0.0125 0
0 0.575 0 0.0111111 0
0 0.445833 1 0.0305556 0
0 0.377083 0 0.0125 0
0 0.575 0 0.0111111 0
0 0.445833 1 0.0305556 0
0 0.574306 0 0.00972222 0
0 0.445833 1 0.0305556 0
0 0.377083 0 0.0125 0
0 0.575 0 0.0111111 0
0 0.445833 1 0.0305556 0
0 0.575694 0 0.0125 0
0 0.445833 1 0.0305556 0
0 0.377083 0 0.0125 0
0 0.575 0 0.0111111 0
0 0.445833 1 0.0305556 0
0 0.377083 0 0.0125 0
0 0.575694 0 0.0125 0
0 0.445833 1 0.0305556 0
0 0.575 0 0.0111111 0
0 0.445833 1 0.0305556 0
0 0.377083 0 0.0125 0
0 0.575 0 0.0111111 0
0 0.445833 1 0.0305556 0
0 0.574306 0 0.00972222 0
0 0.445833 1 0.0305556 0
0 0.377083 0 0.0125 0
0 0.574306 0 0.00972222 0
0 0.445833 1 0.0305556 0
0 0.575 0 0.0111111 0
0 0.445833 1 0.0305556 0
0 0.377083 0 0.0125 0
0 0.575 0 0.0111111 0
0 0.445833 1 0.0305556 0
0 0.377083 0 0.0125 0
0 0.575694 0 0.0125 0
0 0.445833 1 0.0305556 0
0 0.575 0 0.0111111 0
0 0.445833 1 0.0305556 0
0 0.575 0 0.0111111 0
0 0.445833 1 0.0305556 0
0 0.574306 0 0.00972222 0
0 0.445833 1 0.0305556 0
0 0.377083 0 0.0125 0
0 0.575 0 0.0111111 0
0 0.445833 1 0.0305556 0
0 0.377083 0 0.0125 0
0 0.574306 0 0.00972222 0
0 0.445833 1 0.0305556 0
0 0.575694 0 0.0125 0
0 0.445833 1 0.0305556 0
0 0.377083 0 0.0125 0
0 0.575 0 0.0111111 0
0 0.445833 1 0.0305556 0
0 0.377083 0 0.0125 0
0 0.575694 0 0.0125 0
0 0.445833 1 0.0305556 0
0 0.574306 0 0.00972222 0
0 0.445833 1 0.0305556 0
0 0.575 0 0.0111111 0
0 0.445833 1 0.0305556 0
0 0.574306 0 0.00972222 0
0 0.445833 1 0.0305556 0
0 0.377083 0 0.0125 0
0 0.575 0 0.0111111 0
0 0.445833 1 0.0305556 0
0 0.575 0 0.0111111 0
0 0.445833 1 0.0305556 0
0 0.575694 0 0.0125 0
0 0.445833 1 0.0305556 0
0 0.377083 0 0.0125 0
0 0.574306 0 0.00972222 0
0 0.445833 1 0.0305556 0
0 0.575 0 0.0111111 0
0 0.445833 1 0.0305556 0
0 0.574306 0 0.00972222 0
0 0.445833 1 0.0305556 0
0 0.575 0 0.0111111 0
0 0.445833 1 0.0305556 0
0 0.377083 0 0.0125 0
0 0.575 0 0.0111111 0
0 0.445833 1 0.0305556 0
0 0.574306 0 0.00972222 0
0 0.445833 1 0.0305556 0
0 0.377083 0 0.0125 0
0 0.575 0 0.0111111 0
0 0.445833 1 0.0305556 0
0 0.377083 0 0.0125 0
0 0.575 0 0.0111111 0
0 0.445833 1 0.0305556 0
0 0.377083 0 0.0125 0
0 0.575 0 0.0111111 0
0 0.445833 1 0.0305556 0
0 0.377083 0 0.0125 0
0 0.575 0 0.0111111 0
0 0.445833 1 0.0305556 0
0 0.377083 0 0.0125 0
0 0.575 0 0.0111111 0
0 0.445833 1 0.0305556 0
0 0.377083 0 0.0125 0
0 0.575 0 0.0111111 0
0 0.445833 1 0.0305556 0
0 0.377083 0 0.0125 0
0 0.575 0 0.0111111 0
0 0.445833 1 0.0305556 0
0 0.574306 0 0.00972222 0
0 0.445833 1 0.0305556 0
0 0.377083 0 0.0125 0
0 0.575 0 0.0111111 0
0 0.445833 1 0.0305556 0
0 0.377083 0 0.0125 0
0 0.575694 0 0.0125 0
0 0.445833 1 0.0305556 0
0 0.575 0 0.0111111 0
0 0.445833 1 0.0305556 0
0 0.377083 0 0.0125 0
0 0.574306 0 0.00972222 0
0 0.445833 1 0.0305556 0
0 0.575694 0 0.0125 0
0 0.445833 1 0.0305556 0
0 0.377083 0 0.0125 0
0 0.575 0 0.0111111 0
0 0.445833 1 0.0305556 0
0 0.575694 0 0.0125 0
0 0.445833 1 0.0305556 0
0 0.574306 0 0.00972222 0
0 0.445833 1 0.0305556 0
0 0.377083 0 0.0125 0
0 0.575 0 0.0111111 0
0 0.445833 1 0.0305556 0
0 0.575694 0 0.0125 0
0 0.445833 1 0.0305556 0
0 0.377083 0 0.0125 0
0 0.575 0 0.0111111 0
0 0.445833 1 0.0305556 0
0 0.377083 0 0.0125 0
0 0.574306 0 0.00972222 0
0 0.445833 1 0.0305556 0
0 0.377083 0 0.0125 0
0 0.575694 0 0.0125 0
0 0.445833 1 0.0305556 0
0 0.575 0 0.0111111 0
0 0.445833 1 0.0305556 0
0 0.377083 0 0.0125 0
0 0.575694 0 0.0125 0
0 0.445833 1 0.0305556 0
0 0.377083 0 0.0125 0
0 0.574306 0 0.00972222 0
0 0.445833 1 0.0305556 0
0 0.574306 0 0.00972222 0
0 0.445833 1 0.0305556 0
0 0.574306 0 0.00972222 0
0 0.445833 1 0.0305556 0
0 0.377083 0 0.0125 0
0 0.575694 0 0.0125 0
0 0.446528 1 0.0291667 0
0 0.507639 0 0.0319444 0
0 0.577083 0 0.0125 0
0 0.447222 1 0.0305556 0
0 0.576389 0 0.0111111 0
0 0.447222 1 0.0305556 0
0 0.578472 0 0.00972222 0
0 0.509722 0 0.0333333 0
0 0.450694 1 0.0319444 0
0 0.578472 0 0.00972222 0
0 0.450694 1 0.0319444 0
0 0.579167 0 0.0111111 0
0 0.450694 1 0.0319444 0
0 0.580556 0 0.0111111 0
0 0.452083 1 0.0347222 0
0 0.452778 1 0.0333333 0
0 0.5125 0 0.0333333 0
0 0.581944 0 0.0111111 0
0 0.453472 1 0.0319444 0
0 0.582639 0 0.0125 0
0 0.454861 1 0.0319444 0
0 0.584722 0 0.0111111 0
0 0.454861 1 0.0319444 0
0 0.45625 1 0.0319444 0
0 0.457639 1 0.0291667 0
0 0.515972 0 0.0347222 0
0 0.588194 0 0.00972222 0
0 0.459028 1 0.0263889 0
0 0.590278 0 0.0111111 0
0 0.460417 1 0.0263889 0
0 0.591667 0 0.0111111 0
0 0.460417 1 0.0263889 0
0 0.701389 0 0.0111111 0
0 0.521528 0 0.0347222 0
0 0.59375 0 0.0125 0
0 0.461806 1 0.0236111 0
0 0.465972 1 0.0291667 0
0 0.595139 0 0.0125 0
0 0.596528 0 0.0125 0
0 0.471528 1 0.0347222 0
0 0.707639 0 0.0125 0
0 0.381944 0 0.0138889 0
0 0.597917 0 0.0125 0
0 0.474306 1 0.0375 0
0 0.598611 0 0.0111111 0
0 0.476389 1 0.0388889 0
0 0.600694 0 0.0125 0
0 0.477083 1 0.0375 0
0 0.492361 1 0.0152778 0
0 0.484722 1 0.0305556 0
0 0.601389 0 0.0111111 0
0 0.488194 1 0.0319444 0
0 0.603472 0 0.0125 0
0 0.494444 1 0.0166667 0
0 0.604167 0 0.0111111 0
0 0.49375 1 0.0208333 0
0 0.530556 0 0.0361111 0
0 0.607639 0 0.0125 0
0 0.497222 1 0.025 0
0 0.384722 0 0.0138889 0
0 0.532639 0 0.0375 0
0 0.608333 0 0.0111111 0
0 0.498611 1 0.0277778 0
0 0.610417 0 0.0125 0
0 0.5 1 0.0305556 0
0 0.611806 0 0.0125 0
0 0.502778 1 0.0333333 0
0 0.613889 0 0.0138889 0
0 0.503472 1 0.0375 0
0 0.731944 0 0.0138889 0
0 0.615278 0 0.0138889 0
0 0.504861 1 0.0375 0
0 0.615972 0 0.0125 0
0 0.506944 1 0.0388889 0
0 0.61875 0 0.0152778 0
0 0.510417 1 0.0430556 0
0 0.619444 0 0.0138889 0
0 0.510417 1 0.0430556 0
0 0.388889 0 0.0138889 0
0 0.620139 0 0.0125 0
0 0.513889 1 0.0444444 0
0 0.543056 0 0.0333333 0
0 0.620833 0 0.0138889 0
0 0.515278 1 0.0444444 0
0 0.54375 0 0.0375 0
0 0.390278 0 0.0138889 0
0 0.623611 0 0.0138889 0
0 0.518056 1 0.0444444 0
0 0.389583 0 0.0152778 0
0 0.545139 0 0.0402778 0
0 0.625 0 0.0138889 0
0 0.520833 1 0.0472222 0
0 0.544444 0 0.0388889 0
0 0.625 0 0.0138889 0
0 0.522222 1 0.0472222 0
0 0.390278 0 0.0138889 0
0 0.626389 0 0.0138889 0
0 0.525 1 0.0472222 0
0 0.546528 0 0.0375 0
0 0.626389 0 0.0138889 0
0 0.525694 1 0.0486111 0
0 0.546528 0 0.0375 0
0 0.627083 0 0.0125 0
0 0.526389 1 0.0472222 0
0 0.628472 0 0.0152778 0
0 0.529861 1 0.0486111 0
0 0.55 0 0.0388889 0
0 0.630556 0 0.0138889 0
0 0.390278 0 0.0138889 0
0 0.531944 1 0.05 0
0 0.390278 0 0.0138889 0
0 0.63125 0 0.0152778 0
0 0.532639 1 0.0486111 0
0 0.631944 0 0.0138889 0
0 0.534722 1 0.05 0
0 0.632639 0 0.0180556 0
0 0.757639 0 0.0152778 0
0 0.536806 1 0.0625 0
0 0.633333 0 0.0166667 0
0 0.552083 0 0.0402778 0
0 0.5375 1 0.0527778 0
0 0.552083 0 0.0430556 0
0 0.539583 1 0.0625 0
0 0.634722 0 0.0166667 0
0 0.540972 1 0.0541667 0
0 0.389583 0 0.0152778 0
0 0.636111 0 0.0166667 0
0 0.541667 1 0.0555556 0
0 0.636806 0 0.0180556 0
0 0.544444 1 0.0555556 0
0 0.554861 0 0.0430556 0
0 0.3875 0 0.0166667 0
0 0.638194 0 0.0152778 0
0 0.545139 1 0.0569444 0
0 0.639583 0 0.0152778 0
0 0.546528 1 0.0597222 0
0 0.385417 0 0.0180556 0
0 0.770139 0 0.0152778 0
0 0.639583 0 0.0152778 0
0 0.547222 1 0.0611111 0
0 0.640278 0 0.0138889 0
0 0.547222 1 0.0611111 0
0 0.640972 0 0.0152778 0
0 0.384028 0 0.0152778 0
0 0.548611 1 0.075 0
0 0.640972 0 0.0152778 0
0 0.384028 0 0.0152778 0
0 0.549306 1 0.0625 0
0 0.642361 0 0.0152778 0
0 0.383333 0 0.0166667 0
0 0.548611 1 0.0638889 0
0 0.382639 0 0.0152778 0
0 0.642361 0 0.0152778 0
0 0.775694 0 0.0152778 0
0 0.549306 1 0.0763889 0
0 0.776389 0 0.0166667 0
0 0.549306 1 0.0652778 0
0 0.549306 1 0.0680556 0
0 0.645139 0 0.0180556 0
0 0.556944 0 0.05 0
0 0.245139 0 0.0152778 0
0 0.548611 1 0.0694444 0
0 0.556944 0 0.05 0
0 0.548611 1 0.0694444 0
0 0.379167 0 0.0166667 0
0 0.555556 0 0.05 0
0 0.644444 0 0.0166667 0
0 0.547222 1 0.0694444 0
0 0.779861 0 0.0152778 0
0 0.378472 0 0.0152778 0
0 0.644444 0 0.0166667 0
0 0.545833 1 0.0722222 0
0 0.78125 0 0.0152778 0
0 0.377778 0 0.0166667 0
0 0.644444 0 0.0166667 0
0 0.545833 1 0.0722222 0
0 0.377083 0 0.0152778 0
0 0.78125 0 0.0152778 0
0 0.645139 0 0.0152778 0
0 0.545139 1 0.0736111 0
0 0.376389 0 0.0166667 0
0 0.78125 0 0.0152778 0
0 0.644444 0 0.0166667 0
0 0.543056 1 0.075 0
0 0.2375 0 0.0166667 0
0 0.375 0 0.0166667 0
0 0.781944 0 0.0166667 0
0 0.644444 0 0.0166667 0
0 0.541667 1 0.075 0
0 0.375694 0 0.0180556 0
0 0.644444 0 0.0166667 0
0 0.782639 0 0.0152778 0
0 0.540972 1 0.0763889 0
0 0.644444 0 0.0194444 0
0 0.538194 1 0.0791667 0
0 0.644444 0 0.0194444 0
0 0.536806 1 0.0791667 0
0 0.644444 0 0.0166667 0
0 0.535417 1 0.0791667 0
0 0.64375 0 0.0180556 0
0 0.372917 0 0.0180556 0
0 0.533333 1 0.0777778 0
0 0.64375 0 0.0180556 0
0 0.371528 0 0.0180556 0
0 0.531944 1 0.0777778 0
0 0.64375 0 0.0152778 0
0 0.371528 0 0.0180556 0
0 0.53125 1 0.0791667 0
0 0.64375 0 0.0152778 0
0 0.370833 0 0.0166667 0
0 0.529861 1 0.0791667 0
0 0.370833 0 0.0166667 0
0 0.64375 0 0.0152778 0
0 0.529167 1 0.0777778 0
0 0.783333 0 0.0166667 0
0 0.370139 0 0.0152778 0
0 0.64375 0 0.0152778 0
0 0.528472 1 0.0763889 0
0 0.783333 0 0.0166667 0
0 0.643056 0 0.0166667 0
0 0.369444 0 0.0166667 0
0 0.527778 1 0.075 0
0 0.369444 0 0.0166667 0
0 0.783333 0 0.0166667 0
0 0.643056 0 0.0138889 0
0 0.527083 1 0.0736111 0
0 0.552083 0 0.0458333 0
0 0.783333 0 0.0166667 0
0 0.643056 0 0.0138889 0
0 0.526389 1 0.0722222 0
0 0.552083 0 0.0458333 0
0 0.226389 0 0.0166667 0
0 0.784028 0 0.0180556 0
0 0.643056 0 0.0166667 0
0 0.525694 1 0.0708333 0
0 0.46875 0 0.0319444 0
0 0.226389 0 0.0166667 0
0 0.784028 0 0.0180556 0
0 0.643056 0 0.0166667 0
0 0.525694 1 0.0708333 0
0 0.784028 0 0.0180556 0
0 0.642361 0 0.0152778 0
0 0.525 1 0.0694444 0
0 0.784028 0 0.0180556 0
0 0.365972 0 0.0180556 0
0 0.643056 0 0.0166667 0
0 0.524306 1 0.0708333 0
0 0.365972 0 0.0180556 0
0 0.784028 0 0.0180556 0
0 0.643056 0 0.0166667 0
0 0.525 1 0.0666667 0
0 0.550694 0 0.0458333 0
0 0.784722 0 0.0194444 0
0 0.365278 0 0.0166667 0
0 0.641667 0 0.0166667 0
0 0.524306 1 0.0652778 0
0 0.784028 0 0.0180556 0
0 0.364583 0 0.0152778 0
0 0.642361 0 0.0180556 0
0 0.524306 1 0.0652778 0
0 0.364583 0 0.0152778 0
0 0.642361 0 0.0180556 0
0 0.524306 1 0.0652778 0
0 0.467361 0 0.0291667 0
0 0.363889 0 0.0166667 0
0 0.642361 0 0.0180556 0
0 0.523611 1 0.0666667 0
0 0.466667 0 0.0305556 0
0 0.363889 0 0.0166667 0
0 0.642361 0 0.0180556 0
0 0.525 1 0.0805556 0
0 0.466667 0 0.0305556 0
0 0.643056 0 0.0194444 0
0 0.3625 0 0.0166667 0
0 0.524306 1 0.0625 0
0 0.550694 0 0.0486111 0
0 0.3625 0 0.0166667 0
0 0.642361 0 0.0180556 0
0 0.523611 1 0.0611111 0
0 0.642361 0 0.0180556 0
0 0.522917 1 0.0625 0
0 0.64375 0 0.0180556 0
0 0.522222 1 0.0638889 0
0 0.642361 0 0.0180556 0
0 0.521528 1 0.0652778 0
0 0.643056 0 0.0166667 0
0 0.521528 1 0.0652778 0
0 0.643056 0 0.0194444 0
0 0.522222 1 0.0638889 0
0 0.642361 0 0.0180556 0
0 0.522222 1 0.0638889 0
0 0.643056 0 0.0194444 0
0 0.521528 1 0.0652778 0
0 0.549306 0 0.0458333 0
0 0.786806 0 0.0180556 0
0 0.642361 0 0.0180556 0
0 0.522222 1 0.0638889 0
0 0.788194 0 0.0180556 0
0 0.55 0 0.0472222 0
0 0.643056 0 0.0194444 0
0 0.522222 1 0.0666667 0
0 0.643056 0 0.0194444 0
0 0.522917 1 0.0680556 0
0 0.643056 0 0.0194444 0
0 0.522917 1 0.0680556 0
0 0.64375 0 0.0180556 0
0 0.522917 1 0.0680556 0
0 0.644444 0 0.0194444 0
0 0.523611 1 0.0666667 0
0 0.361806 0 0.0180556 0
0 0.64375 0 0.0180556 0
0 0.524306 1 0.0680556 0
0 0.361111 0 0.0194444 0
0 0.64375 0 0.0180556 0
0 0.525 1 0.0666667 0
0 0.361806 0 0.0180556 0
0 0.644444 0 0.0194444 0
0 0.524306 1 0.0736111 0
0 0.644444 0 0.0194444 0
0 0.525694 1 0.0680556 0
0 0.361806 0 0.0180556 0
0 0.644444 0 0.0166667 0
0 0.525 1 0.0666667 0
0 0.789583 0 0.0180556 0
0 0.645139 0 0.0180556 0
0 0.525 1 0.0694444 0
0 0.789583 0 0.0180556 0
0 0.645139 0 0.0180556 0
0 0.526389 1 0.0694444 0
0 0.789583 0 0.0180556 0
0 0.645139 0 0.0180556 0
0 0.526389 1 0.0694444 0
0 0.552083 0 0.0458333 0
0 0.363889 0 0.0166667 0
0 0.645833 0 0.0166667 0
0 0.527083 1 0.0680556 0
0 0.790278 0 0.0194444 0
0 0.363889 0 0.0166667 0
0 0.645833 0 0.0194444 0
0 0.527778 1 0.0666667 0
0 0.220139 0 0.0180556 0
0 0.363889 0 0.0166667 0
0 0.645139 0 0.0180556 0
0 0.529167 1 0.0694444 0
0 0.220139 0 0.0180556 0
0 0.790278 0 0.0194444 0
0 0.645833 0 0.0166667 0
0 0.529861 1 0.0680556 0
0 0.363889 0 0.0166667 0
0 0.219444 0 0.0166667 0
0 0.646528 0 0.0180556 0
0 0.53125 1 0.0708333 0
0 0.790278 0 0.0194444 0
0 0.220139 0 0.0152778 0
0 0.364583 0 0.0180556 0
0 0.645833 0 0.0166667 0
0 0.531944 1 0.0722222 0
0 0.364583 0 0.0180556 0
0 0.645833 0 0.0166667 0
0 0.532639 1 0.0736111 0
0 0.364583 0 0.0180556 0
0 0.646528 0 0.0180556 0
0 0.533333 1 0.0722222 0
0 0.365278 0 0.0166667 0
0 0.647222 0 0.0166667 0
0 0.533333 1 0.075 0
0 0.365278 0 0.0166667 0
0 0.647222 0 0.0166667 0
0 0.534722 1 0.075 0
0 0.365278 0 0.0166667 0
0 0.647222 0 0.0166667 0
0 0.535417 1 0.0736111 0
0 0.365278 0 0.0166667 0
0 0.647222 0 0.0166667 0
0 0.536111 1 0.075 0
0 0.365278 0 0.0166667 0
0 0.647222 0 0.0166667 0
0 0.536806 1 0.0763889 0
0 0.365278 0 0.0166667 0
0 0.647917 0 0.0180556 0
0 0.536806 1 0.0763889 0
0 0.365278 0 0.0166667 0
0 0.647917 0 0.0180556 0
0 0.536806 1 0.0763889 0
0 0.365972 0 0.0180556 0
0 0.648611 0 0.0166667 0
0 0.5375 1 0.0777778 0
0 0.365278 0 0.0166667 0
0 0.648611 0 0.0166667 0
0 0.538194 1 0.0791667 0
0 0.365972 0 0.0152778 0
0 0.648611 0 0.0166667 0
0 0.538194 1 0.0791667 0
0 0.647917 0 0.0180556 0
0 0.538889 1 0.0805556 0
0 0.365972 0 0.0180556 0
0 0.79375 0 0.0180556 0
0 0.648611 0 0.0166667 0
0 0.539583 1 0.0791667 0
0 0.367361 0 0.0180556 0
0 0.649306 0 0.0180556 0
0 0.540278 1 0.0805556 0
0 0.367361 0 0.0180556 0
0 0.649306 0 0.0152778 0
0 0.540278 1 0.0805556 0
0 0.367361 0 0.0180556 0
0 0.648611 0 0.0166667 0
0 0.540278 1 0.0805556 0
0 0.648611 0 0.0166667 0
0 0.540278 1 0.0805556 0
0 0.649306 0 0.0180556 0
0 0.540278 1 0.0805556 0
0 0.648611 0 0.0194444 0
0 0.540278 1 0.0805556 0
0 0.649306 0 0.0152778 0
0 0.540278 1 0.0805556 0
0 0.649306 0 0.0180556 0
0 0.540278 1 0.0805556 0
0 0.649306 0 0.0180556 0
0 0.540278 1 0.0833333 0
0 0.65 0 0.0166667 0
0 0.539583 1 0.0847222 0
0 0.649306 0 0.0180556 0
0 0.539583 1 0.0847222 0
0 0.65 0 0.0166667 0
0 0.539583 1 0.0847222 0
0 0.793056 0 0.0194444 0
0 0.65 0 0.0166667 0
0 0.540278 1 0.0833333 0
0 0.367361 0 0.0180556 0
0 0.79375 0 0.0208333 0
0 0.648611 0 0.0166667 0
0 0.538889 1 0.0833333 0
0 0.794444 0 0.0194444 0
0 0.368056 0 0.0166667 0
0 0.65 0 0.0166667 0
0 0.538889 1 0.0833333 0
0 0.367361 0 0.0180556 0
0 0.79375 0 0.0180556 0
0 0.649306 0 0.0152778 0
0 0.538889 1 0.0833333 0
0 0.367361 0 0.0180556 0
0 0.79375 0 0.0180556 0
0 0.649306 0 0.0152778 0
0 0.538889 1 0.0833333 0
0 0.367361 0 0.0180556 0
0 0.793056 0 0.0166667 0
0 0.649306 0 0.0152778 0
0 0.539583 1 0.0819444 0
0 0.793056 0 0.0166667 0
0 0.649306 0 0.0152778 0
0 0.539583 1 0.0819444 0
0 0.367361 0 0.0180556 0
0 0.793056 0 0.0166667 0
0 0.649306 0 0.0152778 0
0 0.538889 1 0.0833333 0
0 0.55625 0 0.0513889 0
0 0.793056 0 0.0166667 0
0 0.649306 0 0.0152778 0
0 0.538889 1 0.0833333 0
0 0.793056 0 0.0166667 0
0 0.649306 0 0.0152778 0
0 0.538889 1 0.0833333 0
0 0.367361 0 0.0180556 0
0 0.793056 0 0.0166667 0
0 0.649306 0 0.0152778 0
0 0.538889 1 0.0833333 0
0 0.648611 0 0.0166667 0
0 0.793056 0 0.0166667 0
0 0.538194 1 0.0819444 0
0 0.793056 0 0.0194444 0
0 0.649306 0 0.0180556 0
0 0.538194 1 0.0819444 0
0 0.791667 0 0.0194444 0
0 0.648611 0 0.0166667 0
0 0.5375 1 0.0833333 0
0 0.792361 0 0.0180556 0
0 0.649306 0 0.0180556 0
0 0.5375 1 0.0833333 0
0 0.791667 0 0.0194444 0
0 0.648611 0 0.0194444 0
0 0.5375 1 0.0833333 0
0 0.791667 0 0.0194444 0
0 0.367361 0 0.0180556 0
0 0.648611 0 0.0194444 0
0 0.5375 1 0.0833333 0
0 0.55625 0 0.0513889 0
0 0.648611 0 0.0194444 0
0 0.538194 1 0.0819444 0
0 0.792361 0 0.0208333 0
0 0.556944 0 0.0527778 0
0 0.649306 0 0.0180556 0
0 0.536806 1 0.0819444 0
0 0.555556 0 0.05 0
0 0.648611 0 0.0194444 0
0 0.536806 1 0.0819444 0
0 0.367361 0 0.0180556 0
0 0.555556 0 0.05 0
0 0.647917 0 0.0180556 0
0 0.5375 1 0.0805556 0
0 0.365972 0 0.0180556 0
0 0.554861 0 0.0486111 0
0 0.647917 0 0.0180556 0
0 0.5375 1 0.0805556 0
0 0.365972 0 0.0180556 0
0 0.647917 0 0.0180556 0
0 0.536806 1 0.0791667 0
0 0.366667 0 0.0166667 0
0 0.647917 0 0.0180556 0
0 0.536806 1 0.0791667 0
0 0.365972 0 0.0180556 0
0 0.647917 0 0.0180556 0
0 0.536806 1 0.0763889 0
0 0.647917 0 0.0180556 0
0 0.536111 1 0.0777778 0
0 0.365278 0 0.0166667 0
0 0.647222 0 0.0166667 0
0 0.536111 1 0.075 0
0 0.647222 0 0.0166667 0
0 0.536111 1 0.075 0
0 0.365278 0 0.0166667 0
0 0.647222 0 0.0166667 0
0 0.536111 1 0.075 0
0 0.365278 0 0.0166667 0
0 0.647222 0 0.0166667 0
0 0.535417 1 0.0736111 0
0 0.365278 0 0.0166667 0
0 0.647222 0 0.0166667 0
0 0.535417 1 0.0736111 0
0 0.791667 0 0.0194444 0
0 0.365278 0 0.0166667 0
0 0.646528 0 0.0180556 0
0 0.536111 1 0.0722222 0
0 0.791667 0 0.0194444 0
0 0.365278 0 0.0166667 0
0 0.646528 0 0.0180556 0
0 0.534722 1 0.0722222 0
0 0.791667 0 0.0194444 0
0 0.647222 0 0.0166667 0
0 0.365278 0 0.0166667 0
0 0.534722 1 0.0722222 0
0 0.791667 0 0.0194444 0
0 0.365278 0 0.0166667 0
0 0.646528 0 0.0180556 0
0 0.534722 1 0.0722222 0
0 0.790972 0 0.0180556 0
0 0.364583 0 0.0180556 0
0 0.646528 0 0.0180556 0
0 0.534722 1 0.0722222 0
0 0.790972 0 0.0208333 0
0 0.365278 0 0.0166667 0
0 0.646528 0 0.0180556 0
0 0.534722 1 0.0722222 0
0 0.791667 0 0.0194444 0
0 0.365278 0 0.0166667 0
0 0.646528 0 0.0180556 0
0 0.534028 1 0.0708333 0
0 0.790972 0 0.0208333 0
0 0.365278 0 0.0166667 0
0 0.646528 0 0.0180556 0
0 0.534028 1 0.0708333 0
0 0.553472 0 0.0486111 0
0 0.790278 0 0.0194444 0
0 0.365278 0 0.0166667 0
0 0.646528 0 0.0180556 0
0 0.534028 1 0.0708333 0
0 0.790972 0 0.0180556 0
0 0.365278 0 0.0166667 0
0 0.646528 0 0.0180556 0
0 0.534722 1 0.0722222 0
0 0.365278 0 0.0166667 0
0 0.790278 0 0.0194444 0
0 0.645833 0 0.0166667 0
0 0.534722 1 0.0722222 0
0 0.365278 0 0.0166667 0
0 0.790278 0 0.0194444 0
0 0.646528 0 0.0180556 0
0 0.534028 1 0.0708333 0
0 0.790278 0 0.0194444 0
0 0.645833 0 0.0166667 0
0 0.534028 1 0.0708333 0
0 0.790278 0 0.0194444 0
0 0.645833 0 0.0166667 0
0 0.534028 1 0.0708333 0
0 0.790972 0 0.0180556 0
0 0.646528 0 0.0180556 0
0 0.533333 1 0.0722222 0
0 0.365278 0 0.0166667 0
0 0.790972 0 0.0180556 0
0 0.646528 0 0.0180556 0
0 0.534028 1 0.0708333 0
0 0.365278 0 0.0166667 0
0 0.790972 0 0.0180556 0
0 0.646528 0 0.0180556 0
0 0.533333 1 0.0722222 0
0 0.365278 0 0.0166667 0
0 0.790972 0 0.0180556 0
0 0.645833 0 0.0166667 0
0 0.534028 1 0.0708333 0
0 0.365278 0 0.0166667 0
0 0.790972 0 0.0180556 0
0 0.646528 0 0.0180556 0
0 0.534028 1 0.0708333 0
0 0.365278 0 0.0166667 0
0 0.790278 0 0.0194444 0
0 0.645833 0 0.0166667 0
0 0.534028 1 0.0708333 0
0 0.365278 0 0.0166667 0
0 0.790278 0 0.0194444 0
0 0.645833 0 0.0166667 0
0 0.533333 1 0.0694444 0
0 0.790278 0 0.0194444 0
0 0.645833 0 0.0166667 0
0 0.533333 1 0.0694444 0
0 0.364583 0 0.0152778 0
0 0.790278 0 0.0194444 0
0 0.645833 0 0.0166667 0
0 0.533333 1 0.0694444 0
0 0.790278 0 0.0194444 0
0 0.364583 0 0.0152778 0
0 0.645833 0 0.0166667 0
0 0.533333 1 0.0694444 0
0 0.552778 0 0.05 0
0 0.790278 0 0.0194444 0
0 0.364583 0 0.0152778 0
0 0.645833 0 0.0166667 0
0 0.533333 1 0.0694444 0
0 0.365278 0 0.0166667 0
0 0.790278 0 0.0166667 0
0 0.645833 0 0.0166667 0
0 0.533333 1 0.0722222 0
0 0.364583 0 0.0180556 0
0 0.789583 0 0.0180556 0
0 0.645833 0 0.0166667 0
0 0.533333 1 0.0722222 0
0 0.468056 0 0.0333333 0
0 0.790278 0 0.0194444 0
0 0.645833 0 0.0166667 0
0 0.365278 0 0.0166667 0
0 0.532639 1 0.0708333 0
0 0.468056 0 0.0333333 0
0 0.790278 0 0.0194444 0
0 0.645833 0 0.0166667 0
0 0.365278 0 0.0166667 0
0 0.532639 1 0.0708333 0
0 0.790972 0 0.0180556 0
0 0.365278 0 0.0166667 0
0 0.646528 0 0.0180556 0
0 0.534028 1 0.0736111 0
0 0.365278 0 0.0166667 0
0 0.646528 0 0.0180556 0
0 0.533333 1 0.075 0
0 0.365278 0 0.0166667 0
0 0.646528 0 0.0180556 0
0 0.533333 1 0.075 0
0 0.790278 0 0.0194444 0
0 0.365278 0 0.0166667 0
0 0.645833 0 0.0166667 0
0 0.533333 1 0.075 0
0 0.365972 0 0.0180556 0
0 0.645833 0 0.0166667 0
0 0.534028 1 0.0736111 0
0 0.365972 0 0.0180556 0
0 0.646528 0 0.0180556 0
0 0.534028 1 0.0736111 0
0 0.365972 0 0.0180556 0
0 0.646528 0 0.0180556 0
0 0.534028 1 0.0736111 0
0 0.647222 0 0.0166667 0
0 0.534028 1 0.0736111 0
0 0.790278 0 0.0194444 0
0 0.365972 0 0.0180556 0
0 0.646528 0 0.0180556 0
0 0.534722 1 0.075 0
0 0.790972 0 0.0180556 0
0 0.365972 0 0.0180556 0
0 0.647222 0 0.0166667 0
0 0.534722 1 0.075 0
0 0.365972 0 0.0152778 0
0 0.646528 0 0.0180556 0
0 0.534722 1 0.075 0
0 0.365972 0 0.0152778 0
0 0.647222 0 0.0166667 0
0 0.534722 1 0.075 0
0 0.790972 0 0.0180556 0
0 0.647222 0 0.0166667 0
0 0.535417 1 0.0763889 0
0 0.791667 0 0.0194444 0
0 0.646528 0 0.0180556 0
0 0.535417 1 0.0763889 0
0 0.647222 0 0.0166667 0
0 0.535417 1 0.0763889 0
0 0.647222 0 0.0166667 0
0 0.535417 1 0.0763889 0
0 0.366667 0 0.0166667 0
0 0.791667 0 0.0194444 0
0 0.646528 0 0.0180556 0
0 0.535417 1 0.0763889 0
0 0.366667 0 0.0166667 0
0 0.791667 0 0.0194444 0
0 0.647222 0 0.0166667 0
0 0.536111 1 0.0777778 0
0 0.791667 0 0.0194444 0
0 0.646528 0 0.0180556 0
0 0.536111 1 0.0777778 0
0 0.791667 0 0.0194444 0
0 0.367361 0 0.0180556 0
0 0.647917 0 0.0180556 0
0 0.536806 1 0.0763889 0
0 0.791667 0 0.0194444 0
0 0.367361 0 0.0180556 0
0 0.647917 0 0.0180556 0
0 0.536806 1 0.0763889 0
0 0.646528 0 0.0180556 0
0 0.365972 0 0.0180556 0
0 0.536111 1 0.0777778 0
0 0.646528 0 0.0180556 0
0 0.365972 0 0.0180556 0
0 0.536111 1 0.0777778 0
0 0.792361 0 0.0208333 0
0 0.647917 0 0.0180556 0
0 0.5375 1 0.0777778 0
0 0.647917 0 0.0180556 0
0 0.793056 0 0.0194444 0
0 0.538194 1 0.0791667 0
0 0.793056 0 0.0194444 0
0 0.647917 0 0.0180556 0
0 0.538194 1 0.0791667 0
0 0.647917 0 0.0180556 0
0 0.538194 1 0.0791667 0
0 0.647917 0 0.0180556 0
0 0.538194 1 0.0791667 0
0 0.649306 0 0.0180556 0
0 0.538194 1 0.0791667 0
0 0.368056 0 0.0194444 0
0 0.793056 0 0.0166667 0
0 0.648611 0 0.0166667 0
0 0.538889 1 0.0777778 0
0 0.367361 0 0.0180556 0
0 0.793056 0 0.0166667 0
0 0.649306 0 0.0180556 0
0 0.538889 1 0.0777778 0
0 0.649306 0 0.0152778 0
0 0.539583 1 0.0791667 0
0 0.556944 0 0.05 0
0 0.649306 0 0.0180556 0
0 0.538889 1 0.0833333 0
0 0.556944 0 0.05 0
0 0.649306 0 0.0180556 0
0 0.538889 1 0.0833333 0
0 0.55625 0 0.0486111 0
0 0.368056 0 0.0166667 0
0 0.649306 0 0.0180556 0
0 0.538889 1 0.0833333 0
0 0.649306 0 0.0180556 0
0 0.538889 1 0.0833333 0
0 0.367361 0 0.0180556 0
0 0.793056 0 0.0166667 0
0 0.649306 0 0.0152778 0
0 0.538889 1 0.0833333 0
0 0.79375 0 0.0152778 0
0 0.649306 0 0.0152778 0
0 0.538194 1 0.0847222 0
0 0.793056 0 0.0166667 0
0 0.649306 0 0.0180556 0
0 0.5375 1 0.0888889 0
0 0.648611 0 0.0194444 0
0 0.5375 1 0.0861111 0
0 0.792361 0 0.0180556 0
0 0.649306 0 0.0152778 0
0 0.536806 1 0.0902778 0
0 0.794444 0 0.0166667 0
0 0.649306 0 0.0152778 0
0 0.5375 1 0.0888889 0
0 0.649306 0 0.0152778 0
0 0.5375 1 0.0888889 0
0 0.649306 0 0.0152778 0
0 0.5375 1 0.0888889 0
0 0.794444 0 0.0166667 0
0 0.648611 0 0.0166667 0
0 0.365972 0 0.0180556 0
0 0.538889 1 0.0888889 0
0 0.795139 0 0.0180556 0
0 0.365972 0 0.0180556 0
0 0.648611 0 0.0194444 0
0 0.540278 1 0.0888889 0
0 0.365972 0 0.0180556 0
0 0.649306 0 0.0180556 0
0 0.541667 1 0.0916667 0
0 0.795139 0 0.0180556 0
0 0.365278 0 0.0166667 0
0 0.649306 0 0.0152778 0
0 0.543056 1 0.0916667 0
0 0.795833 0 0.0194444 0
0 0.364583 0 0.0180556 0
0 0.65 0 0.0166667 0
0 0.55 1 0.0916667 0
0 0.795833 0 0.0194444 0
0 0.364583 0 0.0180556 0
0 0.65 0 0.0166667 0
0 0.55 1 0.0916667 0
0 0.46875 0 0.0319444 0
0 0.363889 0 0.0166667 0
0 0.649306 0 0.0180556 0
0 0.795833 0 0.0166667 0
0 0.554167 1 0.0944444 0
0 0.795139 0 0.0180556 0
0 0.363889 0 0.0166667 0
0 0.648611 0 0.0194444 0
0 0.558333 1 0.0972222 0
0 0.797222 0 0.0194444 0
0 0.560417 0 0.0402778 0
0 0.3625 0 0.0166667 0
0 0.649306 0 0.0152778 0
0 0.563889 1 0.0944444 0
0 0.797222 0 0.0194444 0
0 0.560417 0 0.0402778 0
0 0.3625 0 0.0166667 0
0 0.649306 0 0.0152778 0
0 0.563889 1 0.0944444 0
0 0.559028 0 0.0402778 0
0 0.214583 0 0.0180556 0
0 0.797222 0 0.0194444 0
0 0.65 0 0.0194444 0
0 0.568056 1 0.0972222 0
0 0.3625 0 0.0194444 0
0 0.214583 0 0.0180556 0
0 0.797222 0 0.0194444 0
0 0.65 0 0.0166667 0
0 0.569444 1 0.1 0
0 0.361806 0 0.0180556 0
0 0.214583 0 0.0180556 0
0 0.797222 0 0.0194444 0
0 0.65 0 0.0166667 0
0 0.569444 1 0.1 0
0 0.214583 0 0.0180556 0
0 0.797222 0 0.0194444 0
0 0.65 0 0.0166667 0
0 0.569444 1 0.1 0
0 0.361806 0 0.0208333 0
0 0.214583 0 0.0180556 0
0 0.797222 0 0.0194444 0
0 0.65 0 0.0166667 0
0 0.569444 1 0.1 0
0 0.361111 0 0.0194444 0
0 0.796528 0 0.0180556 0
0 0.649306 0 0.0180556 0
0 0.570833 1 0.1 0
0 0.213194 0 0.0180556 0
0 0.797222 0 0.0194444 0
0 0.361806 0 0.0180556 0
0 0.65 0 0.0166667 0
0 0.571528 1 0.101389 0
0 0.213194 0 0.0180556 0
0 0.797222 0 0.0194444 0
0 0.361806 0 0.0180556 0
0 0.65 0 0.0166667 0
0 0.571528 1 0.101389 0
0 0.213194 0 0.0180556 0
0 0.797222 0 0.0194444 0
0 0.361806 0 0.0180556 0
0 0.65 0 0.0166667 0
0 0.571528 1 0.101389 0
0 0.213194 0 0.0180556 0
0 0.361806 0 0.0180556 0
0 0.797222 0 0.0194444 0
0 0.65 0 0.0166667 0
0 0.571528 1 0.101389 0
0 0.213194 0 0.0180556 0
0 0.361806 0 0.0180556 0
0 0.797222 0 0.0194444 0
0 0.65 0 0.0166667 0
0 0.571528 1 0.101389 0
0 0.796528 0 0.0180556 0
0 0.361111 0 0.0194444 0
0 0.648611 0 0.0194444 0
0 0.571528 0.5 0.101389 1
0 0.359722 0 0.0194444 0
0 0.648611 0 0.0194444 0
0 0.570139 0.5 0.101389 1
0 0.559722 0 0.0388889 0
0 0.466667 0 0.0361111 0
0 0.361111 0 0.0194444 0
0 0.647917 0 0.0208333 0
0 0.570139 0.5 0.101389 1
0 0.359722 0 0.0194444 0
0 0.649306 0 0.0208333 0
0 0.570139 0.5 0.101389 1
0 0.559722 0 0.0388889 0
0 0.466667 0 0.0361111 0
0 0.361111 0 0.0194444 0
0 0.647917 0 0.0208333 0
0 0.570139 0.5 0.101389 1
0 0.648611 0 0.0194444 0
0 0.360417 0 0.0180556 0
0 0.569444 0.5 0.102778 1
0 0.797917 0 0.0180556 0
0 0.649306 0 0.0180556 0
0 0.359722 0 0.0194444 0
0 0.567361 0.5 0.101389 1
0 0.797917 0 0.0180556 0
0 0.649306 0 0.0180556 0
0 0.359722 0 0.0194444 0
0 0.567361 0.5 0.101389 1
0 0.797917 0 0.0180556 0
0 0.648611 0 0.0194444 0
0 0.359722 0 0.0194444 0
0 0.567361 0.5 0.101389 1
0 0.797917 0 0.0180556 0
0 0.649306 0 0.0180556 0
0 0.359722 0 0.0194444 0
0 0.567361 0.5 0.101389 1
0 0.558333 0 0.0388889 0
0 0.797222 0 0.0194444 0
0 0.359028 0 0.0180556 0
0 0.648611 0 0.0166667 0
0 0.5625 0.5 0.102778 1
0 0.797222 0 0.0194444 0
0 0.648611 0 0.0166667 0
0 0.359028 0 0.0180556 0
0 0.561111 0.5 0.102778 1
0 0.797222 0 0.0194444 0
0 0.358333 0 0.0166667 0
0 0.648611 0 0.0166667 0
0 0.558333 0.5 0.102778 1
0 0.210417 0 0.0180556 0
0 0.797222 0 0.0194444 0
0 0.358333 0 0.0166667 0
0 0.648611 0 0.0166667 0
0 0.558333 0.5 0.102778 1
0 0.210417 0 0.0180556 0
0 0.797222 0 0.0194444 0
0 0.358333 0 0.0166667 0
0 0.648611 0 0.0166667 0
0 0.558333 0.5 0.102778 1
0 0.797222 0 0.0194444 0
0 0.358333 0 0.0166667 0
0 0.649306 0 0.0180556 0
0 0.556944 0.5 0.102778 1
0 0.797222 0 0.0194444 0
0 0.358333 0 0.0166667 0
0 0.649306 0 0.0180556 0
0 0.556944 0.5 0.102778 1
0 0.556944 0 0.0388889 0
0 0.647917 0 0.0180556 0
0 0.358333 0 0.0166667 0
0 0.55 0.5 0.1 1
0 0.358333 0 0.0166667 0
0 0.647917 0 0.0180556 0
0 0.55 0.5 0.1 1
0 0.647917 0 0.0180556 0
0 0.358333 0 0.0166667 0
0 0.55 0.5 0.1 1
0 0.647917 0 0.0180556 0
0 0.358333 0 0.0166667 0
0 0.55 0.5 0.1 1
0 0.797222 0 0.0194444 0
0 0.207639 0 0.0180556 0
0 0.356944 0 0.0166667 0
0 0.648611 0 0.0194444 0
0 0.54375 0.5 0.104167 1
0 0.796528 0 0.0180556 0
0 0.207639 0 0.0180556 0
0 0.357639 0 0.0180556 0
0 0.648611 0 0.0194444 0
0 0.542361 0.5 0.104167 1
0 0.797222 0 0.0194444 0
0 0.207639 0 0.0180556 0
0 0.356944 0 0.0194444 0
0 0.648611 0 0.0194444 0
0 0.542361 0.5 0.104167 1
0 0.797222 0 0.0194444 0
0 0.357639 0 0.0180556 0
0 0.207639 0 0.0180556 0
0 0.648611 0 0.0194444 0
0 0.542361 0.5 0.104167 1
0 0.797222 0 0.0194444 0
0 0.357639 0 0.0180556 0
0 0.207639 0 0.0180556 0
0 0.648611 0 0.0194444 0
0 0.542361 0.5 0.104167 1
0 0.797222 0 0.0194444 0
0 0.556944 0 0.0388889 0
0 0.35625 0 0.0180556 0
0 0.206944 0 0.0166667 0
0 0.647222 0 0.0194444 0
0 0.536806 0.5 0.104167 1
0 0.797222 0 0.0194444 0
0 0.556944 0 0.0388889 0
0 0.35625 0 0.0180556 0
0 0.206944 0 0.0166667 0
0 0.647222 0 0.0194444 0
0 0.536806 0.5 0.104167 1
0 0.206944 0 0.0194444 0
0 0.35625 0 0.0180556 0
0 0.796528 0 0.0180556 0
0 0.647222 0 0.0194444 0
0 0.534722 0.5 0.105556 1
0 0.55625 0 0.0402778 0
0 0.206944 0 0.0194444 0
0 0.35625 0 0.0180556 0
0 0.796528 0 0.0180556 0
0 0.647222 0 0.0194444 0
0 0.534028 0.5 0.104167 1
0 0.55625 0 0.0402778 0
0 0.206944 0 0.0194444 0
0 0.35625 0 0.0180556 0
0 0.796528 0 0.0180556 0
0 0.647222 0 0.0194444 0
0 0.534028 0.5 0.104167 1
0 0.354861 0 0.0180556 0
0 0.795833 0 0.0194444 0
0 0.647222 0 0.0194444 0
0 0.524306 0.5 0.106944 1
0 0.795833 0 0.0194444 0
0 0.354861 0 0.0180556 0
0 0.524306 0.5 0.106944 1
0 0.647222 0 0.0194444 0
0 0.354861 0 0.0180556 0
0 0.795833 0 0.0194444 0
0 0.647222 0 0.0194444 0
0 0.524306 0.5 0.106944 1
0 0.795833 0 0.0194444 0
0 0.354861 0 0.0180556 0
0 0.524306 0.5 0.106944 1
0 0.647222 0 0.0194444 0
0 0.795833 0 0.0194444 0
0 0.647222 0 0.0194444 0
0 0.524306 0.5 0.106944 1
0 0.795833 0 0.0194444 0
0 0.354861 0 0.0180556 0
0 0.524306 0.5 0.106944 1
0 0.647222 0 0.0194444 0
0 0.795833 0 0.0194444 0
0 0.354167 0 0.0194444 0
0 0.647222 0 0.0194444 0
0 0.521528 0.5 0.106944 1
0 0.354167 0 0.0194444 0
0 0.796528 0 0.0180556 0
0 0.646528 0 0.0180556 0
0 0.51875 0.5 0.104167 1
0 0.354167 0 0.0194444 0
0 0.796528 0 0.0180556 0
0 0.646528 0 0.0180556 0
0 0.51875 0.5 0.104167 1
0 0.354167 0 0.0194444 0
0 0.796528 0 0.0180556 0
0 0.646528 0 0.0180556 0
0 0.51875 0.5 0.104167 1
0 0.353472 0 0.0180556 0
0 0.796528 0 0.0180556 0
0 0.646528 0 0.0180556 0
0 0.51875 0.5 0.104167 1
0 0.353472 0 0.0180556 0
0 0.796528 0 0.0180556 0
0 0.646528 0 0.0180556 0
0 0.518056 0.5 0.105556 1
0 0.796528 0 0.0180556 0
0 0.353472 0 0.0180556 0
0 0.646528 0 0.0180556 0
0 0.514583 0.5 0.1125 1
0 0.795833 0 0.0166667 0
0 0.352083 0 0.0180556 0
0 0.513889 0.5 0.111111 1
0 0.646528 0 0.0180556 0
0 0.795833 0 0.0166667 0
0 0.352083 0 0.0180556 0
0 0.513889 0.5 0.111111 1
0 0.646528 0 0.0180556 0
0 0.795833 0 0.0166667 0
0 0.352083 0 0.0180556 0
0 0.646528 0 0.0180556 0
0 0.513889 0.5 0.111111 1
0 0.795833 0 0.0166667 0
0 0.352083 0 0.0180556 0
0 0.646528 0 0.0180556 0
0 0.513889 0.5 0.111111 1
0 0.795833 0 0.0166667 0
0 0.352083 0 0.0180556 0
0 0.5125 0.5 0.111111 1
0 0.646528 0 0.0180556 0
0 0.795833 0 0.0166667 0
0 0.352083 0 0.0180556 0
0 0.645139 0 0.0180556 0
0 0.509028 0.5 0.109722 1
0 0.795833 0 0.0166667 0
0 0.352083 0 0.0180556 0
0 0.645139 0 0.0180556 0
0 0.509028 0.5 0.109722 1
0 0.795833 0 0.0166667 0
0 0.352083 0 0.0180556 0
0 0.509028 0.5 0.109722 1
0 0.645833 0 0.0166667 0
0 0.795833 0 0.0166667 0
0 0.352083 0 0.0180556 0
0 0.645139 0 0.0180556 0
0 0.509028 0.5 0.109722 1
0 0.795833 0 0.0166667 0
0 0.352083 0 0.0180556 0
0 0.645139 0 0.0180556 0
0 0.507639 0.5 0.109722 1
0 0.795139 0 0.0180556 0
0 0.352083 0 0.0180556 0
0 0.645139 0 0.0180556 0
0 0.506944 0.5 0.111111 1
0 0.795139 0 0.0180556 0
0 0.352083 0 0.0180556 0
0 0.645139 0 0.0180556 0
0 0.506944 0.5 0.111111 1
0 0.795139 0 0.0180556 0
0 0.352083 0 0.0180556 0
0 0.645139 0 0.0180556 0
0 0.506944 0.5 0.111111 1
0 0.795139 0 0.0180556 0
0 0.352083 0 0.0180556 0
0 0.645139 0 0.0180556 0
0 0.506944 0.5 0.111111 1
0 0.795139 0 0.0180556 0
0 0.352083 0 0.0180556 0
0 0.505556 0.5 0.111111 1
0 0.645139 0 0.0180556 0
0 0.795139 0 0.0180556 0
0 0.351389 0 0.0166667 0
0 0.645139 0 0.0180556 0
0 0.503472 0.5 0.1125 1
0 0.795139 0 0.0180556 0
0 0.350694 0 0.0180556 0
0 0.645139 0 0.0180556 0
0 0.501389 0.5 0.111111 1
0 0.795139 0 0.0180556 0
0 0.350694 0 0.0180556 0
0 0.645139 0 0.0180556 0
0 0.5 0.5 0.111111 1
0 0.795139 0 0.0180556 0
0 0.350694 0 0.0180556 0
0 0.644444 0 0.0194444 0
0 0.5 0.5 0.111111 1
0 0.795139 0 0.0180556 0
0 0.350694 0 0.0180556 0
0 0.644444 0 0.0194444 0
0 0.5 0.5 0.111111 1
0 0.349306 0 0.0180556 0
0 0.795139 0 0.0180556 0
0 0.645139 0 0.0208333 0
0 0.496528 0.5 0.109722 1
0 0.348611 0 0.0194444 0
0 0.794444 0 0.0194444 0
0 0.644444 0 0.0194444 0
0 0.488194 0.5 0.109722 1
0 0.348611 0 0.0194444 0
0 0.794444 0 0.0194444 0
0 0.644444 0 0.0194444 0
0 0.488194 0.5 0.109722 1
0 0.348611 0 0.0194444 0
0 0.794444 0 0.0194444 0
0 0.644444 0 0.0194444 0
0 0.488194 0.5 0.109722 1
0 0.348611 0 0.0194444 0
0 0.794444 0 0.0194444 0
0 0.644444 0 0.0194444 0
0 0.488194 0.5 0.109722 1
0 0.348611 0 0.0194444 0
0 0.794444 0 0.0194444 0
0 0.644444 0 0.0194444 0
0 0.488194 0.5 0.109722 1
0 0.458333 0 0.0361111 0
0 0.794444 0 0.0194444 0
0 0.348611 0 0.0194444 0
0 0.644444 0 0.0194444 0
0 0.4875 0.5 0.108333 1
0 0.348611 0 0.0194444 0
0 0.794444 0 0.0194444 0
0 0.644444 0 0.0194444 0
0 0.486806 0.5 0.109722 1
0 0.794444 0 0.0194444 0
0 0.348611 0 0.0194444 0
0 0.644444 0 0.0194444 0
0 0.486806 0.5 0.109722 1
0 0.79375 0 0.0180556 0
0 0.348611 0 0.0194444 0
0 0.644444 0 0.0194444 0
0 0.486806 0.5 0.109722 1
0 0.549306 0 0.0402778 0
0 0.79375 0 0.0180556 0
0 0.348611 0 0.0194444 0
0 0.644444 0 0.0194444 0
0 0.486806 0.5 0.109722 1
0 0.347917 0 0.0208333 0
0 0.548611 0 0.0416667 0
0 0.79375 0 0.0180556 0
0 0.64375 0 0.0180556 0
0 0.486806 0.5 0.109722 1
0 0.347917 0 0.0208333 0
0 0.548611 0 0.0416667 0
0 0.79375 0 0.0180556 0
0 0.64375 0 0.0180556 0
0 0.486806 0.5 0.109722 1
0 0.549306 0 0.0402778 0
0 0.79375 0 0.0180556 0
0 0.347917 0 0.0208333 0
0 0.64375 0 0.0180556 0
0 0.488194 0.5 0.109722 1
0 0.79375 0 0.0180556 0
0 0.347917 0 0.0208333 0
0 0.64375 0 0.0180556 0
0 0.488194 0.5 0.109722 1
0 0.549306 0 0.0402778 0
0 0.79375 0 0.0180556 0
0 0.347917 0 0.0208333 0
0 0.64375 0 0.0180556 0
0 0.488194 0.5 0.109722 1
0 0.79375 0 0.0180556 0
0 0.347917 0 0.0208333 0
0 0.64375 0 0.0180556 0
0 0.488194 0.5 0.109722 1
0 0.548611 0 0.0388889 0
0 0.79375 0 0.0180556 0
0 0.347222 0 0.0194444 0
0 0.643056 0 0.0194444 0
0 0.491667 0.5 0.111111 1
0 0.548611 0 0.0416667 0
0 0.79375 0 0.0180556 0
0 0.347222 0 0.0194444 0
0 0.643056 0 0.0166667 0
0 0.491667 0.5 0.111111 1
0 0.548611 0 0.0416667 0
0 0.79375 0 0.0180556 0
0 0.347222 0 0.0194444 0
0 0.643056 0 0.0194444 0
0 0.491667 0.5 0.111111 1
0 0.548611 0 0.0416667 0
0 0.79375 0 0.0180556 0
0 0.347222 0 0.0194444 0
0 0.643056 0 0.0194444 0
0 0.491667 0.5 0.111111 1
0 0.347222 0 0.0194444 0
0 0.79375 0 0.0180556 0
0 0.643056 0 0.0194444 0
0 0.491667 0.5 0.111111 1
0 0.79375 0 0.0180556 0
0 0.346528 0 0.0180556 0
0 0.642361 0 0.0180556 0
0 0.493056 0.5 0.111111 1
0 0.79375 0 0.0180556 0
0 0.346528 0 0.0180556 0
0 0.643056 0 0.0194444 0
0 0.493056 0.5 0.111111 1
0 0.346528 0 0.0180556 0
0 0.793056 0 0.0194444 0
0 0.643056 0 0.0194444 0
0 0.493056 0.5 0.111111 1
0 0.793056 0 0.0194444 0
0 0.346528 0 0.0180556 0
0 0.643056 0 0.0194444 0
0 0.493056 0.5 0.111111 1
0 0.79375 0 0.0180556 0
0 0.346528 0 0.0180556 0
0 0.642361 0 0.0180556 0
0 0.493056 0.5 0.111111 1
0 0.45625 0 0.0375 0
0 0.793056 0 0.0194444 0
0 0.345833 0 0.0194444 0
0 0.642361 0 0.0180556 0
0 0.493056 0.5 0.111111 1
0 0.79375 0 0.0180556 0
0 0.346528 0 0.0180556 0
0 0.642361 0 0.0180556 0
0 0.49375 0.5 0.109722 1
0 0.300694 0 0.0541667 0
0 0.793056 0 0.0194444 0
0 0.345833 0 0.0194444 0
0 0.642361 0 0.0180556 0
0 0.49375 0.5 0.109722 1
0 0.793056 0 0.0194444 0
0 0.345833 0 0.0194444 0
0 0.642361 0 0.0180556 0
0 0.49375 0.5 0.109722 1
0 0.793056 0 0.0194444 0
0 0.345833 0 0.0194444 0
0 0.642361 0 0.0180556 0
0 0.49375 0.5 0.109722 1
0 0.3 0 0.0555556 0
0 0.793056 0 0.0194444 0
0 0.346528 0 0.0180556 0
0 0.642361 0 0.0180556 0
0 0.49375 0.5 0.109722 1
0 0.546528 0 0.0430556 0
0 0.45625 0 0.0347222 0
0 0.794444 0 0.0194444 0
0 0.345833 0 0.0166667 0
0 0.642361 0 0.0180556 0
0 0.495139 0.5 0.109722 1
0 0.546528 0 0.0430556 0
0 0.45625 0 0.0347222 0
0 0.794444 0 0.0194444 0
0 0.641667 0 0.0194444 0
0 0.345833 0 0.0166667 0
0 0.495139 0.5 0.109722 1
0 0.300694 0 0.0541667 0
0 0.45625 0 0.0347222 0
0 0.793056 0 0.0194444 0
0 0.345833 0 0.0166667 0
0 0.641667 0 0.0194444 0
0 0.495139 0.5 0.109722 1
0 0.45625 0 0.0347222 0
0 0.794444 0 0.0194444 0
0 0.345833 0 0.0166667 0
0 0.641667 0 0.0194444 0
0 0.495139 0.5 0.109722 1
0 0.794444 0 0.0194444 0
0 0.345833 0 0.0166667 0
0 0.641667 0 0.0194444 0
0 0.496528 0.5 0.106944 1
0 0.794444 0 0.0194444 0
0 0.345833 0 0.0166667 0
0 0.641667 0 0.0194444 0
0 0.496528 0.5 0.106944 1
0 0.794444 0 0.0194444 0
0 0.345833 0 0.0166667 0
0 0.641667 0 0.0194444 0
0 0.496528 0.5 0.106944 1
0 0.794444 0 0.0194444 0
0 0.345833 0 0.0166667 0
0 0.641667 0 0.0194444 0
0 0.496528 0.5 0.106944 1
0 0.794444 0 0.0194444 0
0 0.345833 0 0.0166667 0
0 0.641667 0 0.0194444 0
0 0.496528 0.5 0.106944 1
0 0.79375 0 0.0208333 0
0 0.345139 0 0.0180556 0
0 0.641667 0 0.0194444 0
0 0.495139 0.5 0.109722 1
0 0.793056 0 0.0194444 0
0 0.345139 0 0.0180556 0
0 0.641667 0 0.0194444 0
0 0.494444 0.5 0.111111 1
0 0.79375 0 0.0208333 0
0 0.345139 0 0.0180556 0
0 0.641667 0 0.0194444 0
0 0.494444 0.5 0.111111 1
0 0.79375 0 0.0208333 0
0 0.345139 0 0.0180556 0
0 0.641667 0 0.0194444 0
0 0.494444 0.5 0.111111 1
0 0.79375 0 0.0208333 0
0 0.345139 0 0.0180556 0
0 0.641667 0 0.0194444 0
0 0.494444 0.5 0.111111 1
0 0.79375 0 0.0208333 0
0 0.345139 0 0.0180556 0
0 0.641667 0 0.0194444 0
0 0.494444 0.5 0.111111 1
0 0.344444 0 0.0194444 0
0 0.79375 0 0.0208333 0
0 0.641667 0 0.0194444 0
0 0.491667 0.5 0.116667 1
0 0.344444 0 0.0194444 0
0 0.79375 0 0.0208333 0
0 0.641667 0 0.0194444 0
0 0.491667 0.5 0.116667 1
0 0.344444 0 0.0194444 0
0 0.79375 0 0.0208333 0
0 0.641667 0 0.0194444 0
0 0.491667 0.5 0.116667 1
0 0.344444 0 0.0194444 0
0 0.79375 0 0.0208333 0
0 0.641667 0 0.0194444 0
0 0.491667 0.5 0.116667 1
0 0.344444 0 0.0194444 0
0 0.79375 0 0.0208333 0
0 0.641667 0 0.0194444 0
0 0.491667 0.5 0.116667 1
0 0.344444 0 0.0194444 0
0 0.79375 0 0.0208333 0
0 0.641667 0 0.0194444 0
0 0.491667 0.5 0.116667 1
0 0.344444 0 0.0194444 0
0 0.79375 0 0.0208333 0
0 0.641667 0 0.0194444 0
0 0.490278 0.5 0.116667 1
0 0.344444 0 0.0194444 0
0 0.79375 0 0.0208333 0
0 0.488889 0.5 0.116667 1
0 0.640972 0 0.0180556 0
0 0.344444 0 0.0194444 0
0 0.79375 0 0.0208333 0
0 0.488889 0.5 0.116667 1
0 0.640972 0 0.0180556 0
0 0.344444 0 0.0194444 0
0 0.79375 0 0.0208333 0
0 0.488889 0.5 0.116667 1
0 0.640972 0 0.0180556 0
0 0.34375 0 0.0180556 0
0 0.793056 0 0.0194444 0
0 0.488889 0.5 0.116667 1
0 0.640278 0 0.0194444 0
0 0.34375 0 0.0180556 0
0 0.793056 0 0.0194444 0
0 0.4875 0.5 0.116667 1
0 0.640278 0 0.0194444 0
0 0.344444 0 0.0194444 0
0 0.793056 0 0.0194444 0
0 0.4875 0.5 0.116667 1
0 0.640278 0 0.0194444 0
0 0.344444 0 0.0194444 0
0 0.793056 0 0.0194444 0
0 0.4875 0.5 0.116667 1
0 0.640972 0 0.0208333 0
0 0.793056 0 0.0194444 0
0 0.34375 0 0.0180556 0
0 0.486806 0.5 0.115278 1
0 0.640972 0 0.0208333 0
0 0.343056 0 0.0194444 0
0 0.793056 0 0.0194444 0
0 0.486806 0.5 0.115278 1
0 0.640278 0 0.0194444 0
0 0.343056 0 0.0194444 0
0 0.793056 0 0.0194444 0
0 0.486806 0.5 0.115278 1
0 0.640278 0 0.0194444 0
0 0.793056 0 0.0194444 0
0 0.486806 0.5 0.115278 1
0 0.640278 0 0.0194444 0
0 0.343056 0 0.0194444 0
0 0.793056 0 0.0194444 0
0 0.486806 0.5 0.115278 1
0 0.640278 0 0.0194444 0
0 0.343056 0 0.0194444 0
0 0.793056 0 0.0194444 0
0 0.486806 0.5 0.115278 1
0 0.640278 0 0.0194444 0
0 0.793056 0 0.0194444 0
0 0.486111 0.5 0.113889 1
0 0.640278 0 0.0194444 0
0 0.793056 0 0.0194444 0
0 0.4875 0.5 0.113889 1
0 0.640278 0 0.0194444 0
0 0.793056 0 0.0194444 0
0 0.4875 0.5 0.113889 1
0 0.640278 0 0.0194444 0
0 0.296528 0 0.0513889 0
0 0.343056 0 0.0194444 0
0 0.793056 0 0.0194444 0
0 0.4875 0.5 0.108333 1
0 0.640278 0 0.0194444 0
0 0.793056 0 0.0194444 0
0 0.4875 0.5 0.108333 1
0 0.640278 0 0.0194444 0
0 0.793056 0 0.0194444 0
0 0.4875 0.5 0.108333 1
0 0.640278 0 0.0194444 0
0 0.793056 0 0.0194444 0
0 0.4875 0.5 0.108333 1
0 0.640278 0 0.0194444 0
0 0.343056 0 0.0194444 0
0 0.793056 0 0.0194444 0
0 0.640278 0 0.0194444 0
0 0.490278 0.5 0.111111 1
0 0.793056 0 0.0194444 0
0 0.640278 0 0.0194444 0
0 0.492361 0.5 0.1125 1
0 0.793056 0 0.0166667 0
0 0.640278 0 0.0194444 0
0 0.492361 0.5 0.1125 1
0 0.793056 0 0.0166667 0
0 0.640278 0 0.0194444 0
0 0.492361 0.5 0.1125 1
0 0.793056 0 0.0194444 0
0 0.640972 0 0.0180556 0
0 0.49375 0.5 0.1125 1
0 0.79375 0 0.0180556 0
0 0.640972 0 0.0180556 0
0 0.49375 0.5 0.118056 1
0 0.343056 0 0.0194444 0
0 0.79375 0 0.0180556 0
0 0.640972 0 0.0180556 0
0 0.49375 0.5 0.118056 1
0 0.793056 0 0.0166667 0
0 0.640972 0 0.0180556 0
0 0.49375 0.5 0.118056 1
0 0.343056 0 0.0194444 0
0 0.79375 0 0.0180556 0
0 0.640972 0 0.0180556 0
0 0.49375 0.5 0.118056 1
0 0.343056 0 0.0194444 0
0 0.793056 0 0.0166667 0
0 0.640972 0 0.0180556 0
0 0.491667 0.5 0.116667 1
0 0.79375 0 0.0180556 0
0 0.640972 0 0.0180556 0
0 0.491667 0.5 0.116667 1
0 0.79375 0 0.0180556 0
0 0.640972 0 0.0180556 0
0 0.491667 0.5 0.116667 1
0 0.79375 0 0.0180556 0
0 0.640972 0 0.0180556 0
0 0.491667 0.5 0.116667 1
0 0.79375 0 0.0180556 0
0 0.640972 0 0.0180556 0
0 0.491667 0.5 0.116667 1
0 0.79375 0 0.0180556 0
0 0.640972 0 0.0180556 0
0 0.491667 0.5 0.116667 1
0 0.34375 0 0.0180556 0
0 0.79375 0 0.0180556 0
0 0.640972 0 0.0180556 0
0 0.490278 0.5 0.116667 1
0 0.794444 0 0.0166667 0
0 0.640972 0 0.0180556 0
0 0.490972 0.5 0.118056 1
0 0.344444 0 0.0194444 0
0 0.794444 0 0.0166667 0
0 0.640972 0 0.0180556 0
0 0.490972 0.5 0.118056 1
0 0.794444 0 0.0166667 0
0 0.640972 0 0.0180556 0
0 0.490972 0.5 0.118056 1
0 0.794444 0 0.0166667 0
0 0.640972 0 0.0180556 0
0 0.490972 0.5 0.118056 1
0 0.344444 0 0.0194444 0
0 0.79375 0 0.0180556 0
0 0.640972 0 0.0180556 0
0 0.490278 0.5 0.116667 1
0 0.344444 0 0.0194444 0
0 0.79375 0 0.0180556 0
0 0.640972 0 0.0180556 0
0 0.490278 0.5 0.116667 1
0 0.34375 0 0.0180556 0
0 0.79375 0 0.0180556 0
0 0.640972 0 0.0180556 0
0 0.490278 0.5 0.116667 1
0 0.34375 0 0.0180556 0
0 0.79375 0 0.0180556 0
0 0.640972 0 0.0180556 0
0 0.489583 0.5 0.1125 1
0 0.34375 0 0.0180556 0
0 0.79375 0 0.0180556 0
0 0.640972 0 0.0180556 0
0 0.489583 0.5 0.1125 1
0 0.34375 0 0.0180556 0
0 0.79375 0 0.0180556 0
0 0.640972 0 0.0180556 0
0 0.489583 0.5 0.1125 1
0 0.34375 0 0.0180556 0
0 0.79375 0 0.0180556 0
0 0.640972 0 0.0180556 0
0 0.489583 0.5 0.1125 1
0 0.344444 0 0.0194444 0
0 0.79375 0 0.0180556 0
0 0.640972 0 0.0180556 0
0 0.488889 0.5 0.116667 1
0 0.34375 0 0.0180556 0
0 0.79375 0 0.0180556 0
0 0.641667 0 0.0194444 0
0 0.488889 0.5 0.116667 1
0 0.34375 0 0.0180556 0
0 0.79375 0 0.0180556 0
0 0.488889 0.5 0.116667 1
0 0.640972 0 0.0180556 0
0 0.34375 0 0.0180556 0
0 0.79375 0 0.0180556 0
0 0.641667 0 0.0194444 0
0 0.488889 0.5 0.116667 1
0 0.546528 0 0.0430556 0
0 0.34375 0 0.0180556 0
0 0.79375 0 0.0180556 0
0 0.640972 0 0.0180556 0
0 0.488889 0.5 0.116667 1
0 0.546528 0 0.0430556 0
0 0.34375 0 0.0180556 0
0 0.79375 0 0.0180556 0
0 0.640972 0 0.0180556 0
0 0.488889 0.5 0.116667 1
0 0.546528 0 0.0402778 0
0 0.34375 0 0.0180556 0
0 0.79375 0 0.0180556 0
0 0.641667 0 0.0194444 0
0 0.488889 0.5 0.116667 1
0 0.546528 0 0.0402778 0
0 0.34375 0 0.0180556 0
0 0.79375 0 0.0180556 0
0 0.641667 0 0.0194444 0
0 0.488889 0.5 0.116667 1
0 0.546528 0 0.0402778 0
0 0.34375 0 0.0180556 0
0 0.79375 0 0.0180556 0
0 0.641667 0 0.0194444 0
0 0.488889 0.5 0.116667 1
0 0.546528 0 0.0430556 0
0 0.34375 0 0.0180556 0
0 0.794444 0 0.0166667 0
0 0.641667 0 0.0194444 0
0 0.488889 0.5 0.116667 1
0 0.34375 0 0.0180556 0
0 0.794444 0 0.0166667 0
0 0.641667 0 0.0194444 0
0 0.488889 0.5 0.116667 1
0 0.546528 0 0.0402778 0
0 0.34375 0 0.0180556 0
0 0.79375 0 0.0180556 0
0 0.642361 0 0.0180556 0
0 0.488889 0.5 0.116667 1
0 0.546528 0 0.0402778 0
0 0.794444 0 0.0166667 0
0 0.344444 0 0.0166667 0
0 0.642361 0 0.0180556 0
0 0.489583 0.5 0.118056 1
0 0.546528 0 0.0430556 0
0 0.344444 0 0.0166667 0
0 0.794444 0 0.0166667 0
0 0.642361 0 0.0180556 0
0 0.490278 0.5 0.111111 1
0 0.546528 0 0.0430556 0
0 0.344444 0 0.0166667 0
0 0.794444 0 0.0166667 0
0 0.642361 0 0.0180556 0
0 0.490278 0.5 0.111111 1
0 0.794444 0 0.0166667 0
0 0.344444 0 0.0166667 0
0 0.642361 0 0.0180556 0
0 0.490278 0.5 0.111111 1
0 0.546528 0 0.0430556 0
0 0.794444 0 0.0166667 0
0 0.344444 0 0.0166667 0
0 0.642361 0 0.0180556 0
0 0.490278 0.5 0.111111 1
0 0.546528 0 0.0402778 0
0 0.794444 0 0.0166667 0
0 0.344444 0 0.0166667 0
0 0.642361 0 0.0180556 0
0 0.490278 0.5 0.111111 1
0 0.547222 0 0.0416667 0
0 0.344444 0 0.0166667 0
0 0.794444 0 0.0166667 0
0 0.642361 0 0.0180556 0
0 0.490972 0.5 0.1125 1
0 0.344444 0 0.0166667 0
0 0.795139 0 0.0180556 0
0 0.491667 0.5 0.116667 1
0 0.642361 0 0.0180556 0
0 0.546528 0 0.0430556 0
0 0.344444 0 0.0166667 0
0 0.795139 0 0.0180556 0
0 0.491667 0.5 0.116667 1
0 0.642361 0 0.0180556 0
0 0.546528 0 0.0430556 0
0 0.344444 0 0.0166667 0
0 0.795139 0 0.0180556 0
0 0.491667 0.5 0.116667 1
0 0.642361 0 0.0180556 0
0 0.546528 0 0.0430556 0
0 0.344444 0 0.0166667 0
0 0.795139 0 0.0180556 0
0 0.491667 0.5 0.116667 1
0 0.642361 0 0.0180556 0
0 0.546528 0 0.0430556 0
0 0.795139 0 0.0180556 0
0 0.344444 0 0.0166667 0
0 0.491667 0.5 0.116667 1
0 0.642361 0 0.0180556 0
0 0.795139 0 0.0180556 0
0 0.345139 0 0.0180556 0
0 0.643056 0 0.0194444 0
0 0.491667 0.5 0.116667 1
0 0.795139 0 0.0180556 0
0 0.345139 0 0.0180556 0
0 0.643056 0 0.0194444 0
0 0.490972 0.5 0.118056 1
0 0.795139 0 0.0180556 0
0 0.345139 0 0.0180556 0
0 0.490972 0.5 0.118056 1
0 0.643056 0 0.0194444 0
0 0.795139 0 0.0180556 0
0 0.345139 0 0.0180556 0
0 0.490972 0.5 0.118056 1
0 0.643056 0 0.0194444 0
0 0.547222 0 0.0416667 0
0 0.345139 0 0.0180556 0
0 0.795139 0 0.0180556 0
0 0.643056 0 0.0194444 0
0 0.490972 0.5 0.1125 1
0 0.547917 0 0.0430556 0
0 0.345139 0 0.0180556 0
0 0.795139 0 0.0180556 0
0 0.643056 0 0.0194444 0
0 0.490972 0.5 0.1125 1
0 0.547917 0 0.0430556 0
0 0.795833 0 0.0166667 0
0 0.643056 0 0.0194444 0
0 0.345139 0 0.0180556 0
0 0.491667 0.5 0.111111 1
0 0.547917 0 0.0402778 0
0 0.643056 0 0.0194444 0
0 0.345139 0 0.0180556 0
0 0.795833 0 0.0166667 0
0 0.491667 0.5 0.111111 1
0 0.547917 0 0.0430556 0
0 0.643056 0 0.0194444 0
0 0.345139 0 0.0180556 0
0 0.795833 0 0.0166667 0
0 0.491667 0.5 0.111111 1
0 0.643056 0 0.0194444 0
0 0.345139 0 0.0180556 0
0 0.795833 0 0.0166667 0
0 0.491667 0.5 0.111111 1
0 0.643056 0 0.0194444 0
0 0.345139 0 0.0180556 0
0 0.795833 0 0.0166667 0
0 0.491667 0.5 0.111111 1
0 0.547917 0 0.0430556 0
0 0.643056 0 0.0194444 0
0 0.345139 0 0.0180556 0
0 0.795833 0 0.0166667 0
0 0.491667 0.5 0.111111 1
0 0.547917 0 0.0402778 0
0 0.643056 0 0.0194444 0
0 0.345139 0 0.0180556 0
0 0.795833 0 0.0166667 0
0 0.491667 0.5 0.111111 1
0 0.547917 0 0.0430556 0
0 0.643056 0 0.0194444 0
0 0.345139 0 0.0180556 0
0 0.795833 0 0.0166667 0
0 0.491667 0.5 0.111111 1
0 0.547917 0 0.0430556 0
0 0.643056 0 0.0194444 0
0 0.345139 0 0.0180556 0
0 0.795833 0 0.0166667 0
0 0.491667 0.5 0.111111 1
0 0.547917 0 0.0430556 0
0 0.643056 0 0.0194444 0
0 0.345139 0 0.0180556 0
0 0.795833 0 0.0166667 0
0 0.491667 0.5 0.111111 1
0 0.547917 0 0.0402778 0
0 0.345139 0 0.0180556 0
0 0.64375 0 0.0180556 0
0 0.795833 0 0.0166667 0
0 0.491667 0.5 0.111111 1
0 0.345139 0 0.0180556 0
0 0.643056 0 0.0194444 0
0 0.795833 0 0.0166667 0
0 0.491667 0.5 0.111111 1
0 0.547917 0 0.0430556 0
0 0.345139 0 0.0180556 0
0 0.643056 0 0.0194444 0
0 0.795833 0 0.0166667 0
0 0.491667 0.5 0.111111 1
0 0.547917 0 0.0430556 0
0 0.345139 0 0.0180556 0
0 0.795833 0 0.0166667 0
0 0.643056 0 0.0194444 0
0 0.491667 0.5 0.111111 1
0 0.547917 0 0.0402778 0
0 0.643056 0 0.0194444 0
0 0.345139 0 0.0180556 0
0 0.795833 0 0.0166667 0
0 0.491667 0.5 0.111111 1
0 0.547917 0 0.0402778 0
0 0.345139 0 0.0180556 0
0 0.643056 0 0.0194444 0
0 0.795833 0 0.0166667 0
0 0.491667 0.5 0.111111 1
0 0.547917 0 0.0430556 0
0 0.795833 0 0.0166667 0
0 0.643056 0 0.0194444 0
0 0.345139 0 0.0180556 0
0 0.491667 0.5 0.111111 1
0 0.547917 0 0.0402778 0
0 0.345139 0 0.0180556 0
0 0.643056 0 0.0194444 0
0 0.795833 0 0.0166667 0
0 0.491667 0.5 0.111111 1
0 0.345139 0 0.0180556 0
0 0.643056 0 0.0194444 0
0 0.795833 0 0.0166667 0
0 0.491667 0.5 0.111111 1
0 0.547917 0 0.0430556 0
0 0.345139 0 0.0180556 0
0 0.795833 0 0.0166667 0
0 0.643056 0 0.0194444 0
0 0.491667 0.5 0.111111 1
0 0.345139 0 0.0180556 0
0 0.643056 0 0.0194444 0
0 0.795833 0 0.0166667 0
0 0.491667 0.5 0.111111 1
0 0.547917 0 0.0430556 0
0 0.345139 0 0.0180556 0
0 0.795833 0 0.0166667 0
0 0.643056 0 0.0194444 0
0 0.491667 0.5 0.111111 1
0 0.547917 0 0.0430556 0
0 0.345139 0 0.0180556 0
0 0.795833 0 0.0166667 0
0 0.643056 0 0.0194444 0
0 0.491667 0.5 0.111111 1
0 0.547917 0 0.0430556 0
0 0.345139 0 0.0180556 0
0 0.795833 0 0.0166667 0
0 0.643056 0 0.0194444 0
0 0.491667 0.5 0.111111 1
0 0.345139 0 0.0180556 0
0 0.795833 0 0.0166667 0
0 0.643056 0 0.0194444 0
0 0.491667 0.5 0.111111 1
0 0.547917 0 0.0430556 0
0 0.345139 0 0.0180556 0
0 0.795833 0 0.0166667 0
0 0.643056 0 0.0194444 0
0 0.491667 0.5 0.111111 1
0 0.547917 0 0.0402778 0
0 0.345139 0 0.0180556 0
0 0.643056 0 0.0194444 0
0 0.795833 0 0.0166667 0
0 0.491667 0.5 0.111111 1
0 0.547917 0 0.0430556 0
0 0.345139 0 0.0180556 0
0 0.795833 0 0.0166667 0
0 0.643056 0 0.0194444 0
0 0.491667 0.5 0.111111 1
0 0.547917 0 0.0430556 0
0 0.345139 0 0.0180556 0
0 0.643056 0 0.0194444 0
0 0.795833 0 0.0166667 0
0 0.491667 0.5 0.111111 1
0 0.547917 0 0.0430556 0
0 0.345139 0 0.0180556 0
0 0.795833 0 0.0166667 0
0 0.643056 0 0.0194444 0
0 0.491667 0.5 0.111111 1
0 0.345139 0 0.0180556 0
0 0.795833 0 0.0166667 0
0 0.643056 0 0.0194444 0
0 0.491667 0.5 0.111111 1
0 0.547917 0 0.0430556 0
0 0.345139 0 0.0180556 0
0 0.795833 0 0.0166667 0
0 0.643056 0 0.0194444 0
0 0.491667 0.5 0.111111 1
0 0.345139 0 0.0180556 0
0 0.795833 0 0.0166667 0
0 0.643056 0 0.0194444 0
0 0.491667 0.5 0.111111 1
0 0.547917 0 0.0430556 0
0 0.345139 0 0.0180556 0
0 0.795833 0 0.0166667 0
0 0.643056 0 0.0194444 0
0 0.491667 0.5 0.111111 1
0 0.547917 0 0.0430556 0
0 0.795833 0 0.0166667 0
0 0.643056 0 0.0194444 0
0 0.345139 0 0.0180556 0
0 0.491667 0.5 0.111111 1
0 0.547917 0 0.0430556 0
0 0.345139 0 0.0180556 0
0 0.795833 0 0.0166667 0
0 0.643056 0 0.0194444 0
0 0.491667 0.5 0.111111 1
0 0.547917 0 0.0430556 0
0 0.795833 0 0.0166667 0
0 0.345139 0 0.0180556 0
0 0.643056 0 0.0194444 0
0 0.491667 0.5 0.111111 1
0 0.547917 0 0.0430556 0
0 0.345139 0 0.0180556 0
0 0.795833 0 0.0166667 0
0 0.643056 0 0.0194444 0
0 0.491667 0.5 0.111111 1
0 0.547917 0 0.0430556 0
0 0.795833 0 0.0166667 0
0 0.345139 0 0.0180556 0
0 0.643056 0 0.0194444 0
0 0.491667 0.5 0.111111 1
0 0.345139 0 0.0180556 0
0 0.795833 0 0.0166667 0
0 0.643056 0 0.0194444 0
0 0.491667 0.5 0.111111 1
0 0.547917 0 0.0430556 0
0 0.795833 0 0.0166667 0
0 0.345139 0 0.0180556 0
0 0.643056 0 0.0194444 0
0 0.491667 0.5 0.111111 1
0 0.345139 0 0.0180556 0
0 0.795833 0 0.0166667 0
0 0.643056 0 0.0194444 0
0 0.491667 0.5 0.111111 1
0 0.547917 0 0.0430556 0
0 0.795833 0 0.0166667 0
0 0.345139 0 0.0180556 0
0 0.643056 0 0.0194444 0
0 0.491667 0.5 0.111111 1
0 0.547917 0 0.0430556 0
0 0.345139 0 0.0180556 0
0 0.795833 0 0.0166667 0
0 0.643056 0 0.0194444 0
0 0.491667 0.5 0.111111 1
0 0.547917 0 0.0430556 0
0 0.795833 0 0.0166667 0
0 0.345139 0 0.0180556 0
0 0.64375 0 0.0180556 0
0 0.491667 0.5 0.111111 1
0 0.547917 0 0.0402778 0
0 0.795833 0 0.0166667 0
0 0.643056 0 0.0194444 0
0 0.345139 0 0.0180556 0
0 0.491667 0.5 0.111111 1
0 0.547917 0 0.0430556 0
0 0.345139 0 0.0180556 0
0 0.795833 0 0.0166667 0
0 0.643056 0 0.0194444 0
0 0.491667 0.5 0.111111 1
0 0.547917 0 0.0402778 0
0 0.345139 0 0.0180556 0
0 0.795833 0 0.0166667 0
0 0.643056 0 0.0194444 0
0 0.491667 0.5 0.111111 1
0 0.547917 0 0.0430556 0
0 0.345139 0 0.0180556 0
0 0.795833 0 0.0166667 0
0 0.643056 0 0.0194444 0
0 0.491667 0.5 0.111111 1
0 0.547917 0 0.0402778 0
0 0.345139 0 0.0180556 0
0 0.795833 0 0.0166667 0
0 0.643056 0 0.0194444 0
0 0.491667 0.5 0.111111 1
0 0.547917 0 0.0430556 0
0 0.345139 0 0.0180556 0
0 0.795833 0 0.0166667 0
0 0.643056 0 0.0194444 0
0 0.491667 0.5 0.111111 1
0 0.547917 0 0.0430556 0
0 0.345139 0 0.0180556 0
0 0.643056 0 0.0194444 0
0 0.795833 0 0.0166667 0
0 0.491667 0.5 0.111111 1
0 0.547917 0 0.0430556 0
0 0.345139 0 0.0180556 0
0 0.795833 0 0.0166667 0
0 0.64375 0 0.0180556 0
0 0.491667 0.5 0.111111 1
0 0.345139 0 0.0180556 0
0 0.795833 0 0.0166667 0
0 0.643056 0 0.0194444 0
0 0.491667 0.5 0.111111 1
0 0.547917 0 0.0430556 0
0 0.345139 0 0.0180556 0
0 0.795833 0 0.0166667 0
0 0.643056 0 0.0194444 0
0 0.491667 0.5 0.111111 1
0 0.547917 0 0.0402778 0
0 0.345139 0 0.0180556 0
0 0.643056 0 0.0194444 0
0 0.795833 0 0.0166667 0
0 0.491667 0.5 0.111111 1
0 0.547917 0 0.0430556 0
0 0.345139 0 0.0180556 0
0 0.795833 0 0.0166667 0
0 0.643056 0 0.0194444 0
0 0.491667 0.5 0.111111 1
0 0.547917 0 0.0402778 0
0 0.345139 0 0.0180556 0
0 0.643056 0 0.0194444 0
0 0.795833 0 0.0166667 0
0 0.491667 0.5 0.111111 1
0 0.547917 0 0.0430556 0
0 0.345139 0 0.0180556 0
0 0.795833 0 0.0166667 0
0 0.643056 0 0.0194444 0
0 0.491667 0.5 0.111111 1
0 0.547917 0 0.0430556 0
0 0.345139 0 0.0180556 0
0 0.795833 0 0.0166667 0
0 0.64375 0 0.0180556 0
0 0.491667 0.5 0.111111 1
0 0.345139 0 0.0180556 0
0 0.643056 0 0.0194444 0
0 0.795833 0 0.0166667 0
0 0.491667 0.5 0.111111 1
0 0.547917 0 0.0430556 0
0 0.345139 0 0.0180556 0
0 0.795833 0 0.0166667 0
0 0.643056 0 0.0194444 0
0 0.491667 0.5 0.111111 1
