0 0.567361 0 0.00972222 0
0 0.441667 0.5 0.0277778 1
0 0.567361 0 0.00972222 0
0 0.441667 0.5 0.0277778 1
0 0.566667 0 0.0111111 0
0 0.441667 0.5 0.0277778 1
0 0.566667 0 0.0111111 0
0 0.441667 0.5 0.0277778 1
0 0.566667 0 0.0111111 0
0 0.441667 0.5 0.0277778 1
0 0.566667 0 0.0111111 0
0 0.441667 0.5 0.0277778 1
0 0.566667 0 0.0111111 0
0 0.441667 0.5 0.0277778 1
0 0.566667 0 0.0111111 0
0 0.441667 0.5 0.0277778 1
0 0.566667 0 0.0111111 0
0 0.441667 0.5 0.0277778 1
0 0.567361 0 0.00972222 0
0 0.441667 0.5 0.0277778 1
0 0.566667 0 0.0111111 0
0 0.441667 0.5 0.0277778 1
0 0.566667 0 0.0111111 0
0 0.441667 0.5 0.0277778 1
0 0.566667 0 0.0111111 0
0 0.441667 0.5 0.0277778 1
0 0.566667 0 0.0111111 0
0 0.441667 0.5 0.0277778 1
0 0.566667 0 0.0111111 0
0 0.441667 0.5 0.0277778 1
0 0.566667 0 0.0111111 0
0 0.441667 0.5 0.0277778 1
0 0.566667 0 0.0111111 0
0 0.441667 0.5 0.0277778 1
0 0.566667 0 0.0111111 0
0 0.441667 0.5 0.0277778 1
0 0.566667 0 0.0111111 0
0 0.441667 0.5 0.0277778 1
0 0.566667 0 0.0111111 0
0 0.441667 0.5 0.0277778 1
0 0.566667 0 0.0111111 0
0 0.441667 0.5 0.0277778 1
0 0.567361 0 0.00972222 0
0 0.441667 0.5 0.0277778 1
0 0.566667 0 0.0111111 0
0 0.441667 0.5 0.0277778 1
0 0.566667 0 0.0111111 0
0 0.441667 0.5 0.0277778 1
0 0.566667 0 0.0111111 0
0 0.441667 0.5 0.0277778 1
0 0.566667 0 0.0111111 0
0 0.441667 0.5 0.0277778 1
0 0.566667 0 0.0111111 0
0 0.441667 0.5 0.0277778 1
0 0.567361 0 0.00972222 0
0 0.441667 0.5 0.0277778 1
0 0.566667 0 0.0111111 0
0 0.441667 0.5 0.0277778 1
0 0.566667 0 0.0111111 0
0 0.441667 0.5 0.0277778 1
0 0.566667 0 0.0111111 0
0 0.441667 0.5 0.0277778 1
0 0.566667 0 0.0111111 0
0 0.441667 0.5 0.0277778 1
0 0.566667 0 0.0111111 0
0 0.441667 0.5 0.0277778 1
0 0.567361 0 0.00972222 0
0 0.441667 0.5 0.0277778 1
0 0.566667 0 0.0111111 0
0 0.441667 0.5 0.0277778 1
0 0.566667 0 0.0111111 0
0 0.441667 0.5 0.0277778 1
0 0.566667 0 0.0111111 0
0 0.441667 0.5 0.0277778 1
0 0.566667 0 0.0111111 0
0 0.441667 0.5 0.0277778 1
0 0.566667 0 0.0111111 0
0 0.441667 0.5 0.0277778 1
0 0.566667 0 0.0111111 0
0 0.441667 0.5 0.0277778 1
0 0.566667 0 0.0111111 0
0 0.441667 0.5 0.0277778 1
0 0.566667 0 0.0111111 0
0 0.441667 0.5 0.0277778 1
0 0.567361 0 0.00972222 0
0 0.441667 0.5 0.0277778 1
0 0.566667 0 0.0111111 0
0 0.441667 0.5 0.0277778 1
0 0.566667 0 0.0111111 0
0 0.441667 0.5 0.0277778 1
0 0.566667 0 0.0111111 0
0 0.441667 0.5 0.0277778 1
0 0.567361 0 0.00972222 0
0 0.441667 0.5 0.0277778 1
0 0.566667 0 0.0111111 0
0 0.441667 0.5 0.0277778 1
0 0.567361 0 0.00972222 0
0 0.441667 0.5 0.0277778 1
0 0.566667 0 0.0111111 0
0 0.441667 0.5 0.0277778 1
0 0.566667 0 0.0111111 0
0 0.441667 0.5 0.0277778 1
0 0.567361 0 0.00972222 0
0 0.441667 0.5 0.0277778 1
0 0.566667 0 0.0111111 0
0 0.441667 0.5 0.0277778 1
0 0.566667 0 0.0111111 0
0 0.441667 0.5 0.0277778 1
0 0.566667 0 0.0111111 0
0 0.441667 0.5 0.0277778 1
0 0.442361 0.5 0.0291667 1
0 0.567361 0 0.00972222 0
0 0.442361 0 0.0291667 0
0 0.443056 0 0.0277778 0
0 0.443056 0 0.0277778 0
0 0.44375 0 0.0263889 0
0 0.444444 0 0.0277778 0
0 0.445139 0 0.0263889 0
0 0.503472 0 0.0347222 0
0 0.445139 0 0.0263889 0
0 0.504861 0 0.0347222 0
0 0.445833 0 0.0277778 0
0 0.445833 0 0.0277778 0
0 0.446528 0 0.0291667 0
0 0.447917 0 0.0291667 0
0 0.447917 0 0.0291667 0
0 0.448611 0 0.0277778 0
0 0.45 0 0.0277778 0
0 0.450694 0 0.0291667 0
0 0.450694 0 0.0291667 0
0 0.451389 0 0.0277778 0
0 0.452778 0 0.0305556 0
0 0.453472 0 0.0291667 0
0 0.454167 0 0.0305556 0
0 0.577083 0 0.00972222 0
0 0.454861 0 0.0291667 0
0 0.45625 0 0.0291667 0
0 0.511806 0 0.0375 0
0 0.456944 0 0.0277778 0
0 0.579861 0 0.00972222 0
0 0.458333 0 0.0305556 0
0 0.459028 0 0.0291667 0
0 0.383333 0 0.0138889 0
0 0.58125 0 0.0125 0
0 0.459722 0 0.0305556 0
0 0.581944 0 0.0138889 0
0 0.461806 0 0.0319444 0
0 0.383333 0 0.0138889 0
0 0.4625 0 0.0305556 0
0 0.4625 0 0.0305556 0
0 0.384722 0 0.0138889 0
0 0.584722 0 0.0111111 0
0 0.463889 0 0.0305556 0
0 0.384028 0 0.0152778 0
0 0.586111 0 0.0111111 0
0 0.465278 0 0.0305556 0
0 0.5875 0 0.0111111 0
0 0.467361 0 0.0319444 0
0 0.588194 0 0.0125 0
0 0.384722 0 0.0138889 0
0 0.468056 0 0.0305556 0
0 0.384722 0 0.0138889 0
0 0.5875 0 0.0111111 0
0 0.468056 0 0.0305556 0
0 0.588194 0 0.00972222 0
0 0.469444 0 0.0305556 0
0 0.590278 0 0.0111111 0
0 0.471528 0 0.0319444 0
0 0.590278 0 0.0111111 0
0 0.472917 0 0.0319444 0
0 0.473611 0 0.0333333 0
0 0.475694 0 0.0319444 0
0 0.594444 0 0.0138889 0
0 0.477778 0 0.0333333 0
0 0.478472 0 0.0347222 0
0 0.479167 0 0.0333333 0
0 0.480556 0 0.0333333 0
0 0.231944 0 0.0166667 0
0 0.773611 0 0.0166667 0
0 0.636806 0 0.0180556 0
0 0.5125 0.5 0.0722222 1
0 0.231944 0 0.0166667 0
0 0.773611 0 0.0166667 0
0 0.636806 0 0.0180556 0
0 0.5125 0.5 0.0722222 1
0 0.231944 0 0.0166667 0
0 0.773611 0 0.0166667 0
0 0.636111 0 0.0194444 0
0 0.5125 0.5 0.0722222 1
0 0.773611 0 0.0166667 0
0 0.636806 0 0.0180556 0
0 0.5125 0.5 0.0722222 1
0 0.773611 0 0.0166667 0
0 0.636806 0 0.0180556 0
0 0.5125 0.5 0.0722222 1
0 0.773611 0 0.0166667 0
0 0.636111 0 0.0194444 0
0 0.511806 0.5 0.0736111 1
0 0.231944 0 0.0166667 0
0 0.774306 0 0.0152778 0
0 0.636111 0 0.0166667 0
0 0.511806 0.5 0.0736111 1
0 0.231944 0 0.0166667 0
0 0.773611 0 0.0138889 0
0 0.636111 0 0.0166667 0
0 0.5125 0.5 0.0722222 1
0 0.369444 0 0.0166667 0
0 0.774306 0 0.0152778 0
0 0.636111 0 0.0166667 0
0 0.511806 0.5 0.0736111 1
0 0.231944 0 0.0166667 0
0 0.774306 0 0.0152778 0
0 0.636111 0 0.0166667 0
0 0.511806 0.5 0.0736111 1
0 0.774306 0 0.0152778 0
0 0.636806 0 0.0152778 0
0 0.511806 0.5 0.0736111 1
0 0.23125 0 0.0180556 0
0 0.774306 0 0.0152778 0
0 0.6375 0 0.0166667 0
0 0.511806 0.5 0.0736111 1
0 0.36875 0 0.0180556 0
0 0.774306 0 0.0152778 0
0 0.636806 0 0.0152778 0
0 0.511806 0.5 0.0736111 1
0 0.774306 0 0.0152778 0
0 0.636806 0 0.0180556 0
0 0.511806 0.5 0.0736111 1
0 0.774306 0 0.0152778 0
0 0.636806 0 0.0180556 0
0 0.511806 0.5 0.0736111 1
0 0.774306 0 0.0152778 0
0 0.636806 0 0.0180556 0
0 0.511806 0.5 0.0736111 1
0 0.36875 0 0.0180556 0
0 0.774306 0 0.0152778 0
0 0.636806 0 0.0152778 0
0 0.511806 0.5 0.0736111 1
0 0.369444 0 0.0166667 0
0 0.774306 0 0.0152778 0
0 0.6375 0 0.0166667 0
0 0.511806 0.5 0.0736111 1
0 0.36875 0 0.0180556 0
0 0.774306 0 0.0152778 0
0 0.636806 0 0.0180556 0
0 0.511806 0.5 0.0736111 1
0 0.36875 0 0.0180556 0
0 0.774306 0 0.0152778 0
0 0.6375 0 0.0166667 0
0 0.511806 0.5 0.0736111 1
0 0.369444 0 0.0166667 0
0 0.774306 0 0.0152778 0
0 0.636111 0 0.0166667 0
0 0.511806 0.5 0.0736111 1
0 0.369444 0 0.0166667 0
0 0.636806 0 0.0180556 0
0 0.774306 0 0.0152778 0
0 0.511806 0.5 0.0736111 1
0 0.369444 0 0.0166667 0
0 0.774306 0 0.0152778 0
0 0.6375 0 0.0166667 0
0 0.511806 0.5 0.0791667 1
0 0.369444 0 0.0166667 0
0 0.774306 0 0.0152778 0
0 0.6375 0 0.0166667 0
0 0.511806 0.5 0.0763889 1
0 0.774306 0 0.0152778 0
0 0.636806 0 0.0152778 0
0 0.511806 0.5 0.0763889 1
0 0.369444 0 0.0166667 0
0 0.774306 0 0.0152778 0
0 0.636111 0 0.0166667 0
0 0.511806 0.5 0.0763889 1
0 0.36875 0 0.0180556 0
0 0.774306 0 0.0152778 0
0 0.636806 0 0.0180556 0
0 0.5125 0.5 0.075 1
0 0.636806 0 0.0180556 0
0 0.774306 0 0.0152778 0
0 0.5125 0.5 0.075 1
0 0.774306 0 0.0152778 0
0 0.6375 0 0.0166667 0
0 0.5125 0.5 0.075 1
0 0.552778 0 0.0361111 0
0 0.774306 0 0.0152778 0
0 0.6375 0 0.0166667 0
0 0.5125 0.5 0.075 1
0 0.774306 0 0.0152778 0
0 0.6375 0 0.0166667 0
0 0.5125 0.5 0.075 1
0 0.774306 0 0.0152778 0
0 0.6375 0 0.0166667 0
0 0.5125 0.5 0.075 1
0 0.774306 0 0.0152778 0
0 0.6375 0 0.0166667 0
0 0.5125 0.5 0.075 1
0 0.369444 0 0.0166667 0
0 0.23125 0 0.0180556 0
0 0.774306 0 0.0152778 0
0 0.6375 0 0.0166667 0
0 0.5125 0.5 0.075 1
0 0.552778 0 0.0361111 0
0 0.23125 0 0.0180556 0
0 0.774306 0 0.0152778 0
0 0.6375 0 0.0166667 0
0 0.513194 0.5 0.0736111 1
0 0.774306 0 0.0152778 0
0 0.231944 0 0.0166667 0
0 0.6375 0 0.0166667 0
0 0.513889 0.5 0.075 1
0 0.553472 0 0.0347222 0
0 0.231944 0 0.0166667 0
0 0.774306 0 0.0152778 0
0 0.6375 0 0.0166667 0
0 0.513889 0.5 0.075 1
0 0.231944 0 0.0166667 0
0 0.774306 0 0.0152778 0
0 0.6375 0 0.0166667 0
0 0.514583 0.5 0.0736111 1
0 0.231944 0 0.0166667 0
0 0.774306 0 0.0152778 0
0 0.6375 0 0.0166667 0
0 0.514583 0.5 0.0736111 1
0 0.231944 0 0.0166667 0
0 0.774306 0 0.0152778 0
0 0.6375 0 0.0166667 0
0 0.514583 0.5 0.0736111 1
0 0.775 0 0.0166667 0
0 0.6375 0 0.0166667 0
0 0.514583 0.5 0.0736111 1
0 0.775 0 0.0166667 0
0 0.553472 0 0.0347222 0
0 0.6375 0 0.0166667 0
0 0.515972 0.5 0.0736111 1
0 0.369444 0 0.0166667 0
0 0.553472 0 0.0347222 0
0 0.775 0 0.0166667 0
0 0.6375 0 0.0166667 0
0 0.515972 0.5 0.0736111 1
0 0.553472 0 0.0347222 0
0 0.775 0 0.0166667 0
0 0.369444 0 0.0166667 0
0 0.6375 0 0.0166667 0
0 0.515972 0.5 0.0736111 1
0 0.370139 0 0.0180556 0
0 0.553472 0 0.0347222 0
0 0.775 0 0.0166667 0
0 0.6375 0 0.0166667 0
0 0.515972 0.5 0.0736111 1
0 0.369444 0 0.0166667 0
0 0.553472 0 0.0347222 0
0 0.775 0 0.0166667 0
0 0.6375 0 0.0166667 0
0 0.515972 0.5 0.0736111 1
0 0.775 0 0.0166667 0
0 0.370139 0 0.0152778 0
0 0.6375 0 0.0166667 0
0 0.515972 0.5 0.0736111 1
0 0.775 0 0.0166667 0
0 0.370139 0 0.0152778 0
0 0.6375 0 0.0194444 0
0 0.517361 0.5 0.0736111 1
0 0.233333 0 0.0166667 0
0 0.370833 0 0.0166667 0
0 0.6375 0 0.0194444 0
0 0.775 0 0.0166667 0
0 0.517361 0.5 0.0736111 1
0 0.553472 0 0.0347222 0
0 0.370139 0 0.0152778 0
0 0.6375 0 0.0194444 0
0 0.775694 0 0.0152778 0
0 0.517361 0.5 0.0736111 1
0 0.233333 0 0.0166667 0
0 0.553472 0 0.0347222 0
0 0.636111 0 0.0194444 0
0 0.370833 0 0.0166667 0
0 0.775694 0 0.0152778 0
0 0.517361 0.5 0.0736111 1
0 0.553472 0 0.0347222 0
0 0.370139 0 0.0180556 0
0 0.775 0 0.0166667 0
0 0.6375 0 0.0194444 0
0 0.517361 0.5 0.0736111 1
0 0.553472 0 0.0347222 0
0 0.370139 0 0.0180556 0
0 0.775694 0 0.0152778 0
0 0.638194 0 0.0180556 0
0 0.517361 0.5 0.0736111 1
0 0.554167 0 0.0361111 0
0 0.370833 0 0.0166667 0
0 0.232639 0 0.0152778 0
0 0.775694 0 0.0152778 0
0 0.638889 0 0.0166667 0
0 0.517361 0.5 0.0736111 1
0 0.554167 0 0.0361111 0
0 0.370833 0 0.0166667 0
0 0.232639 0 0.0152778 0
0 0.776389 0 0.0166667 0
0 0.638889 0 0.0166667 0
0 0.517361 0.5 0.0736111 1
0 0.554167 0 0.0361111 0
0 0.370833 0 0.0166667 0
0 0.232639 0 0.0152778 0
0 0.775694 0 0.0152778 0
0 0.638889 0 0.0166667 0
0 0.517361 0.5 0.0736111 1
0 0.554167 0 0.0361111 0
0 0.232639 0 0.0152778 0
0 0.776389 0 0.0166667 0
0 0.370833 0 0.0166667 0
0 0.638889 0 0.0166667 0
0 0.51875 0.5 0.0736111 1
0 0.554167 0 0.0361111 0
0 0.232639 0 0.0152778 0
0 0.776389 0 0.0166667 0
0 0.370833 0 0.0166667 0
0 0.638889 0 0.0166667 0
0 0.51875 0.5 0.0736111 1
0 0.232639 0 0.0152778 0
0 0.775694 0 0.0152778 0
0 0.370833 0 0.0166667 0
0 0.6375 0 0.0194444 0
0 0.51875 0.5 0.0736111 1
0 0.232639 0 0.0152778 0
0 0.6375 0 0.0194444 0
0 0.776389 0 0.0166667 0
0 0.370833 0 0.0166667 0
0 0.51875 0.5 0.0736111 1
0 0.232639 0 0.0152778 0
0 0.776389 0 0.0166667 0
0 0.638194 0 0.0180556 0
0 0.370833 0 0.0166667 0
0 0.51875 0.5 0.0736111 1
0 0.232639 0 0.0152778 0
0 0.776389 0 0.0166667 0
0 0.370833 0 0.0166667 0
0 0.638194 0 0.0180556 0
0 0.51875 0.5 0.0736111 1
0 0.554167 0 0.0361111 0
0 0.233333 0 0.0166667 0
0 0.776389 0 0.0166667 0
0 0.6375 0 0.0194444 0
0 0.370833 0 0.0166667 0
0 0.519444 0.5 0.075 1
0 0.233333 0 0.0166667 0
0 0.6375 0 0.0194444 0
0 0.776389 0 0.0166667 0
0 0.370833 0 0.0166667 0
0 0.520139 0.5 0.0736111 1
0 0.233333 0 0.0166667 0
0 0.776389 0 0.0166667 0
0 0.638194 0 0.0180556 0
0 0.371528 0 0.0180556 0
0 0.521528 0.5 0.0736111 1
0 0.638194 0 0.0180556 0
0 0.776389 0 0.0166667 0
0 0.371528 0 0.0180556 0
0 0.521528 0.5 0.0736111 1
0 0.638194 0 0.0180556 0
0 0.776389 0 0.0166667 0
0 0.371528 0 0.0180556 0
0 0.521528 0.5 0.0736111 1
0 0.638194 0 0.0180556 0
0 0.776389 0 0.0166667 0
0 0.371528 0 0.0180556 0
0 0.521528 0.5 0.0736111 1
0 0.6375 0 0.0194444 0
0 0.776389 0 0.0166667 0
0 0.371528 0 0.0180556 0
0 0.521528 0.5 0.0736111 1
0 0.776389 0 0.0166667 0
0 0.638889 0 0.0194444 0
0 0.371528 0 0.0180556 0
0 0.521528 0.5 0.0736111 1
0 0.638194 0 0.0180556 0
0 0.777083 0 0.0180556 0
0 0.371528 0 0.0180556 0
0 0.521528 0.5 0.0736111 1
0 0.777083 0 0.0180556 0
0 0.371528 0 0.0180556 0
0 0.639583 0 0.0180556 0
0 0.522917 0.5 0.0736111 1
0 0.776389 0 0.0166667 0
0 0.371528 0 0.0180556 0
0 0.639583 0 0.0180556 0
0 0.522917 0.5 0.0736111 1
0 0.776389 0 0.0166667 0
0 0.371528 0 0.0180556 0
0 0.638889 0 0.0166667 0
0 0.522917 0.5 0.0736111 1
0 0.777083 0 0.0180556 0
0 0.371528 0 0.0180556 0
0 0.639583 0 0.0180556 0
0 0.522917 0.5 0.0736111 1
0 0.776389 0 0.0166667 0
0 0.639583 0 0.0152778 0
0 0.371528 0 0.0180556 0
0 0.522917 0.5 0.0736111 1
0 0.777778 0 0.0166667 0
0 0.371528 0 0.0180556 0
0 0.639583 0 0.0180556 0
0 0.523611 0.5 0.075 1
0 0.777083 0 0.0180556 0
0 0.639583 0 0.0180556 0
0 0.371528 0 0.0180556 0
0 0.523611 0.5 0.075 1
0 0.777083 0 0.0180556 0
0 0.371528 0 0.0180556 0
0 0.640278 0 0.0166667 0
0 0.523611 0.5 0.075 1
0 0.777083 0 0.0180556 0
0 0.371528 0 0.0180556 0
0 0.640278 0 0.0166667 0
0 0.523611 0.5 0.075 1
0 0.777083 0 0.0180556 0
0 0.638889 0 0.0194444 0
0 0.371528 0 0.0180556 0
0 0.523611 0.5 0.075 1
0 0.777778 0 0.0166667 0
0 0.371528 0 0.0180556 0
0 0.638889 0 0.0194444 0
0 0.524306 0.5 0.0763889 1
0 0.777083 0 0.0152778 0
0 0.371528 0 0.0180556 0
0 0.640278 0 0.0194444 0
0 0.525 0.5 0.075 1
0 0.371528 0 0.0180556 0
0 0.640278 0 0.0194444 0
0 0.525 0.5 0.0833333 1
0 0.371528 0 0.0180556 0
0 0.638889 0 0.0194444 0
0 0.525 0.5 0.0833333 1
0 0.371528 0 0.0180556 0
0 0.640278 0 0.0194444 0
0 0.525 0.5 0.0833333 1
0 0.371528 0 0.0180556 0
0 0.640278 0 0.0194444 0
0 0.525694 0.5 0.0819444 1
0 0.777083 0 0.0152778 0
0 0.371528 0 0.0180556 0
0 0.640278 0 0.0166667 0
0 0.525694 0.5 0.0819444 1
0 0.372917 0 0.0180556 0
0 0.779167 0 0.0166667 0
0 0.642361 0 0.0208333 0
0 0.532639 0.5 0.0736111 1
0 0.373611 0 0.0194444 0
0 0.779167 0 0.0166667 0
0 0.641667 0 0.0194444 0
0 0.532639 0.5 0.0736111 1
0 0.373611 0 0.0194444 0
0 0.779167 0 0.0166667 0
0 0.641667 0 0.0194444 0
0 0.532639 0.5 0.0736111 1
0 0.372917 0 0.0180556 0
0 0.641667 0 0.0194444 0
0 0.779167 0 0.0166667 0
0 0.532639 0.5 0.0736111 1
0 0.372917 0 0.0180556 0
0 0.641667 0 0.0194444 0
0 0.779167 0 0.0166667 0
0 0.532639 0.5 0.0736111 1
0 0.372917 0 0.0180556 0
0 0.642361 0 0.0180556 0
0 0.779167 0 0.0166667 0
0 0.532639 0.5 0.0736111 1
0 0.372917 0 0.0180556 0
0 0.641667 0 0.0194444 0
0 0.779167 0 0.0166667 0
0 0.532639 0.5 0.0736111 1
0 0.372917 0 0.0180556 0
0 0.642361 0 0.0180556 0
0 0.778472 0 0.0180556 0
0 0.532639 0.5 0.0736111 1
0 0.373611 0 0.0166667 0
0 0.642361 0 0.0180556 0
0 0.779167 0 0.0166667 0
0 0.532639 0.5 0.0736111 1
0 0.374306 0 0.0180556 0
0 0.641667 0 0.0166667 0
0 0.779167 0 0.0194444 0
0 0.532639 0.5 0.0736111 1
0 0.373611 0 0.0194444 0
0 0.641667 0 0.0194444 0
0 0.778472 0 0.0180556 0
0 0.532639 0.5 0.0736111 1
0 0.373611 0 0.0194444 0
0 0.778472 0 0.0180556 0
0 0.641667 0 0.0166667 0
0 0.53125 0.5 0.0736111 1
0 0.372917 0 0.0180556 0
0 0.778472 0 0.0180556 0
0 0.641667 0 0.0166667 0
0 0.53125 0.5 0.0736111 1
0 0.778472 0 0.0180556 0
0 0.372917 0 0.0180556 0
0 0.641667 0 0.0166667 0
0 0.53125 0.5 0.0736111 1
0 0.374306 0 0.0180556 0
0 0.778472 0 0.0180556 0
0 0.641667 0 0.0166667 0
0 0.53125 0.5 0.0736111 1
0 0.374306 0 0.0180556 0
0 0.778472 0 0.0180556 0
0 0.641667 0 0.0166667 0
0 0.53125 0.5 0.0736111 1
0 0.372917 0 0.0180556 0
0 0.778472 0 0.0180556 0
0 0.641667 0 0.0166667 0
0 0.53125 0.5 0.0736111 1
0 0.372917 0 0.0180556 0
0 0.778472 0 0.0180556 0
0 0.641667 0 0.0166667 0
0 0.53125 0.5 0.0736111 1
0 0.372917 0 0.0180556 0
0 0.778472 0 0.0180556 0
0 0.641667 0 0.0166667 0
0 0.53125 0.5 0.0736111 1
0 0.372917 0 0.0180556 0
0 0.641667 0 0.0166667 0
0 0.778472 0 0.0180556 0
0 0.53125 0.5 0.0736111 1
0 0.778472 0 0.0180556 0
0 0.373611 0 0.0194444 0
0 0.641667 0 0.0166667 0
0 0.53125 0.5 0.0736111 1
0 0.373611 0 0.0194444 0
0 0.777778 0 0.0166667 0
0 0.641667 0 0.0166667 0
0 0.530556 0.5 0.075 1
0 0.777778 0 0.0166667 0
0 0.372917 0 0.0180556 0
0 0.641667 0 0.0166667 0
0 0.529861 0.5 0.0736111 1
0 0.372917 0 0.0180556 0
0 0.640972 0 0.0180556 0
0 0.529861 0.5 0.0736111 1
0 0.372917 0 0.0180556 0
0 0.640972 0 0.0180556 0
0 0.529861 0.5 0.0736111 1
0 0.372917 0 0.0180556 0
0 0.641667 0 0.0166667 0
0 0.529861 0.5 0.0736111 1
0 0.372917 0 0.0180556 0
0 0.641667 0 0.0166667 0
0 0.529861 0.5 0.0736111 1
0 0.777778 0 0.0166667 0
0 0.641667 0 0.0166667 0
0 0.529861 0.5 0.0736111 1
0 0.777778 0 0.0166667 0
0 0.640972 0 0.0180556 0
0 0.529861 0.5 0.0736111 1
0 0.777778 0 0.0166667 0
0 0.640972 0 0.0180556 0
0 0.529861 0.5 0.0736111 1
0 0.373611 0 0.0194444 0
0 0.777778 0 0.0166667 0
0 0.641667 0 0.0166667 0
0 0.529861 0.5 0.0736111 1
0 0.777778 0 0.0166667 0
0 0.641667 0 0.0166667 0
0 0.529861 0.5 0.0736111 1
0 0.777778 0 0.0166667 0
0 0.641667 0 0.0166667 0
0 0.529861 0.5 0.0736111 1
0 0.777778 0 0.0166667 0
0 0.641667 0 0.0166667 0
0 0.529861 0.5 0.0736111 1
0 0.777778 0 0.0166667 0
0 0.641667 0 0.0166667 0
0 0.529861 0.5 0.0736111 1
0 0.777778 0 0.0166667 0
0 0.641667 0 0.0166667 0
0 0.529861 0.5 0.0736111 1
0 0.777778 0 0.0166667 0
0 0.641667 0 0.0166667 0
0 0.529861 0.5 0.0736111 1
0 0.777778 0 0.0166667 0
0 0.641667 0 0.0166667 0
0 0.529861 0.5 0.0736111 1
0 0.777778 0 0.0166667 0
0 0.641667 0 0.0166667 0
0 0.529861 0.5 0.0736111 1
0 0.777778 0 0.0166667 0
0 0.641667 0 0.0166667 0
0 0.529861 0.5 0.0736111 1
0 0.372917 0 0.0180556 0
0 0.777778 0 0.0166667 0
0 0.641667 0 0.0166667 0
0 0.529861 0.5 0.0736111 1
0 0.372222 0 0.0166667 0
0 0.777778 0 0.0166667 0
0 0.641667 0 0.0166667 0
0 0.529861 0.5 0.0736111 1
0 0.777778 0 0.0166667 0
0 0.372222 0 0.0166667 0
0 0.641667 0 0.0166667 0
0 0.529167 0.5 0.0722222 1
0 0.372917 0 0.0180556 0
0 0.777778 0 0.0166667 0
0 0.641667 0 0.0166667 0
0 0.529167 0.5 0.0722222 1
0 0.372917 0 0.0180556 0
0 0.777778 0 0.0166667 0
0 0.641667 0 0.0166667 0
0 0.529167 0.5 0.0722222 1
0 0.372222 0 0.0166667 0
0 0.777778 0 0.0166667 0
0 0.641667 0 0.0166667 0
0 0.529167 0.5 0.0722222 1
0 0.372917 0 0.0180556 0
0 0.777778 0 0.0166667 0
0 0.641667 0 0.0166667 0
0 0.529167 0.5 0.0722222 1
0 0.777778 0 0.0166667 0
0 0.372917 0 0.0180556 0
0 0.641667 0 0.0166667 0
0 0.529167 0.5 0.0722222 1
0 0.372917 0 0.0180556 0
0 0.777778 0 0.0166667 0
0 0.640278 0 0.0166667 0
0 0.528472 0.5 0.0708333 1
0 0.372917 0 0.0180556 0
0 0.777778 0 0.0166667 0
0 0.640278 0 0.0166667 0
0 0.528472 0.5 0.0708333 1
0 0.372917 0 0.0180556 0
0 0.777778 0 0.0166667 0
0 0.640278 0 0.0166667 0
0 0.528472 0.5 0.0708333 1
0 0.777778 0 0.0166667 0
0 0.372917 0 0.0180556 0
0 0.640972 0 0.0180556 0
0 0.527778 0.5 0.0694444 1
0 0.372917 0 0.0180556 0
0 0.777778 0 0.0166667 0
0 0.640278 0 0.0166667 0
0 0.527083 0.5 0.0708333 1
0 0.777778 0 0.0166667 0
0 0.372917 0 0.0180556 0
0 0.640972 0 0.0180556 0
0 0.527083 0.5 0.0708333 1
0 0.777778 0 0.0166667 0
0 0.372917 0 0.0180556 0
0 0.640278 0 0.0166667 0
0 0.527083 0.5 0.0708333 1
0 0.372222 0 0.0166667 0
0 0.777778 0 0.0166667 0
0 0.640278 0 0.0166667 0
0 0.527083 0.5 0.0708333 1
0 0.372222 0 0.0166667 0
0 0.777778 0 0.0166667 0
0 0.640278 0 0.0166667 0
0 0.527083 0.5 0.0708333 1
0 0.777778 0 0.0166667 0
0 0.372917 0 0.0180556 0
0 0.640278 0 0.0166667 0
0 0.527083 0.5 0.0708333 1
0 0.372917 0 0.0180556 0
0 0.777778 0 0.0166667 0
0 0.640278 0 0.0166667 0
0 0.526389 0.5 0.0694444 1
0 0.777778 0 0.0166667 0
0 0.372917 0 0.0180556 0
0 0.640278 0 0.0166667 0
0 0.526389 0.5 0.0694444 1
0 0.372917 0 0.0180556 0
0 0.640278 0 0.0166667 0
0 0.526389 0.5 0.0722222 1
0 0.372917 0 0.0180556 0
0 0.777778 0 0.0166667 0
0 0.640278 0 0.0166667 0
0 0.526389 0.5 0.0722222 1
0 0.777083 0 0.0152778 0
0 0.372917 0 0.0180556 0
0 0.640278 0 0.0166667 0
0 0.525 0.5 0.0722222 1
0 0.777083 0 0.0152778 0
0 0.372917 0 0.0180556 0
0 0.640278 0 0.0166667 0
0 0.525 0.5 0.0722222 1
0 0.777083 0 0.0152778 0
0 0.372917 0 0.0180556 0
0 0.640278 0 0.0166667 0
0 0.525 0.5 0.0722222 1
0 0.777083 0 0.0152778 0
0 0.372917 0 0.0180556 0
0 0.640278 0 0.0166667 0
0 0.525 0.5 0.0722222 1
0 0.777083 0 0.0152778 0
0 0.372222 0 0.0166667 0
0 0.640278 0 0.0166667 0
0 0.525694 0.5 0.0708333 1
0 0.776389 0 0.0166667 0
0 0.372917 0 0.0180556 0
0 0.640278 0 0.0166667 0
0 0.525 0.5 0.0722222 1
0 0.776389 0 0.0166667 0
0 0.372917 0 0.0180556 0
0 0.640278 0 0.0166667 0
0 0.525 0.5 0.0722222 1
0 0.776389 0 0.0166667 0
0 0.373611 0 0.0194444 0
0 0.640278 0 0.0166667 0
0 0.525694 0.5 0.0708333 1
0 0.776389 0 0.0166667 0
0 0.373611 0 0.0194444 0
0 0.640278 0 0.0166667 0
0 0.525694 0.5 0.0708333 1
0 0.372917 0 0.0180556 0
0 0.777083 0 0.0152778 0
0 0.640278 0 0.0166667 0
0 0.525 0.5 0.0722222 1
0 0.372917 0 0.0180556 0
0 0.640278 0 0.0194444 0
0 0.777083 0 0.0152778 0
0 0.525 0.5 0.0722222 1
0 0.372222 0 0.0166667 0
0 0.777083 0 0.0152778 0
0 0.640278 0 0.0166667 0
0 0.525 0.5 0.0722222 1
0 0.372917 0 0.0180556 0
0 0.776389 0 0.0166667 0
0 0.640278 0 0.0166667 0
0 0.525694 0.5 0.0819444 1
0 0.372917 0 0.0180556 0
0 0.777083 0 0.0152778 0
0 0.640278 0 0.0166667 0
0 0.525694 0.5 0.0819444 1
0 0.372222 0 0.0166667 0
0 0.776389 0 0.0166667 0
0 0.640278 0 0.0166667 0
0 0.525694 0.5 0.0819444 1
0 0.372917 0 0.0180556 0
0 0.776389 0 0.0166667 0
0 0.640278 0 0.0166667 0
0 0.525694 0.5 0.0819444 1
0 0.372917 0 0.0180556 0
0 0.776389 0 0.0166667 0
0 0.640278 0 0.0166667 0
0 0.525694 0.5 0.0819444 1
0 0.372917 0 0.0180556 0
0 0.776389 0 0.0166667 0
0 0.640278 0 0.0166667 0
0 0.526389 0.5 0.0722222 1
0 0.372917 0 0.0180556 0
0 0.776389 0 0.0166667 0
0 0.639583 0 0.0180556 0
0 0.526389 0.5 0.0722222 1
0 0.372917 0 0.0180556 0
0 0.776389 0 0.0166667 0
0 0.640278 0 0.0194444 0
0 0.526389 0.5 0.0722222 1
0 0.372917 0 0.0180556 0
0 0.776389 0 0.0166667 0
0 0.639583 0 0.0180556 0
0 0.526389 0.5 0.0722222 1
0 0.776389 0 0.0166667 0
0 0.640278 0 0.0166667 0
0 0.525694 0.5 0.0736111 1
0 0.372917 0 0.0180556 0
0 0.777083 0 0.0180556 0
0 0.640278 0 0.0166667 0
0 0.525694 0.5 0.0736111 1
0 0.372917 0 0.0180556 0
0 0.777083 0 0.0180556 0
0 0.640278 0 0.0166667 0
0 0.525694 0.5 0.0736111 1
0 0.776389 0 0.0166667 0
0 0.640278 0 0.0166667 0
0 0.525694 0.5 0.0736111 1
0 0.640278 0 0.0166667 0
0 0.776389 0 0.0166667 0
0 0.525694 0.5 0.0736111 1
0 0.640278 0 0.0166667 0
0 0.776389 0 0.0166667 0
0 0.525694 0.5 0.0736111 1
0 0.372222 0 0.0166667 0
0 0.776389 0 0.0166667 0
0 0.640278 0 0.0166667 0
0 0.526389 0.5 0.0722222 1
0 0.372222 0 0.0166667 0
0 0.639583 0 0.0180556 0
0 0.777083 0 0.0180556 0
0 0.526389 0.5 0.0722222 1
0 0.640278 0 0.0166667 0
0 0.776389 0 0.0166667 0
0 0.526389 0.5 0.0722222 1
0 0.639583 0 0.0180556 0
0 0.776389 0 0.0166667 0
0 0.526389 0.5 0.0722222 1
0 0.639583 0 0.0180556 0
0 0.777083 0 0.0152778 0
0 0.526389 0.5 0.0722222 1
0 0.639583 0 0.0180556 0
0 0.777083 0 0.0180556 0
0 0.526389 0.5 0.0722222 1
0 0.371528 0 0.0180556 0
0 0.639583 0 0.0180556 0
0 0.776389 0 0.0166667 0
0 0.526389 0.5 0.0722222 1
0 0.371528 0 0.0180556 0
0 0.640278 0 0.0166667 0
0 0.776389 0 0.0166667 0
0 0.525694 0.5 0.0736111 1
0 0.371528 0 0.0180556 0
0 0.638889 0 0.0194444 0
0 0.776389 0 0.0166667 0
0 0.525694 0.5 0.0736111 1
0 0.640278 0 0.0166667 0
0 0.776389 0 0.0166667 0
0 0.525694 0.5 0.0736111 1
0 0.640278 0 0.0166667 0
0 0.776389 0 0.0166667 0
0 0.525694 0.5 0.0736111 1
0 0.371528 0 0.0180556 0
0 0.639583 0 0.0180556 0
0 0.776389 0 0.0166667 0
0 0.525694 0.5 0.0736111 1
0 0.372222 0 0.0166667 0
0 0.639583 0 0.0180556 0
0 0.776389 0 0.0166667 0
0 0.525694 0.5 0.0736111 1
0 0.371528 0 0.0180556 0
0 0.639583 0 0.0180556 0
0 0.776389 0 0.0166667 0
0 0.525694 0.5 0.0736111 1
0 0.371528 0 0.0180556 0
0 0.639583 0 0.0180556 0
0 0.776389 0 0.0166667 0
0 0.525694 0.5 0.0736111 1
0 0.371528 0 0.0180556 0
0 0.638889 0 0.0194444 0
0 0.776389 0 0.0166667 0
0 0.525694 0.5 0.0736111 1
0 0.372222 0 0.0166667 0
0 0.640278 0 0.0166667 0
0 0.776389 0 0.0166667 0
0 0.525694 0.5 0.0736111 1
0 0.639583 0 0.0152778 0
0 0.776389 0 0.0166667 0
0 0.525694 0.5 0.0736111 1
0 0.372222 0 0.0166667 0
0 0.640278 0 0.0166667 0
0 0.776389 0 0.0166667 0
0 0.525694 0.5 0.0736111 1
0 0.372222 0 0.0166667 0
0 0.776389 0 0.0166667 0
0 0.640278 0 0.0166667 0
0 0.525694 0.5 0.0736111 1
0 0.372222 0 0.0194444 0
0 0.777083 0 0.0152778 0
0 0.640278 0 0.0166667 0
0 0.525 0.5 0.0722222 1
0 0.372222 0 0.0166667 0
0 0.776389 0 0.0166667 0
0 0.640278 0 0.0166667 0
0 0.525694 0.5 0.0736111 1
0 0.372222 0 0.0166667 0
0 0.639583 0 0.0152778 0
0 0.776389 0 0.0166667 0
0 0.525 0.5 0.0722222 1
0 0.776389 0 0.0166667 0
0 0.640278 0 0.0166667 0
0 0.525 0.5 0.0722222 1
0 0.776389 0 0.0166667 0
0 0.640278 0 0.0166667 0
0 0.525 0.5 0.0722222 1
0 0.371528 0 0.0180556 0
0 0.639583 0 0.0152778 0
0 0.776389 0 0.0166667 0
0 0.525 0.5 0.0722222 1
0 0.640278 0 0.0166667 0
0 0.777083 0 0.0152778 0
0 0.524306 0.5 0.0736111 1
0 0.372917 0 0.0180556 0
0 0.777083 0 0.0152778 0
0 0.640278 0 0.0166667 0
0 0.525 0.5 0.0722222 1
0 0.372917 0 0.0180556 0
0 0.776389 0 0.0166667 0
0 0.640278 0 0.0166667 0
0 0.524306 0.5 0.0736111 1
0 0.372222 0 0.0194444 0
0 0.776389 0 0.0166667 0
0 0.640278 0 0.0166667 0
0 0.524306 0.5 0.0736111 1
0 0.776389 0 0.0166667 0
0 0.640278 0 0.0166667 0
0 0.524306 0.5 0.0736111 1
0 0.776389 0 0.0166667 0
0 0.640278 0 0.0166667 0
0 0.524306 0.5 0.0736111 1
0 0.372222 0 0.0166667 0
0 0.776389 0 0.0166667 0
0 0.640278 0 0.0166667 0
0 0.524306 0.5 0.0736111 1
0 0.372917 0 0.0180556 0
0 0.776389 0 0.0166667 0
0 0.640278 0 0.0166667 0
0 0.524306 0.5 0.0736111 1
0 0.776389 0 0.0166667 0
0 0.640278 0 0.0166667 0
0 0.524306 0.5 0.0736111 1
0 0.776389 0 0.0166667 0
0 0.639583 0 0.0152778 0
0 0.524306 0.5 0.0736111 1
0 0.638889 0 0.0166667 0
0 0.776389 0 0.0166667 0
0 0.524306 0.5 0.0736111 1
0 0.776389 0 0.0166667 0
0 0.639583 0 0.0152778 0
0 0.524306 0.5 0.0736111 1
0 0.372917 0 0.0180556 0
0 0.776389 0 0.0166667 0
0 0.639583 0 0.0152778 0
0 0.524306 0.5 0.0736111 1
0 0.372222 0 0.0166667 0
0 0.776389 0 0.0166667 0
0 0.639583 0 0.0152778 0
0 0.524306 0.5 0.0736111 1
0 0.372222 0 0.0166667 0
0 0.776389 0 0.0166667 0
0 0.639583 0 0.0152778 0
0 0.524306 0.5 0.0736111 1
0 0.372917 0 0.0180556 0
0 0.776389 0 0.0166667 0
0 0.640278 0 0.0166667 0
0 0.524306 0.5 0.0736111 1
0 0.372222 0 0.0166667 0
0 0.776389 0 0.0166667 0
0 0.640278 0 0.0166667 0
0 0.524306 0.5 0.0736111 1
0 0.372222 0 0.0166667 0
0 0.640278 0 0.0166667 0
0 0.776389 0 0.0166667 0
0 0.524306 0.5 0.0736111 1
0 0.372222 0 0.0166667 0
0 0.640278 0 0.0166667 0
0 0.776389 0 0.0166667 0
0 0.524306 0.5 0.0736111 1
0 0.372917 0 0.0180556 0
0 0.776389 0 0.0166667 0
0 0.640278 0 0.0166667 0
0 0.524306 0.5 0.0736111 1
0 0.372917 0 0.0180556 0
0 0.776389 0 0.0166667 0
0 0.639583 0 0.0152778 0
0 0.524306 0.5 0.0736111 1
0 0.372917 0 0.0180556 0
0 0.640278 0 0.0166667 0
0 0.777083 0 0.0152778 0
0 0.524306 0.5 0.0736111 1
0 0.372917 0 0.0180556 0
0 0.776389 0 0.0166667 0
0 0.640278 0 0.0166667 0
0 0.524306 0.5 0.0736111 1
0 0.372917 0 0.0180556 0
0 0.776389 0 0.0166667 0
0 0.640278 0 0.0166667 0
0 0.524306 0.5 0.0736111 1
0 0.372917 0 0.0180556 0
0 0.776389 0 0.0166667 0
0 0.640278 0 0.0166667 0
0 0.524306 0.5 0.0736111 1
0 0.372917 0 0.0180556 0
0 0.776389 0 0.0166667 0
0 0.640278 0 0.0166667 0
0 0.524306 0.5 0.0736111 1
0 0.372222 0 0.0166667 0
0 0.776389 0 0.0166667 0
0 0.640278 0 0.0166667 0
0 0.524306 0.5 0.0736111 1
0 0.372222 0 0.0166667 0
0 0.776389 0 0.0166667 0
0 0.640278 0 0.0166667 0
0 0.524306 0.5 0.0736111 1
0 0.372222 0 0.0166667 0
0 0.776389 0 0.0166667 0
0 0.640278 0 0.0166667 0
0 0.524306 0.5 0.0819444 1
0 0.372222 0 0.0166667 0
0 0.640278 0 0.0166667 0
0 0.777083 0 0.0152778 0
0 0.524306 0.5 0.0819444 1
0 0.372917 0 0.0180556 0
0 0.776389 0 0.0166667 0
0 0.640278 0 0.0166667 0
0 0.524306 0.5 0.0819444 1
0 0.372917 0 0.0180556 0
0 0.776389 0 0.0166667 0
0 0.640278 0 0.0166667 0
0 0.523611 0.5 0.0722222 1
0 0.372917 0 0.0180556 0
0 0.776389 0 0.0166667 0
0 0.640278 0 0.0166667 0
0 0.523611 0.5 0.0722222 1
0 0.372222 0 0.0166667 0
0 0.777083 0 0.0152778 0
0 0.640278 0 0.0166667 0
0 0.525 0.5 0.0722222 1
0 0.372222 0 0.0166667 0
0 0.777083 0 0.0152778 0
0 0.640278 0 0.0166667 0
0 0.525 0.5 0.0722222 1
0 0.372222 0 0.0166667 0
0 0.640278 0 0.0166667 0
0 0.777083 0 0.0152778 0
0 0.525 0.5 0.0722222 1
0 0.372222 0 0.0166667 0
0 0.640278 0 0.0166667 0
0 0.777083 0 0.0152778 0
0 0.525 0.5 0.0722222 1
0 0.372222 0 0.0166667 0
0 0.640278 0 0.0166667 0
0 0.777083 0 0.0152778 0
0 0.525 0.5 0.0722222 1
0 0.372222 0 0.0166667 0
0 0.640278 0 0.0166667 0
0 0.777083 0 0.0152778 0
0 0.525 0.5 0.0722222 1
0 0.372222 0 0.0166667 0
0 0.640278 0 0.0166667 0
0 0.776389 0 0.0166667 0
0 0.525 0.5 0.0722222 1
0 0.372222 0 0.0166667 0
0 0.776389 0 0.0166667 0
0 0.640278 0 0.0166667 0
0 0.525 0.5 0.0722222 1
0 0.372222 0 0.0166667 0
0 0.776389 0 0.0166667 0
0 0.640278 0 0.0166667 0
0 0.525 0.5 0.0722222 1
0 0.372222 0 0.0166667 0
0 0.776389 0 0.0166667 0
0 0.640278 0 0.0166667 0
0 0.525 0.5 0.0722222 1
0 0.372222 0 0.0166667 0
0 0.776389 0 0.0166667 0
0 0.640278 0 0.0166667 0
0 0.525 0.5 0.0722222 1
0 0.372222 0 0.0166667 0
0 0.776389 0 0.0166667 0
0 0.640278 0 0.0166667 0
0 0.525 0.5 0.0722222 1
0 0.372222 0 0.0166667 0
0 0.776389 0 0.0166667 0
0 0.640278 0 0.0166667 0
0 0.525 0.5 0.0722222 1
0 0.776389 0 0.0166667 0
0 0.372222 0 0.0166667 0
0 0.640278 0 0.0166667 0
0 0.525 0.5 0.0722222 1
0 0.372222 0 0.0166667 0
0 0.776389 0 0.0166667 0
0 0.640278 0 0.0166667 0
0 0.525694 0.5 0.0708333 1
0 0.372222 0 0.0166667 0
0 0.776389 0 0.0166667 0
0 0.640278 0 0.0166667 0
0 0.525694 0.5 0.0708333 1
0 0.372222 0 0.0166667 0
0 0.776389 0 0.0166667 0
0 0.640278 0 0.0166667 0
0 0.525694 0.5 0.0708333 1
0 0.372222 0 0.0166667 0
0 0.776389 0 0.0166667 0
0 0.640278 0 0.0166667 0
0 0.525694 0.5 0.0708333 1
0 0.372222 0 0.0166667 0
0 0.776389 0 0.0166667 0
0 0.640278 0 0.0166667 0
0 0.525694 0.5 0.0708333 1
0 0.372222 0 0.0166667 0
0 0.776389 0 0.0166667 0
0 0.640278 0 0.0166667 0
0 0.525694 0.5 0.0708333 1
0 0.372222 0 0.0166667 0
0 0.776389 0 0.0166667 0
0 0.640278 0 0.0166667 0
0 0.525694 0.5 0.0708333 1
0 0.372222 0 0.0166667 0
0 0.776389 0 0.0166667 0
0 0.640278 0 0.0166667 0
0 0.525694 0.5 0.0708333 1
0 0.372222 0 0.0166667 0
0 0.776389 0 0.0166667 0
0 0.640278 0 0.0166667 0
0 0.525694 0.5 0.0708333 1
0 0.372222 0 0.0166667 0
0 0.776389 0 0.0166667 0
0 0.640278 0 0.0166667 0
0 0.525694 0.5 0.0708333 1
0 0.372222 0 0.0166667 0
0 0.776389 0 0.0166667 0
0 0.640278 0 0.0166667 0
0 0.525694 0.5 0.0708333 1
0 0.372222 0 0.0166667 0
0 0.776389 0 0.0166667 0
0 0.640278 0 0.0166667 0
0 0.525694 0.5 0.0708333 1
0 0.372222 0 0.0166667 0
0 0.777083 0 0.0152778 0
0 0.640278 0 0.0166667 0
0 0.526389 0.5 0.0722222 1
0 0.372222 0 0.0166667 0
0 0.777083 0 0.0152778 0
0 0.639583 0 0.0152778 0
0 0.526389 0.5 0.0722222 1
0 0.372222 0 0.0166667 0
0 0.777083 0 0.0152778 0
0 0.640278 0 0.0166667 0
0 0.526389 0.5 0.0722222 1
0 0.372222 0 0.0166667 0
0 0.776389 0 0.0166667 0
0 0.640278 0 0.0166667 0
0 0.526389 0.5 0.0722222 1
0 0.372222 0 0.0166667 0
0 0.776389 0 0.0166667 0
0 0.640278 0 0.0166667 0
0 0.526389 0.5 0.0722222 1
0 0.372222 0 0.0166667 0
0 0.776389 0 0.0166667 0
0 0.640278 0 0.0166667 0
0 0.526389 0.5 0.0722222 1
0 0.372222 0 0.0166667 0
0 0.776389 0 0.0166667 0
0 0.639583 0 0.0152778 0
0 0.525694 0.5 0.0708333 1
0 0.372222 0 0.0166667 0
0 0.776389 0 0.0166667 0
0 0.638889 0 0.0166667 0
0 0.525694 0.5 0.0708333 1
0 0.372222 0 0.0166667 0
0 0.776389 0 0.0166667 0
0 0.638889 0 0.0166667 0
0 0.526389 0.5 0.0722222 1
0 0.372222 0 0.0166667 0
0 0.776389 0 0.0166667 0
0 0.638889 0 0.0166667 0
0 0.525694 0.5 0.0708333 1
0 0.372222 0 0.0166667 0
0 0.776389 0 0.0166667 0
0 0.638889 0 0.0166667 0
0 0.525 0.5 0.0722222 1
0 0.371528 0 0.0180556 0
0 0.775694 0 0.0152778 0
0 0.639583 0 0.0152778 0
0 0.526389 0.5 0.0722222 1
0 0.372222 0 0.0166667 0
0 0.777083 0 0.0152778 0
0 0.639583 0 0.0152778 0
0 0.526389 0.5 0.0722222 1
0 0.775694 0 0.0152778 0
0 0.372222 0 0.0166667 0
0 0.639583 0 0.0152778 0
0 0.525694 0.5 0.0736111 1
0 0.777083 0 0.0152778 0
0 0.638889 0 0.0166667 0
0 0.371528 0 0.0152778 0
0 0.525 0.5 0.075 1
0 0.371528 0 0.0180556 0
0 0.639583 0 0.0180556 0
0 0.776389 0 0.0166667 0
0 0.525694 0.5 0.0736111 1
0 0.371528 0 0.0180556 0
0 0.638889 0 0.0166667 0
0 0.776389 0 0.0166667 0
0 0.525694 0.5 0.0736111 1
0 0.638889 0 0.0194444 0
0 0.777083 0 0.0180556 0
0 0.371528 0 0.0180556 0
0 0.525694 0.5 0.0736111 1
0 0.638889 0 0.0194444 0
0 0.371528 0 0.0180556 0
0 0.777083 0 0.0180556 0
0 0.525694 0.5 0.0736111 1
0 0.776389 0 0.0166667 0
0 0.639583 0 0.0180556 0
0 0.525694 0.5 0.0736111 1
0 0.234028 0 0.0180556 0
0 0.776389 0 0.0166667 0
0 0.372222 0 0.0166667 0
0 0.639583 0 0.0180556 0
0 0.525694 0.5 0.0736111 1
0 0.371528 0 0.0180556 0
0 0.777083 0 0.0180556 0
0 0.640278 0 0.0166667 0
0 0.525694 0 0.0736111 0
0 0.370833 0 0.0166667 0
0 0.640278 0 0.0166667 0
0 0.777778 0 0.0166667 0
0 0.525694 0 0.0736111 0
0 0.638889 0 0.0166667 0
0 0.777083 0 0.0180556 0
0 0.371528 0 0.0152778 0
0 0.525694 0 0.0736111 0
0 0.679167 0 0.0444444 0
0 0.777083 0 0.0180556 0
0 0.371528 0 0.0180556 0
0 0.639583 0 0.0180556 0
0 0.525694 0 0.0763889 0
0 0.371528 0 0.0180556 0
0 0.640278 0 0.0166667 0
0 0.525694 0 0.0736111 0
0 0.371528 0 0.0180556 0
0 0.233333 0 0.0166667 0
0 0.640278 0 0.0166667 0
0 0.525694 0 0.0736111 0
0 0.371528 0 0.0180556 0
0 0.233333 0 0.0166667 0
0 0.640278 0 0.0166667 0
0 0.525694 0 0.0736111 0
0 0.778472 0 0.0180556 0
0 0.370833 0 0.0166667 0
0 0.234028 0 0.0180556 0
0 0.640278 0 0.0166667 0
0 0.525694 0 0.0736111 0
0 0.777778 0 0.0166667 0
0 0.370833 0 0.0166667 0
0 0.640278 0 0.0166667 0
0 0.527083 0 0.0736111 0
0 0.55625 0 0.0375 0
0 0.371528 0 0.0180556 0
0 0.640972 0 0.0180556 0
0 0.525694 0 0.0736111 0
0 0.232639 0 0.0152778 0
0 0.371528 0 0.0180556 0
0 0.641667 0 0.0194444 0
0 0.526389 0 0.075 0
0 0.779167 0 0.0166667 0
0 0.371528 0 0.0180556 0
0 0.232639 0 0.0152778 0
0 0.641667 0 0.0194444 0
0 0.526389 0 0.075 0
0 0.779167 0 0.0166667 0
0 0.370833 0 0.0166667 0
0 0.232639 0 0.0152778 0
0 0.640972 0 0.0180556 0
0 0.525694 0 0.0763889 0
0 0.370833 0 0.0166667 0
0 0.641667 0 0.0166667 0
0 0.526389 0 0.075 0
0 0.779861 0 0.0180556 0
0 0.370833 0 0.0166667 0
0 0.641667 0 0.0166667 0
0 0.525694 0 0.0763889 0
0 0.779861 0 0.0180556 0
0 0.641667 0 0.0166667 0
0 0.370833 0 0.0166667 0
0 0.525694 0 0.0763889 0
0 0.641667 0 0.0166667 0
0 0.779861 0 0.0180556 0
0 0.370833 0 0.0166667 0
0 0.525694 0 0.0763889 0
0 0.370833 0 0.0166667 0
0 0.779861 0 0.0180556 0
0 0.640972 0 0.0180556 0
0 0.525 0 0.0777778 0
0 0.231944 0 0.0166667 0
0 0.370833 0 0.0166667 0
0 0.780556 0 0.0166667 0
0 0.640972 0 0.0180556 0
0 0.525694 0 0.0763889 0
0 0.780556 0 0.0166667 0
0 0.370833 0 0.0166667 0
0 0.641667 0 0.0166667 0
0 0.527083 0 0.0736111 0
0 0.780556 0 0.0166667 0
0 0.371528 0 0.0152778 0
0 0.641667 0 0.0166667 0
0 0.527083 0 0.0736111 0
0 0.780556 0 0.0166667 0
0 0.370833 0 0.0166667 0
0 0.641667 0 0.0166667 0
0 0.527083 0 0.0736111 0
0 0.370833 0 0.0166667 0
0 0.78125 0 0.0152778 0
0 0.641667 0 0.0166667 0
0 0.525694 0 0.0791667 0
0 0.78125 0 0.0152778 0
0 0.370833 0 0.0166667 0
0 0.642361 0 0.0180556 0
0 0.525694 0 0.0819444 0
0 0.370833 0 0.0194444 0
0 0.643056 0 0.0194444 0
0 0.525694 0 0.0819444 0
0 0.370833 0 0.0194444 0
0 0.78125 0 0.0180556 0
0 0.643056 0 0.0194444 0
0 0.525694 0 0.0791667 0
0 0.78125 0 0.0180556 0
0 0.370139 0 0.0180556 0
0 0.643056 0 0.0194444 0
0 0.525694 0 0.0791667 0
0 0.78125 0 0.0180556 0
0 0.370833 0 0.0166667 0
0 0.642361 0 0.0180556 0
0 0.525694 0 0.0819444 0
0 0.78125 0 0.0180556 0
0 0.370833 0 0.0166667 0
0 0.642361 0 0.0180556 0
0 0.525694 0 0.0819444 0
0 0.782639 0 0.0180556 0
0 0.643056 0 0.0194444 0
0 0.527083 0 0.0847222 0
0 0.782639 0 0.0180556 0
0 0.643056 0 0.0194444 0
0 0.527083 0 0.0847222 0
0 0.782639 0 0.0180556 0
0 0.643056 0 0.0194444 0
0 0.527083 0 0.0847222 0
0 0.370833 0 0.0166667 0
0 0.782639 0 0.0180556 0
0 0.643056 0 0.0194444 0
0 0.527083 0 0.0847222 0
0 0.370833 0 0.0166667 0
0 0.782639 0 0.0180556 0
0 0.643056 0 0.0194444 0
0 0.527083 0 0.0847222 0
0 0.369444 0 0.0166667 0
0 0.784028 0 0.0180556 0
0 0.643056 0 0.0166667 0
0 0.528472 0 0.0791667 0
0 0.783333 0 0.0166667 0
0 0.370833 0 0.0166667 0
0 0.644444 0 0.0166667 0
0 0.529167 0 0.0777778 0
0 0.369444 0 0.0166667 0
0 0.783333 0 0.0166667 0
0 0.64375 0 0.0180556 0
0 0.529167 0 0.0777778 0
0 0.783333 0 0.0166667 0
0 0.369444 0 0.0166667 0
0 0.64375 0 0.0180556 0
0 0.529167 0 0.0777778 0
0 0.784028 0 0.0180556 0
0 0.370139 0 0.0152778 0
0 0.644444 0 0.0166667 0
0 0.528472 0 0.0819444 0
0 0.370139 0 0.0152778 0
0 0.784028 0 0.0180556 0
0 0.64375 0 0.0180556 0
0 0.529167 0 0.0805556 0
0 0.785417 0 0.0180556 0
0 0.369444 0 0.0166667 0
0 0.645139 0 0.0180556 0
0 0.529167 0 0.0805556 0
0 0.786111 0 0.0194444 0
0 0.369444 0 0.0166667 0
0 0.645139 0 0.0180556 0
0 0.528472 0 0.0819444 0
0 0.786111 0 0.0194444 0
0 0.369444 0 0.0166667 0
0 0.645139 0 0.0180556 0
0 0.528472 0 0.0819444 0
0 0.786111 0 0.0194444 0
0 0.369444 0 0.0166667 0
0 0.645139 0 0.0180556 0
0 0.528472 0 0.0819444 0
0 0.785417 0 0.0180556 0
0 0.369444 0 0.0166667 0
0 0.645139 0 0.0180556 0
0 0.529167 0 0.0833333 0
0 0.786111 0 0.0166667 0
0 0.369444 0 0.0166667 0
0 0.645833 0 0.0166667 0
0 0.529861 0 0.0819444 0
0 0.786111 0 0.0166667 0
0 0.369444 0 0.0166667 0
0 0.645833 0 0.0166667 0
0 0.529167 0 0.0833333 0
0 0.786806 0 0.0180556 0
0 0.369444 0 0.0166667 0
0 0.645139 0 0.0152778 0
0 0.529167 0 0.0833333 0
0 0.786806 0 0.0180556 0
0 0.369444 0 0.0166667 0
0 0.645139 0 0.0152778 0
0 0.529167 0 0.0833333 0
0 0.226389 0 0.0166667 0
0 0.786806 0 0.0180556 0
0 0.369444 0 0.0166667 0
0 0.645833 0 0.0166667 0
0 0.529167 0 0.0833333 0
0 0.36875 0 0.0180556 0
0 0.786806 0 0.0180556 0
0 0.645139 0 0.0180556 0
0 0.53125 0 0.0819444 0
0 0.226389 0 0.0166667 0
0 0.7875 0 0.0166667 0
0 0.504861 0 0.0708333 0
0 0.368056 0 0.0166667 0
0 0.646528 0 0.0180556 0
0 0.532639 0 0.0847222 0
0 0.504861 0 0.0680556 0
0 0.7875 0 0.0166667 0
0 0.36875 0 0.0180556 0
0 0.645833 0 0.0194444 0
0 0.226389 0 0.0166667 0
0 0.533333 0 0.0833333 0
0 0.7875 0 0.0166667 0
0 0.36875 0 0.0180556 0
0 0.646528 0 0.0208333 0
0 0.226389 0 0.0166667 0
0 0.533333 0 0.0833333 0
0 0.504167 0 0.0694444 0
0 0.7875 0 0.0166667 0
0 0.36875 0 0.0180556 0
0 0.225 0 0.0166667 0
0 0.646528 0 0.0180556 0
0 0.534028 0 0.0847222 0
0 0.504861 0 0.0680556 0
0 0.36875 0 0.0180556 0
0 0.7875 0 0.0166667 0
0 0.225 0 0.0166667 0
0 0.645833 0 0.0194444 0
0 0.534028 0 0.0847222 0
0 0.50625 0 0.0652778 0
0 0.788889 0 0.0166667 0
0 0.646528 0 0.0180556 0
0 0.535417 0 0.0847222 0
0 0.367361 0 0.0180556 0
0 0.788889 0 0.0166667 0
0 0.504861 0 0.0680556 0
0 0.647222 0 0.0194444 0
0 0.535417 0 0.0875 0
0 0.789583 0 0.0180556 0
0 0.504861 0 0.0680556 0
0 0.367361 0 0.0180556 0
0 0.647222 0 0.0194444 0
0 0.535417 0 0.0847222 0
0 0.789583 0 0.0180556 0
0 0.504861 0 0.0680556 0
0 0.367361 0 0.0180556 0
0 0.647222 0 0.0194444 0
0 0.535417 0 0.0847222 0
0 0.368056 0 0.0194444 0
0 0.504861 0 0.0680556 0
0 0.789583 0 0.0180556 0
0 0.647222 0 0.0194444 0
0 0.535417 0 0.0847222 0
0 0.504861 0 0.0652778 0
0 0.790278 0 0.0194444 0
0 0.647222 0 0.0194444 0
0 0.536806 0 0.0875 0
0 0.504861 0 0.0652778 0
0 0.367361 0 0.0180556 0
0 0.789583 0 0.0180556 0
0 0.647222 0 0.0194444 0
0 0.5375 0 0.0888889 0
0 0.367361 0 0.0180556 0
0 0.50625 0 0.0625 0
0 0.789583 0 0.0180556 0
0 0.647222 0 0.0194444 0
0 0.5375 0 0.0861111 0
0 0.505556 0 0.0611111 0
0 0.367361 0 0.0180556 0
0 0.790278 0 0.0194444 0
0 0.647222 0 0.0194444 0
0 0.5375 0 0.0888889 0
0 0.50625 0 0.0625 0
0 0.367361 0 0.0180556 0
0 0.790278 0 0.0194444 0
0 0.647222 0 0.0194444 0
0 0.5375 0 0.0888889 0
0 0.505556 0 0.0638889 0
0 0.366667 0 0.0194444 0
0 0.790278 0 0.0194444 0
0 0.646528 0 0.0180556 0
0 0.5375 0 0.0861111 0
0 0.790278 0 0.0166667 0
0 0.367361 0 0.0180556 0
0 0.647222 0 0.0166667 0
0 0.538194 0 0.0875 0
0 0.790972 0 0.0180556 0
0 0.366667 0 0.0194444 0
0 0.647917 0 0.0180556 0
0 0.538194 0 0.0875 0
0 0.791667 0 0.0194444 0
0 0.366667 0 0.0194444 0
0 0.647917 0 0.0180556 0
0 0.538889 0 0.0888889 0
0 0.791667 0 0.0194444 0
0 0.366667 0 0.0194444 0
0 0.647917 0 0.0180556 0
0 0.5375 0 0.0888889 0
0 0.791667 0 0.0194444 0
0 0.366667 0 0.0194444 0
0 0.647917 0 0.0180556 0
0 0.538889 0 0.0888889 0
0 0.791667 0 0.0194444 0
0 0.366667 0 0.0194444 0
0 0.647917 0 0.0180556 0
0 0.538889 0 0.0888889 0
0 0.366667 0 0.0194444 0
0 0.647917 0 0.0180556 0
0 0.538194 0 0.0875 0
0 0.366667 0 0.0194444 0
0 0.647917 0 0.0180556 0
0 0.538889 0 0.0888889 0
0 0.367361 0 0.0180556 0
0 0.648611 0 0.0194444 0
0 0.538889 0 0.0888889 0
0 0.793056 0 0.0194444 0
0 0.647917 0 0.0180556 0
0 0.366667 0 0.0166667 0
0 0.538889 0 0.0888889 0
0 0.793056 0 0.0194444 0
0 0.366667 0 0.0166667 0
0 0.647917 0 0.0180556 0
0 0.538889 0 0.0861111 0
0 0.504167 0 0.0638889 0
0 0.222917 0 0.0180556 0
0 0.79375 0 0.0208333 0
0 0.648611 0 0.0194444 0
0 0.365972 0 0.0180556 0
0 0.538194 0 0.0875 0
0 0.793056 0 0.0194444 0
0 0.222917 0 0.0180556 0
0 0.648611 0 0.0194444 0
0 0.365972 0 0.0180556 0
0 0.541667 0 0.0861111 0
0 0.79375 0 0.0180556 0
0 0.222222 0 0.0194444 0
0 0.365972 0 0.0180556 0
0 0.648611 0 0.0166667 0
0 0.540972 0 0.0875 0
0 0.793056 0 0.0166667 0
0 0.222222 0 0.0194444 0
0 0.648611 0 0.0166667 0
0 0.365972 0 0.0180556 0
0 0.540972 0 0.0875 0
0 0.79375 0 0.0180556 0
0 0.222222 0 0.0194444 0
0 0.365972 0 0.0180556 0
0 0.648611 0 0.0166667 0
0 0.540972 0 0.0875 0
0 0.79375 0 0.0180556 0
0 0.222222 0 0.0194444 0
0 0.648611 0 0.0166667 0
0 0.365972 0 0.0180556 0
0 0.540972 0 0.0875 0
0 0.794444 0 0.0166667 0
0 0.365972 0 0.0180556 0
0 0.221528 0 0.0180556 0
0 0.649306 0 0.0180556 0
0 0.541667 0 0.0916667 0
0 0.794444 0 0.0166667 0
0 0.221528 0 0.0180556 0
0 0.365972 0 0.0180556 0
0 0.649306 0 0.0180556 0
0 0.541667 0 0.0916667 0
0 0.504861 0 0.0625 0
0 0.794444 0 0.0166667 0
0 0.365972 0 0.0180556 0
0 0.649306 0 0.0180556 0
0 0.221528 0 0.0180556 0
0 0.541667 0 0.0916667 0
0 0.504861 0 0.0652778 0
0 0.365278 0 0.0194444 0
0 0.649306 0 0.0180556 0
0 0.794444 0 0.0166667 0
0 0.220833 0 0.0166667 0
0 0.540972 0 0.0958333 0
0 0.504861 0 0.0652778 0
0 0.649306 0 0.0180556 0
0 0.220833 0 0.0166667 0
0 0.794444 0 0.0166667 0
0 0.365278 0 0.0194444 0
0 0.540972 0 0.0958333 0
0 0.504167 0 0.0666667 0
0 0.795833 0 0.0166667 0
0 0.220833 0 0.0166667 0
0 0.649306 0 0.0180556 0
0 0.365278 0 0.0194444 0
0 0.540972 0 0.0958333 0
0 0.505556 0 0.0638889 0
0 0.220833 0 0.0166667 0
0 0.795139 0 0.0152778 0
0 0.65 0 0.0166667 0
0 0.365972 0 0.0180556 0
0 0.540972 0 0.0958333 0
0 0.504167 0 0.0666667 0
0 0.649306 0 0.0180556 0
0 0.220833 0 0.0166667 0
0 0.365278 0 0.0166667 0
0 0.795833 0 0.0166667 0
0 0.541667 0 0.0972222 0
0 0.504167 0 0.0638889 0
0 0.220833 0 0.0166667 0
0 0.65 0 0.0194444 0
0 0.795833 0 0.0166667 0
0 0.365972 0 0.0180556 0
0 0.540972 0 0.0958333 0
0 0.220833 0 0.0166667 0
0 0.65 0 0.0194444 0
0 0.365278 0 0.0194444 0
0 0.795833 0 0.0166667 0
0 0.541667 0 0.0972222 0
0 0.504167 0 0.0666667 0
0 0.220139 0 0.0152778 0
0 0.65 0 0.0194444 0
0 0.365972 0 0.0180556 0
0 0.795833 0 0.0166667 0
0 0.540972 0 0.0958333 0
0 0.504861 0 0.0652778 0
0 0.65 0 0.0194444 0
0 0.220833 0 0.0166667 0
0 0.365972 0 0.0180556 0
0 0.795833 0 0.0166667 0
0 0.541667 0 0.0972222 0
0 0.649306 0 0.0208333 0
0 0.504861 0 0.0652778 0
0 0.220833 0 0.0166667 0
0 0.365972 0 0.0180556 0
0 0.795833 0 0.0166667 0
0 0.541667 0 0.0972222 0
0 0.505556 0 0.0611111 0
0 0.220833 0 0.0166667 0
0 0.651389 0 0.0194444 0
0 0.795833 0 0.0166667 0
0 0.365972 0 0.0180556 0
0 0.542361 0 0.0958333 0
0 0.504861 0 0.0625 0
0 0.220833 0 0.0166667 0
0 0.651389 0 0.0194444 0
0 0.365972 0 0.0180556 0
0 0.795833 0 0.0166667 0
0 0.541667 0 0.0972222 0
0 0.220833 0 0.0166667 0
0 0.504861 0 0.0625 0
0 0.651389 0 0.0194444 0
0 0.365278 0 0.0194444 0
0 0.795833 0 0.0166667 0
0 0.541667 0 0.0972222 0
0 0.504861 0 0.0625 0
0 0.220833 0 0.0166667 0
0 0.650694 0 0.0208333 0
0 0.365278 0 0.0194444 0
0 0.795833 0 0.0166667 0
0 0.541667 0 0.0972222 0
0 0.220833 0 0.0166667 0
0 0.795833 0 0.0166667 0
0 0.504861 0 0.0652778 0
0 0.365278 0 0.0194444 0
0 0.651389 0 0.0194444 0
0 0.541667 0 0.1 0
0 0.220833 0 0.0166667 0
0 0.795833 0 0.0166667 0
0 0.50625 0 0.0625 0
0 0.365278 0 0.0194444 0
0 0.652083 0 0.0208333 0
0 0.541667 0 0.1 0
0 0.652083 0 0.0180556 0
0 0.797222 0 0.0166667 0
0 0.365278 0 0.0194444 0
0 0.505556 0 0.0638889 0
0 0.220833 0 0.0166667 0
0 0.541667 0 0.1 0
0 0.797222 0 0.0166667 0
0 0.652083 0 0.0180556 0
0 0.365278 0 0.0194444 0
0 0.220833 0 0.0166667 0
0 0.505556 0 0.0638889 0
0 0.542361 0 0.0986111 0
0 0.652083 0 0.0180556 0
0 0.797222 0 0.0166667 0
0 0.365278 0 0.0194444 0
0 0.220833 0 0.0166667 0
0 0.50625 0 0.0652778 0
0 0.542361 0 0.0986111 0
0 0.797222 0 0.0166667 0
0 0.652083 0 0.0180556 0
0 0.220833 0 0.0166667 0
0 0.50625 0 0.0625 0
0 0.365278 0 0.0194444 0
0 0.542361 0 0.0986111 0
0 0.797222 0 0.0166667 0
0 0.507639 0 0.0625 0
0 0.652083 0 0.0180556 0
0 0.365278 0 0.0194444 0
0 0.54375 0 0.0958333 0
0 0.506944 0 0.0638889 0
0 0.365278 0 0.0194444 0
0 0.652083 0 0.0180556 0
0 0.544444 0 0.0944444 0
0 0.797222 0 0.0166667 0
0 0.506944 0 0.0638889 0
0 0.365972 0 0.0180556 0
0 0.652083 0 0.0180556 0
0 0.54375 0 0.0958333 0
0 0.797222 0 0.0166667 0
0 0.506944 0 0.0638889 0
0 0.54375 0 0.0930556 0
0 0.365972 0 0.0180556 0
0 0.652778 0 0.0194444 0
0 0.50625 0 0.0652778 0
0 0.365972 0 0.0180556 0
0 0.543056 0 0.0944444 0
0 0.652778 0 0.0194444 0
0 0.54375 0 0.0875 0
0 0.506944 0 0.0638889 0
0 0.365972 0 0.0180556 0
0 0.652778 0 0.0194444 0
0 0.546528 0 0.0847222 0
0 0.506944 0 0.0638889 0
0 0.365972 0 0.0180556 0
0 0.652778 0 0.0194444 0
0 0.365972 0 0.0180556 0
0 0.545833 0 0.0861111 0
0 0.50625 0 0.0652778 0
0 0.652778 0 0.0194444 0
0 0.365972 0 0.0180556 0
0 0.545833 0 0.0861111 0
0 0.50625 0 0.0652778 0
0 0.652778 0 0.0194444 0
0 0.50625 0 0.0625 0
0 0.365972 0 0.0180556 0
0 0.652778 0 0.0194444 0
0 0.505556 0 0.0611111 0
0 0.365972 0 0.0180556 0
0 0.653472 0 0.0180556 0
0 0.505556 0 0.0666667 0
0 0.652778 0 0.0166667 0
0 0.505556 0 0.0666667 0
0 0.652778 0 0.0194444 0
0 0.365972 0 0.0180556 0
0 0.50625 0 0.0625 0
0 0.652778 0 0.0166667 0
0 0.506944 0 0.0611111 0
0 0.546528 0 0.0819444 0
0 0.365278 0 0.0166667 0
0 0.653472 0 0.0180556 0
0 0.50625 0 0.0625 0
0 0.365278 0 0.0166667 0
0 0.653472 0 0.0180556 0
0 0.506944 0 0.0611111 0
0 0.365972 0 0.0180556 0
0 0.653472 0 0.0180556 0
0 0.50625 0 0.0625 0
0 0.545833 0 0.0888889 0
0 0.365972 0 0.0180556 0
0 0.653472 0 0.0180556 0
0 0.365972 0 0.0180556 0
0 0.653472 0 0.0180556 0
0 0.54375 0 0.0930556 0
0 0.365972 0 0.0180556 0
0 0.653472 0 0.0180556 0
0 0.532639 0 0.0986111 0
0 0.365972 0 0.0180556 0
0 0.653472 0 0.0180556 0
0 0.525694 0 0.0958333 0
0 0.365972 0 0.0180556 0
0 0.654167 0 0.0194444 0
0 0.526389 0 0.0972222 0
0 0.365972 0 0.0180556 0
0 0.654861 0 0.0180556 0
0 0.518056 0 0.0944444 0
0 0.365972 0 0.0180556 0
0 0.654861 0 0.0180556 0
0 0.516667 0 0.0916667 0
0 0.654861 0 0.0180556 0
0 0.514583 0 0.0902778 0
0 0.365972 0 0.0180556 0
0 0.654861 0 0.0180556 0
0 0.513889 0 0.0944444 0
0 0.365972 0 0.0180556 0
0 0.654861 0 0.0180556 0
0 0.5125 0 0.0916667 0
0 0.365972 0 0.0180556 0
0 0.654861 0 0.0180556 0
0 0.511806 0 0.0930556 0
0 0.366667 0 0.0194444 0
0 0.654861 0 0.0180556 0
0 0.511806 0 0.0930556 0
0 0.366667 0 0.0194444 0
0 0.654861 0 0.0180556 0
0 0.5125 0 0.0944444 0
0 0.366667 0 0.0194444 0
0 0.654861 0 0.0180556 0
0 0.513194 0 0.0930556 0
0 0.366667 0 0.0194444 0
0 0.655556 0 0.0194444 0
0 0.513889 0 0.0916667 0
0 0.365972 0 0.0180556 0
0 0.655556 0 0.0194444 0
0 0.515972 0 0.0902778 0
0 0.366667 0 0.0194444 0
0 0.655556 0 0.0194444 0
0 0.515972 0 0.0902778 0
0 0.365972 0 0.0180556 0
0 0.655556 0 0.0194444 0
0 0.515972 0 0.0902778 0
0 0.365972 0 0.0180556 0
0 0.655556 0 0.0194444 0
0 0.516667 0 0.0916667 0
0 0.366667 0 0.0194444 0
0 0.655556 0 0.0166667 0
0 0.51875 0 0.0958333 0
0 0.655556 0 0.0166667 0
0 0.525 0 0.0972222 0
0 0.365972 0 0.0180556 0
0 0.655556 0 0.0166667 0
0 0.527778 0 0.0972222 0
0 0.365972 0 0.0180556 0
0 0.655556 0 0.0166667 0
0 0.529167 0 0.102778 0
0 0.365972 0 0.0180556 0
0 0.655556 0 0.0166667 0
0 0.529167 0 0.102778 0
0 0.365972 0 0.0180556 0
0 0.655556 0 0.0166667 0
0 0.529167 0 0.102778 0
0 0.365972 0 0.0180556 0
0 0.65625 0 0.0152778 0
0 0.538194 0 0.0986111 0
0 0.365972 0 0.0180556 0
0 0.65625 0 0.0152778 0
0 0.544444 0 0.102778 0
0 0.365972 0 0.0180556 0
0 0.65625 0 0.0152778 0
0 0.544444 0 0.102778 0
0 0.365972 0 0.0180556 0
0 0.655556 0 0.0166667 0
0 0.548611 0 0.1 0
0 0.365972 0 0.0180556 0
0 0.65625 0 0.0152778 0
0 0.541667 0 0.102778 0
0 0.365972 0 0.0180556 0
0 0.655556 0 0.0166667 0
0 0.540972 0 0.101389 0
0 0.365972 0 0.0180556 0
0 0.65625 0 0.0152778 0
0 0.541667 0 0.102778 0
0 0.365972 0 0.0180556 0
0 0.65625 0 0.0180556 0
0 0.534028 0 0.101389 0
0 0.365972 0 0.0180556 0
0 0.656944 0 0.0166667 0
0 0.525 0 0.0972222 0
0 0.365972 0 0.0180556 0
0 0.656944 0 0.0166667 0
0 0.524306 0 0.0986111 0
0 0.365972 0 0.0180556 0
0 0.656944 0 0.0166667 0
0 0.524306 0 0.0986111 0
0 0.365972 0 0.0180556 0
0 0.65625 0 0.0180556 0
0 0.514583 0 0.0958333 0
0 0.365972 0 0.0180556 0
0 0.65625 0 0.0180556 0
0 0.5125 0 0.0972222 0
0 0.365972 0 0.0180556 0
0 0.656944 0 0.0166667 0
0 0.5125 0 0.0972222 0
0 0.365972 0 0.0180556 0
0 0.656944 0 0.0166667 0
0 0.5125 0 0.0972222 0
0 0.365972 0 0.0180556 0
0 0.656944 0 0.0166667 0
0 0.509722 0 0.0972222 0
0 0.365972 0 0.0180556 0
0 0.656944 0 0.0166667 0
0 0.508333 0 0.0972222 0
0 0.366667 0 0.0194444 0
0 0.656944 0 0.0166667 0
0 0.50625 0 0.0958333 0
0 0.656944 0 0.0166667 0
0 0.504861 0 0.0958333 0
0 0.656944 0 0.0166667 0
0 0.505556 0 0.0944444 0
0 0.656944 0 0.0166667 0
0 0.505556 0 0.0944444 0
0 0.366667 0 0.0194444 0
0 0.656944 0 0.0166667 0
0 0.505556 0 0.0944444 0
0 0.65625 0 0.0152778 0
0 0.505556 0 0.0944444 0
0 0.65625 0 0.0152778 0
0 0.505556 0 0.0916667 0
0 0.65625 0 0.0180556 0
0 0.508333 0 0.0944444 0
0 0.65625 0 0.0180556 0
0 0.507639 0 0.0958333 0
0 0.65625 0 0.0180556 0
0 0.507639 0 0.0958333 0
0 0.366667 0 0.0194444 0
0 0.65625 0 0.0152778 0
0 0.509028 0 0.0986111 0
0 0.365972 0 0.0180556 0
0 0.65625 0 0.0180556 0
0 0.5125 0 0.0972222 0
0 0.65625 0 0.0180556 0
0 0.514583 0 0.0930556 0
0 0.65625 0 0.0180556 0
0 0.516667 0 0.1 0
0 0.65625 0 0.0180556 0
0 0.522917 0 0.0986111 0
0 0.655556 0 0.0166667 0
0 0.524306 0 0.0986111 0
0 0.655556 0 0.0166667 0
0 0.527778 0 0.1 0
0 0.507639 0 0.0680556 0
0 0.655556 0 0.0166667 0
0 0.538194 0 0.104167 0
0 0.655556 0 0.0166667 0
0 0.543056 0 0.1 0
0 0.655556 0 0.0166667 0
0 0.545139 0 0.0986111 0
0 0.65625 0 0.0180556 0
0 0.541667 0 0.102778 0
0 0.655556 0 0.0166667 0
0 0.5375 0 0.102778 0
0 0.655556 0 0.0166667 0
0 0.535417 0 0.101389 0
0 0.65625 0 0.0180556 0
0 0.527778 0 0.0972222 0
0 0.655556 0 0.0166667 0
0 0.520833 0 0.1 0
