0 0.569444 0 0.0138889 0
0 0.436111 1 0.0277778 0
0 0.570139 0 0.0125 0
0 0.436111 1 0.0277778 0
0 0.56875 0 0.00972222 0
0 0.436111 1 0.0277778 0
0 0.570139 0 0.0125 0
0 0.436111 1 0.0277778 0
0 0.56875 0 0.00972222 0
0 0.436111 1 0.0277778 0
0 0.570139 0 0.0125 0
0 0.436111 1 0.0277778 0
0 0.569444 0 0.0138889 0
0 0.436111 1 0.0277778 0
0 0.56875 0 0.00972222 0
0 0.436111 1 0.0277778 0
0 0.569444 0 0.0138889 0
0 0.436111 1 0.0277778 0
0 0.569444 0 0.0138889 0
0 0.436111 1 0.0277778 0
0 0.56875 0 0.00972222 0
0 0.436111 1 0.0277778 0
0 0.570139 0 0.0125 0
0 0.436111 1 0.0277778 0
0 0.56875 0 0.00972222 0
0 0.436111 1 0.0277778 0
0 0.570139 0 0.0125 0
0 0.436111 1 0.0277778 0
0 0.56875 0 0.00972222 0
0 0.436111 1 0.0277778 0
0 0.570139 0 0.0125 0
0 0.436111 1 0.0277778 0
0 0.56875 0 0.00972222 0
0 0.436111 1 0.0277778 0
0 0.569444 0 0.0138889 0
0 0.436111 1 0.0277778 0
0 0.56875 0 0.00972222 0
0 0.436111 1 0.0277778 0
0 0.56875 0 0.0125 0
0 0.436111 1 0.0277778 0
0 0.570139 0 0.0125 0
0 0.436111 1 0.0277778 0
0 0.56875 0 0.00972222 0
0 0.436111 1 0.0277778 0
0 0.570139 0 0.0125 0
0 0.436111 1 0.0277778 0
0 0.56875 0 0.00972222 0
0 0.436111 1 0.0277778 0
0 0.56875 0 0.00972222 0
0 0.436111 1 0.0277778 0
0 0.569444 0 0.0138889 0
0 0.436111 1 0.0277778 0
0 0.569444 0 0.0111111 0
0 0.436806 1 0.0291667 0
0 0.436806 1 0.0291667 0
0 0.502083 0 0.0319444 0
0 0.570139 0 0.0125 0
0 0.4375 1 0.0305556 0
0 0.570833 0 0.0111111 0
0 0.439583 1 0.0291667 0
0 0.440278 1 0.0305556 0
0 0.440972 1 0.0291667 0
0 0.441667 1 0.0305556 0
0 0.571528 0 0.00972222 0
0 0.441667 1 0.0305556 0
0 0.572222 0 0.0111111 0
0 0.442361 1 0.0291667 0
0 0.377083 0 0.0125 0
0 0.573611 0 0.0111111 0
0 0.44375 1 0.0291667 0
0 0.573611 0 0.0111111 0
0 0.377083 0 0.0125 0
0 0.445139 1 0.0291667 0
0 0.377083 0 0.0125 0
0 0.575694 0 0.0125 0
0 0.446528 1 0.0291667 0
0 0.507639 0 0.0319444 0
0 0.377083 0 0.0125 0
0 0.576389 0 0.0138889 0
0 0.447222 1 0.0305556 0
0 0.508333 0 0.0333333 0
0 0.576389 0 0.0111111 0
0 0.447222 1 0.0305556 0
0 0.577778 0 0.0111111 0
0 0.45 1 0.0305556 0
0 0.451389 1 0.0333333 0
0 0.452778 1 0.0333333 0
0 0.453472 1 0.0319444 0
0 0.454861 1 0.0319444 0
0 0.454861 1 0.0319444 0
0 0.689583 0 0.00972222 0
0 0.454861 1 0.0319444 0
0 0.45625 1 0.0291667 0
0 0.458333 1 0.0277778 0
0 0.588194 0 0.0125 0
0 0.458333 1 0.0277778 0
0 0.588889 0 0.0111111 0
0 0.459722 1 0.0277778 0
0 0.51875 0 0.0347222 0
0 0.590278 0 0.0111111 0
0 0.461111 1 0.025 0
0 0.520139 0 0.0347222 0
0 0.59375 0 0.0125 0
0 0.463889 1 0.0333333 0
0 0.461806 1 0.0208333 0
0 0.594444 0 0.0138889 0
0 0.596528 0 0.0125 0
0 0.470833 1 0.0361111 0
0 0.381944 0 0.0138889 0
0 0.597917 0 0.0125 0
0 0.473611 1 0.0388889 0
0 0.382639 0 0.0152778 0
0 0.477778 1 0.0361111 0
0 0.601389 0 0.0138889 0
0 0.382639 0 0.0152778 0
0 0.477778 1 0.0361111 0
0 0.601389 0 0.0138889 0
0 0.485417 1 0.0319444 0
0 0.383333 0 0.0138889 0
0 0.493056 1 0.0194444 0
0 0.603472 0 0.0125 0
0 0.485417 1 0.0319444 0
0 0.383333 0 0.0138889 0
0 0.493056 1 0.0194444 0
0 0.603472 0 0.0125 0
0 0.604167 0 0.0111111 0
0 0.495139 1 0.0180556 0
0 0.604167 0 0.0111111 0
0 0.495139 1 0.0180556 0
0 0.606944 0 0.0138889 0
0 0.497222 1 0.025 0
0 0.384722 0 0.0138889 0
0 0.609028 0 0.0125 0
0 0.499306 1 0.0291667 0
0 0.498611 1 0.0305556 0
0 0.534722 0 0.0388889 0
0 0.5 1 0.0333333 0
0 0.6125 0 0.0111111 0
0 0.502778 1 0.0361111 0
0 0.6125 0 0.0111111 0
0 0.502778 1 0.0361111 0
0 0.731944 0 0.0138889 0
0 0.614583 0 0.0125 0
0 0.504861 1 0.0375 0
0 0.617361 0 0.0125 0
0 0.508333 1 0.0416667 0
0 0.617361 0 0.0125 0
0 0.508333 1 0.0416667 0
0 0.61875 0 0.0152778 0
0 0.509722 1 0.0444444 0
0 0.61875 0 0.0152778 0
0 0.509722 1 0.0416667 0
0 0.619444 0 0.0138889 0
0 0.738194 0 0.0125 0
0 0.5125 1 0.05 0
0 0.388889 0 0.0138889 0
0 0.620139 0 0.0125 0
0 0.513889 1 0.0444444 0
0 0.389583 0 0.0125 0
0 0.622917 0 0.0125 0
0 0.517361 1 0.0430556 0
0 0.545139 0 0.0375 0
0 0.389583 0 0.0152778 0
0 0.626389 0 0.0138889 0
0 0.520833 1 0.0472222 0
0 0.545139 0 0.0375 0
0 0.389583 0 0.0152778 0
0 0.626389 0 0.0138889 0
0 0.520833 1 0.0472222 0
0 0.544444 0 0.0361111 0
0 0.625694 0 0.0152778 0
0 0.522222 1 0.0472222 0
0 0.389583 0 0.0152778 0
0 0.627778 0 0.0138889 0
0 0.527083 1 0.0486111 0
0 0.389583 0 0.0152778 0
0 0.627778 0 0.0138889 0
0 0.527083 1 0.0486111 0
0 0.390278 0 0.0138889 0
0 0.55 0 0.0416667 0
0 0.528472 1 0.0486111 0
0 0.630556 0 0.0138889 0
0 0.531944 1 0.05 0
0 0.390278 0 0.0138889 0
0 0.631944 0 0.0166667 0
0 0.534722 1 0.0527778 0
0 0.550694 0 0.0402778 0
0 0.631944 0 0.0166667 0
0 0.536111 1 0.0527778 0
0 0.390278 0 0.0138889 0
0 0.634028 0 0.0152778 0
0 0.538889 1 0.0611111 0
0 0.634722 0 0.0138889 0
0 0.539583 1 0.0625 0
0 0.554167 0 0.0416667 0
0 0.763194 0 0.0152778 0
0 0.635417 0 0.0152778 0
0 0.541667 1 0.0555556 0
0 0.388194 0 0.0152778 0
0 0.763889 0 0.0138889 0
0 0.543056 1 0.0555556 0
0 0.6375 0 0.0138889 0
0 0.544444 1 0.0555556 0
0 0.638194 0 0.0152778 0
0 0.545139 1 0.0569444 0
0 0.554167 0 0.0416667 0
0 0.638889 0 0.0138889 0
0 0.547222 1 0.0583333 0
0 0.257639 0 0.0152778 0
0 0.554861 0 0.0430556 0
0 0.639583 0 0.0152778 0
0 0.548611 1 0.0611111 0
0 0.386806 0 0.0152778 0
0 0.55625 0 0.0458333 0
0 0.640972 0 0.0152778 0
0 0.549306 1 0.0597222 0
0 0.642361 0 0.0152778 0
0 0.550694 1 0.0736111 0
0 0.556944 0 0.0444444 0
0 0.385417 0 0.0180556 0
0 0.643056 0 0.0138889 0
0 0.551389 1 0.0611111 0
0 0.776389 0 0.0138889 0
0 0.64375 0 0.0152778 0
0 0.552778 1 0.0638889 0
0 0.383333 0 0.0166667 0
0 0.776389 0 0.0166667 0
0 0.645139 0 0.0152778 0
0 0.553472 1 0.0652778 0
0 0.384028 0 0.0152778 0
0 0.644444 0 0.0138889 0
0 0.553472 1 0.0652778 0
0 0.383333 0 0.0166667 0
0 0.644444 0 0.0138889 0
0 0.554167 1 0.0666667 0
0 0.381944 0 0.0166667 0
0 0.645139 0 0.0152778 0
0 0.553472 1 0.0680556 0
0 0.645139 0 0.0152778 0
0 0.554167 1 0.0694444 0
0 0.645833 0 0.0166667 0
0 0.554167 1 0.0694444 0
0 0.645139 0 0.0180556 0
0 0.553472 1 0.0708333 0
0 0.646528 0 0.0180556 0
0 0.553472 1 0.0708333 0
0 0.781944 0 0.0166667 0
0 0.379167 0 0.0166667 0
0 0.645833 0 0.0166667 0
0 0.552778 1 0.0722222 0
0 0.379167 0 0.0166667 0
0 0.646528 0 0.0180556 0
0 0.783333 0 0.0166667 0
0 0.552083 1 0.0736111 0
0 0.645833 0 0.0194444 0
0 0.783333 0 0.0166667 0
0 0.379167 0 0.0166667 0
0 0.552083 1 0.0736111 0
0 0.783333 0 0.0166667 0
0 0.645833 0 0.0166667 0
0 0.377778 0 0.0166667 0
0 0.550694 1 0.0763889 0
0 0.645833 0 0.0194444 0
0 0.377083 0 0.0152778 0
0 0.549306 1 0.0763889 0
0 0.783333 0 0.0194444 0
0 0.377083 0 0.0152778 0
0 0.646528 0 0.0180556 0
0 0.548611 1 0.0777778 0
0 0.645833 0 0.0166667 0
0 0.375694 0 0.0152778 0
0 0.545833 1 0.0777778 0
0 0.645833 0 0.0166667 0
0 0.544444 1 0.0805556 0
0 0.374306 0 0.0180556 0
0 0.645833 0 0.0166667 0
0 0.54375 1 0.0791667 0
0 0.373611 0 0.0194444 0
0 0.645833 0 0.0166667 0
0 0.541667 1 0.0805556 0
0 0.373611 0 0.0166667 0
0 0.645833 0 0.0166667 0
0 0.540972 1 0.0819444 0
0 0.372917 0 0.0180556 0
0 0.645833 0 0.0166667 0
0 0.538889 1 0.0833333 0
0 0.232639 0 0.0152778 0
0 0.372222 0 0.0166667 0
0 0.645139 0 0.0152778 0
0 0.538194 1 0.0847222 0
0 0.371528 0 0.0180556 0
0 0.645139 0 0.0152778 0
0 0.535417 1 0.0847222 0
0 0.370833 0 0.0166667 0
0 0.645139 0 0.0152778 0
0 0.534028 1 0.0847222 0
0 0.370833 0 0.0166667 0
0 0.644444 0 0.0166667 0
0 0.532639 1 0.0847222 0
0 0.370139 0 0.0152778 0
0 0.644444 0 0.0166667 0
0 0.53125 1 0.0847222 0
0 0.369444 0 0.0166667 0
0 0.64375 0 0.0152778 0
0 0.528472 1 0.0847222 0
0 0.552778 0 0.0472222 0
0 0.644444 0 0.0166667 0
0 0.528472 1 0.0847222 0
0 0.64375 0 0.0152778 0
0 0.527778 1 0.0805556 0
0 0.643056 0 0.0166667 0
0 0.527083 1 0.0819444 0
0 0.367361 0 0.0180556 0
0 0.64375 0 0.0180556 0
0 0.525694 1 0.0819444 0
0 0.366667 0 0.0166667 0
0 0.642361 0 0.0180556 0
0 0.526389 1 0.0805556 0
0 0.365972 0 0.0180556 0
0 0.642361 0 0.0180556 0
0 0.525 1 0.0777778 0
0 0.643056 0 0.0166667 0
0 0.525 1 0.0777778 0
0 0.365278 0 0.0166667 0
0 0.642361 0 0.0180556 0
0 0.524306 1 0.0791667 0
0 0.363889 0 0.0166667 0
0 0.642361 0 0.0180556 0
0 0.525 1 0.075 0
0 0.220833 0 0.0166667 0
0 0.642361 0 0.0180556 0
0 0.525 1 0.075 0
0 0.363889 0 0.0166667 0
0 0.220833 0 0.0166667 0
0 0.642361 0 0.0180556 0
0 0.525 1 0.075 0
0 0.363194 0 0.0152778 0
0 0.220833 0 0.0166667 0
0 0.642361 0 0.0180556 0
0 0.524306 1 0.0763889 0
0 0.220139 0 0.0180556 0
0 0.3625 0 0.0166667 0
0 0.643056 0 0.0194444 0
0 0.523611 1 0.075 0
0 0.3625 0 0.0194444 0
0 0.643056 0 0.0194444 0
0 0.524306 1 0.0708333 0
0 0.361806 0 0.0180556 0
0 0.643056 0 0.0194444 0
0 0.524306 1 0.0708333 0
0 0.7875 0 0.0166667 0
0 0.643056 0 0.0194444 0
0 0.523611 1 0.0694444 0
0 0.643056 0 0.0194444 0
0 0.523611 1 0.0694444 0
0 0.361806 0 0.0180556 0
0 0.643056 0 0.0194444 0
0 0.523611 1 0.0722222 0
0 0.361806 0 0.0180556 0
0 0.643056 0 0.0194444 0
0 0.522917 1 0.0708333 0
0 0.64375 0 0.0180556 0
0 0.522917 1 0.0708333 0
0 0.643056 0 0.0194444 0
0 0.522222 1 0.0722222 0
0 0.64375 0 0.0180556 0
0 0.522222 1 0.0722222 0
0 0.643056 0 0.0194444 0
0 0.522222 1 0.0722222 0
0 0.643056 0 0.0194444 0
0 0.522222 1 0.0722222 0
0 0.643056 0 0.0194444 0
0 0.521528 1 0.0708333 0
0 0.643056 0 0.0194444 0
0 0.521528 1 0.0708333 0
0 0.64375 0 0.0180556 0
0 0.521528 1 0.0708333 0
0 0.361111 0 0.0166667 0
0 0.643056 0 0.0194444 0
0 0.522222 1 0.0722222 0
0 0.522917 1 0.0680556 0
0 0.643056 0 0.0194444 0
0 0.522917 1 0.0708333 0
0 0.361806 0 0.0180556 0
0 0.643056 0 0.0194444 0
0 0.522917 1 0.0708333 0
0 0.643056 0 0.0194444 0
0 0.522917 1 0.0708333 0
0 0.643056 0 0.0194444 0
0 0.523611 1 0.0722222 0
0 0.643056 0 0.0194444 0
0 0.525 1 0.0722222 0
0 0.361806 0 0.0180556 0
0 0.643056 0 0.0194444 0
0 0.525 1 0.0722222 0
0 0.788194 0 0.0180556 0
0 0.64375 0 0.0180556 0
0 0.525694 1 0.0736111 0
0 0.64375 0 0.0180556 0
0 0.526389 1 0.0777778 0
0 0.788889 0 0.0166667 0
0 0.645139 0 0.0180556 0
0 0.526389 1 0.0777778 0
0 0.789583 0 0.0180556 0
0 0.645139 0 0.0180556 0
0 0.527778 1 0.0777778 0
0 0.789583 0 0.0180556 0
0 0.645139 0 0.0180556 0
0 0.528472 1 0.0791667 0
0 0.3625 0 0.0166667 0
0 0.789583 0 0.0180556 0
0 0.645139 0 0.0180556 0
0 0.529861 1 0.0791667 0
0 0.363194 0 0.0152778 0
0 0.789583 0 0.0180556 0
0 0.645139 0 0.0180556 0
0 0.529861 1 0.0791667 0
0 0.363889 0 0.0166667 0
0 0.790972 0 0.0180556 0
0 0.645833 0 0.0166667 0
0 0.530556 1 0.0805556 0
0 0.790278 0 0.0194444 0
0 0.364583 0 0.0180556 0
0 0.646528 0 0.0180556 0
0 0.531944 1 0.0805556 0
0 0.790972 0 0.0208333 0
0 0.552778 0 0.05 0
0 0.363889 0 0.0166667 0
0 0.646528 0 0.0180556 0
0 0.531944 1 0.0805556 0
0 0.790278 0 0.0194444 0
0 0.364583 0 0.0180556 0
0 0.646528 0 0.0180556 0
0 0.533333 1 0.0805556 0
0 0.364583 0 0.0180556 0
0 0.647222 0 0.0194444 0
0 0.534028 1 0.0819444 0
0 0.365278 0 0.0166667 0
0 0.647222 0 0.0194444 0
0 0.534722 1 0.0805556 0
0 0.220833 0 0.0166667 0
0 0.365278 0 0.0166667 0
0 0.647222 0 0.0194444 0
0 0.535417 1 0.0819444 0
0 0.220833 0 0.0166667 0
0 0.365278 0 0.0166667 0
0 0.647222 0 0.0194444 0
0 0.535417 1 0.0819444 0
0 0.365278 0 0.0166667 0
0 0.647917 0 0.0180556 0
0 0.536111 1 0.0833333 0
0 0.793056 0 0.0194444 0
0 0.647917 0 0.0180556 0
0 0.536806 1 0.0847222 0
0 0.365972 0 0.0180556 0
0 0.647917 0 0.0180556 0
0 0.5375 1 0.0861111 0
0 0.649306 0 0.0180556 0
0 0.5375 1 0.0861111 0
0 0.649306 0 0.0180556 0
0 0.538889 1 0.0861111 0
0 0.366667 0 0.0166667 0
0 0.79375 0 0.0180556 0
0 0.648611 0 0.0166667 0
0 0.538889 1 0.0861111 0
0 0.55625 0 0.0486111 0
0 0.794444 0 0.0166667 0
0 0.649306 0 0.0180556 0
0 0.539583 1 0.0847222 0
0 0.366667 0 0.0166667 0
0 0.794444 0 0.0166667 0
0 0.648611 0 0.0166667 0
0 0.540972 1 0.0847222 0
0 0.366667 0 0.0166667 0
0 0.79375 0 0.0180556 0
0 0.649306 0 0.0180556 0
0 0.541667 1 0.0861111 0
0 0.79375 0 0.0180556 0
0 0.649306 0 0.0180556 0
0 0.541667 1 0.0861111 0
0 0.556944 0 0.05 0
0 0.794444 0 0.0166667 0
0 0.649306 0 0.0152778 0
0 0.541667 1 0.0861111 0
0 0.556944 0 0.05 0
0 0.794444 0 0.0166667 0
0 0.649306 0 0.0152778 0
0 0.541667 1 0.0861111 0
0 0.79375 0 0.0180556 0
0 0.649306 0 0.0152778 0
0 0.542361 1 0.0902778 0
0 0.556944 0 0.05 0
0 0.794444 0 0.0166667 0
0 0.65 0 0.0166667 0
0 0.54375 1 0.0902778 0
0 0.794444 0 0.0166667 0
0 0.649306 0 0.0152778 0
0 0.544444 1 0.0916667 0
0 0.794444 0 0.0166667 0
0 0.649306 0 0.0152778 0
0 0.544444 1 0.0916667 0
0 0.367361 0 0.0180556 0
0 0.794444 0 0.0166667 0
0 0.649306 0 0.0152778 0
0 0.544444 1 0.0916667 0
0 0.367361 0 0.0208333 0
0 0.648611 0 0.0166667 0
0 0.794444 0 0.0166667 0
0 0.545139 1 0.0902778 0
0 0.368056 0 0.0194444 0
0 0.794444 0 0.0166667 0
0 0.649306 0 0.0180556 0
0 0.545139 1 0.0902778 0
0 0.367361 0 0.0180556 0
0 0.649306 0 0.0152778 0
0 0.545139 1 0.0930556 0
0 0.79375 0 0.0180556 0
0 0.367361 0 0.0180556 0
0 0.649306 0 0.0152778 0
0 0.545833 1 0.0944444 0
0 0.367361 0 0.0180556 0
0 0.649306 0 0.0152778 0
0 0.545139 1 0.0958333 0
0 0.648611 0 0.0166667 0
0 0.544444 1 0.0944444 0
0 0.79375 0 0.0180556 0
0 0.368056 0 0.0194444 0
0 0.648611 0 0.0166667 0
0 0.54375 1 0.0930556 0
0 0.79375 0 0.0180556 0
0 0.648611 0 0.0166667 0
0 0.54375 1 0.0930556 0
0 0.79375 0 0.0180556 0
0 0.368056 0 0.0194444 0
0 0.649306 0 0.0152778 0
0 0.54375 1 0.0930556 0
0 0.368056 0 0.0194444 0
0 0.649306 0 0.0180556 0
0 0.543056 1 0.0916667 0
0 0.367361 0 0.0180556 0
0 0.649306 0 0.0180556 0
0 0.541667 1 0.0888889 0
0 0.367361 0 0.0180556 0
0 0.649306 0 0.0180556 0
0 0.540972 1 0.0875 0
0 0.367361 0 0.0180556 0
0 0.648611 0 0.0166667 0
0 0.540972 1 0.0875 0
0 0.367361 0 0.0180556 0
0 0.648611 0 0.0166667 0
0 0.540278 1 0.0861111 0
0 0.649306 0 0.0180556 0
0 0.540278 1 0.0861111 0
0 0.368056 0 0.0194444 0
0 0.649306 0 0.0180556 0
0 0.539583 1 0.0875 0
0 0.368056 0 0.0194444 0
0 0.649306 0 0.0180556 0
0 0.539583 1 0.0875 0
0 0.649306 0 0.0180556 0
0 0.539583 1 0.0875 0
0 0.649306 0 0.0180556 0
0 0.538889 1 0.0861111 0
0 0.648611 0 0.0166667 0
0 0.538889 1 0.0861111 0
0 0.36875 0 0.0180556 0
0 0.649306 0 0.0180556 0
0 0.538889 1 0.0861111 0
0 0.649306 0 0.0152778 0
0 0.538889 1 0.0861111 0
0 0.368056 0 0.0194444 0
0 0.649306 0 0.0152778 0
0 0.538889 1 0.0861111 0
0 0.793056 0 0.0166667 0
0 0.649306 0 0.0180556 0
0 0.538889 1 0.0861111 0
0 0.648611 0 0.0166667 0
0 0.538889 1 0.0861111 0
0 0.792361 0 0.0180556 0
0 0.648611 0 0.0166667 0
0 0.538889 1 0.0861111 0
0 0.647917 0 0.0180556 0
0 0.538889 1 0.0861111 0
0 0.792361 0 0.0208333 0
0 0.647917 0 0.0180556 0
0 0.365972 0 0.0180556 0
0 0.538194 1 0.0875 0
0 0.366667 0 0.0166667 0
0 0.791667 0 0.0194444 0
0 0.647917 0 0.0180556 0
0 0.538889 1 0.0861111 0
0 0.366667 0 0.0166667 0
0 0.792361 0 0.0180556 0
0 0.647917 0 0.0180556 0
0 0.538889 1 0.0861111 0
0 0.366667 0 0.0166667 0
0 0.555556 0 0.05 0
0 0.792361 0 0.0180556 0
0 0.647917 0 0.0180556 0
0 0.538194 1 0.0847222 0
0 0.554861 0 0.0486111 0
0 0.791667 0 0.0166667 0
0 0.646528 0 0.0180556 0
0 0.538194 1 0.0847222 0
0 0.366667 0 0.0166667 0
0 0.792361 0 0.0180556 0
0 0.647917 0 0.0180556 0
0 0.538889 1 0.0833333 0
0 0.793056 0 0.0166667 0
0 0.647917 0 0.0180556 0
0 0.538889 1 0.0833333 0
0 0.791667 0 0.0194444 0
0 0.365972 0 0.0180556 0
0 0.647222 0 0.0166667 0
0 0.538889 1 0.0833333 0
0 0.791667 0 0.0194444 0
0 0.365972 0 0.0180556 0
0 0.647222 0 0.0166667 0
0 0.538889 1 0.0833333 0
0 0.366667 0 0.0166667 0
0 0.647222 0 0.0166667 0
0 0.538889 1 0.0833333 0
0 0.365972 0 0.0180556 0
0 0.790972 0 0.0180556 0
0 0.647222 0 0.0166667 0
0 0.538194 1 0.0819444 0
0 0.790972 0 0.0180556 0
0 0.365972 0 0.0180556 0
0 0.647222 0 0.0166667 0
0 0.538194 1 0.0819444 0
0 0.46875 0 0.0319444 0
0 0.791667 0 0.0194444 0
0 0.365972 0 0.0180556 0
0 0.647222 0 0.0166667 0
0 0.538194 1 0.0819444 0
0 0.791667 0 0.0194444 0
0 0.365972 0 0.0180556 0
0 0.646528 0 0.0180556 0
0 0.5375 1 0.0805556 0
0 0.365972 0 0.0180556 0
0 0.790972 0 0.0208333 0
0 0.646528 0 0.0180556 0
0 0.538194 1 0.0819444 0
0 0.791667 0 0.0194444 0
0 0.365972 0 0.0180556 0
0 0.646528 0 0.0180556 0
0 0.5375 1 0.0805556 0
0 0.365278 0 0.0166667 0
0 0.790972 0 0.0180556 0
0 0.646528 0 0.0180556 0
0 0.5375 1 0.0805556 0
0 0.365972 0 0.0180556 0
0 0.790278 0 0.0194444 0
0 0.646528 0 0.0180556 0
0 0.536806 1 0.0791667 0
0 0.365972 0 0.0180556 0
0 0.790278 0 0.0194444 0
0 0.646528 0 0.0180556 0
0 0.536806 1 0.0791667 0
0 0.790972 0 0.0180556 0
0 0.645833 0 0.0166667 0
0 0.365972 0 0.0180556 0
0 0.536111 1 0.0805556 0
0 0.552778 0 0.0472222 0
0 0.790278 0 0.0194444 0
0 0.365278 0 0.0166667 0
0 0.646528 0 0.0180556 0
0 0.534722 1 0.0805556 0
0 0.790278 0 0.0194444 0
0 0.364583 0 0.0180556 0
0 0.645833 0 0.0166667 0
0 0.534722 1 0.0805556 0
0 0.364583 0 0.0180556 0
0 0.789583 0 0.0180556 0
0 0.645833 0 0.0166667 0
0 0.534028 1 0.0791667 0
0 0.789583 0 0.0180556 0
0 0.365278 0 0.0166667 0
0 0.645833 0 0.0166667 0
0 0.533333 1 0.0805556 0
0 0.789583 0 0.0180556 0
0 0.365278 0 0.0166667 0
0 0.645833 0 0.0166667 0
0 0.532639 1 0.0819444 0
0 0.789583 0 0.0180556 0
0 0.365278 0 0.0166667 0
0 0.645833 0 0.0166667 0
0 0.533333 1 0.0805556 0
0 0.364583 0 0.0180556 0
0 0.789583 0 0.0180556 0
0 0.645833 0 0.0166667 0
0 0.533333 1 0.0777778 0
0 0.364583 0 0.0180556 0
0 0.789583 0 0.0180556 0
0 0.645833 0 0.0166667 0
0 0.533333 1 0.0777778 0
0 0.364583 0 0.0180556 0
0 0.789583 0 0.0180556 0
0 0.645833 0 0.0166667 0
0 0.532639 1 0.0791667 0
0 0.364583 0 0.0180556 0
0 0.789583 0 0.0180556 0
0 0.645833 0 0.0166667 0
0 0.532639 1 0.0791667 0
0 0.364583 0 0.0180556 0
0 0.646528 0 0.0180556 0
0 0.789583 0 0.0180556 0
0 0.532639 1 0.0791667 0
0 0.220833 0 0.0166667 0
0 0.789583 0 0.0180556 0
0 0.365278 0 0.0166667 0
0 0.646528 0 0.0180556 0
0 0.532639 1 0.0791667 0
0 0.364583 0 0.0180556 0
0 0.220833 0 0.0166667 0
0 0.789583 0 0.0180556 0
0 0.645833 0 0.0166667 0
0 0.532639 1 0.0791667 0
0 0.365278 0 0.0166667 0
0 0.789583 0 0.0180556 0
0 0.646528 0 0.0180556 0
0 0.532639 1 0.0791667 0
0 0.220833 0 0.0166667 0
0 0.364583 0 0.0180556 0
0 0.645833 0 0.0194444 0
0 0.789583 0 0.0180556 0
0 0.532639 1 0.0791667 0
0 0.220833 0 0.0166667 0
0 0.789583 0 0.0180556 0
0 0.365278 0 0.0166667 0
0 0.646528 0 0.0180556 0
0 0.532639 1 0.0791667 0
0 0.364583 0 0.0180556 0
0 0.789583 0 0.0180556 0
0 0.646528 0 0.0180556 0
0 0.532639 1 0.0791667 0
0 0.364583 0 0.0180556 0
0 0.790278 0 0.0194444 0
0 0.645833 0 0.0194444 0
0 0.532639 1 0.0819444 0
0 0.789583 0 0.0180556 0
0 0.645833 0 0.0166667 0
0 0.532639 1 0.0819444 0
0 0.789583 0 0.0180556 0
0 0.364583 0 0.0180556 0
0 0.646528 0 0.0180556 0
0 0.532639 1 0.0819444 0
0 0.789583 0 0.0180556 0
0 0.646528 0 0.0180556 0
0 0.532639 1 0.0819444 0
0 0.789583 0 0.0180556 0
0 0.645833 0 0.0166667 0
0 0.532639 1 0.0819444 0
0 0.220833 0 0.0166667 0
0 0.365278 0 0.0166667 0
0 0.789583 0 0.0180556 0
0 0.645833 0 0.0166667 0
0 0.532639 1 0.0819444 0
0 0.365278 0 0.0166667 0
0 0.220833 0 0.0166667 0
0 0.789583 0 0.0180556 0
0 0.645833 0 0.0166667 0
0 0.532639 1 0.0819444 0
0 0.789583 0 0.0180556 0
0 0.645833 0 0.0166667 0
0 0.532639 1 0.0819444 0
0 0.789583 0 0.0180556 0
0 0.646528 0 0.0180556 0
0 0.531944 1 0.0833333 0
0 0.789583 0 0.0180556 0
0 0.646528 0 0.0180556 0
0 0.532639 1 0.0819444 0
0 0.220833 0 0.0166667 0
0 0.552778 0 0.0472222 0
0 0.790278 0 0.0194444 0
0 0.646528 0 0.0180556 0
0 0.532639 1 0.0819444 0
0 0.220833 0 0.0166667 0
0 0.789583 0 0.0180556 0
0 0.645833 0 0.0166667 0
0 0.532639 1 0.0819444 0
0 0.789583 0 0.0180556 0
0 0.646528 0 0.0180556 0
0 0.532639 1 0.0819444 0
0 0.552778 0 0.0472222 0
0 0.220833 0 0.0166667 0
0 0.790278 0 0.0194444 0
0 0.646528 0 0.0180556 0
0 0.532639 1 0.0819444 0
0 0.790278 0 0.0194444 0
0 0.220833 0 0.0166667 0
0 0.646528 0 0.0180556 0
0 0.532639 1 0.0819444 0
0 0.364583 0 0.0180556 0
0 0.552778 0 0.0472222 0
0 0.220833 0 0.0166667 0
0 0.790278 0 0.0194444 0
0 0.646528 0 0.0180556 0
0 0.532639 1 0.0819444 0
0 0.552083 0 0.0486111 0
0 0.220833 0 0.0166667 0
0 0.790278 0 0.0194444 0
0 0.646528 0 0.0180556 0
0 0.532639 1 0.0819444 0
0 0.220833 0 0.0166667 0
0 0.790278 0 0.0194444 0
0 0.645833 0 0.0166667 0
0 0.532639 1 0.0819444 0
0 0.552083 0 0.0458333 0
0 0.790278 0 0.0194444 0
0 0.220833 0 0.0166667 0
0 0.646528 0 0.0180556 0
0 0.532639 1 0.0819444 0
0 0.552083 0 0.0486111 0
0 0.220833 0 0.0166667 0
0 0.790278 0 0.0194444 0
0 0.646528 0 0.0180556 0
0 0.532639 1 0.0819444 0
0 0.552778 0 0.0472222 0
0 0.220833 0 0.0166667 0
0 0.790278 0 0.0194444 0
0 0.646528 0 0.0180556 0
0 0.532639 1 0.0847222 0
0 0.220833 0 0.0166667 0
0 0.790278 0 0.0194444 0
0 0.552083 0 0.0486111 0
0 0.646528 0 0.0180556 0
0 0.533333 1 0.0833333 0
0 0.790278 0 0.0194444 0
0 0.552083 0 0.0486111 0
0 0.220833 0 0.0166667 0
0 0.646528 0 0.0180556 0
0 0.533333 1 0.0833333 0
0 0.646528 0 0.0180556 0
0 0.533333 1 0.0805556 0
0 0.221528 0 0.0180556 0
0 0.790278 0 0.0194444 0
0 0.646528 0 0.0180556 0
0 0.533333 1 0.0833333 0
0 0.790278 0 0.0194444 0
0 0.646528 0 0.0180556 0
0 0.533333 1 0.0833333 0
0 0.790278 0 0.0194444 0
0 0.646528 0 0.0180556 0
0 0.533333 1 0.0833333 0
0 0.790278 0 0.0194444 0
0 0.646528 0 0.0180556 0
0 0.533333 1 0.0833333 0
0 0.790278 0 0.0194444 0
0 0.646528 0 0.0180556 0
0 0.533333 1 0.0833333 0
0 0.789583 0 0.0180556 0
0 0.646528 0 0.0180556 0
0 0.533333 1 0.0833333 0
0 0.789583 0 0.0180556 0
0 0.646528 0 0.0180556 0
0 0.533333 1 0.0833333 0
0 0.789583 0 0.0180556 0
0 0.646528 0 0.0180556 0
0 0.533333 1 0.0805556 0
0 0.789583 0 0.0180556 0
0 0.646528 0 0.0180556 0
0 0.533333 1 0.0805556 0
0 0.789583 0 0.0180556 0
0 0.646528 0 0.0180556 0
0 0.533333 1 0.0805556 0
0 0.789583 0 0.0180556 0
0 0.645833 0 0.0166667 0
0 0.533333 1 0.0805556 0
0 0.789583 0 0.0180556 0
0 0.645833 0 0.0166667 0
0 0.533333 1 0.0805556 0
0 0.789583 0 0.0180556 0
0 0.645833 0 0.0166667 0
0 0.533333 1 0.0833333 0
0 0.789583 0 0.0180556 0
0 0.645833 0 0.0166667 0
0 0.533333 1 0.0833333 0
0 0.364583 0 0.0180556 0
0 0.789583 0 0.0180556 0
0 0.645833 0 0.0166667 0
0 0.533333 1 0.0833333 0
0 0.364583 0 0.0180556 0
0 0.789583 0 0.0180556 0
0 0.645833 0 0.0166667 0
0 0.533333 1 0.0833333 0
0 0.789583 0 0.0180556 0
0 0.645833 0 0.0166667 0
0 0.533333 1 0.0833333 0
0 0.364583 0 0.0180556 0
0 0.789583 0 0.0180556 0
0 0.645833 0 0.0166667 0
0 0.533333 1 0.0833333 0
0 0.364583 0 0.0180556 0
0 0.789583 0 0.0180556 0
0 0.645833 0 0.0166667 0
0 0.533333 1 0.0833333 0
0 0.364583 0 0.0180556 0
0 0.789583 0 0.0180556 0
0 0.645833 0 0.0166667 0
0 0.533333 1 0.0833333 0
0 0.364583 0 0.0180556 0
0 0.789583 0 0.0180556 0
0 0.645833 0 0.0166667 0
0 0.533333 1 0.0833333 0
0 0.365278 0 0.0166667 0
0 0.789583 0 0.0180556 0
0 0.645833 0 0.0166667 0
0 0.533333 1 0.0833333 0
0 0.364583 0 0.0180556 0
0 0.789583 0 0.0180556 0
0 0.645833 0 0.0166667 0
0 0.533333 1 0.0833333 0
0 0.364583 0 0.0180556 0
0 0.789583 0 0.0180556 0
0 0.645833 0 0.0166667 0
0 0.533333 1 0.0833333 0
0 0.552083 0 0.0486111 0
0 0.364583 0 0.0180556 0
0 0.789583 0 0.0180556 0
0 0.645833 0 0.0166667 0
0 0.533333 1 0.0833333 0
0 0.789583 0 0.0180556 0
0 0.645833 0 0.0166667 0
0 0.533333 1 0.0833333 0
0 0.364583 0 0.0180556 0
0 0.789583 0 0.0180556 0
0 0.645833 0 0.0166667 0
0 0.533333 1 0.0833333 0
0 0.364583 0 0.0180556 0
0 0.789583 0 0.0180556 0
0 0.645833 0 0.0166667 0
0 0.533333 1 0.0833333 0
0 0.364583 0 0.0180556 0
0 0.789583 0 0.0180556 0
0 0.645833 0 0.0166667 0
0 0.532639 1 0.0819444 0
0 0.364583 0 0.0180556 0
0 0.789583 0 0.0180556 0
0 0.645833 0 0.0166667 0
0 0.533333 1 0.0833333 0
0 0.364583 0 0.0180556 0
0 0.789583 0 0.0180556 0
0 0.645833 0 0.0166667 0
0 0.532639 1 0.0819444 0
0 0.364583 0 0.0180556 0
0 0.789583 0 0.0180556 0
0 0.645833 0 0.0166667 0
0 0.532639 1 0.0819444 0
0 0.364583 0 0.0180556 0
0 0.789583 0 0.0180556 0
0 0.645833 0 0.0166667 0
0 0.532639 1 0.0819444 0
0 0.365278 0 0.0166667 0
0 0.789583 0 0.0180556 0
0 0.645833 0 0.0166667 0
0 0.532639 1 0.0819444 0
0 0.365278 0 0.0166667 0
0 0.789583 0 0.0180556 0
0 0.645833 0 0.0166667 0
0 0.532639 1 0.0819444 0
0 0.364583 0 0.0180556 0
0 0.645833 0 0.0166667 0
0 0.790278 0 0.0166667 0
0 0.533333 1 0.0833333 0
0 0.364583 0 0.0180556 0
0 0.645833 0 0.0166667 0
0 0.790278 0 0.0166667 0
0 0.533333 1 0.0833333 0
0 0.365278 0 0.0166667 0
0 0.790278 0 0.0166667 0
0 0.645833 0 0.0166667 0
0 0.533333 1 0.0833333 0
0 0.364583 0 0.0180556 0
0 0.645833 0 0.0166667 0
0 0.790278 0 0.0166667 0
0 0.533333 1 0.0833333 0
0 0.365278 0 0.0166667 0
0 0.790278 0 0.0166667 0
0 0.645833 0 0.0166667 0
0 0.533333 1 0.0833333 0
0 0.790278 0 0.0194444 0
0 0.646528 0 0.0180556 0
0 0.533333 1 0.0833333 0
0 0.646528 0 0.0180556 0
0 0.533333 1 0.0833333 0
0 0.790278 0 0.0194444 0
0 0.645833 0 0.0194444 0
0 0.533333 1 0.0833333 0
0 0.646528 0 0.0180556 0
0 0.533333 1 0.0833333 0
0 0.790278 0 0.0194444 0
0 0.645833 0 0.0166667 0
0 0.533333 1 0.0833333 0
0 0.790278 0 0.0194444 0
0 0.220833 0 0.0166667 0
0 0.646528 0 0.0180556 0
0 0.533333 1 0.0833333 0
0 0.364583 0 0.0180556 0
0 0.220833 0 0.0166667 0
0 0.646528 0 0.0180556 0
0 0.534028 1 0.0819444 0
0 0.365278 0 0.0166667 0
0 0.220833 0 0.0166667 0
0 0.646528 0 0.0180556 0
0 0.534028 1 0.0819444 0
0 0.365278 0 0.0166667 0
0 0.220833 0 0.0166667 0
0 0.646528 0 0.0180556 0
0 0.534028 1 0.0819444 0
0 0.365278 0 0.0166667 0
0 0.220833 0 0.0166667 0
0 0.646528 0 0.0180556 0
0 0.534028 1 0.0819444 0
0 0.365278 0 0.0166667 0
0 0.220833 0 0.0166667 0
0 0.646528 0 0.0180556 0
0 0.534028 1 0.0819444 0
0 0.790972 0 0.0208333 0
0 0.365278 0 0.0166667 0
0 0.646528 0 0.0180556 0
0 0.534028 1 0.0875 0
0 0.790972 0 0.0208333 0
0 0.365278 0 0.0166667 0
0 0.645833 0 0.0194444 0
0 0.534028 1 0.0875 0
0 0.790972 0 0.0208333 0
0 0.365278 0 0.0166667 0
0 0.645833 0 0.0194444 0
0 0.534028 1 0.0875 0
0 0.365278 0 0.0166667 0
0 0.645833 0 0.0194444 0
0 0.534722 1 0.0861111 0
0 0.790972 0 0.0208333 0
0 0.365278 0 0.0166667 0
0 0.646528 0 0.0180556 0
0 0.534722 1 0.0861111 0
0 0.552778 0 0.05 0
0 0.790972 0 0.0180556 0
0 0.364583 0 0.0180556 0
0 0.646528 0 0.0180556 0
0 0.534722 1 0.0861111 0
0 0.646528 0 0.0208333 0
0 0.552778 0 0.05 0
0 0.364583 0 0.0180556 0
0 0.790972 0 0.0180556 0
0 0.533333 1 0.0861111 0
0 0.790972 0 0.0180556 0
0 0.365278 0 0.0166667 0
0 0.646528 0 0.0208333 0
0 0.533333 1 0.0888889 0
0 0.791667 0 0.0194444 0
0 0.647222 0 0.0194444 0
0 0.533333 1 0.0888889 0
0 0.791667 0 0.0194444 0
0 0.646528 0 0.0208333 0
0 0.533333 1 0.0888889 0
0 0.790972 0 0.0180556 0
0 0.365278 0 0.0166667 0
0 0.646528 0 0.0180556 0
0 0.534028 1 0.0902778 0
0 0.790972 0 0.0180556 0
0 0.365278 0 0.0166667 0
0 0.646528 0 0.0180556 0
0 0.534028 1 0.0902778 0
0 0.364583 0 0.0180556 0
0 0.646528 0 0.0208333 0
0 0.533333 1 0.0916667 0
0 0.364583 0 0.0180556 0
0 0.646528 0 0.0208333 0
0 0.533333 1 0.0916667 0
0 0.364583 0 0.0180556 0
0 0.646528 0 0.0208333 0
0 0.533333 1 0.0916667 0
0 0.364583 0 0.0180556 0
0 0.646528 0 0.0208333 0
0 0.533333 1 0.0916667 0
0 0.364583 0 0.0180556 0
0 0.646528 0 0.0208333 0
0 0.533333 1 0.0916667 0
0 0.646528 0 0.0208333 0
0 0.363889 0 0.0194444 0
0 0.532639 1 0.0902778 0
0 0.792361 0 0.0180556 0
0 0.364583 0 0.0180556 0
0 0.647222 0 0.0166667 0
0 0.533333 1 0.0944444 0
0 0.792361 0 0.0180556 0
0 0.364583 0 0.0180556 0
0 0.647222 0 0.0166667 0
0 0.533333 1 0.0944444 0
0 0.792361 0 0.0180556 0
0 0.364583 0 0.0180556 0
0 0.647222 0 0.0166667 0
0 0.533333 1 0.0944444 0
0 0.792361 0 0.0180556 0
0 0.364583 0 0.0180556 0
0 0.647222 0 0.0166667 0
0 0.533333 1 0.0944444 0
0 0.219444 0 0.0166667 0
0 0.364583 0 0.0180556 0
0 0.791667 0 0.0166667 0
0 0.646528 0 0.0180556 0
0 0.533333 1 0.0944444 0
0 0.791667 0 0.0194444 0
0 0.647917 0 0.0180556 0
0 0.363889 0 0.0166667 0
0 0.532639 1 0.0930556 0
0 0.793056 0 0.0194444 0
0 0.364583 0 0.0180556 0
0 0.647917 0 0.0180556 0
0 0.532639 1 0.0958333 0
0 0.793056 0 0.0194444 0
0 0.364583 0 0.0180556 0
0 0.647222 0 0.0166667 0
0 0.532639 1 0.0958333 0
0 0.793056 0 0.0194444 0
0 0.364583 0 0.0180556 0
0 0.647222 0 0.0166667 0
0 0.532639 1 0.0958333 0
0 0.793056 0 0.0194444 0
0 0.364583 0 0.0180556 0
0 0.647222 0 0.0166667 0
0 0.532639 1 0.0958333 0
0 0.364583 0 0.0180556 0
0 0.647917 0 0.0180556 0
0 0.531944 1 0.0944444 0
0 0.364583 0 0.0180556 0
0 0.793056 0 0.0166667 0
0 0.647917 0 0.0180556 0
0 0.532639 1 0.0958333 0
0 0.793056 0 0.0166667 0
0 0.364583 0 0.0180556 0
0 0.647917 0 0.0180556 0
0 0.532639 1 0.0958333 0
0 0.793056 0 0.0166667 0
0 0.364583 0 0.0180556 0
0 0.647917 0 0.0180556 0
0 0.532639 1 0.0958333 0
0 0.793056 0 0.0166667 0
0 0.364583 0 0.0180556 0
0 0.647917 0 0.0180556 0
0 0.532639 1 0.0958333 0
0 0.794444 0 0.0166667 0
0 0.647222 0 0.0194444 0
0 0.364583 0 0.0152778 0
0 0.533333 1 0.0972222 0
0 0.794444 0 0.0166667 0
0 0.648611 0 0.0194444 0
0 0.363889 0 0.0166667 0
0 0.532639 1 0.0958333 0
0 0.794444 0 0.0166667 0
0 0.648611 0 0.0194444 0
0 0.363889 0 0.0166667 0
0 0.532639 1 0.0958333 0
0 0.647917 0 0.0208333 0
0 0.794444 0 0.0166667 0
0 0.363889 0 0.0166667 0
0 0.532639 1 0.0958333 0
0 0.794444 0 0.0166667 0
0 0.363889 0 0.0166667 0
0 0.648611 0 0.0194444 0
0 0.532639 1 0.0958333 0
0 0.647917 0 0.0208333 0
0 0.363889 0 0.0166667 0
0 0.532639 1 0.0986111 0
0 0.363194 0 0.0180556 0
0 0.647917 0 0.0208333 0
0 0.533333 1 0.0972222 0
0 0.363194 0 0.0180556 0
0 0.647917 0 0.0180556 0
0 0.533333 1 0.0972222 0
0 0.363194 0 0.0180556 0
0 0.647917 0 0.0180556 0
0 0.533333 1 0.0972222 0
0 0.363194 0 0.0180556 0
0 0.647917 0 0.0180556 0
0 0.533333 1 0.0972222 0
0 0.363194 0 0.0180556 0
0 0.647917 0 0.0180556 0
0 0.533333 1 0.0972222 0
0 0.363194 0 0.0180556 0
0 0.647917 0 0.0180556 0
0 0.533333 1 0.0972222 0
0 0.3625 0 0.0166667 0
0 0.649306 0 0.0152778 0
0 0.532639 1 0.0986111 0
0 0.795833 0 0.0166667 0
0 0.3625 0 0.0166667 0
0 0.648611 0 0.0166667 0
0 0.532639 1 0.0986111 0
0 0.795833 0 0.0166667 0
0 0.3625 0 0.0166667 0
0 0.648611 0 0.0166667 0
0 0.532639 1 0.0986111 0
0 0.3625 0 0.0166667 0
0 0.795833 0 0.0166667 0
0 0.648611 0 0.0166667 0
0 0.532639 1 0.0986111 0
0 0.3625 0 0.0166667 0
0 0.795833 0 0.0166667 0
0 0.648611 0 0.0166667 0
0 0.532639 1 0.0986111 0
0 0.3625 0 0.0166667 0
0 0.795833 0 0.0166667 0
0 0.648611 0 0.0166667 0
0 0.532639 1 0.0986111 0
0 0.795833 0 0.0194444 0
0 0.649306 0 0.0180556 0
0 0.532639 1 0.0986111 0
0 0.795833 0 0.0194444 0
0 0.649306 0 0.0180556 0
0 0.532639 1 0.0986111 0
0 0.796528 0 0.0180556 0
0 0.559722 0 0.0388889 0
0 0.649306 0 0.0180556 0
0 0.532639 1 0.0986111 0
0 0.795833 0 0.0194444 0
0 0.648611 0 0.0166667 0
0 0.532639 1 0.0986111 0
0 0.796528 0 0.0180556 0
0 0.648611 0 0.0166667 0
0 0.532639 1 0.0986111 0
0 0.796528 0 0.0180556 0
0 0.648611 0 0.0166667 0
0 0.532639 1 0.0986111 0
0 0.795833 0 0.0194444 0
0 0.648611 0 0.0166667 0
0 0.532639 1 0.0958333 0
0 0.796528 0 0.0180556 0
0 0.649306 0 0.0180556 0
0 0.532639 1 0.0986111 0
0 0.796528 0 0.0180556 0
0 0.649306 0 0.0180556 0
0 0.532639 1 0.0986111 0
0 0.796528 0 0.0180556 0
0 0.649306 0 0.0180556 0
0 0.532639 1 0.0986111 0
0 0.465278 0 0.0333333 0
0 0.360417 0 0.0180556 0
0 0.796528 0 0.0180556 0
0 0.649306 0 0.0180556 0
0 0.53125 1 0.0986111 0
0 0.467361 0 0.0347222 0
0 0.648611 0 0.0194444 0
0 0.530556 1 0.0972222 0
0 0.467361 0 0.0347222 0
0 0.648611 0 0.0194444 0
0 0.530556 1 0.0972222 0
0 0.467361 0 0.0347222 0
0 0.647917 0 0.0208333 0
0 0.530556 1 0.0972222 0
0 0.467361 0 0.0347222 0
0 0.648611 0 0.0194444 0
0 0.530556 1 0.0972222 0
0 0.467361 0 0.0347222 0
0 0.648611 0 0.0194444 0
0 0.530556 1 0.0972222 0
0 0.647917 0 0.0208333 0
0 0.530556 1 0.0972222 0
0 0.797917 0 0.0180556 0
0 0.361111 0 0.0194444 0
0 0.649306 0 0.0180556 0
0 0.529861 1 0.0986111 0
0 0.797917 0 0.0180556 0
0 0.361111 0 0.0194444 0
0 0.648611 0 0.0194444 0
0 0.529861 1 0.0986111 0
0 0.797917 0 0.0180556 0
0 0.360417 0 0.0208333 0
0 0.649306 0 0.0180556 0
0 0.529167 1 0.0972222 0
0 0.359722 0 0.0194444 0
0 0.648611 0 0.0194444 0
0 0.529861 1 0.0986111 0
0 0.797917 0 0.0180556 0
0 0.360417 0 0.0208333 0
0 0.649306 0 0.0180556 0
0 0.529167 1 0.0972222 0
0 0.797917 0 0.0180556 0
0 0.360417 0 0.0180556 0
0 0.649306 0 0.0152778 0
0 0.529167 1 0.0972222 0
0 0.559028 0 0.0402778 0
0 0.797917 0 0.0180556 0
0 0.359722 0 0.0194444 0
0 0.65 0 0.0166667 0
0 0.528472 1 0.0958333 0
0 0.559028 0 0.0402778 0
0 0.798611 0 0.0194444 0
0 0.359722 0 0.0166667 0
0 0.65 0 0.0166667 0
0 0.529167 1 0.0972222 0
0 0.559028 0 0.0402778 0
0 0.360417 0 0.0180556 0
0 0.798611 0 0.0194444 0
0 0.649306 0 0.0152778 0
0 0.529167 1 0.0972222 0
0 0.559028 0 0.0402778 0
0 0.798611 0 0.0194444 0
0 0.359722 0 0.0166667 0
0 0.65 0 0.0166667 0
0 0.529167 1 0.0972222 0
0 0.798611 0 0.0194444 0
0 0.559028 0 0.0402778 0
0 0.359722 0 0.0166667 0
0 0.649306 0 0.0152778 0
0 0.529167 1 0.0972222 0
0 0.359722 0 0.0194444 0
0 0.798611 0 0.0194444 0
0 0.65 0 0.0166667 0
0 0.529167 1 0.0972222 0
0 0.797917 0 0.0180556 0
0 0.360417 0 0.0180556 0
0 0.65 0 0.0166667 0
0 0.527778 1 0.0972222 0
0 0.209722 0 0.0194444 0
0 0.797917 0 0.0180556 0
0 0.359722 0 0.0194444 0
0 0.65 0 0.0166667 0
0 0.527778 1 0.0972222 0
0 0.209722 0 0.0194444 0
0 0.797917 0 0.0180556 0
0 0.65 0 0.0166667 0
0 0.359722 0 0.0194444 0
0 0.527778 1 0.0972222 0
0 0.209722 0 0.0194444 0
0 0.797917 0 0.0180556 0
0 0.359722 0 0.0194444 0
0 0.65 0 0.0166667 0
0 0.527778 1 0.0972222 0
0 0.209722 0 0.0194444 0
0 0.359722 0 0.0194444 0
0 0.797917 0 0.0180556 0
0 0.65 0 0.0166667 0
0 0.527778 1 0.0972222 0
0 0.209722 0 0.0194444 0
0 0.797917 0 0.0180556 0
0 0.558333 0 0.0388889 0
0 0.359028 0 0.0180556 0
0 0.65 0 0.0166667 0
0 0.528472 1 0.0930556 0
0 0.798611 0 0.0194444 0
0 0.359028 0 0.0180556 0
0 0.65 0 0.0166667 0
0 0.527778 1 0.0944444 0
0 0.649306 0 0.0180556 0
0 0.359028 0 0.0180556 0
0 0.528472 1 0.0958333 0
0 0.799306 0 0.0208333 0
0 0.649306 0 0.0180556 0
0 0.359028 0 0.0180556 0
0 0.527083 1 0.0958333 0
0 0.798611 0 0.0166667 0
0 0.359028 0 0.0180556 0
0 0.649306 0 0.0180556 0
0 0.527778 1 0.0972222 0
0 0.798611 0 0.0166667 0
0 0.359028 0 0.0180556 0
0 0.649306 0 0.0180556 0
0 0.527778 1 0.0972222 0
0 0.209722 0 0.0166667 0
0 0.8 0 0.0166667 0
0 0.65 0 0.0166667 0
0 0.358333 0 0.0166667 0
0 0.527083 1 0.0958333 0
0 0.8 0 0.0166667 0
0 0.65 0 0.0166667 0
0 0.358333 0 0.0166667 0
0 0.528472 1 0.0930556 0
0 0.8 0 0.0166667 0
0 0.65 0 0.0166667 0
0 0.358333 0 0.0166667 0
0 0.528472 1 0.0930556 0
0 0.209722 0 0.0166667 0
0 0.8 0 0.0166667 0
0 0.649306 0 0.0180556 0
0 0.358333 0 0.0166667 0
0 0.528472 1 0.0930556 0
0 0.209722 0 0.0166667 0
0 0.8 0 0.0166667 0
0 0.649306 0 0.0180556 0
0 0.358333 0 0.0166667 0
0 0.528472 1 0.0930556 0
0 0.648611 0 0.0194444 0
0 0.358333 0 0.0166667 0
0 0.528472 1 0.0930556 0
0 0.648611 0 0.0194444 0
0 0.358333 0 0.0166667 0
0 0.528472 1 0.0930556 0
0 0.648611 0 0.0194444 0
0 0.358333 0 0.0166667 0
0 0.528472 1 0.0930556 0
0 0.649306 0 0.0208333 0
0 0.358333 0 0.0166667 0
0 0.528472 1 0.0930556 0
0 0.648611 0 0.0194444 0
0 0.358333 0 0.0166667 0
0 0.528472 1 0.0930556 0
0 0.648611 0 0.0194444 0
0 0.358333 0 0.0166667 0
0 0.528472 1 0.0930556 0
0 0.207639 0 0.0180556 0
0 0.648611 0 0.0194444 0
0 0.357639 0 0.0180556 0
0 0.527778 1 0.0916667 0
0 0.20625 0 0.0180556 0
0 0.8 0 0.0194444 0
0 0.357639 0 0.0180556 0
0 0.649306 0 0.0208333 0
0 0.527778 1 0.0944444 0
0 0.20625 0 0.0180556 0
0 0.8 0 0.0194444 0
0 0.357639 0 0.0180556 0
0 0.65 0 0.0194444 0
0 0.527083 1 0.0958333 0
0 0.20625 0 0.0180556 0
0 0.8 0 0.0194444 0
0 0.357639 0 0.0180556 0
0 0.649306 0 0.0208333 0
0 0.527083 1 0.0958333 0
0 0.20625 0 0.0180556 0
0 0.8 0 0.0194444 0
0 0.357639 0 0.0180556 0
0 0.649306 0 0.0208333 0
0 0.527083 1 0.0958333 0
0 0.8 0 0.0166667 0
0 0.35625 0 0.0180556 0
0 0.65 0 0.0194444 0
0 0.527083 1 0.0958333 0
0 0.35625 0 0.0180556 0
0 0.8 0 0.0166667 0
0 0.649306 0 0.0180556 0
0 0.525694 1 0.0930556 0
0 0.35625 0 0.0180556 0
0 0.8 0 0.0166667 0
0 0.649306 0 0.0180556 0
0 0.525694 1 0.0930556 0
0 0.35625 0 0.0180556 0
0 0.8 0 0.0166667 0
0 0.649306 0 0.0180556 0
0 0.525694 1 0.0930556 0
0 0.35625 0 0.0180556 0
0 0.8 0 0.0166667 0
0 0.65 0 0.0166667 0
0 0.525694 1 0.0930556 0
0 0.35625 0 0.0180556 0
0 0.649306 0 0.0180556 0
0 0.8 0 0.0166667 0
0 0.525694 1 0.0958333 0
0 0.35625 0 0.0180556 0
0 0.8 0 0.0166667 0
0 0.649306 0 0.0180556 0
0 0.525694 1 0.0958333 0
0 0.35625 0 0.0180556 0
0 0.8 0 0.0166667 0
0 0.648611 0 0.0166667 0
0 0.525694 1 0.0958333 0
0 0.355556 0 0.0166667 0
0 0.8 0 0.0166667 0
0 0.649306 0 0.0180556 0
0 0.526389 1 0.1 0
0 0.355556 0 0.0166667 0
0 0.8 0 0.0166667 0
0 0.648611 0 0.0194444 0
0 0.526389 1 0.1 0
0 0.8 0 0.0166667 0
0 0.648611 0 0.0166667 0
0 0.526389 1 0.1 0
0 0.354861 0 0.0180556 0
0 0.8 0 0.0166667 0
0 0.648611 0 0.0166667 0
0 0.525694 1 0.0958333 0
0 0.8 0 0.0166667 0
0 0.649306 0 0.0152778 0
0 0.525 0.5 0.1 1
0 0.557639 0 0.0402778 0
0 0.8 0 0.0166667 0
0 0.648611 0 0.0166667 0
0 0.521528 1 0.104167 0
0 0.556944 0 0.0388889 0
0 0.8 0 0.0166667 0
0 0.65 0 0.0166667 0
0 0.521528 1 0.104167 0
0 0.557639 0 0.0402778 0
0 0.8 0 0.0166667 0
0 0.65 0 0.0166667 0
0 0.521528 1 0.104167 0
0 0.557639 0 0.0375 0
0 0.8 0 0.0166667 0
0 0.648611 0 0.0166667 0
0 0.520139 1 0.104167 0
0 0.354861 0 0.0180556 0
0 0.557639 0 0.0402778 0
0 0.8 0 0.0166667 0
0 0.648611 0 0.0166667 0
0 0.520139 0.5 0.104167 1
0 0.354861 0 0.0180556 0
0 0.557639 0 0.0402778 0
0 0.8 0 0.0166667 0
0 0.648611 0 0.0166667 0
0 0.520139 0.5 0.104167 1
0 0.354861 0 0.0180556 0
0 0.8 0 0.0166667 0
0 0.519444 0.5 0.105556 1
0 0.649306 0 0.0152778 0
0 0.354861 0 0.0180556 0
0 0.8 0 0.0166667 0
0 0.519444 0.5 0.105556 1
0 0.649306 0 0.0152778 0
0 0.354861 0 0.0180556 0
0 0.8 0 0.0166667 0
0 0.519444 0.5 0.105556 1
0 0.648611 0 0.0166667 0
0 0.354861 0 0.0180556 0
0 0.8 0 0.0166667 0
0 0.519444 0.5 0.105556 1
0 0.648611 0 0.0166667 0
0 0.354167 0 0.0194444 0
0 0.799306 0 0.0180556 0
0 0.5125 0.5 0.116667 1
0 0.649306 0 0.0180556 0
0 0.354167 0 0.0194444 0
0 0.799306 0 0.0180556 0
0 0.5125 0.5 0.116667 1
0 0.649306 0 0.0180556 0
0 0.354167 0 0.0194444 0
0 0.5125 0.5 0.116667 1
0 0.649306 0 0.0180556 0
0 0.354167 0 0.0194444 0
0 0.5125 0.5 0.116667 1
0 0.649306 0 0.0180556 0
0 0.354167 0 0.0194444 0
0 0.649306 0 0.0180556 0
0 0.5125 0.5 0.116667 1
0 0.354167 0 0.0194444 0
0 0.649306 0 0.0180556 0
0 0.5125 0.5 0.116667 1
0 0.55625 0 0.0402778 0
0 0.799306 0 0.0180556 0
0 0.353472 0 0.0180556 0
0 0.649306 0 0.0180556 0
0 0.509028 0.5 0.118056 1
0 0.799306 0 0.0180556 0
0 0.55625 0 0.0402778 0
0 0.353472 0 0.0180556 0
0 0.648611 0 0.0194444 0
0 0.509028 0.5 0.118056 1
0 0.799306 0 0.0180556 0
0 0.55625 0 0.0402778 0
0 0.353472 0 0.0180556 0
0 0.649306 0 0.0180556 0
0 0.509028 0.5 0.118056 1
0 0.55625 0 0.0402778 0
0 0.649306 0 0.0180556 0
0 0.353472 0 0.0180556 0
0 0.509028 0.5 0.118056 1
0 0.799306 0 0.0180556 0
0 0.353472 0 0.0180556 0
0 0.649306 0 0.0180556 0
0 0.509028 0.5 0.118056 1
0 0.799306 0 0.0180556 0
0 0.55625 0 0.0402778 0
0 0.352778 0 0.0166667 0
0 0.649306 0 0.0180556 0
0 0.508333 0.5 0.119444 1
0 0.55625 0 0.0402778 0
0 0.648611 0 0.0194444 0
0 0.352778 0 0.0166667 0
0 0.507639 0.5 0.120833 1
0 0.555556 0 0.0416667 0
0 0.352778 0 0.0166667 0
0 0.648611 0 0.0194444 0
0 0.506944 0.5 0.119444 1
0 0.55625 0 0.0402778 0
0 0.352778 0 0.0166667 0
0 0.648611 0 0.0194444 0
0 0.506944 0.5 0.119444 1
0 0.555556 0 0.0416667 0
0 0.352778 0 0.0166667 0
0 0.648611 0 0.0194444 0
0 0.506944 0.5 0.119444 1
0 0.55625 0 0.0402778 0
0 0.352778 0 0.0166667 0
0 0.648611 0 0.0194444 0
0 0.506944 0.5 0.119444 1
0 0.2 0 0.0194444 0
0 0.554861 0 0.0402778 0
0 0.352083 0 0.0180556 0
0 0.648611 0 0.0194444 0
0 0.50625 0.5 0.120833 1
0 0.554861 0 0.0402778 0
0 0.799306 0 0.0180556 0
0 0.352083 0 0.0180556 0
0 0.648611 0 0.0194444 0
0 0.504861 0.5 0.120833 1
0 0.554861 0 0.0402778 0
0 0.799306 0 0.0180556 0
0 0.352083 0 0.0180556 0
0 0.648611 0 0.0194444 0
0 0.504861 0.5 0.120833 1
0 0.799306 0 0.0180556 0
0 0.554861 0 0.0402778 0
0 0.352083 0 0.0180556 0
0 0.648611 0 0.0194444 0
0 0.504861 0.5 0.120833 1
0 0.554861 0 0.0402778 0
0 0.352083 0 0.0180556 0
0 0.648611 0 0.0194444 0
0 0.504861 0.5 0.120833 1
0 0.554861 0 0.0402778 0
0 0.352083 0 0.0180556 0
0 0.648611 0 0.0194444 0
0 0.504861 0.5 0.120833 1
0 0.799306 0 0.0180556 0
0 0.554861 0 0.0402778 0
0 0.352083 0 0.0180556 0
0 0.648611 0 0.0194444 0
0 0.503472 0.5 0.120833 1
0 0.554861 0 0.0402778 0
0 0.352083 0 0.0180556 0
0 0.648611 0 0.0194444 0
0 0.502083 0.5 0.120833 1
0 0.352083 0 0.0180556 0
0 0.648611 0 0.0194444 0
0 0.502083 0.5 0.120833 1
0 0.352083 0 0.0180556 0
0 0.648611 0 0.0194444 0
0 0.502083 0.5 0.120833 1
0 0.352083 0 0.0180556 0
0 0.648611 0 0.0194444 0
0 0.502083 0.5 0.120833 1
0 0.352083 0 0.0180556 0
0 0.648611 0 0.0194444 0
0 0.502083 0.5 0.120833 1
0 0.8 0 0.0166667 0
0 0.351389 0 0.0194444 0
0 0.647917 0 0.0180556 0
0 0.501389 0.5 0.119444 1
0 0.350694 0 0.0180556 0
0 0.500694 0.5 0.120833 1
0 0.648611 0 0.0194444 0
0 0.8 0 0.0166667 0
0 0.350694 0 0.0180556 0
0 0.647222 0 0.0194444 0
0 0.500694 0.5 0.120833 1
0 0.350694 0 0.0180556 0
0 0.647917 0 0.0208333 0
0 0.500694 0.5 0.120833 1
0 0.8 0 0.0166667 0
0 0.350694 0 0.0180556 0
0 0.647917 0 0.0208333 0
0 0.500694 0.5 0.120833 1
0 0.8 0 0.0166667 0
0 0.350694 0 0.0180556 0
0 0.500694 0.5 0.120833 1
0 0.647222 0 0.0194444 0
0 0.350694 0 0.0180556 0
0 0.499306 0.5 0.120833 1
0 0.647222 0 0.0194444 0
0 0.8 0 0.0166667 0
0 0.35 0 0.0194444 0
0 0.499306 0.5 0.120833 1
0 0.647222 0 0.0194444 0
0 0.35 0 0.0194444 0
0 0.499306 0.5 0.120833 1
0 0.647222 0 0.0194444 0
0 0.8 0 0.0166667 0
0 0.35 0 0.0194444 0
0 0.499306 0.5 0.120833 1
0 0.647222 0 0.0194444 0
0 0.35 0 0.0194444 0
0 0.499306 0.5 0.120833 1
0 0.647222 0 0.0194444 0
0 0.35 0 0.0194444 0
0 0.647222 0 0.0194444 0
0 0.498611 0.5 0.119444 1
0 0.8 0 0.0166667 0
0 0.349306 0 0.0180556 0
0 0.497222 0.5 0.119444 1
0 0.647222 0 0.0194444 0
0 0.349306 0 0.0180556 0
0 0.8 0 0.0166667 0
0 0.497222 0.5 0.119444 1
0 0.647222 0 0.0194444 0
0 0.8 0 0.0166667 0
0 0.349306 0 0.0180556 0
0 0.497222 0.5 0.119444 1
0 0.647222 0 0.0194444 0
0 0.8 0 0.0166667 0
0 0.349306 0 0.0180556 0
0 0.647222 0 0.0194444 0
0 0.497222 0.5 0.119444 1
0 0.8 0 0.0166667 0
0 0.349306 0 0.0180556 0
0 0.497222 0.5 0.119444 1
0 0.647222 0 0.0194444 0
0 0.348611 0 0.0194444 0
0 0.8 0 0.0166667 0
0 0.496528 0.5 0.118056 1
0 0.647222 0 0.0194444 0
0 0.8 0 0.0166667 0
0 0.495139 0.5 0.118056 1
0 0.647222 0 0.0194444 0
0 0.8 0 0.0166667 0
0 0.495139 0.5 0.118056 1
0 0.647222 0 0.0194444 0
0 0.8 0 0.0166667 0
0 0.495139 0.5 0.118056 1
0 0.647222 0 0.0194444 0
0 0.8 0 0.0166667 0
0 0.495139 0.5 0.118056 1
0 0.647222 0 0.0194444 0
0 0.348611 0 0.0194444 0
0 0.8 0 0.0166667 0
0 0.647222 0 0.0194444 0
0 0.494444 0.5 0.116667 1
0 0.348611 0 0.0194444 0
0 0.8 0 0.0166667 0
0 0.647222 0 0.0194444 0
0 0.494444 0.5 0.116667 1
0 0.348611 0 0.0194444 0
0 0.8 0 0.0166667 0
0 0.647222 0 0.0194444 0
0 0.494444 0.5 0.116667 1
0 0.348611 0 0.0194444 0
0 0.8 0 0.0166667 0
0 0.647222 0 0.0194444 0
0 0.494444 0.5 0.116667 1
0 0.8 0 0.0166667 0
0 0.348611 0 0.0194444 0
0 0.647222 0 0.0194444 0
0 0.494444 0.5 0.116667 1
0 0.8 0 0.0166667 0
0 0.347917 0 0.0180556 0
0 0.647222 0 0.0194444 0
0 0.49375 0.5 0.115278 1
0 0.8 0 0.0166667 0
0 0.347917 0 0.0180556 0
0 0.647222 0 0.0194444 0
0 0.49375 0.5 0.115278 1
0 0.347917 0 0.0180556 0
0 0.647222 0 0.0194444 0
0 0.488889 0.5 0.127778 1
0 0.347917 0 0.0180556 0
0 0.647222 0 0.0194444 0
0 0.488889 0.5 0.127778 1
0 0.347917 0 0.0180556 0
0 0.647222 0 0.0194444 0
0 0.488889 0.5 0.127778 1
0 0.8 0 0.0166667 0
0 0.348611 0 0.0194444 0
0 0.647222 0 0.0194444 0
0 0.488889 0.5 0.127778 1
0 0.8 0 0.0166667 0
0 0.347917 0 0.0180556 0
0 0.647222 0 0.0194444 0
0 0.488194 0.5 0.129167 1
0 0.8 0 0.0166667 0
0 0.347917 0 0.0180556 0
0 0.647222 0 0.0194444 0
0 0.488194 0.5 0.129167 1
0 0.8 0 0.0166667 0
0 0.347222 0 0.0194444 0
0 0.647222 0 0.0194444 0
0 0.486806 0.5 0.129167 1
0 0.8 0 0.0166667 0
0 0.347222 0 0.0194444 0
0 0.647222 0 0.0194444 0
0 0.486806 0.5 0.129167 1
0 0.8 0 0.0166667 0
0 0.347917 0 0.0208333 0
0 0.647222 0 0.0194444 0
0 0.486806 0.5 0.129167 1
0 0.8 0 0.0166667 0
0 0.347917 0 0.0208333 0
0 0.647222 0 0.0194444 0
0 0.486806 0.5 0.129167 1
0 0.8 0 0.0166667 0
0 0.347917 0 0.0208333 0
0 0.647222 0 0.0194444 0
0 0.486806 0.5 0.129167 1
0 0.347222 0 0.0194444 0
0 0.647222 0 0.0194444 0
0 0.485417 0.5 0.129167 1
0 0.347222 0 0.0194444 0
0 0.647222 0 0.0194444 0
0 0.485417 0.5 0.129167 1
0 0.347222 0 0.0194444 0
0 0.647222 0 0.0194444 0
0 0.485417 0.5 0.129167 1
0 0.347222 0 0.0194444 0
0 0.647222 0 0.0194444 0
0 0.485417 0.5 0.129167 1
0 0.347222 0 0.0194444 0
0 0.647222 0 0.0194444 0
0 0.485417 0.5 0.129167 1
0 0.347222 0 0.0194444 0
0 0.646528 0 0.0180556 0
0 0.484722 0.5 0.130556 1
0 0.347222 0 0.0194444 0
0 0.646528 0 0.0180556 0
0 0.484722 0.5 0.130556 1
0 0.8 0 0.0166667 0
0 0.347222 0 0.0194444 0
0 0.484722 0.5 0.130556 1
0 0.646528 0 0.0180556 0
0 0.347222 0 0.0194444 0
0 0.484722 0.5 0.130556 1
0 0.646528 0 0.0180556 0
0 0.347222 0 0.0194444 0
0 0.484722 0.5 0.130556 1
0 0.646528 0 0.0180556 0
0 0.8 0 0.0166667 0
0 0.347222 0 0.0194444 0
0 0.484722 0.5 0.130556 1
0 0.646528 0 0.0180556 0
0 0.8 0 0.0166667 0
0 0.347222 0 0.0194444 0
0 0.484722 0.5 0.130556 1
0 0.646528 0 0.0180556 0
0 0.347222 0 0.0194444 0
0 0.484722 0.5 0.130556 1
0 0.646528 0 0.0180556 0
0 0.8 0 0.0166667 0
0 0.347222 0 0.0194444 0
0 0.646528 0 0.0180556 0
0 0.484028 0.5 0.131944 1
0 0.8 0 0.0166667 0
0 0.347222 0 0.0194444 0
0 0.646528 0 0.0180556 0
0 0.484028 0.5 0.131944 1
0 0.8 0 0.0166667 0
0 0.347222 0 0.0194444 0
0 0.646528 0 0.0180556 0
0 0.484028 0.5 0.131944 1
0 0.347222 0 0.0194444 0
0 0.484028 0.5 0.131944 1
0 0.646528 0 0.0180556 0
0 0.347222 0 0.0194444 0
0 0.646528 0 0.0180556 0
0 0.484028 0.5 0.131944 1
0 0.8 0 0.0166667 0
0 0.484028 0.5 0.131944 1
0 0.347222 0 0.0194444 0
0 0.646528 0 0.0180556 0
0 0.8 0 0.0166667 0
0 0.346528 0 0.0180556 0
0 0.484028 0.5 0.129167 1
0 0.647222 0 0.0194444 0
0 0.8 0 0.0166667 0
0 0.346528 0 0.0180556 0
0 0.484028 0.5 0.129167 1
0 0.647222 0 0.0194444 0
0 0.8 0 0.0166667 0
0 0.346528 0 0.0180556 0
0 0.647222 0 0.0194444 0
0 0.484028 0.5 0.129167 1
0 0.8 0 0.0166667 0
0 0.346528 0 0.0180556 0
0 0.484028 0.5 0.129167 1
0 0.647222 0 0.0194444 0
0 0.8 0 0.0166667 0
0 0.346528 0 0.0180556 0
0 0.484028 0.5 0.129167 1
0 0.647222 0 0.0194444 0
0 0.8 0 0.0166667 0
0 0.346528 0 0.0180556 0
0 0.483333 0.5 0.130556 1
0 0.646528 0 0.0180556 0
0 0.8 0 0.0166667 0
0 0.346528 0 0.0180556 0
0 0.483333 0.5 0.130556 1
0 0.647222 0 0.0194444 0
0 0.8 0 0.0166667 0
0 0.346528 0 0.0180556 0
0 0.483333 0.5 0.130556 1
0 0.647222 0 0.0194444 0
0 0.8 0 0.0166667 0
0 0.346528 0 0.0180556 0
0 0.483333 0.5 0.130556 1
0 0.647222 0 0.0194444 0
0 0.8 0 0.0166667 0
0 0.346528 0 0.0180556 0
0 0.483333 0.5 0.130556 1
0 0.647222 0 0.0194444 0
0 0.8 0 0.0166667 0
0 0.346528 0 0.0180556 0
0 0.483333 0.5 0.130556 1
0 0.647222 0 0.0194444 0
0 0.8 0 0.0166667 0
0 0.347222 0 0.0194444 0
0 0.483333 0.5 0.130556 1
0 0.647222 0 0.0194444 0
0 0.346528 0 0.0180556 0
0 0.8 0 0.0166667 0
0 0.647222 0 0.0194444 0
0 0.483333 0.5 0.130556 1
0 0.8 0 0.0166667 0
0 0.346528 0 0.0180556 0
0 0.646528 0 0.0180556 0
0 0.483333 0.5 0.130556 1
0 0.8 0 0.0166667 0
0 0.346528 0 0.0180556 0
0 0.647222 0 0.0194444 0
0 0.483333 0.5 0.130556 1
0 0.8 0 0.0166667 0
0 0.346528 0 0.0180556 0
0 0.646528 0 0.0180556 0
0 0.483333 0.5 0.130556 1
0 0.800694 0 0.0180556 0
0 0.346528 0 0.0180556 0
0 0.483333 0.5 0.130556 1
0 0.647222 0 0.0194444 0
0 0.800694 0 0.0180556 0
0 0.346528 0 0.0180556 0
0 0.647222 0 0.0194444 0
0 0.483333 0.5 0.130556 1
0 0.800694 0 0.0180556 0
0 0.346528 0 0.0180556 0
0 0.483333 0.5 0.130556 1
0 0.647222 0 0.0194444 0
0 0.800694 0 0.0180556 0
0 0.346528 0 0.0180556 0
0 0.647222 0 0.0194444 0
0 0.483333 0.5 0.130556 1
0 0.800694 0 0.0180556 0
0 0.346528 0 0.0180556 0
0 0.483333 0.5 0.130556 1
0 0.646528 0 0.0180556 0
0 0.800694 0 0.0180556 0
0 0.346528 0 0.0180556 0
0 0.647222 0 0.0194444 0
0 0.483333 0.5 0.130556 1
0 0.800694 0 0.0180556 0
0 0.346528 0 0.0180556 0
0 0.647222 0 0.0194444 0
0 0.483333 0.5 0.130556 1
0 0.800694 0 0.0180556 0
0 0.346528 0 0.0180556 0
0 0.482639 0.5 0.129167 1
0 0.646528 0 0.0180556 0
0 0.800694 0 0.0180556 0
0 0.346528 0 0.0180556 0
0 0.482639 0.5 0.129167 1
0 0.646528 0 0.0180556 0
0 0.800694 0 0.0180556 0
0 0.346528 0 0.0180556 0
0 0.482639 0.5 0.129167 1
0 0.647222 0 0.0194444 0
0 0.800694 0 0.0180556 0
0 0.346528 0 0.0180556 0
0 0.482639 0.5 0.129167 1
0 0.646528 0 0.0180556 0
0 0.800694 0 0.0180556 0
0 0.346528 0 0.0180556 0
0 0.482639 0.5 0.129167 1
0 0.647222 0 0.0194444 0
0 0.800694 0 0.0180556 0
0 0.346528 0 0.0180556 0
0 0.481944 0.5 0.127778 1
0 0.647222 0 0.0194444 0
0 0.800694 0 0.0180556 0
0 0.346528 0 0.0180556 0
0 0.481944 0.5 0.127778 1
0 0.647222 0 0.0194444 0
0 0.346528 0 0.0180556 0
0 0.800694 0 0.0180556 0
0 0.481944 0.5 0.127778 1
0 0.647222 0 0.0194444 0
0 0.800694 0 0.0180556 0
0 0.346528 0 0.0180556 0
0 0.481944 0.5 0.127778 1
0 0.647222 0 0.0194444 0
0 0.800694 0 0.0180556 0
0 0.346528 0 0.0180556 0
0 0.481944 0.5 0.127778 1
0 0.647222 0 0.0194444 0
0 0.800694 0 0.0180556 0
0 0.346528 0 0.0180556 0
0 0.481944 0.5 0.127778 1
0 0.647222 0 0.0194444 0
0 0.800694 0 0.0180556 0
0 0.346528 0 0.0180556 0
0 0.482639 0.5 0.129167 1
0 0.647222 0 0.0194444 0
0 0.800694 0 0.0180556 0
0 0.346528 0 0.0180556 0
0 0.482639 0.5 0.129167 1
0 0.647222 0 0.0194444 0
0 0.800694 0 0.0180556 0
0 0.346528 0 0.0180556 0
0 0.482639 0.5 0.129167 1
0 0.647222 0 0.0194444 0
0 0.346528 0 0.0180556 0
0 0.800694 0 0.0180556 0
0 0.482639 0.5 0.129167 1
0 0.647222 0 0.0194444 0
0 0.346528 0 0.0180556 0
0 0.800694 0 0.0180556 0
0 0.482639 0.5 0.129167 1
0 0.647222 0 0.0194444 0
0 0.801389 0 0.0194444 0
0 0.483333 0.5 0.127778 1
0 0.346528 0 0.0180556 0
0 0.647222 0 0.0194444 0
0 0.801389 0 0.0194444 0
0 0.346528 0 0.0180556 0
0 0.483333 0.5 0.127778 1
0 0.647222 0 0.0194444 0
0 0.800694 0 0.0180556 0
0 0.483333 0.5 0.127778 1
0 0.346528 0 0.0180556 0
0 0.647222 0 0.0194444 0
0 0.800694 0 0.0180556 0
0 0.346528 0 0.0180556 0
0 0.483333 0.5 0.127778 1
0 0.647222 0 0.0194444 0
0 0.801389 0 0.0194444 0
0 0.346528 0 0.0180556 0
0 0.483333 0.5 0.127778 1
0 0.647222 0 0.0194444 0
0 0.801389 0 0.0194444 0
0 0.347222 0 0.0194444 0
0 0.482639 0.5 0.129167 1
0 0.647917 0 0.0208333 0
0 0.801389 0 0.0194444 0
0 0.347222 0 0.0194444 0
0 0.482639 0.5 0.129167 1
0 0.647917 0 0.0208333 0
0 0.800694 0 0.0180556 0
0 0.346528 0 0.0180556 0
0 0.483333 0.5 0.127778 1
0 0.647222 0 0.0194444 0
0 0.800694 0 0.0180556 0
0 0.346528 0 0.0180556 0
0 0.483333 0.5 0.127778 1
0 0.647222 0 0.0194444 0
0 0.800694 0 0.0180556 0
0 0.346528 0 0.0180556 0
0 0.483333 0.5 0.127778 1
0 0.647222 0 0.0194444 0
0 0.800694 0 0.0180556 0
0 0.346528 0 0.0180556 0
0 0.647917 0 0.0208333 0
0 0.483333 0.5 0.127778 1
0 0.800694 0 0.0180556 0
0 0.347222 0 0.0194444 0
0 0.482639 0.5 0.129167 1
0 0.647222 0 0.0194444 0
0 0.800694 0 0.0180556 0
0 0.347222 0 0.0194444 0
0 0.482639 0.5 0.129167 1
0 0.647222 0 0.0194444 0
0 0.800694 0 0.0180556 0
0 0.346528 0 0.0180556 0
0 0.484028 0.5 0.129167 1
0 0.647222 0 0.0194444 0
0 0.800694 0 0.0180556 0
0 0.346528 0 0.0180556 0
0 0.484028 0.5 0.129167 1
0 0.647222 0 0.0194444 0
0 0.800694 0 0.0180556 0
0 0.346528 0 0.0180556 0
0 0.484028 0.5 0.129167 1
0 0.647222 0 0.0194444 0
0 0.800694 0 0.0180556 0
0 0.346528 0 0.0180556 0
0 0.484028 0.5 0.129167 1
0 0.647222 0 0.0194444 0
0 0.800694 0 0.0180556 0
0 0.346528 0 0.0180556 0
0 0.484028 0.5 0.129167 1
0 0.647222 0 0.0194444 0
0 0.800694 0 0.0180556 0
0 0.346528 0 0.0180556 0
0 0.484028 0.5 0.129167 1
0 0.647222 0 0.0194444 0
