0 0.439583 0.5 0.0291667 1
0 0.439583 0.5 0.0291667 1
0 0.439583 0.5 0.0291667 1
0 0.439583 0.5 0.0291667 1
0 0.439583 0.5 0.0291667 1
0 0.439583 0.5 0.0291667 1
0 0.439583 0.5 0.0291667 1
0 0.439583 0.5 0.0291667 1
0 0.566667 0 0.0111111 0
0 0.439583 0.5 0.0291667 1
0 0.439583 0.5 0.0291667 1
0 0.439583 0.5 0.0291667 1
0 0.439583 0.5 0.0291667 1
0 0.439583 0.5 0.0291667 1
0 0.439583 0.5 0.0291667 1
0 0.439583 0.5 0.0291667 1
0 0.439583 0.5 0.0291667 1
0 0.439583 0.5 0.0291667 1
0 0.439583 0.5 0.0291667 1
0 0.439583 0.5 0.0291667 1
0 0.439583 0.5 0.0291667 1
0 0.439583 0.5 0.0291667 1
0 0.439583 0.5 0.0291667 1
0 0.439583 0.5 0.0291667 1
0 0.439583 0.5 0.0291667 1
0 0.439583 0.5 0.0291667 1
0 0.439583 0.5 0.0291667 1
0 0.439583 0.5 0.0291667 1
0 0.439583 0.5 0.0291667 1
0 0.565972 0 0.00972222 0
0 0.439583 0.5 0.0291667 1
0 0.565972 0 0.00972222 0
0 0.439583 0.5 0.0291667 1
0 0.439583 0.5 0.0291667 1
0 0.439583 0.5 0.0291667 1
0 0.439583 0.5 0.0291667 1
0 0.439583 0.5 0.0291667 1
0 0.439583 0.5 0.0291667 1
0 0.565972 0 0.00972222 0
0 0.439583 0.5 0.0291667 1
0 0.441667 0.5 0.0277778 1
0 0.445139 0 0.0263889 0
0 0.448611 0 0.0277778 0
0 0.450694 0 0.0263889 0
0 0.452778 0 0.0277778 0
0 0.572222 0 0.0111111 0
0 0.454167 0 0.0277778 0
0 0.509028 0 0.0375 0
0 0.454861 0 0.0291667 0
0 0.454861 0 0.0291667 0
0 0.454861 0 0.0291667 0
0 0.454167 0 0.0305556 0
0 0.453472 0 0.0291667 0
0 0.453472 0 0.0291667 0
0 0.576389 0 0.0111111 0
0 0.452778 0 0.0305556 0
0 0.576389 0 0.0111111 0
0 0.451389 0 0.0305556 0
0 0.509722 0 0.0361111 0
0 0.577083 0 0.00972222 0
0 0.45 0 0.0305556 0
0 0.577083 0 0.00972222 0
0 0.510417 0 0.0375 0
0 0.45 0 0.0305556 0
0 0.509028 0 0.0375 0
0 0.449306 0 0.0319444 0
0 0.4875 0 0.0388889 0
0 0.447222 0 0.0305556 0
0 0.579167 0 0.0111111 0
0 0.445833 0 0.0333333 0
0 0.509722 0 0.0388889 0
0 0.579167 0 0.0111111 0
0 0.445139 0 0.0319444 0
0 0.445139 0 0.0319444 0
0 0.579861 0 0.00972222 0
0 0.443056 0 0.0333333 0
0 0.580556 0 0.0111111 0
0 0.443056 0 0.0333333 0
0 0.58125 0 0.0125 0
0 0.443056 0 0.0333333 0
0 0.486111 0 0.0416667 0
0 0.582639 0 0.0125 0
0 0.442361 0 0.0347222 0
0 0.582639 0 0.0125 0
0 0.440972 0 0.0375 0
0 0.440972 0 0.0375 0
0 0.441667 0 0.0388889 0
0 0.440972 0 0.0375 0
0 0.440972 0 0.0375 0
0 0.440972 0 0.0375 0
0 0.586111 0 0.0138889 0
0 0.440972 0 0.0402778 0
0 0.5875 0 0.0111111 0
0 0.440972 0 0.0402778 0
0 0.588194 0 0.0125 0
0 0.439583 0 0.0402778 0
0 0.365278 0 0.0138889 0
0 0.588889 0 0.0138889 0
0 0.438194 0 0.0402778 0
0 0.589583 0 0.0125 0
0 0.436806 0 0.0402778 0
0 0.589583 0 0.0125 0
0 0.436806 0 0.0430556 0
0 0.589583 0 0.0125 0
0 0.436111 0 0.0416667 0
0 0.590278 0 0.0111111 0
0 0.707639 0 0.0152778 0
0 0.435417 0 0.0430556 0
0 0.590972 0 0.0125 0
0 0.434722 0 0.0444444 0
0 0.591667 0 0.0138889 0
0 0.433333 0 0.0444444 0
0 0.709722 0 0.0138889 0
0 0.591667 0 0.0138889 0
0 0.431944 0 0.0444444 0
0 0.711111 0 0.0138889 0
0 0.591667 0 0.0138889 0
0 0.430556 0 0.0444444 0
0 0.711806 0 0.0125 0
0 0.429861 0 0.0458333 0
0 0.358333 0 0.0138889 0
0 0.59375 0 0.0152778 0
0 0.7125 0 0.0138889 0
0 0.429861 0 0.0458333 0
0 0.357639 0 0.0152778 0
0 0.713889 0 0.0138889 0
0 0.593056 0 0.0138889 0
0 0.428472 0 0.0458333 0
0 0.356944 0 0.0138889 0
0 0.594444 0 0.0138889 0
0 0.428472 0 0.0486111 0
0 0.356944 0 0.0138889 0
0 0.594444 0 0.0138889 0
0 0.428472 0 0.0486111 0
0 0.35625 0 0.0152778 0
0 0.595139 0 0.0152778 0
0 0.428472 0 0.0486111 0
0 0.486111 0 0.0472222 0
0 0.354861 0 0.0152778 0
0 0.718056 0 0.0138889 0
0 0.595139 0 0.0152778 0
0 0.427083 0 0.0486111 0
0 0.354167 0 0.0166667 0
0 0.595833 0 0.0138889 0
0 0.425694 0 0.0513889 0
0 0.486111 0 0.0472222 0
0 0.720139 0 0.0152778 0
0 0.595833 0 0.0138889 0
0 0.424306 0 0.0541667 0
0 0.353472 0 0.0152778 0
0 0.720139 0 0.0152778 0
0 0.596528 0 0.0152778 0
0 0.423611 0 0.0555556 0
0 0.721528 0 0.0152778 0
0 0.597917 0 0.0152778 0
0 0.422222 0 0.0527778 0
0 0.722917 0 0.0152778 0
0 0.597917 0 0.0152778 0
0 0.420833 0 0.0527778 0
0 0.598611 0 0.0166667 0
0 0.421528 0 0.0541667 0
0 0.599306 0 0.0152778 0
0 0.725694 0 0.0152778 0
0 0.421528 0 0.0541667 0
0 0.6 0 0.0138889 0
0 0.727083 0 0.0152778 0
0 0.421528 0 0.0541667 0
0 0.352083 0 0.0152778 0
0 0.727083 0 0.0152778 0
0 0.600694 0 0.0152778 0
0 0.422222 0 0.0555556 0
0 0.728472 0 0.0152778 0
0 0.352083 0 0.0152778 0
0 0.600694 0 0.0152778 0
0 0.422222 0 0.0555556 0
0 0.352083 0 0.0152778 0
0 0.602083 0 0.0152778 0
0 0.422222 0 0.0555556 0
0 0.352083 0 0.0152778 0
0 0.603472 0 0.0152778 0
0 0.421528 0 0.0569444 0
0 0.732639 0 0.0152778 0
0 0.488194 0 0.0486111 0
0 0.352083 0 0.0152778 0
0 0.603472 0 0.0152778 0
0 0.422222 0 0.0583333 0
0 0.351389 0 0.0166667 0
0 0.733333 0 0.0166667 0
0 0.604167 0 0.0166667 0
0 0.422222 0 0.0583333 0
0 0.350694 0 0.0152778 0
0 0.604861 0 0.0152778 0
0 0.422917 0 0.0597222 0
0 0.735417 0 0.0152778 0
0 0.604861 0 0.0152778 0
0 0.422917 0 0.0597222 0
0 0.35 0 0.0166667 0
0 0.735417 0 0.0152778 0
0 0.605556 0 0.0138889 0
0 0.422917 0 0.0597222 0
0 0.736806 0 0.0152778 0
0 0.60625 0 0.0152778 0
0 0.422222 0 0.0611111 0
0 0.60625 0 0.0152778 0
0 0.7375 0 0.0138889 0
0 0.420833 0 0.0611111 0
0 0.738194 0 0.0152778 0
0 0.606944 0 0.0166667 0
0 0.419444 0 0.0638889 0
0 0.738194 0 0.0152778 0
0 0.606944 0 0.0166667 0
0 0.417361 0 0.0652778 0
0 0.4875 0 0.05 0
0 0.738889 0 0.0166667 0
0 0.606944 0 0.0166667 0
0 0.415972 0 0.0652778 0
0 0.4875 0 0.05 0
0 0.606944 0 0.0166667 0
0 0.415972 0 0.0652778 0
0 0.606944 0 0.0166667 0
0 0.415278 0 0.0666667 0
0 0.741667 0 0.0166667 0
0 0.608333 0 0.0166667 0
0 0.415972 0 0.0680556 0
0 0.74375 0 0.0152778 0
0 0.609028 0 0.0180556 0
0 0.415972 0 0.0680556 0
0 0.347222 0 0.0194444 0
0 0.74375 0 0.0152778 0
0 0.609722 0 0.0166667 0
0 0.415972 0 0.0680556 0
0 0.346528 0 0.0180556 0
0 0.745139 0 0.0152778 0
0 0.610417 0 0.0180556 0
0 0.415972 0 0.0680556 0
0 0.745833 0 0.0166667 0
0 0.346528 0 0.0152778 0
0 0.611111 0 0.0194444 0
0 0.416667 0 0.0694444 0
0 0.745833 0 0.0166667 0
0 0.346528 0 0.0180556 0
0 0.611806 0 0.0180556 0
0 0.417361 0 0.0708333 0
0 0.611806 0 0.0180556 0
0 0.418056 0 0.0722222 0
0 0.346528 0 0.0180556 0
0 0.6125 0 0.0194444 0
0 0.419444 0 0.0722222 0
0 0.346528 0 0.0180556 0
0 0.750694 0 0.0152778 0
0 0.613194 0 0.0180556 0
0 0.41875 0 0.0736111 0
0 0.345833 0 0.0166667 0
0 0.750694 0 0.0152778 0
0 0.613889 0 0.0166667 0
0 0.41875 0 0.0736111 0
0 0.345833 0 0.0166667 0
0 0.751389 0 0.0166667 0
0 0.613889 0 0.0166667 0
0 0.41875 0 0.0736111 0
0 0.752083 0 0.0152778 0
0 0.345833 0 0.0166667 0
0 0.614583 0 0.0180556 0
0 0.41875 0.5 0.0736111 1
0 0.752083 0 0.0180556 0
0 0.345833 0 0.0166667 0
0 0.615278 0 0.0166667 0
0 0.419444 0.5 0.075 1
0 0.753472 0 0.0180556 0
0 0.345139 0 0.0152778 0
0 0.615278 0 0.0166667 0
0 0.419444 0.5 0.075 1
0 0.754861 0 0.0180556 0
0 0.345139 0 0.0152778 0
0 0.615972 0 0.0180556 0
0 0.420139 0.5 0.0763889 1
0 0.345139 0 0.0152778 0
0 0.616667 0 0.0166667 0
0 0.75625 0 0.0152778 0
0 0.41875 0.5 0.0763889 1
0 0.345139 0 0.0152778 0
0 0.616667 0 0.0166667 0
0 0.756944 0 0.0166667 0
0 0.41875 0.5 0.0763889 1
0 0.655556 0 0.0388889 0
0 0.617361 0 0.0180556 0
0 0.756944 0 0.0166667 0
0 0.418056 0.5 0.0777778 1
0 0.757639 0 0.0180556 0
0 0.617361 0 0.0180556 0
0 0.419444 0.5 0.0777778 1
0 0.61875 0 0.0180556 0
0 0.759028 0 0.0180556 0
0 0.420139 0.5 0.0791667 1
0 0.758333 0 0.0166667 0
0 0.61875 0 0.0180556 0
0 0.420139 0.5 0.0791667 1
0 0.61875 0 0.0180556 0
0 0.420139 0.5 0.0791667 1
0 0.759722 0 0.0166667 0
0 0.618056 0 0.0194444 0
0 0.41875 0.5 0.0791667 1
0 0.200694 0 0.0152778 0
0 0.760417 0 0.0180556 0
0 0.620139 0 0.0180556 0
0 0.418056 0.5 0.0805556 1
0 0.342361 0 0.0180556 0
0 0.760417 0 0.0180556 0
0 0.620139 0 0.0180556 0
0 0.417361 0.5 0.0819444 1
0 0.761806 0 0.0152778 0
0 0.620139 0 0.0180556 0
0 0.415972 0.5 0.0819444 1
0 0.761806 0 0.0152778 0
0 0.620139 0 0.0180556 0
0 0.415278 0.5 0.0833333 1
0 0.341667 0 0.0166667 0
0 0.7625 0 0.0166667 0
0 0.620833 0 0.0166667 0
0 0.415278 0.5 0.0833333 1
0 0.7625 0 0.0166667 0
0 0.620833 0 0.0166667 0
0 0.414583 0.5 0.0847222 1
0 0.620833 0 0.0166667 0
0 0.763194 0 0.0152778 0
0 0.415278 0.5 0.0833333 1
0 0.49375 0 0.0430556 0
0 0.341667 0 0.0194444 0
0 0.764583 0 0.0152778 0
0 0.620833 0 0.0166667 0
0 0.416667 0.5 0.0861111 1
0 0.492361 0 0.0458333 0
0 0.764583 0 0.0152778 0
0 0.621528 0 0.0180556 0
0 0.417361 0.5 0.0847222 1
0 0.493056 0 0.0472222 0
0 0.765278 0 0.0166667 0
0 0.622222 0 0.0194444 0
0 0.416667 0.5 0.0861111 1
0 0.493056 0 0.0444444 0
0 0.765278 0 0.0166667 0
0 0.621528 0 0.0180556 0
0 0.416667 0.5 0.0861111 1
0 0.764583 0 0.0180556 0
0 0.49375 0 0.0458333 0
0 0.340972 0 0.0180556 0
0 0.621528 0 0.0180556 0
0 0.415972 0.5 0.0875 1
0 0.765278 0 0.0166667 0
0 0.49375 0 0.0458333 0
0 0.340972 0 0.0180556 0
0 0.622917 0 0.0180556 0
0 0.415972 0.5 0.0875 1
0 0.765972 0 0.0180556 0
0 0.340972 0 0.0180556 0
0 0.622222 0 0.0194444 0
0 0.415972 0.5 0.0875 1
0 0.765972 0 0.0180556 0
0 0.493056 0 0.0444444 0
0 0.340278 0 0.0194444 0
0 0.622917 0 0.0180556 0
0 0.414583 0.5 0.0875 1
0 0.493056 0 0.0444444 0
0 0.766667 0 0.0166667 0
0 0.339583 0 0.0180556 0
0 0.622917 0 0.0180556 0
0 0.414583 0 0.0875 0
0 0.492361 0 0.0430556 0
0 0.529167 0 0.0388889 0
0 0.767361 0 0.0180556 0
0 0.339583 0 0.0180556 0
0 0.622917 0 0.0180556 0
0 0.413194 0.5 0.0902778 1
0 0.493056 0 0.0444444 0
0 0.529167 0 0.0388889 0
0 0.339583 0 0.0180556 0
0 0.768056 0 0.0166667 0
0 0.622917 0 0.0180556 0
0 0.413194 0.5 0.0930556 1
0 0.492361 0 0.0458333 0
0 0.529861 0 0.0402778 0
0 0.338889 0 0.0166667 0
0 0.76875 0 0.0152778 0
0 0.622917 0 0.0180556 0
0 0.413194 0.5 0.0930556 1
0 0.492361 0 0.0458333 0
0 0.529861 0 0.0402778 0
0 0.769444 0 0.0166667 0
0 0.338889 0 0.0166667 0
0 0.623611 0 0.0166667 0
0 0.411806 0.5 0.0930556 1
0 0.338889 0 0.0166667 0
0 0.529861 0 0.0402778 0
0 0.769444 0 0.0166667 0
0 0.623611 0 0.0166667 0
0 0.411806 0.5 0.0958333 1
0 0.529861 0 0.0402778 0
0 0.493056 0 0.0444444 0
0 0.338194 0 0.0152778 0
0 0.769444 0 0.0166667 0
0 0.623611 0 0.0166667 0
0 0.411806 0.5 0.0958333 1
0 0.3375 0 0.0166667 0
0 0.769444 0 0.0166667 0
0 0.623611 0 0.0166667 0
0 0.411111 0.5 0.0944444 1
0 0.49375 0 0.0458333 0
0 0.770139 0 0.0180556 0
0 0.338194 0 0.0152778 0
0 0.623611 0 0.0166667 0
0 0.411111 0.5 0.0944444 1
0 0.493056 0 0.0444444 0
0 0.3375 0 0.0166667 0
0 0.770833 0 0.0166667 0
0 0.623611 0 0.0166667 0
0 0.410417 0.5 0.0930556 1
0 0.493056 0 0.0444444 0
0 0.3375 0 0.0166667 0
0 0.770833 0 0.0166667 0
0 0.624306 0 0.0152778 0
0 0.411111 0.5 0.0944444 1
0 0.770833 0 0.0166667 0
0 0.3375 0 0.0166667 0
0 0.625 0 0.0166667 0
0 0.411111 0.5 0.0944444 1
0 0.3375 0 0.0166667 0
0 0.772222 0 0.0194444 0
0 0.625 0 0.0166667 0
0 0.410417 0.5 0.0958333 1
0 0.338194 0 0.0152778 0
0 0.772917 0 0.0180556 0
0 0.625 0 0.0166667 0
0 0.410417 0.5 0.0958333 1
0 0.49375 0 0.0458333 0
0 0.773611 0 0.0194444 0
0 0.338194 0 0.0180556 0
0 0.625 0 0.0166667 0
0 0.410417 0.5 0.0958333 1
0 0.772917 0 0.0180556 0
0 0.338889 0 0.0166667 0
0 0.626389 0 0.0166667 0
0 0.410417 0.5 0.101389 1
0 0.338889 0 0.0166667 0
0 0.775 0 0.0166667 0
0 0.626389 0 0.0166667 0
0 0.411806 0 0.101389 0
0 0.774306 0 0.0180556 0
0 0.338889 0 0.0166667 0
0 0.627778 0 0.0166667 0
0 0.411806 0 0.0986111 0
0 0.775694 0 0.0180556 0
0 0.338889 0 0.0166667 0
0 0.628472 0 0.0180556 0
0 0.4125 0 0.1 0
0 0.338889 0 0.0166667 0
0 0.776389 0 0.0166667 0
0 0.628472 0 0.0180556 0
0 0.416667 0 0.0972222 0
0 0.3375 0 0.0194444 0
0 0.777083 0 0.0180556 0
0 0.629167 0 0.0194444 0
0 0.41875 0 0.101389 0
0 0.339583 0 0.0180556 0
0 0.777083 0 0.0180556 0
0 0.629167 0 0.0166667 0
0 0.421528 0 0.101389 0
0 0.338889 0 0.0166667 0
0 0.777778 0 0.0194444 0
0 0.629861 0 0.0180556 0
0 0.422917 0 0.101389 0
0 0.339583 0 0.0180556 0
0 0.779167 0 0.0194444 0
0 0.630556 0 0.0194444 0
0 0.423611 0 0.102778 0
0 0.779167 0 0.0194444 0
0 0.339583 0 0.0180556 0
0 0.630556 0 0.0194444 0
0 0.424306 0 0.101389 0
0 0.779167 0 0.0194444 0
0 0.339583 0 0.0180556 0
0 0.630556 0 0.0194444 0
0 0.425 0 0.102778 0
0 0.339583 0 0.0180556 0
0 0.780556 0 0.0194444 0
0 0.63125 0 0.0180556 0
0 0.424306 0 0.104167 0
0 0.339583 0 0.0180556 0
0 0.780556 0 0.0194444 0
0 0.63125 0 0.0208333 0
0 0.424306 0.5 0.104167 1
0 0.338889 0 0.0166667 0
0 0.780556 0 0.0194444 0
0 0.631944 0 0.0194444 0
0 0.425 0.5 0.105556 1
0 0.338889 0 0.0166667 0
0 0.780556 0 0.0194444 0
0 0.63125 0 0.0180556 0
0 0.423611 0 0.105556 0
0 0.338889 0 0.0166667 0
0 0.78125 0 0.0208333 0
0 0.631944 0 0.0194444 0
0 0.425 0.5 0.105556 1
0 0.338194 0 0.0180556 0
0 0.782639 0 0.0180556 0
0 0.631944 0 0.0194444 0
0 0.425 0.5 0.105556 1
0 0.339583 0 0.0180556 0
0 0.782639 0 0.0180556 0
0 0.632639 0 0.0180556 0
0 0.425694 0.5 0.104167 1
0 0.782639 0 0.0180556 0
0 0.339583 0 0.0180556 0
0 0.426389 0.5 0.105556 1
0 0.632639 0 0.0180556 0
0 0.339583 0 0.0180556 0
0 0.784028 0 0.0180556 0
0 0.427083 0 0.106944 0
0 0.633333 0 0.0194444 0
0 0.339583 0 0.0180556 0
0 0.784722 0 0.0194444 0
0 0.429167 0.5 0.108333 1
0 0.634028 0 0.0180556 0
0 0.784722 0 0.0194444 0
0 0.340278 0 0.0194444 0
0 0.634722 0 0.0194444 0
0 0.432639 0 0.106944 0
0 0.340278 0 0.0194444 0
0 0.784722 0 0.0194444 0
0 0.634722 0 0.0194444 0
0 0.436111 0.5 0.108333 1
0 0.340278 0 0.0194444 0
0 0.786111 0 0.0194444 0
0 0.438194 0.5 0.109722 1
0 0.634722 0 0.0194444 0
0 0.340278 0 0.0166667 0
0 0.786111 0 0.0194444 0
0 0.635417 0 0.0180556 0
0 0.447222 0.5 0.108333 1
0 0.340972 0 0.0180556 0
0 0.786111 0 0.0194444 0
0 0.636111 0 0.0194444 0
0 0.488194 0.5 0.115278 1
0 0.788194 0 0.0180556 0
0 0.340278 0 0.0166667 0
0 0.636111 0 0.0194444 0
0 0.5125 0.5 0.113889 1
0 0.788194 0 0.0180556 0
0 0.340278 0 0.0166667 0
0 0.636111 0 0.0194444 0
0 0.532639 0.5 0.106944 1
0 0.788194 0 0.0180556 0
0 0.340278 0 0.0194444 0
0 0.636111 0 0.0194444 0
0 0.531944 0.5 0.108333 1
0 0.340278 0 0.0194444 0
0 0.788194 0 0.0180556 0
0 0.636111 0 0.0194444 0
0 0.485417 0.5 0.115278 1
0 0.788194 0 0.0180556 0
0 0.340278 0 0.0194444 0
0 0.636111 0 0.0194444 0
0 0.447222 0.5 0.108333 1
0 0.188194 0 0.0180556 0
0 0.498611 0 0.05 0
0 0.339583 0 0.0180556 0
0 0.636806 0 0.0180556 0
0 0.788194 0 0.0180556 0
0 0.46875 0.5 0.120833 1
0 0.339583 0 0.0180556 0
0 0.788194 0 0.0180556 0
0 0.636806 0 0.0180556 0
0 0.481944 0.5 0.119444 1
0 0.338889 0 0.0166667 0
0 0.7875 0 0.0166667 0
0 0.636806 0 0.0180556 0
0 0.495139 0.5 0.109722 1
0 0.5 0 0.0416667 0
0 0.338889 0 0.0166667 0
0 0.636111 0 0.0194444 0
0 0.788194 0 0.0152778 0
0 0.479861 0.5 0.1125 1
0 0.500694 0 0.0430556 0
0 0.338889 0 0.0166667 0
0 0.788889 0 0.0166667 0
0 0.636111 0 0.0194444 0
0 0.4625 0.5 0.119444 1
0 0.788194 0 0.0180556 0
0 0.636111 0 0.0194444 0
0 0.338889 0 0.0166667 0
0 0.472222 0.5 0.111111 1
0 0.788194 0 0.0180556 0
0 0.338889 0 0.0166667 0
0 0.636111 0 0.0194444 0
0 0.49375 0.5 0.1125 1
0 0.788194 0 0.0180556 0
0 0.636111 0 0.0194444 0
0 0.338194 0 0.0180556 0
0 0.484028 0.5 0.115278 1
0 0.540278 0 0.0416667 0
0 0.789583 0 0.0180556 0
0 0.338889 0 0.0194444 0
0 0.636806 0 0.0208333 0
0 0.469444 0.5 0.108333 1
0 0.540278 0 0.0416667 0
0 0.789583 0 0.0180556 0
0 0.338194 0 0.0180556 0
0 0.636806 0 0.0208333 0
0 0.475694 0.5 0.1125 1
0 0.540278 0 0.0416667 0
0 0.338194 0 0.0180556 0
0 0.789583 0 0.0180556 0
0 0.636806 0 0.0208333 0
0 0.482639 0.5 0.118056 1
0 0.636111 0 0.0194444 0
0 0.338194 0 0.0180556 0
0 0.789583 0 0.0180556 0
0 0.482639 0.5 0.115278 1
0 0.789583 0 0.0180556 0
0 0.338194 0 0.0180556 0
0 0.6375 0 0.0194444 0
0 0.475694 0.5 0.1125 1
0 0.540278 0 0.0416667 0
0 0.790278 0 0.0194444 0
0 0.338194 0 0.0180556 0
0 0.636111 0 0.0194444 0
0 0.477083 0.5 0.1125 1
0 0.540278 0 0.0416667 0
0 0.790278 0 0.0194444 0
0 0.338194 0 0.0180556 0
0 0.636806 0 0.0180556 0
0 0.474306 0.5 0.1125 1
0 0.540278 0 0.0416667 0
0 0.338194 0 0.0180556 0
0 0.790278 0 0.0194444 0
0 0.6375 0 0.0166667 0
0 0.486806 0.5 0.1125 1
0 0.540972 0 0.0430556 0
0 0.3375 0 0.0166667 0
0 0.636806 0 0.0180556 0
0 0.789583 0 0.0180556 0
0 0.475694 0.5 0.1125 1
0 0.540972 0 0.0402778 0
0 0.790972 0 0.0180556 0
0 0.3375 0 0.0166667 0
0 0.6375 0 0.0166667 0
0 0.478472 0.5 0.1125 1
0 0.790972 0 0.0180556 0
0 0.3375 0 0.0166667 0
0 0.636806 0 0.0180556 0
0 0.473611 0.5 0.111111 1
0 0.3375 0 0.0166667 0
0 0.636806 0 0.0180556 0
0 0.790278 0 0.0194444 0
0 0.485417 0.5 0.1125 1
0 0.336806 0 0.0180556 0
0 0.636806 0 0.0180556 0
0 0.790278 0 0.0194444 0
0 0.476389 0.5 0.113889 1
0 0.336111 0 0.0194444 0
0 0.636806 0 0.0180556 0
0 0.790972 0 0.0208333 0
0 0.477083 0.5 0.1125 1
0 0.336806 0 0.0180556 0
0 0.636806 0 0.0208333 0
0 0.790278 0 0.0194444 0
0 0.475694 0.5 0.1125 1
0 0.336111 0 0.0194444 0
0 0.790278 0 0.0194444 0
0 0.636806 0 0.0208333 0
0 0.477083 0.5 0.1125 1
0 0.182639 0 0.0180556 0
0 0.335417 0 0.0208333 0
0 0.789583 0 0.0180556 0
0 0.636111 0 0.0194444 0
0 0.478472 0.5 0.115278 1
0 0.182639 0 0.0180556 0
0 0.335417 0 0.0208333 0
0 0.789583 0 0.0180556 0
0 0.636111 0 0.0194444 0
0 0.473611 0.5 0.111111 1
0 0.334722 0 0.0194444 0
0 0.789583 0 0.0180556 0
0 0.477083 0.5 0.1125 1
0 0.636111 0 0.0194444 0
0 0.335417 0 0.0208333 0
0 0.788889 0 0.0166667 0
0 0.635417 0 0.0180556 0
0 0.473611 0.5 0.111111 1
0 0.334722 0 0.0194444 0
0 0.789583 0 0.0180556 0
0 0.486111 0.5 0.113889 1
0 0.636111 0 0.0194444 0
0 0.790278 0 0.0194444 0
0 0.336111 0 0.0194444 0
0 0.636111 0 0.0194444 0
0 0.470139 0.5 0.109722 1
0 0.540278 0 0.0416667 0
0 0.790278 0 0.0194444 0
0 0.336111 0 0.0194444 0
0 0.6375 0 0.0194444 0
0 0.477778 0.5 0.113889 1
0 0.540278 0 0.0416667 0
0 0.790972 0 0.0208333 0
0 0.336111 0 0.0194444 0
0 0.636806 0 0.0208333 0
0 0.471528 0.5 0.109722 1
0 0.336111 0 0.0194444 0
0 0.791667 0 0.0194444 0
0 0.6375 0 0.0194444 0
0 0.485417 0.5 0.1125 1
0 0.336111 0 0.0194444 0
0 0.791667 0 0.0194444 0
0 0.474306 0.5 0.1125 1
0 0.638889 0 0.0194444 0
0 0.336111 0 0.0194444 0
0 0.792361 0 0.0208333 0
0 0.477778 0.5 0.113889 1
0 0.638194 0 0.0180556 0
0 0.336111 0 0.0194444 0
0 0.792361 0 0.0208333 0
0 0.473611 0.5 0.111111 1
0 0.638889 0 0.0194444 0
0 0.542361 0 0.0402778 0
0 0.182639 0 0.0180556 0
0 0.793056 0 0.0194444 0
0 0.336806 0 0.0180556 0
0 0.485417 0.5 0.1125 1
0 0.639583 0 0.0180556 0
0 0.543056 0 0.0416667 0
0 0.182639 0 0.0180556 0
0 0.793056 0 0.0194444 0
0 0.336806 0 0.0180556 0
0 0.471528 0.5 0.109722 1
0 0.638889 0 0.0194444 0
0 0.182639 0 0.0180556 0
0 0.79375 0 0.0208333 0
0 0.3375 0 0.0194444 0
0 0.485417 0.5 0.1125 1
0 0.640278 0 0.0194444 0
0 0.184028 0 0.0180556 0
0 0.54375 0 0.0402778 0
0 0.794444 0 0.0194444 0
0 0.3375 0 0.0194444 0
0 0.477083 0.5 0.1125 1
0 0.640278 0 0.0194444 0
0 0.184028 0 0.0180556 0
0 0.794444 0 0.0194444 0
0 0.338194 0 0.0180556 0
0 0.486806 0.5 0.115278 1
0 0.640278 0 0.0194444 0
0 0.54375 0 0.0402778 0
0 0.794444 0 0.0194444 0
0 0.3375 0 0.0166667 0
0 0.477083 0.5 0.115278 1
0 0.640278 0 0.0194444 0
0 0.54375 0 0.0402778 0
0 0.796528 0 0.0208333 0
0 0.3375 0 0.0166667 0
0 0.477778 0.5 0.113889 1
0 0.640278 0 0.0194444 0
0 0.544444 0 0.0416667 0
0 0.795833 0 0.0194444 0
0 0.3375 0 0.0166667 0
0 0.483333 0.5 0.113889 1
0 0.640278 0 0.0194444 0
0 0.795833 0 0.0194444 0
0 0.3375 0 0.0166667 0
0 0.48125 0.5 0.115278 1
0 0.640972 0 0.0180556 0
0 0.544444 0 0.0416667 0
0 0.796528 0 0.0208333 0
0 0.3375 0 0.0166667 0
0 0.477778 0.5 0.113889 1
0 0.640972 0 0.0180556 0
0 0.544444 0 0.0416667 0
0 0.797222 0 0.0194444 0
0 0.338194 0 0.0180556 0
0 0.476389 0.5 0.113889 1
0 0.641667 0 0.0194444 0
0 0.54375 0 0.0402778 0
0 0.797222 0 0.0194444 0
0 0.3375 0 0.0166667 0
0 0.486806 0.5 0.115278 1
0 0.640972 0 0.0180556 0
0 0.54375 0 0.0402778 0
0 0.3375 0 0.0166667 0
0 0.797222 0 0.0194444 0
0 0.475 0.5 0.113889 1
0 0.640972 0 0.0208333 0
0 0.336806 0 0.0180556 0
0 0.796528 0 0.0208333 0
0 0.488194 0.5 0.118056 1
0 0.640972 0 0.0208333 0
0 0.3375 0 0.0194444 0
0 0.795833 0 0.0194444 0
0 0.477083 0.5 0.1125 1
0 0.640972 0 0.0208333 0
0 0.795833 0 0.0194444 0
0 0.336111 0 0.0194444 0
0 0.493056 0.5 0.111111 1
0 0.640278 0 0.0194444 0
0 0.796528 0 0.0180556 0
0 0.336111 0 0.0194444 0
0 0.466667 0.5 0.108333 1
0 0.640278 0 0.0194444 0
0 0.5 0 0.0472222 0
0 0.796528 0 0.0180556 0
0 0.336806 0 0.0180556 0
0 0.48125 0.5 0.120833 1
0 0.640278 0 0.0194444 0
0 0.543056 0 0.0361111 0
0 0.796528 0 0.0180556 0
0 0.336111 0 0.0194444 0
0 0.477778 0.5 0.113889 1
0 0.640278 0 0.0194444 0
0 0.542361 0 0.0347222 0
0 0.795833 0 0.0194444 0
0 0.336111 0 0.0194444 0
0 0.491667 0.5 0.108333 1
0 0.640278 0 0.0194444 0
0 0.542361 0 0.0430556 0
0 0.797222 0 0.0194444 0
0 0.335417 0 0.0180556 0
0 0.475 0.5 0.113889 1
0 0.640278 0 0.0194444 0
0 0.54375 0 0.0430556 0
0 0.336111 0 0.0194444 0
0 0.797222 0 0.0194444 0
0 0.640972 0 0.0180556 0
0 0.477778 0.5 0.119444 1
0 0.336111 0 0.0194444 0
0 0.797222 0 0.0194444 0
0 0.464583 0.5 0.120833 1
0 0.641667 0 0.0194444 0
0 0.798611 0 0.0194444 0
0 0.336111 0 0.0194444 0
0 0.641667 0 0.0194444 0
0 0.4875 0.5 0.119444 1
0 0.543056 0 0.0361111 0
0 0.798611 0 0.0194444 0
0 0.336111 0 0.0194444 0
0 0.641667 0 0.0194444 0
0 0.504167 0.5 0.116667 1
0 0.54375 0 0.0430556 0
0 0.798611 0 0.0194444 0
0 0.335417 0 0.0208333 0
0 0.479167 0.5 0.113889 1
0 0.642361 0 0.0208333 0
0 0.54375 0 0.0430556 0
0 0.798611 0 0.0194444 0
0 0.335417 0 0.0180556 0
0 0.45625 0.5 0.115278 1
0 0.641667 0 0.0194444 0
0 0.54375 0 0.0430556 0
0 0.5 0 0.0527778 0
0 0.798611 0 0.0194444 0
0 0.334722 0 0.0194444 0
0 0.490278 0.5 0.116667 1
0 0.640972 0 0.0208333 0
0 0.798611 0 0.0194444 0
0 0.334722 0 0.0194444 0
0 0.513889 0.5 0.116667 1
0 0.640972 0 0.0208333 0
0 0.798611 0 0.0194444 0
0 0.334722 0 0.0194444 0
0 0.554861 0.5 0.118056 1
0 0.641667 0 0.0194444 0
0 0.798611 0 0.0194444 0
0 0.334722 0 0.0194444 0
0 0.5875 0.5 0.116667 1
0 0.642361 0 0.0208333 0
0 0.798611 0 0.0194444 0
0 0.335417 0 0.0180556 0
0 0.642361 0 0.0208333 0
0 0.60625 0.5 0.120833 1
0 0.799306 0 0.0208333 0
0 0.484028 0 0.0541667 0
0 0.335417 0 0.0180556 0
0 0.642361 0 0.0208333 0
0 0.515278 0.5 0.122222 1
0 0.799306 0 0.0208333 0
0 0.335417 0 0.0180556 0
0 0.643056 0 0.0194444 0
0 0.310417 0.5 0.123611 1
0 0.8 0 0.0194444 0
0 0.491667 0 0.0833333 0
0 0.111111 0 0.127778 0
0 0.335417 0 0.0208333 0
0 0.643056 0 0.0194444 0
0 0.8 0 0.0194444 0
0 0.492361 0 0.0736111 0
0 0.334722 0 0.0194444 0
0 0.643056 0 0.0194444 0
0 0.130556 0 0.00833333 0
0 0.800694 0 0.0208333 0
0 0.491667 0 0.0722222 0
0 0.643056 0 0.0194444 0
0 0.334722 0 0.0194444 0
0 0.801389 0 0.0194444 0
0 0.493056 0 0.0666667 0
0 0.643056 0 0.0194444 0
0 0.335417 0 0.0180556 0
0 0.801389 0 0.0194444 0
0 0.491667 0 0.0694444 0
0 0.335417 0 0.0180556 0
0 0.64375 0 0.0208333 0
0 0.255556 0 0.00833333 0
0 0.0868056 0 0.140278 0
0 0.801389 0 0.0194444 0
0 0.490972 0 0.0763889 0
0 0.334722 0 0.0194444 0
0 0.64375 0 0.0208333 0
0 0.177083 0 0.0180556 0
0 0.801389 0 0.0194444 0
0 0.335417 0 0.0180556 0
0 0.495139 0 0.0680556 0
0 0.265972 0 0.1375 0
0 0.64375 0 0.0208333 0
0 0.498611 0 0.0583333 0
0 0.801389 0 0.0194444 0
0 0.335417 0 0.0180556 0
0 0.64375 0 0.0208333 0
0 0.372917 0.5 0.123611 1
0 0.801389 0 0.0194444 0
0 0.496528 0 0.0597222 0
0 0.334722 0 0.0194444 0
0 0.643056 0 0.0194444 0
0 0.372222 0.5 0.119444 1
0 0.802083 0 0.0208333 0
0 0.495833 0 0.0666667 0
0 0.64375 0 0.0208333 0
0 0.334722 0 0.0194444 0
0 0.256944 0.5 0.125 1
0 0.802778 0 0.0222222 0
0 0.64375 0 0.0208333 0
0 0.334722 0 0.0194444 0
0 0.0930556 0 0.116667 0
0 0.488889 0 0.0805556 0
0 0.492361 0 0.0652778 0
0 0.802778 0 0.0194444 0
0 0.644444 0 0.0222222 0
0 0.335417 0 0.0180556 0
0 0.14375 0 0.00694444 0
0 0.492361 0 0.0680556 0
0 0.804167 0 0.0194444 0
0 0.335417 0 0.0180556 0
0 0.645833 0 0.0194444 0
0 0.491667 0 0.0666667 0
0 0.804861 0 0.0180556 0
0 0.335417 0 0.0180556 0
0 0.645833 0 0.0194444 0
0 0.492361 0 0.0680556 0
0 0.804167 0 0.0194444 0
0 0.335417 0 0.0180556 0
0 0.646528 0 0.0208333 0
0 0.492361 0 0.0652778 0
0 0.804861 0 0.0180556 0
0 0.335417 0 0.0180556 0
0 0.645833 0 0.0194444 0
0 0.492361 0 0.0680556 0
0 0.804167 0 0.0194444 0
0 0.335417 0 0.0180556 0
0 0.646528 0 0.0208333 0
0 0.492361 0 0.0680556 0
0 0.804861 0 0.0180556 0
0 0.335417 0 0.0180556 0
0 0.646528 0 0.0208333 0
0 0.492361 0 0.0680556 0
0 0.804861 0 0.0208333 0
0 0.335417 0 0.0180556 0
0 0.646528 0 0.0208333 0
0 0.492361 0 0.0680556 0
0 0.804861 0 0.0180556 0
0 0.335417 0 0.0180556 0
0 0.646528 0 0.0208333 0
0 0.492361 0 0.0652778 0
0 0.804861 0 0.0180556 0
0 0.335417 0 0.0180556 0
0 0.646528 0 0.0208333 0
0 0.491667 0 0.0666667 0
0 0.804167 0 0.0194444 0
0 0.335417 0 0.0180556 0
0 0.646528 0 0.0208333 0
0 0.492361 0 0.0652778 0
0 0.804861 0 0.0180556 0
0 0.335417 0 0.0180556 0
0 0.646528 0 0.0208333 0
0 0.492361 0 0.0652778 0
0 0.804167 0 0.0194444 0
0 0.335417 0 0.0180556 0
0 0.646528 0 0.0208333 0
0 0.492361 0 0.0652778 0
0 0.804861 0 0.0180556 0
0 0.335417 0 0.0180556 0
0 0.646528 0 0.0208333 0
0 0.491667 0 0.0638889 0
0 0.804861 0 0.0180556 0
0 0.335417 0 0.0180556 0
0 0.646528 0 0.0208333 0
0 0.491667 0 0.0638889 0
0 0.804861 0 0.0180556 0
0 0.335417 0 0.0180556 0
0 0.646528 0 0.0208333 0
0 0.491667 0 0.0638889 0
0 0.804861 0 0.0180556 0
0 0.335417 0 0.0180556 0
0 0.646528 0 0.0208333 0
0 0.491667 0 0.0638889 0
0 0.804167 0 0.0194444 0
0 0.335417 0 0.0180556 0
0 0.646528 0 0.0208333 0
0 0.491667 0 0.0638889 0
0 0.804861 0 0.0180556 0
0 0.335417 0 0.0180556 0
0 0.645833 0 0.0194444 0
0 0.491667 0 0.0638889 0
0 0.804861 0 0.0180556 0
0 0.335417 0 0.0180556 0
0 0.645833 0 0.0194444 0
0 0.491667 0 0.0638889 0
0 0.804861 0 0.0180556 0
0 0.335417 0 0.0180556 0
0 0.645833 0 0.0194444 0
0 0.491667 0 0.0638889 0
0 0.804861 0 0.0180556 0
0 0.335417 0 0.0180556 0
0 0.645833 0 0.0194444 0
0 0.804861 0 0.0180556 0
0 0.335417 0 0.0180556 0
0 0.645833 0 0.0194444 0
0 0.491667 0 0.0638889 0
0 0.804861 0 0.0180556 0
0 0.335417 0 0.0180556 0
0 0.645833 0 0.0194444 0
0 0.491667 0 0.0638889 0
0 0.804861 0 0.0180556 0
0 0.335417 0 0.0180556 0
0 0.645833 0 0.0194444 0
0 0.491667 0 0.0638889 0
0 0.804167 0 0.0194444 0
0 0.335417 0 0.0180556 0
0 0.645833 0 0.0194444 0
0 0.491667 0 0.0638889 0
0 0.804861 0 0.0180556 0
0 0.335417 0 0.0180556 0
0 0.645833 0 0.0194444 0
0 0.491667 0 0.0638889 0
0 0.804861 0 0.0180556 0
0 0.335417 0 0.0180556 0
0 0.645833 0 0.0194444 0
