0 0.764583 0 0.0152778 0
0 0.377083 0 0.0152778 0
0 0.633333 0 0.0166667 0
0 0.520139 1 0.0625 0
0 0.764583 0 0.0152778 0
0 0.377083 0 0.0152778 0
0 0.633333 0 0.0166667 0
0 0.520139 1 0.0625 0
0 0.764583 0 0.0152778 0
0 0.377083 0 0.0152778 0
0 0.633333 0 0.0166667 0
0 0.520139 1 0.0625 0
0 0.764583 0 0.0152778 0
0 0.377083 0 0.0152778 0
0 0.633333 0 0.0166667 0
0 0.51875 1 0.0625 0
0 0.764583 0 0.0152778 0
0 0.377083 0 0.0152778 0
0 0.632639 0 0.0152778 0
0 0.51875 1 0.0625 0
0 0.764583 0 0.0152778 0
0 0.377083 0 0.0152778 0
0 0.632639 0 0.0152778 0
0 0.51875 1 0.0625 0
0 0.547222 0 0.0416667 0
0 0.764583 0 0.0152778 0
0 0.377083 0 0.0152778 0
0 0.632639 0 0.0152778 0
0 0.51875 1 0.0625 0
0 0.377083 0 0.0152778 0
0 0.763889 0 0.0138889 0
0 0.633333 0 0.0166667 0
0 0.51875 1 0.0625 0
0 0.546528 0 0.0402778 0
0 0.632639 0 0.0152778 0
0 0.763889 0 0.0138889 0
0 0.377083 0 0.0152778 0
0 0.518056 1 0.0611111 0
0 0.377083 0 0.0152778 0
0 0.763889 0 0.0138889 0
0 0.632639 0 0.0152778 0
0 0.51875 1 0.0597222 0
0 0.546528 0 0.0375 0
0 0.764583 0 0.0152778 0
0 0.377083 0 0.0152778 0
0 0.632639 0 0.0152778 0
0 0.51875 1 0.0597222 0
0 0.546528 0 0.0402778 0
0 0.763889 0 0.0138889 0
0 0.377083 0 0.0152778 0
0 0.632639 0 0.0152778 0
0 0.51875 1 0.0597222 0
0 0.545833 0 0.0388889 0
0 0.377083 0 0.0152778 0
0 0.763889 0 0.0138889 0
0 0.632639 0 0.0152778 0
0 0.51875 1 0.0597222 0
0 0.545833 0 0.0388889 0
0 0.763194 0 0.0152778 0
0 0.377778 0 0.0138889 0
0 0.632639 0 0.0152778 0
0 0.518056 1 0.0611111 0
0 0.763194 0 0.0152778 0
0 0.377083 0 0.0152778 0
0 0.632639 0 0.0152778 0
0 0.518056 1 0.0611111 0
0 0.546528 0 0.0402778 0
0 0.763194 0 0.0152778 0
0 0.377083 0 0.0152778 0
0 0.632639 0 0.0152778 0
0 0.518056 1 0.0611111 0
0 0.546528 0 0.0402778 0
0 0.377083 0 0.0152778 0
0 0.632639 0 0.0152778 0
0 0.518056 1 0.0611111 0
0 0.545833 0 0.0388889 0
0 0.7625 0 0.0138889 0
0 0.377083 0 0.0152778 0
0 0.632639 0 0.0152778 0
0 0.518056 1 0.0611111 0
0 0.545833 0 0.0388889 0
0 0.7625 0 0.0138889 0
0 0.377083 0 0.0152778 0
0 0.631944 0 0.0138889 0
0 0.517361 1 0.0597222 0
0 0.7625 0 0.0138889 0
0 0.546528 0 0.0402778 0
0 0.632639 0 0.0152778 0
0 0.377083 0 0.0152778 0
0 0.517361 1 0.0597222 0
0 0.545833 0 0.0388889 0
0 0.7625 0 0.0138889 0
0 0.377083 0 0.0152778 0
0 0.631944 0 0.0138889 0
0 0.517361 1 0.0597222 0
0 0.545833 0 0.0388889 0
0 0.377778 0 0.0138889 0
0 0.631944 0 0.0138889 0
0 0.517361 1 0.0597222 0
0 0.546528 0 0.0402778 0
0 0.377778 0 0.0138889 0
0 0.631944 0 0.0138889 0
0 0.517361 1 0.0597222 0
0 0.545833 0 0.0388889 0
0 0.377083 0 0.0152778 0
0 0.631944 0 0.0138889 0
0 0.517361 1 0.0597222 0
0 0.545833 0 0.0388889 0
0 0.377778 0 0.0138889 0
0 0.632639 0 0.0152778 0
0 0.517361 1 0.0597222 0
0 0.546528 0 0.0402778 0
0 0.377778 0 0.0138889 0
0 0.631944 0 0.0138889 0
0 0.517361 1 0.0597222 0
0 0.377778 0 0.0166667 0
0 0.545833 0 0.0388889 0
0 0.631944 0 0.0138889 0
0 0.516667 1 0.0611111 0
0 0.545833 0 0.0388889 0
0 0.377778 0 0.0138889 0
0 0.632639 0 0.0152778 0
0 0.515972 1 0.0597222 0
0 0.545833 0 0.0388889 0
0 0.377778 0 0.0138889 0
0 0.631944 0 0.0138889 0
0 0.515972 1 0.0597222 0
0 0.545833 0 0.0388889 0
0 0.377778 0 0.0138889 0
0 0.631944 0 0.0138889 0
0 0.515972 1 0.0597222 0
0 0.545833 0 0.0388889 0
0 0.377778 0 0.0138889 0
0 0.631944 0 0.0138889 0
0 0.515972 1 0.0597222 0
0 0.545833 0 0.0388889 0
0 0.377778 0 0.0138889 0
0 0.631944 0 0.0138889 0
0 0.515278 1 0.0611111 0
0 0.545833 0 0.0388889 0
0 0.378472 0 0.0152778 0
0 0.63125 0 0.0125 0
0 0.515278 1 0.0611111 0
0 0.546528 0 0.0402778 0
0 0.377778 0 0.0138889 0
0 0.631944 0 0.0138889 0
0 0.515278 1 0.0611111 0
0 0.545833 0 0.0388889 0
0 0.378472 0 0.0152778 0
0 0.631944 0 0.0138889 0
0 0.515278 1 0.0611111 0
0 0.545833 0 0.0388889 0
0 0.377778 0 0.0138889 0
0 0.631944 0 0.0138889 0
0 0.515278 1 0.0611111 0
0 0.545833 0 0.0388889 0
0 0.631944 0 0.0138889 0
0 0.515278 1 0.0611111 0
0 0.546528 0 0.0375 0
0 0.378472 0 0.0152778 0
0 0.631944 0 0.0138889 0
0 0.515278 1 0.0611111 0
0 0.545833 0 0.0416667 0
0 0.378472 0 0.0152778 0
0 0.63125 0 0.0152778 0
0 0.514583 1 0.0597222 0
0 0.546528 0 0.0402778 0
0 0.378472 0 0.0152778 0
0 0.63125 0 0.0152778 0
0 0.514583 1 0.0597222 0
0 0.377778 0 0.0166667 0
0 0.546528 0 0.0402778 0
0 0.63125 0 0.0152778 0
0 0.514583 1 0.0597222 0
0 0.546528 0 0.0402778 0
0 0.377778 0 0.0166667 0
0 0.63125 0 0.0152778 0
0 0.515278 1 0.0583333 0
0 0.546528 0 0.0402778 0
0 0.378472 0 0.0152778 0
0 0.63125 0 0.0152778 0
0 0.515278 1 0.0583333 0
0 0.377778 0 0.0166667 0
0 0.546528 0 0.0402778 0
0 0.630556 0 0.0138889 0
0 0.514583 1 0.0569444 0
0 0.378472 0 0.0152778 0
0 0.546528 0 0.0402778 0
0 0.630556 0 0.0138889 0
0 0.514583 1 0.0569444 0
0 0.546528 0 0.0402778 0
0 0.378472 0 0.0152778 0
0 0.630556 0 0.0138889 0
0 0.514583 1 0.0569444 0
0 0.546528 0 0.0402778 0
0 0.378472 0 0.0152778 0
0 0.630556 0 0.0138889 0
0 0.514583 1 0.0569444 0
0 0.546528 0 0.0402778 0
0 0.378472 0 0.0152778 0
0 0.630556 0 0.0138889 0
0 0.513889 1 0.0583333 0
0 0.378472 0 0.0152778 0
0 0.546528 0 0.0402778 0
0 0.630556 0 0.0138889 0
0 0.513889 1 0.0583333 0
0 0.545833 0 0.0388889 0
0 0.378472 0 0.0152778 0
0 0.630556 0 0.0138889 0
0 0.513889 1 0.0583333 0
0 0.545833 0 0.0388889 0
0 0.630556 0 0.0138889 0
0 0.513889 1 0.0583333 0
0 0.378472 0 0.0152778 0
0 0.545833 0 0.0388889 0
0 0.630556 0 0.0138889 0
0 0.513889 1 0.0583333 0
0 0.379167 0 0.0138889 0
0 0.545833 0 0.0388889 0
0 0.630556 0 0.0138889 0
0 0.513889 1 0.0583333 0
0 0.379167 0 0.0138889 0
0 0.545833 0 0.0388889 0
0 0.630556 0 0.0138889 0
0 0.513889 1 0.0583333 0
0 0.378472 0 0.0152778 0
0 0.545833 0 0.0388889 0
0 0.629861 0 0.0125 0
0 0.513889 1 0.0583333 0
0 0.546528 0 0.0430556 0
0 0.378472 0 0.0152778 0
0 0.629861 0 0.0152778 0
0 0.513889 1 0.0583333 0
0 0.545833 0 0.0388889 0
0 0.378472 0 0.0152778 0
0 0.630556 0 0.0138889 0
0 0.513889 1 0.0583333 0
0 0.545833 0 0.0388889 0
0 0.378472 0 0.0152778 0
0 0.630556 0 0.0138889 0
0 0.513889 1 0.0583333 0
0 0.545833 0 0.0388889 0
0 0.378472 0 0.0152778 0
0 0.629861 0 0.0152778 0
0 0.513889 1 0.0583333 0
0 0.545833 0 0.0388889 0
0 0.378472 0 0.0152778 0
0 0.629861 0 0.0152778 0
0 0.513889 1 0.0583333 0
0 0.546528 0 0.0402778 0
0 0.378472 0 0.0152778 0
0 0.629167 0 0.0138889 0
0 0.513889 1 0.0583333 0
0 0.379167 0 0.0138889 0
0 0.545833 0 0.0416667 0
0 0.629167 0 0.0138889 0
0 0.513194 1 0.0569444 0
0 0.545833 0 0.0416667 0
0 0.378472 0 0.0152778 0
0 0.629167 0 0.0138889 0
0 0.513194 1 0.0569444 0
0 0.379167 0 0.0138889 0
0 0.546528 0 0.0402778 0
0 0.629167 0 0.0138889 0
0 0.513889 1 0.0583333 0
0 0.378472 0 0.0152778 0
0 0.546528 0 0.0430556 0
0 0.629861 0 0.0152778 0
0 0.513194 1 0.0569444 0
0 0.546528 0 0.0430556 0
0 0.378472 0 0.0152778 0
0 0.629167 0 0.0138889 0
0 0.513194 1 0.0569444 0
0 0.546528 0 0.0430556 0
0 0.378472 0 0.0152778 0
0 0.629861 0 0.0152778 0
0 0.513194 1 0.0569444 0
0 0.545833 0 0.0416667 0
0 0.378472 0 0.0152778 0
0 0.629167 0 0.0138889 0
0 0.513194 1 0.0569444 0
0 0.378472 0 0.0152778 0
0 0.546528 0 0.0430556 0
0 0.629167 0 0.0138889 0
0 0.513194 1 0.0569444 0
0 0.545833 0 0.0416667 0
0 0.378472 0 0.0152778 0
0 0.629861 0 0.0152778 0
0 0.513194 1 0.0569444 0
0 0.546528 0 0.0430556 0
0 0.378472 0 0.0152778 0
0 0.629167 0 0.0138889 0
0 0.513194 1 0.0569444 0
0 0.546528 0 0.0430556 0
0 0.378472 0 0.0152778 0
0 0.629167 0 0.0138889 0
0 0.513194 1 0.0569444 0
0 0.546528 0 0.0430556 0
0 0.378472 0 0.0152778 0
0 0.629167 0 0.0138889 0
0 0.513194 1 0.0569444 0
0 0.546528 0 0.0430556 0
0 0.378472 0 0.0152778 0
0 0.629167 0 0.0138889 0
0 0.513194 1 0.0569444 0
0 0.545833 0 0.0416667 0
0 0.378472 0 0.0152778 0
0 0.629167 0 0.0138889 0
0 0.513194 1 0.0569444 0
0 0.545833 0 0.0444444 0
0 0.629167 0 0.0138889 0
0 0.513194 1 0.0569444 0
0 0.378472 0 0.0152778 0
0 0.545139 0 0.0402778 0
0 0.629167 0 0.0138889 0
0 0.513194 1 0.0569444 0
0 0.378472 0 0.0152778 0
0 0.546528 0 0.0430556 0
0 0.629167 0 0.0138889 0
0 0.513194 1 0.0569444 0
0 0.379167 0 0.0138889 0
0 0.545833 0 0.0444444 0
0 0.629167 0 0.0138889 0
0 0.513194 1 0.0569444 0
0 0.378472 0 0.0152778 0
0 0.547222 0 0.0444444 0
0 0.629167 0 0.0138889 0
0 0.513194 1 0.0569444 0
0 0.545833 0 0.0416667 0
0 0.378472 0 0.0152778 0
0 0.629167 0 0.0138889 0
0 0.513194 1 0.0569444 0
0 0.379167 0 0.0138889 0
0 0.547222 0 0.0444444 0
0 0.629167 0 0.0138889 0
0 0.513194 1 0.0569444 0
0 0.545833 0 0.0388889 0
0 0.378472 0 0.0152778 0
0 0.629167 0 0.0138889 0
0 0.513194 1 0.0569444 0
0 0.545833 0 0.0416667 0
0 0.378472 0 0.0152778 0
0 0.629167 0 0.0138889 0
0 0.513194 1 0.0569444 0
0 0.545139 0 0.0402778 0
0 0.629167 0 0.0138889 0
0 0.513194 1 0.0569444 0
0 0.545139 0 0.0402778 0
0 0.378472 0 0.0152778 0
0 0.629167 0 0.0138889 0
0 0.513194 1 0.0569444 0
0 0.378472 0 0.0152778 0
0 0.545833 0 0.0416667 0
0 0.629167 0 0.0138889 0
0 0.513194 1 0.0569444 0
0 0.545139 0 0.0402778 0
0 0.378472 0 0.0152778 0
0 0.629167 0 0.0138889 0
0 0.513194 1 0.0569444 0
0 0.378472 0 0.0152778 0
0 0.545139 0 0.0402778 0
0 0.629167 0 0.0138889 0
0 0.513194 1 0.0569444 0
0 0.545833 0 0.0444444 0
0 0.379167 0 0.0166667 0
0 0.629167 0 0.0138889 0
0 0.513194 1 0.0569444 0
0 0.379167 0 0.0166667 0
0 0.545833 0 0.0444444 0
0 0.629167 0 0.0138889 0
0 0.513194 1 0.0569444 0
0 0.545833 0 0.0444444 0
0 0.379167 0 0.0166667 0
0 0.629167 0 0.0138889 0
0 0.513194 1 0.0569444 0
0 0.545833 0 0.0444444 0
0 0.379167 0 0.0166667 0
0 0.629167 0 0.0138889 0
0 0.513194 1 0.0569444 0
0 0.379167 0 0.0166667 0
0 0.545833 0 0.0416667 0
0 0.629167 0 0.0138889 0
0 0.513194 1 0.0569444 0
0 0.378472 0 0.0152778 0
0 0.545139 0 0.0430556 0
0 0.629167 0 0.0138889 0
0 0.513194 1 0.0569444 0
0 0.545139 0 0.0430556 0
0 0.379167 0 0.0138889 0
0 0.629861 0 0.0152778 0
0 0.513194 1 0.0569444 0
0 0.544444 0 0.0416667 0
0 0.378472 0 0.0152778 0
0 0.629167 0 0.0138889 0
0 0.513194 1 0.0569444 0
0 0.379167 0 0.0138889 0
0 0.545139 0 0.0430556 0
0 0.629167 0 0.0138889 0
0 0.513194 1 0.0569444 0
0 0.545139 0 0.0430556 0
0 0.378472 0 0.0152778 0
0 0.629167 0 0.0138889 0
0 0.513194 1 0.0569444 0
0 0.379167 0 0.0138889 0
0 0.545139 0 0.0430556 0
0 0.629167 0 0.0138889 0
0 0.513194 1 0.0569444 0
0 0.545139 0 0.0402778 0
0 0.378472 0 0.0152778 0
0 0.629167 0 0.0138889 0
0 0.513194 1 0.0569444 0
0 0.545139 0 0.0402778 0
0 0.378472 0 0.0152778 0
0 0.629167 0 0.0138889 0
0 0.513194 1 0.0569444 0
0 0.378472 0 0.0152778 0
0 0.545139 0 0.0402778 0
0 0.629167 0 0.0138889 0
0 0.513194 1 0.0569444 0
0 0.379167 0 0.0138889 0
0 0.545139 0 0.0402778 0
0 0.629167 0 0.0138889 0
0 0.513194 1 0.0569444 0
0 0.378472 0 0.0152778 0
0 0.545139 0 0.0402778 0
0 0.629167 0 0.0138889 0
0 0.513194 1 0.0569444 0
0 0.545139 0 0.0402778 0
0 0.378472 0 0.0152778 0
0 0.629167 0 0.0138889 0
0 0.513194 1 0.0597222 0
0 0.545139 0 0.0430556 0
0 0.378472 0 0.0152778 0
0 0.629167 0 0.0138889 0
0 0.513194 1 0.0597222 0
0 0.378472 0 0.0152778 0
0 0.545139 0 0.0430556 0
0 0.629167 0 0.0138889 0
0 0.513194 1 0.0597222 0
0 0.378472 0 0.0152778 0
0 0.544444 0 0.0416667 0
0 0.629167 0 0.0138889 0
0 0.513194 1 0.0597222 0
0 0.378472 0 0.0152778 0
0 0.545139 0 0.0402778 0
0 0.629167 0 0.0138889 0
0 0.513194 1 0.0597222 0
0 0.378472 0 0.0152778 0
0 0.545139 0 0.0430556 0
0 0.629167 0 0.0138889 0
0 0.513194 1 0.0597222 0
0 0.379167 0 0.0166667 0
0 0.54375 0 0.0402778 0
0 0.629167 0 0.0166667 0
0 0.513194 1 0.0597222 0
0 0.544444 0 0.0388889 0
0 0.378472 0 0.0152778 0
0 0.629167 0 0.0166667 0
0 0.513194 1 0.0597222 0
0 0.544444 0 0.0388889 0
0 0.378472 0 0.0152778 0
0 0.629167 0 0.0166667 0
0 0.513194 1 0.0597222 0
0 0.54375 0 0.0402778 0
0 0.378472 0 0.0152778 0
0 0.629167 0 0.0166667 0
0 0.513194 1 0.0597222 0
0 0.544444 0 0.0416667 0
0 0.379167 0 0.0166667 0
0 0.628472 0 0.0152778 0
0 0.513194 1 0.0597222 0
0 0.54375 0 0.0402778 0
0 0.378472 0 0.0152778 0
0 0.628472 0 0.0152778 0
0 0.513194 1 0.0597222 0
0 0.378472 0 0.0152778 0
0 0.54375 0 0.0402778 0
0 0.628472 0 0.0152778 0
0 0.513194 1 0.0597222 0
0 0.544444 0 0.0416667 0
0 0.628472 0 0.0152778 0
0 0.513194 1 0.0597222 0
0 0.378472 0 0.0152778 0
0 0.544444 0 0.0416667 0
0 0.628472 0 0.0152778 0
0 0.513194 1 0.0597222 0
0 0.378472 0 0.0180556 0
0 0.544444 0 0.0416667 0
0 0.628472 0 0.0152778 0
0 0.513194 1 0.0597222 0
0 0.378472 0 0.0180556 0
0 0.544444 0 0.0416667 0
0 0.628472 0 0.0152778 0
0 0.513194 1 0.0597222 0
0 0.379167 0 0.0166667 0
0 0.544444 0 0.0416667 0
0 0.628472 0 0.0152778 0
0 0.513889 1 0.0666667 0
0 0.379167 0 0.0166667 0
0 0.544444 0 0.0416667 0
0 0.628472 0 0.0152778 0
0 0.513889 1 0.0666667 0
0 0.379167 0 0.0166667 0
0 0.544444 0 0.0416667 0
0 0.628472 0 0.0152778 0
0 0.513889 1 0.0666667 0
0 0.379167 0 0.0166667 0
0 0.544444 0 0.0416667 0
0 0.628472 0 0.0152778 0
0 0.513889 1 0.0666667 0
0 0.54375 0 0.0402778 0
0 0.628472 0 0.0152778 0
0 0.513889 1 0.0666667 0
0 0.54375 0 0.0402778 0
0 0.379167 0 0.0166667 0
0 0.628472 0 0.0152778 0
0 0.513889 1 0.0666667 0
0 0.54375 0 0.0402778 0
0 0.378472 0 0.0152778 0
0 0.628472 0 0.0152778 0
0 0.513889 1 0.0666667 0
0 0.54375 0 0.0402778 0
0 0.378472 0 0.0152778 0
0 0.628472 0 0.0152778 0
0 0.513889 1 0.0666667 0
0 0.378472 0 0.0152778 0
0 0.544444 0 0.0416667 0
0 0.628472 0 0.0152778 0
0 0.513889 1 0.0666667 0
0 0.378472 0 0.0152778 0
0 0.544444 0 0.0416667 0
0 0.628472 0 0.0152778 0
0 0.513889 1 0.0666667 0
0 0.378472 0 0.0152778 0
0 0.545139 0 0.0430556 0
0 0.628472 0 0.0152778 0
0 0.513889 1 0.0666667 0
0 0.377778 0 0.0166667 0
0 0.544444 0 0.0416667 0
0 0.628472 0 0.0152778 0
0 0.513889 1 0.0666667 0
0 0.378472 0 0.0152778 0
0 0.544444 0 0.0416667 0
0 0.628472 0 0.0152778 0
0 0.513889 1 0.0666667 0
0 0.544444 0 0.0416667 0
0 0.378472 0 0.0152778 0
0 0.629167 0 0.0138889 0
0 0.513194 1 0.0597222 0
0 0.544444 0 0.0388889 0
0 0.378472 0 0.0152778 0
0 0.628472 0 0.0152778 0
0 0.513194 1 0.0597222 0
0 0.544444 0 0.0388889 0
0 0.378472 0 0.0152778 0
0 0.628472 0 0.0152778 0
0 0.513194 1 0.0597222 0
0 0.545139 0 0.0402778 0
0 0.379167 0 0.0166667 0
0 0.628472 0 0.0152778 0
0 0.513194 1 0.0597222 0
0 0.545139 0 0.0402778 0
0 0.379167 0 0.0166667 0
0 0.628472 0 0.0152778 0
0 0.513194 1 0.0597222 0
0 0.544444 0 0.0388889 0
0 0.379167 0 0.0138889 0
0 0.628472 0 0.0152778 0
0 0.513889 1 0.0583333 0
0 0.544444 0 0.0416667 0
0 0.379861 0 0.0152778 0
0 0.628472 0 0.0152778 0
0 0.513194 1 0.0597222 0
0 0.545139 0 0.0402778 0
0 0.379167 0 0.0166667 0
0 0.628472 0 0.0152778 0
0 0.513194 1 0.0597222 0
0 0.544444 0 0.0388889 0
0 0.379861 0 0.0152778 0
0 0.628472 0 0.0152778 0
0 0.513194 1 0.0597222 0
0 0.545139 0 0.0402778 0
0 0.379167 0 0.0166667 0
0 0.628472 0 0.0152778 0
0 0.513194 1 0.0597222 0
0 0.544444 0 0.0416667 0
0 0.378472 0 0.0152778 0
0 0.628472 0 0.0152778 0
0 0.513194 1 0.0597222 0
0 0.545139 0 0.0402778 0
0 0.378472 0 0.0152778 0
0 0.627778 0 0.0138889 0
0 0.513194 1 0.0597222 0
0 0.545833 0 0.0416667 0
0 0.378472 0 0.0152778 0
0 0.628472 0 0.0152778 0
0 0.513194 1 0.0597222 0
0 0.545833 0 0.0416667 0
0 0.378472 0 0.0152778 0
0 0.628472 0 0.0152778 0
0 0.513194 1 0.0597222 0
0 0.545139 0 0.0430556 0
0 0.379167 0 0.0138889 0
0 0.628472 0 0.0152778 0
0 0.513194 1 0.0597222 0
0 0.378472 0 0.0152778 0
0 0.545139 0 0.0430556 0
0 0.628472 0 0.0152778 0
0 0.513889 1 0.0666667 0
0 0.545139 0 0.0430556 0
0 0.379167 0 0.0138889 0
0 0.628472 0 0.0152778 0
0 0.513889 1 0.0666667 0
0 0.379167 0 0.0138889 0
0 0.545139 0 0.0430556 0
0 0.627778 0 0.0138889 0
0 0.513889 1 0.0666667 0
0 0.379167 0 0.0138889 0
0 0.545139 0 0.0430556 0
0 0.628472 0 0.0152778 0
0 0.513889 1 0.0666667 0
0 0.379167 0 0.0138889 0
0 0.545833 0 0.0444444 0
0 0.628472 0 0.0152778 0
0 0.513889 1 0.0666667 0
0 0.378472 0 0.0152778 0
0 0.545139 0 0.0430556 0
0 0.627778 0 0.0138889 0
0 0.513194 1 0.0680556 0
0 0.378472 0 0.0152778 0
0 0.545833 0 0.0444444 0
0 0.627778 0 0.0138889 0
0 0.513194 1 0.0680556 0
0 0.545139 0 0.0430556 0
0 0.627778 0 0.0138889 0
0 0.513194 1 0.0680556 0
0 0.545139 0 0.0430556 0
0 0.627778 0 0.0138889 0
0 0.513194 1 0.0680556 0
0 0.378472 0 0.0152778 0
0 0.545139 0 0.0430556 0
0 0.627778 0 0.0138889 0
0 0.513194 1 0.0680556 0
0 0.379167 0 0.0138889 0
0 0.545139 0 0.0430556 0
0 0.627778 0 0.0138889 0
0 0.513194 1 0.0680556 0
0 0.379167 0 0.0138889 0
0 0.545139 0 0.0430556 0
0 0.627778 0 0.0138889 0
0 0.513194 1 0.0680556 0
0 0.545139 0 0.0430556 0
0 0.627778 0 0.0138889 0
0 0.5125 1 0.0666667 0
0 0.378472 0 0.0152778 0
0 0.545139 0 0.0430556 0
0 0.627778 0 0.0138889 0
0 0.5125 1 0.0666667 0
0 0.378472 0 0.0152778 0
0 0.545139 0 0.0430556 0
0 0.627778 0 0.0138889 0
0 0.5125 1 0.0666667 0
0 0.379167 0 0.0138889 0
0 0.545139 0 0.0430556 0
0 0.627778 0 0.0138889 0
0 0.5125 1 0.0666667 0
0 0.379167 0 0.0138889 0
0 0.545139 0 0.0430556 0
0 0.627778 0 0.0138889 0
0 0.5125 1 0.0666667 0
0 0.544444 0 0.0416667 0
0 0.378472 0 0.0152778 0
0 0.627778 0 0.0138889 0
0 0.511806 1 0.0597222 0
0 0.545833 0 0.0416667 0
0 0.627778 0 0.0138889 0
0 0.511806 1 0.0597222 0
0 0.378472 0 0.0152778 0
0 0.627778 0 0.0138889 0
0 0.511806 1 0.0597222 0
0 0.627778 0 0.0138889 0
0 0.511806 1 0.0597222 0
0 0.627778 0 0.0138889 0
0 0.511806 1 0.0597222 0
0 0.378472 0 0.0152778 0
0 0.627778 0 0.0138889 0
0 0.511806 1 0.0597222 0
0 0.627778 0 0.0138889 0
0 0.511806 1 0.0597222 0
0 0.627778 0 0.0138889 0
0 0.511111 1 0.0555556 0
0 0.545139 0 0.0402778 0
0 0.627778 0 0.0138889 0
0 0.511111 1 0.0555556 0
0 0.627778 0 0.0138889 0
0 0.511111 1 0.0555556 0
0 0.627778 0 0.0138889 0
0 0.511806 1 0.0597222 0
0 0.544444 0 0.0416667 0
0 0.628472 0 0.0152778 0
0 0.511111 1 0.0555556 0
0 0.544444 0 0.0416667 0
0 0.627083 0 0.0152778 0
0 0.511111 1 0.0555556 0
0 0.544444 0 0.0416667 0
0 0.627778 0 0.0138889 0
0 0.511111 1 0.0555556 0
0 0.544444 0 0.0416667 0
0 0.627083 0 0.0152778 0
0 0.511111 1 0.0555556 0
0 0.544444 0 0.0416667 0
0 0.627083 0 0.0152778 0
0 0.511111 1 0.0555556 0
0 0.544444 0 0.0416667 0
0 0.627778 0 0.0138889 0
0 0.511111 1 0.0555556 0
0 0.545139 0 0.0430556 0
0 0.627778 0 0.0138889 0
0 0.511111 1 0.0555556 0
0 0.544444 0 0.0416667 0
0 0.627083 0 0.0152778 0
0 0.511111 1 0.0555556 0
0 0.544444 0 0.0416667 0
0 0.627778 0 0.0138889 0
0 0.511111 1 0.0555556 0
0 0.544444 0 0.0416667 0
0 0.627778 0 0.0138889 0
0 0.511111 1 0.0555556 0
0 0.544444 0 0.0416667 0
0 0.627778 0 0.0138889 0
0 0.511111 1 0.0555556 0
0 0.545139 0 0.0430556 0
0 0.627083 0 0.0152778 0
0 0.511111 1 0.0555556 0
0 0.545139 0 0.0430556 0
0 0.627083 0 0.0152778 0
0 0.511111 1 0.0555556 0
0 0.544444 0 0.0416667 0
0 0.627083 0 0.0152778 0
0 0.511111 1 0.0555556 0
0 0.545139 0 0.0430556 0
0 0.627778 0 0.0166667 0
0 0.511111 1 0.0555556 0
0 0.544444 0 0.0416667 0
0 0.627083 0 0.0152778 0
0 0.511111 1 0.0555556 0
0 0.627778 0 0.0166667 0
0 0.544444 0 0.0416667 0
0 0.511111 1 0.0555556 0
0 0.545139 0 0.0402778 0
0 0.627778 0 0.0166667 0
0 0.511111 1 0.0555556 0
0 0.545139 0 0.0402778 0
0 0.627778 0 0.0166667 0
0 0.511111 1 0.0555556 0
0 0.544444 0 0.0416667 0
0 0.627083 0 0.0152778 0
0 0.511111 1 0.0555556 0
0 0.544444 0 0.0416667 0
0 0.627778 0 0.0166667 0
0 0.511111 1 0.0555556 0
0 0.545139 0 0.0402778 0
0 0.627083 0 0.0152778 0
0 0.511111 1 0.0555556 0
0 0.545139 0 0.0430556 0
0 0.627083 0 0.0152778 0
0 0.511111 1 0.0555556 0
0 0.545139 0 0.0402778 0
0 0.627778 0 0.0166667 0
0 0.511111 1 0.0555556 0
0 0.544444 0 0.0416667 0
0 0.627083 0 0.0152778 0
0 0.511111 1 0.0555556 0
0 0.545139 0 0.0402778 0
0 0.627083 0 0.0152778 0
0 0.511111 1 0.0555556 0
0 0.545139 0 0.0430556 0
0 0.627083 0 0.0152778 0
0 0.511111 1 0.0555556 0
0 0.545139 0 0.0430556 0
0 0.627778 0 0.0166667 0
0 0.511111 1 0.0555556 0
0 0.545139 0 0.0430556 0
0 0.627778 0 0.0166667 0
0 0.511111 1 0.0555556 0
0 0.545139 0 0.0430556 0
0 0.627778 0 0.0166667 0
0 0.511111 1 0.0555556 0
0 0.627083 0 0.0152778 0
0 0.545139 0 0.0430556 0
0 0.511111 1 0.0555556 0
0 0.627778 0 0.0166667 0
0 0.544444 0 0.0444444 0
0 0.511111 1 0.0555556 0
0 0.545139 0 0.0430556 0
0 0.627083 0 0.0152778 0
0 0.511111 1 0.0555556 0
0 0.545139 0 0.0430556 0
0 0.627083 0 0.0152778 0
0 0.511111 1 0.0555556 0
0 0.545139 0 0.0430556 0
0 0.627083 0 0.0152778 0
0 0.511111 1 0.0555556 0
0 0.545139 0 0.0430556 0
0 0.627778 0 0.0166667 0
0 0.511806 1 0.0569444 0
0 0.545139 0 0.0430556 0
0 0.627083 0 0.0152778 0
0 0.511806 1 0.0569444 0
0 0.378472 0 0.0152778 0
0 0.545139 0 0.0430556 0
0 0.627083 0 0.0152778 0
0 0.511806 1 0.0569444 0
0 0.545139 0 0.0402778 0
0 0.378472 0 0.0152778 0
0 0.627083 0 0.0152778 0
0 0.511806 1 0.0569444 0
0 0.544444 0 0.0416667 0
0 0.627083 0 0.0152778 0
0 0.511806 1 0.0569444 0
0 0.378472 0 0.0152778 0
0 0.544444 0 0.0416667 0
0 0.627083 0 0.0152778 0
0 0.511806 1 0.0569444 0
0 0.544444 0 0.0416667 0
0 0.627778 0 0.0166667 0
0 0.511806 1 0.0569444 0
0 0.378472 0 0.0152778 0
0 0.544444 0 0.0416667 0
0 0.627083 0 0.0152778 0
0 0.511806 1 0.0569444 0
0 0.544444 0 0.0416667 0
0 0.627083 0 0.0180556 0
0 0.511806 1 0.0569444 0
0 0.627083 0 0.0152778 0
0 0.511806 1 0.0569444 0
0 0.627778 0 0.0166667 0
0 0.511806 1 0.0569444 0
0 0.511806 1 0.0569444 0
0 0.511806 1 0.0569444 0
0 0.627778 0 0.0166667 0
0 0.511806 1 0.0569444 0
0 0.545833 0 0.0416667 0
0 0.627778 0 0.0166667 0
0 0.511806 1 0.0569444 0
0 0.545833 0 0.0416667 0
0 0.628472 0 0.0152778 0
0 0.511806 1 0.0569444 0
0 0.545833 0 0.0416667 0
0 0.627778 0 0.0166667 0
0 0.5125 1 0.0555556 0
0 0.545139 0 0.0430556 0
0 0.627778 0 0.0166667 0
0 0.5125 1 0.0555556 0
0 0.545833 0 0.0416667 0
0 0.627778 0 0.0166667 0
0 0.511806 1 0.0569444 0
0 0.545833 0 0.0416667 0
0 0.627778 0 0.0166667 0
0 0.5125 1 0.0555556 0
0 0.251389 0 0.0138889 0
0 0.545833 0 0.0416667 0
0 0.627778 0 0.0166667 0
0 0.5125 1 0.0555556 0
0 0.378472 0 0.0152778 0
0 0.250694 0 0.0152778 0
0 0.545833 0 0.0416667 0
0 0.628472 0 0.0180556 0
0 0.5125 1 0.0555556 0
0 0.251389 0 0.0138889 0
0 0.545833 0 0.0416667 0
0 0.627778 0 0.0166667 0
0 0.5125 1 0.0555556 0
0 0.545833 0 0.0416667 0
0 0.628472 0 0.0180556 0
0 0.5125 1 0.0555556 0
0 0.545833 0 0.0416667 0
0 0.628472 0 0.0180556 0
0 0.5125 1 0.0555556 0
0 0.628472 0 0.0180556 0
0 0.5125 1 0.0555556 0
0 0.545833 0 0.0416667 0
0 0.628472 0 0.0180556 0
0 0.513194 1 0.0569444 0
0 0.629167 0 0.0166667 0
0 0.513194 1 0.0569444 0
0 0.756944 0 0.0138889 0
0 0.545833 0 0.0416667 0
0 0.628472 0 0.0152778 0
0 0.513194 1 0.0569444 0
0 0.545833 0 0.0416667 0
0 0.629167 0 0.0166667 0
0 0.756944 0 0.0138889 0
0 0.513194 1 0.0569444 0
0 0.546528 0 0.0430556 0
0 0.756944 0 0.0138889 0
0 0.628472 0 0.0152778 0
0 0.513194 1 0.0569444 0
0 0.545833 0 0.0416667 0
0 0.756944 0 0.0138889 0
0 0.628472 0 0.0152778 0
0 0.513194 1 0.0569444 0
0 0.545833 0 0.0416667 0
0 0.756944 0 0.0138889 0
0 0.629167 0 0.0166667 0
0 0.513194 1 0.0569444 0
0 0.628472 0 0.0152778 0
0 0.546528 0 0.0430556 0
0 0.513194 1 0.0569444 0
0 0.513194 1 0.0569444 0
0 0.756944 0 0.0138889 0
0 0.513194 1 0.0569444 0
0 0.547222 0 0.0416667 0
0 0.513194 1 0.0569444 0
0 0.546528 0 0.0402778 0
0 0.513194 1 0.0569444 0
0 0.513889 1 0.0555556 0
0 0.513889 1 0.0555556 0
0 0.513889 1 0.0555556 0
0 0.513889 1 0.0555556 0
0 0.513889 1 0.0555556 0
0 0.379167 0 0.0166667 0
0 0.513889 1 0.0555556 0
0 0.545833 0 0.0388889 0
0 0.513889 1 0.0555556 0
0 0.379861 0 0.0152778 0
0 0.513889 1 0.0555556 0
0 0.546528 0 0.0375 0
0 0.629167 0 0.0138889 0
0 0.379861 0 0.0152778 0
0 0.514583 1 0.0569444 0
0 0.629167 0 0.0138889 0
0 0.379861 0 0.0152778 0
0 0.515278 1 0.0555556 0
0 0.629861 0 0.0152778 0
0 0.547222 0 0.0416667 0
0 0.515278 1 0.0555556 0
0 0.546528 0 0.0402778 0
0 0.629167 0 0.0138889 0
0 0.515278 1 0.0555556 0
0 0.379861 0 0.0180556 0
0 0.546528 0 0.0402778 0
0 0.515278 1 0.0555556 0
0 0.547222 0 0.0416667 0
0 0.629167 0 0.0138889 0
0 0.515278 1 0.0555556 0
0 0.629167 0 0.0138889 0
0 0.546528 0 0.0402778 0
0 0.515278 1 0.0555556 0
0 0.379861 0 0.0180556 0
0 0.756944 0 0.0138889 0
0 0.547222 0 0.0416667 0
0 0.515278 1 0.0555556 0
0 0.629861 0 0.0152778 0
0 0.547222 0 0.0416667 0
0 0.515278 1 0.0555556 0
0 0.756944 0 0.0138889 0
0 0.547222 0 0.0416667 0
0 0.515278 1 0.0555556 0
0 0.629861 0 0.0152778 0
0 0.546528 0 0.0402778 0
0 0.515278 1 0.0555556 0
0 0.380556 0 0.0166667 0
0 0.629167 0 0.0166667 0
0 0.547222 0 0.0416667 0
0 0.756944 0 0.0138889 0
0 0.515278 1 0.0555556 0
0 0.629167 0 0.0166667 0
0 0.547222 0 0.0416667 0
0 0.516667 1 0.0555556 0
0 0.547222 0 0.0416667 0
0 0.629167 0 0.0138889 0
0 0.516667 1 0.0555556 0
0 0.547222 0 0.0416667 0
0 0.629167 0 0.0138889 0
0 0.516667 1 0.0555556 0
0 0.547222 0 0.0416667 0
0 0.629167 0 0.0138889 0
0 0.516667 1 0.0555556 0
0 0.629167 0 0.0166667 0
0 0.756944 0 0.0138889 0
0 0.546528 0 0.0430556 0
0 0.516667 1 0.0555556 0
0 0.629861 0 0.0180556 0
0 0.547222 0 0.0416667 0
0 0.756944 0 0.0138889 0
0 0.516667 1 0.0555556 0
0 0.629861 0 0.0180556 0
0 0.546528 0 0.0402778 0
0 0.756944 0 0.0138889 0
0 0.516667 1 0.0555556 0
0 0.629861 0 0.0180556 0
0 0.756944 0 0.0138889 0
0 0.547917 0 0.0430556 0
0 0.516667 1 0.0555556 0
0 0.629861 0 0.0180556 0
0 0.547222 0 0.0416667 0
0 0.756944 0 0.0138889 0
0 0.516667 1 0.0555556 0
0 0.629861 0 0.0152778 0
0 0.547917 0 0.0430556 0
0 0.756944 0 0.0138889 0
0 0.516667 1 0.0555556 0
0 0.547917 0 0.0430556 0
0 0.756944 0 0.0138889 0
0 0.516667 1 0.0555556 0
0 0.545833 0 0.0388889 0
0 0.756944 0 0.0138889 0
0 0.516667 1 0.0555556 0
0 0.629861 0 0.0180556 0
0 0.547222 0 0.0416667 0
0 0.756944 0 0.0138889 0
0 0.516667 1 0.0555556 0
0 0.546528 0 0.0402778 0
0 0.756944 0 0.0138889 0
0 0.516667 1 0.0555556 0
0 0.545833 0 0.0388889 0
0 0.756944 0 0.0138889 0
0 0.516667 1 0.0555556 0
0 0.545833 0 0.0388889 0
0 0.756944 0 0.0138889 0
0 0.516667 1 0.0555556 0
0 0.545833 0 0.0388889 0
0 0.756944 0 0.0138889 0
0 0.516667 1 0.0555556 0
0 0.545833 0 0.0388889 0
0 0.756944 0 0.0138889 0
0 0.516667 1 0.0555556 0
0 0.545833 0 0.0388889 0
0 0.756944 0 0.0138889 0
0 0.516667 1 0.0555556 0
0 0.545833 0 0.0388889 0
0 0.756944 0 0.0138889 0
0 0.516667 1 0.0555556 0
0 0.545833 0 0.0388889 0
0 0.756944 0 0.0138889 0
0 0.516667 1 0.0555556 0
0 0.545833 0 0.0388889 0
0 0.756944 0 0.0138889 0
0 0.516667 1 0.0555556 0
0 0.545833 0 0.0388889 0
0 0.756944 0 0.0138889 0
0 0.516667 1 0.0555556 0
0 0.545833 0 0.0388889 0
0 0.756944 0 0.0138889 0
0 0.516667 1 0.0555556 0
0 0.545833 0 0.0388889 0
0 0.756944 0 0.0138889 0
0 0.516667 1 0.0555556 0
0 0.545833 0 0.0388889 0
0 0.756944 0 0.0138889 0
0 0.516667 1 0.0555556 0
0 0.545833 0 0.0388889 0
0 0.756944 0 0.0138889 0
0 0.516667 1 0.0555556 0
0 0.545833 0 0.0388889 0
0 0.756944 0 0.0138889 0
0 0.516667 1 0.0555556 0
0 0.545833 0 0.0388889 0
0 0.756944 0 0.0138889 0
0 0.516667 1 0.0555556 0
0 0.545833 0 0.0388889 0
0 0.756944 0 0.0138889 0
0 0.516667 1 0.0555556 0
0 0.545833 0 0.0388889 0
0 0.756944 0 0.0138889 0
0 0.516667 1 0.0555556 0
0 0.629861 0 0.0152778 0
0 0.756944 0 0.0138889 0
0 0.547222 0 0.0444444 0
0 0.516667 1 0.0555556 0
0 0.379861 0 0.0152778 0
0 0.630556 0 0.0166667 0
0 0.756944 0 0.0138889 0
0 0.547222 0 0.0444444 0
0 0.516667 1 0.0555556 0
0 0.630556 0 0.0166667 0
0 0.547222 0 0.0444444 0
0 0.756944 0 0.0138889 0
0 0.516667 1 0.0555556 0
0 0.629167 0 0.0166667 0
0 0.756944 0 0.0138889 0
0 0.547222 0 0.0444444 0
0 0.516667 1 0.0555556 0
0 0.756944 0 0.0138889 0
0 0.547222 0 0.0444444 0
0 0.516667 1 0.0555556 0
0 0.629167 0 0.0138889 0
0 0.546528 0 0.0430556 0
0 0.756944 0 0.0138889 0
0 0.516667 1 0.0555556 0
0 0.629167 0 0.0138889 0
0 0.546528 0 0.0430556 0
0 0.756944 0 0.0138889 0
0 0.516667 1 0.0555556 0
0 0.629167 0 0.0138889 0
0 0.547222 0 0.0444444 0
0 0.756944 0 0.0138889 0
0 0.516667 1 0.0555556 0
0 0.629167 0 0.0138889 0
0 0.546528 0 0.0430556 0
0 0.756944 0 0.0138889 0
0 0.516667 1 0.0555556 0
0 0.629167 0 0.0138889 0
0 0.756944 0 0.0138889 0
0 0.546528 0 0.0430556 0
0 0.516667 1 0.0555556 0
0 0.756944 0 0.0138889 0
0 0.629167 0 0.0138889 0
0 0.546528 0 0.0430556 0
0 0.516667 1 0.0555556 0
0 0.629167 0 0.0138889 0
0 0.756944 0 0.0138889 0
0 0.546528 0 0.0430556 0
0 0.516667 1 0.0555556 0
0 0.629167 0 0.0138889 0
0 0.756944 0 0.0138889 0
0 0.546528 0 0.0430556 0
0 0.516667 1 0.0555556 0
0 0.629167 0 0.0138889 0
0 0.547222 0 0.0416667 0
0 0.516667 1 0.0555556 0
0 0.629167 0 0.0138889 0
0 0.545833 0 0.0416667 0
0 0.516667 1 0.0555556 0
0 0.629167 0 0.0166667 0
0 0.545833 0 0.0388889 0
0 0.516667 1 0.0555556 0
0 0.546528 0 0.0402778 0
0 0.629861 0 0.0152778 0
0 0.516667 1 0.0555556 0
0 0.629167 0 0.0138889 0
0 0.545833 0 0.0388889 0
0 0.516667 1 0.0555556 0
0 0.629167 0 0.0138889 0
0 0.545833 0 0.0388889 0
0 0.516667 1 0.0555556 0
0 0.545833 0 0.0388889 0
0 0.629167 0 0.0138889 0
0 0.516667 1 0.0555556 0
0 0.629167 0 0.0138889 0
0 0.546528 0 0.0430556 0
0 0.516667 1 0.0555556 0
0 0.629167 0 0.0138889 0
0 0.546528 0 0.0402778 0
0 0.516667 1 0.0555556 0
0 0.756944 0 0.0138889 0
0 0.547222 0 0.0416667 0
0 0.516667 1 0.0555556 0
0 0.756944 0 0.0138889 0
0 0.547222 0 0.0416667 0
0 0.516667 1 0.0555556 0
0 0.629861 0 0.0152778 0
0 0.546528 0 0.0430556 0
0 0.516667 1 0.0555556 0
0 0.756944 0 0.0138889 0
0 0.547222 0 0.0416667 0
0 0.516667 1 0.0555556 0
0 0.756944 0 0.0138889 0
0 0.547222 0 0.0416667 0
0 0.516667 1 0.0555556 0
0 0.629167 0 0.0138889 0
0 0.547222 0 0.0416667 0
0 0.756944 0 0.0138889 0
0 0.516667 1 0.0555556 0
0 0.629167 0 0.0138889 0
0 0.546528 0 0.0430556 0
0 0.756944 0 0.0138889 0
0 0.516667 1 0.0555556 0
0 0.547222 0 0.0444444 0
0 0.516667 1 0.0555556 0
0 0.629861 0 0.0152778 0
0 0.756944 0 0.0138889 0
0 0.547222 0 0.0444444 0
0 0.516667 1 0.0555556 0
0 0.756944 0 0.0138889 0
0 0.547222 0 0.0444444 0
0 0.516667 1 0.0555556 0
0 0.629167 0 0.0138889 0
0 0.547222 0 0.0444444 0
0 0.756944 0 0.0138889 0
0 0.516667 1 0.0555556 0
0 0.629167 0 0.0138889 0
0 0.547222 0 0.0444444 0
0 0.756944 0 0.0138889 0
0 0.516667 1 0.0555556 0
0 0.380556 0 0.0138889 0
0 0.629167 0 0.0138889 0
0 0.547222 0 0.0444444 0
0 0.756944 0 0.0138889 0
0 0.516667 1 0.0555556 0
0 0.756944 0 0.0138889 0
0 0.547222 0 0.0416667 0
0 0.515278 1 0.0555556 0
0 0.545833 0 0.0388889 0
0 0.756944 0 0.0138889 0
0 0.515278 1 0.0555556 0
0 0.630556 0 0.0166667 0
0 0.547222 0 0.0416667 0
0 0.756944 0 0.0138889 0
0 0.515278 1 0.0555556 0
0 0.545833 0 0.0388889 0
0 0.756944 0 0.0138889 0
0 0.515278 1 0.0555556 0
0 0.629861 0 0.0180556 0
0 0.546528 0 0.0402778 0
0 0.756944 0 0.0138889 0
0 0.515278 1 0.0555556 0
0 0.756944 0 0.0138889 0
0 0.547917 0 0.0430556 0
0 0.515278 1 0.0555556 0
0 0.756944 0 0.0138889 0
0 0.379861 0 0.0152778 0
0 0.546528 0 0.0375 0
0 0.515278 1 0.0555556 0
0 0.547222 0 0.0416667 0
0 0.756944 0 0.0138889 0
0 0.515278 1 0.0555556 0
0 0.546528 0 0.0375 0
0 0.756944 0 0.0138889 0
0 0.515278 1 0.0555556 0
0 0.547222 0 0.0416667 0
0 0.756944 0 0.0138889 0
0 0.515278 1 0.0555556 0
0 0.756944 0 0.0138889 0
0 0.546528 0 0.0430556 0
0 0.515278 1 0.0555556 0
0 0.547222 0 0.0444444 0
0 0.756944 0 0.0138889 0
0 0.515278 1 0.0555556 0
0 0.546528 0 0.0430556 0
0 0.756944 0 0.0138889 0
0 0.515278 1 0.0555556 0
0 0.547222 0 0.0444444 0
0 0.756944 0 0.0138889 0
0 0.515278 1 0.0555556 0
0 0.546528 0 0.0430556 0
0 0.756944 0 0.0138889 0
0 0.515278 1 0.0555556 0
0 0.546528 0 0.0430556 0
0 0.756944 0 0.0138889 0
0 0.515278 1 0.0555556 0
0 0.546528 0 0.0430556 0
0 0.756944 0 0.0138889 0
0 0.515278 1 0.0555556 0
0 0.547222 0 0.0444444 0
0 0.756944 0 0.0138889 0
0 0.515278 1 0.0555556 0
0 0.547222 0 0.0444444 0
0 0.756944 0 0.0138889 0
0 0.515278 1 0.0555556 0
0 0.547222 0 0.0444444 0
0 0.756944 0 0.0138889 0
0 0.515278 1 0.0555556 0
0 0.546528 0 0.0430556 0
0 0.756944 0 0.0138889 0
0 0.515278 1 0.0555556 0
0 0.629167 0 0.0166667 0
0 0.546528 0 0.0458333 0
0 0.756944 0 0.0138889 0
0 0.515278 1 0.0555556 0
0 0.629861 0 0.0180556 0
0 0.547917 0 0.0458333 0
0 0.756944 0 0.0138889 0
0 0.515278 1 0.0555556 0
0 0.629167 0 0.0166667 0
0 0.547222 0 0.0444444 0
0 0.756944 0 0.0138889 0
0 0.515278 1 0.0555556 0
0 0.629167 0 0.0166667 0
0 0.547222 0 0.0444444 0
0 0.756944 0 0.0138889 0
0 0.515278 1 0.0555556 0
0 0.629861 0 0.0180556 0
0 0.547222 0 0.0444444 0
0 0.756944 0 0.0138889 0
0 0.515278 1 0.0555556 0
0 0.546528 0 0.0430556 0
0 0.629167 0 0.0166667 0
0 0.756944 0 0.0138889 0
0 0.515278 1 0.0555556 0
0 0.547222 0 0.0444444 0
0 0.629167 0 0.0166667 0
0 0.756944 0 0.0138889 0
0 0.515278 1 0.0555556 0
0 0.546528 0 0.0430556 0
0 0.629167 0 0.0166667 0
0 0.756944 0 0.0138889 0
0 0.515278 1 0.0555556 0
0 0.546528 0 0.0430556 0
0 0.629167 0 0.0166667 0
0 0.756944 0 0.0138889 0
0 0.515278 1 0.0555556 0
0 0.546528 0 0.0430556 0
0 0.629167 0 0.0166667 0
0 0.756944 0 0.0138889 0
0 0.515278 1 0.0555556 0
0 0.629167 0 0.0166667 0
0 0.546528 0 0.0430556 0
0 0.756944 0 0.0138889 0
0 0.515278 1 0.0555556 0
0 0.546528 0 0.0430556 0
0 0.756944 0 0.0138889 0
0 0.515278 1 0.0555556 0
0 0.629167 0 0.0166667 0
0 0.546528 0 0.0430556 0
0 0.756944 0 0.0138889 0
0 0.515278 1 0.0555556 0
0 0.546528 0 0.0430556 0
0 0.756944 0 0.0138889 0
0 0.515278 1 0.0555556 0
0 0.629167 0 0.0166667 0
0 0.546528 0 0.0430556 0
0 0.756944 0 0.0138889 0
0 0.515278 1 0.0555556 0
0 0.628472 0 0.0152778 0
0 0.546528 0 0.0430556 0
0 0.756944 0 0.0138889 0
0 0.515278 1 0.0555556 0
0 0.546528 0 0.0402778 0
0 0.756944 0 0.0138889 0
0 0.514583 1 0.0569444 0
0 0.545833 0 0.0416667 0
0 0.756944 0 0.0138889 0
0 0.514583 1 0.0569444 0
0 0.629167 0 0.0166667 0
0 0.546528 0 0.0402778 0
0 0.756944 0 0.0138889 0
0 0.514583 1 0.0569444 0
0 0.546528 0 0.0402778 0
0 0.756944 0 0.0138889 0
0 0.514583 1 0.0569444 0
0 0.546528 0 0.0402778 0
0 0.756944 0 0.0138889 0
0 0.514583 1 0.0569444 0
0 0.546528 0 0.0430556 0
0 0.756944 0 0.0138889 0
0 0.514583 1 0.0569444 0
0 0.546528 0 0.0430556 0
0 0.756944 0 0.0138889 0
0 0.514583 1 0.0569444 0
0 0.546528 0 0.0430556 0
0 0.756944 0 0.0138889 0
0 0.514583 1 0.0569444 0
0 0.545833 0 0.0416667 0
0 0.756944 0 0.0138889 0
0 0.514583 1 0.0569444 0
0 0.628472 0 0.0152778 0
0 0.545833 0 0.0416667 0
0 0.251389 0 0.0138889 0
0 0.756944 0 0.0138889 0
0 0.514583 1 0.0569444 0
0 0.545139 0 0.0402778 0
0 0.251389 0 0.0138889 0
0 0.628472 0 0.0152778 0
0 0.756944 0 0.0138889 0
0 0.514583 1 0.0569444 0
0 0.250694 0 0.0152778 0
0 0.545139 0 0.0402778 0
0 0.628472 0 0.0152778 0
0 0.756944 0 0.0138889 0
0 0.514583 1 0.0569444 0
0 0.628472 0 0.0152778 0
0 0.756944 0 0.0138889 0
0 0.514583 1 0.0569444 0
0 0.756944 0 0.0138889 0
0 0.250694 0 0.0152778 0
0 0.513889 1 0.0555556 0
0 0.545139 0 0.0402778 0
0 0.628472 0 0.0152778 0
0 0.756944 0 0.0138889 0
0 0.513889 1 0.0555556 0
0 0.545139 0 0.0402778 0
0 0.628472 0 0.0152778 0
0 0.75625 0 0.0152778 0
0 0.513889 1 0.0555556 0
0 0.545139 0 0.0402778 0
0 0.628472 0 0.0152778 0
0 0.756944 0 0.0138889 0
0 0.513889 1 0.0555556 0
0 0.545139 0 0.0402778 0
0 0.75625 0 0.0152778 0
0 0.628472 0 0.0152778 0
0 0.513889 1 0.0555556 0
0 0.545139 0 0.0402778 0
0 0.378472 0 0.0152778 0
0 0.75625 0 0.0152778 0
0 0.628472 0 0.0152778 0
0 0.513194 1 0.0569444 0
0 0.544444 0 0.0416667 0
0 0.627778 0 0.0166667 0
0 0.513194 1 0.0569444 0
0 0.544444 0 0.0416667 0
0 0.628472 0 0.0152778 0
0 0.378472 0 0.0152778 0
0 0.513194 1 0.0569444 0
0 0.544444 0 0.0416667 0
0 0.627778 0 0.0166667 0
0 0.378472 0 0.0152778 0
0 0.513194 1 0.0569444 0
0 0.378472 0 0.0152778 0
0 0.544444 0 0.0416667 0
0 0.628472 0 0.0152778 0
0 0.513194 1 0.0569444 0
0 0.544444 0 0.0416667 0
0 0.627778 0 0.0166667 0
0 0.513194 1 0.0569444 0
0 0.75625 0 0.0152778 0
0 0.378472 0 0.0152778 0
0 0.627778 0 0.0166667 0
0 0.544444 0 0.0416667 0
0 0.513194 1 0.0569444 0
0 0.627778 0 0.0138889 0
0 0.545139 0 0.0430556 0
0 0.755556 0 0.0138889 0
0 0.513194 1 0.0569444 0
0 0.544444 0 0.0416667 0
0 0.513194 1 0.0569444 0
0 0.755556 0 0.0138889 0
0 0.545139 0 0.0430556 0
0 0.513194 1 0.0569444 0
0 0.544444 0 0.0416667 0
0 0.513194 1 0.0569444 0
0 0.628472 0 0.0180556 0
0 0.545139 0 0.0430556 0
0 0.513194 1 0.0569444 0
0 0.627778 0 0.0166667 0
0 0.544444 0 0.0416667 0
0 0.513194 1 0.0569444 0
0 0.755556 0 0.0138889 0
0 0.377778 0 0.0166667 0
0 0.544444 0 0.0416667 0
0 0.627778 0 0.0166667 0
0 0.513194 1 0.0569444 0
0 0.545139 0 0.0402778 0
0 0.513194 1 0.0569444 0
0 0.544444 0 0.0416667 0
0 0.628472 0 0.0180556 0
0 0.513194 1 0.0569444 0
0 0.755556 0 0.0138889 0
0 0.627778 0 0.0166667 0
0 0.544444 0 0.0416667 0
0 0.513194 1 0.0569444 0
0 0.377778 0 0.0166667 0
0 0.627778 0 0.0166667 0
0 0.544444 0 0.0416667 0
0 0.5125 1 0.0555556 0
0 0.377778 0 0.0166667 0
0 0.545139 0 0.0430556 0
0 0.627778 0 0.0166667 0
0 0.511806 1 0.0569444 0
0 0.544444 0 0.0416667 0
0 0.627778 0 0.0166667 0
0 0.511806 1 0.0569444 0
0 0.378472 0 0.0152778 0
0 0.545139 0 0.0430556 0
0 0.627778 0 0.0166667 0
0 0.511806 1 0.0569444 0
0 0.378472 0 0.0152778 0
0 0.545139 0 0.0430556 0
0 0.627778 0 0.0166667 0
0 0.511806 1 0.0569444 0
0 0.755556 0 0.0138889 0
0 0.627778 0 0.0166667 0
0 0.545139 0 0.0430556 0
0 0.511806 1 0.0569444 0
0 0.544444 0 0.0416667 0
0 0.627778 0 0.0166667 0
0 0.511806 1 0.0569444 0
0 0.545139 0 0.0430556 0
0 0.627083 0 0.0152778 0
0 0.511806 1 0.0569444 0
0 0.545139 0 0.0402778 0
0 0.627083 0 0.0152778 0
0 0.511806 1 0.0569444 0
0 0.544444 0 0.0416667 0
0 0.627778 0 0.0138889 0
0 0.511806 1 0.0569444 0
0 0.545139 0 0.0430556 0
0 0.627083 0 0.0152778 0
0 0.511111 1 0.0555556 0
0 0.544444 0 0.0444444 0
0 0.627778 0 0.0138889 0
0 0.511111 1 0.0555556 0
0 0.545139 0 0.0430556 0
0 0.627083 0 0.0152778 0
0 0.511111 1 0.0555556 0
0 0.545139 0 0.0430556 0
0 0.627778 0 0.0138889 0
0 0.511111 1 0.0555556 0
0 0.627083 0 0.0152778 0
0 0.545139 0 0.0430556 0
0 0.511111 1 0.0555556 0
0 0.544444 0 0.0444444 0
0 0.627778 0 0.0138889 0
0 0.511111 1 0.0555556 0
0 0.544444 0 0.0416667 0
0 0.628472 0 0.0152778 0
0 0.510417 1 0.0569444 0
0 0.544444 0 0.0416667 0
0 0.377778 0 0.0138889 0
0 0.627778 0 0.0138889 0
0 0.510417 1 0.0569444 0
0 0.378472 0 0.0152778 0
0 0.544444 0 0.0416667 0
0 0.627778 0 0.0138889 0
0 0.510417 1 0.0569444 0
0 0.377778 0 0.0138889 0
0 0.544444 0 0.0416667 0
0 0.627778 0 0.0138889 0
0 0.510417 1 0.0569444 0
0 0.544444 0 0.0416667 0
0 0.378472 0 0.0152778 0
0 0.627778 0 0.0138889 0
0 0.510417 1 0.0569444 0
0 0.377778 0 0.0138889 0
0 0.544444 0 0.0416667 0
0 0.627778 0 0.0138889 0
0 0.510417 1 0.0597222 0
0 0.545139 0 0.0430556 0
0 0.627778 0 0.0138889 0
0 0.510417 1 0.0597222 0
0 0.544444 0 0.0416667 0
0 0.627778 0 0.0138889 0
0 0.510417 1 0.0597222 0
0 0.378472 0 0.0152778 0
0 0.544444 0 0.0416667 0
0 0.627778 0 0.0138889 0
0 0.510417 1 0.0597222 0
0 0.544444 0 0.0416667 0
0 0.627778 0 0.0138889 0
0 0.510417 1 0.0597222 0
0 0.54375 0 0.0430556 0
0 0.627778 0 0.0138889 0
0 0.510417 1 0.0597222 0
0 0.544444 0 0.0444444 0
0 0.627778 0 0.0138889 0
0 0.510417 1 0.0597222 0
0 0.544444 0 0.0444444 0
0 0.627778 0 0.0138889 0
0 0.510417 1 0.0597222 0
0 0.544444 0 0.0444444 0
0 0.627778 0 0.0138889 0
0 0.510417 1 0.0597222 0
0 0.54375 0 0.0430556 0
0 0.627778 0 0.0138889 0
0 0.510417 1 0.0569444 0
0 0.54375 0 0.0430556 0
0 0.627778 0 0.0138889 0
0 0.510417 1 0.0569444 0
0 0.378472 0 0.0152778 0
0 0.545139 0 0.0430556 0
0 0.627778 0 0.0138889 0
0 0.510417 1 0.0569444 0
0 0.378472 0 0.0152778 0
0 0.544444 0 0.0444444 0
0 0.627778 0 0.0138889 0
0 0.510417 1 0.0569444 0
0 0.378472 0 0.0152778 0
0 0.54375 0 0.0430556 0
0 0.627778 0 0.0138889 0
0 0.510417 1 0.0569444 0
0 0.378472 0 0.0152778 0
0 0.545139 0 0.0458333 0
0 0.627778 0 0.0138889 0
0 0.510417 1 0.0597222 0
0 0.378472 0 0.0152778 0
0 0.544444 0 0.0444444 0
0 0.627778 0 0.0138889 0
0 0.509722 1 0.0583333 0
0 0.544444 0 0.0444444 0
0 0.627778 0 0.0138889 0
0 0.509722 1 0.0583333 0
0 0.544444 0 0.0444444 0
0 0.627778 0 0.0138889 0
0 0.509722 1 0.0583333 0
0 0.378472 0 0.0152778 0
0 0.544444 0 0.0444444 0
0 0.627778 0 0.0138889 0
0 0.509722 1 0.0583333 0
0 0.545139 0 0.0458333 0
0 0.627778 0 0.0138889 0
0 0.509722 1 0.0583333 0
0 0.378472 0 0.0152778 0
0 0.544444 0 0.0416667 0
0 0.627778 0 0.0138889 0
0 0.509722 1 0.0583333 0
0 0.378472 0 0.0152778 0
0 0.545139 0 0.0430556 0
0 0.627778 0 0.0138889 0
0 0.509722 1 0.0583333 0
