0 0.566667 0 0.0111111 0
0 0.440278 0.5 0.0277778 1
0 0.566667 0 0.0111111 0
0 0.440278 0.5 0.0277778 1
0 0.440278 0.5 0.0277778 1
0 0.440278 0.5 0.0277778 1
0 0.440278 0.5 0.0277778 1
0 0.440278 0.5 0.0277778 1
0 0.566667 0 0.0111111 0
0 0.440278 0.5 0.0277778 1
0 0.440278 0.5 0.0277778 1
0 0.565972 0 0.00972222 0
0 0.440278 0.5 0.0277778 1
0 0.440278 0.5 0.0277778 1
0 0.566667 0 0.0111111 0
0 0.440278 0.5 0.0277778 1
0 0.565972 0 0.00972222 0
0 0.440278 0.5 0.0277778 1
0 0.440278 0.5 0.0277778 1
0 0.565972 0 0.00972222 0
0 0.440278 0.5 0.0277778 1
0 0.565972 0 0.00972222 0
0 0.501389 0 0.0361111 0
0 0.440278 0.5 0.0277778 1
0 0.440278 0.5 0.0277778 1
0 0.440278 0.5 0.0277778 1
0 0.440278 0.5 0.0277778 1
0 0.440278 0.5 0.0277778 1
0 0.440278 0.5 0.0277778 1
0 0.440278 0.5 0.0277778 1
0 0.440278 0.5 0.0277778 1
0 0.501389 0 0.0361111 0
0 0.565972 0 0.00972222 0
0 0.440278 0.5 0.0277778 1
0 0.500694 0 0.0347222 0
0 0.440278 0.5 0.0277778 1
0 0.440278 0.5 0.0277778 1
0 0.565972 0 0.00972222 0
0 0.440278 0.5 0.0277778 1
0 0.565972 0 0.00972222 0
0 0.440278 0.5 0.0277778 1
0 0.440278 0.5 0.0277778 1
0 0.440278 0.5 0.0277778 1
0 0.440278 0.5 0.0277778 1
0 0.500694 0 0.0347222 0
0 0.440278 0.5 0.0277778 1
0 0.500694 0 0.0347222 0
0 0.440278 0.5 0.0277778 1
0 0.565972 0 0.00972222 0
0 0.500694 0 0.0347222 0
0 0.440278 0.5 0.0277778 1
0 0.500694 0 0.0347222 0
0 0.440278 0.5 0.0277778 1
0 0.500694 0 0.0347222 0
0 0.440278 0.5 0.0277778 1
0 0.440278 0.5 0.0277778 1
0 0.440278 0.5 0.0277778 1
0 0.500694 0 0.0347222 0
0 0.440278 0.5 0.0277778 1
0 0.565972 0 0.00972222 0
0 0.500694 0 0.0347222 0
0 0.440278 0.5 0.0277778 1
0 0.565972 0 0.00972222 0
0 0.500694 0 0.0347222 0
0 0.440278 0.5 0.0277778 1
0 0.440278 0.5 0.0277778 1
0 0.440278 0.5 0.0277778 1
0 0.500694 0 0.0347222 0
0 0.440278 0.5 0.0277778 1
0 0.440278 0.5 0.0277778 1
0 0.440278 0.5 0.0277778 1
0 0.440278 0.5 0.0277778 1
0 0.500694 0 0.0347222 0
0 0.440278 0.5 0.0277778 1
0 0.440278 0.5 0.0277778 1
0 0.500694 0 0.0347222 0
0 0.440278 0.5 0.0277778 1
0 0.440278 0.5 0.0277778 1
0 0.440278 0.5 0.0277778 1
0 0.440278 0.5 0.0277778 1
0 0.440278 0.5 0.0277778 1
0 0.565972 0 0.00972222 0
0 0.500694 0 0.0347222 0
0 0.440278 0.5 0.0277778 1
0 0.440278 0.5 0.0277778 1
0 0.500694 0 0.0347222 0
0 0.440278 0.5 0.0277778 1
0 0.440278 0.5 0.0277778 1
0 0.440278 0.5 0.0277778 1
0 0.440278 0.5 0.0277778 1
0 0.500694 0 0.0347222 0
0 0.440278 0.5 0.0277778 1
0 0.500694 0 0.0347222 0
0 0.565972 0 0.00972222 0
0 0.440278 0.5 0.0277778 1
0 0.500694 0 0.0347222 0
0 0.440278 0.5 0.0277778 1
0 0.440278 0.5 0.0277778 1
0 0.440278 0.5 0.0277778 1
0 0.565972 0 0.00972222 0
0 0.500694 0 0.0347222 0
0 0.440278 0.5 0.0277778 1
0 0.500694 0 0.0347222 0
0 0.440278 0.5 0.0277778 1
0 0.440278 0.5 0.0277778 1
0 0.500694 0 0.0347222 0
0 0.440278 0.5 0.0277778 1
0 0.440278 0.5 0.0277778 1
0 0.440278 0.5 0.0277778 1
0 0.440278 0.5 0.0277778 1
0 0.440278 0.5 0.0277778 1
0 0.500694 0 0.0347222 0
0 0.440278 0.5 0.0277778 1
0 0.440278 0.5 0.0277778 1
0 0.440278 0.5 0.0277778 1
0 0.440278 0.5 0.0277778 1
0 0.440278 0.5 0.0277778 1
0 0.440278 0.5 0.0277778 1
0 0.440278 0.5 0.0277778 1
0 0.440278 0.5 0.0277778 1
0 0.565972 0 0.00972222 0
0 0.500694 0 0.0347222 0
0 0.440278 0.5 0.0277778 1
0 0.440278 0.5 0.0277778 1
0 0.500694 0 0.0347222 0
0 0.440278 0.5 0.0277778 1
0 0.440278 0.5 0.0277778 1
0 0.440278 0.5 0.0277778 1
0 0.440278 0.5 0.0277778 1
0 0.500694 0 0.0347222 0
0 0.440278 0.5 0.0277778 1
0 0.440278 0.5 0.0277778 1
0 0.500694 0 0.0347222 0
0 0.440278 0.5 0.0277778 1
0 0.440278 0.5 0.0277778 1
0 0.440278 0.5 0.0277778 1
0 0.500694 0 0.0347222 0
0 0.565972 0 0.00972222 0
0 0.440278 0.5 0.0277778 1
0 0.440278 0.5 0.0277778 1
0 0.500694 0 0.0347222 0
0 0.440278 0.5 0.0277778 1
0 0.440278 0.5 0.0277778 1
0 0.500694 0 0.0347222 0
0 0.440278 0.5 0.0277778 1
0 0.500694 0 0.0347222 0
0 0.440278 0.5 0.0277778 1
0 0.440278 0.5 0.0277778 1
0 0.440278 0.5 0.0277778 1
0 0.440278 0.5 0.0277778 1
0 0.500694 0 0.0347222 0
0 0.565972 0 0.00972222 0
0 0.440278 0.5 0.0277778 1
0 0.440278 0.5 0.0277778 1
0 0.440278 0.5 0.0277778 1
0 0.500694 0 0.0347222 0
0 0.440278 0.5 0.0277778 1
0 0.440278 0.5 0.0277778 1
0 0.440278 0.5 0.0277778 1
0 0.440278 0.5 0.0277778 1
0 0.565972 0 0.00972222 0
0 0.500694 0 0.0347222 0
0 0.440278 0.5 0.0277778 1
0 0.440278 0.5 0.0277778 1
0 0.500694 0 0.0347222 0
0 0.440278 0.5 0.0277778 1
0 0.440278 0.5 0.0277778 1
0 0.500694 0 0.0347222 0
0 0.440278 0.5 0.0277778 1
0 0.440278 0.5 0.0277778 1
0 0.500694 0 0.0347222 0
0 0.440278 0.5 0.0277778 1
0 0.440278 0.5 0.0277778 1
0 0.440278 0.5 0.0277778 1
0 0.500694 0 0.0347222 0
0 0.440278 0.5 0.0277778 1
0 0.440278 0.5 0.0277778 1
0 0.500694 0 0.0347222 0
0 0.440278 0.5 0.0277778 1
0 0.440278 0.5 0.0277778 1
0 0.500694 0 0.0347222 0
0 0.440278 0.5 0.0277778 1
0 0.440278 0.5 0.0277778 1
0 0.500694 0 0.0347222 0
0 0.440278 0.5 0.0277778 1
0 0.440278 0.5 0.0277778 1
0 0.440278 0.5 0.0277778 1
0 0.565972 0 0.00972222 0
0 0.500694 0 0.0347222 0
0 0.440278 0.5 0.0277778 1
0 0.440278 0.5 0.0277778 1
0 0.500694 0 0.0347222 0
0 0.440278 0.5 0.0277778 1
0 0.440278 0.5 0.0277778 1
0 0.500694 0 0.0347222 0
0 0.440278 0.5 0.0277778 1
0 0.565972 0 0.00972222 0
0 0.500694 0 0.0347222 0
0 0.440278 0.5 0.0277778 1
0 0.500694 0 0.0347222 0
0 0.440278 0.5 0.0277778 1
0 0.440278 0.5 0.0277778 1
0 0.440278 0.5 0.0277778 1
0 0.440278 0.5 0.0277778 1
0 0.440278 0.5 0.0277778 1
0 0.440278 0.5 0.0277778 1
0 0.500694 0 0.0347222 0
0 0.440278 0.5 0.0277778 1
0 0.440278 0.5 0.0277778 1
0 0.440278 0.5 0.0277778 1
0 0.440278 0.5 0.0277778 1
0 0.440278 0.5 0.0277778 1
0 0.565972 0 0.00972222 0
0 0.500694 0 0.0347222 0
0 0.440278 0.5 0.0277778 1
0 0.440278 0.5 0.0277778 1
0 0.500694 0 0.0347222 0
0 0.440278 0.5 0.0277778 1
0 0.440278 0.5 0.0277778 1
0 0.440278 0.5 0.0277778 1
0 0.500694 0 0.0347222 0
0 0.440278 0.5 0.0277778 1
0 0.440278 0.5 0.0277778 1
0 0.440278 0.5 0.0277778 1
0 0.440278 0.5 0.0277778 1
0 0.500694 0 0.0347222 0
0 0.565972 0 0.00972222 0
0 0.440278 0.5 0.0277778 1
0 0.440278 0.5 0.0277778 1
0 0.500694 0 0.0347222 0
0 0.440278 0.5 0.0277778 1
0 0.440278 0.5 0.0277778 1
0 0.500694 0 0.0347222 0
0 0.440278 0.5 0.0277778 1
0 0.440278 0.5 0.0277778 1
0 0.440278 0.5 0.0277778 1
0 0.440278 0.5 0.0277778 1
0 0.440278 0.5 0.0277778 1
0 0.500694 0 0.0347222 0
0 0.440278 0.5 0.0277778 1
0 0.440278 0.5 0.0277778 1
0 0.500694 0 0.0347222 0
0 0.440278 0.5 0.0277778 1
0 0.440278 0.5 0.0277778 1
0 0.500694 0 0.0347222 0
0 0.440278 0.5 0.0277778 1
0 0.440278 0.5 0.0277778 1
0 0.440278 0.5 0.0277778 1
0 0.440278 0.5 0.0277778 1
0 0.440278 0.5 0.0277778 1
0 0.500694 0 0.0347222 0
0 0.440278 0.5 0.0277778 1
0 0.440278 0.5 0.0277778 1
0 0.440278 0.5 0.0277778 1
0 0.440278 0.5 0.0277778 1
0 0.440278 0.5 0.0277778 1
0 0.440278 0.5 0.0277778 1
0 0.440278 0.5 0.0277778 1
0 0.500694 0 0.0347222 0
0 0.565972 0 0.00972222 0
0 0.440278 0.5 0.0277778 1
0 0.440278 0.5 0.0277778 1
0 0.500694 0 0.0347222 0
0 0.440278 0.5 0.0277778 1
0 0.440278 0.5 0.0277778 1
0 0.440278 0.5 0.0277778 1
0 0.500694 0 0.0347222 0
0 0.440278 0.5 0.0277778 1
0 0.440278 0.5 0.0277778 1
0 0.440278 0.5 0.0277778 1
0 0.440278 0.5 0.0277778 1
0 0.565972 0 0.00972222 0
0 0.500694 0 0.0347222 0
0 0.440278 0.5 0.0277778 1
0 0.440278 0.5 0.0277778 1
0 0.440278 0.5 0.0277778 1
0 0.440278 0.5 0.0277778 1
0 0.440278 0.5 0.0277778 1
0 0.500694 0 0.0347222 0
0 0.440278 0.5 0.0277778 1
0 0.440278 0.5 0.0277778 1
0 0.440278 0.5 0.0277778 1
0 0.440278 0.5 0.0277778 1
0 0.440278 0.5 0.0277778 1
0 0.440278 0.5 0.0277778 1
0 0.440278 0.5 0.0277778 1
0 0.440278 0.5 0.0277778 1
0 0.440278 0.5 0.0277778 1
0 0.565972 0 0.00972222 0
0 0.500694 0 0.0347222 0
0 0.440278 0.5 0.0277778 1
0 0.440278 0.5 0.0277778 1
0 0.440278 0.5 0.0277778 1
0 0.565972 0 0.00972222 0
0 0.500694 0 0.0347222 0
0 0.440278 0.5 0.0277778 1
0 0.565972 0 0.00972222 0
0 0.500694 0 0.0347222 0
0 0.440278 0.5 0.0277778 1
0 0.440278 0.5 0.0277778 1
0 0.500694 0 0.0347222 0
0 0.440278 0.5 0.0277778 1
0 0.440278 0.5 0.0277778 1
0 0.440278 0.5 0.0277778 1
0 0.440278 0.5 0.0277778 1
0 0.565972 0 0.00972222 0
0 0.500694 0 0.0347222 0
0 0.440278 0.5 0.0277778 1
0 0.440278 0.5 0.0277778 1
0 0.500694 0 0.0347222 0
0 0.565972 0 0.00972222 0
0 0.440278 0.5 0.0277778 1
0 0.440278 0.5 0.0277778 1
0 0.500694 0 0.0347222 0
0 0.440278 0.5 0.0277778 1
0 0.440278 0.5 0.0277778 1
0 0.440278 0.5 0.0277778 1
0 0.440278 0.5 0.0277778 1
0 0.440278 0.5 0.0277778 1
0 0.440278 0.5 0.0277778 1
0 0.440278 0.5 0.0277778 1
0 0.500694 0 0.0347222 0
0 0.565972 0 0.00972222 0
0 0.440278 0.5 0.0277778 1
0 0.440278 0.5 0.0277778 1
0 0.440278 0.5 0.0277778 1
0 0.440278 0.5 0.0277778 1
0 0.440278 0.5 0.0277778 1
0 0.440278 0.5 0.0277778 1
0 0.440278 0.5 0.0277778 1
0 0.440278 0.5 0.0277778 1
0 0.440278 0.5 0.0277778 1
0 0.440278 0.5 0.0277778 1
0 0.440278 0.5 0.0277778 1
0 0.440278 0.5 0.0277778 1
0 0.500694 0 0.0347222 0
0 0.440278 0.5 0.0277778 1
0 0.440278 0.5 0.0277778 1
0 0.440278 0.5 0.0277778 1
0 0.440278 0.5 0.0277778 1
0 0.440278 0.5 0.0277778 1
0 0.500694 0 0.0347222 0
0 0.565972 0 0.00972222 0
0 0.440278 0.5 0.0277778 1
0 0.440278 0.5 0.0277778 1
0 0.500694 0 0.0347222 0
0 0.440278 0.5 0.0277778 1
0 0.440278 0.5 0.0277778 1
0 0.440278 0.5 0.0277778 1
0 0.440278 0.5 0.0277778 1
0 0.440278 0.5 0.0277778 1
0 0.440278 0.5 0.0277778 1
0 0.440278 0.5 0.0277778 1
0 0.565972 0 0.00972222 0
0 0.500694 0 0.0347222 0
0 0.440278 0.5 0.0277778 1
0 0.440278 0.5 0.0277778 1
0 0.500694 0 0.0347222 0
0 0.440278 0.5 0.0277778 1
0 0.440278 0.5 0.0277778 1
0 0.440278 0.5 0.0277778 1
0 0.440278 0.5 0.0277778 1
0 0.440278 0.5 0.0277778 1
0 0.440278 0.5 0.0277778 1
0 0.440278 0.5 0.0277778 1
0 0.565972 0 0.00972222 0
0 0.500694 0 0.0347222 0
0 0.440278 0.5 0.0277778 1
0 0.440278 0.5 0.0277778 1
0 0.500694 0 0.0347222 0
0 0.440278 0.5 0.0277778 1
0 0.440278 0.5 0.0277778 1
0 0.500694 0 0.0347222 0
0 0.440278 0.5 0.0277778 1
0 0.440278 0.5 0.0277778 1
0 0.440278 0.5 0.0277778 1
0 0.440278 0.5 0.0277778 1
0 0.440278 0.5 0.0277778 1
0 0.500694 0 0.0347222 0
0 0.440278 0.5 0.0277778 1
0 0.500694 0 0.0347222 0
0 0.440278 0.5 0.0277778 1
0 0.440278 0.5 0.0277778 1
0 0.440278 0.5 0.0277778 1
0 0.500694 0 0.0347222 0
0 0.565972 0 0.00972222 0
0 0.440278 0.5 0.0277778 1
0 0.440278 0.5 0.0277778 1
0 0.440278 0.5 0.0277778 1
0 0.440278 0.5 0.0277778 1
0 0.500694 0 0.0347222 0
0 0.440278 0.5 0.0277778 1
0 0.500694 0 0.0347222 0
0 0.440278 0.5 0.0277778 1
0 0.500694 0 0.0347222 0
0 0.440278 0.5 0.0277778 1
0 0.440278 0.5 0.0277778 1
0 0.500694 0 0.0347222 0
0 0.440278 0.5 0.0277778 1
0 0.440278 0.5 0.0277778 1
0 0.440278 0.5 0.0277778 1
0 0.440278 0.5 0.0277778 1
0 0.500694 0 0.0347222 0
0 0.565972 0 0.00972222 0
0 0.440278 0.5 0.0277778 1
0 0.440278 0.5 0.0277778 1
0 0.440278 0.5 0.0277778 1
0 0.440278 0.5 0.0277778 1
0 0.440278 0.5 0.0277778 1
0 0.440278 0.5 0.0277778 1
0 0.440278 0.5 0.0277778 1
0 0.440278 0.5 0.0277778 1
0 0.440278 0.5 0.0277778 1
0 0.440278 0.5 0.0277778 1
0 0.440278 0.5 0.0277778 1
0 0.440278 0.5 0.0277778 1
0 0.565972 0 0.00972222 0
0 0.500694 0 0.0347222 0
0 0.440278 0.5 0.0277778 1
0 0.440278 0.5 0.0277778 1
0 0.565972 0 0.00972222 0
0 0.440278 0.5 0.0277778 1
0 0.440278 0.5 0.0277778 1
0 0.440278 0.5 0.0277778 1
0 0.500694 0 0.0347222 0
0 0.440278 0.5 0.0277778 1
0 0.440278 0.5 0.0277778 1
0 0.440278 0.5 0.0277778 1
0 0.500694 0 0.0347222 0
0 0.440278 0.5 0.0277778 1
0 0.440278 0.5 0.0277778 1
0 0.440278 0.5 0.0277778 1
0 0.440278 0.5 0.0277778 1
0 0.440278 0.5 0.0277778 1
0 0.440278 0.5 0.0277778 1
0 0.440278 0.5 0.0277778 1
0 0.500694 0 0.0347222 0
0 0.440278 0.5 0.0277778 1
0 0.440278 0.5 0.0277778 1
0 0.440278 0.5 0.0277778 1
0 0.440278 0.5 0.0277778 1
0 0.500694 0 0.0347222 0
0 0.440278 0.5 0.0277778 1
0 0.440278 0.5 0.0277778 1
0 0.500694 0 0.0347222 0
0 0.440278 0.5 0.0277778 1
0 0.440278 0.5 0.0277778 1
0 0.440278 0.5 0.0277778 1
0 0.440278 0.5 0.0277778 1
0 0.440278 0.5 0.0277778 1
0 0.440278 0.5 0.0277778 1
0 0.440278 0.5 0.0277778 1
0 0.565972 0 0.00972222 0
0 0.500694 0 0.0347222 0
0 0.440278 0.5 0.0277778 1
0 0.440278 0.5 0.0277778 1
0 0.500694 0 0.0347222 0
0 0.440278 0.5 0.0277778 1
0 0.440278 0.5 0.0277778 1
0 0.440278 0.5 0.0277778 1
0 0.440278 0.5 0.0277778 1
0 0.440278 0.5 0.0277778 1
0 0.440278 0.5 0.0277778 1
0 0.440278 0.5 0.0277778 1
0 0.565972 0 0.00972222 0
0 0.500694 0 0.0347222 0
0 0.440278 0.5 0.0277778 1
0 0.440278 0.5 0.0277778 1
0 0.440278 0.5 0.0277778 1
0 0.440278 0.5 0.0277778 1
0 0.440278 0.5 0.0277778 1
0 0.440278 0.5 0.0277778 1
0 0.565972 0 0.00972222 0
0 0.500694 0 0.0347222 0
0 0.440278 0.5 0.0277778 1
0 0.440278 0.5 0.0277778 1
0 0.500694 0 0.0347222 0
0 0.440278 0.5 0.0277778 1
0 0.440278 0.5 0.0277778 1
0 0.500694 0 0.0347222 0
0 0.440278 0.5 0.0277778 1
0 0.440278 0.5 0.0277778 1
0 0.440278 0.5 0.0277778 1
0 0.440278 0.5 0.0277778 1
0 0.440278 0.5 0.0277778 1
0 0.440278 0.5 0.0277778 1
0 0.500694 0 0.0347222 0
0 0.440278 0.5 0.0277778 1
0 0.440278 0.5 0.0277778 1
0 0.440278 0.5 0.0277778 1
0 0.440278 0.5 0.0277778 1
0 0.440278 0.5 0.0277778 1
0 0.440278 0.5 0.0277778 1
0 0.500694 0 0.0347222 0
0 0.440278 0.5 0.0277778 1
0 0.440278 0.5 0.0277778 1
0 0.440278 0.5 0.0277778 1
0 0.440278 0.5 0.0277778 1
0 0.440278 0.5 0.0277778 1
0 0.440278 0.5 0.0277778 1
0 0.440278 0.5 0.0277778 1
0 0.500694 0 0.0347222 0
0 0.440278 0.5 0.0277778 1
0 0.440278 0.5 0.0277778 1
0 0.440278 0.5 0.0277778 1
0 0.440278 0.5 0.0277778 1
0 0.440278 0.5 0.0277778 1
0 0.440278 0.5 0.0277778 1
0 0.440278 0.5 0.0277778 1
0 0.440278 0.5 0.0277778 1
0 0.500694 0 0.0347222 0
0 0.440278 0.5 0.0277778 1
0 0.440278 0.5 0.0277778 1
0 0.440278 0.5 0.0277778 1
0 0.500694 0 0.0347222 0
0 0.440278 0.5 0.0277778 1
0 0.440278 0.5 0.0277778 1
0 0.500694 0 0.0347222 0
0 0.440278 0.5 0.0277778 1
0 0.440278 0.5 0.0277778 1
0 0.440278 0.5 0.0277778 1
0 0.440278 0.5 0.0277778 1
0 0.440278 0.5 0.0277778 1
0 0.565972 0 0.00972222 0
0 0.440278 0.5 0.0277778 1
0 0.565972 0 0.00972222 0
0 0.440278 0.5 0.0277778 1
0 0.440278 0.5 0.0277778 1
0 0.440278 0.5 0.0277778 1
0 0.440278 0.5 0.0277778 1
0 0.565972 0 0.00972222 0
0 0.500694 0 0.0347222 0
0 0.440278 0.5 0.0277778 1
0 0.440278 0.5 0.0277778 1
0 0.440278 0.5 0.0277778 1
0 0.440278 0.5 0.0277778 1
0 0.500694 0 0.0347222 0
0 0.565972 0 0.00972222 0
0 0.440278 0.5 0.0277778 1
0 0.440278 0.5 0.0277778 1
0 0.500694 0 0.0347222 0
0 0.440278 0.5 0.0277778 1
0 0.440278 0.5 0.0277778 1
0 0.440278 0.5 0.0277778 1
0 0.440278 0.5 0.0277778 1
0 0.565972 0 0.00972222 0
0 0.500694 0 0.0347222 0
0 0.440278 0.5 0.0277778 1
0 0.440278 0.5 0.0277778 1
0 0.500694 0 0.0347222 0
0 0.440278 0.5 0.0277778 1
0 0.440278 0.5 0.0277778 1
0 0.500694 0 0.0347222 0
0 0.440278 0.5 0.0277778 1
0 0.440278 0.5 0.0277778 1
0 0.440278 0.5 0.0277778 1
0 0.500694 0 0.0347222 0
0 0.565972 0 0.00972222 0
0 0.440278 0.5 0.0277778 1
0 0.440278 0.5 0.0277778 1
0 0.440278 0.5 0.0277778 1
0 0.440278 0.5 0.0277778 1
0 0.440278 0.5 0.0277778 1
0 0.440278 0.5 0.0277778 1
0 0.440278 0.5 0.0277778 1
0 0.440278 0.5 0.0277778 1
0 0.440278 0.5 0.0277778 1
0 0.565972 0 0.00972222 0
0 0.500694 0 0.0347222 0
0 0.440278 0.5 0.0277778 1
0 0.440278 0.5 0.0277778 1
0 0.440278 0.5 0.0277778 1
0 0.440278 0.5 0.0277778 1
0 0.440278 0.5 0.0277778 1
0 0.440278 0.5 0.0277778 1
0 0.440278 0.5 0.0277778 1
0 0.440278 0.5 0.0277778 1
0 0.440278 0.5 0.0277778 1
0 0.440278 0.5 0.0277778 1
0 0.500694 0 0.0347222 0
0 0.440278 0.5 0.0277778 1
0 0.440278 0.5 0.0277778 1
0 0.440278 0.5 0.0277778 1
0 0.440278 0.5 0.0277778 1
0 0.440278 0.5 0.0277778 1
0 0.500694 0 0.0347222 0
0 0.565972 0 0.00972222 0
0 0.440278 0.5 0.0277778 1
0 0.440278 0.5 0.0277778 1
0 0.440278 0.5 0.0277778 1
0 0.565972 0 0.00972222 0
0 0.500694 0 0.0347222 0
0 0.440278 0.5 0.0277778 1
0 0.440278 0.5 0.0277778 1
0 0.500694 0 0.0347222 0
0 0.440278 0.5 0.0277778 1
0 0.440278 0.5 0.0277778 1
0 0.440278 0.5 0.0277778 1
0 0.565972 0 0.00972222 0
0 0.500694 0 0.0347222 0
0 0.440278 0.5 0.0277778 1
0 0.440278 0.5 0.0277778 1
0 0.500694 0 0.0347222 0
0 0.440278 0.5 0.0277778 1
0 0.440278 0.5 0.0277778 1
0 0.440278 0.5 0.0277778 1
0 0.440278 0.5 0.0277778 1
0 0.440278 0.5 0.0277778 1
0 0.565972 0 0.00972222 0
0 0.500694 0 0.0347222 0
0 0.440278 0.5 0.0277778 1
0 0.440278 0.5 0.0277778 1
0 0.440278 0.5 0.0277778 1
0 0.440278 0.5 0.0277778 1
0 0.440278 0.5 0.0277778 1
0 0.565972 0 0.00972222 0
0 0.500694 0 0.0347222 0
0 0.440278 0.5 0.0277778 1
0 0.440278 0.5 0.0277778 1
0 0.440278 0.5 0.0277778 1
0 0.440278 0.5 0.0277778 1
0 0.440278 0.5 0.0277778 1
0 0.440278 0.5 0.0277778 1
0 0.439583 0.5 0.0291667 1
0 0.439583 0.5 0.0291667 1
0 0.440972 0.5 0.0291667 1
0 0.441667 0.5 0.0277778 1
0 0.441667 0.5 0.0277778 1
0 0.441667 0.5 0.0277778 1
0 0.443056 0 0.0277778 0
0 0.443056 0 0.0277778 0
0 0.444444 0 0.0277778 0
0 0.444444 0 0.0277778 0
0 0.445833 0 0.0277778 0
0 0.445833 0 0.0277778 0
0 0.446528 0 0.0291667 0
0 0.448611 0 0.0305556 0
0 0.448611 0 0.0277778 0
0 0.45 0 0.0277778 0
0 0.450694 0 0.0291667 0
0 0.451389 0 0.0277778 0
0 0.452778 0 0.0305556 0
0 0.454167 0 0.0305556 0
0 0.454861 0 0.0291667 0
0 0.577778 0 0.00833333 0
0 0.511111 0 0.0361111 0
0 0.45625 0 0.0291667 0
0 0.45625 0 0.0291667 0
0 0.580556 0 0.0111111 0
0 0.458333 0 0.0305556 0
0 0.58125 0 0.0125 0
0 0.382639 0 0.0125 0
0 0.460417 0 0.0319444 0
0 0.383333 0 0.0138889 0
0 0.461806 0 0.0319444 0
0 0.4625 0 0.0305556 0
0 0.463889 0 0.0305556 0
0 0.586806 0 0.0125 0
0 0.465972 0 0.0319444 0
0 0.588194 0 0.00972222 0
0 0.469444 0 0.0305556 0
0 0.588194 0 0.00972222 0
0 0.469444 0 0.0305556 0
0 0.472222 0 0.0333333 0
0 0.59375 0 0.0125 0
0 0.476389 0 0.0333333 0
0 0.477083 0 0.0347222 0
0 0.595833 0 0.0111111 0
0 0.479167 0 0.0333333 0
0 0.596528 0 0.0125 0
0 0.48125 0 0.0319444 0
0 0.599306 0 0.0125 0
0 0.3875 0 0.0138889 0
0 0.484722 0 0.0333333 0
0 0.599306 0 0.0125 0
0 0.3875 0 0.0138889 0
0 0.484722 0 0.0333333 0
0 0.4875 0.5 0.0361111 1
0 0.601389 0 0.0138889 0
0 0.388889 0 0.0138889 0
0 0.488889 0.5 0.0361111 1
0 0.602083 0 0.0125 0
0 0.530556 0 0.0388889 0
0 0.493056 0.5 0.0361111 1
0 0.604861 0 0.0125 0
0 0.530556 0 0.0388889 0
0 0.493056 0.5 0.0361111 1
0 0.604861 0 0.0125 0
0 0.606944 0 0.0138889 0
0 0.495833 0.5 0.0361111 1
0 0.497222 0.5 0.0361111 1
0 0.609028 0 0.0125 0
0 0.502083 0.5 0.0347222 1
0 0.609722 0 0.0111111 0
0 0.502778 0.5 0.0361111 1
0 0.506944 0.5 0.0361111 1
0 0.613194 0 0.0125 0
0 0.510417 0.5 0.0375 1
0 0.511806 0.5 0.0375 1
0 0.615972 0 0.0125 0
0 0.514583 0.5 0.0375 1
0 0.515972 0.5 0.0402778 1
0 0.394444 0 0.0138889 0
0 0.619444 0 0.0138889 0
0 0.51875 0.5 0.0402778 1
0 0.620139 0 0.0152778 0
0 0.520139 0.5 0.0402778 1
0 0.523611 0.5 0.0416667 1
0 0.738194 0 0.0152778 0
0 0.523611 0.5 0.0416667 1
0 0.525694 0.5 0.0430556 1
0 0.527083 0 0.0430556 0
0 0.625 0 0.0138889 0
0 0.529167 0 0.0444444 0
0 0.626389 0 0.0138889 0
0 0.529861 0 0.0458333 0
0 0.745833 0 0.0138889 0
0 0.626389 0 0.0138889 0
0 0.53125 0 0.0458333 0
0 0.531944 0 0.0472222 0
0 0.39375 0 0.0152778 0
0 0.629167 0 0.0138889 0
0 0.534028 0 0.0513889 0
0 0.393056 0 0.0166667 0
0 0.629861 0 0.0152778 0
0 0.535417 0 0.0513889 0
0 0.391667 0 0.0166667 0
0 0.63125 0 0.0125 0
0 0.5375 0 0.05 0
0 0.391667 0 0.0166667 0
0 0.631944 0 0.0138889 0
0 0.5375 0 0.05 0
0 0.755556 0 0.0138889 0
0 0.390972 0 0.0152778 0
0 0.632639 0 0.0152778 0
0 0.5375 0 0.05 0
0 0.756944 0 0.0138889 0
0 0.390972 0 0.0152778 0
0 0.632639 0 0.0152778 0
0 0.539583 0 0.0597222 0
0 0.632639 0 0.0152778 0
0 0.539583 0 0.0597222 0
0 0.634028 0 0.0152778 0
0 0.540972 0 0.0597222 0
0 0.634722 0 0.0166667 0
0 0.540278 0 0.0527778 0
0 0.390278 0 0.0138889 0
0 0.635417 0 0.0152778 0
0 0.540278 0 0.0527778 0
0 0.636111 0 0.0166667 0
0 0.389583 0 0.0152778 0
0 0.541667 0.5 0.0555556 1
0 0.388889 0 0.0138889 0
0 0.636111 0 0.0138889 0
0 0.540972 0.5 0.0541667 1
0 0.636806 0 0.0152778 0
0 0.763889 0 0.0138889 0
0 0.541667 0.5 0.0555556 1
0 0.636806 0 0.0152778 0
0 0.763889 0 0.0138889 0
0 0.541667 0.5 0.0555556 1
0 0.636806 0 0.0152778 0
0 0.540278 0.5 0.0555556 1
0 0.765972 0 0.0152778 0
0 0.636806 0 0.0180556 0
0 0.540278 0.5 0.0583333 1
0 0.638194 0 0.0152778 0
0 0.384028 0 0.0152778 0
0 0.538889 0.5 0.0611111 1
0 0.636806 0 0.0180556 0
0 0.384028 0 0.0152778 0
0 0.538889 0.5 0.0611111 1
0 0.638194 0 0.0152778 0
0 0.382639 0 0.0152778 0
0 0.5375 0.5 0.0611111 1
0 0.76875 0 0.0152778 0
0 0.250694 0 0.0152778 0
0 0.382639 0 0.0152778 0
0 0.6375 0 0.0138889 0
0 0.5375 0.5 0.0611111 1
0 0.381944 0 0.0138889 0
0 0.6375 0 0.0138889 0
0 0.536111 0.5 0.0611111 1
0 0.76875 0 0.0152778 0
0 0.638194 0 0.0152778 0
0 0.536111 0.5 0.0611111 1
0 0.38125 0 0.0180556 0
0 0.769444 0 0.0138889 0
0 0.638194 0 0.0152778 0
0 0.534722 0.5 0.0638889 1
0 0.6375 0 0.0166667 0
0 0.770139 0 0.0152778 0
0 0.534722 0.5 0.0638889 1
0 0.638194 0 0.0152778 0
0 0.770139 0 0.0152778 0
0 0.534028 0.5 0.0625 1
0 0.770139 0 0.0152778 0
0 0.6375 0 0.0138889 0
0 0.532639 0 0.0625 0
0 0.379167 0 0.0166667 0
0 0.770139 0 0.0152778 0
0 0.6375 0 0.0138889 0
0 0.531944 0 0.0638889 0
0 0.378472 0 0.0180556 0
0 0.770139 0 0.0152778 0
0 0.636806 0 0.0152778 0
0 0.529861 0 0.0652778 0
0 0.245139 0 0.0152778 0
0 0.770833 0 0.0166667 0
0 0.636806 0 0.0152778 0
0 0.529861 0 0.0652778 0
0 0.636806 0 0.0180556 0
0 0.377778 0 0.0166667 0
0 0.770833 0 0.0166667 0
0 0.529167 0 0.0666667 0
0 0.770833 0 0.0166667 0
0 0.377083 0 0.0180556 0
0 0.527778 0 0.0666667 0
0 0.376389 0 0.0166667 0
0 0.527778 0 0.0666667 0
0 0.636806 0 0.0152778 0
0 0.526389 0 0.0666667 0
0 0.375 0 0.0166667 0
0 0.636806 0 0.0152778 0
0 0.525 0 0.0666667 0
0 0.636806 0 0.0152778 0
0 0.523611 0 0.0666667 0
0 0.240278 0 0.0166667 0
0 0.373611 0 0.0166667 0
0 0.636806 0 0.0152778 0
0 0.521528 0 0.0680556 0
0 0.374306 0 0.0180556 0
0 0.239583 0 0.0152778 0
0 0.636111 0 0.0138889 0
0 0.520833 0 0.0694444 0
0 0.636806 0 0.0152778 0
0 0.51875 0 0.0708333 0
0 0.372222 0 0.0166667 0
0 0.636806 0 0.0152778 0
0 0.518056 0 0.0694444 0
0 0.372222 0 0.0166667 0
0 0.771528 0 0.0180556 0
0 0.636806 0 0.0152778 0
0 0.516667 0.5 0.0694444 1
0 0.771528 0 0.0180556 0
0 0.636806 0 0.0152778 0
0 0.516667 0.5 0.0694444 1
0 0.371528 0 0.0152778 0
0 0.771528 0 0.0180556 0
0 0.636111 0 0.0166667 0
0 0.515972 0.5 0.0708333 1
0 0.370833 0 0.0166667 0
0 0.772222 0 0.0166667 0
0 0.636806 0 0.0152778 0
0 0.515278 0.5 0.0694444 1
0 0.772222 0 0.0166667 0
0 0.370139 0 0.0152778 0
0 0.636806 0 0.0152778 0
0 0.515278 0.5 0.0694444 1
0 0.772917 0 0.0180556 0
0 0.370139 0 0.0152778 0
0 0.636806 0 0.0152778 0
0 0.515278 0.5 0.0694444 1
0 0.370139 0 0.0152778 0
0 0.772917 0 0.0180556 0
0 0.636806 0 0.0152778 0
0 0.514583 0.5 0.0708333 1
0 0.232639 0 0.0152778 0
0 0.636806 0 0.0180556 0
0 0.773611 0 0.0138889 0
0 0.370139 0 0.0152778 0
0 0.513889 0.5 0.0722222 1
0 0.232639 0 0.0152778 0
0 0.370139 0 0.0152778 0
0 0.774306 0 0.0152778 0
0 0.636806 0 0.0152778 0
0 0.513889 0.5 0.0722222 1
0 0.774306 0 0.0152778 0
0 0.369444 0 0.0166667 0
0 0.231944 0 0.0166667 0
0 0.636806 0 0.0152778 0
0 0.513194 0.5 0.0736111 1
0 0.774306 0 0.0152778 0
0 0.369444 0 0.0166667 0
0 0.231944 0 0.0166667 0
0 0.636806 0 0.0152778 0
0 0.513194 0.5 0.0736111 1
0 0.231944 0 0.0166667 0
0 0.774306 0 0.0152778 0
0 0.6375 0 0.0166667 0
0 0.513889 0.5 0.0722222 1
0 0.231944 0 0.0166667 0
0 0.636806 0 0.0180556 0
0 0.774306 0 0.0152778 0
0 0.513889 0.5 0.0722222 1
0 0.775 0 0.0166667 0
0 0.6375 0 0.0166667 0
0 0.514583 0.5 0.0736111 1
0 0.231944 0 0.0166667 0
0 0.553472 0 0.0347222 0
0 0.775 0 0.0166667 0
0 0.6375 0 0.0166667 0
0 0.515278 0.5 0.0722222 1
0 0.775 0 0.0166667 0
0 0.636806 0 0.0180556 0
0 0.513889 0.5 0.0722222 1
0 0.369444 0 0.0166667 0
0 0.6375 0 0.0166667 0
0 0.514583 0.5 0.0736111 1
0 0.369444 0 0.0166667 0
0 0.636806 0 0.0180556 0
0 0.515278 0.5 0.0722222 1
0 0.775 0 0.0166667 0
0 0.636806 0 0.0180556 0
0 0.370139 0 0.0152778 0
0 0.515278 0.5 0.0722222 1
0 0.775 0 0.0166667 0
0 0.636111 0 0.0194444 0
0 0.369444 0 0.0166667 0
0 0.515972 0.5 0.0736111 1
0 0.775 0 0.0166667 0
0 0.370139 0 0.0152778 0
0 0.636806 0 0.0180556 0
0 0.515972 0.5 0.0736111 1
0 0.370139 0 0.0152778 0
0 0.636806 0 0.0180556 0
0 0.515972 0.5 0.0736111 1
0 0.232639 0 0.0152778 0
0 0.370139 0 0.0152778 0
0 0.636806 0 0.0180556 0
0 0.515972 0.5 0.0736111 1
0 0.775 0 0.0166667 0
0 0.636111 0 0.0194444 0
0 0.232639 0 0.0152778 0
0 0.370139 0 0.0152778 0
0 0.516667 0.5 0.0722222 1
0 0.554167 0 0.0361111 0
0 0.636806 0 0.0208333 0
0 0.370139 0 0.0152778 0
0 0.232639 0 0.0152778 0
0 0.518056 0.5 0.0722222 1
0 0.232639 0 0.0152778 0
0 0.370139 0 0.0152778 0
0 0.638194 0 0.0180556 0
0 0.518056 0.5 0.0722222 1
0 0.6375 0 0.0194444 0
0 0.370139 0 0.0152778 0
0 0.233333 0 0.0166667 0
0 0.517361 0.5 0.0736111 1
0 0.554167 0 0.0361111 0
0 0.232639 0 0.0152778 0
0 0.370833 0 0.0166667 0
0 0.638194 0 0.0180556 0
0 0.51875 0 0.0736111 0
0 0.6375 0 0.0194444 0
0 0.370833 0 0.0166667 0
0 0.554167 0 0.0361111 0
0 0.232639 0 0.0152778 0
0 0.51875 0 0.0736111 0
0 0.370833 0 0.0166667 0
0 0.6375 0 0.0194444 0
0 0.775694 0 0.0152778 0
0 0.554167 0 0.0361111 0
0 0.232639 0 0.0152778 0
0 0.519444 0.5 0.075 1
0 0.775694 0 0.0152778 0
0 0.370139 0 0.0180556 0
0 0.638194 0 0.0180556 0
0 0.232639 0 0.0152778 0
0 0.554167 0 0.0361111 0
0 0.519444 0.5 0.075 1
0 0.776389 0 0.0166667 0
0 0.554167 0 0.0361111 0
0 0.6375 0 0.0194444 0
0 0.233333 0 0.0166667 0
0 0.370833 0 0.0166667 0
0 0.519444 0.5 0.075 1
0 0.554167 0 0.0361111 0
0 0.6375 0 0.0194444 0
0 0.233333 0 0.0166667 0
0 0.370833 0 0.0166667 0
0 0.520139 0.5 0.0736111 1
0 0.776389 0 0.0166667 0
0 0.370833 0 0.0194444 0
0 0.554167 0 0.0361111 0
0 0.233333 0 0.0166667 0
0 0.6375 0 0.0194444 0
0 0.520833 0.5 0.0722222 1
0 0.232639 0 0.0152778 0
0 0.775694 0 0.0152778 0
0 0.554167 0 0.0361111 0
0 0.371528 0 0.0180556 0
0 0.638889 0 0.0166667 0
0 0.521528 0.5 0.0736111 1
0 0.371528 0 0.0180556 0
0 0.638889 0 0.0166667 0
0 0.521528 0.5 0.0736111 1
0 0.554167 0 0.0361111 0
0 0.638889 0 0.0166667 0
0 0.370833 0 0.0166667 0
0 0.522222 0.5 0.0722222 1
0 0.776389 0 0.0166667 0
0 0.6375 0 0.0194444 0
0 0.554861 0 0.0375 0
0 0.370833 0 0.0166667 0
0 0.522917 0.5 0.0736111 1
0 0.638194 0 0.0180556 0
0 0.776389 0 0.0166667 0
0 0.370833 0 0.0166667 0
0 0.523611 0.5 0.075 1
0 0.638194 0 0.0180556 0
0 0.777083 0 0.0180556 0
0 0.370833 0 0.0166667 0
0 0.524306 0.5 0.0736111 1
0 0.638194 0 0.0180556 0
0 0.776389 0 0.0166667 0
0 0.370833 0 0.0166667 0
0 0.524306 0.5 0.0736111 1
0 0.639583 0 0.0180556 0
0 0.371528 0 0.0180556 0
0 0.525 0.5 0.075 1
0 0.777778 0 0.0166667 0
0 0.639583 0 0.0180556 0
0 0.371528 0 0.0180556 0
0 0.525 0.5 0.075 1
0 0.640278 0 0.0194444 0
0 0.777778 0 0.0166667 0
0 0.370833 0 0.0166667 0
0 0.525694 0.5 0.0736111 1
0 0.234028 0 0.0180556 0
0 0.640972 0 0.0180556 0
0 0.371528 0 0.0180556 0
0 0.525694 0.5 0.0736111 1
0 0.371528 0 0.0180556 0
0 0.640972 0 0.0180556 0
0 0.525694 0.5 0.0736111 1
0 0.234028 0 0.0180556 0
0 0.372222 0 0.0166667 0
0 0.640972 0 0.0180556 0
0 0.527083 0.5 0.0736111 1
0 0.372222 0 0.0166667 0
0 0.234028 0 0.0180556 0
0 0.640972 0 0.0180556 0
0 0.526389 0.5 0.0722222 1
0 0.234028 0 0.0180556 0
0 0.372222 0 0.0166667 0
0 0.640972 0 0.0180556 0
0 0.526389 0.5 0.0722222 1
0 0.234028 0 0.0180556 0
0 0.777778 0 0.0166667 0
0 0.372222 0 0.0166667 0
0 0.640972 0 0.0180556 0
0 0.526389 0.5 0.0722222 1
0 0.777778 0 0.0194444 0
0 0.234028 0 0.0180556 0
0 0.372222 0 0.0166667 0
0 0.640972 0 0.0180556 0
0 0.527778 0.5 0.0694444 1
0 0.234028 0 0.0180556 0
0 0.372222 0 0.0166667 0
0 0.640972 0 0.0180556 0
0 0.527778 0.5 0.0694444 1
0 0.234028 0 0.0180556 0
0 0.372222 0 0.0166667 0
0 0.640972 0 0.0180556 0
0 0.527778 0.5 0.0694444 1
0 0.234028 0 0.0180556 0
0 0.372222 0 0.0166667 0
0 0.640972 0 0.0180556 0
0 0.527778 0.5 0.0722222 1
0 0.234028 0 0.0180556 0
0 0.372222 0 0.0166667 0
0 0.640972 0 0.0180556 0
0 0.527778 0.5 0.0722222 1
0 0.372222 0 0.0166667 0
0 0.641667 0 0.0194444 0
0 0.527778 0.5 0.0722222 1
0 0.372222 0 0.0166667 0
0 0.640972 0 0.0180556 0
0 0.527778 0.5 0.0722222 1
0 0.372917 0 0.0180556 0
0 0.640972 0 0.0180556 0
0 0.528472 0.5 0.0708333 1
0 0.777778 0 0.0166667 0
0 0.372917 0 0.0180556 0
0 0.640972 0 0.0180556 0
0 0.528472 0.5 0.0708333 1
0 0.777778 0 0.0166667 0
0 0.372917 0 0.0180556 0
0 0.640972 0 0.0180556 0
0 0.528472 0.5 0.0708333 1
0 0.372917 0 0.0180556 0
0 0.641667 0 0.0166667 0
0 0.529167 0.5 0.0722222 1
0 0.777778 0 0.0166667 0
0 0.372917 0 0.0180556 0
0 0.641667 0 0.0166667 0
0 0.529167 0.5 0.0722222 1
0 0.372917 0 0.0180556 0
0 0.777778 0 0.0166667 0
0 0.641667 0 0.0166667 0
0 0.529167 0.5 0.075 1
0 0.372917 0 0.0180556 0
0 0.777778 0 0.0166667 0
0 0.641667 0 0.0166667 0
0 0.529167 0.5 0.075 1
0 0.777778 0 0.0166667 0
0 0.641667 0 0.0166667 0
0 0.529861 0.5 0.0736111 1
0 0.777778 0 0.0166667 0
0 0.641667 0 0.0166667 0
0 0.529861 0.5 0.0736111 1
0 0.778472 0 0.0180556 0
0 0.641667 0 0.0166667 0
0 0.529861 0.5 0.0736111 1
0 0.778472 0 0.0180556 0
0 0.641667 0 0.0166667 0
0 0.529861 0.5 0.0736111 1
0 0.372917 0 0.0180556 0
0 0.641667 0 0.0166667 0
0 0.778472 0 0.0180556 0
0 0.529861 0.5 0.0736111 1
0 0.372917 0 0.0180556 0
0 0.641667 0 0.0166667 0
0 0.777778 0 0.0166667 0
0 0.529861 0.5 0.0736111 1
0 0.373611 0 0.0166667 0
0 0.640972 0 0.0180556 0
0 0.777778 0 0.0166667 0
0 0.529861 0.5 0.0736111 1
0 0.372917 0 0.0180556 0
0 0.641667 0 0.0166667 0
0 0.778472 0 0.0180556 0
0 0.530556 0.5 0.0722222 1
0 0.372917 0 0.0180556 0
0 0.641667 0 0.0166667 0
0 0.778472 0 0.0180556 0
0 0.530556 0.5 0.0722222 1
0 0.372917 0 0.0180556 0
0 0.641667 0 0.0166667 0
0 0.778472 0 0.0180556 0
0 0.53125 0.5 0.0736111 1
0 0.372917 0 0.0180556 0
0 0.778472 0 0.0180556 0
0 0.641667 0 0.0166667 0
0 0.530556 0.5 0.0722222 1
0 0.372917 0 0.0180556 0
0 0.778472 0 0.0180556 0
0 0.641667 0 0.0166667 0
0 0.53125 0.5 0.0736111 1
0 0.373611 0 0.0194444 0
0 0.778472 0 0.0180556 0
0 0.641667 0 0.0166667 0
0 0.53125 0.5 0.0736111 1
0 0.373611 0 0.0194444 0
0 0.777778 0 0.0166667 0
0 0.641667 0 0.0166667 0
0 0.53125 0.5 0.0736111 1
0 0.372917 0 0.0180556 0
0 0.778472 0 0.0180556 0
0 0.642361 0 0.0180556 0
0 0.530556 0.5 0.0722222 1
0 0.372917 0 0.0180556 0
0 0.778472 0 0.0180556 0
0 0.642361 0 0.0180556 0
0 0.530556 0.5 0.0722222 1
0 0.372917 0 0.0180556 0
0 0.778472 0 0.0180556 0
0 0.642361 0 0.0180556 0
0 0.530556 0.5 0.0722222 1
0 0.372917 0 0.0180556 0
0 0.778472 0 0.0180556 0
0 0.642361 0 0.0180556 0
0 0.529861 0.5 0.0736111 1
0 0.372917 0 0.0180556 0
0 0.778472 0 0.0180556 0
0 0.642361 0 0.0180556 0
0 0.530556 0.5 0.0722222 1
0 0.372917 0 0.0180556 0
0 0.778472 0 0.0180556 0
0 0.642361 0 0.0180556 0
0 0.530556 0.5 0.075 1
0 0.372917 0 0.0180556 0
0 0.778472 0 0.0180556 0
0 0.641667 0 0.0166667 0
0 0.530556 0.5 0.075 1
0 0.373611 0 0.0194444 0
0 0.778472 0 0.0180556 0
0 0.641667 0 0.0166667 0
0 0.529861 0.5 0.0736111 1
0 0.372917 0 0.0180556 0
0 0.778472 0 0.0180556 0
0 0.641667 0 0.0166667 0
0 0.529861 0.5 0.0736111 1
0 0.374306 0 0.0180556 0
0 0.642361 0 0.0180556 0
0 0.778472 0 0.0180556 0
0 0.529861 0.5 0.0736111 1
0 0.372917 0 0.0180556 0
0 0.777778 0 0.0166667 0
0 0.642361 0 0.0180556 0
0 0.529861 0.5 0.0736111 1
0 0.374306 0 0.0180556 0
0 0.777778 0 0.0166667 0
0 0.642361 0 0.0180556 0
0 0.529861 0.5 0.0736111 1
0 0.778472 0 0.0180556 0
0 0.373611 0 0.0194444 0
0 0.641667 0 0.0166667 0
0 0.529861 0.5 0.0736111 1
0 0.777778 0 0.0166667 0
0 0.373611 0 0.0194444 0
0 0.641667 0 0.0166667 0
0 0.529861 0.5 0.0736111 1
0 0.373611 0 0.0194444 0
0 0.777778 0 0.0166667 0
0 0.641667 0 0.0166667 0
0 0.529861 0.5 0.0736111 1
0 0.373611 0 0.0194444 0
0 0.777778 0 0.0166667 0
0 0.641667 0 0.0166667 0
0 0.529167 0.5 0.0722222 1
0 0.777778 0 0.0166667 0
0 0.372917 0 0.0180556 0
0 0.640972 0 0.0180556 0
0 0.529167 0.5 0.0722222 1
0 0.777778 0 0.0166667 0
0 0.640972 0 0.0180556 0
0 0.529861 0.5 0.0708333 1
0 0.372917 0 0.0180556 0
0 0.777778 0 0.0166667 0
0 0.640278 0 0.0166667 0
0 0.529167 0.5 0.0722222 1
0 0.372222 0 0.0166667 0
0 0.777778 0 0.0166667 0
0 0.640278 0 0.0166667 0
0 0.528472 0.5 0.0708333 1
0 0.372222 0 0.0166667 0
0 0.777778 0 0.0166667 0
0 0.640278 0 0.0166667 0
0 0.529167 0.5 0.0694444 1
0 0.372222 0 0.0166667 0
0 0.777778 0 0.0166667 0
0 0.640278 0 0.0166667 0
0 0.528472 0.5 0.0708333 1
0 0.372222 0 0.0166667 0
0 0.640278 0 0.0166667 0
0 0.777778 0 0.0166667 0
0 0.528472 0.5 0.0708333 1
0 0.372222 0 0.0166667 0
0 0.777083 0 0.0152778 0
0 0.640278 0 0.0166667 0
0 0.528472 0.5 0.0708333 1
0 0.372222 0 0.0166667 0
0 0.777083 0 0.0152778 0
0 0.640278 0 0.0166667 0
0 0.528472 0.5 0.0708333 1
0 0.372222 0 0.0166667 0
0 0.776389 0 0.0166667 0
0 0.640278 0 0.0166667 0
0 0.528472 0.5 0.0708333 1
0 0.372222 0 0.0166667 0
0 0.777083 0 0.0152778 0
0 0.640278 0 0.0166667 0
0 0.527778 0.5 0.0694444 1
0 0.372222 0 0.0166667 0
0 0.776389 0 0.0166667 0
0 0.640278 0 0.0166667 0
0 0.527778 0.5 0.0694444 1
0 0.372222 0 0.0166667 0
0 0.776389 0 0.0166667 0
0 0.640278 0 0.0166667 0
0 0.527778 0.5 0.0694444 1
0 0.776389 0 0.0166667 0
0 0.372222 0 0.0166667 0
0 0.640278 0 0.0166667 0
0 0.527778 0.5 0.0694444 1
0 0.776389 0 0.0166667 0
0 0.372222 0 0.0166667 0
0 0.640278 0 0.0166667 0
0 0.527778 0.5 0.0694444 1
0 0.372222 0 0.0166667 0
0 0.640278 0 0.0166667 0
0 0.776389 0 0.0166667 0
0 0.527083 0.5 0.0708333 1
0 0.372222 0 0.0166667 0
0 0.639583 0 0.0152778 0
0 0.777083 0 0.0152778 0
0 0.526389 0.5 0.0722222 1
0 0.372222 0 0.0166667 0
0 0.639583 0 0.0152778 0
0 0.777083 0 0.0152778 0
0 0.526389 0.5 0.0722222 1
0 0.372222 0 0.0166667 0
0 0.776389 0 0.0166667 0
0 0.639583 0 0.0152778 0
0 0.526389 0.5 0.0722222 1
0 0.777083 0 0.0152778 0
0 0.372917 0 0.0180556 0
0 0.639583 0 0.0152778 0
0 0.526389 0.5 0.0722222 1
0 0.372222 0 0.0166667 0
0 0.777083 0 0.0152778 0
0 0.640278 0 0.0166667 0
0 0.525694 0.5 0.0819444 1
0 0.372917 0 0.0180556 0
0 0.777083 0 0.0152778 0
0 0.639583 0 0.0152778 0
0 0.525 0.5 0.0805556 1
0 0.372917 0 0.0180556 0
0 0.776389 0 0.0166667 0
0 0.640278 0 0.0166667 0
0 0.524306 0.5 0.0736111 1
0 0.372917 0 0.0180556 0
0 0.776389 0 0.0166667 0
0 0.640278 0 0.0166667 0
0 0.524306 0.5 0.0736111 1
0 0.372222 0 0.0194444 0
0 0.640278 0 0.0166667 0
0 0.777083 0 0.0152778 0
0 0.524306 0.5 0.0736111 1
0 0.372222 0 0.0166667 0
0 0.640278 0 0.0166667 0
0 0.776389 0 0.0166667 0
0 0.523611 0.5 0.0722222 1
0 0.639583 0 0.0180556 0
0 0.372222 0 0.0166667 0
0 0.776389 0 0.0166667 0
0 0.523611 0.5 0.0722222 1
0 0.372222 0 0.0166667 0
0 0.776389 0 0.0166667 0
0 0.640278 0 0.0166667 0
0 0.523611 0.5 0.0722222 1
0 0.372222 0 0.0194444 0
0 0.776389 0 0.0166667 0
0 0.640278 0 0.0166667 0
0 0.523611 0.5 0.0722222 1
0 0.638889 0 0.0194444 0
0 0.372222 0 0.0166667 0
0 0.776389 0 0.0166667 0
0 0.523611 0.5 0.0722222 1
0 0.372917 0 0.0180556 0
0 0.776389 0 0.0166667 0
0 0.640278 0 0.0166667 0
0 0.523611 0.5 0.0722222 1
0 0.372222 0 0.0166667 0
0 0.776389 0 0.0166667 0
0 0.640278 0 0.0166667 0
0 0.523611 0.5 0.0722222 1
0 0.372222 0 0.0166667 0
0 0.639583 0 0.0180556 0
0 0.776389 0 0.0166667 0
0 0.523611 0.5 0.0722222 1
0 0.638889 0 0.0194444 0
0 0.372222 0 0.0166667 0
0 0.776389 0 0.0166667 0
0 0.523611 0.5 0.0722222 1
0 0.638889 0 0.0194444 0
0 0.372222 0 0.0166667 0
0 0.776389 0 0.0166667 0
0 0.523611 0.5 0.0722222 1
0 0.639583 0 0.0180556 0
0 0.372222 0 0.0166667 0
0 0.777083 0 0.0152778 0
0 0.525 0.5 0.0722222 1
0 0.640278 0 0.0166667 0
0 0.776389 0 0.0166667 0
0 0.525 0.5 0.0722222 1
0 0.640278 0 0.0166667 0
0 0.776389 0 0.0166667 0
0 0.525 0.5 0.0722222 1
0 0.640278 0 0.0166667 0
0 0.777083 0 0.0152778 0
0 0.525 0.5 0.0722222 1
0 0.776389 0 0.0166667 0
0 0.640278 0 0.0166667 0
0 0.526389 0.5 0.0722222 1
0 0.372917 0 0.0180556 0
0 0.776389 0 0.0166667 0
0 0.640278 0 0.0166667 0
0 0.526389 0.5 0.0722222 1
0 0.372917 0 0.0180556 0
0 0.776389 0 0.0166667 0
0 0.640278 0 0.0166667 0
0 0.526389 0.5 0.0722222 1
0 0.372917 0 0.0180556 0
0 0.776389 0 0.0166667 0
0 0.640278 0 0.0166667 0
0 0.526389 0.5 0.0722222 1
0 0.776389 0 0.0166667 0
0 0.640278 0 0.0194444 0
0 0.527083 0.5 0.0708333 1
0 0.372917 0 0.0180556 0
0 0.777778 0 0.0166667 0
0 0.640278 0 0.0194444 0
0 0.528472 0.5 0.0708333 1
0 0.777083 0 0.0180556 0
0 0.640278 0 0.0166667 0
0 0.528472 0.5 0.0708333 1
0 0.777083 0 0.0180556 0
0 0.640278 0 0.0166667 0
0 0.528472 0.5 0.0708333 1
0 0.777083 0 0.0180556 0
0 0.640278 0 0.0166667 0
0 0.528472 0.5 0.0708333 1
0 0.777778 0 0.0166667 0
0 0.640972 0 0.0180556 0
0 0.529167 0.5 0.0722222 1
0 0.374306 0 0.0180556 0
0 0.777083 0 0.0180556 0
0 0.640972 0 0.0180556 0
0 0.529167 0.5 0.0722222 1
0 0.372917 0 0.0180556 0
0 0.777083 0 0.0180556 0
0 0.641667 0 0.0166667 0
0 0.528472 0.5 0.0736111 1
0 0.372917 0 0.0180556 0
0 0.777778 0 0.0166667 0
0 0.641667 0 0.0166667 0
0 0.529167 0.5 0.0722222 1
0 0.374306 0 0.0180556 0
0 0.777778 0 0.0166667 0
0 0.640972 0 0.0180556 0
0 0.529167 0.5 0.0722222 1
0 0.778472 0 0.0180556 0
0 0.372917 0 0.0180556 0
0 0.641667 0 0.0166667 0
0 0.529167 0.5 0.0722222 1
0 0.777778 0 0.0166667 0
0 0.373611 0 0.0194444 0
0 0.640972 0 0.0180556 0
0 0.529167 0.5 0.0722222 1
0 0.372917 0 0.0180556 0
0 0.778472 0 0.0180556 0
0 0.641667 0 0.0166667 0
0 0.529167 0.5 0.0722222 1
0 0.372917 0 0.0180556 0
0 0.778472 0 0.0180556 0
0 0.641667 0 0.0166667 0
0 0.529167 0.5 0.0722222 1
0 0.372917 0 0.0180556 0
0 0.778472 0 0.0180556 0
0 0.641667 0 0.0166667 0
0 0.529167 0.5 0.0722222 1
0 0.372917 0 0.0180556 0
0 0.778472 0 0.0180556 0
0 0.641667 0 0.0166667 0
0 0.529167 0.5 0.0722222 1
0 0.372917 0 0.0180556 0
0 0.778472 0 0.0180556 0
0 0.640972 0 0.0180556 0
0 0.528472 0.5 0.0708333 1
0 0.372222 0 0.0166667 0
0 0.779167 0 0.0166667 0
0 0.641667 0 0.0166667 0
0 0.527778 0.5 0.0722222 1
0 0.779861 0 0.0180556 0
0 0.372222 0 0.0166667 0
0 0.642361 0 0.0180556 0
0 0.528472 0.5 0.0736111 1
0 0.232639 0 0.0180556 0
0 0.779861 0 0.0152778 0
0 0.371528 0 0.0152778 0
0 0.642361 0 0.0180556 0
0 0.528472 0.5 0.0736111 1
0 0.231944 0 0.0166667 0
0 0.78125 0 0.0152778 0
0 0.642361 0 0.0180556 0
0 0.370833 0 0.0166667 0
0 0.527778 0.5 0.075 1
0 0.370833 0 0.0166667 0
0 0.78125 0 0.0180556 0
0 0.642361 0 0.0180556 0
0 0.527778 0.5 0.075 1
0 0.370833 0 0.0166667 0
0 0.78125 0 0.0180556 0
0 0.642361 0 0.0180556 0
0 0.527778 0.5 0.075 1
0 0.643056 0 0.0194444 0
0 0.781944 0 0.0166667 0
0 0.527083 0.5 0.0763889 1
0 0.643056 0 0.0194444 0
0 0.527778 0.5 0.075 1
0 0.369444 0 0.0166667 0
0 0.643056 0 0.0194444 0
0 0.783333 0 0.0166667 0
0 0.526389 0.5 0.0777778 1
0 0.226389 0 0.0166667 0
0 0.64375 0 0.0208333 0
0 0.525 0.5 0.0805556 1
0 0.226389 0 0.0166667 0
0 0.64375 0 0.0208333 0
0 0.525 0.5 0.0805556 1
0 0.64375 0 0.0180556 0
0 0.525 0.5 0.0805556 1
0 0.786111 0 0.0166667 0
0 0.64375 0 0.0208333 0
0 0.366667 0 0.0166667 0
0 0.524306 0.5 0.0819444 1
0 0.786111 0 0.0166667 0
0 0.64375 0 0.0208333 0
0 0.366667 0 0.0166667 0
0 0.524306 0.5 0.0819444 1
0 0.64375 0 0.0180556 0
0 0.786806 0 0.0152778 0
0 0.365278 0 0.0166667 0
0 0.522917 0.5 0.0847222 1
0 0.7875 0 0.0166667 0
0 0.644444 0 0.0166667 0
0 0.363889 0 0.0166667 0
0 0.522222 0.5 0.0888889 1
0 0.55625 0 0.0375 0
0 0.220139 0 0.0180556 0
0 0.363889 0 0.0166667 0
0 0.788194 0 0.0152778 0
0 0.644444 0 0.0166667 0
0 0.520833 0.5 0.0888889 1
0 0.788194 0 0.0180556 0
0 0.3625 0 0.0166667 0
0 0.644444 0 0.0166667 0
0 0.520139 0.5 0.0902778 1
0 0.788194 0 0.0180556 0
0 0.3625 0 0.0166667 0
0 0.644444 0 0.0166667 0
0 0.520139 0.5 0.0902778 1
0 0.644444 0 0.0166667 0
0 0.788889 0 0.0166667 0
0 0.520139 0.5 0.0902778 1
0 0.359722 0 0.0194444 0
0 0.645139 0 0.0180556 0
0 0.789583 0 0.0180556 0
0 0.519444 0.5 0.0916667 1
0 0.214583 0 0.0180556 0
0 0.789583 0 0.0180556 0
0 0.64375 0 0.0208333 0
0 0.359722 0 0.0194444 0
0 0.51875 0.5 0.0930556 1
0 0.790972 0 0.0180556 0
0 0.213194 0 0.0180556 0
0 0.644444 0 0.0194444 0
0 0.359722 0 0.0194444 0
0 0.519444 0.5 0.0944444 1
0 0.213194 0 0.0180556 0
0 0.790972 0 0.0180556 0
0 0.644444 0 0.0194444 0
0 0.359028 0 0.0180556 0
0 0.520139 0.5 0.0958333 1
0 0.790972 0 0.0180556 0
0 0.359028 0 0.0180556 0
0 0.64375 0 0.0180556 0
0 0.520139 0.5 0.0986111 1
0 0.790278 0 0.0166667 0
0 0.358333 0 0.0166667 0
0 0.644444 0 0.0166667 0
0 0.520833 0.5 0.0972222 1
0 0.358333 0 0.0166667 0
0 0.790278 0 0.0194444 0
0 0.64375 0 0.0180556 0
0 0.521528 0.5 0.0986111 1
0 0.790278 0 0.0166667 0
0 0.358333 0 0.0166667 0
0 0.64375 0 0.0180556 0
0 0.520833 0.5 0.1 1
0 0.790278 0 0.0166667 0
0 0.356944 0 0.0166667 0
0 0.64375 0 0.0180556 0
0 0.521528 0.5 0.101389 1
0 0.790278 0 0.0166667 0
0 0.356944 0 0.0166667 0
0 0.64375 0 0.0180556 0
0 0.521528 0.5 0.101389 1
0 0.790972 0 0.0180556 0
0 0.356944 0 0.0194444 0
0 0.64375 0 0.0180556 0
0 0.522222 0.5 0.1 1
0 0.355556 0 0.0194444 0
0 0.790972 0 0.0180556 0
0 0.64375 0 0.0180556 0
0 0.522222 0.5 0.1 1
0 0.790972 0 0.0180556 0
0 0.354167 0 0.0194444 0
0 0.643056 0 0.0166667 0
0 0.522222 0.5 0.1 1
0 0.790972 0 0.0180556 0
0 0.354861 0 0.0180556 0
0 0.643056 0 0.0166667 0
0 0.522917 0.5 0.0986111 1
0 0.790972 0 0.0180556 0
0 0.354861 0 0.0180556 0
0 0.643056 0 0.0166667 0
0 0.522917 0.5 0.0986111 1
0 0.790972 0 0.0180556 0
0 0.354167 0 0.0194444 0
0 0.643056 0 0.0166667 0
0 0.522222 0.5 0.102778 1
0 0.790972 0 0.0180556 0
0 0.353472 0 0.0180556 0
0 0.643056 0 0.0166667 0
0 0.522917 0.5 0.101389 1
0 0.790972 0 0.0180556 0
0 0.353472 0 0.0180556 0
0 0.643056 0 0.0166667 0
0 0.522222 0.5 0.102778 1
0 0.352083 0 0.0180556 0
0 0.643056 0 0.0194444 0
0 0.522222 0.5 0.102778 1
0 0.352083 0 0.0180556 0
0 0.643056 0 0.0194444 0
0 0.522222 0.5 0.102778 1
0 0.790972 0 0.0180556 0
0 0.352778 0 0.0166667 0
0 0.643056 0 0.0194444 0
0 0.520833 0.5 0.102778 1
0 0.790972 0 0.0180556 0
0 0.351389 0 0.0166667 0
0 0.643056 0 0.0194444 0
0 0.518056 0.5 0.102778 1
0 0.791667 0 0.0194444 0
0 0.351389 0 0.0166667 0
0 0.64375 0 0.0208333 0
0 0.517361 0.5 0.104167 1
0 0.791667 0 0.0194444 0
0 0.352083 0 0.0180556 0
0 0.643056 0 0.0194444 0
0 0.517361 0.5 0.104167 1
0 0.792361 0 0.0180556 0
0 0.644444 0 0.0194444 0
0 0.35 0 0.0194444 0
0 0.511806 0.5 0.106944 1
0 0.792361 0 0.0180556 0
0 0.644444 0 0.0194444 0
0 0.35 0 0.0194444 0
0 0.511806 0.5 0.106944 1
0 0.793056 0 0.0194444 0
0 0.35 0 0.0194444 0
0 0.644444 0 0.0194444 0
0 0.510417 0.5 0.106944 1
0 0.793056 0 0.0194444 0
0 0.35 0 0.0194444 0
0 0.644444 0 0.0194444 0
0 0.507639 0.5 0.109722 1
0 0.549306 0 0.0402778 0
0 0.79375 0 0.0180556 0
0 0.349306 0 0.0180556 0
0 0.644444 0 0.0194444 0
0 0.492361 0.5 0.115278 1
0 0.55 0 0.0388889 0
0 0.79375 0 0.0180556 0
0 0.348611 0 0.0194444 0
0 0.644444 0 0.0194444 0
0 0.4875 0.5 0.108333 1
0 0.55 0 0.0388889 0
0 0.348611 0 0.0194444 0
0 0.794444 0 0.0194444 0
0 0.644444 0 0.0194444 0
0 0.485417 0.5 0.109722 1
0 0.348611 0 0.0194444 0
0 0.794444 0 0.0194444 0
0 0.486111 0.5 0.111111 1
0 0.645139 0 0.0180556 0
0 0.348611 0 0.0194444 0
0 0.794444 0 0.0194444 0
0 0.486111 0.5 0.111111 1
0 0.645139 0 0.0180556 0
0 0.795833 0 0.0194444 0
0 0.348611 0 0.0194444 0
0 0.645139 0 0.0180556 0
0 0.4875 0.5 0.108333 1
0 0.551389 0 0.0388889 0
0 0.795833 0 0.0194444 0
0 0.645139 0 0.0180556 0
0 0.492361 0.5 0.109722 1
0 0.796528 0 0.0180556 0
0 0.347222 0 0.0194444 0
0 0.645139 0 0.0180556 0
0 0.495139 0.5 0.109722 1
0 0.797222 0 0.0194444 0
0 0.347917 0 0.0180556 0
0 0.645139 0 0.0180556 0
0 0.495139 0.5 0.109722 1
0 0.550694 0 0.0402778 0
0 0.347222 0 0.0194444 0
0 0.797222 0 0.0194444 0
0 0.645139 0 0.0180556 0
0 0.496528 0.5 0.109722 1
0 0.797222 0 0.0194444 0
0 0.347222 0 0.0194444 0
0 0.645139 0 0.0180556 0
0 0.496528 0.5 0.109722 1
0 0.797222 0 0.0194444 0
0 0.347222 0 0.0194444 0
0 0.645139 0 0.0180556 0
0 0.497222 0.5 0.111111 1
0 0.797222 0 0.0194444 0
0 0.347222 0 0.0194444 0
0 0.645139 0 0.0180556 0
0 0.497222 0.5 0.111111 1
0 0.797222 0 0.0194444 0
0 0.347222 0 0.0194444 0
0 0.5 0.5 0.113889 1
0 0.645833 0 0.0166667 0
0 0.797222 0 0.0194444 0
0 0.347222 0 0.0194444 0
0 0.5 0.5 0.113889 1
0 0.645833 0 0.0166667 0
0 0.797222 0 0.0194444 0
0 0.347222 0 0.0194444 0
0 0.645833 0 0.0166667 0
0 0.497917 0.5 0.109722 1
0 0.797222 0 0.0194444 0
0 0.347222 0 0.0194444 0
0 0.645833 0 0.0166667 0
0 0.497917 0.5 0.109722 1
0 0.347917 0 0.0180556 0
0 0.798611 0 0.0194444 0
0 0.645833 0 0.0166667 0
0 0.497222 0.5 0.108333 1
0 0.797222 0 0.0194444 0
0 0.347917 0 0.0180556 0
0 0.645833 0 0.0166667 0
0 0.496528 0.5 0.106944 1
0 0.798611 0 0.0194444 0
0 0.347222 0 0.0194444 0
0 0.645833 0 0.0166667 0
0 0.49375 0.5 0.1125 1
0 0.797917 0 0.0180556 0
0 0.348611 0 0.0194444 0
0 0.646528 0 0.0180556 0
0 0.491667 0.5 0.111111 1
0 0.195139 0 0.0180556 0
0 0.798611 0 0.0194444 0
0 0.347917 0 0.0208333 0
0 0.646528 0 0.0180556 0
0 0.492361 0.5 0.109722 1
0 0.798611 0 0.0194444 0
0 0.195139 0 0.0180556 0
0 0.647222 0 0.0194444 0
0 0.347917 0 0.0180556 0
0 0.488889 0.5 0.111111 1
0 0.458333 0 0.0333333 0
0 0.194444 0 0.0194444 0
0 0.798611 0 0.0194444 0
0 0.347917 0 0.0180556 0
0 0.646528 0 0.0180556 0
0 0.491667 0.5 0.108333 1
0 0.195139 0 0.0180556 0
0 0.459028 0 0.0347222 0
0 0.798611 0 0.0194444 0
0 0.348611 0 0.0194444 0
0 0.647222 0 0.0194444 0
0 0.492361 0.5 0.109722 1
0 0.195139 0 0.0180556 0
0 0.459028 0 0.0347222 0
0 0.798611 0 0.0194444 0
0 0.348611 0 0.0194444 0
0 0.647222 0 0.0194444 0
0 0.492361 0.5 0.109722 1
0 0.195139 0 0.0180556 0
0 0.459028 0 0.0347222 0
0 0.799306 0 0.0180556 0
0 0.348611 0 0.0194444 0
0 0.647917 0 0.0208333 0
0 0.496528 0.5 0.109722 1
0 0.195833 0 0.0194444 0
0 0.459028 0 0.0347222 0
0 0.348611 0 0.0194444 0
0 0.8 0 0.0194444 0
0 0.647917 0 0.0208333 0
0 0.501389 0.5 0.116667 1
0 0.195833 0 0.0194444 0
0 0.459028 0 0.0347222 0
0 0.348611 0 0.0194444 0
0 0.8 0 0.0194444 0
0 0.647917 0 0.0208333 0
0 0.501389 0.5 0.116667 1
0 0.196528 0 0.0180556 0
0 0.348611 0 0.0194444 0
0 0.800694 0 0.0180556 0
0 0.648611 0 0.0194444 0
0 0.497222 0.5 0.108333 1
0 0.196528 0 0.0180556 0
0 0.348611 0 0.0194444 0
0 0.800694 0 0.0180556 0
0 0.648611 0 0.0194444 0
0 0.497222 0.5 0.108333 1
0 0.459722 0 0.0333333 0
0 0.196528 0 0.0180556 0
0 0.349306 0 0.0208333 0
0 0.802083 0 0.0180556 0
0 0.647917 0 0.0180556 0
0 0.497222 0.5 0.108333 1
0 0.459028 0 0.0319444 0
0 0.348611 0 0.0194444 0
0 0.647917 0 0.0208333 0
0 0.802083 0 0.0180556 0
0 0.496528 0.5 0.109722 1
0 0.459722 0 0.0305556 0
0 0.196528 0 0.0180556 0
0 0.348611 0 0.0194444 0
0 0.647917 0 0.0208333 0
0 0.802083 0 0.0180556 0
0 0.495139 0.5 0.109722 1
0 0.460417 0 0.0347222 0
0 0.196528 0 0.0180556 0
0 0.348611 0 0.0194444 0
0 0.648611 0 0.0194444 0
0 0.802083 0 0.0180556 0
0 0.49375 0.5 0.109722 1
0 0.196528 0 0.0180556 0
0 0.348611 0 0.0194444 0
0 0.648611 0 0.0194444 0
0 0.802083 0 0.0180556 0
0 0.492361 0.5 0.109722 1
0 0.195139 0 0.0180556 0
0 0.348611 0 0.0194444 0
0 0.648611 0 0.0194444 0
0 0.802083 0 0.0180556 0
0 0.492361 0.5 0.109722 1
0 0.459028 0 0.0319444 0
0 0.348611 0 0.0194444 0
0 0.648611 0 0.0194444 0
0 0.802083 0 0.0180556 0
0 0.492361 0.5 0.109722 1
0 0.459028 0 0.0319444 0
0 0.348611 0 0.0194444 0
0 0.648611 0 0.0194444 0
0 0.802083 0 0.0180556 0
0 0.492361 0.5 0.109722 1
0 0.459722 0 0.0333333 0
0 0.196528 0 0.0180556 0
0 0.348611 0 0.0194444 0
0 0.802083 0 0.0180556 0
0 0.648611 0 0.0194444 0
0 0.495139 0.5 0.109722 1
0 0.459722 0 0.0361111 0
0 0.348611 0 0.0194444 0
0 0.802083 0 0.0180556 0
0 0.648611 0 0.0194444 0
0 0.497222 0.5 0.108333 1
0 0.196528 0 0.0180556 0
0 0.459722 0 0.0361111 0
0 0.348611 0 0.0194444 0
0 0.802083 0 0.0180556 0
0 0.648611 0 0.0194444 0
0 0.497917 0.5 0.109722 1
0 0.195139 0 0.0180556 0
0 0.348611 0 0.0194444 0
0 0.802083 0 0.0180556 0
0 0.648611 0 0.0194444 0
0 0.499306 0.5 0.115278 1
0 0.195139 0 0.0180556 0
0 0.348611 0 0.0194444 0
0 0.802083 0 0.0180556 0
0 0.648611 0 0.0194444 0
0 0.497917 0.5 0.109722 1
0 0.195139 0 0.0180556 0
0 0.348611 0 0.0194444 0
0 0.802083 0 0.0180556 0
0 0.648611 0 0.0194444 0
0 0.497917 0.5 0.109722 1
0 0.195139 0 0.0180556 0
0 0.348611 0 0.0194444 0
0 0.802083 0 0.0180556 0
0 0.648611 0 0.0194444 0
0 0.496528 0.5 0.109722 1
0 0.348611 0 0.0194444 0
0 0.802083 0 0.0180556 0
0 0.648611 0 0.0194444 0
0 0.496528 0.5 0.109722 1
0 0.348611 0 0.0194444 0
0 0.802083 0 0.0180556 0
0 0.648611 0 0.0194444 0
0 0.497917 0.5 0.109722 1
0 0.459722 0 0.0361111 0
0 0.348611 0 0.0194444 0
0 0.802083 0 0.0180556 0
0 0.648611 0 0.0194444 0
0 0.498611 0.5 0.108333 1
0 0.195139 0 0.0180556 0
0 0.458333 0 0.0333333 0
0 0.348611 0 0.0194444 0
0 0.801389 0 0.0194444 0
0 0.648611 0 0.0194444 0
0 0.497917 0.5 0.109722 1
0 0.195833 0 0.0194444 0
0 0.459028 0 0.0319444 0
0 0.348611 0 0.0194444 0
0 0.802778 0 0.0194444 0
0 0.648611 0 0.0194444 0
0 0.497222 0.5 0.108333 1
0 0.458333 0 0.0333333 0
0 0.195139 0 0.0180556 0
0 0.348611 0 0.0194444 0
0 0.648611 0 0.0194444 0
0 0.802778 0 0.0194444 0
0 0.495139 0.5 0.109722 1
0 0.458333 0 0.0333333 0
0 0.195139 0 0.0180556 0
0 0.348611 0 0.0194444 0
0 0.648611 0 0.0194444 0
0 0.802778 0 0.0194444 0
0 0.495139 0.5 0.109722 1
0 0.459028 0 0.0347222 0
0 0.194444 0 0.0194444 0
0 0.348611 0 0.0194444 0
0 0.648611 0 0.0194444 0
0 0.802778 0 0.0194444 0
0 0.495139 0.5 0.109722 1
0 0.459028 0 0.0347222 0
0 0.19375 0 0.0180556 0
0 0.348611 0 0.0194444 0
0 0.648611 0 0.0194444 0
0 0.802778 0 0.0194444 0
0 0.496528 0.5 0.109722 1
0 0.19375 0 0.0180556 0
0 0.348611 0 0.0194444 0
0 0.648611 0 0.0194444 0
0 0.802778 0 0.0194444 0
0 0.497222 0.5 0.108333 1
0 0.19375 0 0.0180556 0
0 0.802083 0 0.0180556 0
0 0.347917 0 0.0208333 0
0 0.648611 0 0.0194444 0
0 0.497222 0.5 0.108333 1
0 0.19375 0 0.0180556 0
0 0.802083 0 0.0180556 0
0 0.347917 0 0.0208333 0
0 0.648611 0 0.0194444 0
0 0.497222 0.5 0.108333 1
0 0.459028 0 0.0319444 0
0 0.194444 0 0.0194444 0
0 0.347917 0 0.0208333 0
0 0.802778 0 0.0194444 0
0 0.647917 0 0.0208333 0
0 0.494444 0.5 0.111111 1
0 0.194444 0 0.0194444 0
0 0.347917 0 0.0180556 0
0 0.802083 0 0.0180556 0
0 0.647917 0 0.0208333 0
0 0.495833 0.5 0.111111 1
0 0.459028 0 0.0319444 0
0 0.194444 0 0.0194444 0
0 0.347222 0 0.0194444 0
0 0.802083 0 0.0180556 0
0 0.647917 0 0.0208333 0
0 0.496528 0.5 0.109722 1
0 0.458333 0 0.0333333 0
0 0.347222 0 0.0194444 0
0 0.802083 0 0.0180556 0
0 0.647917 0 0.0208333 0
0 0.497917 0.5 0.109722 1
0 0.458333 0 0.0333333 0
0 0.347917 0 0.0180556 0
0 0.802083 0 0.0180556 0
0 0.647917 0 0.0208333 0
0 0.497917 0.5 0.109722 1
0 0.458333 0 0.0333333 0
0 0.347222 0 0.0194444 0
0 0.802083 0 0.0180556 0
0 0.647917 0 0.0208333 0
0 0.496528 0.5 0.109722 1
0 0.458333 0 0.0333333 0
0 0.347917 0 0.0180556 0
0 0.802083 0 0.0180556 0
0 0.647917 0 0.0208333 0
0 0.495139 0.5 0.109722 1
0 0.347222 0 0.0194444 0
0 0.802083 0 0.0180556 0
0 0.647917 0 0.0208333 0
0 0.495833 0.5 0.111111 1
0 0.347222 0 0.0194444 0
0 0.802083 0 0.0180556 0
0 0.647917 0 0.0208333 0
0 0.495833 0.5 0.111111 1
0 0.347222 0 0.0194444 0
0 0.802083 0 0.0180556 0
0 0.647917 0 0.0180556 0
0 0.495833 0.5 0.111111 1
0 0.347222 0 0.0194444 0
0 0.802083 0 0.0180556 0
0 0.647222 0 0.0194444 0
0 0.496528 0.5 0.109722 1
0 0.347222 0 0.0194444 0
0 0.801389 0 0.0194444 0
0 0.647222 0 0.0194444 0
0 0.496528 0.5 0.109722 1
0 0.347222 0 0.0194444 0
0 0.801389 0 0.0194444 0
0 0.647222 0 0.0194444 0
0 0.495139 0.5 0.109722 1
0 0.801389 0 0.0194444 0
0 0.347222 0 0.0194444 0
0 0.647222 0 0.0194444 0
0 0.49375 0.5 0.109722 1
0 0.801389 0 0.0194444 0
0 0.347222 0 0.0194444 0
0 0.647222 0 0.0194444 0
0 0.495139 0.5 0.109722 1
0 0.347222 0 0.0194444 0
0 0.801389 0 0.0194444 0
0 0.647222 0 0.0194444 0
0 0.496528 0.5 0.109722 1
0 0.347222 0 0.0194444 0
0 0.801389 0 0.0194444 0
0 0.647222 0 0.0194444 0
0 0.497917 0.5 0.109722 1
0 0.347222 0 0.0194444 0
0 0.8 0 0.0194444 0
0 0.647222 0 0.0194444 0
0 0.496528 0.5 0.109722 1
0 0.347222 0 0.0194444 0
0 0.800694 0 0.0180556 0
0 0.647222 0 0.0194444 0
0 0.49375 0.5 0.109722 1
0 0.347222 0 0.0194444 0
0 0.800694 0 0.0180556 0
0 0.647917 0 0.0180556 0
0 0.49375 0.5 0.109722 1
0 0.347222 0 0.0194444 0
0 0.800694 0 0.0180556 0
0 0.647222 0 0.0194444 0
0 0.495139 0.5 0.109722 1
0 0.347222 0 0.0194444 0
0 0.647222 0 0.0194444 0
0 0.800694 0 0.0180556 0
0 0.497222 0.5 0.111111 1
0 0.347222 0 0.0194444 0
0 0.647222 0 0.0194444 0
0 0.800694 0 0.0180556 0
0 0.496528 0.5 0.109722 1
0 0.347222 0 0.0194444 0
0 0.800694 0 0.0180556 0
0 0.647222 0 0.0194444 0
0 0.496528 0.5 0.109722 1
0 0.347222 0 0.0194444 0
0 0.8 0 0.0194444 0
0 0.647222 0 0.0194444 0
0 0.496528 0.5 0.109722 1
0 0.347222 0 0.0194444 0
0 0.8 0 0.0194444 0
0 0.646528 0 0.0180556 0
0 0.49375 0.5 0.109722 1
0 0.347222 0 0.0194444 0
0 0.8 0 0.0194444 0
0 0.646528 0 0.0180556 0
0 0.49375 0.5 0.109722 1
0 0.347222 0 0.0194444 0
0 0.8 0 0.0194444 0
0 0.646528 0 0.0180556 0
0 0.49375 0.5 0.109722 1
0 0.347222 0 0.0194444 0
0 0.8 0 0.0194444 0
0 0.646528 0 0.0180556 0
0 0.495139 0.5 0.109722 1
0 0.799306 0 0.0180556 0
0 0.347222 0 0.0194444 0
0 0.646528 0 0.0180556 0
0 0.497222 0.5 0.108333 1
0 0.798611 0 0.0194444 0
0 0.347222 0 0.0194444 0
0 0.646528 0 0.0180556 0
0 0.496528 0.5 0.1125 1
0 0.798611 0 0.0194444 0
0 0.347917 0 0.0180556 0
0 0.647222 0 0.0194444 0
0 0.496528 0.5 0.1125 1
0 0.797917 0 0.0180556 0
0 0.348611 0 0.0194444 0
0 0.646528 0 0.0180556 0
0 0.494444 0.5 0.111111 1
0 0.797917 0 0.0180556 0
0 0.348611 0 0.0194444 0
0 0.645833 0 0.0166667 0
0 0.493056 0.5 0.111111 1
0 0.798611 0 0.0194444 0
0 0.349306 0 0.0180556 0
0 0.645833 0 0.0166667 0
0 0.494444 0.5 0.111111 1
0 0.349306 0 0.0180556 0
0 0.797222 0 0.0194444 0
0 0.645833 0 0.0166667 0
0 0.495833 0.5 0.105556 1
0 0.797222 0 0.0194444 0
0 0.348611 0 0.0194444 0
0 0.645833 0 0.0166667 0
0 0.497222 0.5 0.108333 1
0 0.797222 0 0.0194444 0
0 0.348611 0 0.0194444 0
0 0.645139 0 0.0180556 0
0 0.496528 0.5 0.106944 1
0 0.349306 0 0.0180556 0
0 0.796528 0 0.0180556 0
0 0.645833 0 0.0166667 0
0 0.494444 0.5 0.108333 1
0 0.199306 0 0.0180556 0
0 0.795139 0 0.0180556 0
0 0.35 0 0.0166667 0
0 0.645139 0 0.0180556 0
0 0.49375 0.5 0.109722 1
0 0.200694 0 0.0180556 0
0 0.794444 0 0.0166667 0
0 0.351389 0 0.0166667 0
0 0.644444 0 0.0166667 0
0 0.493056 0.5 0.108333 1
0 0.794444 0 0.0166667 0
0 0.351389 0 0.0166667 0
0 0.644444 0 0.0166667 0
0 0.495833 0.5 0.105556 1
0 0.793056 0 0.0166667 0
0 0.352083 0 0.0180556 0
0 0.644444 0 0.0166667 0
0 0.498611 0.5 0.102778 1
0 0.791667 0 0.0194444 0
0 0.353472 0 0.0208333 0
0 0.64375 0 0.0180556 0
0 0.504861 0.5 0.101389 1
0 0.790972 0 0.0180556 0
0 0.353472 0 0.0208333 0
0 0.64375 0 0.0180556 0
0 0.505556 0.5 0.102778 1
0 0.790972 0 0.0180556 0
0 0.64375 0 0.0208333 0
0 0.354167 0 0.0194444 0
0 0.506944 0.5 0.102778 1
0 0.790278 0 0.0166667 0
0 0.206944 0 0.0166667 0
0 0.354167 0 0.0194444 0
0 0.64375 0 0.0180556 0
0 0.510417 0.5 0.0986111 1
0 0.208333 0 0.0166667 0
0 0.789583 0 0.0180556 0
0 0.643056 0 0.0222222 0
0 0.513194 0.5 0.0986111 1
0 0.788889 0 0.0166667 0
0 0.643056 0 0.0194444 0
0 0.519444 0.5 0.0972222 1
0 0.788889 0 0.0166667 0
0 0.643056 0 0.0194444 0
0 0.520833 0.5 0.0972222 1
0 0.7875 0 0.0166667 0
0 0.358333 0 0.0166667 0
0 0.642361 0 0.0180556 0
0 0.523611 0.5 0.0916667 1
0 0.358333 0 0.0166667 0
0 0.7875 0 0.0166667 0
0 0.642361 0 0.0180556 0
0 0.523611 0.5 0.0916667 1
0 0.359722 0 0.0194444 0
0 0.786806 0 0.0152778 0
0 0.642361 0 0.0180556 0
0 0.526389 0.5 0.0916667 1
0 0.786806 0 0.0152778 0
0 0.359028 0 0.0180556 0
0 0.642361 0 0.0180556 0
0 0.527083 0.5 0.0902778 1
0 0.786111 0 0.0166667 0
0 0.359722 0 0.0194444 0
0 0.642361 0 0.0180556 0
0 0.527083 0.5 0.0875 1
0 0.360417 0 0.0180556 0
0 0.785417 0 0.0180556 0
0 0.641667 0 0.0194444 0
0 0.528472 0.5 0.0875 1
0 0.361111 0 0.0194444 0
0 0.785417 0 0.0180556 0
0 0.641667 0 0.0194444 0
0 0.528472 0.5 0.0847222 1
0 0.785417 0 0.0180556 0
0 0.361806 0 0.0180556 0
0 0.641667 0 0.0194444 0
0 0.527778 0.5 0.0861111 1
0 0.641667 0 0.0194444 0
0 0.527083 0.5 0.0875 1
0 0.3625 0 0.0166667 0
0 0.641667 0 0.0194444 0
0 0.526389 0.5 0.0861111 1
0 0.3625 0 0.0166667 0
0 0.642361 0 0.0180556 0
0 0.524306 0.5 0.0847222 1
0 0.785417 0 0.0180556 0
0 0.363889 0 0.0166667 0
0 0.642361 0 0.0180556 0
0 0.522917 0.5 0.0847222 1
0 0.786111 0 0.0194444 0
0 0.643056 0 0.0166667 0
0 0.364583 0 0.0152778 0
0 0.522222 0.5 0.0833333 1
0 0.784722 0 0.0166667 0
0 0.643056 0 0.0166667 0
0 0.364583 0 0.0152778 0
0 0.520833 0.5 0.0833333 1
0 0.785417 0 0.0180556 0
0 0.364583 0 0.0152778 0
0 0.643056 0 0.0166667 0
0 0.520833 0.5 0.0805556 1
0 0.785417 0 0.0180556 0
0 0.643056 0 0.0166667 0
0 0.364583 0 0.0152778 0
0 0.51875 0.5 0.0819444 1
0 0.784722 0 0.0166667 0
0 0.643056 0 0.0166667 0
0 0.365278 0 0.0166667 0
0 0.516667 0.5 0.0805556 1
