0 0.455556 0.5 0.025 1
0 0.455556 0.5 0.025 1
0 0.455556 0.5 0.025 1
0 0.455556 0.5 0.025 1
0 0.455556 0.5 0.025 1
0 0.455556 0.5 0.025 1
0 0.455556 0.5 0.025 1
0 0.455556 0.5 0.025 1
0 0.455556 0.5 0.025 1
0 0.455556 0.5 0.025 1
0 0.455556 0.5 0.025 1
0 0.455556 0.5 0.025 1
0 0.455556 0.5 0.025 1
0 0.455556 0.5 0.025 1
0 0.455556 0.5 0.025 1
0 0.455556 0.5 0.025 1
0 0.455556 0.5 0.025 1
0 0.455556 0.5 0.025 1
0 0.455556 0.5 0.025 1
0 0.455556 0.5 0.025 1
0 0.455556 0.5 0.025 1
0 0.455556 0.5 0.025 1
0 0.455556 0.5 0.025 1
0 0.455556 0.5 0.025 1
0 0.455556 0.5 0.025 1
0 0.455556 0.5 0.025 1
0 0.455556 0.5 0.025 1
0 0.455556 0.5 0.025 1
0 0.455556 0.5 0.025 1
0 0.455556 0.5 0.025 1
0 0.455556 0.5 0.025 1
0 0.455556 0.5 0.025 1
0 0.455556 0.5 0.025 1
0 0.455556 0.5 0.025 1
0 0.455556 0.5 0.025 1
0 0.455556 0.5 0.025 1
0 0.455556 0.5 0.025 1
0 0.455556 0.5 0.025 1
0 0.455556 0.5 0.025 1
0 0.455556 0.5 0.025 1
0 0.455556 0.5 0.025 1
0 0.455556 0.5 0.025 1
0 0.455556 0.5 0.025 1
0 0.455556 0.5 0.025 1
0 0.455556 0.5 0.025 1
0 0.455556 0.5 0.025 1
0 0.455556 0.5 0.025 1
0 0.455556 0.5 0.025 1
0 0.455556 0.5 0.025 1
0 0.455556 0.5 0.025 1
0 0.455556 0.5 0.025 1
0 0.455556 0.5 0.025 1
0 0.455556 0.5 0.025 1
0 0.455556 0.5 0.025 1
0 0.455556 0.5 0.025 1
0 0.455556 0.5 0.025 1
0 0.455556 0.5 0.025 1
0 0.455556 0.5 0.025 1
0 0.455556 0.5 0.025 1
0 0.455556 0.5 0.025 1
0 0.455556 0.5 0.025 1
0 0.455556 0.5 0.025 1
0 0.455556 0.5 0.025 1
0 0.455556 0.5 0.025 1
0 0.455556 0.5 0.025 1
0 0.455556 0.5 0.025 1
0 0.455556 0.5 0.025 1
0 0.455556 0.5 0.025 1
0 0.455556 0.5 0.025 1
0 0.455556 0.5 0.025 1
0 0.455556 0.5 0.025 1
0 0.455556 0.5 0.025 1
0 0.455556 0.5 0.025 1
0 0.455556 0.5 0.025 1
0 0.455556 0.5 0.025 1
0 0.455556 0.5 0.025 1
0 0.455556 0.5 0.025 1
0 0.455556 0.5 0.025 1
0 0.455556 0.5 0.025 1
0 0.455556 0.5 0.025 1
0 0.455556 0.5 0.025 1
0 0.455556 0.5 0.025 1
0 0.455556 0.5 0.025 1
0 0.455556 0.5 0.025 1
0 0.455556 0.5 0.025 1
0 0.455556 0.5 0.025 1
0 0.455556 0.5 0.025 1
0 0.455556 0.5 0.025 1
0 0.455556 0.5 0.025 1
0 0.455556 0.5 0.025 1
0 0.455556 0.5 0.025 1
0 0.455556 0.5 0.025 1
0 0.455556 0.5 0.025 1
0 0.455556 0.5 0.025 1
0 0.455556 0.5 0.025 1
0 0.455556 0.5 0.025 1
0 0.455556 0.5 0.025 1
0 0.455556 0.5 0.025 1
0 0.455556 0.5 0.025 1
0 0.455556 0.5 0.025 1
0 0.455556 0.5 0.025 1
0 0.455556 0.5 0.025 1
0 0.455556 0.5 0.025 1
0 0.455556 0.5 0.025 1
0 0.455556 0.5 0.025 1
0 0.455556 0.5 0.025 1
0 0.455556 0.5 0.025 1
0 0.455556 0.5 0.025 1
0 0.455556 0.5 0.025 1
0 0.455556 0.5 0.025 1
0 0.455556 0.5 0.025 1
0 0.455556 0.5 0.025 1
0 0.455556 0.5 0.025 1
0 0.455556 0.5 0.025 1
0 0.455556 0.5 0.025 1
0 0.455556 0.5 0.025 1
0 0.455556 0.5 0.025 1
0 0.455556 0.5 0.025 1
0 0.455556 0.5 0.025 1
0 0.455556 0.5 0.025 1
0 0.455556 0.5 0.025 1
0 0.455556 0.5 0.025 1
0 0.455556 0.5 0.025 1
0 0.455556 0.5 0.025 1
0 0.455556 0.5 0.025 1
0 0.45625 0.5 0.0236111 1
0 0.465972 0.5 0.0402778 1
0 0.573611 0 0.0111111 0
0 0.457639 1 0.0208333 0
0 0.459028 1 0.0208333 0
0 0.475 0.5 0.0555556 1
0 0.477083 0.5 0.0569444 1
0 0.477083 0.5 0.0541667 1
0 0.479167 0.5 0.0527778 1
0 0.577778 0 0.00833333 0
0 0.480556 0.5 0.0472222 1
0 0.490278 1 0.0138889 0
0 0.490972 1 0.0180556 0
0 0.490972 1 0.0208333 0
0 0.492361 1 0.0208333 0
0 0.493056 1 0.0222222 0
0 0.496528 1 0.0236111 0
0 0.497222 1 0.025 0
0 0.497917 1 0.0263889 0
0 0.498611 1 0.025 0
0 0.498611 1 0.025 0
0 0.498611 1 0.025 0
0 0.500694 1 0.0263889 0
0 0.504167 1 0.0277778 0
0 0.504167 1 0.0277778 0
0 0.507639 1 0.0263889 0
0 0.509722 1 0.0277778 0
0 0.509722 1 0.0277778 0
0 0.511111 1 0.0277778 0
0 0.511111 1 0.0277778 0
0 0.5125 1 0.0277778 0
0 0.515278 1 0.0277778 0
0 0.516667 1 0.0277778 0
0 0.517361 1 0.0291667 0
0 0.519444 1 0.0277778 0
0 0.521528 1 0.0291667 0
0 0.521528 1 0.0291667 0
0 0.522222 1 0.0305556 0
0 0.607639 0 0.0125 0
0 0.523611 1 0.0305556 0
0 0.608333 0 0.0111111 0
0 0.524306 1 0.0291667 0
0 0.608333 0 0.0111111 0
0 0.524306 1 0.0291667 0
0 0.527778 1 0.0305556 0
0 0.527778 1 0.0305556 0
0 0.611806 0 0.0125 0
0 0.529167 1 0.0305556 0
0 0.6125 0 0.0111111 0
0 0.530556 1 0.0305556 0
0 0.53125 1 0.0291667 0
0 0.613889 0 0.0111111 0
0 0.531944 1 0.0305556 0
0 0.613889 0 0.0111111 0
0 0.533333 1 0.0305556 0
0 0.613889 0 0.0111111 0
0 0.533333 1 0.0305556 0
0 0.613889 0 0.0111111 0
0 0.533333 1 0.0305556 0
0 0.413194 0 0.0125 0
0 0.615278 0 0.0111111 0
0 0.534028 1 0.0319444 0
0 0.615278 0 0.0111111 0
0 0.533333 1 0.0305556 0
0 0.534028 1 0.0319444 0
0 0.535417 1 0.0319444 0
0 0.535417 1 0.0319444 0
0 0.534722 1 0.0333333 0
0 0.535417 1 0.0319444 0
0 0.535417 1 0.0319444 0
0 0.535417 1 0.0319444 0
0 0.61875 0 0.0125 0
0 0.535417 1 0.0347222 0
0 0.61875 0 0.0125 0
0 0.535417 1 0.0347222 0
0 0.534722 1 0.0361111 0
0 0.409028 0 0.0152778 0
0 0.619444 0 0.0138889 0
0 0.535417 0.5 0.0347222 1
0 0.619444 0 0.0138889 0
0 0.535417 0.5 0.0347222 1
0 0.408333 0 0.0138889 0
0 0.619444 0 0.0138889 0
0 0.534722 0.5 0.0361111 1
0 0.61875 0 0.0125 0
0 0.534028 0.5 0.0347222 1
0 0.533333 0.5 0.0333333 1
0 0.619444 0 0.0138889 0
0 0.532639 0.5 0.0347222 1
0 0.619444 0 0.0138889 0
0 0.532639 0.5 0.0347222 1
0 0.404167 0 0.0138889 0
0 0.620139 0 0.0152778 0
0 0.531944 0.5 0.0361111 1
0 0.619444 0 0.0138889 0
0 0.531944 0.5 0.0361111 1
0 0.530556 0.5 0.0361111 1
0 0.620833 0 0.0138889 0
0 0.529861 0.5 0.0375 1
0 0.620833 0 0.0138889 0
0 0.401389 0 0.0138889 0
0 0.529167 0.5 0.0388889 1
0 0.620139 0 0.0152778 0
0 0.528472 0.5 0.0375 1
0 0.620833 0 0.0138889 0
0 0.528472 0.5 0.0402778 1
0 0.620833 0 0.0138889 0
0 0.527083 0.5 0.0402778 1
0 0.527083 0.5 0.0402778 1
0 0.526389 0.5 0.0388889 1
0 0.525694 0.5 0.0402778 1
0 0.525 0.5 0.0388889 1
0 0.622222 0 0.0138889 0
0 0.525 0.5 0.0388889 1
0 0.524306 0.5 0.0402778 1
0 0.622222 0 0.0138889 0
0 0.523611 0.5 0.0416667 1
0 0.621528 0 0.0125 0
0 0.522917 0.5 0.0430556 1
0 0.391667 0 0.0166667 0
0 0.622222 0 0.0138889 0
0 0.522917 0.5 0.0430556 1
0 0.390972 0 0.0152778 0
0 0.622222 0 0.0138889 0
0 0.522222 0.5 0.0444444 1
0 0.390972 0 0.0152778 0
0 0.622222 0 0.0138889 0
0 0.520833 0.5 0.0416667 1
0 0.622222 0 0.0138889 0
0 0.520833 0.5 0.0416667 1
0 0.389583 0 0.0152778 0
0 0.622222 0 0.0138889 0
0 0.520833 0.5 0.0416667 1
0 0.622917 0 0.0125 0
0 0.520139 0.5 0.0430556 1
0 0.519444 0.5 0.0416667 1
0 0.51875 0.5 0.0458333 1
0 0.51875 0.5 0.0458333 1
0 0.623611 0 0.0166667 0
0 0.517361 0.5 0.0458333 1
0 0.265278 0 0.0138889 0
0 0.623611 0 0.0138889 0
0 0.745833 0 0.0138889 0
0 0.516667 0.5 0.0472222 1
0 0.624306 0 0.0152778 0
0 0.745833 0 0.0138889 0
0 0.515972 0.5 0.0486111 1
0 0.746528 0 0.0152778 0
0 0.515972 0.5 0.0486111 1
0 0.384028 0 0.0152778 0
0 0.515278 0.5 0.05 1
0 0.384722 0 0.0138889 0
0 0.624306 0 0.0152778 0
0 0.514583 0.5 0.0486111 1
0 0.382639 0 0.0152778 0
0 0.625 0 0.0138889 0
0 0.513889 0.5 0.05 1
0 0.382639 0 0.0152778 0
0 0.625 0 0.0138889 0
0 0.5125 0.5 0.05 1
0 0.382639 0 0.0152778 0
0 0.625 0 0.0138889 0
0 0.511806 0.5 0.0513889 1
0 0.750694 0 0.0152778 0
0 0.625694 0 0.0152778 0
0 0.510417 0.5 0.0569444 1
0 0.625 0 0.0138889 0
0 0.510417 0.5 0.0569444 1
0 0.625694 0 0.0152778 0
0 0.752083 0 0.0152778 0
0 0.510417 0.5 0.0569444 1
0 0.625694 0 0.0152778 0
0 0.510417 0 0.0569444 0
0 0.752778 0 0.0166667 0
0 0.626389 0 0.0138889 0
0 0.510417 0 0.0541667 0
0 0.377778 0 0.0166667 0
0 0.626389 0 0.0138889 0
0 0.509028 0 0.0541667 0
0 0.377778 0 0.0138889 0
0 0.625694 0 0.0152778 0
0 0.509028 0 0.0541667 0
0 0.377083 0 0.0152778 0
0 0.626389 0 0.0166667 0
0 0.754861 0 0.0125 0
0 0.508333 0 0.0555556 0
0 0.377083 0 0.0152778 0
0 0.508333 0 0.0555556 0
0 0.627083 0 0.0152778 0
0 0.376389 0 0.0166667 0
0 0.508333 0 0.0555556 0
0 0.756944 0 0.0138889 0
0 0.627083 0 0.0152778 0
0 0.375694 0 0.0152778 0
0 0.507639 0 0.0569444 0
0 0.374306 0 0.0152778 0
0 0.628472 0 0.0152778 0
0 0.50625 0 0.0569444 0
0 0.245139 0 0.0152778 0
0 0.628472 0 0.0152778 0
0 0.505556 0 0.0583333 0
0 0.758333 0 0.0166667 0
0 0.373611 0 0.0166667 0
0 0.628472 0 0.0152778 0
0 0.505556 0 0.0583333 0
0 0.372917 0 0.0180556 0
0 0.628472 0 0.0152778 0
0 0.503472 0 0.0597222 0
0 0.628472 0 0.0152778 0
0 0.503472 0 0.0597222 0
0 0.629167 0 0.0166667 0
0 0.502778 0 0.0611111 0
0 0.629861 0 0.0180556 0
0 0.760417 0 0.0152778 0
0 0.372222 0 0.0166667 0
0 0.502778 0.5 0.0638889 1
0 0.629167 0 0.0166667 0
0 0.370833 0 0.0166667 0
0 0.502083 0.5 0.0652778 1
0 0.629861 0 0.0180556 0
0 0.370833 0 0.0166667 0
0 0.502083 0.5 0.0625 1
0 0.763194 0 0.0152778 0
0 0.629861 0 0.0180556 0
0 0.501389 0.5 0.0638889 1
0 0.630556 0 0.0166667 0
0 0.501389 0.5 0.0638889 1
0 0.629861 0 0.0180556 0
0 0.500694 0.5 0.0652778 1
0 0.63125 0 0.0152778 0
0 0.500694 0.5 0.0652778 1
0 0.234028 0 0.0180556 0
0 0.63125 0 0.0152778 0
0 0.5 0.5 0.0666667 1
0 0.766667 0 0.0166667 0
0 0.368056 0 0.0166667 0
0 0.233333 0 0.0166667 0
0 0.631944 0 0.0166667 0
0 0.5 0.5 0.0666667 1
0 0.367361 0 0.0180556 0
0 0.232639 0 0.0152778 0
0 0.766667 0 0.0166667 0
0 0.631944 0 0.0166667 0
0 0.499306 0.5 0.0680556 1
0 0.76875 0 0.0152778 0
0 0.632639 0 0.0152778 0
0 0.499306 0.5 0.0708333 1
0 0.366667 0 0.0166667 0
0 0.76875 0 0.0152778 0
0 0.631944 0 0.0166667 0
0 0.499306 0.5 0.0708333 1
0 0.365278 0 0.0166667 0
0 0.633333 0 0.0166667 0
0 0.770139 0 0.0152778 0
0 0.497917 0.5 0.0708333 1
0 0.632639 0 0.0180556 0
0 0.365278 0 0.0166667 0
0 0.770139 0 0.0152778 0
0 0.497917 0.5 0.0736111 1
0 0.770833 0 0.0166667 0
0 0.365278 0 0.0166667 0
0 0.633333 0 0.0166667 0
0 0.498611 0.5 0.075 1
0 0.365278 0 0.0166667 0
0 0.633333 0 0.0194444 0
0 0.498611 0.5 0.075 1
0 0.364583 0 0.0180556 0
0 0.634028 0 0.0180556 0
0 0.497917 0.5 0.0763889 1
0 0.363889 0 0.0166667 0
0 0.635417 0 0.0180556 0
0 0.497917 0.5 0.0763889 1
0 0.363889 0 0.0166667 0
0 0.634722 0 0.0194444 0
0 0.497917 0.5 0.0791667 1
0 0.774306 0 0.0180556 0
0 0.363889 0 0.0166667 0
0 0.635417 0 0.0180556 0
0 0.497917 0.5 0.0791667 1
0 0.361806 0 0.0180556 0
0 0.776389 0 0.0166667 0
0 0.636111 0 0.0166667 0
0 0.497917 0.5 0.0791667 1
0 0.361111 0 0.0166667 0
0 0.775694 0 0.0152778 0
0 0.636111 0 0.0166667 0
0 0.497222 0.5 0.0805556 1
0 0.361806 0 0.0180556 0
0 0.776389 0 0.0166667 0
0 0.636111 0 0.0166667 0
0 0.497917 0.5 0.0819444 1
0 0.3625 0 0.0166667 0
0 0.777083 0 0.0180556 0
0 0.636111 0 0.0166667 0
0 0.497917 0.5 0.0819444 1
0 0.361806 0 0.0180556 0
0 0.777778 0 0.0166667 0
0 0.636806 0 0.0152778 0
0 0.497917 0.5 0.0847222 1
0 0.360417 0 0.0180556 0
0 0.778472 0 0.0180556 0
0 0.636806 0 0.0152778 0
0 0.497917 0.5 0.0847222 1
0 0.360417 0 0.0180556 0
0 0.778472 0 0.0180556 0
0 0.6375 0 0.0166667 0
0 0.497917 0.5 0.0847222 1
0 0.361111 0 0.0166667 0
0 0.779167 0 0.0166667 0
0 0.6375 0 0.0166667 0
0 0.497917 0.5 0.0847222 1
0 0.361111 0 0.0166667 0
0 0.779861 0 0.0180556 0
0 0.6375 0 0.0166667 0
0 0.497222 0.5 0.0861111 1
0 0.361111 0 0.0166667 0
0 0.779861 0 0.0180556 0
0 0.6375 0 0.0166667 0
0 0.497222 0.5 0.0861111 1
0 0.360417 0 0.0180556 0
0 0.780556 0 0.0166667 0
0 0.638194 0 0.0152778 0
0 0.497917 0.5 0.0875 1
0 0.360417 0 0.0180556 0
0 0.781944 0 0.0166667 0
0 0.638889 0 0.0166667 0
0 0.497222 0.5 0.0888889 1
0 0.318056 0 0.05 0
0 0.360417 0 0.0180556 0
0 0.78125 0 0.0180556 0
0 0.638889 0 0.0166667 0
0 0.497222 0.5 0.0888889 1
0 0.78125 0 0.0180556 0
0 0.359028 0 0.0180556 0
0 0.638194 0 0.0152778 0
0 0.497222 0.5 0.0916667 1
0 0.78125 0 0.0180556 0
0 0.359028 0 0.0180556 0
0 0.638889 0 0.0166667 0
0 0.497222 0.5 0.0916667 1
0 0.782639 0 0.0180556 0
0 0.359722 0 0.0166667 0
0 0.638889 0 0.0166667 0
0 0.497222 0.5 0.0916667 1
0 0.782639 0 0.0180556 0
0 0.358333 0 0.0166667 0
0 0.638889 0 0.0166667 0
0 0.497222 0.5 0.0916667 1
0 0.359028 0 0.0180556 0
0 0.782639 0 0.0180556 0
0 0.638889 0 0.0166667 0
0 0.497222 0.5 0.0916667 1
0 0.784722 0 0.0194444 0
0 0.358333 0 0.0166667 0
0 0.638889 0 0.0194444 0
0 0.497222 0.5 0.0944444 1
0 0.358333 0 0.0166667 0
0 0.639583 0 0.0180556 0
0 0.497222 0.5 0.0944444 1
0 0.358333 0 0.0166667 0
0 0.639583 0 0.0180556 0
0 0.497222 0.5 0.0972222 1
0 0.358333 0 0.0166667 0
0 0.638889 0 0.0194444 0
0 0.496528 0.5 0.0986111 1
0 0.786111 0 0.0194444 0
0 0.358333 0 0.0166667 0
0 0.640972 0 0.0180556 0
0 0.496528 0.5 0.0986111 1
0 0.785417 0 0.0180556 0
0 0.356944 0 0.0166667 0
0 0.640972 0 0.0180556 0
0 0.495833 0.5 0.1 1
0 0.356944 0 0.0166667 0
0 0.785417 0 0.0180556 0
0 0.640278 0 0.0194444 0
0 0.495833 0.5 0.1 1
0 0.786111 0 0.0194444 0
0 0.356944 0 0.0166667 0
0 0.641667 0 0.0194444 0
0 0.495833 0.5 0.1 1
0 0.786806 0 0.0180556 0
0 0.356944 0 0.0166667 0
0 0.640972 0 0.0208333 0
0 0.495833 0.5 0.1 1
0 0.357639 0 0.0180556 0
0 0.641667 0 0.0194444 0
0 0.495139 0.5 0.101389 1
0 0.788194 0 0.0180556 0
0 0.356944 0 0.0194444 0
0 0.641667 0 0.0194444 0
0 0.495139 0.5 0.101389 1
0 0.209722 0 0.0194444 0
0 0.35625 0 0.0180556 0
0 0.788194 0 0.0180556 0
0 0.641667 0 0.0194444 0
0 0.494444 0.5 0.102778 1
0 0.355556 0 0.0194444 0
0 0.788889 0 0.0166667 0
0 0.209028 0 0.0180556 0
0 0.642361 0 0.0208333 0
0 0.495139 0.5 0.101389 1
0 0.789583 0 0.0180556 0
0 0.355556 0 0.0194444 0
0 0.209028 0 0.0180556 0
0 0.643056 0 0.0194444 0
0 0.49375 0.5 0.101389 1
0 0.35625 0 0.0180556 0
0 0.209028 0 0.0180556 0
0 0.643056 0 0.0194444 0
0 0.790278 0 0.0166667 0
0 0.494444 0.5 0.102778 1
0 0.355556 0 0.0194444 0
0 0.209028 0 0.0180556 0
0 0.641667 0 0.0194444 0
0 0.790278 0 0.0166667 0
0 0.494444 0.5 0.102778 1
0 0.354861 0 0.0180556 0
0 0.790972 0 0.0180556 0
0 0.207639 0 0.0180556 0
0 0.641667 0 0.0194444 0
0 0.493056 0.5 0.105556 1
0 0.790972 0 0.0180556 0
0 0.206944 0 0.0166667 0
0 0.641667 0 0.0194444 0
0 0.493056 0.5 0.105556 1
0 0.354167 0 0.0194444 0
0 0.791667 0 0.0194444 0
0 0.643056 0 0.0194444 0
0 0.492361 0.5 0.106944 1
0 0.791667 0 0.0194444 0
0 0.354167 0 0.0194444 0
0 0.643056 0 0.0194444 0
0 0.49375 0.5 0.106944 1
0 0.354167 0 0.0194444 0
0 0.791667 0 0.0194444 0
0 0.643056 0 0.0194444 0
0 0.49375 0.5 0.106944 1
0 0.791667 0 0.0194444 0
0 0.353472 0 0.0180556 0
0 0.643056 0 0.0194444 0
0 0.493056 0.5 0.108333 1
0 0.793056 0 0.0194444 0
0 0.353472 0 0.0180556 0
0 0.64375 0 0.0180556 0
0 0.49375 0.5 0.109722 1
0 0.352778 0 0.0194444 0
0 0.64375 0 0.0180556 0
0 0.493056 0.5 0.108333 1
0 0.352778 0 0.0194444 0
0 0.64375 0 0.0180556 0
0 0.491667 0.5 0.108333 1
0 0.793056 0 0.0194444 0
0 0.64375 0 0.0180556 0
0 0.352778 0 0.0194444 0
0 0.489583 0.5 0.115278 1
0 0.793056 0 0.0166667 0
0 0.352778 0 0.0194444 0
0 0.644444 0 0.0166667 0
0 0.488889 0.5 0.116667 1
0 0.79375 0 0.0180556 0
0 0.352778 0 0.0194444 0
0 0.644444 0 0.0166667 0
0 0.4875 0.5 0.113889 1
0 0.79375 0 0.0180556 0
0 0.352778 0 0.0194444 0
0 0.486111 0.5 0.111111 1
0 0.644444 0 0.0166667 0
0 0.794444 0 0.0166667 0
0 0.352778 0 0.0194444 0
0 0.484722 0.5 0.111111 1
0 0.644444 0 0.0166667 0
0 0.794444 0 0.0166667 0
0 0.352083 0 0.0180556 0
0 0.645139 0 0.0180556 0
0 0.484722 0.5 0.111111 1
0 0.352083 0 0.0180556 0
0 0.794444 0 0.0166667 0
0 0.645139 0 0.0180556 0
0 0.485417 0.5 0.1125 1
0 0.794444 0 0.0166667 0
0 0.352083 0 0.0180556 0
0 0.644444 0 0.0194444 0
0 0.486111 0.5 0.111111 1
0 0.352083 0 0.0180556 0
0 0.794444 0 0.0166667 0
0 0.644444 0 0.0194444 0
0 0.486806 0.5 0.1125 1
0 0.794444 0 0.0166667 0
0 0.352083 0 0.0180556 0
0 0.645139 0 0.0180556 0
0 0.486806 0.5 0.1125 1
0 0.794444 0 0.0166667 0
0 0.352083 0 0.0180556 0
0 0.645139 0 0.0180556 0
0 0.4875 0.5 0.113889 1
0 0.352083 0 0.0180556 0
0 0.794444 0 0.0166667 0
0 0.645139 0 0.0180556 0
0 0.4875 0.5 0.113889 1
0 0.794444 0 0.0166667 0
0 0.352083 0 0.0180556 0
0 0.645139 0 0.0180556 0
0 0.4875 0.5 0.113889 1
0 0.794444 0 0.0166667 0
0 0.351389 0 0.0166667 0
0 0.4875 0.5 0.113889 1
0 0.645139 0 0.0180556 0
0 0.794444 0 0.0166667 0
0 0.351389 0 0.0166667 0
0 0.488194 0.5 0.1125 1
0 0.645139 0 0.0180556 0
0 0.794444 0 0.0166667 0
0 0.351389 0 0.0166667 0
0 0.645139 0 0.0180556 0
0 0.488194 0.5 0.1125 1
0 0.794444 0 0.0166667 0
0 0.351389 0 0.0166667 0
0 0.645139 0 0.0180556 0
0 0.488194 0.5 0.109722 1
0 0.351389 0 0.0166667 0
0 0.794444 0 0.0166667 0
0 0.645139 0 0.0180556 0
0 0.4875 0.5 0.111111 1
0 0.351389 0 0.0166667 0
0 0.794444 0 0.0166667 0
0 0.645139 0 0.0180556 0
0 0.488194 0.5 0.109722 1
0 0.351389 0 0.0166667 0
0 0.794444 0 0.0166667 0
0 0.645139 0 0.0180556 0
0 0.4875 0.5 0.111111 1
0 0.350694 0 0.0180556 0
0 0.794444 0 0.0166667 0
0 0.645139 0 0.0180556 0
0 0.488889 0.5 0.116667 1
0 0.200694 0 0.0180556 0
0 0.794444 0 0.0166667 0
0 0.350694 0 0.0180556 0
0 0.488889 0.5 0.116667 1
0 0.645139 0 0.0180556 0
0 0.350694 0 0.0180556 0
0 0.794444 0 0.0166667 0
0 0.645139 0 0.0180556 0
0 0.488889 0.5 0.116667 1
0 0.794444 0 0.0166667 0
0 0.350694 0 0.0180556 0
0 0.488889 0.5 0.116667 1
0 0.645139 0 0.0180556 0
0 0.351389 0 0.0166667 0
0 0.794444 0 0.0166667 0
0 0.645139 0 0.0180556 0
0 0.488889 0.5 0.116667 1
0 0.794444 0 0.0166667 0
0 0.351389 0 0.0166667 0
0 0.4875 0.5 0.116667 1
0 0.645139 0 0.0180556 0
0 0.795139 0 0.0180556 0
0 0.350694 0 0.0180556 0
0 0.4875 0.5 0.116667 1
0 0.645139 0 0.0180556 0
0 0.795139 0 0.0180556 0
0 0.350694 0 0.0180556 0
0 0.486111 0.5 0.113889 1
0 0.645139 0 0.0180556 0
0 0.795139 0 0.0180556 0
0 0.350694 0 0.0180556 0
0 0.645139 0 0.0180556 0
0 0.486111 0.5 0.111111 1
0 0.795139 0 0.0180556 0
0 0.350694 0 0.0180556 0
0 0.645139 0 0.0180556 0
0 0.486111 0.5 0.111111 1
0 0.795139 0 0.0180556 0
0 0.350694 0 0.0180556 0
0 0.645139 0 0.0180556 0
0 0.486111 0.5 0.111111 1
0 0.795139 0 0.0180556 0
0 0.350694 0 0.0180556 0
0 0.645139 0 0.0180556 0
0 0.486111 0.5 0.111111 1
0 0.795139 0 0.0180556 0
0 0.350694 0 0.0180556 0
0 0.645139 0 0.0208333 0
0 0.486111 0.5 0.111111 1
0 0.795139 0 0.0180556 0
0 0.35 0 0.0194444 0
0 0.645139 0 0.0208333 0
0 0.486806 0.5 0.1125 1
0 0.795833 0 0.0194444 0
0 0.35 0 0.0194444 0
0 0.645139 0 0.0208333 0
0 0.4875 0.5 0.113889 1
0 0.795833 0 0.0194444 0
0 0.35 0 0.0194444 0
0 0.645833 0 0.0194444 0
0 0.486806 0.5 0.109722 1
0 0.795833 0 0.0194444 0
0 0.35 0 0.0194444 0
0 0.645833 0 0.0194444 0
0 0.488889 0.5 0.116667 1
0 0.795139 0 0.0180556 0
0 0.35 0 0.0194444 0
0 0.645833 0 0.0194444 0
0 0.488889 0.5 0.116667 1
0 0.795833 0 0.0194444 0
0 0.35 0 0.0194444 0
0 0.645833 0 0.0194444 0
0 0.488889 0.5 0.116667 1
0 0.795833 0 0.0194444 0
0 0.35 0 0.0194444 0
0 0.488889 0.5 0.116667 1
0 0.645833 0 0.0194444 0
0 0.796528 0 0.0180556 0
0 0.35 0 0.0194444 0
0 0.488194 0.5 0.115278 1
0 0.645833 0 0.0194444 0
0 0.795833 0 0.0194444 0
0 0.35 0 0.0194444 0
0 0.488194 0.5 0.115278 1
0 0.645833 0 0.0194444 0
0 0.795833 0 0.0194444 0
0 0.35 0 0.0194444 0
0 0.488194 0.5 0.115278 1
0 0.645833 0 0.0194444 0
0 0.795833 0 0.0194444 0
0 0.35 0 0.0194444 0
0 0.488194 0.5 0.115278 1
0 0.645139 0 0.0180556 0
0 0.795833 0 0.0194444 0
0 0.35 0 0.0194444 0
0 0.488194 0.5 0.115278 1
0 0.645139 0 0.0180556 0
0 0.795833 0 0.0194444 0
0 0.35 0 0.0194444 0
0 0.486111 0.5 0.111111 1
0 0.645139 0 0.0180556 0
0 0.795833 0 0.0194444 0
0 0.35 0 0.0194444 0
0 0.486111 0.5 0.111111 1
0 0.645139 0 0.0180556 0
0 0.795833 0 0.0194444 0
0 0.35 0 0.0194444 0
0 0.486111 0.5 0.111111 1
0 0.645139 0 0.0180556 0
0 0.796528 0 0.0180556 0
0 0.348611 0 0.0194444 0
0 0.486111 0.5 0.113889 1
0 0.645139 0 0.0180556 0
0 0.795833 0 0.0194444 0
0 0.348611 0 0.0194444 0
0 0.486111 0.5 0.111111 1
0 0.645139 0 0.0180556 0
0 0.795139 0 0.0180556 0
0 0.348611 0 0.0194444 0
0 0.486111 0.5 0.113889 1
0 0.645139 0 0.0180556 0
0 0.795833 0 0.0194444 0
0 0.349306 0 0.0180556 0
0 0.486111 0.5 0.113889 1
0 0.645139 0 0.0180556 0
0 0.349306 0 0.0180556 0
0 0.795833 0 0.0194444 0
0 0.4875 0.5 0.113889 1
0 0.645139 0 0.0180556 0
0 0.349306 0 0.0180556 0
0 0.795833 0 0.0194444 0
0 0.486806 0.5 0.115278 1
0 0.645833 0 0.0166667 0
0 0.35 0 0.0194444 0
0 0.796528 0 0.0180556 0
0 0.645833 0 0.0166667 0
0 0.488194 0.5 0.115278 1
0 0.349306 0 0.0180556 0
0 0.795833 0 0.0194444 0
0 0.645833 0 0.0166667 0
0 0.4875 0.5 0.116667 1
0 0.349306 0 0.0180556 0
0 0.797222 0 0.0194444 0
0 0.645833 0 0.0166667 0
0 0.4875 0.5 0.116667 1
0 0.35 0 0.0194444 0
0 0.797222 0 0.0194444 0
0 0.645833 0 0.0166667 0
0 0.488194 0.5 0.115278 1
0 0.349306 0 0.0180556 0
0 0.797222 0 0.0194444 0
0 0.486806 0.5 0.115278 1
0 0.645833 0 0.0166667 0
0 0.349306 0 0.0180556 0
0 0.797222 0 0.0194444 0
0 0.4875 0.5 0.113889 1
0 0.645833 0 0.0166667 0
0 0.348611 0 0.0194444 0
0 0.797222 0 0.0194444 0
0 0.488194 0.5 0.115278 1
0 0.645833 0 0.0166667 0
0 0.348611 0 0.0194444 0
0 0.797222 0 0.0194444 0
0 0.488194 0.5 0.115278 1
0 0.645833 0 0.0166667 0
0 0.797222 0 0.0194444 0
0 0.348611 0 0.0194444 0
0 0.486806 0.5 0.115278 1
0 0.645833 0 0.0166667 0
0 0.348611 0 0.0194444 0
0 0.797222 0 0.0194444 0
0 0.4875 0.5 0.113889 1
0 0.645833 0 0.0166667 0
0 0.458333 0 0.0333333 0
0 0.348611 0 0.0194444 0
0 0.797222 0 0.0194444 0
0 0.486806 0.5 0.115278 1
0 0.645833 0 0.0166667 0
0 0.797222 0 0.0194444 0
0 0.348611 0 0.0194444 0
0 0.486806 0.5 0.115278 1
0 0.645833 0 0.0166667 0
0 0.796528 0 0.0180556 0
0 0.349306 0 0.0180556 0
0 0.486806 0.5 0.115278 1
0 0.645833 0 0.0166667 0
0 0.796528 0 0.0180556 0
0 0.645139 0 0.0180556 0
0 0.486806 0.5 0.115278 1
0 0.797222 0 0.0194444 0
0 0.645139 0 0.0180556 0
0 0.486806 0.5 0.115278 1
0 0.797222 0 0.0194444 0
0 0.645139 0 0.0180556 0
0 0.4875 0.5 0.116667 1
0 0.797222 0 0.0194444 0
0 0.645139 0 0.0180556 0
0 0.486806 0.5 0.115278 1
0 0.797222 0 0.0194444 0
0 0.645139 0 0.0180556 0
0 0.486806 0.5 0.115278 1
0 0.797222 0 0.0194444 0
0 0.645139 0 0.0180556 0
0 0.486806 0.5 0.115278 1
0 0.349306 0 0.0208333 0
0 0.797222 0 0.0194444 0
0 0.645833 0 0.0194444 0
0 0.486806 0.5 0.115278 1
0 0.349306 0 0.0208333 0
0 0.797222 0 0.0194444 0
0 0.646528 0 0.0208333 0
0 0.486806 0.5 0.115278 1
0 0.459028 0 0.0319444 0
0 0.197222 0 0.0194444 0
0 0.797222 0 0.0194444 0
0 0.645833 0 0.0194444 0
0 0.488194 0.5 0.115278 1
0 0.349306 0 0.0208333 0
0 0.459028 0 0.0319444 0
0 0.197222 0 0.0194444 0
0 0.797222 0 0.0194444 0
0 0.645833 0 0.0194444 0
0 0.488194 0.5 0.115278 1
0 0.197222 0 0.0194444 0
0 0.797222 0 0.0194444 0
0 0.645833 0 0.0194444 0
0 0.488194 0.5 0.118056 1
0 0.349306 0 0.0208333 0
0 0.197222 0 0.0194444 0
0 0.797222 0 0.0194444 0
0 0.645833 0 0.0194444 0
0 0.488194 0.5 0.118056 1
0 0.349306 0 0.0208333 0
0 0.797222 0 0.0194444 0
0 0.197222 0 0.0194444 0
0 0.645833 0 0.0194444 0
0 0.488194 0.5 0.118056 1
0 0.197222 0 0.0194444 0
0 0.797222 0 0.0194444 0
0 0.349306 0 0.0208333 0
0 0.645833 0 0.0194444 0
0 0.4875 0.5 0.116667 1
0 0.797222 0 0.0194444 0
0 0.196528 0 0.0180556 0
0 0.349306 0 0.0208333 0
0 0.645833 0 0.0194444 0
0 0.4875 0.5 0.116667 1
0 0.348611 0 0.0194444 0
0 0.196528 0 0.0180556 0
0 0.797222 0 0.0194444 0
0 0.645833 0 0.0194444 0
0 0.486806 0.5 0.115278 1
0 0.459028 0 0.0319444 0
0 0.797222 0 0.0194444 0
0 0.348611 0 0.0194444 0
0 0.197222 0 0.0194444 0
0 0.645833 0 0.0194444 0
0 0.486806 0.5 0.115278 1
0 0.348611 0 0.0194444 0
0 0.797222 0 0.0194444 0
0 0.196528 0 0.0180556 0
0 0.486806 0.5 0.115278 1
0 0.645833 0 0.0194444 0
0 0.197917 0 0.0180556 0
0 0.348611 0 0.0194444 0
0 0.797222 0 0.0194444 0
0 0.486806 0.5 0.115278 1
0 0.645833 0 0.0194444 0
0 0.348611 0 0.0194444 0
0 0.197222 0 0.0194444 0
0 0.797222 0 0.0194444 0
0 0.4875 0.5 0.116667 1
0 0.645833 0 0.0194444 0
0 0.197917 0 0.0180556 0
0 0.348611 0 0.0194444 0
0 0.797222 0 0.0194444 0
0 0.4875 0.5 0.116667 1
0 0.645833 0 0.0194444 0
0 0.197917 0 0.0180556 0
0 0.348611 0 0.0194444 0
0 0.797222 0 0.0194444 0
0 0.4875 0.5 0.116667 1
0 0.645833 0 0.0194444 0
0 0.348611 0 0.0194444 0
0 0.797222 0 0.0194444 0
0 0.486806 0.5 0.115278 1
0 0.645833 0 0.0194444 0
0 0.797222 0 0.0194444 0
0 0.348611 0 0.0194444 0
0 0.645833 0 0.0194444 0
0 0.486806 0.5 0.115278 1
0 0.348611 0 0.0194444 0
0 0.797222 0 0.0194444 0
0 0.486806 0.5 0.115278 1
0 0.645833 0 0.0194444 0
0 0.348611 0 0.0194444 0
0 0.797222 0 0.0194444 0
0 0.645833 0 0.0194444 0
0 0.486806 0.5 0.115278 1
0 0.459028 0 0.0291667 0
0 0.348611 0 0.0194444 0
0 0.797222 0 0.0194444 0
0 0.486806 0.5 0.115278 1
0 0.645833 0 0.0194444 0
0 0.347917 0 0.0180556 0
0 0.797917 0 0.0180556 0
0 0.486806 0.5 0.115278 1
0 0.645833 0 0.0194444 0
0 0.347917 0 0.0180556 0
0 0.797222 0 0.0194444 0
0 0.486806 0.5 0.115278 1
0 0.645833 0 0.0194444 0
0 0.347917 0 0.0180556 0
0 0.797222 0 0.0194444 0
0 0.488194 0.5 0.118056 1
0 0.645833 0 0.0194444 0
0 0.458333 0 0.0277778 0
0 0.347917 0 0.0180556 0
0 0.797222 0 0.0194444 0
0 0.4875 0.5 0.116667 1
0 0.645833 0 0.0194444 0
0 0.302778 0 0.0472222 0
0 0.458333 0 0.0305556 0
0 0.347917 0 0.0180556 0
0 0.797222 0 0.0194444 0
0 0.645833 0 0.0194444 0
0 0.486806 0.5 0.115278 1
0 0.347917 0 0.0180556 0
0 0.797222 0 0.0194444 0
0 0.645833 0 0.0194444 0
0 0.486806 0.5 0.115278 1
0 0.347917 0 0.0180556 0
0 0.797222 0 0.0194444 0
0 0.645833 0 0.0194444 0
0 0.4875 0.5 0.116667 1
0 0.347917 0 0.0180556 0
0 0.797222 0 0.0194444 0
0 0.4875 0.5 0.116667 1
0 0.645833 0 0.0194444 0
0 0.347917 0 0.0180556 0
0 0.797917 0 0.0180556 0
0 0.645833 0 0.0194444 0
0 0.4875 0.5 0.116667 1
0 0.197917 0 0.0180556 0
0 0.348611 0 0.0194444 0
0 0.797222 0 0.0194444 0
0 0.645833 0 0.0194444 0
0 0.4875 0.5 0.116667 1
0 0.197917 0 0.0180556 0
0 0.348611 0 0.0194444 0
0 0.797222 0 0.0194444 0
0 0.645833 0 0.0194444 0
0 0.486806 0.5 0.115278 1
0 0.347917 0 0.0180556 0
0 0.797222 0 0.0194444 0
0 0.645833 0 0.0194444 0
0 0.486806 0.5 0.115278 1
0 0.797222 0 0.0194444 0
0 0.348611 0 0.0194444 0
0 0.486806 0.5 0.115278 1
0 0.646528 0 0.0180556 0
0 0.349306 0 0.0180556 0
0 0.797222 0 0.0194444 0
0 0.646528 0 0.0180556 0
0 0.486806 0.5 0.115278 1
0 0.348611 0 0.0194444 0
0 0.797222 0 0.0194444 0
0 0.646528 0 0.0180556 0
0 0.4875 0.5 0.116667 1
0 0.797222 0 0.0194444 0
0 0.348611 0 0.0194444 0
0 0.4875 0.5 0.116667 1
0 0.645833 0 0.0194444 0
0 0.348611 0 0.0194444 0
0 0.797222 0 0.0194444 0
0 0.645833 0 0.0194444 0
0 0.4875 0.5 0.116667 1
0 0.797222 0 0.0194444 0
0 0.348611 0 0.0194444 0
0 0.4875 0.5 0.116667 1
0 0.646528 0 0.0180556 0
0 0.797222 0 0.0194444 0
0 0.348611 0 0.0194444 0
0 0.486806 0.5 0.115278 1
0 0.646528 0 0.0180556 0
0 0.797222 0 0.0194444 0
0 0.348611 0 0.0194444 0
0 0.486806 0.5 0.115278 1
0 0.646528 0 0.0180556 0
0 0.797917 0 0.0180556 0
0 0.348611 0 0.0194444 0
0 0.486111 0.5 0.113889 1
0 0.646528 0 0.0180556 0
0 0.797222 0 0.0194444 0
0 0.348611 0 0.0194444 0
0 0.645833 0 0.0194444 0
0 0.486806 0.5 0.115278 1
0 0.348611 0 0.0194444 0
0 0.645833 0 0.0194444 0
0 0.4875 0.5 0.116667 1
0 0.797917 0 0.0180556 0
0 0.348611 0 0.0194444 0
0 0.646528 0 0.0180556 0
0 0.4875 0.5 0.116667 1
0 0.797917 0 0.0180556 0
0 0.348611 0 0.0194444 0
0 0.645833 0 0.0194444 0
0 0.4875 0.5 0.116667 1
0 0.797222 0 0.0194444 0
0 0.348611 0 0.0194444 0
0 0.486111 0.5 0.116667 1
0 0.646528 0 0.0180556 0
0 0.797917 0 0.0180556 0
0 0.348611 0 0.0194444 0
0 0.486806 0.5 0.115278 1
0 0.646528 0 0.0180556 0
0 0.196528 0 0.0180556 0
0 0.797917 0 0.0180556 0
0 0.348611 0 0.0194444 0
0 0.645833 0 0.0194444 0
0 0.486806 0.5 0.115278 1
0 0.797222 0 0.0194444 0
0 0.348611 0 0.0194444 0
0 0.645833 0 0.0194444 0
0 0.486806 0.5 0.115278 1
0 0.798611 0 0.0194444 0
0 0.348611 0 0.0194444 0
0 0.486806 0.5 0.115278 1
0 0.646528 0 0.0208333 0
0 0.799306 0 0.0180556 0
0 0.348611 0 0.0194444 0
0 0.4875 0.5 0.116667 1
0 0.646528 0 0.0208333 0
0 0.553472 0 0.0402778 0
0 0.196528 0 0.0180556 0
0 0.799306 0 0.0180556 0
0 0.347917 0 0.0208333 0
0 0.486806 0.5 0.118056 1
0 0.646528 0 0.0208333 0
0 0.799306 0 0.0180556 0
0 0.348611 0 0.0194444 0
0 0.486806 0.5 0.118056 1
0 0.646528 0 0.0208333 0
0 0.798611 0 0.0194444 0
0 0.348611 0 0.0194444 0
0 0.4875 0.5 0.116667 1
0 0.646528 0 0.0208333 0
0 0.196528 0 0.0180556 0
0 0.799306 0 0.0180556 0
0 0.348611 0 0.0194444 0
0 0.486806 0.5 0.115278 1
0 0.646528 0 0.0208333 0
0 0.196528 0 0.0180556 0
0 0.799306 0 0.0180556 0
0 0.348611 0 0.0194444 0
0 0.486806 0.5 0.115278 1
0 0.646528 0 0.0208333 0
0 0.196528 0 0.0180556 0
0 0.799306 0 0.0180556 0
0 0.348611 0 0.0194444 0
0 0.486806 0.5 0.115278 1
0 0.646528 0 0.0208333 0
0 0.799306 0 0.0180556 0
0 0.196528 0 0.0180556 0
0 0.348611 0 0.0194444 0
0 0.4875 0.5 0.116667 1
0 0.646528 0 0.0208333 0
0 0.799306 0 0.0180556 0
0 0.196528 0 0.0180556 0
0 0.348611 0 0.0194444 0
0 0.4875 0.5 0.116667 1
0 0.646528 0 0.0208333 0
0 0.196528 0 0.0180556 0
0 0.799306 0 0.0180556 0
0 0.348611 0 0.0194444 0
0 0.488194 0.5 0.118056 1
0 0.646528 0 0.0208333 0
0 0.196528 0 0.0180556 0
0 0.799306 0 0.0180556 0
0 0.348611 0 0.0194444 0
0 0.4875 0.5 0.116667 1
0 0.646528 0 0.0208333 0
0 0.195833 0 0.0194444 0
0 0.799306 0 0.0180556 0
0 0.347917 0 0.0208333 0
0 0.486111 0.5 0.116667 1
0 0.647222 0 0.0194444 0
0 0.195833 0 0.0194444 0
0 0.799306 0 0.0180556 0
0 0.347917 0 0.0208333 0
0 0.486806 0.5 0.115278 1
0 0.646528 0 0.0208333 0
0 0.195139 0 0.0180556 0
0 0.8 0 0.0194444 0
0 0.347917 0 0.0208333 0
0 0.486806 0.5 0.115278 1
0 0.647222 0 0.0194444 0
0 0.799306 0 0.0180556 0
0 0.347917 0 0.0208333 0
0 0.486806 0.5 0.115278 1
0 0.647222 0 0.0194444 0
0 0.195139 0 0.0180556 0
0 0.799306 0 0.0180556 0
0 0.347222 0 0.0194444 0
0 0.4875 0.5 0.116667 1
0 0.646528 0 0.0208333 0
0 0.195139 0 0.0180556 0
0 0.799306 0 0.0180556 0
0 0.347917 0 0.0208333 0
0 0.4875 0.5 0.116667 1
0 0.646528 0 0.0208333 0
0 0.195139 0 0.0180556 0
0 0.799306 0 0.0180556 0
0 0.347222 0 0.0194444 0
0 0.4875 0.5 0.116667 1
0 0.646528 0 0.0208333 0
0 0.195139 0 0.0180556 0
0 0.799306 0 0.0180556 0
0 0.347917 0 0.0208333 0
0 0.486806 0.5 0.118056 1
0 0.646528 0 0.0208333 0
0 0.195139 0 0.0180556 0
0 0.799306 0 0.0180556 0
0 0.347222 0 0.0194444 0
0 0.486806 0.5 0.118056 1
0 0.646528 0 0.0208333 0
0 0.195139 0 0.0180556 0
0 0.799306 0 0.0180556 0
0 0.347222 0 0.0194444 0
0 0.486806 0.5 0.118056 1
0 0.646528 0 0.0208333 0
0 0.799306 0 0.0180556 0
0 0.194444 0 0.0194444 0
0 0.347222 0 0.0194444 0
0 0.486806 0.5 0.118056 1
0 0.647222 0 0.0194444 0
0 0.799306 0 0.0180556 0
0 0.194444 0 0.0194444 0
0 0.347222 0 0.0194444 0
0 0.486111 0.5 0.116667 1
0 0.647222 0 0.0194444 0
0 0.799306 0 0.0180556 0
0 0.195139 0 0.0180556 0
0 0.347222 0 0.0194444 0
0 0.486111 0.5 0.116667 1
0 0.647222 0 0.0194444 0
0 0.799306 0 0.0180556 0
0 0.194444 0 0.0194444 0
0 0.347222 0 0.0194444 0
0 0.486806 0.5 0.115278 1
0 0.647222 0 0.0194444 0
0 0.799306 0 0.0180556 0
0 0.19375 0 0.0180556 0
0 0.347222 0 0.0194444 0
0 0.486806 0.5 0.115278 1
0 0.646528 0 0.0180556 0
0 0.19375 0 0.0180556 0
0 0.799306 0 0.0180556 0
0 0.347222 0 0.0194444 0
0 0.486806 0.5 0.118056 1
0 0.645833 0 0.0194444 0
0 0.194444 0 0.0194444 0
0 0.799306 0 0.0180556 0
0 0.347222 0 0.0194444 0
0 0.486806 0.5 0.118056 1
0 0.646528 0 0.0180556 0
0 0.194444 0 0.0194444 0
0 0.799306 0 0.0180556 0
0 0.347222 0 0.0194444 0
0 0.486111 0.5 0.116667 1
0 0.646528 0 0.0180556 0
0 0.194444 0 0.0194444 0
0 0.799306 0 0.0180556 0
0 0.347222 0 0.0194444 0
0 0.645833 0 0.0194444 0
0 0.486111 0.5 0.116667 1
0 0.194444 0 0.0194444 0
0 0.799306 0 0.0180556 0
0 0.347222 0 0.0194444 0
0 0.646528 0 0.0180556 0
0 0.486111 0.5 0.116667 1
0 0.194444 0 0.0194444 0
0 0.799306 0 0.0180556 0
0 0.347222 0 0.0194444 0
0 0.647222 0 0.0194444 0
0 0.486111 0.5 0.116667 1
0 0.799306 0 0.0180556 0
0 0.194444 0 0.0194444 0
0 0.347222 0 0.0194444 0
0 0.486806 0.5 0.118056 1
0 0.646528 0 0.0180556 0
0 0.194444 0 0.0194444 0
0 0.799306 0 0.0180556 0
0 0.347222 0 0.0194444 0
0 0.646528 0 0.0180556 0
0 0.486111 0.5 0.116667 1
0 0.194444 0 0.0194444 0
0 0.8 0 0.0166667 0
0 0.346528 0 0.0180556 0
0 0.646528 0 0.0180556 0
0 0.486111 0.5 0.116667 1
0 0.19375 0 0.0180556 0
0 0.8 0 0.0166667 0
0 0.346528 0 0.0180556 0
0 0.646528 0 0.0180556 0
0 0.486806 0.5 0.118056 1
0 0.194444 0 0.0194444 0
0 0.799306 0 0.0180556 0
0 0.347222 0 0.0194444 0
0 0.486806 0.5 0.118056 1
0 0.646528 0 0.0180556 0
0 0.8 0 0.0166667 0
0 0.347222 0 0.0194444 0
0 0.486806 0.5 0.118056 1
0 0.646528 0 0.0180556 0
0 0.19375 0 0.0180556 0
0 0.799306 0 0.0180556 0
0 0.347222 0 0.0194444 0
0 0.486806 0.5 0.118056 1
0 0.646528 0 0.0180556 0
0 0.8 0 0.0166667 0
0 0.347222 0 0.0194444 0
0 0.646528 0 0.0180556 0
0 0.486806 0.5 0.118056 1
0 0.8 0 0.0166667 0
0 0.347222 0 0.0194444 0
0 0.488194 0.5 0.118056 1
0 0.646528 0 0.0180556 0
0 0.800694 0 0.0180556 0
0 0.347222 0 0.0194444 0
0 0.488194 0.5 0.118056 1
0 0.646528 0 0.0180556 0
0 0.800694 0 0.0180556 0
0 0.346528 0 0.0180556 0
0 0.646528 0 0.0180556 0
0 0.486806 0.5 0.118056 1
0 0.800694 0 0.0180556 0
0 0.646528 0 0.0180556 0
0 0.347222 0 0.0194444 0
0 0.486806 0.5 0.118056 1
0 0.8 0 0.0194444 0
0 0.347222 0 0.0194444 0
0 0.646528 0 0.0180556 0
0 0.486111 0.5 0.116667 1
0 0.800694 0 0.0180556 0
0 0.646528 0 0.0180556 0
0 0.346528 0 0.0180556 0
0 0.484722 0.5 0.116667 1
0 0.800694 0 0.0180556 0
0 0.346528 0 0.0180556 0
0 0.646528 0 0.0180556 0
0 0.484722 0.5 0.116667 1
0 0.8 0 0.0194444 0
0 0.646528 0 0.0180556 0
0 0.347222 0 0.0194444 0
0 0.485417 0.5 0.118056 1
0 0.8 0 0.0194444 0
0 0.347222 0 0.0194444 0
0 0.646528 0 0.0180556 0
0 0.486111 0.5 0.116667 1
0 0.8 0 0.0194444 0
0 0.346528 0 0.0180556 0
0 0.646528 0 0.0180556 0
0 0.486111 0.5 0.116667 1
0 0.8 0 0.0194444 0
0 0.347222 0 0.0194444 0
0 0.646528 0 0.0180556 0
0 0.486111 0.5 0.116667 1
0 0.800694 0 0.0180556 0
0 0.347222 0 0.0194444 0
0 0.646528 0 0.0180556 0
0 0.486806 0.5 0.118056 1
0 0.19375 0 0.0180556 0
0 0.800694 0 0.0180556 0
0 0.347222 0 0.0194444 0
0 0.646528 0 0.0180556 0
0 0.486806 0.5 0.118056 1
0 0.194444 0 0.0194444 0
0 0.800694 0 0.0180556 0
0 0.646528 0 0.0180556 0
0 0.347222 0 0.0194444 0
0 0.4875 0.5 0.119444 1
0 0.800694 0 0.0180556 0
0 0.646528 0 0.0180556 0
0 0.347222 0 0.0194444 0
0 0.488194 0.5 0.118056 1
0 0.8 0 0.0194444 0
0 0.347222 0 0.0194444 0
0 0.647222 0 0.0194444 0
0 0.488194 0.5 0.118056 1
0 0.8 0 0.0194444 0
0 0.347222 0 0.0194444 0
0 0.647222 0 0.0194444 0
0 0.488194 0.5 0.118056 1
0 0.194444 0 0.0194444 0
0 0.800694 0 0.0180556 0
0 0.347222 0 0.0194444 0
0 0.647222 0 0.0194444 0
0 0.488194 0.5 0.118056 1
0 0.194444 0 0.0194444 0
0 0.800694 0 0.0180556 0
0 0.347222 0 0.0194444 0
0 0.489583 0.5 0.118056 1
0 0.647222 0 0.0194444 0
0 0.800694 0 0.0180556 0
0 0.347222 0 0.0194444 0
0 0.490278 0.5 0.119444 1
0 0.647222 0 0.0194444 0
0 0.800694 0 0.0180556 0
0 0.346528 0 0.0180556 0
0 0.492361 0.5 0.109722 1
0 0.647222 0 0.0194444 0
0 0.800694 0 0.0180556 0
0 0.346528 0 0.0180556 0
0 0.493056 0.5 0.108333 1
0 0.647222 0 0.0194444 0
0 0.800694 0 0.0180556 0
0 0.347222 0 0.0194444 0
0 0.49375 0.5 0.109722 1
0 0.647222 0 0.0194444 0
0 0.800694 0 0.0180556 0
0 0.347222 0 0.0194444 0
0 0.49375 0.5 0.109722 1
0 0.647222 0 0.0194444 0
0 0.800694 0 0.0180556 0
0 0.347222 0 0.0194444 0
0 0.49375 0.5 0.109722 1
0 0.647222 0 0.0194444 0
0 0.800694 0 0.0180556 0
0 0.347222 0 0.0194444 0
0 0.493056 0.5 0.108333 1
0 0.647222 0 0.0194444 0
0 0.800694 0 0.0180556 0
0 0.347222 0 0.0194444 0
0 0.493056 0.5 0.108333 1
0 0.647222 0 0.0194444 0
0 0.800694 0 0.0180556 0
0 0.347222 0 0.0194444 0
0 0.492361 0.5 0.109722 1
0 0.647222 0 0.0194444 0
0 0.801389 0 0.0194444 0
0 0.347222 0 0.0194444 0
0 0.493056 0.5 0.108333 1
0 0.647222 0 0.0194444 0
0 0.347222 0 0.0194444 0
0 0.801389 0 0.0194444 0
0 0.492361 0.5 0.109722 1
0 0.647222 0 0.0194444 0
0 0.801389 0 0.0194444 0
0 0.347222 0 0.0194444 0
0 0.492361 0.5 0.109722 1
0 0.647222 0 0.0194444 0
0 0.801389 0 0.0194444 0
0 0.347222 0 0.0194444 0
0 0.492361 0.5 0.109722 1
0 0.647222 0 0.0194444 0
0 0.347222 0 0.0194444 0
0 0.801389 0 0.0194444 0
0 0.492361 0.5 0.109722 1
0 0.647222 0 0.0194444 0
0 0.801389 0 0.0194444 0
0 0.347222 0 0.0194444 0
0 0.492361 0.5 0.109722 1
0 0.647222 0 0.0194444 0
0 0.347222 0 0.0194444 0
0 0.801389 0 0.0194444 0
0 0.492361 0.5 0.109722 1
0 0.647222 0 0.0194444 0
0 0.347222 0 0.0194444 0
0 0.801389 0 0.0194444 0
0 0.491667 0.5 0.108333 1
0 0.647222 0 0.0194444 0
0 0.801389 0 0.0194444 0
0 0.347222 0 0.0194444 0
0 0.491667 0.5 0.108333 1
0 0.647222 0 0.0194444 0
0 0.801389 0 0.0194444 0
0 0.347222 0 0.0194444 0
0 0.491667 0.5 0.108333 1
0 0.647222 0 0.0194444 0
0 0.801389 0 0.0194444 0
0 0.347222 0 0.0194444 0
0 0.491667 0.5 0.108333 1
0 0.647222 0 0.0194444 0
0 0.801389 0 0.0194444 0
0 0.347222 0 0.0194444 0
0 0.491667 0.5 0.108333 1
0 0.646528 0 0.0208333 0
0 0.801389 0 0.0194444 0
0 0.347222 0 0.0194444 0
0 0.4875 0.5 0.113889 1
0 0.647222 0 0.0194444 0
0 0.801389 0 0.0194444 0
0 0.347222 0 0.0194444 0
0 0.486806 0.5 0.115278 1
0 0.647222 0 0.0194444 0
0 0.801389 0 0.0194444 0
0 0.347222 0 0.0194444 0
0 0.486806 0.5 0.115278 1
0 0.647222 0 0.0194444 0
0 0.800694 0 0.0180556 0
0 0.346528 0 0.0180556 0
0 0.486111 0.5 0.113889 1
0 0.647222 0 0.0194444 0
0 0.800694 0 0.0180556 0
0 0.347222 0 0.0194444 0
0 0.486111 0.5 0.113889 1
0 0.647222 0 0.0194444 0
0 0.801389 0 0.0166667 0
0 0.346528 0 0.0180556 0
0 0.486111 0.5 0.116667 1
0 0.647222 0 0.0194444 0
0 0.801389 0 0.0166667 0
0 0.346528 0 0.0180556 0
0 0.486806 0.5 0.115278 1
0 0.647222 0 0.0194444 0
0 0.800694 0 0.0180556 0
0 0.345833 0 0.0194444 0
0 0.485417 0.5 0.115278 1
0 0.647222 0 0.0194444 0
0 0.800694 0 0.0180556 0
0 0.346528 0 0.0180556 0
0 0.486806 0.5 0.115278 1
0 0.647222 0 0.0194444 0
0 0.801389 0 0.0194444 0
0 0.346528 0 0.0180556 0
0 0.486806 0.5 0.115278 1
0 0.647222 0 0.0194444 0
0 0.801389 0 0.0194444 0
0 0.346528 0 0.0180556 0
0 0.486806 0.5 0.115278 1
0 0.647222 0 0.0194444 0
0 0.802083 0 0.0180556 0
0 0.346528 0 0.0180556 0
0 0.486111 0.5 0.116667 1
0 0.647222 0 0.0194444 0
0 0.802083 0 0.0180556 0
0 0.345833 0 0.0194444 0
0 0.486806 0.5 0.115278 1
0 0.647222 0 0.0194444 0
0 0.802083 0 0.0180556 0
0 0.345833 0 0.0194444 0
0 0.486806 0.5 0.115278 1
0 0.647222 0 0.0194444 0
0 0.802083 0 0.0180556 0
0 0.345833 0 0.0194444 0
0 0.486806 0.5 0.115278 1
0 0.647222 0 0.0194444 0
0 0.802083 0 0.0180556 0
0 0.345833 0 0.0194444 0
0 0.486806 0.5 0.115278 1
0 0.647222 0 0.0194444 0
0 0.802083 0 0.0180556 0
0 0.345833 0 0.0194444 0
0 0.486806 0.5 0.115278 1
0 0.647222 0 0.0194444 0
0 0.802083 0 0.0180556 0
0 0.345833 0 0.0194444 0
0 0.4875 0.5 0.116667 1
0 0.647222 0 0.0194444 0
0 0.802083 0 0.0180556 0
0 0.345833 0 0.0194444 0
0 0.647222 0 0.0194444 0
0 0.488889 0.5 0.116667 1
0 0.802083 0 0.0180556 0
0 0.345833 0 0.0194444 0
0 0.491667 0.5 0.111111 1
0 0.647222 0 0.0194444 0
0 0.802083 0 0.0180556 0
0 0.345833 0 0.0194444 0
0 0.491667 0.5 0.111111 1
0 0.647222 0 0.0194444 0
0 0.190278 0 0.0166667 0
0 0.802083 0 0.0180556 0
0 0.345833 0 0.0194444 0
0 0.491667 0.5 0.111111 1
0 0.647222 0 0.0194444 0
0 0.191667 0 0.0194444 0
0 0.802083 0 0.0180556 0
0 0.345833 0 0.0194444 0
0 0.491667 0.5 0.111111 1
0 0.647222 0 0.0194444 0
0 0.456944 0 0.0333333 0
0 0.802083 0 0.0180556 0
0 0.491667 0.5 0.111111 1
0 0.345139 0 0.0180556 0
0 0.647222 0 0.0194444 0
0 0.456944 0 0.0333333 0
0 0.802083 0 0.0180556 0
0 0.491667 0.5 0.111111 1
0 0.345833 0 0.0166667 0
0 0.647222 0 0.0194444 0
0 0.190972 0 0.0180556 0
0 0.457639 0 0.0347222 0
0 0.802083 0 0.0180556 0
0 0.491667 0.5 0.111111 1
0 0.647222 0 0.0194444 0
0 0.345833 0 0.0166667 0
0 0.457639 0 0.0347222 0
0 0.802083 0 0.0180556 0
0 0.491667 0.5 0.111111 1
0 0.647222 0 0.0194444 0
0 0.345833 0 0.0166667 0
0 0.457639 0 0.0375 0
0 0.802083 0 0.0180556 0
0 0.491667 0.5 0.111111 1
0 0.647222 0 0.0194444 0
0 0.345833 0 0.0166667 0
0 0.456944 0 0.0333333 0
0 0.802083 0 0.0180556 0
0 0.491667 0.5 0.111111 1
0 0.647222 0 0.0194444 0
0 0.345833 0 0.0166667 0
0 0.456944 0 0.0333333 0
0 0.802083 0 0.0180556 0
0 0.488889 0.5 0.119444 1
0 0.647222 0 0.0194444 0
0 0.345833 0 0.0166667 0
0 0.191667 0 0.0194444 0
0 0.456944 0 0.0333333 0
0 0.802083 0 0.0180556 0
0 0.488194 0.5 0.120833 1
0 0.647222 0 0.0194444 0
0 0.345833 0 0.0166667 0
0 0.191667 0 0.0194444 0
0 0.456944 0 0.0333333 0
0 0.802083 0 0.0180556 0
0 0.488889 0.5 0.119444 1
0 0.345139 0 0.0180556 0
0 0.647222 0 0.0194444 0
0 0.190972 0 0.0180556 0
0 0.802083 0 0.0180556 0
0 0.456944 0 0.0333333 0
0 0.488889 0.5 0.119444 1
0 0.647222 0 0.0194444 0
0 0.345139 0 0.0180556 0
0 0.802083 0 0.0180556 0
0 0.456944 0 0.0333333 0
0 0.488194 0.5 0.120833 1
0 0.647222 0 0.0194444 0
0 0.345139 0 0.0180556 0
0 0.802083 0 0.0180556 0
0 0.456944 0 0.0333333 0
0 0.4875 0.5 0.119444 1
0 0.345139 0 0.0180556 0
0 0.647222 0 0.0194444 0
0 0.190278 0 0.0194444 0
0 0.456944 0 0.0333333 0
0 0.802083 0 0.0180556 0
0 0.486806 0.5 0.120833 1
0 0.345139 0 0.0180556 0
0 0.647222 0 0.0194444 0
0 0.802083 0 0.0180556 0
0 0.456944 0 0.0333333 0
0 0.486111 0.5 0.119444 1
0 0.345139 0 0.0180556 0
0 0.647222 0 0.0194444 0
0 0.802778 0 0.0194444 0
0 0.456944 0 0.0333333 0
0 0.485417 0.5 0.120833 1
0 0.345139 0 0.0180556 0
0 0.647917 0 0.0208333 0
0 0.802778 0 0.0194444 0
0 0.456944 0 0.0333333 0
0 0.485417 0.5 0.120833 1
0 0.345139 0 0.0180556 0
0 0.647917 0 0.0208333 0
0 0.190278 0 0.0194444 0
0 0.802778 0 0.0194444 0
0 0.456944 0 0.0333333 0
0 0.484722 0.5 0.119444 1
0 0.345139 0 0.0180556 0
0 0.647222 0 0.0194444 0
0 0.456944 0 0.0361111 0
0 0.802083 0 0.0180556 0
0 0.484028 0.5 0.120833 1
0 0.345139 0 0.0180556 0
0 0.647917 0 0.0208333 0
0 0.456944 0 0.0361111 0
0 0.802778 0 0.0194444 0
0 0.484028 0.5 0.120833 1
0 0.345139 0 0.0180556 0
0 0.647917 0 0.0208333 0
0 0.190278 0 0.0194444 0
0 0.456944 0 0.0333333 0
0 0.802778 0 0.0194444 0
0 0.484028 0.5 0.120833 1
0 0.345139 0 0.0180556 0
0 0.647917 0 0.0208333 0
0 0.190278 0 0.0194444 0
0 0.456944 0 0.0361111 0
0 0.802778 0 0.0194444 0
0 0.484028 0.5 0.120833 1
0 0.345139 0 0.0180556 0
0 0.647917 0 0.0208333 0
0 0.190278 0 0.0194444 0
0 0.456944 0 0.0333333 0
0 0.802083 0 0.0180556 0
0 0.483333 0.5 0.122222 1
0 0.345139 0 0.0180556 0
0 0.647917 0 0.0208333 0
0 0.456944 0 0.0333333 0
0 0.190278 0 0.0194444 0
0 0.802778 0 0.0194444 0
0 0.482639 0.5 0.120833 1
0 0.345139 0 0.0180556 0
0 0.647917 0 0.0208333 0
0 0.190278 0 0.0194444 0
0 0.456944 0 0.0333333 0
0 0.802778 0 0.0194444 0
0 0.482639 0.5 0.120833 1
0 0.345139 0 0.0180556 0
0 0.647917 0 0.0208333 0
0 0.456944 0 0.0333333 0
0 0.189583 0 0.0180556 0
0 0.802778 0 0.0194444 0
0 0.482639 0.5 0.120833 1
0 0.345139 0 0.0180556 0
0 0.647917 0 0.0208333 0
0 0.189583 0 0.0180556 0
0 0.456944 0 0.0333333 0
0 0.802778 0 0.0194444 0
0 0.483333 0.5 0.119444 1
0 0.345139 0 0.0180556 0
0 0.647917 0 0.0208333 0
0 0.802778 0 0.0194444 0
0 0.345139 0 0.0180556 0
0 0.483333 0.5 0.122222 1
0 0.647917 0 0.0208333 0
0 0.802778 0 0.0194444 0
0 0.345139 0 0.0180556 0
0 0.483333 0.5 0.122222 1
0 0.647917 0 0.0208333 0
0 0.189583 0 0.0180556 0
0 0.802778 0 0.0194444 0
0 0.345139 0 0.0180556 0
0 0.483333 0.5 0.122222 1
0 0.647917 0 0.0208333 0
0 0.189583 0 0.0180556 0
0 0.802778 0 0.0194444 0
0 0.345139 0 0.0180556 0
0 0.483333 0.5 0.122222 1
0 0.647917 0 0.0208333 0
0 0.802778 0 0.0194444 0
0 0.188194 0 0.0180556 0
0 0.344444 0 0.0166667 0
0 0.483333 0.5 0.122222 1
0 0.647917 0 0.0208333 0
0 0.802778 0 0.0194444 0
0 0.188194 0 0.0180556 0
0 0.344444 0 0.0166667 0
0 0.483333 0.5 0.122222 1
0 0.647917 0 0.0208333 0
0 0.188194 0 0.0180556 0
0 0.802778 0 0.0194444 0
0 0.344444 0 0.0166667 0
0 0.483333 0.5 0.122222 1
0 0.647917 0 0.0208333 0
0 0.188194 0 0.0180556 0
0 0.802778 0 0.0194444 0
0 0.344444 0 0.0166667 0
0 0.483333 0.5 0.122222 1
0 0.648611 0 0.0194444 0
0 0.188194 0 0.0180556 0
0 0.802778 0 0.0194444 0
0 0.344444 0 0.0166667 0
0 0.483333 0.5 0.122222 1
0 0.648611 0 0.0194444 0
0 0.188194 0 0.0180556 0
0 0.803472 0 0.0180556 0
0 0.344444 0 0.0166667 0
0 0.483333 0.5 0.122222 1
0 0.647917 0 0.0208333 0
0 0.188194 0 0.0180556 0
0 0.803472 0 0.0180556 0
0 0.34375 0 0.0180556 0
0 0.484028 0.5 0.123611 1
0 0.648611 0 0.0194444 0
0 0.188194 0 0.0180556 0
0 0.803472 0 0.0180556 0
0 0.34375 0 0.0180556 0
0 0.484722 0.5 0.122222 1
0 0.647917 0 0.0208333 0
0 0.188194 0 0.0180556 0
0 0.803472 0 0.0180556 0
0 0.344444 0 0.0166667 0
0 0.484028 0.5 0.123611 1
0 0.647917 0 0.0208333 0
0 0.188194 0 0.0180556 0
0 0.804167 0 0.0194444 0
0 0.344444 0 0.0166667 0
0 0.484028 0.5 0.123611 1
0 0.648611 0 0.0194444 0
0 0.188194 0 0.0180556 0
0 0.804167 0 0.0194444 0
0 0.34375 0 0.0180556 0
0 0.484028 0.5 0.123611 1
0 0.648611 0 0.0194444 0
0 0.1875 0 0.0194444 0
0 0.804167 0 0.0194444 0
0 0.34375 0 0.0180556 0
0 0.484028 0.5 0.123611 1
0 0.648611 0 0.0194444 0
0 0.1875 0 0.0194444 0
0 0.804167 0 0.0194444 0
0 0.34375 0 0.0180556 0
0 0.648611 0 0.0194444 0
0 0.484722 0.5 0.125 1
0 0.1875 0 0.0194444 0
0 0.804167 0 0.0194444 0
0 0.34375 0 0.0180556 0
0 0.648611 0 0.0194444 0
0 0.484722 0.5 0.125 1
0 0.1875 0 0.0194444 0
0 0.804167 0 0.0194444 0
0 0.34375 0 0.0180556 0
0 0.484722 0.5 0.125 1
0 0.648611 0 0.0194444 0
0 0.1875 0 0.0194444 0
0 0.804167 0 0.0194444 0
0 0.34375 0 0.0180556 0
0 0.648611 0 0.0194444 0
0 0.484722 0.5 0.125 1
0 0.188194 0 0.0180556 0
0 0.804167 0 0.0194444 0
0 0.34375 0 0.0180556 0
0 0.484028 0.5 0.123611 1
0 0.648611 0 0.0194444 0
0 0.188194 0 0.0180556 0
0 0.34375 0 0.0180556 0
0 0.804167 0 0.0194444 0
0 0.648611 0 0.0194444 0
0 0.484028 0.5 0.123611 1
0 0.188194 0 0.0180556 0
0 0.34375 0 0.0180556 0
0 0.804167 0 0.0194444 0
0 0.483333 0.5 0.125 1
0 0.648611 0 0.0194444 0
0 0.34375 0 0.0180556 0
0 0.804167 0 0.0194444 0
0 0.648611 0 0.0194444 0
0 0.483333 0.5 0.125 1
0 0.344444 0 0.0194444 0
0 0.804861 0 0.0208333 0
0 0.483333 0.5 0.125 1
0 0.648611 0 0.0194444 0
0 0.34375 0 0.0180556 0
0 0.804861 0 0.0208333 0
0 0.483333 0.5 0.125 1
0 0.648611 0 0.0194444 0
0 0.1875 0 0.0166667 0
0 0.344444 0 0.0194444 0
0 0.804861 0 0.0180556 0
0 0.483333 0.5 0.125 1
0 0.648611 0 0.0194444 0
0 0.1875 0 0.0166667 0
0 0.34375 0 0.0180556 0
0 0.804861 0 0.0208333 0
0 0.483333 0.5 0.125 1
0 0.648611 0 0.0194444 0
0 0.34375 0 0.0180556 0
0 0.804861 0 0.0208333 0
0 0.482639 0.5 0.126389 1
0 0.649306 0 0.0180556 0
0 0.34375 0 0.0180556 0
0 0.804861 0 0.0180556 0
0 0.482639 0.5 0.126389 1
0 0.648611 0 0.0166667 0
0 0.34375 0 0.0180556 0
0 0.805556 0 0.0194444 0
0 0.648611 0 0.0166667 0
0 0.482639 0.5 0.126389 1
0 0.34375 0 0.0180556 0
0 0.804861 0 0.0208333 0
0 0.648611 0 0.0194444 0
0 0.482639 0.5 0.126389 1
0 0.343056 0 0.0194444 0
0 0.804861 0 0.0208333 0
0 0.482639 0.5 0.126389 1
0 0.648611 0 0.0194444 0
0 0.186806 0 0.0180556 0
0 0.343056 0 0.0194444 0
0 0.804861 0 0.0208333 0
0 0.481944 0.5 0.125 1
0 0.649306 0 0.0208333 0
0 0.186806 0 0.0180556 0
0 0.343056 0 0.0194444 0
0 0.805556 0 0.0194444 0
0 0.481944 0.5 0.127778 1
0 0.649306 0 0.0180556 0
0 0.186806 0 0.0180556 0
0 0.343056 0 0.0194444 0
0 0.805556 0 0.0194444 0
0 0.481944 0.5 0.127778 1
0 0.649306 0 0.0180556 0
0 0.186806 0 0.0180556 0
0 0.805556 0 0.0194444 0
0 0.343056 0 0.0194444 0
0 0.481944 0.5 0.127778 1
0 0.649306 0 0.0180556 0
0 0.45625 0 0.0375 0
0 0.186806 0 0.0180556 0
0 0.343056 0 0.0194444 0
0 0.805556 0 0.0194444 0
0 0.649306 0 0.0208333 0
0 0.482639 0.5 0.126389 1
0 0.456944 0 0.0361111 0
0 0.186806 0 0.0180556 0
0 0.343056 0 0.0194444 0
0 0.805556 0 0.0194444 0
0 0.649306 0 0.0208333 0
0 0.481944 0.5 0.127778 1
0 0.455556 0 0.0333333 0
0 0.186806 0 0.0180556 0
0 0.80625 0 0.0208333 0
0 0.342361 0 0.0208333 0
0 0.481944 0.5 0.127778 1
0 0.649306 0 0.0208333 0
0 0.45625 0 0.0347222 0
0 0.186806 0 0.0180556 0
0 0.342361 0 0.0208333 0
0 0.80625 0 0.0208333 0
0 0.481944 0.5 0.127778 1
0 0.649306 0 0.0208333 0
0 0.186806 0 0.0180556 0
0 0.45625 0 0.0319444 0
0 0.342361 0 0.0208333 0
0 0.80625 0 0.0208333 0
0 0.481944 0.5 0.127778 1
0 0.649306 0 0.0208333 0
0 0.45625 0 0.0319444 0
0 0.186806 0 0.0180556 0
0 0.342361 0 0.0208333 0
0 0.80625 0 0.0208333 0
0 0.481944 0.5 0.127778 1
0 0.649306 0 0.0208333 0
0 0.45625 0 0.0319444 0
0 0.186111 0 0.0194444 0
0 0.342361 0 0.0208333 0
0 0.80625 0 0.0208333 0
0 0.481944 0.5 0.127778 1
0 0.649306 0 0.0208333 0
0 0.45625 0 0.0347222 0
0 0.185417 0 0.0180556 0
0 0.342361 0 0.0208333 0
0 0.80625 0 0.0208333 0
0 0.481944 0.5 0.127778 1
0 0.649306 0 0.0208333 0
0 0.185417 0 0.0180556 0
0 0.342361 0 0.0208333 0
0 0.80625 0 0.0208333 0
0 0.481944 0.5 0.127778 1
0 0.649306 0 0.0208333 0
0 0.342361 0 0.0208333 0
0 0.80625 0 0.0208333 0
0 0.481944 0.5 0.127778 1
0 0.649306 0 0.0208333 0
0 0.185417 0 0.0180556 0
0 0.342361 0 0.0208333 0
0 0.80625 0 0.0208333 0
0 0.482639 0.5 0.129167 1
0 0.649306 0 0.0208333 0
0 0.185417 0 0.0180556 0
0 0.341667 0 0.0194444 0
0 0.80625 0 0.0208333 0
0 0.482639 0.5 0.129167 1
0 0.65 0 0.0194444 0
0 0.185417 0 0.0180556 0
0 0.80625 0 0.0208333 0
0 0.341667 0 0.0194444 0
0 0.482639 0.5 0.129167 1
0 0.649306 0 0.0208333 0
0 0.456944 0 0.0361111 0
0 0.185417 0 0.0180556 0
0 0.80625 0 0.0208333 0
0 0.341667 0 0.0194444 0
0 0.482639 0.5 0.129167 1
0 0.649306 0 0.0208333 0
0 0.456944 0 0.0361111 0
0 0.185417 0 0.0180556 0
0 0.80625 0 0.0208333 0
0 0.341667 0 0.0194444 0
0 0.482639 0.5 0.129167 1
0 0.649306 0 0.0208333 0
0 0.185417 0 0.0180556 0
0 0.80625 0 0.0208333 0
0 0.341667 0 0.0194444 0
0 0.483333 0.5 0.130556 1
0 0.65 0 0.0194444 0
0 0.456944 0 0.0361111 0
0 0.185417 0 0.0180556 0
0 0.806944 0 0.0194444 0
0 0.341667 0 0.0194444 0
0 0.484028 0.5 0.131944 1
0 0.650694 0 0.0180556 0
0 0.45625 0 0.0347222 0
0 0.184722 0 0.0194444 0
0 0.80625 0 0.0208333 0
0 0.341667 0 0.0194444 0
0 0.482639 0.5 0.131944 1
0 0.65 0 0.0194444 0
0 0.45625 0 0.0347222 0
0 0.184722 0 0.0194444 0
0 0.80625 0 0.0208333 0
0 0.341667 0 0.0194444 0
0 0.483333 0.5 0.130556 1
0 0.650694 0 0.0180556 0
0 0.184722 0 0.0194444 0
0 0.807639 0 0.0208333 0
0 0.341667 0 0.0194444 0
0 0.483333 0.5 0.133333 1
0 0.650694 0 0.0180556 0
0 0.185417 0 0.0180556 0
0 0.807639 0 0.0208333 0
0 0.341667 0 0.0194444 0
0 0.483333 0.5 0.133333 1
0 0.650694 0 0.0180556 0
0 0.185417 0 0.0180556 0
0 0.807639 0 0.0208333 0
0 0.341667 0 0.0194444 0
0 0.483333 0.5 0.133333 1
0 0.650694 0 0.0180556 0
0 0.184722 0 0.0194444 0
0 0.807639 0 0.0208333 0
0 0.341667 0 0.0194444 0
0 0.483333 0.5 0.133333 1
0 0.650694 0 0.0180556 0
0 0.184722 0 0.0194444 0
0 0.807639 0 0.0208333 0
0 0.484028 0.5 0.131944 1
0 0.341667 0 0.0194444 0
0 0.650694 0 0.0180556 0
0 0.185417 0 0.0180556 0
0 0.807639 0 0.0208333 0
0 0.341667 0 0.0194444 0
0 0.484028 0.5 0.131944 1
0 0.65 0 0.0194444 0
0 0.184722 0 0.0194444 0
0 0.807639 0 0.0208333 0
0 0.341667 0 0.0194444 0
0 0.483333 0.5 0.133333 1
0 0.650694 0 0.0180556 0
0 0.184722 0 0.0194444 0
0 0.807639 0 0.0208333 0
0 0.341667 0 0.0194444 0
0 0.483333 0.5 0.133333 1
0 0.650694 0 0.0180556 0
0 0.184722 0 0.0194444 0
0 0.807639 0 0.0208333 0
0 0.341667 0 0.0194444 0
0 0.484028 0.5 0.134722 1
0 0.651389 0 0.0194444 0
0 0.184722 0 0.0194444 0
0 0.807639 0 0.0208333 0
0 0.484722 0.5 0.133333 1
0 0.341667 0 0.0194444 0
0 0.651389 0 0.0194444 0
0 0.184722 0 0.0194444 0
0 0.807639 0 0.0208333 0
0 0.341667 0 0.0194444 0
0 0.484722 0.5 0.133333 1
0 0.650694 0 0.0180556 0
0 0.807639 0 0.0208333 0
0 0.341667 0 0.0194444 0
0 0.484028 0.5 0.134722 1
0 0.650694 0 0.0180556 0
0 0.183333 0 0.0194444 0
0 0.807639 0 0.0208333 0
0 0.341667 0 0.0194444 0
0 0.484722 0.5 0.136111 1
0 0.650694 0 0.0180556 0
0 0.183333 0 0.0194444 0
0 0.807639 0 0.0208333 0
0 0.484722 0.5 0.136111 1
0 0.341667 0 0.0194444 0
0 0.650694 0 0.0180556 0
0 0.184028 0 0.0180556 0
0 0.807639 0 0.0208333 0
0 0.484722 0.5 0.136111 1
0 0.341667 0 0.0194444 0
0 0.650694 0 0.0180556 0
0 0.184722 0 0.0194444 0
0 0.809028 0 0.0208333 0
0 0.485417 0.5 0.1375 1
0 0.341667 0 0.0194444 0
0 0.650694 0 0.0180556 0
0 0.183333 0 0.0194444 0
0 0.807639 0 0.0208333 0
0 0.484722 0.5 0.136111 1
0 0.341667 0 0.0194444 0
0 0.651389 0 0.0194444 0
0 0.807639 0 0.0208333 0
0 0.183333 0 0.0194444 0
0 0.484722 0.5 0.136111 1
0 0.341667 0 0.0194444 0
0 0.651389 0 0.0194444 0
0 0.183333 0 0.0194444 0
0 0.809028 0 0.0208333 0
0 0.485417 0.5 0.140278 1
0 0.341667 0 0.0194444 0
0 0.650694 0 0.0180556 0
0 0.184722 0 0.0194444 0
0 0.809028 0 0.0208333 0
0 0.485417 0.5 0.140278 1
0 0.341667 0 0.0194444 0
0 0.650694 0 0.0180556 0
0 0.184028 0 0.0180556 0
0 0.809722 0 0.0194444 0
0 0.485417 0.5 0.140278 1
0 0.341667 0 0.0194444 0
0 0.650694 0 0.0180556 0
0 0.184722 0 0.0194444 0
0 0.809028 0 0.0208333 0
0 0.485417 0.5 0.140278 1
0 0.341667 0 0.0194444 0
0 0.650694 0 0.0180556 0
0 0.809028 0 0.0208333 0
0 0.184722 0 0.0194444 0
0 0.341667 0 0.0194444 0
0 0.485417 0.5 0.140278 1
0 0.650694 0 0.0180556 0
0 0.184028 0 0.0180556 0
0 0.809028 0 0.0208333 0
0 0.485417 0.5 0.140278 1
0 0.341667 0 0.0194444 0
0 0.650694 0 0.0180556 0
0 0.809028 0 0.0208333 0
0 0.184722 0 0.0194444 0
0 0.341667 0 0.0194444 0
0 0.485417 0.5 0.140278 1
0 0.651389 0 0.0194444 0
0 0.809028 0 0.0208333 0
0 0.184722 0 0.0194444 0
0 0.341667 0 0.0194444 0
0 0.485417 0.5 0.140278 1
0 0.651389 0 0.0194444 0
0 0.809028 0 0.0208333 0
0 0.184722 0 0.0194444 0
0 0.341667 0 0.0194444 0
0 0.485417 0.5 0.140278 1
0 0.651389 0 0.0194444 0
0 0.809028 0 0.0208333 0
0 0.184722 0 0.0194444 0
0 0.486111 0.5 0.141667 1
0 0.341667 0 0.0194444 0
0 0.651389 0 0.0194444 0
0 0.810417 0 0.0208333 0
0 0.184722 0 0.0194444 0
0 0.341667 0 0.0194444 0
0 0.486111 0.5 0.138889 1
0 0.651389 0 0.0194444 0
0 0.184028 0 0.0180556 0
0 0.810417 0 0.0208333 0
0 0.341667 0 0.0194444 0
0 0.485417 0.5 0.1375 1
0 0.651389 0 0.0194444 0
0 0.184722 0 0.0194444 0
0 0.810417 0 0.0208333 0
0 0.341667 0 0.0194444 0
0 0.486111 0.5 0.138889 1
0 0.651389 0 0.0194444 0
0 0.184722 0 0.0194444 0
0 0.810417 0 0.0208333 0
0 0.341667 0 0.0194444 0
0 0.486111 0.5 0.138889 1
0 0.651389 0 0.0194444 0
0 0.810417 0 0.0208333 0
0 0.184722 0 0.0194444 0
0 0.341667 0 0.0194444 0
0 0.485417 0.5 0.1375 1
0 0.651389 0 0.0194444 0
0 0.184722 0 0.0194444 0
0 0.810417 0 0.0208333 0
0 0.341667 0 0.0194444 0
0 0.485417 0.5 0.1375 1
0 0.651389 0 0.0194444 0
0 0.184028 0 0.0180556 0
0 0.810417 0 0.0208333 0
0 0.341667 0 0.0194444 0
0 0.486111 0.5 0.138889 1
0 0.651389 0 0.0194444 0
0 0.184028 0 0.0180556 0
0 0.341667 0 0.0194444 0
0 0.810417 0 0.0208333 0
0 0.486111 0.5 0.138889 1
0 0.651389 0 0.0194444 0
0 0.184028 0 0.0180556 0
0 0.810417 0 0.0208333 0
0 0.341667 0 0.0194444 0
0 0.486111 0.5 0.138889 1
0 0.651389 0 0.0194444 0
0 0.184028 0 0.0180556 0
0 0.810417 0 0.0208333 0
0 0.341667 0 0.0194444 0
0 0.486111 0.5 0.138889 1
0 0.651389 0 0.0194444 0
0 0.183333 0 0.0194444 0
0 0.810417 0 0.0208333 0
0 0.340972 0 0.0208333 0
0 0.486111 0.5 0.138889 1
0 0.651389 0 0.0194444 0
0 0.183333 0 0.0194444 0
0 0.810417 0 0.0208333 0
0 0.486111 0.5 0.138889 1
0 0.340972 0 0.0208333 0
0 0.652083 0 0.0180556 0
0 0.26875 0 0.00694444 0
0 0.183333 0 0.0194444 0
0 0.341667 0 0.0194444 0
0 0.810417 0 0.0208333 0
0 0.486111 0.5 0.138889 1
0 0.652083 0 0.0180556 0
0 0.183333 0 0.0194444 0
0 0.810417 0 0.0208333 0
0 0.486111 0.5 0.138889 1
0 0.340972 0 0.0208333 0
0 0.652083 0 0.0208333 0
0 0.554167 0 0.0444444 0
0 0.183333 0 0.0194444 0
0 0.811111 0 0.0194444 0
0 0.340972 0 0.0208333 0
0 0.486111 0.5 0.138889 1
0 0.652083 0 0.0208333 0
0 0.553472 0 0.0430556 0
0 0.182639 0 0.0180556 0
0 0.811806 0 0.0208333 0
0 0.486111 0.5 0.138889 1
0 0.340972 0 0.0208333 0
0 0.652083 0 0.0208333 0
0 0.182639 0 0.0180556 0
0 0.811806 0 0.0208333 0
0 0.486111 0.5 0.138889 1
0 0.340972 0 0.0208333 0
0 0.652083 0 0.0208333 0
0 0.182639 0 0.0180556 0
0 0.811806 0 0.0208333 0
0 0.486806 0.5 0.140278 1
0 0.340972 0 0.0208333 0
0 0.652083 0 0.0208333 0
0 0.182639 0 0.0180556 0
0 0.486111 0.5 0.141667 1
0 0.811806 0 0.0208333 0
0 0.340972 0 0.0208333 0
0 0.652778 0 0.0194444 0
0 0.182639 0 0.0180556 0
0 0.486111 0.5 0.141667 1
0 0.811111 0 0.0194444 0
0 0.340972 0 0.0208333 0
0 0.652778 0 0.0194444 0
0 0.811806 0 0.0208333 0
0 0.486806 0.5 0.143056 1
0 0.340972 0 0.0208333 0
0 0.652778 0 0.0194444 0
0 0.811111 0 0.0194444 0
0 0.4875 0.5 0.141667 1
0 0.340972 0 0.0208333 0
0 0.652778 0 0.0194444 0
0 0.486806 0.5 0.143056 1
0 0.811806 0 0.0208333 0
0 0.340972 0 0.0208333 0
0 0.652778 0 0.0194444 0
0 0.183333 0 0.0194444 0
0 0.4875 0.5 0.141667 1
0 0.811806 0 0.0208333 0
0 0.341667 0 0.0194444 0
0 0.652778 0 0.0194444 0
0 0.183333 0 0.0194444 0
0 0.811806 0 0.0208333 0
0 0.486806 0.5 0.143056 1
0 0.342361 0 0.0208333 0
0 0.652778 0 0.0194444 0
0 0.182639 0 0.0180556 0
0 0.811111 0 0.0194444 0
0 0.4875 0.5 0.144444 1
0 0.341667 0 0.0194444 0
0 0.652778 0 0.0194444 0
0 0.182639 0 0.0180556 0
0 0.4875 0.5 0.144444 1
0 0.811806 0 0.0208333 0
0 0.342361 0 0.0208333 0
0 0.653472 0 0.0208333 0
0 0.4875 0.5 0.144444 1
0 0.811806 0 0.0208333 0
0 0.341667 0 0.0194444 0
0 0.653472 0 0.0208333 0
0 0.811806 0 0.0208333 0
0 0.488194 0.5 0.143056 1
0 0.341667 0 0.0194444 0
0 0.653472 0 0.0208333 0
0 0.811806 0 0.0208333 0
0 0.4875 0.5 0.144444 1
0 0.341667 0 0.0194444 0
0 0.652778 0 0.0194444 0
0 0.811806 0 0.0208333 0
0 0.4875 0.5 0.144444 1
0 0.340972 0 0.0208333 0
0 0.652778 0 0.0194444 0
0 0.811806 0 0.0208333 0
0 0.4875 0.5 0.147222 1
0 0.340972 0 0.0208333 0
0 0.652778 0 0.0194444 0
0 0.811806 0 0.0208333 0
0 0.4875 0.5 0.147222 1
0 0.341667 0 0.0194444 0
0 0.652778 0 0.0194444 0
0 0.811806 0 0.0208333 0
0 0.4875 0.5 0.147222 1
0 0.340972 0 0.0208333 0
0 0.653472 0 0.0208333 0
0 0.811806 0 0.0208333 0
0 0.488194 0.5 0.145833 1
0 0.340278 0 0.0194444 0
0 0.653472 0 0.0208333 0
0 0.811806 0 0.0208333 0
0 0.488194 0.5 0.145833 1
0 0.340278 0 0.0194444 0
0 0.653472 0 0.0208333 0
0 0.811806 0 0.0208333 0
0 0.4875 0.5 0.147222 1
0 0.340972 0 0.0208333 0
0 0.653472 0 0.0208333 0
0 0.181944 0 0.0194444 0
0 0.8125 0 0.0194444 0
0 0.4875 0.5 0.147222 1
0 0.340972 0 0.0208333 0
0 0.653472 0 0.0208333 0
0 0.181944 0 0.0194444 0
0 0.811806 0 0.0208333 0
0 0.4875 0.5 0.147222 1
0 0.341667 0 0.0194444 0
0 0.653472 0 0.0208333 0
0 0.8125 0 0.0194444 0
0 0.4875 0.5 0.147222 1
0 0.340972 0 0.0208333 0
0 0.653472 0 0.0208333 0
0 0.8125 0 0.0194444 0
0 0.488194 0.5 0.145833 1
0 0.340972 0 0.0208333 0
0 0.652778 0 0.0194444 0
0 0.8125 0 0.0194444 0
0 0.488194 0.5 0.145833 1
0 0.340278 0 0.0194444 0
0 0.652778 0 0.0194444 0
0 0.8125 0 0.0194444 0
0 0.340278 0 0.0194444 0
0 0.4875 0.5 0.147222 1
0 0.652778 0 0.0194444 0
0 0.8125 0 0.0194444 0
0 0.4875 0.5 0.147222 1
0 0.340278 0 0.0194444 0
0 0.653472 0 0.0208333 0
0 0.8125 0 0.0194444 0
0 0.340972 0 0.0208333 0
0 0.488194 0.5 0.145833 1
0 0.653472 0 0.0208333 0
0 0.8125 0 0.0194444 0
0 0.340972 0 0.0208333 0
0 0.488194 0.5 0.145833 1
0 0.653472 0 0.0208333 0
0 0.8125 0 0.0194444 0
0 0.488194 0.5 0.145833 1
0 0.340972 0 0.0208333 0
0 0.652778 0 0.0194444 0
0 0.8125 0 0.0194444 0
0 0.488194 0.5 0.145833 1
0 0.340278 0 0.0194444 0
0 0.652778 0 0.0194444 0
0 0.181944 0 0.0194444 0
0 0.8125 0 0.0194444 0
0 0.488889 0.5 0.144444 1
0 0.340278 0 0.0194444 0
0 0.652778 0 0.0194444 0
0 0.8125 0 0.0194444 0
0 0.488194 0.5 0.143056 1
0 0.340278 0 0.0194444 0
0 0.652778 0 0.0194444 0
0 0.181944 0 0.0194444 0
0 0.813194 0 0.0180556 0
0 0.488194 0.5 0.145833 1
0 0.340278 0 0.0194444 0
0 0.653472 0 0.0208333 0
0 0.813194 0 0.0180556 0
0 0.488194 0.5 0.145833 1
0 0.340278 0 0.0194444 0
0 0.653472 0 0.0208333 0
0 0.813194 0 0.0180556 0
0 0.488194 0.5 0.145833 1
0 0.340278 0 0.0194444 0
0 0.652778 0 0.0194444 0
0 0.181944 0 0.0194444 0
0 0.813194 0 0.0180556 0
0 0.488889 0.5 0.144444 1
0 0.340278 0 0.0194444 0
0 0.652778 0 0.0194444 0
0 0.813194 0 0.0180556 0
0 0.488194 0.5 0.145833 1
0 0.340278 0 0.0194444 0
0 0.653472 0 0.0208333 0
0 0.18125 0 0.0208333 0
0 0.813194 0 0.0180556 0
0 0.488889 0.5 0.147222 1
0 0.340278 0 0.0194444 0
0 0.654167 0 0.0194444 0
0 0.18125 0 0.0208333 0
0 0.813194 0 0.0180556 0
0 0.488889 0.5 0.147222 1
0 0.340278 0 0.0194444 0
0 0.654167 0 0.0194444 0
0 0.18125 0 0.0208333 0
0 0.813194 0 0.0208333 0
0 0.488889 0.5 0.147222 1
0 0.340278 0 0.0194444 0
0 0.654167 0 0.0194444 0
0 0.180556 0 0.0194444 0
0 0.813889 0 0.0194444 0
0 0.488889 0.5 0.147222 1
0 0.340278 0 0.0194444 0
0 0.654167 0 0.0194444 0
0 0.180556 0 0.0194444 0
0 0.813889 0 0.0194444 0
0 0.488194 0.5 0.145833 1
0 0.340278 0 0.0194444 0
0 0.654167 0 0.0194444 0
0 0.488889 0.5 0.147222 1
0 0.813889 0 0.0194444 0
0 0.340278 0 0.0194444 0
0 0.654167 0 0.0194444 0
0 0.180556 0 0.0194444 0
0 0.488194 0.5 0.148611 1
0 0.813889 0 0.0194444 0
0 0.340278 0 0.0194444 0
0 0.654167 0 0.0194444 0
0 0.180556 0 0.0194444 0
0 0.488194 0.5 0.148611 1
0 0.813889 0 0.0194444 0
0 0.340278 0 0.0194444 0
0 0.654167 0 0.0194444 0
0 0.488889 0.5 0.152778 1
0 0.813889 0 0.0194444 0
0 0.340278 0 0.0194444 0
0 0.654167 0 0.0194444 0
0 0.488889 0.5 0.152778 1
0 0.813889 0 0.0194444 0
0 0.340278 0 0.0194444 0
0 0.654167 0 0.0194444 0
0 0.489583 0.5 0.151389 1
0 0.813889 0 0.0194444 0
0 0.340278 0 0.0194444 0
0 0.654861 0 0.0208333 0
0 0.489583 0.5 0.151389 1
0 0.815278 0 0.0194444 0
0 0.340278 0 0.0194444 0
0 0.654861 0 0.0208333 0
0 0.488889 0.5 0.152778 1
0 0.815278 0 0.0194444 0
0 0.340278 0 0.0194444 0
0 0.654167 0 0.0194444 0
0 0.488889 0.5 0.152778 1
0 0.815278 0 0.0194444 0
0 0.340278 0 0.0194444 0
0 0.654167 0 0.0194444 0
0 0.488889 0.5 0.155556 1
0 0.815278 0 0.0194444 0
0 0.340278 0 0.0194444 0
0 0.654861 0 0.0208333 0
0 0.489583 0.5 0.156944 1
0 0.815278 0 0.0194444 0
0 0.340278 0 0.0194444 0
0 0.654861 0 0.0208333 0
0 0.489583 0.5 0.156944 1
0 0.340278 0 0.0194444 0
0 0.815278 0 0.0194444 0
0 0.654861 0 0.0208333 0
0 0.488889 0.5 0.158333 1
0 0.340278 0 0.0194444 0
0 0.815278 0 0.0194444 0
0 0.654861 0 0.0208333 0
0 0.488889 0.5 0.158333 1
0 0.815972 0 0.0208333 0
0 0.340278 0 0.0194444 0
0 0.654861 0 0.0208333 0
0 0.488889 0.5 0.155556 1
0 0.340278 0 0.0194444 0
0 0.815972 0 0.0208333 0
0 0.654861 0 0.0208333 0
0 0.488889 0.5 0.155556 1
0 0.340278 0 0.0194444 0
0 0.815278 0 0.0194444 0
0 0.654861 0 0.0208333 0
0 0.488889 0.5 0.158333 1
0 0.340278 0 0.0194444 0
0 0.815278 0 0.0194444 0
0 0.654861 0 0.0208333 0
0 0.489583 0.5 0.159722 1
0 0.815972 0 0.0208333 0
0 0.340278 0 0.0194444 0
0 0.654861 0 0.0208333 0
0 0.488889 0.5 0.158333 1
0 0.815278 0 0.0194444 0
0 0.340278 0 0.0194444 0
0 0.654861 0 0.0208333 0
0 0.488889 0.5 0.158333 1
0 0.815278 0 0.0194444 0
0 0.340278 0 0.0194444 0
0 0.654861 0 0.0208333 0
0 0.488889 0.5 0.158333 1
0 0.815278 0 0.0194444 0
0 0.340278 0 0.0194444 0
0 0.654861 0 0.0208333 0
0 0.815278 0 0.0194444 0
0 0.489583 0.5 0.156944 1
0 0.340278 0 0.0194444 0
0 0.654861 0 0.0208333 0
0 0.815278 0 0.0194444 0
0 0.489583 0.5 0.159722 1
0 0.654861 0 0.0208333 0
0 0.340278 0 0.0194444 0
0 0.815278 0 0.0194444 0
0 0.488889 0.5 0.158333 1
0 0.654861 0 0.0208333 0
0 0.340278 0 0.0194444 0
0 0.815278 0 0.0194444 0
0 0.488889 0.5 0.158333 1
0 0.340278 0 0.0194444 0
0 0.655556 0 0.0222222 0
0 0.815278 0 0.0194444 0
0 0.489583 0.5 0.156944 1
0 0.340278 0 0.0194444 0
0 0.655556 0 0.0222222 0
0 0.815278 0 0.0194444 0
0 0.489583 0.5 0.156944 1
0 0.340278 0 0.0194444 0
0 0.655556 0 0.0222222 0
0 0.815278 0 0.0194444 0
0 0.489583 0.5 0.156944 1
0 0.340278 0 0.0194444 0
0 0.654861 0 0.0208333 0
0 0.489583 0.5 0.159722 1
0 0.815278 0 0.0194444 0
0 0.340278 0 0.0194444 0
0 0.655556 0 0.0222222 0
0 0.556944 0 0.0416667 0
0 0.489583 0.5 0.159722 1
0 0.815972 0 0.0208333 0
0 0.655556 0 0.0222222 0
0 0.340278 0 0.0194444 0
0 0.489583 0.5 0.1625 1
0 0.815972 0 0.0208333 0
0 0.65625 0 0.0208333 0
0 0.340278 0 0.0194444 0
0 0.489583 0.5 0.1625 1
0 0.815972 0 0.0208333 0
0 0.65625 0 0.0208333 0
0 0.340278 0 0.0194444 0
0 0.178472 0 0.0208333 0
0 0.489583 0.5 0.159722 1
0 0.815278 0 0.0194444 0
0 0.65625 0 0.0208333 0
0 0.340278 0 0.0194444 0
0 0.178472 0 0.0208333 0
0 0.489583 0.5 0.159722 1
0 0.815278 0 0.0194444 0
0 0.65625 0 0.0208333 0
0 0.340278 0 0.0194444 0
0 0.178472 0 0.0208333 0
0 0.489583 0.5 0.159722 1
0 0.815278 0 0.0194444 0
0 0.65625 0 0.0208333 0
0 0.340278 0 0.0194444 0
0 0.178472 0 0.0208333 0
0 0.489583 0.5 0.159722 1
0 0.815278 0 0.0194444 0
0 0.65625 0 0.0208333 0
0 0.340278 0 0.0194444 0
0 0.178472 0 0.0208333 0
0 0.816667 0 0.0194444 0
0 0.490278 0.5 0.158333 1
0 0.655556 0 0.0222222 0
0 0.340278 0 0.0194444 0
0 0.178472 0 0.0208333 0
0 0.816667 0 0.0194444 0
0 0.490278 0.5 0.161111 1
0 0.65625 0 0.0208333 0
0 0.339583 0 0.0180556 0
0 0.816667 0 0.0194444 0
0 0.490278 0.5 0.161111 1
0 0.65625 0 0.0208333 0
0 0.340278 0 0.0194444 0
0 0.817361 0 0.0208333 0
0 0.490278 0.5 0.158333 1
0 0.65625 0 0.0208333 0
0 0.339583 0 0.0180556 0
0 0.177778 0 0.0194444 0
0 0.490278 0.5 0.158333 1
0 0.817361 0 0.0208333 0
0 0.65625 0 0.0208333 0
0 0.339583 0 0.0180556 0
0 0.489583 0.5 0.159722 1
0 0.817361 0 0.0208333 0
0 0.65625 0 0.0208333 0
0 0.339583 0 0.0180556 0
0 0.489583 0.5 0.159722 1
0 0.817361 0 0.0208333 0
0 0.65625 0 0.0208333 0
0 0.339583 0 0.0180556 0
0 0.177083 0 0.0208333 0
0 0.490278 0.5 0.161111 1
0 0.817361 0 0.0208333 0
0 0.65625 0 0.0208333 0
0 0.339583 0 0.0180556 0
0 0.818056 0 0.0194444 0
0 0.490278 0.5 0.161111 1
0 0.65625 0 0.0208333 0
0 0.340278 0 0.0194444 0
0 0.177083 0 0.0208333 0
0 0.818056 0 0.0222222 0
0 0.490972 0.5 0.165278 1
0 0.65625 0 0.0208333 0
0 0.340278 0 0.0194444 0
0 0.177083 0 0.0208333 0
0 0.818056 0 0.0222222 0
0 0.491667 0.5 0.161111 1
0 0.65625 0 0.0208333 0
0 0.340278 0 0.0194444 0
0 0.177083 0 0.0208333 0
0 0.81875 0 0.0208333 0
0 0.490972 0.5 0.1625 1
0 0.65625 0 0.0208333 0
0 0.340278 0 0.0194444 0
0 0.81875 0 0.0208333 0
0 0.177083 0 0.0208333 0
0 0.490278 0.5 0.161111 1
0 0.65625 0 0.0208333 0
0 0.340278 0 0.0194444 0
0 0.491667 0.5 0.163889 1
0 0.177083 0 0.0208333 0
0 0.65625 0 0.0208333 0
0 0.339583 0 0.0180556 0
0 0.818056 0 0.0222222 0
0 0.177083 0 0.0208333 0
0 0.492361 0.5 0.165278 1
0 0.65625 0 0.0208333 0
0 0.339583 0 0.0180556 0
0 0.177083 0 0.0208333 0
0 0.492361 0.5 0.165278 1
0 0.81875 0 0.0208333 0
0 0.65625 0 0.0208333 0
0 0.339583 0 0.0180556 0
0 0.177083 0 0.0208333 0
0 0.491667 0.5 0.163889 1
0 0.81875 0 0.0208333 0
0 0.65625 0 0.0208333 0
0 0.339583 0 0.0180556 0
0 0.493056 0.5 0.166667 1
0 0.176389 0 0.0194444 0
0 0.819444 0 0.0222222 0
0 0.65625 0 0.0208333 0
0 0.339583 0 0.0180556 0
0 0.493056 0.5 0.163889 1
0 0.176389 0 0.0194444 0
0 0.819444 0 0.0222222 0
0 0.65625 0 0.0208333 0
0 0.339583 0 0.0180556 0
0 0.492361 0.5 0.168056 1
0 0.176389 0 0.0194444 0
0 0.819444 0 0.0222222 0
0 0.65625 0 0.0208333 0
0 0.339583 0 0.0180556 0
0 0.490972 0.5 0.1625 1
0 0.176389 0 0.0194444 0
0 0.81875 0 0.0208333 0
0 0.65625 0 0.0208333 0
0 0.339583 0 0.0180556 0
0 0.491667 0.5 0.161111 1
0 0.176389 0 0.0194444 0
0 0.81875 0 0.0208333 0
0 0.338889 0 0.0194444 0
0 0.656944 0 0.0222222 0
0 0.176389 0 0.0194444 0
0 0.81875 0 0.0208333 0
0 0.339583 0 0.0180556 0
0 0.657639 0 0.0208333 0
0 0.176389 0 0.0194444 0
0 0.820139 0 0.0208333 0
0 0.339583 0 0.0180556 0
0 0.657639 0 0.0208333 0
0 0.176389 0 0.0194444 0
0 0.820139 0 0.0208333 0
0 0.338889 0 0.0194444 0
0 0.657639 0 0.0208333 0
0 0.494444 0.5 0.163889 1
0 0.176389 0 0.0194444 0
0 0.820139 0 0.0208333 0
0 0.338889 0 0.0194444 0
0 0.657639 0 0.0208333 0
0 0.494444 0 0.161111 0
0 0.176389 0 0.0194444 0
0 0.820139 0 0.0180556 0
0 0.339583 0 0.0208333 0
0 0.657639 0 0.0208333 0
0 0.176389 0 0.0194444 0
0 0.820139 0 0.0208333 0
0 0.338889 0 0.0194444 0
0 0.657639 0 0.0208333 0
0 0.493056 0.5 0.169444 1
0 0.176389 0 0.0194444 0
0 0.820139 0 0.0208333 0
0 0.338889 0 0.0194444 0
0 0.657639 0 0.0208333 0
0 0.49375 0 0.168056 0
0 0.176389 0 0.0194444 0
0 0.819444 0 0.0194444 0
0 0.338889 0 0.0194444 0
0 0.657639 0 0.0208333 0
0 0.49375 0.5 0.168056 1
0 0.176389 0 0.0194444 0
0 0.820139 0 0.0180556 0
0 0.338889 0 0.0194444 0
0 0.657639 0 0.0208333 0
0 0.493056 0 0.166667 0
0 0.819444 0 0.0194444 0
0 0.338889 0 0.0194444 0
0 0.657639 0 0.0208333 0
0 0.176389 0 0.0194444 0
0 0.49375 0 0.165278 0
0 0.819444 0 0.0194444 0
0 0.338889 0 0.0194444 0
0 0.657639 0 0.0208333 0
0 0.493056 0 0.161111 0
0 0.176389 0 0.0194444 0
0 0.820139 0 0.0180556 0
0 0.338889 0 0.0194444 0
0 0.657639 0 0.0208333 0
0 0.49375 0 0.1625 0
0 0.176389 0 0.0194444 0
0 0.820139 0 0.0180556 0
0 0.338889 0 0.0194444 0
0 0.657639 0 0.0208333 0
0 0.49375 0 0.165278 0
0 0.176389 0 0.0194444 0
0 0.820139 0 0.0180556 0
0 0.338889 0 0.0194444 0
0 0.657639 0 0.0208333 0
0 0.491667 0 0.161111 0
0 0.177083 0 0.0180556 0
0 0.820139 0 0.0180556 0
0 0.338889 0 0.0194444 0
0 0.657639 0 0.0208333 0
0 0.490972 0 0.159722 0
0 0.177083 0 0.0180556 0
0 0.820833 0 0.0194444 0
0 0.338889 0 0.0194444 0
0 0.658333 0 0.0222222 0
0 0.490972 0 0.156944 0
0 0.176389 0 0.0194444 0
0 0.820833 0 0.0194444 0
0 0.338889 0 0.0194444 0
0 0.658333 0 0.0222222 0
0 0.49375 0 0.1625 0
0 0.176389 0 0.0194444 0
0 0.820833 0 0.0194444 0
0 0.338889 0 0.0194444 0
0 0.657639 0 0.0208333 0
0 0.176389 0 0.0194444 0
0 0.820139 0 0.0180556 0
0 0.338889 0 0.0194444 0
0 0.657639 0 0.0208333 0
0 0.820833 0 0.0194444 0
0 0.338889 0 0.0194444 0
0 0.657639 0 0.0208333 0
0 0.820139 0 0.0180556 0
0 0.338889 0 0.0194444 0
0 0.657639 0 0.0208333 0
0 0.820833 0 0.0194444 0
0 0.338889 0 0.0194444 0
0 0.657639 0 0.0208333 0
0 0.820833 0 0.0194444 0
0 0.338889 0 0.0194444 0
0 0.657639 0 0.0208333 0
0 0.820833 0 0.0194444 0
0 0.338889 0 0.0194444 0
0 0.657639 0 0.0208333 0
0 0.820833 0 0.0194444 0
0 0.338889 0 0.0194444 0
0 0.658333 0 0.0194444 0
0 0.820833 0 0.0194444 0
0 0.338889 0 0.0194444 0
0 0.659028 0 0.0208333 0
0 0.820833 0 0.0194444 0
0 0.338889 0 0.0194444 0
0 0.658333 0 0.0194444 0
0 0.820833 0 0.0194444 0
0 0.338889 0 0.0194444 0
0 0.658333 0 0.0194444 0
0 0.338889 0 0.0194444 0
0 0.658333 0 0.0194444 0
0 0.820139 0 0.0180556 0
0 0.338889 0 0.0194444 0
0 0.658333 0 0.0194444 0
0 0.820833 0 0.0194444 0
0 0.338889 0 0.0194444 0
0 0.658333 0 0.0194444 0
0 0.820833 0 0.0194444 0
0 0.338889 0 0.0194444 0
0 0.659028 0 0.0208333 0
0 0.821528 0 0.0180556 0
0 0.338889 0 0.0194444 0
0 0.658333 0 0.0194444 0
0 0.821528 0 0.0180556 0
0 0.338889 0 0.0194444 0
0 0.658333 0 0.0194444 0
0 0.820833 0 0.0166667 0
0 0.338889 0 0.0194444 0
0 0.659028 0 0.0208333 0
0 0.488194 0 0.148611 0
0 0.821528 0 0.0180556 0
0 0.338889 0 0.0194444 0
0 0.659028 0 0.0208333 0
0 0.4875 0 0.155556 0
0 0.820833 0 0.0166667 0
0 0.338889 0 0.0194444 0
0 0.659028 0 0.0208333 0
0 0.489583 0 0.148611 0
0 0.820833 0 0.0166667 0
0 0.338889 0 0.0194444 0
0 0.659028 0 0.0208333 0
0 0.489583 0 0.145833 0
0 0.820833 0 0.0166667 0
0 0.338889 0 0.0194444 0
0 0.659028 0 0.0208333 0
0 0.488194 0 0.143056 0
0 0.820833 0 0.0166667 0
0 0.338889 0 0.0194444 0
0 0.659028 0 0.0208333 0
0 0.489583 0 0.151389 0
0 0.820833 0 0.0166667 0
0 0.338889 0 0.0194444 0
0 0.659028 0 0.0208333 0
0 0.489583 0 0.151389 0
0 0.820833 0 0.0166667 0
0 0.338889 0 0.0194444 0
0 0.659028 0 0.0208333 0
0 0.488889 0 0.155556 0
0 0.820833 0 0.0166667 0
0 0.338889 0 0.0194444 0
0 0.659722 0 0.0222222 0
0 0.820833 0 0.0166667 0
0 0.338889 0 0.0194444 0
0 0.659722 0 0.0222222 0
0 0.488889 0 0.152778 0
0 0.338889 0 0.0194444 0
0 0.659722 0 0.0222222 0
0 0.489583 0 0.145833 0
0 0.821528 0 0.0180556 0
0 0.339583 0 0.0208333 0
0 0.659722 0 0.0222222 0
0 0.489583 0 0.154167 0
0 0.821528 0 0.0180556 0
0 0.338889 0 0.0194444 0
0 0.659722 0 0.0222222 0
0 0.488194 0 0.148611 0
0 0.820833 0 0.0166667 0
0 0.338889 0 0.0194444 0
0 0.659722 0 0.0222222 0
0 0.821528 0 0.0180556 0
0 0.338194 0 0.0208333 0
0 0.659722 0 0.0222222 0
0 0.821528 0 0.0180556 0
0 0.338194 0 0.0208333 0
0 0.659722 0 0.0222222 0
0 0.493056 0 0.15 0
0 0.821528 0 0.0152778 0
0 0.338194 0 0.0208333 0
0 0.659722 0 0.0222222 0
0 0.822222 0 0.0166667 0
0 0.338889 0 0.0194444 0
0 0.659722 0 0.0222222 0
0 0.821528 0 0.0152778 0
0 0.338889 0 0.0194444 0
0 0.659722 0 0.0222222 0
0 0.821528 0 0.0152778 0
0 0.338889 0 0.0194444 0
0 0.659722 0 0.0222222 0
0 0.821528 0 0.0152778 0
0 0.492361 0 0.143056 0
0 0.338889 0 0.0194444 0
0 0.659722 0 0.0222222 0
0 0.491667 0 0.138889 0
0 0.338194 0 0.0208333 0
0 0.659722 0 0.0222222 0
0 0.558333 0 0.0472222 0
0 0.492361 0 0.145833 0
0 0.338889 0 0.0194444 0
0 0.659722 0 0.0222222 0
0 0.49375 0 0.154167 0
0 0.338194 0 0.0180556 0
0 0.659722 0 0.0222222 0
0 0.493056 0 0.155556 0
0 0.338889 0 0.0194444 0
0 0.660417 0 0.0208333 0
0 0.490972 0 0.151389 0
0 0.338194 0 0.0180556 0
0 0.660417 0 0.0208333 0
0 0.491667 0 0.152778 0
0 0.338194 0 0.0180556 0
0 0.659722 0 0.0222222 0
0 0.493056 0 0.15 0
0 0.338194 0 0.0180556 0
0 0.659722 0 0.0222222 0
0 0.492361 0 0.151389 0
0 0.338194 0 0.0180556 0
0 0.659722 0 0.0222222 0
0 0.491667 0 0.155556 0
0 0.338194 0 0.0180556 0
0 0.660417 0 0.0208333 0
0 0.338194 0 0.0180556 0
0 0.659722 0 0.0222222 0
0 0.338194 0 0.0180556 0
0 0.660417 0 0.0208333 0
0 0.338194 0 0.0180556 0
0 0.660417 0 0.0208333 0
0 0.338889 0 0.0194444 0
0 0.660417 0 0.0208333 0
0 0.338194 0 0.0180556 0
0 0.660417 0 0.0208333 0
0 0.338889 0 0.0194444 0
0 0.660417 0 0.0208333 0
0 0.338194 0 0.0180556 0
0 0.660417 0 0.0208333 0
0 0.338194 0 0.0180556 0
0 0.660417 0 0.0208333 0
0 0.338194 0 0.0180556 0
0 0.660417 0 0.0208333 0
0 0.338194 0 0.0180556 0
0 0.660417 0 0.0208333 0
0 0.338194 0 0.0180556 0
0 0.660417 0 0.0208333 0
0 0.338194 0 0.0180556 0
0 0.660417 0 0.0208333 0
0 0.338194 0 0.0180556 0
0 0.495833 0 0.144444 0
0 0.660417 0 0.0208333 0
0 0.495139 0 0.154167 0
0 0.338889 0 0.0194444 0
0 0.660417 0 0.0208333 0
0 0.495139 0 0.156944 0
0 0.338194 0 0.0180556 0
0 0.661111 0 0.0194444 0
0 0.338194 0 0.0180556 0
0 0.661111 0 0.0194444 0
0 0.502778 0 0.1 0
0 0.49375 0 0.154167 0
0 0.338194 0 0.0180556 0
0 0.661111 0 0.0194444 0
0 0.494444 0 0.155556 0
0 0.338889 0 0.0194444 0
0 0.659722 0 0.0194444 0
0 0.338889 0 0.0194444 0
0 0.659722 0 0.0194444 0
0 0.338889 0 0.0194444 0
0 0.661111 0 0.0194444 0
0 0.338889 0 0.0194444 0
0 0.495833 0 0.144444 0
0 0.661111 0 0.0194444 0
0 0.338889 0 0.0194444 0
0 0.494444 0 0.144444 0
0 0.661111 0 0.0194444 0
0 0.338889 0 0.0194444 0
0 0.502778 0 0.0944444 0
0 0.49375 0 0.143056 0
0 0.661111 0 0.0194444 0
0 0.338889 0 0.0194444 0
0 0.659722 0 0.0194444 0
0 0.338889 0 0.0194444 0
0 0.49375 0 0.154167 0
0 0.659722 0 0.0194444 0
0 0.338194 0 0.0180556 0
0 0.49375 0 0.154167 0
0 0.504167 0 0.1 0
0 0.659722 0 0.0194444 0
0 0.659722 0 0.0194444 0
0 0.338889 0 0.0194444 0
0 0.496528 0 0.131944 0
0 0.659722 0 0.0194444 0
0 0.659722 0 0.0194444 0
0 0.504861 0 0.101389 0
0 0.659722 0 0.0194444 0
0 0.660417 0 0.0180556 0
0 0.50625 0 0.0986111 0
0 0.660417 0 0.0180556 0
0 0.659722 0 0.0194444 0
0 0.502778 0 0.105556 0
0 0.661111 0 0.0194444 0
0 0.496528 0 0.140278 0
0 0.660417 0 0.0208333 0
0 0.338889 0 0.0166667 0
0 0.503472 0 0.106944 0
0 0.660417 0 0.0208333 0
0 0.505556 0 0.1 0
0 0.659722 0 0.0194444 0
0 0.660417 0 0.0208333 0
0 0.504861 0 0.0958333 0
0 0.504167 0 0.108333 0
0 0.659722 0 0.0194444 0
0 0.50625 0 0.101389 0
0 0.660417 0 0.0208333 0
0 0.504167 0 0.105556 0
0 0.661111 0 0.0194444 0
0 0.338889 0 0.0194444 0
0 0.504861 0 0.101389 0
0 0.661111 0 0.0194444 0
0 0.338889 0 0.0194444 0
0 0.661111 0 0.0194444 0
0 0.507639 0 0.101389 0
0 0.508333 0 0.105556 0
0 0.661111 0 0.0194444 0
0 0.661111 0 0.0194444 0
0 0.509028 0 0.101389 0
0 0.659722 0 0.0222222 0
0 0.504861 0 0.101389 0
0 0.661111 0 0.0194444 0
0 0.504861 0 0.101389 0
0 0.661111 0 0.0194444 0
0 0.50625 0 0.106944 0
0 0.661111 0 0.0194444 0
0 0.508333 0 0.102778 0
0 0.661111 0 0.0194444 0
0 0.507639 0 0.101389 0
0 0.660417 0 0.0208333 0
0 0.505556 0 0.1 0
0 0.511806 0 0.101389 0
0 0.509722 0 0.1 0
0 0.50625 0 0.0986111 0
0 0.505556 0 0.0944444 0
0 0.506944 0 0.1 0
0 0.507639 0 0.101389 0
0 0.509028 0 0.0902778 0
0 0.507639 0 0.0958333 0
0 0.509028 0 0.0986111 0
0 0.503472 0 0.106944 0
0 0.504861 0 0.0930556 0
0 0.510417 0 0.0902778 0
0 0.509028 0 0.0930556 0
0 0.568056 0 0.0888889 0
0 0.503472 0 0.0847222 0
0 0.568056 0 0.0888889 0
0 0.509028 0 0.0847222 0
0 0.572917 0 0.0902778 0
0 0.50625 0 0.0930556 0
0 0.574306 0 0.0902778 0
0 0.504861 0 0.0986111 0
0 0.509722 0 0.0944444 0
0 0.573611 0 0.0916667 0
0 0.504861 0 0.0902778 0
0 0.509722 0 0.0972222 0
0 0.572917 0 0.0930556 0
0 0.502778 0 0.0888889 0
0 0.50625 0 0.0902778 0
0 0.506944 0 0.1 0
0 0.504167 0 0.105556 0
0 0.575694 0 0.0930556 0
0 0.50625 0 0.0930556 0
0 0.506944 0 0.0916667 0
0 0.507639 0 0.0986111 0
0 0.50625 0 0.0958333 0
0 0.506944 0 0.0916667 0
0 0.507639 0 0.0930556 0
0 0.509028 0 0.0958333 0
0 0.511111 0 0.0777778 0
0 0.511806 0 0.0791667 0
0 0.511806 0 0.0902778 0
0 0.576389 0 0.0916667 0
0 0.509028 0 0.0847222 0
0 0.510417 0 0.0847222 0
0 0.509722 0 0.0777778 0
0 0.511111 0 0.0777778 0
0 0.509722 0 0.0833333 0
0 0.511111 0 0.075 0
0 0.511111 0 0.0805556 0
0 0.510417 0 0.0847222 0
0 0.578472 0 0.0902778 0
0 0.509028 0 0.0847222 0
0 0.510417 0 0.0819444 0
0 0.511111 0 0.0805556 0
0 0.509722 0 0.0888889 0
0 0.511111 0 0.075 0
0 0.5125 0 0.0777778 0
0 0.511806 0 0.0847222 0
0 0.5125 0 0.0833333 0
0 0.511806 0 0.0791667 0
0 0.511806 0 0.0875 0
0 0.511806 0 0.0763889 0
0 0.5125 0 0.0805556 0
0 0.511806 0 0.120833 0
0 0.510417 0 0.0930556 0
0 0.511111 0 0.0833333 0
0 0.5125 0 0.119444 0
0 0.5125 0 0.0777778 0
0 0.514583 0 0.0819444 0
0 0.510417 0 0.0958333 0
0 0.516667 0 0.0888889 0
0 0.496528 0 0.0736111 0
0 0.5125 0 0.0888889 0
0 0.520833 0 0.0888889 0
0 0.521528 0 0.0902778 0
0 0.497917 0 0.0736111 0
0 0.524306 0 0.0958333 0
0 0.520139 0 0.0902778 0
0 0.522222 0 0.0888889 0
0 0.498611 0 0.075 0
0 0.526389 0 0.0972222 0
0 0.498611 0 0.0722222 0
0 0.527778 0 0.0972222 0
0 0.527083 0 0.104167 0
0 0.2625 0 0.00833333 0
0 0.501389 0 0.075 0
0 0.45625 0 0.0319444 0
0 0.51875 0 0.0819444 0
0 0.563889 0 0.0361111 0
0 0.45625 0 0.0319444 0
0 0.5 0 0.075 0
0 0.519444 0 0.0833333 0
0 0.455556 0 0.0305556 0
0 0.519444 0 0.0833333 0
0 0.500694 0 0.0791667 0
0 0.455556 0 0.0305556 0
0 0.519444 0 0.0777778 0
0 0.455556 0 0.0333333 0
0 0.5 0 0.0805556 0
0 0.51875 0 0.0763889 0
0 0.455556 0 0.0333333 0
0 0.5 0 0.0805556 0
0 0.5 0 0.0805556 0
0 0.45625 0 0.0347222 0
0 0.500694 0 0.0791667 0
0 0.455556 0 0.0361111 0
0 0.500694 0 0.0791667 0
0 0.455556 0 0.0361111 0
0 0.5 0 0.0805556 0
0 0.455556 0 0.0361111 0
0 0.5 0 0.0805556 0
0 0.45625 0 0.0347222 0
0 0.455556 0 0.0333333 0
0 0.5 0 0.0805556 0
0 0.455556 0 0.0333333 0
0 0.5 0 0.0805556 0
0 0.500694 0 0.0791667 0
0 0.45625 0 0.0319444 0
0 0.5 0 0.075 0
0 0.455556 0 0.0305556 0
0 0.454861 0 0.0347222 0
0 0.5 0 0.0722222 0
0 0.529167 0 0.0944444 0
0 0.499306 0 0.0736111 0
0 0.497222 0 0.075 0
0 0.53125 0 0.104167 0
0 0.497222 0 0.0722222 0
0 0.53125 0 0.0986111 0
0 0.527778 0 0.0972222 0
0 0.520833 0 0.0916667 0
0 0.519444 0 0.113889 0
0 0.517361 0 0.0875 0
0 0.521528 0 0.0875 0
0 0.519444 0 0.0861111 0
0 0.517361 0 0.0847222 0
0 0.514583 0 0.106944 0
0 0.521528 0 0.0902778 0
0 0.519444 0 0.0916667 0
0 0.520139 0 0.0902778 0
0 0.663889 0 0.0222222 0
0 0.520833 0 0.0888889 0
0 0.335417 0 0.0208333 0
0 0.665278 0 0.0194444 0
0 0.521528 0 0.0930556 0
0 0.525 0 0.105556 0
0 0.665278 0 0.0194444 0
0 0.334722 0 0.0194444 0
0 0.515972 0 0.0708333 0
0 0.665972 0 0.0208333 0
0 0.515972 0 0.0736111 0
0 0.335417 0 0.0208333 0
0 0.666667 0 0.0222222 0
0 0.516667 0 0.0777778 0
0 0.334722 0 0.0194444 0
0 0.666667 0 0.0222222 0
0 0.834722 0 0.0194444 0
0 0.518056 0.5 0.125 1
0 0.334028 0 0.0208333 0
0 0.667361 0 0.0236111 0
0 0.835417 0 0.0180556 0
0 0.517361 0 0.0875 0
0 0.334722 0 0.0194444 0
0 0.667361 0 0.0208333 0
0 0.513889 0 0.0694444 0
0 0.334028 0 0.0208333 0
0 0.666667 0 0.0222222 0
0 0.836111 0 0.0194444 0
0 0.514583 0.5 0.0708333 1
0 0.334028 0 0.0208333 0
0 0.667361 0 0.0236111 0
0 0.515278 0.5 0.075 1
0 0.836806 0 0.0208333 0
0 0.334028 0 0.0208333 0
0 0.666667 0 0.0222222 0
0 0.8375 0 0.0222222 0
0 0.163889 0 0.0194444 0
0 0.334028 0 0.0208333 0
0 0.666667 0 0.0222222 0
0 0.163194 0 0.0208333 0
0 0.836111 0 0.0222222 0
0 0.334028 0 0.0208333 0
0 0.666667 0 0.0222222 0
0 0.513889 1 0.127778 0
0 0.563194 0 0.0486111 0
0 0.1625 0 0.0194444 0
0 0.836111 0 0.0222222 0
0 0.333333 0 0.0194444 0
0 0.666667 0 0.0222222 0
0 0.838194 0 0.0208333 0
0 0.333333 0 0.0222222 0
0 0.667361 0 0.0236111 0
0 0.161806 0 0.0208333 0
0 0.45625 0 0.0375 0
0 0.563889 0 0.0472222 0
0 0.334028 0 0.0208333 0
0 0.838194 0 0.0208333 0
0 0.667361 0 0.0236111 0
0 0.838194 0 0.0208333 0
0 0.333333 0 0.0194444 0
0 0.667361 0 0.0208333 0
0 0.456944 0 0.0388889 0
0 0.161111 0 0.0194444 0
0 0.514583 1 0.148611 0
0 0.838194 0 0.0208333 0
0 0.332639 0 0.0208333 0
0 0.668056 0 0.0222222 0
0 0.455556 0 0.0361111 0
0 0.515278 1 0.147222 0
0 0.838889 0 0.0222222 0
0 0.161111 0 0.0194444 0
0 0.331944 0 0.0194444 0
0 0.667361 0 0.0236111 0
0 0.838194 0 0.0208333 0
0 0.513889 1 0.158333 0
0 0.159722 0 0.0194444 0
0 0.332639 0 0.0208333 0
0 0.668056 0 0.0222222 0
0 0.514583 1 0.1625 0
0 0.159722 0 0.0194444 0
0 0.839583 0 0.0208333 0
0 0.33125 0 0.0208333 0
0 0.668056 0 0.0222222 0
0 0.516667 1 0.163889 0
0 0.159028 0 0.0208333 0
0 0.840278 0 0.0222222 0
0 0.331944 0 0.0222222 0
0 0.668056 0 0.0222222 0
0 0.158333 0 0.0194444 0
0 0.841667 0 0.0222222 0
0 0.455556 0 0.0361111 0
0 0.33125 0 0.0208333 0
0 0.66875 0 0.0208333 0
0 0.454861 0 0.0375 0
0 0.843056 0 0.0222222 0
0 0.330556 0 0.0222222 0
0 0.669444 0 0.0222222 0
0 0.563889 0 0.05 0
0 0.454861 0 0.0375 0
0 0.844444 0 0.0222222 0
0 0.328472 0 0.0208333 0
0 0.670139 0 0.0236111 0
0 0.563889 0 0.05 0
0 0.152778 0 0.0194444 0
0 0.454167 0 0.0388889 0
0 0.845139 0 0.0208333 0
0 0.328472 0 0.0208333 0
0 0.670139 0 0.0208333 0
0 0.150694 0 0.0208333 0
0 0.454167 0 0.0361111 0
0 0.847222 0 0.0222222 0
0 0.327083 0 0.0208333 0
0 0.670833 0 0.0222222 0
0 0.85 0 0.0222222 0
0 0.147917 0 0.0208333 0
0 0.325694 0 0.0208333 0
0 0.672222 0 0.0222222 0
0 0.144444 0 0.0222222 0
0 0.852778 0 0.0222222 0
0 0.324306 0 0.0208333 0
0 0.673611 0 0.0222222 0
0 0.143056 0 0.0222222 0
0 0.854861 0 0.0236111 0
0 0.674306 0 0.0236111 0
0 0.322917 0 0.0208333 0
0 0.138194 0 0.0208333 0
0 0.857639 0 0.0236111 0
0 0.320833 0 0.0222222 0
0 0.676389 0 0.0222222 0
0 0.859028 0 0.0236111 0
0 0.136111 0 0.0194444 0
0 0.319444 0 0.0222222 0
0 0.677778 0 0.0222222 0
0 0.133333 0 0.0222222 0
0 0.863194 0 0.0236111 0
0 0.318056 0 0.0222222 0
0 0.677778 0 0.0222222 0
0 0.13125 0 0.0236111 0
0 0.567361 0 0.0541667 0
0 0.863889 0 0.025 0
0 0.315972 0 0.0208333 0
0 0.679167 0 0.025 0
0 0.567361 0 0.0541667 0
0 0.866667 0 0.025 0
0 0.314583 0 0.0208333 0
0 0.680556 0 0.025 0
0 0.56875 0 0.0541667 0
0 0.449306 0 0.0402778 0
0 0.869444 0 0.025 0
0 0.3125 0 0.0222222 0
0 0.681944 0 0.0222222 0
0 0.568056 0 0.0555556 0
0 0.122222 0 0.0222222 0
0 0.45 0 0.0361111 0
0 0.871528 0 0.0236111 0
0 0.311806 0 0.0236111 0
0 0.681944 0 0.0222222 0
0 0.874306 0 0.0263889 0
0 0.568056 0 0.0555556 0
0 0.449306 0 0.0375 0
0 0.119444 0 0.025 0
0 0.311111 0 0.0222222 0
0 0.683333 0 0.0222222 0
0 0.118056 0 0.025 0
0 0.875694 0 0.0236111 0
0 0.569444 0 0.0555556 0
0 0.309722 0 0.0222222 0
0 0.684722 0 0.025 0
0 0.569444 0 0.0555556 0
0 0.876389 0 0.025 0
0 0.309722 0 0.0222222 0
0 0.684722 0 0.025 0
0 0.569444 0 0.0555556 0
0 0.1125 0 0.0222222 0
0 0.307639 0 0.0236111 0
0 0.879167 0 0.025 0
0 0.686111 0 0.025 0
0 0.881944 0 0.025 0
0 0.447917 0 0.0402778 0
0 0.569444 0 0.0583333 0
0 0.111111 0 0.0222222 0
0 0.30625 0 0.0236111 0
0 0.686806 0 0.0263889 0
0 0.109028 0 0.0236111 0
0 0.447917 0 0.0402778 0
0 0.569444 0 0.0583333 0
0 0.88125 0 0.0236111 0
0 0.304861 0 0.0236111 0
0 0.6875 0 0.025 0
0 0.107639 0 0.0236111 0
0 0.446528 0 0.0402778 0
0 0.884722 0 0.025 0
0 0.303472 0 0.0236111 0
0 0.570139 0 0.0597222 0
0 0.688194 0 0.0236111 0
0 0.10625 0 0.0236111 0
0 0.303472 0 0.0236111 0
0 0.570139 0 0.0597222 0
0 0.689583 0 0.0236111 0
0 0.570833 0 0.0611111 0
0 0.300694 0 0.0236111 0
0 0.690278 0 0.025 0
0 0.890278 0 0.0222222 0
0 0.570833 0 0.0611111 0
0 0.3 0 0.0222222 0
0 0.690972 0 0.0236111 0
0 0.445139 0 0.0402778 0
0 0.570139 0 0.0625 0
0 0.297917 0 0.0236111 0
0 0.693056 0 0.025 0
0 0.444444 0 0.0388889 0
0 0.570833 0 0.0638889 0
0 0.297917 0 0.0236111 0
0 0.693056 0 0.025 0
0 0.44375 0 0.0402778 0
0 0.895139 0 0.0236111 0
0 0.570833 0 0.0638889 0
0 0.297222 0 0.025 0
0 0.69375 0 0.0263889 0
0 0.443056 0 0.0333333 0
0 0.896528 0 0.0236111 0
0 0.572222 0 0.0694444 0
0 0.295833 0 0.025 0
0 0.694444 0 0.025 0
0 0.443056 0 0.0333333 0
0 0.572222 0 0.0666667 0
0 0.294444 0 0.025 0
0 0.694444 0 0.025 0
0 0.442361 0 0.0319444 0
0 0.897222 0 0.0222222 0
0 0.572222 0 0.0666667 0
0 0.295139 0 0.0263889 0
0 0.694444 0 0.025 0
0 0.411111 0 0.0583333 0
0 0.899306 0 0.0208333 0
0 0.572917 0 0.0680556 0
0 0.293056 0 0.025 0
0 0.695833 0 0.025 0
0 0.573611 0 0.0666667 0
0 0.440972 0 0.0347222 0
0 0.290278 0 0.025 0
0 0.697917 0 0.0263889 0
0 0.511806 0 0.0486111 0
0 0.409028 0 0.0597222 0
0 0.440972 0 0.0375 0
0 0.574306 0 0.0708333 0
0 0.698611 0 0.0277778 0
0 0.288889 0 0.025 0
0 0.771528 0 0.00694444 0
0 0.574306 0 0.0708333 0
0 0.440972 0 0.0375 0
0 0.698611 0 0.0277778 0
0 0.288889 0 0.025 0
0 0.511111 0 0.0472222 0
0 0.905556 0 0.0194444 0
0 0.574306 0 0.0708333 0
0 0.440972 0 0.0375 0
0 0.698611 0 0.0277778 0
0 0.288889 0 0.025 0
0 0.511806 0 0.0486111 0
0 0.575 0 0.0722222 0
0 0.440278 0 0.0388889 0
0 0.7 0 0.025 0
0 0.2875 0 0.025 0
0 0.405556 0 0.0666667 0
0 0.775 0 0.00833333 0
0 0.440972 0 0.0402778 0
0 0.286111 0 0.025 0
0 0.575694 0 0.0763889 0
0 0.701389 0 0.025 0
0 0.439583 0 0.0375 0
0 0.405556 0 0.0666667 0
0 0.285417 0 0.0263889 0
0 0.575694 0 0.0791667 0
0 0.701389 0 0.025 0
0 0.576389 0 0.0666667 0
0 0.439583 0 0.0402778 0
0 0.404167 0 0.0638889 0
0 0.703472 0 0.0263889 0
0 0.282639 0 0.0263889 0
0 0.576389 0 0.0666667 0
0 0.403472 0 0.0652778 0
0 0.439583 0 0.0430556 0
0 0.704167 0 0.0277778 0
0 0.704861 0 0.0263889 0
0 0.28125 0 0.0263889 0
0 0.402778 0 0.0694444 0
0 0.576389 0 0.0666667 0
0 0.438889 0 0.0416667 0
0 0.403472 0 0.0680556 0
0 0.438889 0 0.0444444 0
0 0.576389 0 0.0666667 0
0 0.705556 0 0.025 0
0 0.438194 0 0.0402778 0
0 0.402083 0 0.0708333 0
0 0.577083 0 0.0708333 0
0 0.706944 0 0.025 0
0 0.275 0 0.0305556 0
0 0.398611 0 0.075 0
0 0.577083 0 0.0680556 0
0 0.709028 0 0.0263889 0
0 0.399306 0 0.0708333 0
0 0.577778 0 0.0694444 0
0 0.709028 0 0.0263889 0
0 0.273611 0 0.0305556 0
0 0.397917 0 0.0736111 0
0 0.709028 0 0.0236111 0
0 0.578472 0 0.0708333 0
0 0.271528 0 0.0263889 0
0 0.395139 0 0.0763889 0
0 0.579167 0 0.0694444 0
0 0.710417 0 0.0263889 0
0 0.771528 0 0.00972222 0
0 0.436111 0 0.0416667 0
0 0.395139 0 0.0763889 0
0 0.270833 0 0.025 0
0 0.711111 0 0.0277778 0
0 0.579167 0 0.0722222 0
0 0.486806 0 0.00972222 0
0 0.392361 0 0.0791667 0
0 0.267361 0 0.0263889 0
0 0.7125 0 0.0277778 0
0 0.579861 0 0.0736111 0
0 0.393056 0 0.0777778 0
0 0.486806 0 0.00972222 0
0 0.266667 0 0.025 0
0 0.713194 0 0.0263889 0
0 0.579861 0 0.0736111 0
0 0.434028 0 0.0430556 0
0 0.714583 0 0.0263889 0
0 0.486806 0 0.00972222 0
0 0.265278 0 0.0277778 0
0 0.393056 0 0.075 0
0 0.579861 0 0.0736111 0
0 0.263889 0 0.0277778 0
0 0.433333 0 0.0472222 0
0 0.715278 0 0.025 0
0 0.394444 0 0.0722222 0
0 0.581944 0 0.0722222 0
0 0.263194 0 0.0291667 0
0 0.393056 0 0.0722222 0
0 0.715972 0 0.0236111 0
0 0.486806 0 0.00972222 0
0 0.582639 0 0.0736111 0
0 0.43125 0 0.0430556 0
0 0.717361 0 0.0236111 0
0 0.485417 0 0.00972222 0
0 0.58125 0 0.0763889 0
0 0.390278 0 0.0805556 0
0 0.719444 0 0.0305556 0
0 0.484722 0 0.0111111 0
0 0.430556 0 0.0444444 0
0 0.581944 0 0.0777778 0
0 0.388889 0 0.0805556 0
0 0.484722 0 0.0111111 0
0 0.719444 0 0.0277778 0
0 0.429861 0 0.0458333 0
0 0.388194 0 0.0791667 0
0 0.582639 0 0.0791667 0
0 0.386806 0 0.0791667 0
0 0.581944 0 0.0777778 0
0 0.429167 0 0.0472222 0
0 0.483333 0 0.0111111 0
0 0.386111 0 0.0777778 0
0 0.428472 0 0.0458333 0
0 0.583333 0 0.0805556 0
0 0.428472 0 0.0458333 0
0 0.384028 0 0.0791667 0
0 0.482639 0 0.0125 0
0 0.584028 0 0.0819444 0
0 0.428472 0 0.0458333 0
0 0.384028 0 0.0791667 0
0 0.482639 0 0.0125 0
0 0.584028 0 0.0819444 0
0 0.50625 0 0.0597222 0
0 0.584028 0 0.0819444 0
0 0.427778 0 0.0444444 0
0 0.48125 0 0.0125 0
0 0.50625 0 0.0597222 0
0 0.381944 0 0.0777778 0
0 0.585417 0 0.0819444 0
0 0.428472 0 0.0458333 0
0 0.48125 0 0.0125 0
0 0.50625 0 0.0597222 0
0 0.381944 0 0.0777778 0
0 0.584722 0 0.0805556 0
0 0.427778 0 0.0472222 0
0 0.48125 0 0.0125 0
0 0.505556 0 0.0583333 0
0 0.381944 0 0.0777778 0
0 0.425694 0 0.0430556 0
0 0.48125 0 0.0125 0
0 0.586111 0 0.0833333 0
0 0.504861 0 0.0569444 0
0 0.377778 0 0.075 0
0 0.425694 0 0.0430556 0
0 0.586806 0 0.0847222 0
0 0.480556 0 0.0111111 0
0 0.424306 0 0.0402778 0
0 0.379167 0 0.0777778 0
0 0.479861 0 0.0125 0
0 0.586806 0 0.0847222 0
0 0.423611 0 0.0416667 0
0 0.377083 0 0.0819444 0
0 0.5875 0 0.0861111 0
0 0.479167 0 0.0138889 0
0 0.503472 0 0.0597222 0
0 0.423611 0 0.0444444 0
0 0.373611 0 0.0805556 0
0 0.588889 0 0.0888889 0
0 0.478472 0 0.0125 0
0 0.373611 0 0.0805556 0
0 0.422222 0 0.0472222 0
0 0.590278 0 0.0861111 0
0 0.477778 0 0.0138889 0
0 0.504167 0 0.0638889 0
0 0.483333 0 0.0222222 0
0 0.370833 0 0.0833333 0
0 0.592361 0 0.0875 0
0 0.476389 0 0.0138889 0
0 0.503472 0 0.0625 0
0 0.475694 0 0.0125 0
0 0.593056 0 0.0888889 0
0 0.369444 0 0.0916667 0
0 0.482639 0 0.0208333 0
0 0.594444 0 0.0916667 0
0 0.366667 0 0.0944444 0
0 0.502778 0 0.0694444 0
0 0.482639 0 0.0208333 0
0 0.363194 0 0.0958333 0
0 0.502778 0 0.0694444 0
0 0.59375 0 0.0958333 0
0 0.500694 0 0.0708333 0
0 0.353472 0 0.0986111 0
0 0.595139 0 0.0986111 0
0 0.500694 0 0.0736111 0
0 0.346528 0 0.101389 0
0 0.596528 0 0.0986111 0
0 0.340972 0 0.106944 0
0 0.500694 0 0.0763889 0
0 0.340278 0 0.111111 0
0 0.500694 0 0.0791667 0
0 0.334028 0 0.1125 0
0 0.5 0 0.0833333 0
0 0.33125 0 0.109722 0
0 0.5 0 0.0805556 0
0 0.499306 0 0.0847222 0
0 0.497222 0 0.0861111 0
0 0.31875 0 0.0597222 0
0 0.496528 0 0.0875 0
0 0.496528 0 0.0875 0
0 0.319444 0 0.0694444 0
0 0.63125 0 0.0763889 0
0 0.632639 0 0.0791667 0
0 0.636806 0 0.0791667 0
0 0.466667 0 0.025 0
0 0.638194 0 0.0791667 0
0 0.642361 0 0.0847222 0
0 0.644444 0 0.0833333 0
0 0.4625 0 0.0305556 0
0 0.461111 0 0.0305556 0
0 0.648611 0 0.0888889 0
0 0.653472 0 0.0875 0
0 0.656944 0 0.0861111 0
0 0.458333 0 0.0361111 0
0 0.666667 0 0.0916667 0
0 0.458333 0 0.0361111 0
0 0.666667 0 0.0916667 0
0 0.679167 0 0.0944444 0
0 0.457639 0 0.0375 0
0 0.682639 0 0.109722 0
0 0.686111 0 0.108333 0
0 0.458333 0 0.0388889 0
0 0.690278 0 0.111111 0
0 0.694444 0 0.102778 0
0 0.696528 0 0.106944 0
0 0.700694 0 0.109722 0
0 0.709028 0 0.115278 0
0 0.71875 0 0.109722 0
0 0.320833 0 0.0861111 0
0 0.723611 0 0.116667 0
0 0.730556 0 0.122222 0
0 0.736111 0 0.125 0
0 0.50625 0 0.104167 0
0 0.320833 0 0.0916667 0
0 0.509028 0 0.101389 0
0 0.742361 0 0.0958333 0
0 0.752778 0 0.0972222 0
0 0.775694 0 0.101389 0
