0 0.565972 0 0.00972222 0
0 0.438889 1 0.0277778 0
0 0.565972 0 0.00972222 0
0 0.438889 1 0.0277778 0
0 0.566667 0 0.0111111 0
0 0.438889 1 0.0277778 0
0 0.566667 0 0.0111111 0
0 0.438889 1 0.0277778 0
0 0.565972 0 0.00972222 0
0 0.438889 1 0.0277778 0
0 0.565972 0 0.00972222 0
0 0.438889 1 0.0277778 0
0 0.377083 0 0.0125 0
0 0.566667 0 0.0111111 0
0 0.438889 1 0.0277778 0
0 0.566667 0 0.0111111 0
0 0.438889 1 0.0277778 0
0 0.566667 0 0.0111111 0
0 0.438889 1 0.0277778 0
0 0.565972 0 0.00972222 0
0 0.438889 1 0.0277778 0
0 0.566667 0 0.0111111 0
0 0.438889 1 0.0277778 0
0 0.566667 0 0.0111111 0
0 0.438889 1 0.0277778 0
0 0.565972 0 0.00972222 0
0 0.438889 1 0.0277778 0
0 0.565972 0 0.00972222 0
0 0.438889 1 0.0277778 0
0 0.566667 0 0.0111111 0
0 0.438889 1 0.0277778 0
0 0.565972 0 0.00972222 0
0 0.438889 1 0.0277778 0
0 0.566667 0 0.0111111 0
0 0.438889 1 0.0277778 0
0 0.566667 0 0.0111111 0
0 0.438889 1 0.0277778 0
0 0.566667 0 0.0111111 0
0 0.438889 1 0.0277778 0
0 0.565972 0 0.00972222 0
0 0.439583 0.5 0.0291667 1
0 0.440278 0.5 0.0277778 1
0 0.441667 0.5 0.0277778 1
0 0.566667 0 0.0111111 0
0 0.441667 0.5 0.0277778 1
0 0.567361 0 0.00972222 0
0 0.443056 0.5 0.0277778 1
0 0.445139 0 0.0263889 0
0 0.448611 0 0.0277778 0
0 0.448611 0 0.0277778 0
0 0.449306 0 0.0291667 0
0 0.450694 0 0.0291667 0
0 0.452083 0 0.0291667 0
0 0.575 0 0.0111111 0
0 0.452778 0 0.0305556 0
0 0.454167 0 0.0305556 0
0 0.38125 0 0.0125 0
0 0.577778 0 0.0111111 0
0 0.454167 0 0.0305556 0
0 0.455556 0 0.0305556 0
0 0.45625 0 0.0319444 0
0 0.45625 0 0.0319444 0
0 0.457639 0 0.0319444 0
0 0.457639 0 0.0319444 0
0 0.586806 0 0.0125 0
0 0.458333 0 0.0333333 0
0 0.588889 0 0.0138889 0
0 0.457639 0 0.0319444 0
0 0.589583 0 0.0125 0
0 0.457639 0 0.0375 0
0 0.459028 0 0.0375 0
0 0.458333 0 0.0388889 0
0 0.458333 0 0.0388889 0
0 0.457639 0 0.0375 0
0 0.595139 0 0.0125 0
0 0.457639 0 0.0402778 0
0 0.372222 0 0.0166667 0
0 0.457639 0 0.0402778 0
0 0.597222 0 0.0138889 0
0 0.45625 0 0.0402778 0
0 0.597222 0 0.0138889 0
0 0.454861 0 0.0430556 0
0 0.6 0 0.0138889 0
0 0.454167 0 0.0444444 0
0 0.365972 0 0.0152778 0
0 0.720139 0 0.0152778 0
0 0.600694 0 0.0152778 0
0 0.453472 0 0.0458333 0
0 0.602778 0 0.0138889 0
0 0.450694 0 0.0486111 0
0 0.363194 0 0.0152778 0
0 0.604167 0 0.0138889 0
0 0.450694 0 0.0513889 0
0 0.604861 0 0.0152778 0
0 0.728472 0 0.0152778 0
0 0.447917 0 0.0541667 0
0 0.60625 0 0.0152778 0
0 0.447917 0 0.0569444 0
0 0.607639 0 0.0180556 0
0 0.732639 0 0.0152778 0
0 0.446528 0 0.0541667 0
0 0.232639 0 0.0152778 0
0 0.607639 0 0.0152778 0
0 0.445833 0 0.0555556 0
0 0.358333 0 0.0166667 0
0 0.736111 0 0.0138889 0
0 0.608333 0 0.0166667 0
0 0.445139 0 0.0569444 0
0 0.609028 0 0.0180556 0
0 0.738889 0 0.0138889 0
0 0.44375 0 0.0569444 0
0 0.738889 0 0.0166667 0
0 0.610417 0 0.0180556 0
0 0.443056 0 0.0583333 0
0 0.611111 0 0.0194444 0
0 0.741667 0 0.0166667 0
0 0.440972 0 0.0597222 0
0 0.611111 0 0.0166667 0
0 0.440972 0 0.0625 0
0 0.354167 0 0.0194444 0
0 0.6125 0 0.0166667 0
0 0.440278 0 0.0611111 0
0 0.49375 0 0.0458333 0
0 0.613889 0 0.0166667 0
0 0.439583 0 0.0625 0
0 0.748611 0 0.0166667 0
0 0.353472 0 0.0180556 0
0 0.614583 0 0.0152778 0
0 0.439583 0 0.0652778 0
0 0.352083 0 0.0152778 0
0 0.75 0 0.0166667 0
0 0.615278 0 0.0166667 0
0 0.439583 0 0.0680556 0
0 0.350694 0 0.0152778 0
0 0.754861 0 0.0152778 0
0 0.61875 0 0.0152778 0
0 0.438194 0 0.0708333 0
0 0.758333 0 0.0166667 0
0 0.620139 0 0.0152778 0
0 0.438194 0 0.0736111 0
0 0.35 0 0.0166667 0
0 0.761111 0 0.0166667 0
0 0.621528 0 0.0180556 0
0 0.438889 0 0.0805556 0
0 0.7625 0 0.0166667 0
0 0.622917 0 0.0180556 0
0 0.438889 0 0.0805556 0
0 0.498611 0 0.0444444 0
0 0.765972 0 0.0180556 0
0 0.625 0 0.0166667 0
0 0.439583 0.5 0.0847222 1
0 0.770139 0 0.0180556 0
0 0.627083 0 0.0180556 0
0 0.440278 0.5 0.0861111 1
0 0.772222 0 0.0194444 0
0 0.347222 0 0.0194444 0
0 0.629167 0 0.0194444 0
0 0.441667 0.5 0.0916667 1
0 0.202083 0 0.0180556 0
0 0.347917 0 0.0180556 0
0 0.629861 0 0.0180556 0
0 0.441667 0.5 0.0944444 1
0 0.775694 0 0.0180556 0
0 0.346528 0 0.0180556 0
0 0.201389 0 0.0166667 0
0 0.629861 0 0.0180556 0
0 0.441667 0.5 0.0944444 1
0 0.347222 0 0.0194444 0
0 0.778472 0 0.0180556 0
0 0.632639 0 0.0180556 0
0 0.446528 0.5 0.101389 1
0 0.781944 0 0.0166667 0
0 0.346528 0 0.0180556 0
0 0.634722 0 0.0194444 0
0 0.448611 0.5 0.108333 1
0 0.347222 0 0.0194444 0
0 0.784722 0 0.0194444 0
0 0.636111 0 0.0194444 0
0 0.453472 0.5 0.109722 1
0 0.785417 0 0.0180556 0
0 0.347222 0 0.0194444 0
0 0.6375 0 0.0166667 0
0 0.458333 0.5 0.108333 1
0 0.786111 0 0.0194444 0
0 0.347222 0 0.0194444 0
0 0.6375 0 0.0166667 0
0 0.4625 0.5 0.111111 1
0 0.7875 0 0.0166667 0
0 0.347222 0 0.0194444 0
0 0.478472 0.5 0.115278 1
0 0.638889 0 0.0166667 0
0 0.788194 0 0.0180556 0
0 0.347222 0 0.0194444 0
0 0.490278 0.5 0.111111 1
0 0.639583 0 0.0180556 0
0 0.347917 0 0.0208333 0
0 0.789583 0 0.0180556 0
0 0.49375 0.5 0.109722 1
0 0.640278 0 0.0194444 0
0 0.347222 0 0.0194444 0
0 0.790278 0 0.0194444 0
0 0.640278 0 0.0194444 0
0 0.490278 0.5 0.111111 1
0 0.791667 0 0.0194444 0
0 0.348611 0 0.0194444 0
0 0.486111 0.5 0.111111 1
0 0.641667 0 0.0194444 0
0 0.348611 0 0.0194444 0
0 0.790972 0 0.0180556 0
0 0.641667 0 0.0194444 0
0 0.482639 0.5 0.1125 1
0 0.349306 0 0.0180556 0
0 0.790972 0 0.0180556 0
0 0.641667 0 0.0194444 0
0 0.477083 0.5 0.1125 1
0 0.548611 0 0.0388889 0
0 0.791667 0 0.0194444 0
0 0.642361 0 0.0180556 0
0 0.48125 0.5 0.109722 1
0 0.55 0 0.0388889 0
0 0.791667 0 0.0194444 0
0 0.351389 0 0.0166667 0
0 0.642361 0 0.0180556 0
0 0.485417 0.5 0.115278 1
0 0.790972 0 0.0180556 0
0 0.351389 0 0.0166667 0
0 0.642361 0 0.0180556 0
0 0.488889 0.5 0.108333 1
0 0.791667 0 0.0194444 0
0 0.352083 0 0.0152778 0
0 0.643056 0 0.0194444 0
0 0.493056 0.5 0.108333 1
0 0.791667 0 0.0194444 0
0 0.643056 0 0.0194444 0
0 0.352778 0 0.0166667 0
0 0.485417 0.5 0.1125 1
0 0.202778 0 0.0194444 0
0 0.793056 0 0.0194444 0
0 0.352778 0 0.0166667 0
0 0.643056 0 0.0194444 0
0 0.480556 0.5 0.111111 1
0 0.793056 0 0.0194444 0
0 0.352778 0 0.0194444 0
0 0.64375 0 0.0180556 0
0 0.486806 0.5 0.115278 1
0 0.79375 0 0.0180556 0
0 0.644444 0 0.0194444 0
0 0.352083 0 0.0180556 0
0 0.488889 0.5 0.111111 1
0 0.794444 0 0.0166667 0
0 0.352083 0 0.0180556 0
0 0.645139 0 0.0180556 0
0 0.486111 0.5 0.111111 1
0 0.794444 0 0.0166667 0
0 0.645139 0 0.0180556 0
0 0.352083 0 0.0180556 0
0 0.486806 0.5 0.109722 1
0 0.795139 0 0.0180556 0
0 0.351389 0 0.0166667 0
0 0.4875 0.5 0.113889 1
0 0.645139 0 0.0180556 0
0 0.795139 0 0.0180556 0
0 0.352083 0 0.0180556 0
0 0.488889 0.5 0.116667 1
0 0.645139 0 0.0180556 0
0 0.795139 0 0.0180556 0
0 0.351389 0 0.0166667 0
0 0.488194 0.5 0.115278 1
0 0.645139 0 0.0180556 0
0 0.795139 0 0.0180556 0
0 0.644444 0 0.0194444 0
0 0.351389 0 0.0166667 0
0 0.488889 0.5 0.116667 1
0 0.795139 0 0.0180556 0
0 0.350694 0 0.0180556 0
0 0.645833 0 0.0194444 0
0 0.484028 0.5 0.115278 1
0 0.794444 0 0.0194444 0
0 0.351389 0 0.0194444 0
0 0.488889 0.5 0.116667 1
0 0.645139 0 0.0180556 0
0 0.794444 0 0.0194444 0
0 0.351389 0 0.0194444 0
0 0.488194 0.5 0.115278 1
0 0.645139 0 0.0180556 0
0 0.794444 0 0.0194444 0
0 0.350694 0 0.0180556 0
0 0.488194 0.5 0.115278 1
0 0.645139 0 0.0180556 0
0 0.794444 0 0.0194444 0
0 0.350694 0 0.0180556 0
0 0.645139 0 0.0180556 0
0 0.488194 0.5 0.115278 1
0 0.794444 0 0.0194444 0
0 0.350694 0 0.0180556 0
0 0.644444 0 0.0194444 0
0 0.488889 0.5 0.116667 1
0 0.349306 0 0.0180556 0
0 0.794444 0 0.0194444 0
0 0.645139 0 0.0180556 0
0 0.485417 0.5 0.115278 1
0 0.349306 0 0.0180556 0
0 0.795139 0 0.0180556 0
0 0.645139 0 0.0180556 0
0 0.485417 0.5 0.115278 1
0 0.349306 0 0.0180556 0
0 0.795139 0 0.0180556 0
0 0.645139 0 0.0180556 0
0 0.488889 0.5 0.116667 1
0 0.349306 0 0.0180556 0
0 0.795833 0 0.0166667 0
0 0.488889 0.5 0.116667 1
0 0.645139 0 0.0152778 0
0 0.459722 0 0.0333333 0
0 0.349306 0 0.0180556 0
0 0.795139 0 0.0180556 0
0 0.484722 0.5 0.113889 1
0 0.644444 0 0.0166667 0
0 0.349306 0 0.0180556 0
0 0.795833 0 0.0194444 0
0 0.488194 0.5 0.115278 1
0 0.645139 0 0.0180556 0
0 0.795833 0 0.0194444 0
0 0.645139 0 0.0180556 0
0 0.4875 0.5 0.116667 1
0 0.349306 0 0.0180556 0
0 0.796528 0 0.0208333 0
0 0.645139 0 0.0180556 0
0 0.488194 0.5 0.115278 1
0 0.797222 0 0.0194444 0
0 0.645139 0 0.0180556 0
0 0.486111 0.5 0.113889 1
0 0.349306 0 0.0208333 0
0 0.797222 0 0.0194444 0
0 0.488194 0.5 0.115278 1
0 0.645833 0 0.0194444 0
0 0.348611 0 0.0194444 0
0 0.797222 0 0.0194444 0
0 0.645833 0 0.0194444 0
0 0.484028 0.5 0.115278 1
0 0.348611 0 0.0194444 0
0 0.797222 0 0.0194444 0
0 0.488889 0.5 0.116667 1
0 0.645833 0 0.0194444 0
0 0.347917 0 0.0180556 0
0 0.797222 0 0.0194444 0
0 0.4875 0.5 0.116667 1
0 0.645833 0 0.0194444 0
0 0.347917 0 0.0180556 0
0 0.797222 0 0.0194444 0
0 0.645833 0 0.0194444 0
0 0.486111 0.5 0.116667 1
0 0.302778 0 0.0472222 0
0 0.347917 0 0.0180556 0
0 0.797222 0 0.0194444 0
0 0.645833 0 0.0194444 0
0 0.4875 0.5 0.116667 1
0 0.302778 0 0.0472222 0
0 0.347917 0 0.0180556 0
0 0.797222 0 0.0194444 0
0 0.645833 0 0.0194444 0
0 0.488889 0.5 0.116667 1
0 0.347917 0 0.0180556 0
0 0.797222 0 0.0194444 0
0 0.645833 0 0.0194444 0
0 0.485417 0.5 0.115278 1
0 0.349306 0 0.0180556 0
0 0.797222 0 0.0194444 0
0 0.646528 0 0.0180556 0
0 0.488889 0.5 0.116667 1
0 0.348611 0 0.0194444 0
0 0.797222 0 0.0194444 0
0 0.488889 0.5 0.116667 1
0 0.646528 0 0.0180556 0
0 0.197917 0 0.0180556 0
0 0.797917 0 0.0180556 0
0 0.348611 0 0.0194444 0
0 0.485417 0.5 0.115278 1
0 0.646528 0 0.0180556 0
0 0.797917 0 0.0180556 0
0 0.348611 0 0.0194444 0
0 0.486111 0.5 0.116667 1
0 0.646528 0 0.0180556 0
0 0.348611 0 0.0194444 0
0 0.646528 0 0.0180556 0
0 0.486111 0.5 0.116667 1
0 0.797917 0 0.0208333 0
0 0.348611 0 0.0194444 0
0 0.646528 0 0.0180556 0
0 0.488889 0.5 0.116667 1
0 0.348611 0 0.0194444 0
0 0.646528 0 0.0180556 0
0 0.484722 0.5 0.116667 1
0 0.196528 0 0.0180556 0
0 0.554167 0 0.0388889 0
0 0.799306 0 0.0180556 0
0 0.348611 0 0.0194444 0
0 0.488889 0.5 0.116667 1
0 0.647222 0 0.0194444 0
0 0.196528 0 0.0180556 0
0 0.8 0 0.0194444 0
0 0.348611 0 0.0194444 0
0 0.488194 0.5 0.118056 1
0 0.647222 0 0.0194444 0
0 0.195139 0 0.0180556 0
0 0.8 0 0.0194444 0
0 0.347917 0 0.0208333 0
0 0.488194 0.5 0.118056 1
0 0.647222 0 0.0194444 0
0 0.195139 0 0.0180556 0
0 0.8 0 0.0194444 0
0 0.347917 0 0.0208333 0
0 0.4875 0.5 0.116667 1
0 0.647222 0 0.0194444 0
0 0.8 0 0.0166667 0
0 0.347222 0 0.0194444 0
0 0.485417 0.5 0.115278 1
0 0.647222 0 0.0194444 0
0 0.19375 0 0.0180556 0
0 0.8 0 0.0166667 0
0 0.347222 0 0.0194444 0
0 0.485417 0.5 0.115278 1
0 0.647222 0 0.0194444 0
0 0.8 0 0.0166667 0
0 0.347222 0 0.0194444 0
0 0.489583 0.5 0.118056 1
0 0.647222 0 0.0194444 0
0 0.194444 0 0.0194444 0
0 0.8 0 0.0166667 0
0 0.347222 0 0.0194444 0
0 0.489583 0.5 0.118056 1
0 0.647222 0 0.0194444 0
0 0.194444 0 0.0194444 0
0 0.8 0 0.0166667 0
0 0.347222 0 0.0194444 0
0 0.489583 0.5 0.118056 1
0 0.647222 0 0.0194444 0
0 0.195139 0 0.0180556 0
0 0.8 0 0.0166667 0
0 0.346528 0 0.0180556 0
0 0.647222 0 0.0194444 0
0 0.484028 0.5 0.118056 1
0 0.194444 0 0.0194444 0
0 0.8 0 0.0166667 0
0 0.347222 0 0.0194444 0
0 0.478472 0.5 0.118056 1
0 0.647222 0 0.0194444 0
0 0.800694 0 0.0180556 0
0 0.647222 0 0.0194444 0
0 0.347222 0 0.0194444 0
0 0.470139 0.5 0.109722 1
0 0.19375 0 0.0180556 0
0 0.800694 0 0.0180556 0
0 0.347222 0 0.0194444 0
0 0.647222 0 0.0194444 0
0 0.451389 0.5 0.113889 1
0 0.800694 0 0.0180556 0
0 0.647917 0 0.0180556 0
0 0.347222 0 0.0194444 0
0 0.445139 0.5 0.1125 1
0 0.19375 0 0.0180556 0
0 0.801389 0 0.0194444 0
0 0.347222 0 0.0194444 0
0 0.647917 0 0.0180556 0
0 0.44375 0.5 0.1125 1
0 0.19375 0 0.0180556 0
0 0.507639 0 0.0402778 0
0 0.801389 0 0.0194444 0
0 0.347222 0 0.0194444 0
0 0.647917 0 0.0180556 0
0 0.447222 0.5 0.113889 1
0 0.802778 0 0.0194444 0
0 0.347222 0 0.0194444 0
0 0.648611 0 0.0194444 0
0 0.459028 0.5 0.115278 1
0 0.347222 0 0.0194444 0
0 0.802778 0 0.0194444 0
0 0.648611 0 0.0194444 0
0 0.471528 0.5 0.1125 1
0 0.347222 0 0.0194444 0
0 0.802778 0 0.0194444 0
0 0.648611 0 0.0194444 0
0 0.477083 0.5 0.115278 1
0 0.347222 0 0.0194444 0
0 0.802778 0 0.0194444 0
0 0.648611 0 0.0194444 0
0 0.481944 0.5 0.116667 1
0 0.194444 0 0.0194444 0
0 0.802778 0 0.0194444 0
0 0.347222 0 0.0194444 0
0 0.480556 0.5 0.116667 1
0 0.649306 0 0.0208333 0
0 0.554167 0 0.0361111 0
0 0.19375 0 0.0180556 0
0 0.802778 0 0.0194444 0
0 0.65 0 0.0194444 0
0 0.347222 0 0.0194444 0
0 0.477778 0.5 0.113889 1
0 0.19375 0 0.0180556 0
0 0.459028 0 0.0347222 0
0 0.65 0 0.0194444 0
0 0.804167 0 0.0194444 0
0 0.347917 0 0.0208333 0
0 0.477083 0.5 0.115278 1
0 0.19375 0 0.0180556 0
0 0.459722 0 0.0361111 0
0 0.348611 0 0.0194444 0
0 0.804167 0 0.0194444 0
0 0.649306 0 0.0180556 0
0 0.471528 0.5 0.1125 1
0 0.194444 0 0.0194444 0
0 0.458333 0 0.0333333 0
0 0.804167 0 0.0194444 0
0 0.348611 0 0.0194444 0
0 0.649306 0 0.0180556 0
0 0.469444 0.5 0.111111 1
0 0.460417 0 0.0319444 0
0 0.804861 0 0.0208333 0
0 0.349306 0 0.0180556 0
0 0.650694 0 0.0180556 0
0 0.468056 0.5 0.111111 1
0 0.805556 0 0.0194444 0
0 0.348611 0 0.0194444 0
0 0.467361 0.5 0.1125 1
0 0.650694 0 0.0180556 0
0 0.80625 0 0.0208333 0
0 0.349306 0 0.0180556 0
0 0.467361 0.5 0.1125 1
0 0.650694 0 0.0180556 0
0 0.80625 0 0.0208333 0
0 0.349306 0 0.0180556 0
0 0.650694 0 0.0180556 0
0 0.471528 0.5 0.115278 1
0 0.80625 0 0.0208333 0
0 0.349306 0 0.0180556 0
0 0.474306 0.5 0.118056 1
0 0.652083 0 0.0180556 0
0 0.195139 0 0.0180556 0
0 0.807639 0 0.0208333 0
0 0.349306 0 0.0180556 0
0 0.477083 0.5 0.118056 1
0 0.651389 0 0.0194444 0
0 0.195139 0 0.0180556 0
0 0.807639 0 0.0208333 0
0 0.349306 0 0.0180556 0
0 0.479167 0.5 0.119444 1
0 0.652083 0 0.0180556 0
0 0.195139 0 0.0180556 0
0 0.349306 0 0.0180556 0
0 0.806944 0 0.0194444 0
0 0.485417 0.5 0.123611 1
0 0.652083 0 0.0180556 0
0 0.195833 0 0.0194444 0
0 0.808333 0 0.0194444 0
0 0.35 0 0.0166667 0
0 0.488194 0.5 0.123611 1
0 0.652778 0 0.0194444 0
0 0.195139 0 0.0180556 0
0 0.35 0 0.0194444 0
0 0.808333 0 0.0194444 0
0 0.492361 0.5 0.126389 1
0 0.652778 0 0.0194444 0
0 0.195139 0 0.0180556 0
0 0.35 0 0.0194444 0
0 0.808333 0 0.0194444 0
0 0.493056 0.5 0.125 1
0 0.652778 0 0.0194444 0
0 0.559722 0 0.0388889 0
0 0.195139 0 0.0180556 0
0 0.35 0 0.0194444 0
0 0.809028 0 0.0208333 0
0 0.498611 0.5 0.119444 1
0 0.652778 0 0.0194444 0
0 0.195139 0 0.0180556 0
0 0.559722 0 0.0388889 0
0 0.809028 0 0.0208333 0
0 0.350694 0 0.0180556 0
0 0.497222 0.5 0.119444 1
0 0.653472 0 0.0208333 0
0 0.195139 0 0.0180556 0
0 0.350694 0 0.0180556 0
0 0.809028 0 0.0208333 0
0 0.496528 0.5 0.118056 1
0 0.654861 0 0.0208333 0
0 0.559028 0 0.0430556 0
0 0.195833 0 0.0194444 0
0 0.350694 0 0.0180556 0
0 0.809722 0 0.0194444 0
0 0.49375 0.5 0.115278 1
0 0.654861 0 0.0208333 0
0 0.559028 0 0.0430556 0
0 0.195833 0 0.0194444 0
0 0.809722 0 0.0194444 0
0 0.350694 0 0.0180556 0
0 0.654861 0 0.0208333 0
0 0.492361 0.5 0.1125 1
0 0.559722 0 0.0444444 0
0 0.195833 0 0.0194444 0
0 0.811111 0 0.0194444 0
0 0.351389 0 0.0194444 0
0 0.491667 0.5 0.113889 1
0 0.655556 0 0.0194444 0
0 0.560417 0 0.0430556 0
0 0.195833 0 0.0194444 0
0 0.811111 0 0.0194444 0
0 0.351389 0 0.0194444 0
0 0.49375 0.5 0.115278 1
0 0.655556 0 0.0194444 0
0 0.561111 0 0.0416667 0
0 0.195833 0 0.0166667 0
0 0.811111 0 0.0194444 0
0 0.655556 0 0.0194444 0
0 0.498611 0.5 0.119444 1
0 0.352083 0 0.0180556 0
0 0.561111 0 0.0444444 0
0 0.8125 0 0.0194444 0
0 0.196528 0 0.0180556 0
0 0.65625 0 0.0208333 0
0 0.503472 0.5 0.120833 1
0 0.352083 0 0.0180556 0
0 0.811111 0 0.0194444 0
0 0.196528 0 0.0180556 0
0 0.507639 0.5 0.126389 1
0 0.656944 0 0.0194444 0
0 0.352083 0 0.0180556 0
0 0.561111 0 0.0416667 0
0 0.196528 0 0.0180556 0
0 0.811806 0 0.0180556 0
0 0.509028 0.5 0.126389 1
0 0.352083 0 0.0180556 0
0 0.656944 0 0.0194444 0
0 0.561111 0 0.0444444 0
0 0.8125 0 0.0166667 0
0 0.195139 0 0.0180556 0
0 0.507639 0.5 0.126389 1
0 0.352083 0 0.0180556 0
0 0.656944 0 0.0194444 0
0 0.561111 0 0.0444444 0
0 0.195139 0 0.0180556 0
0 0.8125 0 0.0166667 0
0 0.507639 0.5 0.126389 1
0 0.352083 0 0.0180556 0
0 0.656944 0 0.0194444 0
0 0.561806 0 0.0430556 0
0 0.195833 0 0.0194444 0
0 0.813194 0 0.0180556 0
0 0.505556 0.5 0.125 1
0 0.656944 0 0.0194444 0
0 0.352083 0 0.0180556 0
0 0.561806 0 0.0430556 0
0 0.195139 0 0.0180556 0
0 0.813194 0 0.0180556 0
0 0.504167 0.5 0.125 1
0 0.656944 0 0.0194444 0
0 0.352083 0 0.0180556 0
0 0.561806 0 0.0430556 0
0 0.195139 0 0.0180556 0
0 0.813194 0 0.0180556 0
0 0.5 0.5 0.125 1
0 0.657639 0 0.0208333 0
0 0.352083 0 0.0180556 0
0 0.561806 0 0.0458333 0
0 0.195139 0 0.0180556 0
0 0.813194 0 0.0180556 0
0 0.5 0.5 0.125 1
0 0.657639 0 0.0208333 0
0 0.351389 0 0.0166667 0
0 0.195139 0 0.0180556 0
0 0.561111 0 0.0444444 0
0 0.813194 0 0.0180556 0
0 0.498611 0.5 0.125 1
0 0.657639 0 0.0180556 0
0 0.351389 0 0.0166667 0
0 0.561111 0 0.0444444 0
0 0.195139 0 0.0180556 0
0 0.813194 0 0.0180556 0
0 0.499306 0.5 0.126389 1
0 0.350694 0 0.0180556 0
0 0.656944 0 0.0194444 0
0 0.561111 0 0.0444444 0
0 0.194444 0 0.0194444 0
0 0.813194 0 0.0180556 0
0 0.5 0.5 0.125 1
0 0.350694 0 0.0180556 0
0 0.657639 0 0.0180556 0
0 0.561111 0 0.0444444 0
0 0.194444 0 0.0194444 0
0 0.813194 0 0.0180556 0
0 0.5 0.5 0.127778 1
0 0.350694 0 0.0180556 0
0 0.657639 0 0.0180556 0
0 0.194444 0 0.0194444 0
0 0.561111 0 0.0444444 0
0 0.813889 0 0.0194444 0
0 0.500694 0.5 0.126389 1
0 0.350694 0 0.0180556 0
0 0.657639 0 0.0180556 0
0 0.194444 0 0.0194444 0
0 0.813889 0 0.0194444 0
0 0.561111 0 0.0444444 0
0 0.504167 0.5 0.130556 1
0 0.350694 0 0.0180556 0
0 0.657639 0 0.0208333 0
0 0.194444 0 0.0194444 0
0 0.813889 0 0.0194444 0
0 0.561111 0 0.0444444 0
0 0.350694 0 0.0180556 0
0 0.502083 0.5 0.129167 1
0 0.657639 0 0.0208333 0
0 0.193056 0 0.0194444 0
0 0.813889 0 0.0194444 0
0 0.502083 0.5 0.129167 1
0 0.561111 0 0.0444444 0
0 0.350694 0 0.0180556 0
0 0.657639 0 0.0180556 0
0 0.193056 0 0.0194444 0
0 0.813889 0 0.0194444 0
0 0.561111 0 0.0444444 0
0 0.35 0 0.0194444 0
0 0.499306 0.5 0.129167 1
0 0.657639 0 0.0180556 0
0 0.193056 0 0.0194444 0
0 0.813889 0 0.0194444 0
0 0.561111 0 0.0444444 0
0 0.349306 0 0.0180556 0
0 0.5 0.5 0.130556 1
0 0.657639 0 0.0180556 0
0 0.192361 0 0.0180556 0
0 0.813889 0 0.0194444 0
0 0.561111 0 0.0444444 0
0 0.35 0 0.0194444 0
0 0.5 0.5 0.130556 1
0 0.656944 0 0.0194444 0
0 0.192361 0 0.0180556 0
0 0.814583 0 0.0208333 0
0 0.496528 0.5 0.126389 1
0 0.561111 0 0.0444444 0
0 0.349306 0 0.0208333 0
0 0.657639 0 0.0180556 0
0 0.191667 0 0.0194444 0
0 0.815278 0 0.0194444 0
0 0.561111 0 0.0444444 0
0 0.495139 0.5 0.126389 1
0 0.348611 0 0.0194444 0
0 0.657639 0 0.0180556 0
0 0.191667 0 0.0194444 0
0 0.814583 0 0.0208333 0
0 0.561111 0 0.0444444 0
0 0.490278 0.5 0.141667 1
0 0.349306 0 0.0208333 0
0 0.657639 0 0.0208333 0
0 0.815278 0 0.0194444 0
0 0.490278 0.5 0.141667 1
0 0.348611 0 0.0194444 0
0 0.561111 0 0.0444444 0
0 0.657639 0 0.0208333 0
0 0.815278 0 0.0194444 0
0 0.490278 0.5 0.141667 1
0 0.348611 0 0.0194444 0
0 0.561111 0 0.0444444 0
0 0.657639 0 0.0208333 0
0 0.190278 0 0.0194444 0
0 0.815278 0 0.0194444 0
0 0.490278 0.5 0.141667 1
0 0.348611 0 0.0194444 0
0 0.561111 0 0.0444444 0
0 0.658333 0 0.0194444 0
0 0.190278 0 0.0194444 0
0 0.490278 0.5 0.141667 1
0 0.815278 0 0.0194444 0
0 0.561111 0 0.0444444 0
0 0.348611 0 0.0194444 0
0 0.658333 0 0.0194444 0
0 0.189583 0 0.0180556 0
0 0.815278 0 0.0194444 0
0 0.561111 0 0.0444444 0
0 0.490278 0.5 0.141667 1
0 0.347917 0 0.0208333 0
0 0.658333 0 0.0194444 0
0 0.189583 0 0.0180556 0
0 0.815278 0 0.0194444 0
0 0.347917 0 0.0208333 0
0 0.490972 0.5 0.140278 1
0 0.561111 0 0.0444444 0
0 0.657639 0 0.0208333 0
0 0.188889 0 0.0166667 0
0 0.561111 0 0.0444444 0
0 0.490278 0.5 0.138889 1
0 0.815278 0 0.0194444 0
0 0.347917 0 0.0208333 0
0 0.658333 0 0.0194444 0
0 0.189583 0 0.0180556 0
0 0.560417 0 0.0458333 0
0 0.815278 0 0.0194444 0
0 0.490972 0.5 0.140278 1
0 0.347917 0 0.0208333 0
0 0.658333 0 0.0194444 0
0 0.560417 0 0.0458333 0
0 0.188889 0 0.0166667 0
0 0.815278 0 0.0194444 0
0 0.490972 0.5 0.140278 1
0 0.347917 0 0.0208333 0
0 0.657639 0 0.0180556 0
0 0.560417 0 0.0458333 0
0 0.188889 0 0.0166667 0
0 0.815278 0 0.0194444 0
0 0.490972 0.5 0.140278 1
0 0.347917 0 0.0208333 0
0 0.656944 0 0.0194444 0
0 0.188194 0 0.0180556 0
0 0.815278 0 0.0194444 0
0 0.490278 0.5 0.138889 1
0 0.347222 0 0.0194444 0
0 0.657639 0 0.0208333 0
0 0.559722 0 0.05 0
0 0.815278 0 0.0194444 0
0 0.188889 0 0.0194444 0
0 0.489583 0.5 0.140278 1
0 0.657639 0 0.0180556 0
0 0.347222 0 0.0194444 0
0 0.559722 0 0.05 0
0 0.815278 0 0.0194444 0
0 0.188194 0 0.0180556 0
0 0.489583 0.5 0.140278 1
0 0.347222 0 0.0194444 0
0 0.657639 0 0.0180556 0
0 0.559722 0 0.05 0
0 0.815278 0 0.0194444 0
0 0.489583 0.5 0.140278 1
0 0.188194 0 0.0180556 0
0 0.347222 0 0.0194444 0
0 0.657639 0 0.0180556 0
0 0.559722 0 0.05 0
0 0.815278 0 0.0194444 0
0 0.490278 0.5 0.138889 1
0 0.188194 0 0.0180556 0
0 0.347222 0 0.0194444 0
0 0.657639 0 0.0180556 0
0 0.561111 0 0.0444444 0
0 0.815278 0 0.0194444 0
0 0.488194 0.5 0.140278 1
0 0.188194 0 0.0180556 0
0 0.347222 0 0.0194444 0
0 0.657639 0 0.0180556 0
0 0.815278 0 0.0194444 0
0 0.561111 0 0.0444444 0
0 0.488194 0.5 0.140278 1
0 0.1875 0 0.0194444 0
0 0.657639 0 0.0180556 0
0 0.347222 0 0.0194444 0
0 0.815278 0 0.0194444 0
0 0.1875 0 0.0194444 0
0 0.561111 0 0.0444444 0
0 0.488194 0.5 0.140278 1
0 0.346528 0 0.0180556 0
0 0.657639 0 0.0180556 0
0 0.815278 0 0.0194444 0
0 0.486806 0.5 0.140278 1
0 0.1875 0 0.0194444 0
0 0.561111 0 0.0444444 0
0 0.346528 0 0.0180556 0
0 0.657639 0 0.0180556 0
0 0.815972 0 0.0208333 0
0 0.560417 0 0.0458333 0
0 0.486111 0.5 0.141667 1
0 0.1875 0 0.0194444 0
0 0.346528 0 0.0180556 0
0 0.657639 0 0.0180556 0
0 0.816667 0 0.0194444 0
0 0.560417 0 0.0458333 0
0 0.485417 0.5 0.143056 1
0 0.1875 0 0.0194444 0
0 0.346528 0 0.0180556 0
0 0.657639 0 0.0180556 0
0 0.815972 0 0.0208333 0
0 0.560417 0 0.0458333 0
0 0.1875 0 0.0194444 0
0 0.484722 0.5 0.141667 1
0 0.346528 0 0.0180556 0
0 0.657639 0 0.0180556 0
0 0.560417 0 0.0458333 0
0 0.815972 0 0.0208333 0
0 0.1875 0 0.0194444 0
0 0.485417 0.5 0.143056 1
0 0.346528 0 0.0180556 0
0 0.657639 0 0.0180556 0
0 0.560417 0 0.0458333 0
0 0.1875 0 0.0194444 0
0 0.486111 0.5 0.141667 1
0 0.815972 0 0.0208333 0
0 0.346528 0 0.0180556 0
0 0.657639 0 0.0180556 0
0 0.482639 0.5 0.145833 1
0 0.1875 0 0.0194444 0
0 0.815972 0 0.0208333 0
0 0.346528 0 0.0180556 0
0 0.656944 0 0.0194444 0
0 0.1875 0 0.0194444 0
0 0.483333 0.5 0.144444 1
0 0.815972 0 0.0208333 0
0 0.657639 0 0.0180556 0
0 0.346528 0 0.0180556 0
0 0.484028 0.5 0.145833 1
0 0.186806 0 0.0180556 0
0 0.815972 0 0.0208333 0
0 0.656944 0 0.0194444 0
0 0.346528 0 0.0180556 0
0 0.186806 0 0.0180556 0
0 0.559028 0 0.0458333 0
0 0.484722 0.5 0.15 1
0 0.815972 0 0.0208333 0
0 0.657639 0 0.0180556 0
0 0.346528 0 0.0180556 0
0 0.186806 0 0.0180556 0
0 0.485417 0.5 0.148611 1
0 0.559028 0 0.0458333 0
0 0.816667 0 0.0194444 0
0 0.657639 0 0.0208333 0
0 0.345139 0 0.0180556 0
0 0.559722 0 0.0444444 0
0 0.186806 0 0.0180556 0
0 0.816667 0 0.0194444 0
0 0.485417 0.5 0.148611 1
0 0.657639 0 0.0208333 0
0 0.345139 0 0.0180556 0
0 0.185417 0 0.0180556 0
0 0.559028 0 0.0458333 0
0 0.817361 0 0.0208333 0
0 0.484722 0.5 0.147222 1
0 0.345139 0 0.0180556 0
0 0.657639 0 0.0208333 0
0 0.558333 0 0.0444444 0
0 0.818056 0 0.0222222 0
0 0.484722 0.5 0.147222 1
0 0.344444 0 0.0194444 0
0 0.657639 0 0.0208333 0
0 0.817361 0 0.0208333 0
0 0.483333 0.5 0.144444 1
0 0.345139 0 0.0208333 0
0 0.657639 0 0.0208333 0
0 0.185417 0 0.0180556 0
0 0.816667 0 0.0194444 0
0 0.483333 0.5 0.144444 1
0 0.345139 0 0.0208333 0
0 0.657639 0 0.0208333 0
0 0.345139 0 0.0208333 0
0 0.816667 0 0.0222222 0
0 0.482639 0.5 0.143056 1
0 0.657639 0 0.0208333 0
0 0.185417 0 0.0180556 0
0 0.481944 0.5 0.144444 1
0 0.344444 0 0.0194444 0
0 0.816667 0 0.0222222 0
0 0.657639 0 0.0208333 0
0 0.184028 0 0.0208333 0
0 0.817361 0 0.0208333 0
0 0.481944 0.5 0.144444 1
0 0.344444 0 0.0194444 0
0 0.657639 0 0.0208333 0
0 0.185417 0 0.0180556 0
0 0.48125 0.5 0.145833 1
0 0.817361 0 0.0208333 0
0 0.345139 0 0.0208333 0
0 0.657639 0 0.0208333 0
0 0.184722 0 0.0194444 0
0 0.817361 0 0.0208333 0
0 0.478472 0.5 0.145833 1
0 0.344444 0 0.0194444 0
0 0.657639 0 0.0208333 0
0 0.184722 0 0.0194444 0
0 0.817361 0 0.0208333 0
0 0.478472 0.5 0.145833 1
0 0.34375 0 0.0180556 0
0 0.657639 0 0.0208333 0
0 0.559028 0 0.0430556 0
0 0.184722 0 0.0194444 0
0 0.817361 0 0.0208333 0
0 0.478472 0.5 0.145833 1
0 0.34375 0 0.0180556 0
0 0.657639 0 0.0208333 0
0 0.559028 0 0.0430556 0
0 0.184722 0 0.0194444 0
0 0.817361 0 0.0208333 0
0 0.478472 0.5 0.145833 1
0 0.34375 0 0.0180556 0
0 0.657639 0 0.0208333 0
0 0.817361 0 0.0208333 0
0 0.184722 0 0.0194444 0
0 0.478472 0.5 0.145833 1
0 0.34375 0 0.0180556 0
0 0.657639 0 0.0208333 0
0 0.184722 0 0.0194444 0
0 0.818056 0 0.0194444 0
0 0.478472 0.5 0.145833 1
0 0.34375 0 0.0180556 0
0 0.657639 0 0.0208333 0
0 0.184722 0 0.0194444 0
0 0.817361 0 0.0208333 0
0 0.478472 0.5 0.145833 1
0 0.34375 0 0.0180556 0
0 0.657639 0 0.0208333 0
0 0.184722 0 0.0194444 0
0 0.817361 0 0.0208333 0
0 0.478472 0.5 0.145833 1
0 0.34375 0 0.0180556 0
0 0.657639 0 0.0208333 0
0 0.184722 0 0.0194444 0
0 0.817361 0 0.0208333 0
0 0.478472 0.5 0.145833 1
0 0.34375 0 0.0180556 0
0 0.657639 0 0.0208333 0
0 0.559722 0 0.0444444 0
0 0.184722 0 0.0194444 0
0 0.817361 0 0.0208333 0
0 0.478472 0.5 0.145833 1
0 0.34375 0 0.0180556 0
0 0.657639 0 0.0208333 0
0 0.559722 0 0.0444444 0
0 0.184722 0 0.0194444 0
0 0.817361 0 0.0208333 0
0 0.478472 0.5 0.145833 1
0 0.34375 0 0.0180556 0
0 0.657639 0 0.0208333 0
0 0.184722 0 0.0194444 0
0 0.817361 0 0.0208333 0
0 0.478472 0.5 0.145833 1
0 0.34375 0 0.0180556 0
0 0.657639 0 0.0208333 0
0 0.559722 0 0.0444444 0
0 0.184722 0 0.0194444 0
0 0.817361 0 0.0208333 0
0 0.478472 0.5 0.145833 1
0 0.34375 0 0.0180556 0
0 0.657639 0 0.0208333 0
0 0.559722 0 0.0444444 0
0 0.184722 0 0.0194444 0
0 0.817361 0 0.0208333 0
0 0.478472 0.5 0.145833 1
0 0.34375 0 0.0180556 0
0 0.657639 0 0.0208333 0
0 0.184722 0 0.0194444 0
0 0.818056 0 0.0194444 0
0 0.478472 0.5 0.145833 1
0 0.34375 0 0.0180556 0
0 0.657639 0 0.0208333 0
0 0.559722 0 0.0444444 0
0 0.184722 0 0.0194444 0
0 0.817361 0 0.0208333 0
0 0.478472 0.5 0.145833 1
0 0.34375 0 0.0180556 0
0 0.657639 0 0.0208333 0
0 0.559722 0 0.0444444 0
0 0.184722 0 0.0194444 0
0 0.817361 0 0.0208333 0
0 0.478472 0.5 0.145833 1
0 0.34375 0 0.0180556 0
0 0.657639 0 0.0208333 0
0 0.559722 0 0.0444444 0
0 0.184722 0 0.0194444 0
0 0.817361 0 0.0208333 0
0 0.478472 0.5 0.145833 1
0 0.34375 0 0.0180556 0
0 0.657639 0 0.0208333 0
0 0.184722 0 0.0194444 0
0 0.817361 0 0.0208333 0
0 0.478472 0.5 0.145833 1
0 0.34375 0 0.0180556 0
0 0.657639 0 0.0208333 0
0 0.184722 0 0.0194444 0
0 0.817361 0 0.0208333 0
0 0.478472 0.5 0.145833 1
0 0.34375 0 0.0180556 0
0 0.657639 0 0.0208333 0
0 0.184722 0 0.0194444 0
0 0.817361 0 0.0208333 0
0 0.478472 0.5 0.145833 1
0 0.34375 0 0.0180556 0
0 0.657639 0 0.0208333 0
0 0.559722 0 0.0444444 0
0 0.184722 0 0.0194444 0
0 0.817361 0 0.0208333 0
0 0.478472 0.5 0.145833 1
0 0.34375 0 0.0180556 0
0 0.657639 0 0.0208333 0
0 0.559722 0 0.0444444 0
0 0.184722 0 0.0194444 0
0 0.817361 0 0.0208333 0
0 0.478472 0.5 0.145833 1
0 0.34375 0 0.0180556 0
0 0.657639 0 0.0208333 0
0 0.184722 0 0.0194444 0
0 0.817361 0 0.0208333 0
0 0.478472 0.5 0.145833 1
0 0.34375 0 0.0180556 0
0 0.657639 0 0.0208333 0
0 0.559722 0 0.0444444 0
0 0.184722 0 0.0194444 0
0 0.817361 0 0.0208333 0
0 0.478472 0.5 0.145833 1
0 0.34375 0 0.0180556 0
0 0.657639 0 0.0208333 0
0 0.184722 0 0.0194444 0
0 0.818056 0 0.0194444 0
0 0.479167 0.5 0.147222 1
0 0.34375 0 0.0180556 0
0 0.657639 0 0.0208333 0
0 0.184722 0 0.0194444 0
0 0.817361 0 0.0208333 0
0 0.479861 0.5 0.145833 1
0 0.34375 0 0.0180556 0
0 0.657639 0 0.0208333 0
0 0.559722 0 0.0444444 0
0 0.184722 0 0.0194444 0
0 0.817361 0 0.0208333 0
0 0.479861 0.5 0.145833 1
0 0.34375 0 0.0180556 0
0 0.657639 0 0.0208333 0
0 0.184722 0 0.0194444 0
0 0.818056 0 0.0194444 0
0 0.479861 0.5 0.145833 1
0 0.34375 0 0.0180556 0
0 0.657639 0 0.0208333 0
0 0.184722 0 0.0194444 0
0 0.817361 0 0.0208333 0
0 0.479861 0.5 0.145833 1
0 0.34375 0 0.0180556 0
0 0.657639 0 0.0208333 0
0 0.559722 0 0.0444444 0
0 0.184722 0 0.0194444 0
0 0.817361 0 0.0208333 0
0 0.479167 0.5 0.147222 1
0 0.34375 0 0.0180556 0
0 0.656944 0 0.0194444 0
0 0.818056 0 0.0194444 0
0 0.184722 0 0.0194444 0
0 0.479861 0.5 0.145833 1
0 0.344444 0 0.0194444 0
0 0.656944 0 0.0194444 0
0 0.184028 0 0.0180556 0
0 0.817361 0 0.0208333 0
0 0.479167 0.5 0.147222 1
0 0.344444 0 0.0194444 0
0 0.657639 0 0.0208333 0
0 0.263194 0 0.00694444 0
0 0.817361 0 0.0208333 0
0 0.184028 0 0.0180556 0
0 0.479167 0.5 0.147222 1
0 0.344444 0 0.0194444 0
0 0.657639 0 0.0208333 0
0 0.817361 0 0.0208333 0
0 0.184028 0 0.0180556 0
0 0.479167 0.5 0.147222 1
0 0.344444 0 0.0194444 0
0 0.657639 0 0.0208333 0
0 0.817361 0 0.0208333 0
0 0.184028 0 0.0180556 0
0 0.479167 0.5 0.147222 1
0 0.344444 0 0.0194444 0
0 0.657639 0 0.0208333 0
0 0.817361 0 0.0208333 0
0 0.184028 0 0.0180556 0
0 0.479167 0.5 0.147222 1
0 0.344444 0 0.0194444 0
0 0.657639 0 0.0208333 0
0 0.817361 0 0.0208333 0
0 0.184028 0 0.0180556 0
0 0.479167 0.5 0.147222 1
0 0.344444 0 0.0194444 0
0 0.657639 0 0.0208333 0
0 0.559722 0 0.0444444 0
0 0.817361 0 0.0208333 0
0 0.184028 0 0.0180556 0
0 0.479167 0.5 0.147222 1
0 0.344444 0 0.0194444 0
0 0.656944 0 0.0194444 0
0 0.559722 0 0.0444444 0
0 0.817361 0 0.0208333 0
0 0.184028 0 0.0180556 0
0 0.479167 0.5 0.147222 1
0 0.34375 0 0.0180556 0
0 0.656944 0 0.0194444 0
0 0.559722 0 0.0444444 0
0 0.818056 0 0.0194444 0
0 0.184028 0 0.0180556 0
0 0.479167 0.5 0.147222 1
0 0.344444 0 0.0194444 0
0 0.656944 0 0.0194444 0
0 0.818056 0 0.0194444 0
0 0.184028 0 0.0180556 0
0 0.479167 0.5 0.147222 1
0 0.34375 0 0.0180556 0
0 0.657639 0 0.0208333 0
0 0.818056 0 0.0194444 0
0 0.184722 0 0.0194444 0
0 0.479167 0.5 0.147222 1
0 0.34375 0 0.0180556 0
0 0.657639 0 0.0208333 0
0 0.559722 0 0.0444444 0
0 0.184028 0 0.0180556 0
0 0.817361 0 0.0208333 0
0 0.479167 0.5 0.147222 1
0 0.34375 0 0.0180556 0
0 0.657639 0 0.0208333 0
0 0.559722 0 0.0444444 0
0 0.184028 0 0.0180556 0
0 0.817361 0 0.0208333 0
0 0.479861 0.5 0.148611 1
0 0.34375 0 0.0180556 0
0 0.657639 0 0.0208333 0
0 0.818056 0 0.0194444 0
0 0.184028 0 0.0180556 0
0 0.479861 0.5 0.145833 1
0 0.34375 0 0.0180556 0
0 0.657639 0 0.0208333 0
0 0.184028 0 0.0180556 0
0 0.817361 0 0.0208333 0
0 0.479861 0.5 0.145833 1
0 0.34375 0 0.0180556 0
0 0.657639 0 0.0208333 0
0 0.818056 0 0.0194444 0
0 0.184028 0 0.0180556 0
0 0.479861 0.5 0.145833 1
0 0.34375 0 0.0180556 0
0 0.657639 0 0.0208333 0
0 0.559722 0 0.0444444 0
0 0.817361 0 0.0208333 0
0 0.184028 0 0.0180556 0
0 0.479861 0.5 0.145833 1
0 0.344444 0 0.0194444 0
0 0.657639 0 0.0208333 0
0 0.559722 0 0.0444444 0
0 0.817361 0 0.0208333 0
0 0.184028 0 0.0180556 0
0 0.479861 0.5 0.145833 1
0 0.344444 0 0.0194444 0
0 0.657639 0 0.0208333 0
0 0.184028 0 0.0180556 0
0 0.817361 0 0.0208333 0
0 0.479861 0.5 0.145833 1
0 0.344444 0 0.0194444 0
0 0.657639 0 0.0208333 0
0 0.184028 0 0.0180556 0
0 0.817361 0 0.0208333 0
0 0.479167 0.5 0.147222 1
0 0.344444 0 0.0194444 0
0 0.657639 0 0.0208333 0
0 0.817361 0 0.0208333 0
0 0.184028 0 0.0180556 0
0 0.478472 0.5 0.145833 1
0 0.344444 0 0.0194444 0
0 0.657639 0 0.0208333 0
0 0.817361 0 0.0208333 0
0 0.184028 0 0.0180556 0
0 0.478472 0.5 0.145833 1
0 0.34375 0 0.0180556 0
0 0.657639 0 0.0208333 0
0 0.818056 0 0.0194444 0
0 0.184028 0 0.0180556 0
0 0.478472 0.5 0.145833 1
0 0.34375 0 0.0180556 0
0 0.657639 0 0.0208333 0
0 0.818056 0 0.0194444 0
0 0.184028 0 0.0180556 0
0 0.478472 0.5 0.145833 1
0 0.34375 0 0.0180556 0
0 0.657639 0 0.0208333 0
0 0.559028 0 0.0430556 0
0 0.184722 0 0.0194444 0
0 0.817361 0 0.0208333 0
0 0.478472 0.5 0.145833 1
0 0.34375 0 0.0180556 0
0 0.657639 0 0.0208333 0
0 0.184722 0 0.0194444 0
0 0.817361 0 0.0208333 0
0 0.478472 0.5 0.145833 1
0 0.34375 0 0.0180556 0
0 0.657639 0 0.0208333 0
0 0.184722 0 0.0194444 0
0 0.817361 0 0.0208333 0
0 0.478472 0.5 0.145833 1
0 0.34375 0 0.0180556 0
0 0.657639 0 0.0208333 0
0 0.559028 0 0.0430556 0
0 0.184722 0 0.0194444 0
0 0.817361 0 0.0208333 0
0 0.478472 0.5 0.145833 1
0 0.34375 0 0.0180556 0
0 0.657639 0 0.0208333 0
0 0.184722 0 0.0194444 0
0 0.817361 0 0.0208333 0
0 0.478472 0.5 0.145833 1
0 0.34375 0 0.0180556 0
0 0.657639 0 0.0208333 0
0 0.184722 0 0.0194444 0
0 0.817361 0 0.0208333 0
0 0.478472 0.5 0.145833 1
0 0.34375 0 0.0180556 0
0 0.657639 0 0.0208333 0
0 0.559722 0 0.0444444 0
0 0.184722 0 0.0194444 0
0 0.817361 0 0.0208333 0
0 0.478472 0.5 0.145833 1
0 0.34375 0 0.0180556 0
0 0.657639 0 0.0208333 0
0 0.559722 0 0.0444444 0
0 0.184722 0 0.0194444 0
0 0.817361 0 0.0208333 0
0 0.478472 0.5 0.145833 1
0 0.34375 0 0.0180556 0
0 0.657639 0 0.0208333 0
0 0.559722 0 0.0444444 0
0 0.184722 0 0.0194444 0
0 0.817361 0 0.0208333 0
0 0.478472 0.5 0.145833 1
0 0.34375 0 0.0180556 0
0 0.657639 0 0.0208333 0
0 0.184722 0 0.0194444 0
0 0.817361 0 0.0208333 0
0 0.478472 0.5 0.145833 1
0 0.34375 0 0.0180556 0
0 0.657639 0 0.0208333 0
0 0.559722 0 0.0444444 0
0 0.184028 0 0.0180556 0
0 0.817361 0 0.0208333 0
0 0.478472 0.5 0.145833 1
0 0.34375 0 0.0180556 0
0 0.657639 0 0.0208333 0
0 0.184028 0 0.0180556 0
0 0.818056 0 0.0194444 0
0 0.478472 0.5 0.145833 1
0 0.34375 0 0.0180556 0
0 0.657639 0 0.0208333 0
0 0.184722 0 0.0194444 0
0 0.817361 0 0.0208333 0
0 0.478472 0.5 0.145833 1
0 0.344444 0 0.0194444 0
0 0.657639 0 0.0208333 0
0 0.184722 0 0.0194444 0
0 0.817361 0 0.0208333 0
0 0.478472 0.5 0.145833 1
0 0.34375 0 0.0180556 0
0 0.657639 0 0.0208333 0
0 0.184722 0 0.0194444 0
0 0.817361 0 0.0208333 0
0 0.478472 0.5 0.145833 1
0 0.34375 0 0.0180556 0
0 0.657639 0 0.0208333 0
0 0.559722 0 0.0444444 0
0 0.184722 0 0.0194444 0
0 0.817361 0 0.0208333 0
0 0.478472 0.5 0.145833 1
0 0.34375 0 0.0180556 0
0 0.657639 0 0.0208333 0
0 0.559028 0 0.0430556 0
0 0.184722 0 0.0194444 0
0 0.817361 0 0.0208333 0
0 0.478472 0.5 0.145833 1
0 0.34375 0 0.0180556 0
0 0.657639 0 0.0208333 0
0 0.184722 0 0.0194444 0
0 0.817361 0 0.0208333 0
0 0.478472 0.5 0.145833 1
0 0.34375 0 0.0180556 0
0 0.657639 0 0.0208333 0
0 0.184722 0 0.0194444 0
0 0.818056 0 0.0194444 0
0 0.478472 0.5 0.145833 1
0 0.34375 0 0.0180556 0
0 0.657639 0 0.0208333 0
0 0.184722 0 0.0194444 0
0 0.817361 0 0.0208333 0
0 0.478472 0.5 0.145833 1
0 0.34375 0 0.0180556 0
0 0.657639 0 0.0208333 0
0 0.184722 0 0.0194444 0
0 0.817361 0 0.0208333 0
0 0.478472 0.5 0.145833 1
0 0.34375 0 0.0180556 0
0 0.657639 0 0.0208333 0
0 0.184722 0 0.0194444 0
0 0.818056 0 0.0194444 0
0 0.478472 0.5 0.145833 1
0 0.34375 0 0.0180556 0
0 0.657639 0 0.0208333 0
0 0.184722 0 0.0194444 0
0 0.817361 0 0.0208333 0
0 0.478472 0.5 0.145833 1
0 0.34375 0 0.0180556 0
0 0.657639 0 0.0208333 0
0 0.818056 0 0.0194444 0
0 0.184722 0 0.0194444 0
0 0.478472 0.5 0.145833 1
0 0.34375 0 0.0180556 0
0 0.657639 0 0.0208333 0
0 0.184722 0 0.0194444 0
0 0.818056 0 0.0194444 0
0 0.478472 0.5 0.145833 1
0 0.34375 0 0.0180556 0
0 0.657639 0 0.0208333 0
0 0.184722 0 0.0194444 0
0 0.817361 0 0.0208333 0
0 0.478472 0.5 0.145833 1
0 0.34375 0 0.0180556 0
0 0.657639 0 0.0208333 0
0 0.559722 0 0.0444444 0
0 0.184722 0 0.0194444 0
0 0.817361 0 0.0208333 0
0 0.478472 0.5 0.145833 1
0 0.34375 0 0.0180556 0
0 0.657639 0 0.0208333 0
0 0.559722 0 0.0444444 0
0 0.184722 0 0.0194444 0
0 0.818056 0 0.0194444 0
0 0.478472 0.5 0.145833 1
0 0.34375 0 0.0180556 0
0 0.657639 0 0.0208333 0
0 0.184722 0 0.0194444 0
0 0.817361 0 0.0208333 0
0 0.478472 0.5 0.145833 1
0 0.34375 0 0.0180556 0
0 0.657639 0 0.0208333 0
0 0.559722 0 0.0444444 0
0 0.184722 0 0.0194444 0
0 0.817361 0 0.0208333 0
0 0.479167 0.5 0.147222 1
0 0.34375 0 0.0180556 0
0 0.657639 0 0.0208333 0
0 0.184722 0 0.0194444 0
0 0.817361 0 0.0208333 0
0 0.479861 0.5 0.145833 1
0 0.34375 0 0.0180556 0
0 0.657639 0 0.0208333 0
0 0.184722 0 0.0194444 0
0 0.818056 0 0.0194444 0
0 0.479861 0.5 0.145833 1
0 0.34375 0 0.0180556 0
0 0.657639 0 0.0208333 0
0 0.559722 0 0.0444444 0
0 0.184722 0 0.0194444 0
0 0.817361 0 0.0208333 0
0 0.479861 0.5 0.145833 1
0 0.34375 0 0.0180556 0
0 0.657639 0 0.0208333 0
0 0.184722 0 0.0194444 0
0 0.817361 0 0.0208333 0
0 0.479861 0.5 0.145833 1
0 0.34375 0 0.0180556 0
0 0.657639 0 0.0208333 0
0 0.184028 0 0.0180556 0
0 0.817361 0 0.0208333 0
0 0.479861 0.5 0.145833 1
0 0.34375 0 0.0180556 0
0 0.657639 0 0.0208333 0
0 0.559722 0 0.0444444 0
0 0.184028 0 0.0180556 0
0 0.818056 0 0.0194444 0
0 0.479861 0.5 0.145833 1
0 0.34375 0 0.0180556 0
0 0.657639 0 0.0208333 0
0 0.184028 0 0.0180556 0
0 0.817361 0 0.0208333 0
0 0.479861 0.5 0.145833 1
0 0.34375 0 0.0180556 0
0 0.657639 0 0.0208333 0
0 0.817361 0 0.0208333 0
0 0.184028 0 0.0180556 0
0 0.479861 0.5 0.145833 1
0 0.34375 0 0.0180556 0
0 0.657639 0 0.0208333 0
0 0.818056 0 0.0194444 0
0 0.184722 0 0.0194444 0
0 0.479861 0.5 0.145833 1
0 0.34375 0 0.0180556 0
0 0.657639 0 0.0208333 0
0 0.817361 0 0.0208333 0
0 0.184722 0 0.0194444 0
0 0.479861 0.5 0.145833 1
0 0.34375 0 0.0180556 0
0 0.657639 0 0.0208333 0
0 0.184722 0 0.0194444 0
0 0.817361 0 0.0208333 0
0 0.479861 0.5 0.145833 1
0 0.34375 0 0.0180556 0
0 0.657639 0 0.0208333 0
0 0.184028 0 0.0180556 0
0 0.817361 0 0.0208333 0
0 0.479861 0.5 0.145833 1
0 0.34375 0 0.0180556 0
0 0.657639 0 0.0208333 0
0 0.184028 0 0.0180556 0
0 0.817361 0 0.0208333 0
0 0.479861 0.5 0.145833 1
0 0.34375 0 0.0180556 0
0 0.657639 0 0.0208333 0
0 0.559722 0 0.0444444 0
0 0.184028 0 0.0180556 0
0 0.817361 0 0.0208333 0
0 0.479861 0.5 0.145833 1
0 0.34375 0 0.0180556 0
0 0.657639 0 0.0208333 0
0 0.559028 0 0.0430556 0
0 0.184028 0 0.0180556 0
0 0.817361 0 0.0208333 0
0 0.479861 0.5 0.145833 1
0 0.34375 0 0.0180556 0
0 0.657639 0 0.0208333 0
0 0.184722 0 0.0194444 0
0 0.818056 0 0.0194444 0
0 0.478472 0.5 0.145833 1
0 0.34375 0 0.0180556 0
0 0.657639 0 0.0208333 0
0 0.559722 0 0.0444444 0
0 0.184028 0 0.0180556 0
0 0.817361 0 0.0208333 0
0 0.478472 0.5 0.145833 1
0 0.34375 0 0.0180556 0
0 0.657639 0 0.0208333 0
0 0.184722 0 0.0194444 0
0 0.817361 0 0.0208333 0
0 0.478472 0.5 0.145833 1
0 0.34375 0 0.0180556 0
0 0.657639 0 0.0208333 0
0 0.559722 0 0.0444444 0
0 0.184722 0 0.0194444 0
0 0.817361 0 0.0208333 0
0 0.478472 0.5 0.145833 1
0 0.34375 0 0.0180556 0
0 0.657639 0 0.0208333 0
0 0.184722 0 0.0194444 0
0 0.817361 0 0.0208333 0
0 0.478472 0.5 0.145833 1
0 0.34375 0 0.0180556 0
0 0.657639 0 0.0208333 0
0 0.184722 0 0.0194444 0
0 0.817361 0 0.0208333 0
0 0.478472 0.5 0.145833 1
0 0.344444 0 0.0194444 0
0 0.657639 0 0.0208333 0
0 0.184722 0 0.0194444 0
0 0.817361 0 0.0208333 0
0 0.478472 0.5 0.145833 1
0 0.34375 0 0.0180556 0
0 0.657639 0 0.0208333 0
0 0.184722 0 0.0194444 0
0 0.817361 0 0.0208333 0
0 0.478472 0.5 0.145833 1
0 0.34375 0 0.0180556 0
0 0.657639 0 0.0208333 0
0 0.184722 0 0.0194444 0
0 0.818056 0 0.0194444 0
0 0.478472 0.5 0.145833 1
0 0.34375 0 0.0180556 0
0 0.657639 0 0.0208333 0
0 0.184722 0 0.0194444 0
0 0.818056 0 0.0194444 0
0 0.478472 0.5 0.145833 1
0 0.34375 0 0.0180556 0
0 0.657639 0 0.0208333 0
0 0.184722 0 0.0194444 0
0 0.817361 0 0.0208333 0
0 0.478472 0.5 0.145833 1
0 0.34375 0 0.0180556 0
0 0.657639 0 0.0208333 0
0 0.817361 0 0.0208333 0
0 0.184722 0 0.0194444 0
0 0.478472 0.5 0.145833 1
0 0.34375 0 0.0180556 0
0 0.657639 0 0.0208333 0
0 0.559722 0 0.0444444 0
0 0.184722 0 0.0194444 0
0 0.817361 0 0.0208333 0
0 0.478472 0.5 0.145833 1
0 0.34375 0 0.0180556 0
0 0.657639 0 0.0208333 0
0 0.559722 0 0.0444444 0
0 0.184722 0 0.0194444 0
0 0.817361 0 0.0208333 0
0 0.478472 0.5 0.145833 1
0 0.34375 0 0.0180556 0
0 0.657639 0 0.0208333 0
0 0.559722 0 0.0444444 0
0 0.184722 0 0.0194444 0
0 0.817361 0 0.0208333 0
0 0.478472 0.5 0.145833 1
0 0.34375 0 0.0180556 0
0 0.657639 0 0.0208333 0
0 0.559722 0 0.0444444 0
0 0.184722 0 0.0194444 0
0 0.817361 0 0.0208333 0
0 0.479167 0.5 0.147222 1
0 0.34375 0 0.0180556 0
0 0.657639 0 0.0208333 0
0 0.184722 0 0.0194444 0
0 0.817361 0 0.0208333 0
0 0.478472 0.5 0.145833 1
0 0.34375 0 0.0180556 0
0 0.657639 0 0.0208333 0
0 0.184722 0 0.0194444 0
0 0.817361 0 0.0208333 0
0 0.479167 0.5 0.147222 1
0 0.34375 0 0.0180556 0
0 0.657639 0 0.0208333 0
0 0.559028 0 0.0430556 0
0 0.184722 0 0.0194444 0
0 0.817361 0 0.0208333 0
0 0.479167 0.5 0.147222 1
0 0.34375 0 0.0180556 0
0 0.657639 0 0.0208333 0
0 0.559722 0 0.0444444 0
0 0.184722 0 0.0194444 0
0 0.817361 0 0.0208333 0
0 0.478472 0.5 0.145833 1
0 0.34375 0 0.0180556 0
0 0.657639 0 0.0208333 0
0 0.183333 0 0.0194444 0
0 0.817361 0 0.0208333 0
0 0.478472 0.5 0.145833 1
0 0.34375 0 0.0180556 0
0 0.657639 0 0.0208333 0
0 0.559722 0 0.0444444 0
0 0.184028 0 0.0180556 0
0 0.817361 0 0.0208333 0
0 0.478472 0.5 0.145833 1
0 0.34375 0 0.0180556 0
0 0.657639 0 0.0208333 0
0 0.817361 0 0.0208333 0
0 0.184028 0 0.0180556 0
0 0.478472 0.5 0.145833 1
0 0.34375 0 0.0180556 0
0 0.657639 0 0.0208333 0
0 0.817361 0 0.0208333 0
0 0.184028 0 0.0180556 0
0 0.479167 0.5 0.147222 1
0 0.34375 0 0.0180556 0
0 0.657639 0 0.0208333 0
0 0.817361 0 0.0208333 0
0 0.184028 0 0.0180556 0
0 0.478472 0.5 0.145833 1
0 0.344444 0 0.0194444 0
0 0.657639 0 0.0208333 0
0 0.559722 0 0.0444444 0
0 0.817361 0 0.0208333 0
0 0.184028 0 0.0180556 0
0 0.478472 0.5 0.145833 1
0 0.344444 0 0.0194444 0
0 0.657639 0 0.0208333 0
0 0.559722 0 0.0444444 0
0 0.817361 0 0.0208333 0
0 0.184028 0 0.0180556 0
0 0.478472 0.5 0.145833 1
0 0.344444 0 0.0194444 0
0 0.656944 0 0.0194444 0
0 0.818056 0 0.0194444 0
0 0.184028 0 0.0180556 0
0 0.478472 0.5 0.145833 1
0 0.344444 0 0.0194444 0
0 0.657639 0 0.0208333 0
0 0.817361 0 0.0208333 0
0 0.184028 0 0.0180556 0
0 0.478472 0.5 0.145833 1
0 0.344444 0 0.0194444 0
0 0.656944 0 0.0194444 0
0 0.818056 0 0.0194444 0
0 0.184028 0 0.0180556 0
0 0.479167 0.5 0.147222 1
0 0.344444 0 0.0194444 0
0 0.657639 0 0.0208333 0
