0 0.58125 0 0.0402778 0
0 0.58125 0 0.0402778 0
0 0.58125 0 0.0402778 0
0 0.58125 0 0.0402778 0
0 0.58125 0 0.0402778 0
0 0.58125 0 0.0402778 0
0 0.58125 0 0.0402778 0
0 0.58125 0 0.0402778 0
0 0.58125 0 0.0402778 0
0 0.58125 0 0.0402778 0
0 0.58125 0 0.0402778 0
0 0.58125 0 0.0402778 0
0 0.58125 0 0.0402778 0
0 0.58125 0 0.0402778 0
0 0.58125 0 0.0402778 0
0 0.58125 0 0.0402778 0
0 0.58125 0 0.0402778 0
0 0.58125 0 0.0402778 0
0 0.58125 0 0.0402778 0
0 0.58125 0 0.0402778 0
0 0.58125 0 0.0402778 0
0 0.58125 0 0.0402778 0
0 0.58125 0 0.0402778 0
0 0.58125 0 0.0402778 0
0 0.58125 0 0.0402778 0
0 0.58125 0 0.0402778 0
0 0.58125 0 0.0402778 0
0 0.58125 0 0.0402778 0
0 0.58125 0 0.0402778 0
0 0.58125 0 0.0402778 0
0 0.58125 0 0.0402778 0
0 0.58125 0 0.0402778 0
0 0.58125 0 0.0402778 0
0 0.58125 0 0.0402778 0
0 0.58125 0 0.0402778 0
0 0.58125 0 0.0402778 0
0 0.58125 0 0.0402778 0
0 0.58125 0 0.0402778 0
0 0.58125 0 0.0402778 0
0 0.58125 0 0.0402778 0
0 0.58125 0 0.0402778 0
0 0.58125 0 0.0402778 0
0 0.58125 0 0.0402778 0
0 0.58125 0 0.0402778 0
0 0.58125 0 0.0402778 0
0 0.58125 0 0.0402778 0
0 0.58125 0 0.0402778 0
0 0.58125 0 0.0402778 0
0 0.58125 0 0.0402778 0
0 0.58125 0 0.0402778 0
0 0.58125 0 0.0402778 0
0 0.58125 0 0.0402778 0
0 0.58125 0 0.0402778 0
0 0.58125 0 0.0402778 0
0 0.58125 0 0.0402778 0
0 0.58125 0 0.0402778 0
0 0.58125 0 0.0402778 0
0 0.58125 0 0.0402778 0
0 0.58125 0 0.0402778 0
0 0.58125 0 0.0402778 0
0 0.58125 0 0.0402778 0
0 0.58125 0 0.0402778 0
0 0.58125 0 0.0402778 0
0 0.58125 0 0.0402778 0
0 0.58125 0 0.0402778 0
0 0.58125 0 0.0402778 0
0 0.58125 0 0.0402778 0
0 0.58125 0 0.0402778 0
0 0.58125 0 0.0402778 0
0 0.58125 0 0.0402778 0
0 0.58125 0 0.0402778 0
0 0.58125 0 0.0402778 0
0 0.58125 0 0.0402778 0
0 0.58125 0 0.0402778 0
0 0.58125 0 0.0402778 0
0 0.58125 0 0.0402778 0
0 0.58125 0 0.0402778 0
0 0.58125 0 0.0402778 0
0 0.58125 0 0.0402778 0
0 0.58125 0 0.0402778 0
0 0.58125 0 0.0402778 0
0 0.58125 0 0.0402778 0
0 0.58125 0 0.0402778 0
0 0.58125 0 0.0402778 0
0 0.58125 0 0.0402778 0
0 0.58125 0 0.0402778 0
0 0.58125 0 0.0402778 0
0 0.58125 0 0.0402778 0
0 0.58125 0 0.0402778 0
0 0.58125 0 0.0402778 0
0 0.58125 0 0.0402778 0
0 0.58125 0 0.0402778 0
0 0.58125 0 0.0402778 0
0 0.58125 0 0.0402778 0
0 0.58125 0 0.0402778 0
0 0.58125 0 0.0402778 0
0 0.58125 0 0.0402778 0
0 0.58125 0 0.0402778 0
0 0.58125 0 0.0402778 0
0 0.58125 0 0.0402778 0
0 0.58125 0 0.0402778 0
0 0.58125 0 0.0402778 0
0 0.58125 0 0.0402778 0
0 0.58125 0 0.0402778 0
0 0.58125 0 0.0402778 0
0 0.58125 0 0.0402778 0
0 0.58125 0 0.0402778 0
0 0.58125 0 0.0402778 0
0 0.58125 0 0.0402778 0
0 0.58125 0 0.0402778 0
0 0.58125 0 0.0402778 0
0 0.58125 0 0.0402778 0
0 0.58125 0 0.0402778 0
0 0.58125 0 0.0402778 0
0 0.58125 0 0.0402778 0
0 0.58125 0 0.0402778 0
0 0.58125 0 0.0402778 0
0 0.58125 0 0.0402778 0
0 0.58125 0 0.0402778 0
0 0.58125 0 0.0402778 0
0 0.58125 0 0.0402778 0
0 0.58125 0 0.0402778 0
0 0.58125 0 0.0402778 0
0 0.58125 0 0.0402778 0
0 0.58125 0 0.0402778 0
0 0.58125 0 0.0402778 0
0 0.58125 0 0.0402778 0
0 0.58125 0 0.0402778 0
0 0.58125 0 0.0402778 0
0 0.58125 0 0.0402778 0
0 0.58125 0 0.0402778 0
0 0.58125 0 0.0402778 0
0 0.58125 0 0.0402778 0
0 0.58125 0 0.0402778 0
0 0.58125 0 0.0402778 0
0 0.58125 0 0.0402778 0
0 0.58125 0 0.0402778 0
0 0.58125 0 0.0402778 0
0 0.58125 0 0.0402778 0
0 0.58125 0 0.0402778 0
0 0.58125 0 0.0402778 0
0 0.58125 0 0.0402778 0
0 0.58125 0 0.0402778 0
0 0.58125 0 0.0402778 0
0 0.58125 0 0.0402778 0
0 0.58125 0 0.0402778 0
0 0.58125 0 0.0402778 0
0 0.58125 0 0.0402778 0
0 0.58125 0 0.0402778 0
0 0.58125 0 0.0402778 0
0 0.58125 0 0.0402778 0
0 0.58125 0 0.0402778 0
0 0.58125 0 0.0402778 0
0 0.58125 0 0.0402778 0
0 0.58125 0 0.0402778 0
0 0.58125 0 0.0402778 0
0 0.58125 0 0.0402778 0
0 0.58125 0 0.0402778 0
0 0.58125 0 0.0402778 0
0 0.58125 0 0.0402778 0
0 0.58125 0 0.0402778 0
0 0.58125 0 0.0402778 0
0 0.58125 0 0.0402778 0
0 0.58125 0 0.0402778 0
0 0.58125 0 0.0402778 0
0 0.58125 0 0.0402778 0
0 0.58125 0 0.0402778 0
0 0.58125 0 0.0402778 0
0 0.58125 0 0.0402778 0
0 0.58125 0 0.0402778 0
0 0.577083 0 0.0430556 0
0 0.565972 0 0.0430556 0
0 0.5625 0 0.0416667 0
0 0.5625 0 0.0416667 0
0 0.559722 0 0.0416667 0
0 0.554167 0 0.0416667 0
0 0.550694 0 0.0430556 0
0 0.547917 0 0.0402778 0
0 0.547917 0 0.0402778 0
0 0.544444 0 0.0416667 0
0 0.540972 0 0.0430556 0
0 0.539583 0 0.0402778 0
0 0.5375 0 0.0416667 0
0 0.5375 0 0.0416667 0
0 0.535417 0 0.0375 0
0 0.535417 0.5 0.0375 1
0 0.613194 0 0.0125 0
0 0.534028 0.5 0.0375 1
0 0.613889 0 0.0138889 0
0 0.532639 0.5 0.0347222 1
0 0.613889 0 0.0138889 0
0 0.532639 0.5 0.0347222 1
0 0.532639 0.5 0.0319444 1
0 0.529167 0.5 0.0333333 1
0 0.522222 0.5 0.05 1
0 0.522222 0.5 0.05 1
0 0.520139 0.5 0.0486111 1
0 0.513194 0.5 0.0513889 1
0 0.509722 0.5 0.05 1
0 0.506944 0.5 0.0472222 1
0 0.506944 0.5 0.0472222 1
0 0.508333 0 0.0361111 0
0 0.503472 0 0.0375 0
0 0.503472 0 0.0375 0
0 0.503472 0 0.0375 0
0 0.507639 0 0.0375 0
0 0.415278 0 0.0138889 0
0 0.516667 0 0.0388889 0
0 0.523611 0 0.0388889 0
0 0.526389 0 0.0388889 0
0 0.528472 0 0.0402778 0
0 0.529861 0 0.0402778 0
0 0.529861 0 0.0402778 0
0 0.536111 0 0.0388889 0
0 0.540278 0 0.0416667 0
0 0.542361 0 0.0402778 0
0 0.542361 0 0.0402778 0
0 0.548611 0 0.0416667 0
0 0.550694 0 0.0402778 0
0 0.553472 0 0.0402778 0
0 0.557639 0 0.0402778 0
0 0.557639 0 0.0402778 0
0 0.559722 0 0.0416667 0
0 0.563194 0 0.0430556 0
0 0.566667 0 0.0416667 0
0 0.566667 0 0.0416667 0
0 0.571528 0 0.0402778 0
0 0.575 0 0.0388889 0
0 0.578472 0 0.0402778 0
0 0.584028 0 0.0486111 0
0 0.584028 0 0.0486111 0
0 0.425694 0 0.0125 0
0 0.5875 0 0.0416667 0
0 0.520833 0 0.05 0
0 0.590972 0 0.0430556 0
0 0.597222 0 0.0416667 0
0 0.597222 0 0.0416667 0
0 0.601389 0 0.0416667 0
0 0.603472 0 0.0430556 0
0 0.602778 0 0.0416667 0
0 0.6 0 0.0416667 0
0 0.6 0 0.0416667 0
0 0.595833 0 0.0388889 0
0 0.594444 0 0.0388889 0
0 0.595139 0 0.0375 0
0 0.595833 0 0.0388889 0
0 0.595833 0 0.0388889 0
0 0.527778 0 0.0527778 0
0 0.594444 0 0.0388889 0
0 0.529861 0 0.0513889 0
0 0.593056 0 0.0388889 0
0 0.595833 0 0.0416667 0
0 0.529861 0 0.0513889 0
0 0.597222 0 0.0388889 0
0 0.529861 0 0.0513889 0
0 0.597222 0 0.0388889 0
0 0.529861 0 0.0458333 0
0 0.596528 0 0.0402778 0
0 0.53125 0 0.0513889 0
0 0.598611 0 0.0416667 0
0 0.533333 0 0.0527778 0
0 0.599306 0 0.0402778 0
0 0.598611 0 0.05 0
0 0.598611 0 0.05 0
0 0.600694 0 0.0430556 0
0 0.602778 0 0.0416667 0
0 0.604167 0 0.0416667 0
0 0.605556 0 0.0388889 0
0 0.605556 0 0.0388889 0
0 0.606944 0 0.0416667 0
0 0.608333 0 0.0388889 0
0 0.611111 0 0.0472222 0
0 0.58125 0 0.0402778 0
0 0.58125 0 0.0402778 0
0 0.58125 0 0.0402778 0
0 0.58125 0 0.0402778 0
0 0.58125 0 0.0402778 0
0 0.58125 0 0.0402778 0
0 0.58125 0 0.0402778 0
0 0.58125 0 0.0402778 0
0 0.58125 0 0.0402778 0
0 0.58125 0 0.0402778 0
0 0.58125 0 0.0402778 0
0 0.58125 0 0.0402778 0
0 0.58125 0 0.0402778 0
0 0.58125 0 0.0402778 0
0 0.58125 0 0.0402778 0
0 0.58125 0 0.0402778 0
0 0.58125 0 0.0402778 0
0 0.58125 0 0.0402778 0
0 0.58125 0 0.0402778 0
0 0.58125 0 0.0402778 0
0 0.58125 0 0.0402778 0
0 0.58125 0 0.0402778 0
0 0.58125 0 0.0402778 0
0 0.58125 0 0.0402778 0
0 0.58125 0 0.0402778 0
0 0.58125 0 0.0402778 0
0 0.58125 0 0.0402778 0
0 0.58125 0 0.0402778 0
0 0.58125 0 0.0402778 0
0 0.58125 0 0.0402778 0
0 0.58125 0 0.0402778 0
0 0.58125 0 0.0402778 0
0 0.58125 0 0.0402778 0
0 0.58125 0 0.0402778 0
0 0.58125 0 0.0402778 0
0 0.58125 0 0.0402778 0
0 0.58125 0 0.0402778 0
0 0.58125 0 0.0402778 0
0 0.58125 0 0.0402778 0
0 0.58125 0 0.0402778 0
0 0.58125 0 0.0402778 0
0 0.58125 0 0.0402778 0
0 0.58125 0 0.0402778 0
0 0.58125 0 0.0402778 0
0 0.58125 0 0.0402778 0
0 0.58125 0 0.0402778 0
0 0.58125 0 0.0402778 0
0 0.58125 0 0.0402778 0
0 0.58125 0 0.0402778 0
0 0.58125 0 0.0402778 0
0 0.58125 0 0.0402778 0
0 0.58125 0 0.0402778 0
0 0.58125 0 0.0402778 0
0 0.58125 0 0.0402778 0
0 0.58125 0 0.0402778 0
0 0.58125 0 0.0402778 0
0 0.58125 0 0.0402778 0
0 0.58125 0 0.0402778 0
0 0.58125 0 0.0402778 0
0 0.58125 0 0.0402778 0
0 0.58125 0 0.0402778 0
0 0.58125 0 0.0402778 0
0 0.58125 0 0.0402778 0
0 0.58125 0 0.0402778 0
0 0.58125 0 0.0402778 0
0 0.58125 0 0.0402778 0
0 0.58125 0 0.0402778 0
0 0.58125 0 0.0402778 0
0 0.58125 0 0.0402778 0
0 0.58125 0 0.0402778 0
0 0.58125 0 0.0402778 0
0 0.58125 0 0.0402778 0
0 0.58125 0 0.0402778 0
0 0.58125 0 0.0402778 0
0 0.58125 0 0.0402778 0
0 0.58125 0 0.0402778 0
0 0.58125 0 0.0402778 0
0 0.58125 0 0.0402778 0
0 0.58125 0 0.0402778 0
0 0.58125 0 0.0402778 0
0 0.58125 0 0.0402778 0
0 0.58125 0 0.0402778 0
0 0.58125 0 0.0402778 0
0 0.58125 0 0.0402778 0
0 0.58125 0 0.0402778 0
0 0.58125 0 0.0402778 0
0 0.58125 0 0.0402778 0
0 0.58125 0 0.0402778 0
0 0.58125 0 0.0402778 0
0 0.58125 0 0.0402778 0
0 0.58125 0 0.0402778 0
0 0.58125 0 0.0402778 0
0 0.58125 0 0.0402778 0
0 0.58125 0 0.0402778 0
0 0.58125 0 0.0402778 0
0 0.58125 0 0.0402778 0
0 0.58125 0 0.0402778 0
0 0.58125 0 0.0402778 0
0 0.58125 0 0.0402778 0
0 0.58125 0 0.0402778 0
0 0.58125 0 0.0402778 0
0 0.58125 0 0.0402778 0
0 0.58125 0 0.0402778 0
0 0.58125 0 0.0402778 0
0 0.58125 0 0.0402778 0
0 0.58125 0 0.0402778 0
0 0.58125 0 0.0402778 0
0 0.58125 0 0.0402778 0
0 0.58125 0 0.0402778 0
0 0.58125 0 0.0402778 0
0 0.58125 0 0.0402778 0
0 0.58125 0 0.0402778 0
0 0.58125 0 0.0402778 0
0 0.58125 0 0.0402778 0
0 0.58125 0 0.0402778 0
0 0.58125 0 0.0402778 0
0 0.58125 0 0.0402778 0
0 0.58125 0 0.0402778 0
0 0.58125 0 0.0402778 0
0 0.58125 0 0.0402778 0
0 0.58125 0 0.0402778 0
0 0.58125 0 0.0402778 0
0 0.58125 0 0.0402778 0
0 0.58125 0 0.0402778 0
0 0.58125 0 0.0402778 0
0 0.58125 0 0.0402778 0
0 0.58125 0 0.0402778 0
0 0.58125 0 0.0402778 0
0 0.58125 0 0.0402778 0
0 0.58125 0 0.0402778 0
0 0.58125 0 0.0402778 0
0 0.58125 0 0.0402778 0
0 0.58125 0 0.0402778 0
0 0.58125 0 0.0402778 0
0 0.58125 0 0.0402778 0
0 0.58125 0 0.0402778 0
0 0.58125 0 0.0402778 0
0 0.58125 0 0.0402778 0
0 0.58125 0 0.0402778 0
0 0.58125 0 0.0402778 0
0 0.58125 0 0.0402778 0
0 0.58125 0 0.0402778 0
0 0.58125 0 0.0402778 0
0 0.58125 0 0.0402778 0
0 0.58125 0 0.0402778 0
0 0.58125 0 0.0402778 0
0 0.58125 0 0.0402778 0
0 0.58125 0 0.0402778 0
0 0.58125 0 0.0402778 0
0 0.58125 0 0.0402778 0
0 0.58125 0 0.0402778 0
0 0.58125 0 0.0402778 0
0 0.58125 0 0.0402778 0
0 0.58125 0 0.0402778 0
0 0.58125 0 0.0402778 0
0 0.58125 0 0.0402778 0
0 0.58125 0 0.0402778 0
0 0.58125 0 0.0402778 0
0 0.58125 0 0.0402778 0
0 0.58125 0 0.0402778 0
0 0.58125 0 0.0402778 0
0 0.58125 0 0.0402778 0
0 0.58125 0 0.0402778 0
0 0.58125 0 0.0402778 0
0 0.58125 0 0.0402778 0
0 0.58125 0 0.0402778 0
0 0.58125 0 0.0402778 0
0 0.58125 0 0.0402778 0
0 0.58125 0 0.0402778 0
0 0.58125 0 0.0402778 0
0 0.58125 0 0.0402778 0
0 0.58125 0 0.0402778 0
0 0.58125 0 0.0402778 0
0 0.58125 0 0.0402778 0
0 0.58125 0 0.0402778 0
0 0.58125 0 0.0402778 0
0 0.58125 0 0.0402778 0
0 0.58125 0 0.0402778 0
0 0.58125 0 0.0402778 0
0 0.58125 0 0.0402778 0
0 0.58125 0 0.0402778 0
0 0.58125 0 0.0402778 0
0 0.58125 0 0.0402778 0
0 0.58125 0 0.0402778 0
0 0.58125 0 0.0402778 0
0 0.58125 0 0.0402778 0
0 0.58125 0 0.0402778 0
0 0.58125 0 0.0402778 0
0 0.58125 0 0.0402778 0
0 0.58125 0 0.0402778 0
0 0.58125 0 0.0402778 0
0 0.58125 0 0.0402778 0
0 0.58125 0 0.0402778 0
0 0.58125 0 0.0402778 0
0 0.58125 0 0.0402778 0
0 0.58125 0 0.0402778 0
0 0.58125 0 0.0402778 0
0 0.58125 0 0.0402778 0
0 0.58125 0 0.0402778 0
0 0.58125 0 0.0402778 0
0 0.58125 0 0.0402778 0
0 0.58125 0 0.0402778 0
0 0.58125 0 0.0402778 0
0 0.58125 0 0.0402778 0
0 0.58125 0 0.0402778 0
0 0.58125 0 0.0402778 0
0 0.58125 0 0.0402778 0
0 0.58125 0 0.0402778 0
0 0.58125 0 0.0402778 0
0 0.58125 0 0.0402778 0
0 0.58125 0 0.0402778 0
0 0.58125 0 0.0402778 0
0 0.58125 0 0.0402778 0
0 0.58125 0 0.0402778 0
0 0.58125 0 0.0402778 0
0 0.58125 0 0.0402778 0
0 0.58125 0 0.0402778 0
0 0.58125 0 0.0402778 0
0 0.58125 0 0.0402778 0
0 0.58125 0 0.0402778 0
0 0.58125 0 0.0402778 0
0 0.58125 0 0.0402778 0
0 0.58125 0 0.0402778 0
0 0.58125 0 0.0402778 0
0 0.58125 0 0.0402778 0
0 0.58125 0 0.0402778 0
0 0.58125 0 0.0402778 0
0 0.58125 0 0.0402778 0
0 0.58125 0 0.0402778 0
0 0.58125 0 0.0402778 0
0 0.58125 0 0.0402778 0
0 0.58125 0 0.0402778 0
0 0.58125 0 0.0402778 0
0 0.58125 0 0.0402778 0
0 0.58125 0 0.0402778 0
0 0.58125 0 0.0402778 0
0 0.58125 0 0.0402778 0
0 0.58125 0 0.0402778 0
0 0.58125 0 0.0402778 0
0 0.58125 0 0.0402778 0
0 0.58125 0 0.0402778 0
0 0.58125 0 0.0402778 0
0 0.58125 0 0.0402778 0
0 0.58125 0 0.0402778 0
0 0.58125 0 0.0402778 0
0 0.58125 0 0.0402778 0
0 0.58125 0 0.0402778 0
0 0.58125 0 0.0402778 0
0 0.58125 0 0.0402778 0
0 0.58125 0 0.0402778 0
0 0.58125 0 0.0402778 0
0 0.58125 0 0.0402778 0
0 0.58125 0 0.0402778 0
0 0.58125 0 0.0402778 0
0 0.58125 0 0.0402778 0
0 0.58125 0 0.0402778 0
0 0.58125 0 0.0402778 0
0 0.58125 0 0.0402778 0
0 0.58125 0 0.0402778 0
0 0.58125 0 0.0402778 0
0 0.58125 0 0.0402778 0
0 0.58125 0 0.0402778 0
0 0.58125 0 0.0402778 0
0 0.58125 0 0.0402778 0
0 0.58125 0 0.0402778 0
0 0.58125 0 0.0402778 0
0 0.58125 0 0.0402778 0
0 0.58125 0 0.0402778 0
0 0.58125 0 0.0402778 0
0 0.58125 0 0.0402778 0
0 0.58125 0 0.0402778 0
0 0.58125 0 0.0402778 0
0 0.58125 0 0.0402778 0
0 0.58125 0 0.0402778 0
0 0.58125 0 0.0402778 0
0 0.58125 0 0.0402778 0
0 0.58125 0 0.0402778 0
0 0.58125 0 0.0402778 0
0 0.58125 0 0.0402778 0
0 0.58125 0 0.0402778 0
0 0.58125 0 0.0402778 0
0 0.58125 0 0.0402778 0
0 0.58125 0 0.0402778 0
0 0.58125 0 0.0402778 0
0 0.58125 0 0.0402778 0
0 0.58125 0 0.0402778 0
0 0.58125 0 0.0402778 0
0 0.58125 0 0.0402778 0
0 0.58125 0 0.0402778 0
0 0.58125 0 0.0402778 0
0 0.58125 0 0.0402778 0
0 0.58125 0 0.0402778 0
0 0.58125 0 0.0402778 0
0 0.58125 0 0.0402778 0
0 0.58125 0 0.0402778 0
0 0.58125 0 0.0402778 0
0 0.58125 0 0.0402778 0
0 0.58125 0 0.0402778 0
0 0.58125 0 0.0402778 0
0 0.58125 0 0.0402778 0
0 0.58125 0 0.0402778 0
0 0.58125 0 0.0402778 0
0 0.58125 0 0.0402778 0
0 0.58125 0 0.0402778 0
0 0.58125 0 0.0402778 0
0 0.58125 0 0.0402778 0
0 0.58125 0 0.0402778 0
0 0.58125 0 0.0402778 0
0 0.58125 0 0.0402778 0
0 0.58125 0 0.0402778 0
0 0.58125 0 0.0402778 0
0 0.58125 0 0.0402778 0
0 0.58125 0 0.0402778 0
0 0.58125 0 0.0402778 0
0 0.58125 0 0.0402778 0
0 0.58125 0 0.0402778 0
0 0.58125 0 0.0402778 0
0 0.58125 0 0.0402778 0
0 0.58125 0 0.0402778 0
0 0.58125 0 0.0402778 0
0 0.58125 0 0.0402778 0
0 0.58125 0 0.0402778 0
0 0.58125 0 0.0402778 0
0 0.58125 0 0.0402778 0
0 0.58125 0 0.0402778 0
0 0.58125 0 0.0402778 0
0 0.58125 0 0.0402778 0
0 0.58125 0 0.0402778 0
0 0.58125 0 0.0402778 0
0 0.58125 0 0.0402778 0
0 0.58125 0 0.0402778 0
0 0.58125 0 0.0402778 0
0 0.58125 0 0.0402778 0
0 0.58125 0 0.0402778 0
0 0.58125 0 0.0402778 0
0 0.58125 0 0.0402778 0
0 0.58125 0 0.0402778 0
0 0.58125 0 0.0402778 0
0 0.58125 0 0.0402778 0
0 0.58125 0 0.0402778 0
0 0.58125 0 0.0402778 0
0 0.58125 0 0.0402778 0
0 0.58125 0 0.0402778 0
0 0.58125 0 0.0402778 0
0 0.58125 0 0.0402778 0
0 0.58125 0 0.0402778 0
0 0.58125 0 0.0402778 0
0 0.58125 0 0.0402778 0
0 0.58125 0 0.0402778 0
0 0.58125 0 0.0402778 0
0 0.58125 0 0.0402778 0
0 0.58125 0 0.0402778 0
0 0.58125 0 0.0402778 0
0 0.58125 0 0.0402778 0
0 0.58125 0 0.0402778 0
0 0.58125 0 0.0402778 0
0 0.58125 0 0.0402778 0
0 0.58125 0 0.0402778 0
0 0.58125 0 0.0402778 0
0 0.58125 0 0.0402778 0
0 0.58125 0 0.0402778 0
0 0.58125 0 0.0402778 0
0 0.58125 0 0.0402778 0
0 0.58125 0 0.0402778 0
0 0.58125 0 0.0402778 0
0 0.58125 0 0.0402778 0
0 0.58125 0 0.0402778 0
0 0.58125 0 0.0402778 0
0 0.58125 0 0.0402778 0
0 0.58125 0 0.0402778 0
0 0.58125 0 0.0402778 0
0 0.58125 0 0.0402778 0
0 0.58125 0 0.0402778 0
0 0.58125 0 0.0402778 0
0 0.58125 0 0.0402778 0
0 0.58125 0 0.0402778 0
0 0.58125 0 0.0402778 0
0 0.58125 0 0.0402778 0
0 0.58125 0 0.0402778 0
0 0.58125 0 0.0402778 0
0 0.58125 0 0.0402778 0
0 0.58125 0 0.0402778 0
0 0.58125 0 0.0402778 0
0 0.58125 0 0.0402778 0
0 0.58125 0 0.0402778 0
0 0.58125 0 0.0402778 0
0 0.58125 0 0.0402778 0
0 0.58125 0 0.0402778 0
0 0.58125 0 0.0402778 0
0 0.58125 0 0.0402778 0
0 0.58125 0 0.0402778 0
0 0.58125 0 0.0402778 0
0 0.58125 0 0.0402778 0
0 0.58125 0 0.0402778 0
0 0.58125 0 0.0402778 0
0 0.58125 0 0.0402778 0
0 0.58125 0 0.0402778 0
0 0.58125 0 0.0402778 0
0 0.58125 0 0.0402778 0
0 0.58125 0 0.0402778 0
0 0.58125 0 0.0402778 0
0 0.58125 0 0.0402778 0
0 0.58125 0 0.0402778 0
0 0.58125 0 0.0402778 0
0 0.58125 0 0.0402778 0
0 0.58125 0 0.0402778 0
0 0.58125 0 0.0402778 0
0 0.58125 0 0.0402778 0
0 0.58125 0 0.0402778 0
0 0.58125 0 0.0402778 0
0 0.58125 0 0.0402778 0
0 0.58125 0 0.0402778 0
0 0.58125 0 0.0402778 0
0 0.58125 0 0.0402778 0
0 0.58125 0 0.0402778 0
0 0.58125 0 0.0402778 0
0 0.58125 0 0.0402778 0
0 0.58125 0 0.0402778 0
0 0.58125 0 0.0402778 0
0 0.58125 0 0.0402778 0
0 0.58125 0 0.0402778 0
0 0.58125 0 0.0402778 0
0 0.58125 0 0.0402778 0
0 0.58125 0 0.0402778 0
0 0.58125 0 0.0402778 0
0 0.58125 0 0.0402778 0
0 0.58125 0 0.0402778 0
0 0.58125 0 0.0402778 0
0 0.58125 0 0.0402778 0
0 0.58125 0 0.0402778 0
0 0.58125 0 0.0402778 0
0 0.58125 0 0.0402778 0
0 0.58125 0 0.0402778 0
0 0.58125 0 0.0402778 0
0 0.58125 0 0.0402778 0
0 0.58125 0 0.0402778 0
0 0.58125 0 0.0402778 0
0 0.58125 0 0.0402778 0
0 0.58125 0 0.0402778 0
0 0.58125 0 0.0402778 0
0 0.58125 0 0.0402778 0
0 0.58125 0 0.0402778 0
0 0.58125 0 0.0402778 0
0 0.58125 0 0.0402778 0
0 0.58125 0 0.0402778 0
0 0.58125 0 0.0402778 0
0 0.58125 0 0.0402778 0
0 0.58125 0 0.0402778 0
0 0.58125 0 0.0402778 0
0 0.58125 0 0.0402778 0
0 0.58125 0 0.0402778 0
0 0.58125 0 0.0402778 0
0 0.58125 0 0.0402778 0
0 0.58125 0 0.0402778 0
0 0.58125 0 0.0402778 0
0 0.58125 0 0.0402778 0
0 0.58125 0 0.0402778 0
0 0.58125 0 0.0402778 0
0 0.58125 0 0.0402778 0
0 0.58125 0 0.0402778 0
0 0.58125 0 0.0402778 0
0 0.58125 0 0.0402778 0
0 0.58125 0 0.0402778 0
0 0.58125 0 0.0402778 0
0 0.58125 0 0.0402778 0
0 0.58125 0 0.0402778 0
0 0.58125 0 0.0402778 0
0 0.58125 0 0.0402778 0
0 0.58125 0 0.0402778 0
0 0.58125 0 0.0402778 0
0 0.58125 0 0.0402778 0
0 0.58125 0 0.0402778 0
0 0.58125 0 0.0402778 0
0 0.58125 0 0.0402778 0
0 0.58125 0 0.0402778 0
0 0.58125 0 0.0402778 0
0 0.58125 0 0.0402778 0
0 0.58125 0 0.0402778 0
0 0.58125 0 0.0402778 0
0 0.58125 0 0.0402778 0
0 0.58125 0 0.0402778 0
0 0.58125 0 0.0402778 0
0 0.58125 0 0.0402778 0
0 0.58125 0 0.0402778 0
0 0.58125 0 0.0402778 0
0 0.58125 0 0.0402778 0
0 0.58125 0 0.0402778 0
0 0.58125 0 0.0402778 0
0 0.58125 0 0.0402778 0
0 0.58125 0 0.0402778 0
0 0.58125 0 0.0402778 0
0 0.58125 0 0.0402778 0
0 0.58125 0 0.0402778 0
0 0.58125 0 0.0402778 0
0 0.58125 0 0.0402778 0
0 0.58125 0 0.0402778 0
0 0.58125 0 0.0402778 0
0 0.58125 0 0.0402778 0
0 0.58125 0 0.0402778 0
0 0.58125 0 0.0402778 0
0 0.58125 0 0.0402778 0
0 0.58125 0 0.0402778 0
0 0.58125 0 0.0402778 0
0 0.58125 0 0.0402778 0
0 0.58125 0 0.0402778 0
0 0.58125 0 0.0402778 0
0 0.58125 0 0.0402778 0
0 0.58125 0 0.0402778 0
0 0.58125 0 0.0402778 0
0 0.58125 0 0.0402778 0
0 0.58125 0 0.0402778 0
0 0.58125 0 0.0402778 0
0 0.58125 0 0.0402778 0
0 0.58125 0 0.0402778 0
0 0.58125 0 0.0402778 0
0 0.58125 0 0.0402778 0
0 0.58125 0 0.0402778 0
0 0.58125 0 0.0402778 0
0 0.58125 0 0.0402778 0
0 0.58125 0 0.0402778 0
0 0.58125 0 0.0402778 0
0 0.58125 0 0.0402778 0
0 0.58125 0 0.0402778 0
0 0.58125 0 0.0402778 0
0 0.58125 0 0.0402778 0
0 0.58125 0 0.0402778 0
0 0.58125 0 0.0402778 0
0 0.58125 0 0.0402778 0
0 0.58125 0 0.0402778 0
0 0.58125 0 0.0402778 0
0 0.58125 0 0.0402778 0
0 0.58125 0 0.0402778 0
0 0.58125 0 0.0402778 0
0 0.58125 0 0.0402778 0
0 0.58125 0 0.0402778 0
0 0.58125 0 0.0402778 0
0 0.58125 0 0.0402778 0
0 0.58125 0 0.0402778 0
0 0.58125 0 0.0402778 0
0 0.58125 0 0.0402778 0
0 0.58125 0 0.0402778 0
0 0.576389 0 0.0416667 0
0 0.573611 0 0.0416667 0
0 0.571528 0 0.0402778 0
0 0.571528 0 0.0402778 0
0 0.565972 0 0.0430556 0
0 0.561806 0 0.0402778 0
0 0.557639 0 0.0402778 0
0 0.554167 0 0.0416667 0
0 0.554167 0 0.0416667 0
0 0.55 0 0.0416667 0
0 0.55 0 0.0416667 0
0 0.55 0 0.0416667 0
0 0.55 0 0.0416667 0
0 0.55 0 0.0416667 0
0 0.55 0 0.0416667 0
0 0.55 0 0.0416667 0
0 0.547222 0 0.0416667 0
0 0.543056 0 0.0416667 0
0 0.540972 0 0.0430556 0
0 0.540972 0 0.0430556 0
0 0.539583 0 0.0402778 0
0 0.5375 0 0.0416667 0
0 0.5375 0 0.0416667 0
0 0.5375 0 0.0416667 0
0 0.5375 0 0.0416667 0
0 0.536806 0 0.0402778 0
0 0.535417 0 0.0375 0
0 0.535417 0 0.0375 0
0 0.613889 0 0.0138889 0
0 0.535417 0.5 0.0375 1
0 0.613889 0 0.0138889 0
0 0.534028 0.5 0.0375 1
0 0.532639 0.5 0.0347222 1
0 0.532639 0.5 0.0347222 1
0 0.532639 0.5 0.0347222 1
0 0.532639 0.5 0.0347222 1
0 0.532639 0.5 0.0347222 1
0 0.532639 0.5 0.0347222 1
0 0.532639 0.5 0.0347222 1
0 0.532639 0.5 0.0347222 1
0 0.530556 0.5 0.0333333 1
0 0.525 0.5 0.0416667 1
0 0.521528 0.5 0.0486111 1
0 0.520833 0.5 0.0472222 1
0 0.520833 0.5 0.0472222 1
0 0.518056 0.5 0.05 1
0 0.517361 0.5 0.0513889 1
0 0.517361 0.5 0.0513889 1
0 0.517361 0.5 0.0513889 1
0 0.517361 0.5 0.0513889 1
0 0.515972 0.5 0.0486111 1
0 0.509722 0.5 0.05 1
0 0.50625 0.5 0.0486111 1
0 0.507639 0 0.0375 0
0 0.507639 0 0.0375 0
0 0.504861 0 0.0375 0
0 0.545833 0 0.0416667 0
0 0.504861 0 0.0375 0
0 0.504861 0 0.0375 0
0 0.546528 0 0.0430556 0
0 0.504861 0 0.0375 0
0 0.546528 0 0.0430556 0
0 0.504861 0 0.0375 0
0 0.545833 0 0.0416667 0
0 0.504861 0 0.0375 0
0 0.504861 0 0.0375 0
0 0.504861 0 0.0375 0
0 0.509028 0 0.0402778 0
0 0.517361 0 0.0375 0
0 0.416667 0 0.0138889 0
0 0.525694 0 0.0402778 0
0 0.528472 0 0.0402778 0
0 0.528472 0 0.0402778 0
0 0.528472 0 0.0402778 0
0 0.528472 0 0.0402778 0
0 0.528472 0 0.0402778 0
0 0.529167 0 0.0416667 0
0 0.529167 0 0.0416667 0
0 0.532639 0 0.0402778 0
0 0.41875 0 0.0125 0
0 0.538194 0 0.0402778 0
0 0.542361 0 0.0402778 0
0 0.545833 0 0.0416667 0
0 0.547917 0 0.0430556 0
0 0.547917 0 0.0430556 0
0 0.547917 0 0.0430556 0
0 0.547917 0 0.0430556 0
0 0.547917 0 0.0430556 0
0 0.547917 0 0.0402778 0
0 0.550694 0 0.0402778 0
0 0.550694 0 0.0402778 0
0 0.554861 0 0.0430556 0
0 0.557639 0 0.0402778 0
0 0.561111 0 0.0416667 0
0 0.625694 0 0.0125 0
0 0.564583 0 0.0430556 0
0 0.626389 0 0.0111111 0
0 0.565278 0 0.0416667 0
0 0.565278 0 0.0416667 0
0 0.565278 0 0.0416667 0
0 0.565278 0 0.0416667 0
0 0.565972 0 0.0430556 0
0 0.568056 0 0.0416667 0
0 0.572917 0 0.0430556 0
0 0.575694 0 0.0402778 0
0 0.579167 0 0.0416667 0
0 0.579167 0 0.0416667 0
0 0.582639 0 0.0402778 0
0 0.582639 0 0.0402778 0
0 0.582639 0 0.0402778 0
0 0.582639 0 0.0402778 0
0 0.582639 0 0.0402778 0
0 0.582639 0 0.0402778 0
0 0.584028 0 0.0402778 0
0 0.584028 0 0.0402778 0
0 0.584028 0 0.0402778 0
0 0.584028 0 0.0402778 0
0 0.584028 0 0.0402778 0
0 0.584028 0 0.0402778 0
0 0.584028 0 0.0402778 0
0 0.584028 0 0.0402778 0
0 0.584028 0 0.0402778 0
0 0.584028 0 0.0402778 0
0 0.584028 0 0.0402778 0
0 0.584028 0 0.0402778 0
0 0.584028 0 0.0402778 0
0 0.584028 0 0.0402778 0
0 0.584028 0 0.0402778 0
0 0.584028 0 0.0402778 0
0 0.584028 0 0.0402778 0
0 0.584028 0 0.0402778 0
0 0.584028 0 0.0402778 0
0 0.584028 0 0.0402778 0
0 0.584028 0 0.0402778 0
0 0.584028 0 0.0402778 0
0 0.584028 0 0.0402778 0
0 0.584028 0 0.0402778 0
0 0.584028 0 0.0402778 0
0 0.584028 0 0.0402778 0
0 0.584028 0 0.0402778 0
0 0.584028 0 0.0402778 0
0 0.584028 0 0.0402778 0
0 0.584028 0 0.0402778 0
0 0.584028 0 0.0402778 0
0 0.584028 0 0.0402778 0
0 0.584028 0 0.0402778 0
0 0.584028 0 0.0402778 0
0 0.584028 0 0.0402778 0
0 0.584028 0 0.0402778 0
0 0.584028 0 0.0402778 0
0 0.584028 0 0.0402778 0
0 0.584028 0 0.0402778 0
0 0.584028 0 0.0402778 0
0 0.584028 0 0.0402778 0
0 0.584028 0 0.0402778 0
0 0.584028 0 0.0402778 0
0 0.584028 0 0.0402778 0
0 0.584028 0 0.0402778 0
0 0.584028 0 0.0402778 0
0 0.584028 0 0.0402778 0
0 0.584028 0 0.0402778 0
0 0.584028 0 0.0402778 0
0 0.584028 0 0.0402778 0
0 0.584028 0 0.0402778 0
0 0.584028 0 0.0402778 0
0 0.584028 0 0.0402778 0
0 0.584028 0 0.0402778 0
0 0.584028 0 0.0402778 0
0 0.584028 0 0.0402778 0
0 0.584028 0 0.0402778 0
0 0.584028 0 0.0402778 0
0 0.584028 0 0.0402778 0
0 0.584028 0 0.0402778 0
0 0.584028 0 0.0402778 0
0 0.584028 0 0.0402778 0
0 0.584028 0 0.0402778 0
0 0.584028 0 0.0402778 0
0 0.584028 0 0.0402778 0
0 0.584028 0 0.0402778 0
0 0.584028 0 0.0402778 0
0 0.584028 0 0.0402778 0
0 0.584028 0 0.0402778 0
0 0.584028 0 0.0402778 0
0 0.584028 0 0.0402778 0
0 0.584028 0 0.0402778 0
0 0.584028 0 0.0402778 0
0 0.584028 0 0.0402778 0
0 0.584028 0 0.0402778 0
0 0.584028 0 0.0402778 0
0 0.584028 0 0.0402778 0
0 0.584028 0 0.0402778 0
0 0.584028 0 0.0402778 0
0 0.584028 0 0.0402778 0
0 0.584028 0 0.0402778 0
0 0.584028 0 0.0402778 0
0 0.584028 0 0.0402778 0
0 0.584028 0 0.0402778 0
0 0.584028 0 0.0402778 0
0 0.584028 0 0.0402778 0
0 0.584028 0 0.0402778 0
0 0.584028 0 0.0402778 0
0 0.584028 0 0.0402778 0
0 0.584028 0 0.0402778 0
0 0.584028 0 0.0402778 0
0 0.584028 0 0.0402778 0
0 0.584028 0 0.0402778 0
0 0.584028 0 0.0402778 0
0 0.584028 0 0.0402778 0
0 0.584028 0 0.0402778 0
0 0.584028 0 0.0402778 0
0 0.584028 0 0.0402778 0
0 0.584028 0 0.0402778 0
0 0.584028 0 0.0402778 0
0 0.584028 0 0.0402778 0
0 0.584028 0 0.0402778 0
0 0.584028 0 0.0402778 0
0 0.584028 0 0.0402778 0
0 0.584028 0 0.0402778 0
0 0.584028 0 0.0402778 0
0 0.584028 0 0.0402778 0
0 0.584028 0 0.0402778 0
0 0.584028 0 0.0402778 0
0 0.584028 0 0.0402778 0
0 0.584028 0 0.0402778 0
0 0.584028 0 0.0402778 0
0 0.584028 0 0.0402778 0
0 0.584028 0 0.0402778 0
0 0.584028 0 0.0402778 0
0 0.584028 0 0.0402778 0
0 0.584028 0 0.0402778 0
0 0.584028 0 0.0402778 0
0 0.584028 0 0.0402778 0
0 0.584028 0 0.0402778 0
0 0.584028 0 0.0402778 0
0 0.584028 0 0.0402778 0
0 0.584028 0 0.0402778 0
0 0.584028 0 0.0402778 0
0 0.584028 0 0.0402778 0
0 0.584028 0 0.0402778 0
0 0.584028 0 0.0402778 0
0 0.584028 0 0.0402778 0
0 0.584028 0 0.0402778 0
0 0.584028 0 0.0402778 0
0 0.584028 0 0.0402778 0
0 0.584028 0 0.0402778 0
0 0.584028 0 0.0402778 0
0 0.584028 0 0.0402778 0
0 0.584028 0 0.0402778 0
0 0.584028 0 0.0402778 0
0 0.584028 0 0.0402778 0
0 0.584028 0 0.0402778 0
0 0.584028 0 0.0402778 0
0 0.584028 0 0.0402778 0
0 0.584028 0 0.0402778 0
0 0.584028 0 0.0402778 0
0 0.584028 0 0.0402778 0
0 0.584028 0 0.0402778 0
0 0.584028 0 0.0402778 0
0 0.584028 0 0.0402778 0
0 0.584028 0 0.0402778 0
0 0.584028 0 0.0402778 0
0 0.584028 0 0.0402778 0
0 0.584028 0 0.0402778 0
0 0.584028 0 0.0402778 0
0 0.584028 0 0.0402778 0
0 0.584028 0 0.0402778 0
0 0.584028 0 0.0402778 0
0 0.584028 0 0.0402778 0
0 0.584028 0 0.0402778 0
0 0.584028 0 0.0402778 0
0 0.584028 0 0.0402778 0
0 0.584028 0 0.0402778 0
0 0.584028 0 0.0402778 0
0 0.584028 0 0.0402778 0
0 0.584028 0 0.0402778 0
0 0.584028 0 0.0402778 0
0 0.584028 0 0.0402778 0
0 0.584028 0 0.0402778 0
0 0.584028 0 0.0402778 0
0 0.584028 0 0.0402778 0
0 0.584028 0 0.0402778 0
0 0.584028 0 0.0402778 0
0 0.584028 0 0.0402778 0
0 0.584028 0 0.0402778 0
0 0.584028 0 0.0402778 0
0 0.584028 0 0.0402778 0
0 0.584028 0 0.0402778 0
0 0.584028 0 0.0402778 0
0 0.584028 0 0.0402778 0
0 0.584028 0 0.0402778 0
0 0.584028 0 0.0402778 0
0 0.584028 0 0.0402778 0
0 0.584028 0 0.0402778 0
0 0.584028 0 0.0402778 0
0 0.584028 0 0.0402778 0
0 0.584028 0 0.0402778 0
0 0.584028 0 0.0402778 0
0 0.584028 0 0.0402778 0
0 0.584028 0 0.0402778 0
0 0.584028 0 0.0402778 0
0 0.584028 0 0.0402778 0
0 0.584028 0 0.0402778 0
0 0.584028 0 0.0402778 0
0 0.584028 0 0.0402778 0
0 0.584028 0 0.0402778 0
0 0.584028 0 0.0402778 0
0 0.584028 0 0.0402778 0
0 0.584028 0 0.0402778 0
0 0.584028 0 0.0402778 0
0 0.584028 0 0.0402778 0
0 0.584028 0 0.0402778 0
0 0.584028 0 0.0402778 0
0 0.584028 0 0.0402778 0
0 0.584028 0 0.0402778 0
0 0.584028 0 0.0402778 0
0 0.584028 0 0.0402778 0
0 0.584028 0 0.0402778 0
0 0.584028 0 0.0402778 0
0 0.584028 0 0.0402778 0
0 0.584028 0 0.0402778 0
0 0.584028 0 0.0402778 0
0 0.584028 0 0.0402778 0
0 0.584028 0 0.0402778 0
0 0.584028 0 0.0402778 0
0 0.584028 0 0.0402778 0
0 0.584028 0 0.0402778 0
0 0.584028 0 0.0402778 0
0 0.584028 0 0.0402778 0
0 0.584028 0 0.0402778 0
0 0.584028 0 0.0402778 0
0 0.584028 0 0.0402778 0
0 0.584028 0 0.0402778 0
0 0.584028 0 0.0402778 0
0 0.584028 0 0.0402778 0
0 0.584028 0 0.0402778 0
0 0.584028 0 0.0402778 0
0 0.584028 0 0.0402778 0
0 0.584028 0 0.0402778 0
0 0.584028 0 0.0402778 0
0 0.584028 0 0.0402778 0
0 0.584028 0 0.0402778 0
0 0.584028 0 0.0402778 0
0 0.584028 0 0.0402778 0
0 0.584028 0 0.0402778 0
0 0.584028 0 0.0402778 0
0 0.584028 0 0.0402778 0
0 0.584028 0 0.0402778 0
0 0.584028 0 0.0402778 0
0 0.584028 0 0.0402778 0
0 0.584028 0 0.0402778 0
0 0.584028 0 0.0402778 0
0 0.584028 0 0.0402778 0
0 0.584028 0 0.0402778 0
0 0.584028 0 0.0402778 0
0 0.584028 0 0.0402778 0
0 0.584028 0 0.0402778 0
0 0.584028 0 0.0402778 0
0 0.584028 0 0.0402778 0
0 0.584028 0 0.0402778 0
0 0.584028 0 0.0402778 0
0 0.584028 0 0.0402778 0
0 0.584028 0 0.0402778 0
0 0.584028 0 0.0402778 0
0 0.584028 0 0.0402778 0
0 0.584028 0 0.0402778 0
0 0.584028 0 0.0402778 0
0 0.584028 0 0.0402778 0
0 0.584028 0 0.0402778 0
0 0.584028 0 0.0402778 0
0 0.584028 0 0.0402778 0
0 0.584028 0 0.0402778 0
0 0.584028 0 0.0402778 0
0 0.584028 0 0.0402778 0
0 0.584028 0 0.0402778 0
0 0.584028 0 0.0402778 0
0 0.584028 0 0.0402778 0
0 0.584028 0 0.0402778 0
0 0.584028 0 0.0402778 0
0 0.584028 0 0.0402778 0
0 0.584028 0 0.0402778 0
0 0.584028 0 0.0402778 0
0 0.584028 0 0.0402778 0
0 0.584028 0 0.0402778 0
0 0.584028 0 0.0402778 0
0 0.584028 0 0.0402778 0
0 0.584028 0 0.0402778 0
0 0.584028 0 0.0402778 0
0 0.584028 0 0.0402778 0
0 0.584028 0 0.0402778 0
0 0.584028 0 0.0402778 0
0 0.584028 0 0.0402778 0
0 0.584028 0 0.0402778 0
0 0.584028 0 0.0402778 0
0 0.584028 0 0.0402778 0
0 0.584028 0 0.0402778 0
0 0.584028 0 0.0402778 0
0 0.584028 0 0.0402778 0
0 0.584028 0 0.0402778 0
0 0.584028 0 0.0402778 0
0 0.584028 0 0.0402778 0
0 0.584028 0 0.0402778 0
0 0.584028 0 0.0402778 0
0 0.584028 0 0.0402778 0
0 0.584028 0 0.0402778 0
0 0.584028 0 0.0402778 0
0 0.584028 0 0.0402778 0
0 0.584028 0 0.0402778 0
0 0.584028 0 0.0402778 0
0 0.584028 0 0.0402778 0
0 0.584028 0 0.0402778 0
0 0.584028 0 0.0402778 0
0 0.584028 0 0.0402778 0
0 0.584028 0 0.0402778 0
0 0.584028 0 0.0402778 0
0 0.584028 0 0.0402778 0
0 0.584028 0 0.0402778 0
0 0.584028 0 0.0402778 0
0 0.584028 0 0.0402778 0
0 0.584028 0 0.0402778 0
0 0.584028 0 0.0402778 0
0 0.584028 0 0.0402778 0
0 0.584028 0 0.0402778 0
0 0.584028 0 0.0402778 0
0 0.584028 0 0.0402778 0
0 0.584028 0 0.0402778 0
0 0.584028 0 0.0402778 0
0 0.584028 0 0.0402778 0
0 0.584028 0 0.0402778 0
0 0.584028 0 0.0402778 0
0 0.584028 0 0.0402778 0
0 0.584028 0 0.0402778 0
0 0.584028 0 0.0402778 0
0 0.584028 0 0.0402778 0
0 0.584028 0 0.0402778 0
0 0.584028 0 0.0402778 0
0 0.584028 0 0.0402778 0
0 0.584028 0 0.0402778 0
0 0.584028 0 0.0402778 0
0 0.584028 0 0.0402778 0
0 0.584028 0 0.0402778 0
0 0.584028 0 0.0402778 0
0 0.584028 0 0.0402778 0
0 0.584028 0 0.0402778 0
0 0.584028 0 0.0402778 0
0 0.584028 0 0.0402778 0
0 0.584028 0 0.0402778 0
0 0.584028 0 0.0402778 0
0 0.584028 0 0.0402778 0
0 0.584028 0 0.0402778 0
0 0.584028 0 0.0402778 0
0 0.584028 0 0.0402778 0
0 0.584028 0 0.0402778 0
0 0.584028 0 0.0402778 0
0 0.584028 0 0.0402778 0
0 0.584028 0 0.0402778 0
0 0.584028 0 0.0402778 0
0 0.584028 0 0.0402778 0
0 0.584028 0 0.0402778 0
0 0.584028 0 0.0402778 0
0 0.584028 0 0.0402778 0
0 0.584028 0 0.0402778 0
0 0.584028 0 0.0402778 0
0 0.584028 0 0.0402778 0
0 0.584028 0 0.0402778 0
0 0.584028 0 0.0402778 0
0 0.584028 0 0.0402778 0
0 0.584028 0 0.0402778 0
0 0.584028 0 0.0402778 0
0 0.584028 0 0.0402778 0
0 0.584028 0 0.0402778 0
0 0.584028 0 0.0402778 0
0 0.584028 0 0.0402778 0
0 0.584028 0 0.0402778 0
0 0.584028 0 0.0402778 0
0 0.584028 0 0.0402778 0
0 0.584028 0 0.0402778 0
0 0.584028 0 0.0402778 0
0 0.584028 0 0.0402778 0
0 0.584028 0 0.0402778 0
0 0.584028 0 0.0402778 0
0 0.584028 0 0.0402778 0
0 0.584028 0 0.0402778 0
0 0.584028 0 0.0402778 0
0 0.584028 0 0.0402778 0
0 0.584028 0 0.0402778 0
0 0.584028 0 0.0402778 0
0 0.584028 0 0.0402778 0
0 0.584028 0 0.0402778 0
0 0.584028 0 0.0402778 0
0 0.584028 0 0.0402778 0
0 0.584028 0 0.0402778 0
0 0.584028 0 0.0402778 0
0 0.584028 0 0.0402778 0
0 0.584028 0 0.0402778 0
0 0.584028 0 0.0402778 0
0 0.584028 0 0.0402778 0
0 0.584028 0 0.0402778 0
0 0.584028 0 0.0402778 0
0 0.584028 0 0.0402778 0
0 0.584028 0 0.0402778 0
0 0.584028 0 0.0402778 0
0 0.584028 0 0.0402778 0
0 0.584028 0 0.0402778 0
0 0.584028 0 0.0402778 0
0 0.584028 0 0.0402778 0
0 0.584028 0 0.0402778 0
0 0.584028 0 0.0402778 0
0 0.584028 0 0.0402778 0
0 0.584028 0 0.0402778 0
0 0.584028 0 0.0402778 0
0 0.584028 0 0.0402778 0
0 0.584028 0 0.0402778 0
0 0.584028 0 0.0402778 0
0 0.584028 0 0.0402778 0
0 0.584028 0 0.0402778 0
0 0.584028 0 0.0402778 0
0 0.584028 0 0.0402778 0
0 0.584028 0 0.0402778 0
0 0.584028 0 0.0402778 0
0 0.584028 0 0.0402778 0
0 0.584028 0 0.0402778 0
0 0.584028 0 0.0402778 0
0 0.584028 0 0.0402778 0
0 0.584028 0 0.0402778 0
0 0.584028 0 0.0402778 0
0 0.584028 0 0.0402778 0
0 0.584028 0 0.0402778 0
0 0.584028 0 0.0402778 0
0 0.584028 0 0.0402778 0
0 0.584028 0 0.0402778 0
0 0.584028 0 0.0402778 0
0 0.584028 0 0.0402778 0
0 0.584028 0 0.0402778 0
0 0.584028 0 0.0402778 0
0 0.584028 0 0.0402778 0
0 0.584028 0 0.0402778 0
0 0.584028 0 0.0402778 0
0 0.584028 0 0.0402778 0
0 0.584028 0 0.0402778 0
0 0.584028 0 0.0402778 0
0 0.584028 0 0.0402778 0
0 0.584028 0 0.0402778 0
0 0.584028 0 0.0402778 0
0 0.584028 0 0.0402778 0
0 0.584028 0 0.0402778 0
0 0.584028 0 0.0402778 0
0 0.584028 0 0.0402778 0
0 0.584028 0 0.0402778 0
0 0.584028 0 0.0402778 0
0 0.584028 0 0.0402778 0
0 0.584028 0 0.0402778 0
0 0.584028 0 0.0402778 0
0 0.584028 0 0.0402778 0
0 0.584028 0 0.0402778 0
0 0.584028 0 0.0402778 0
0 0.584028 0 0.0402778 0
0 0.584028 0 0.0402778 0
0 0.584028 0 0.0402778 0
0 0.584028 0 0.0402778 0
0 0.584028 0 0.0402778 0
0 0.584028 0 0.0402778 0
0 0.584028 0 0.0402778 0
0 0.584028 0 0.0402778 0
0 0.584028 0 0.0402778 0
0 0.584028 0 0.0402778 0
0 0.584028 0 0.0402778 0
0 0.584028 0 0.0402778 0
0 0.584028 0 0.0402778 0
0 0.584028 0 0.0402778 0
0 0.584028 0 0.0402778 0
0 0.584028 0 0.0402778 0
0 0.584028 0 0.0402778 0
0 0.584028 0 0.0402778 0
0 0.584028 0 0.0402778 0
0 0.584028 0 0.0402778 0
0 0.584028 0 0.0402778 0
0 0.584028 0 0.0402778 0
0 0.584028 0 0.0402778 0
0 0.584028 0 0.0402778 0
0 0.584028 0 0.0402778 0
0 0.584028 0 0.0402778 0
0 0.584028 0 0.0402778 0
0 0.584028 0 0.0402778 0
0 0.584028 0 0.0402778 0
0 0.584028 0 0.0402778 0
0 0.584028 0 0.0402778 0
0 0.584028 0 0.0402778 0
0 0.584028 0 0.0402778 0
0 0.584028 0 0.0402778 0
0 0.584028 0 0.0402778 0
0 0.584028 0 0.0402778 0
0 0.584028 0 0.0402778 0
0 0.584028 0 0.0402778 0
0 0.584028 0 0.0402778 0
0 0.584028 0 0.0402778 0
0 0.584028 0 0.0402778 0
0 0.584028 0 0.0402778 0
0 0.584028 0 0.0402778 0
0 0.584028 0 0.0402778 0
0 0.584028 0 0.0402778 0
0 0.584028 0 0.0402778 0
0 0.584028 0 0.0402778 0
0 0.584028 0 0.0402778 0
0 0.584028 0 0.0402778 0
0 0.584028 0 0.0402778 0
0 0.584028 0 0.0402778 0
0 0.584028 0 0.0402778 0
0 0.584028 0 0.0402778 0
0 0.584028 0 0.0402778 0
0 0.584028 0 0.0402778 0
0 0.584028 0 0.0402778 0
0 0.584028 0 0.0402778 0
0 0.584028 0 0.0402778 0
0 0.584028 0 0.0402778 0
0 0.584028 0 0.0402778 0
0 0.584028 0 0.0402778 0
0 0.584028 0 0.0402778 0
0 0.584028 0 0.0402778 0
0 0.584028 0 0.0402778 0
0 0.584028 0 0.0402778 0
0 0.584028 0 0.0402778 0
0 0.584028 0 0.0402778 0
0 0.584028 0 0.0402778 0
0 0.584028 0 0.0402778 0
0 0.584028 0 0.0402778 0
0 0.584028 0 0.0402778 0
0 0.584028 0 0.0402778 0
0 0.584028 0 0.0402778 0
0 0.584028 0 0.0402778 0
0 0.584028 0 0.0402778 0
0 0.584028 0 0.0402778 0
0 0.584028 0 0.0402778 0
0 0.584028 0 0.0402778 0
0 0.584028 0 0.0402778 0
0 0.584028 0 0.0402778 0
0 0.584028 0 0.0402778 0
0 0.584028 0 0.0402778 0
0 0.584028 0 0.0402778 0
0 0.584028 0 0.0402778 0
0 0.584028 0 0.0402778 0
0 0.584028 0 0.0402778 0
0 0.584028 0 0.0402778 0
0 0.584028 0 0.0402778 0
0 0.584028 0 0.0402778 0
0 0.584028 0 0.0402778 0
0 0.584028 0 0.0402778 0
0 0.584028 0 0.0402778 0
0 0.584028 0 0.0402778 0
0 0.584028 0 0.0402778 0
0 0.584028 0 0.0402778 0
0 0.584028 0 0.0402778 0
0 0.584028 0 0.0402778 0
0 0.584028 0 0.0402778 0
0 0.584028 0 0.0402778 0
0 0.584028 0 0.0402778 0
0 0.584028 0 0.0402778 0
0 0.584028 0 0.0402778 0
0 0.584028 0 0.0402778 0
0 0.584028 0 0.0402778 0
0 0.584028 0 0.0402778 0
0 0.584028 0 0.0402778 0
0 0.584028 0 0.0402778 0
0 0.584028 0 0.0402778 0
0 0.584028 0 0.0402778 0
0 0.584028 0 0.0402778 0
0 0.584028 0 0.0402778 0
0 0.584028 0 0.0402778 0
0 0.584028 0 0.0402778 0
0 0.584028 0 0.0402778 0
0 0.584028 0 0.0402778 0
0 0.584028 0 0.0402778 0
0 0.584028 0 0.0402778 0
0 0.584028 0 0.0402778 0
0 0.584028 0 0.0402778 0
0 0.584028 0 0.0402778 0
0 0.584028 0 0.0402778 0
0 0.584028 0 0.0402778 0
0 0.584028 0 0.0402778 0
0 0.584028 0 0.0402778 0
0 0.584028 0 0.0402778 0
0 0.584028 0 0.0402778 0
0 0.584028 0 0.0402778 0
0 0.584028 0 0.0402778 0
0 0.584028 0 0.0402778 0
0 0.584028 0 0.0402778 0
0 0.584028 0 0.0402778 0
0 0.584028 0 0.0402778 0
0 0.584028 0 0.0402778 0
0 0.584028 0 0.0402778 0
0 0.584028 0 0.0402778 0
0 0.584028 0 0.0402778 0
0 0.584028 0 0.0402778 0
0 0.584028 0 0.0402778 0
0 0.584028 0 0.0402778 0
0 0.584028 0 0.0402778 0
0 0.584028 0 0.0402778 0
0 0.584028 0 0.0402778 0
0 0.584028 0 0.0402778 0
0 0.584028 0 0.0402778 0
0 0.584028 0 0.0402778 0
0 0.584028 0 0.0402778 0
0 0.584028 0 0.0402778 0
0 0.584028 0 0.0402778 0
0 0.584028 0 0.0402778 0
0 0.584028 0 0.0402778 0
0 0.584028 0 0.0402778 0
0 0.584028 0 0.0402778 0
0 0.584028 0 0.0402778 0
0 0.584028 0 0.0402778 0
0 0.584028 0 0.0402778 0
0 0.584028 0 0.0402778 0
0 0.584028 0 0.0402778 0
0 0.584028 0 0.0402778 0
0 0.584028 0 0.0402778 0
0 0.584028 0 0.0402778 0
0 0.584028 0 0.0402778 0
0 0.584028 0 0.0402778 0
0 0.584028 0 0.0402778 0
0 0.584028 0 0.0402778 0
0 0.584028 0 0.0402778 0
0 0.584028 0 0.0402778 0
0 0.584028 0 0.0402778 0
0 0.584028 0 0.0402778 0
0 0.584028 0 0.0402778 0
0 0.584028 0 0.0402778 0
0 0.584028 0 0.0402778 0
0 0.584028 0 0.0402778 0
0 0.584028 0 0.0402778 0
0 0.584028 0 0.0402778 0
0 0.584028 0 0.0402778 0
0 0.584028 0 0.0402778 0
0 0.584028 0 0.0402778 0
0 0.584028 0 0.0402778 0
0 0.584028 0 0.0402778 0
0 0.584028 0 0.0402778 0
0 0.584028 0 0.0402778 0
0 0.584028 0 0.0402778 0
0 0.584028 0 0.0402778 0
0 0.584028 0 0.0402778 0
0 0.584028 0 0.0402778 0
0 0.584028 0 0.0402778 0
0 0.584028 0 0.0402778 0
0 0.584028 0 0.0402778 0
0 0.584028 0 0.0402778 0
0 0.584028 0 0.0402778 0
0 0.584028 0 0.0402778 0
0 0.584028 0 0.0402778 0
0 0.584028 0 0.0402778 0
0 0.584028 0 0.0402778 0
0 0.584028 0 0.0402778 0
0 0.584028 0 0.0402778 0
0 0.584028 0 0.0402778 0
0 0.584028 0 0.0402778 0
0 0.584028 0 0.0402778 0
0 0.584028 0 0.0402778 0
0 0.584028 0 0.0402778 0
0 0.584028 0 0.0402778 0
0 0.584028 0 0.0402778 0
0 0.584028 0 0.0402778 0
0 0.584028 0 0.0402778 0
0 0.584028 0 0.0402778 0
0 0.584028 0 0.0402778 0
0 0.584028 0 0.0402778 0
0 0.584028 0 0.0402778 0
0 0.584028 0 0.0402778 0
0 0.584028 0 0.0402778 0
0 0.584028 0 0.0402778 0
0 0.584028 0 0.0402778 0
0 0.584028 0 0.0402778 0
0 0.584028 0 0.0402778 0
0 0.584028 0 0.0402778 0
0 0.584028 0 0.0402778 0
0 0.584028 0 0.0402778 0
0 0.584028 0 0.0402778 0
0 0.584028 0 0.0402778 0
0 0.584028 0 0.0402778 0
0 0.584028 0 0.0402778 0
0 0.584028 0 0.0402778 0
0 0.584028 0 0.0402778 0
0 0.584028 0 0.0402778 0
0 0.584028 0 0.0402778 0
0 0.584028 0 0.0402778 0
0 0.584028 0 0.0402778 0
0 0.584028 0 0.0402778 0
0 0.584028 0 0.0402778 0
0 0.584028 0 0.0402778 0
0 0.584028 0 0.0402778 0
0 0.584028 0 0.0402778 0
0 0.584028 0 0.0402778 0
0 0.584028 0 0.0402778 0
0 0.584028 0 0.0402778 0
0 0.584028 0 0.0402778 0
0 0.584028 0 0.0402778 0
0 0.584028 0 0.0402778 0
0 0.584028 0 0.0402778 0
0 0.584028 0 0.0402778 0
0 0.584028 0 0.0402778 0
0 0.584028 0 0.0402778 0
0 0.584028 0 0.0402778 0
0 0.584028 0 0.0402778 0
0 0.584028 0 0.0402778 0
0 0.584028 0 0.0402778 0
0 0.584028 0 0.0402778 0
0 0.584028 0 0.0402778 0
0 0.584028 0 0.0402778 0
0 0.584028 0 0.0402778 0
0 0.584028 0 0.0402778 0
0 0.584028 0 0.0402778 0
0 0.584028 0 0.0402778 0
0 0.584028 0 0.0402778 0
0 0.584028 0 0.0402778 0
0 0.584028 0 0.0402778 0
0 0.584028 0 0.0402778 0
0 0.584028 0 0.0402778 0
0 0.584028 0 0.0402778 0
0 0.584028 0 0.0402778 0
0 0.584028 0 0.0402778 0
0 0.584028 0 0.0402778 0
0 0.584028 0 0.0402778 0
0 0.584028 0 0.0402778 0
0 0.584028 0 0.0402778 0
0 0.584028 0 0.0402778 0
0 0.584028 0 0.0402778 0
0 0.584028 0 0.0402778 0
0 0.584028 0 0.0402778 0
0 0.584028 0 0.0402778 0
0 0.584028 0 0.0402778 0
0 0.584028 0 0.0402778 0
0 0.584028 0 0.0402778 0
0 0.584028 0 0.0402778 0
0 0.584028 0 0.0402778 0
0 0.584028 0 0.0402778 0
0 0.584028 0 0.0402778 0
0 0.584028 0 0.0402778 0
0 0.584028 0 0.0402778 0
0 0.584028 0 0.0402778 0
0 0.584028 0 0.0402778 0
0 0.584028 0 0.0402778 0
0 0.584028 0 0.0402778 0
0 0.584028 0 0.0402778 0
0 0.584028 0 0.0402778 0
0 0.584028 0 0.0402778 0
0 0.584028 0 0.0402778 0
0 0.584028 0 0.0402778 0
0 0.584028 0 0.0402778 0
0 0.584028 0 0.0402778 0
0 0.584028 0 0.0402778 0
0 0.584028 0 0.0402778 0
0 0.584028 0 0.0402778 0
0 0.584028 0 0.0402778 0
0 0.584028 0 0.0402778 0
0 0.584028 0 0.0402778 0
0 0.584028 0 0.0402778 0
0 0.584028 0 0.0402778 0
0 0.584028 0 0.0402778 0
0 0.584028 0 0.0402778 0
0 0.584028 0 0.0402778 0
0 0.584028 0 0.0402778 0
0 0.584028 0 0.0402778 0
0 0.584028 0 0.0402778 0
0 0.584028 0 0.0402778 0
0 0.584028 0 0.0402778 0
0 0.584028 0 0.0402778 0
0 0.584028 0 0.0402778 0
0 0.584028 0 0.0402778 0
0 0.584028 0 0.0402778 0
0 0.584028 0 0.0402778 0
0 0.584028 0 0.0402778 0
0 0.584028 0 0.0402778 0
0 0.584028 0 0.0402778 0
0 0.584028 0 0.0402778 0
0 0.584028 0 0.0402778 0
0 0.584028 0 0.0402778 0
0 0.584028 0 0.0402778 0
0 0.584028 0 0.0402778 0
0 0.584028 0 0.0402778 0
0 0.584028 0 0.0402778 0
0 0.584028 0 0.0402778 0
0 0.584028 0 0.0402778 0
0 0.584028 0 0.0402778 0
0 0.584028 0 0.0402778 0
0 0.584028 0 0.0402778 0
0 0.584028 0 0.0402778 0
0 0.584028 0 0.0402778 0
0 0.584028 0 0.0402778 0
0 0.584028 0 0.0402778 0
0 0.584028 0 0.0402778 0
0 0.584028 0 0.0402778 0
0 0.584028 0 0.0402778 0
0 0.584028 0 0.0402778 0
0 0.584028 0 0.0402778 0
0 0.584028 0 0.0402778 0
0 0.584028 0 0.0402778 0
0 0.584028 0 0.0402778 0
0 0.584028 0 0.0402778 0
0 0.584028 0 0.0402778 0
0 0.584028 0 0.0402778 0
0 0.584028 0 0.0402778 0
0 0.584028 0 0.0402778 0
0 0.584028 0 0.0402778 0
0 0.584028 0 0.0402778 0
0 0.584028 0 0.0402778 0
0 0.584028 0 0.0402778 0
0 0.584028 0 0.0402778 0
0 0.584028 0 0.0402778 0
0 0.584028 0 0.0402778 0
0 0.584028 0 0.0402778 0
0 0.584028 0 0.0402778 0
0 0.584028 0 0.0402778 0
0 0.584028 0 0.0402778 0
0 0.584028 0 0.0402778 0
0 0.584028 0 0.0402778 0
0 0.584028 0 0.0402778 0
0 0.584028 0 0.0402778 0
0 0.584028 0 0.0402778 0
0 0.584028 0 0.0402778 0
0 0.584028 0 0.0402778 0
0 0.584028 0 0.0402778 0
0 0.584028 0 0.0402778 0
0 0.584028 0 0.0402778 0
0 0.584028 0 0.0402778 0
0 0.584028 0 0.0402778 0
0 0.584028 0 0.0402778 0
0 0.584028 0 0.0402778 0
0 0.584028 0 0.0402778 0
0 0.584028 0 0.0402778 0
0 0.584028 0 0.0402778 0
0 0.584028 0 0.0402778 0
0 0.584028 0 0.0402778 0
0 0.584028 0 0.0402778 0
0 0.584028 0 0.0402778 0
0 0.584028 0 0.0402778 0
0 0.584028 0 0.0402778 0
0 0.584028 0 0.0402778 0
0 0.584028 0 0.0402778 0
0 0.584028 0 0.0402778 0
0 0.584028 0 0.0402778 0
0 0.584028 0 0.0402778 0
0 0.584028 0 0.0402778 0
0 0.584028 0 0.0402778 0
0 0.584028 0 0.0402778 0
0 0.584028 0 0.0402778 0
0 0.584028 0 0.0402778 0
0 0.584028 0 0.0402778 0
0 0.584028 0 0.0402778 0
0 0.584028 0 0.0402778 0
0 0.584028 0 0.0402778 0
0 0.584028 0 0.0402778 0
0 0.584028 0 0.0402778 0
0 0.584028 0 0.0402778 0
0 0.584028 0 0.0402778 0
0 0.584028 0 0.0402778 0
0 0.584028 0 0.0402778 0
0 0.584028 0 0.0402778 0
0 0.584028 0 0.0402778 0
0 0.584028 0 0.0402778 0
0 0.584028 0 0.0402778 0
0 0.584028 0 0.0402778 0
0 0.584028 0 0.0402778 0
0 0.584028 0 0.0402778 0
0 0.584028 0 0.0402778 0
0 0.584028 0 0.0402778 0
0 0.584028 0 0.0402778 0
0 0.584028 0 0.0402778 0
0 0.584028 0 0.0402778 0
0 0.584028 0 0.0402778 0
0 0.584028 0 0.0402778 0
0 0.584028 0 0.0402778 0
0 0.584028 0 0.0402778 0
0 0.584028 0 0.0402778 0
0 0.584028 0 0.0402778 0
0 0.584028 0 0.0402778 0
0 0.584028 0 0.0402778 0
0 0.584028 0 0.0402778 0
0 0.584028 0 0.0402778 0
0 0.584028 0 0.0402778 0
0 0.584028 0 0.0402778 0
0 0.584028 0 0.0402778 0
0 0.584028 0 0.0402778 0
0 0.584028 0 0.0402778 0
0 0.584028 0 0.0402778 0
0 0.584028 0 0.0402778 0
0 0.584028 0 0.0402778 0
0 0.584028 0 0.0402778 0
0 0.584028 0 0.0402778 0
0 0.584028 0 0.0402778 0
0 0.584028 0 0.0402778 0
0 0.584028 0 0.0402778 0
0 0.584028 0 0.0402778 0
0 0.584028 0 0.0402778 0
0 0.584028 0 0.0402778 0
0 0.584028 0 0.0402778 0
0 0.584028 0 0.0402778 0
0 0.584028 0 0.0402778 0
0 0.584028 0 0.0402778 0
0 0.584028 0 0.0402778 0
0 0.584028 0 0.0402778 0
0 0.584028 0 0.0402778 0
0 0.584028 0 0.0402778 0
0 0.584028 0 0.0402778 0
0 0.584028 0 0.0402778 0
0 0.584028 0 0.0402778 0
0 0.584028 0 0.0402778 0
0 0.584028 0 0.0402778 0
0 0.584028 0 0.0402778 0
0 0.584028 0 0.0402778 0
0 0.584028 0 0.0402778 0
0 0.584028 0 0.0402778 0
0 0.584028 0 0.0402778 0
0 0.584028 0 0.0402778 0
0 0.584028 0 0.0402778 0
0 0.584028 0 0.0402778 0
0 0.584028 0 0.0402778 0
0 0.584028 0 0.0402778 0
0 0.584028 0 0.0402778 0
0 0.584028 0 0.0402778 0
0 0.584028 0 0.0402778 0
0 0.584028 0 0.0402778 0
0 0.584028 0 0.0402778 0
0 0.584028 0 0.0402778 0
0 0.584028 0 0.0402778 0
0 0.584028 0 0.0402778 0
0 0.584028 0 0.0402778 0
0 0.584028 0 0.0402778 0
0 0.584028 0 0.0402778 0
0 0.584028 0 0.0402778 0
0 0.584028 0 0.0402778 0
0 0.584028 0 0.0402778 0
0 0.584028 0 0.0402778 0
0 0.584028 0 0.0402778 0
0 0.584028 0 0.0402778 0
0 0.584028 0 0.0402778 0
0 0.584028 0 0.0402778 0
0 0.584028 0 0.0402778 0
0 0.584028 0 0.0402778 0
0 0.584028 0 0.0402778 0
0 0.584028 0 0.0402778 0
0 0.584028 0 0.0402778 0
0 0.584028 0 0.0402778 0
0 0.584028 0 0.0402778 0
0 0.584028 0 0.0402778 0
0 0.584028 0 0.0402778 0
0 0.584028 0 0.0402778 0
0 0.584028 0 0.0402778 0
0 0.584028 0 0.0402778 0
0 0.584028 0 0.0402778 0
0 0.584028 0 0.0402778 0
0 0.584028 0 0.0402778 0
0 0.584028 0 0.0402778 0
0 0.584028 0 0.0402778 0
0 0.584028 0 0.0402778 0
0 0.584028 0 0.0402778 0
0 0.584028 0 0.0402778 0
0 0.584028 0 0.0402778 0
0 0.584028 0 0.0402778 0
0 0.584028 0 0.0402778 0
0 0.584028 0 0.0402778 0
0 0.584028 0 0.0402778 0
0 0.584028 0 0.0402778 0
0 0.584028 0 0.0402778 0
0 0.584028 0 0.0402778 0
0 0.584028 0 0.0402778 0
0 0.584028 0 0.0402778 0
0 0.584028 0 0.0402778 0
0 0.584028 0 0.0402778 0
0 0.584028 0 0.0402778 0
0 0.584028 0 0.0402778 0
0 0.584028 0 0.0402778 0
0 0.584028 0 0.0402778 0
0 0.584028 0 0.0402778 0
0 0.584028 0 0.0402778 0
0 0.584028 0 0.0402778 0
0 0.584028 0 0.0402778 0
0 0.584028 0 0.0402778 0
0 0.584028 0 0.0402778 0
0 0.584028 0 0.0402778 0
0 0.584028 0 0.0402778 0
0 0.584028 0 0.0402778 0
0 0.584028 0 0.0402778 0
0 0.584028 0 0.0402778 0
0 0.584028 0 0.0402778 0
0 0.584028 0 0.0402778 0
0 0.584028 0 0.0402778 0
0 0.584028 0 0.0402778 0
0 0.584028 0 0.0402778 0
0 0.584028 0 0.0402778 0
0 0.584028 0 0.0402778 0
0 0.584028 0 0.0402778 0
0 0.584028 0 0.0402778 0
0 0.584028 0 0.0402778 0
0 0.584028 0 0.0402778 0
0 0.584028 0 0.0402778 0
0 0.584028 0 0.0402778 0
0 0.584028 0 0.0402778 0
0 0.584028 0 0.0402778 0
0 0.584028 0 0.0402778 0
0 0.584028 0 0.0402778 0
0 0.584028 0 0.0402778 0
0 0.584028 0 0.0402778 0
0 0.584028 0 0.0402778 0
0 0.584028 0 0.0402778 0
0 0.584028 0 0.0402778 0
0 0.584028 0 0.0402778 0
0 0.584028 0 0.0402778 0
0 0.584028 0 0.0402778 0
0 0.584028 0 0.0402778 0
0 0.584028 0 0.0402778 0
0 0.584028 0 0.0402778 0
0 0.584028 0 0.0402778 0
0 0.584028 0 0.0402778 0
0 0.584028 0 0.0402778 0
0 0.584028 0 0.0402778 0
0 0.584028 0 0.0402778 0
0 0.584028 0 0.0402778 0
0 0.584028 0 0.0402778 0
0 0.584028 0 0.0402778 0
0 0.584028 0 0.0402778 0
0 0.584028 0 0.0402778 0
0 0.584028 0 0.0402778 0
0 0.584028 0 0.0402778 0
0 0.584028 0 0.0402778 0
0 0.584028 0 0.0402778 0
0 0.584028 0 0.0402778 0
0 0.584028 0 0.0402778 0
0 0.584028 0 0.0402778 0
0 0.584028 0 0.0402778 0
0 0.584028 0 0.0402778 0
0 0.584028 0 0.0402778 0
0 0.584028 0 0.0402778 0
0 0.584028 0 0.0402778 0
0 0.584028 0 0.0402778 0
0 0.584028 0 0.0402778 0
0 0.584028 0 0.0402778 0
0 0.584028 0 0.0402778 0
0 0.584028 0 0.0402778 0
0 0.584028 0 0.0402778 0
0 0.584028 0 0.0402778 0
0 0.584028 0 0.0402778 0
0 0.584028 0 0.0402778 0
0 0.584028 0 0.0402778 0
0 0.584028 0 0.0402778 0
0 0.584028 0 0.0402778 0
0 0.584028 0 0.0402778 0
0 0.584028 0 0.0402778 0
0 0.584028 0 0.0402778 0
0 0.584028 0 0.0402778 0
0 0.584028 0 0.0402778 0
0 0.584028 0 0.0402778 0
0 0.584028 0 0.0402778 0
0 0.584028 0 0.0402778 0
0 0.584028 0 0.0402778 0
0 0.584028 0 0.0402778 0
0 0.584028 0 0.0402778 0
0 0.584028 0 0.0402778 0
0 0.584028 0 0.0402778 0
0 0.584028 0 0.0402778 0
0 0.584028 0 0.0402778 0
0 0.584028 0 0.0402778 0
0 0.584028 0 0.0402778 0
0 0.584028 0 0.0402778 0
0 0.584028 0 0.0402778 0
0 0.584028 0 0.0402778 0
0 0.584028 0 0.0402778 0
0 0.584028 0 0.0402778 0
0 0.584028 0 0.0402778 0
0 0.584028 0 0.0402778 0
0 0.584028 0 0.0402778 0
0 0.584028 0 0.0402778 0
0 0.584028 0 0.0402778 0
0 0.584028 0 0.0402778 0
0 0.584028 0 0.0402778 0
0 0.584028 0 0.0402778 0
0 0.584028 0 0.0402778 0
0 0.584028 0 0.0402778 0
0 0.584028 0 0.0402778 0
0 0.584028 0 0.0402778 0
0 0.584028 0 0.0402778 0
0 0.584028 0 0.0402778 0
0 0.584028 0 0.0402778 0
0 0.584028 0 0.0402778 0
0 0.584028 0 0.0402778 0
0 0.584028 0 0.0402778 0
0 0.584028 0 0.0402778 0
0 0.584028 0 0.0402778 0
0 0.584028 0 0.0402778 0
0 0.584028 0 0.0402778 0
0 0.584028 0 0.0402778 0
0 0.584028 0 0.0402778 0
0 0.584028 0 0.0402778 0
0 0.584028 0 0.0402778 0
0 0.584028 0 0.0402778 0
0 0.584028 0 0.0402778 0
0 0.584028 0 0.0402778 0
0 0.584028 0 0.0402778 0
0 0.584028 0 0.0402778 0
0 0.584028 0 0.0402778 0
0 0.584028 0 0.0402778 0
0 0.584028 0 0.0402778 0
0 0.584028 0 0.0402778 0
0 0.584028 0 0.0402778 0
0 0.584028 0 0.0402778 0
0 0.584028 0 0.0402778 0
0 0.584028 0 0.0402778 0
0 0.584028 0 0.0402778 0
0 0.584028 0 0.0402778 0
0 0.584028 0 0.0402778 0
0 0.584028 0 0.0402778 0
0 0.584028 0 0.0402778 0
0 0.584028 0 0.0402778 0
0 0.584028 0 0.0402778 0
0 0.584028 0 0.0402778 0
0 0.584028 0 0.0402778 0
0 0.584028 0 0.0402778 0
0 0.584028 0 0.0402778 0
0 0.584028 0 0.0402778 0
0 0.584028 0 0.0402778 0
0 0.584028 0 0.0402778 0
0 0.584028 0 0.0402778 0
0 0.584028 0 0.0402778 0
0 0.584028 0 0.0402778 0
0 0.584028 0 0.0402778 0
0 0.584028 0 0.0402778 0
0 0.584028 0 0.0402778 0
0 0.584028 0 0.0402778 0
0 0.584028 0 0.0402778 0
0 0.584028 0 0.0402778 0
0 0.584028 0 0.0402778 0
0 0.584028 0 0.0402778 0
0 0.584028 0 0.0402778 0
0 0.584028 0 0.0402778 0
0 0.584028 0 0.0402778 0
0 0.584028 0 0.0402778 0
0 0.584028 0 0.0402778 0
0 0.584028 0 0.0402778 0
0 0.584028 0 0.0402778 0
0 0.584028 0 0.0402778 0
0 0.584028 0 0.0402778 0
0 0.584028 0 0.0402778 0
0 0.584028 0 0.0402778 0
0 0.584028 0 0.0402778 0
0 0.584028 0 0.0402778 0
0 0.584028 0 0.0402778 0
0 0.584028 0 0.0402778 0
0 0.584028 0 0.0402778 0
0 0.584028 0 0.0402778 0
0 0.584028 0 0.0402778 0
0 0.584028 0 0.0402778 0
0 0.584028 0 0.0402778 0
0 0.584028 0 0.0402778 0
0 0.584028 0 0.0402778 0
0 0.584028 0 0.0402778 0
0 0.584028 0 0.0402778 0
0 0.584028 0 0.0402778 0
0 0.584028 0 0.0402778 0
0 0.584028 0 0.0402778 0
0 0.584028 0 0.0402778 0
0 0.584028 0 0.0402778 0
0 0.584028 0 0.0402778 0
0 0.584028 0 0.0402778 0
0 0.584028 0 0.0402778 0
0 0.584028 0 0.0402778 0
0 0.584028 0 0.0402778 0
0 0.584028 0 0.0402778 0
0 0.584028 0 0.0402778 0
0 0.584028 0 0.0402778 0
0 0.584028 0 0.0402778 0
0 0.584028 0 0.0402778 0
0 0.584028 0 0.0402778 0
0 0.584028 0 0.0402778 0
0 0.584028 0 0.0402778 0
0 0.584028 0 0.0402778 0
0 0.584028 0 0.0402778 0
0 0.584028 0 0.0402778 0
0 0.584028 0 0.0402778 0
0 0.584028 0 0.0402778 0
0 0.584028 0 0.0402778 0
0 0.584028 0 0.0402778 0
0 0.584028 0 0.0402778 0
0 0.584028 0 0.0402778 0
0 0.584028 0 0.0402778 0
0 0.584028 0 0.0402778 0
0 0.584028 0 0.0402778 0
0 0.584028 0 0.0402778 0
0 0.584028 0 0.0402778 0
0 0.584028 0 0.0402778 0
0 0.584028 0 0.0402778 0
0 0.584028 0 0.0402778 0
0 0.584028 0 0.0402778 0
0 0.584028 0 0.0402778 0
0 0.584028 0 0.0402778 0
0 0.584028 0 0.0402778 0
0 0.584028 0 0.0402778 0
0 0.584028 0 0.0402778 0
0 0.584028 0 0.0402778 0
0 0.584028 0 0.0402778 0
0 0.584028 0 0.0402778 0
0 0.584028 0 0.0402778 0
0 0.584028 0 0.0402778 0
0 0.584028 0 0.0402778 0
0 0.584028 0 0.0402778 0
0 0.584028 0 0.0402778 0
0 0.584028 0 0.0402778 0
0 0.584028 0 0.0402778 0
0 0.584028 0 0.0402778 0
0 0.584028 0 0.0402778 0
0 0.584028 0 0.0402778 0
0 0.584028 0 0.0402778 0
0 0.584028 0 0.0402778 0
0 0.584028 0 0.0402778 0
0 0.584028 0 0.0402778 0
0 0.584028 0 0.0402778 0
0 0.584028 0 0.0402778 0
0 0.584028 0 0.0402778 0
0 0.584028 0 0.0402778 0
0 0.584028 0 0.0402778 0
0 0.584028 0 0.0402778 0
0 0.584028 0 0.0402778 0
0 0.584028 0 0.0402778 0
0 0.584028 0 0.0402778 0
0 0.584028 0 0.0402778 0
0 0.584028 0 0.0402778 0
0 0.584028 0 0.0402778 0
0 0.584028 0 0.0402778 0
