0 0.434028 1 0.0291667 0
0 0.434028 1 0.0291667 0
0 0.434028 1 0.0291667 0
0 0.434028 1 0.0291667 0
0 0.434028 1 0.0291667 0
0 0.434028 1 0.0291667 0
0 0.434028 1 0.0291667 0
0 0.434028 1 0.0291667 0
0 0.434028 1 0.0291667 0
0 0.434028 1 0.0291667 0
0 0.434028 1 0.0291667 0
0 0.434028 1 0.0291667 0
0 0.434028 1 0.0291667 0
0 0.434028 1 0.0291667 0
0 0.434028 1 0.0291667 0
0 0.434028 1 0.0291667 0
0 0.434028 1 0.0291667 0
0 0.434028 1 0.0291667 0
0 0.434028 1 0.0291667 0
0 0.434028 1 0.0291667 0
0 0.434028 1 0.0291667 0
0 0.434028 1 0.0291667 0
0 0.434028 1 0.0291667 0
0 0.434028 1 0.0291667 0
0 0.434028 1 0.0291667 0
0 0.434028 1 0.0291667 0
0 0.434028 1 0.0291667 0
0 0.434028 1 0.0291667 0
0 0.434028 1 0.0291667 0
0 0.434028 1 0.0291667 0
0 0.434028 1 0.0291667 0
0 0.434028 1 0.0291667 0
0 0.434028 1 0.0291667 0
0 0.569444 0 0.0111111 0
0 0.434028 1 0.0291667 0
0 0.569444 0 0.0111111 0
0 0.434722 1 0.0305556 0
0 0.569444 0 0.0111111 0
0 0.435417 1 0.0319444 0
0 0.435417 1 0.0319444 0
0 0.435417 1 0.0291667 0
0 0.669444 0 0.0111111 0
0 0.502778 0 0.0333333 0
0 0.436111 1 0.0305556 0
0 0.569444 0 0.0138889 0
0 0.436806 1 0.0291667 0
0 0.438194 1 0.0291667 0
0 0.502778 0 0.0333333 0
0 0.570833 0 0.0111111 0
0 0.438889 1 0.0305556 0
0 0.440278 1 0.0305556 0
0 0.570833 0 0.0111111 0
0 0.440278 1 0.0305556 0
0 0.440972 1 0.0291667 0
0 0.572222 0 0.0111111 0
0 0.441667 1 0.0305556 0
0 0.442361 1 0.0291667 0
0 0.442361 1 0.0291667 0
0 0.572917 0 0.00972222 0
0 0.44375 1 0.0291667 0
0 0.444444 1 0.0277778 0
0 0.377083 0 0.0125 0
0 0.575 0 0.0111111 0
0 0.445139 1 0.0291667 0
0 0.445833 1 0.0305556 0
0 0.445833 1 0.0305556 0
0 0.445833 1 0.0305556 0
0 0.445833 1 0.0305556 0
0 0.445833 1 0.0305556 0
0 0.445833 1 0.0305556 0
0 0.445833 1 0.0305556 0
0 0.445833 1 0.0305556 0
0 0.445833 1 0.0305556 0
0 0.445833 1 0.0305556 0
0 0.445833 1 0.0305556 0
0 0.445833 1 0.0305556 0
0 0.445833 1 0.0305556 0
0 0.445833 1 0.0305556 0
0 0.377083 0 0.0125 0
0 0.575694 0 0.0125 0
0 0.447222 1 0.0305556 0
0 0.702083 0 0.0125 0
0 0.521528 0 0.0347222 0
0 0.461806 1 0.0236111 0
0 0.595139 0 0.0125 0
0 0.467361 1 0.0319444 0
0 0.381944 0 0.0138889 0
0 0.597917 0 0.0125 0
0 0.473611 1 0.0388889 0
0 0.476389 1 0.0388889 0
0 0.600694 0 0.0125 0
0 0.479167 1 0.0361111 0
0 0.713889 0 0.0111111 0
0 0.490972 1 0.0180556 0
0 0.602083 0 0.0125 0
0 0.4875 1 0.0361111 0
0 0.602778 0 0.0111111 0
0 0.493056 1 0.0166667 0
0 0.383333 0 0.0138889 0
0 0.49375 1 0.0236111 0
0 0.606944 0 0.0138889 0
0 0.493056 1 0.0277778 0
0 0.531944 0 0.0361111 0
0 0.606944 0 0.0138889 0
0 0.494444 1 0.0277778 0
0 0.609028 0 0.0125 0
0 0.498611 1 0.0277778 0
0 0.610417 0 0.0125 0
0 0.499306 1 0.0319444 0
0 0.501389 1 0.0333333 0
0 0.501389 1 0.0333333 0
0 0.613194 0 0.0125 0
0 0.502778 1 0.0361111 0
0 0.613889 0 0.0138889 0
0 0.503472 1 0.0375 0
0 0.615278 0 0.0138889 0
0 0.504861 1 0.0375 0
0 0.616667 0 0.0138889 0
0 0.506944 1 0.0416667 0
0 0.619444 0 0.0138889 0
0 0.511806 1 0.0513889 0
0 0.620139 0 0.0125 0
0 0.513889 1 0.0444444 0
0 0.388889 0 0.0138889 0
0 0.621528 0 0.0125 0
0 0.515972 1 0.0430556 0
0 0.544444 0 0.0361111 0
0 0.622917 0 0.0125 0
0 0.389583 0 0.0125 0
0 0.51875 1 0.0458333 0
0 0.545833 0 0.0361111 0
0 0.390278 0 0.0138889 0
0 0.625 0 0.0138889 0
0 0.521528 1 0.0486111 0
0 0.531944 1 0.05 0
0 0.390278 0 0.0138889 0
0 0.63125 0 0.0152778 0
0 0.534028 1 0.0513889 0
0 0.631944 0 0.0166667 0
0 0.390278 0 0.0138889 0
0 0.535417 1 0.0513889 0
0 0.758333 0 0.0138889 0
0 0.551389 0 0.0388889 0
0 0.390278 0 0.0138889 0
0 0.634028 0 0.0152778 0
0 0.538889 1 0.0611111 0
0 0.634028 0 0.0152778 0
0 0.553472 0 0.0430556 0
0 0.540278 1 0.0611111 0
0 0.388889 0 0.0166667 0
0 0.7625 0 0.0138889 0
0 0.636111 0 0.0166667 0
0 0.542361 1 0.0625 0
0 0.636806 0 0.0152778 0
0 0.388194 0 0.0152778 0
0 0.54375 1 0.0541667 0
0 0.388889 0 0.0138889 0
0 0.638194 0 0.0152778 0
0 0.545139 1 0.0569444 0
0 0.388194 0 0.0152778 0
0 0.638889 0 0.0138889 0
0 0.546528 1 0.0569444 0
0 0.639583 0 0.0152778 0
0 0.547222 1 0.0583333 0
0 0.640972 0 0.0152778 0
0 0.549306 1 0.0708333 0
0 0.642361 0 0.0152778 0
0 0.55 1 0.0611111 0
0 0.642361 0 0.0152778 0
0 0.550694 1 0.0652778 0
0 0.384722 0 0.0166667 0
0 0.775694 0 0.0152778 0
0 0.643056 0 0.0138889 0
0 0.550694 1 0.0625 0
0 0.384028 0 0.0152778 0
0 0.64375 0 0.0152778 0
0 0.551389 1 0.0638889 0
0 0.552778 1 0.0666667 0
0 0.644444 0 0.0166667 0
0 0.552083 1 0.0652778 0
0 0.382639 0 0.0152778 0
0 0.645139 0 0.0180556 0
0 0.552083 1 0.0680556 0
0 0.645833 0 0.0194444 0
0 0.382639 0 0.0152778 0
0 0.552083 1 0.0680556 0
0 0.78125 0 0.0152778 0
0 0.645833 0 0.0166667 0
0 0.552083 1 0.0708333 0
0 0.245833 0 0.0166667 0
0 0.78125 0 0.0152778 0
0 0.379861 0 0.0180556 0
0 0.645833 0 0.0166667 0
0 0.552083 1 0.0708333 0
0 0.379167 0 0.0166667 0
0 0.645833 0 0.0194444 0
0 0.781944 0 0.0166667 0
0 0.551389 1 0.0694444 0
0 0.379167 0 0.0166667 0
0 0.782639 0 0.0152778 0
0 0.645833 0 0.0166667 0
0 0.550694 1 0.0736111 0
0 0.783333 0 0.0166667 0
0 0.645833 0 0.0194444 0
0 0.378472 0 0.0152778 0
0 0.55 1 0.075 0
0 0.377778 0 0.0166667 0
0 0.783333 0 0.0166667 0
0 0.645833 0 0.0166667 0
0 0.548611 1 0.075 0
0 0.783333 0 0.0166667 0
0 0.645833 0 0.0166667 0
0 0.377778 0 0.0166667 0
0 0.547917 1 0.0763889 0
0 0.376389 0 0.0166667 0
0 0.645833 0 0.0166667 0
0 0.545833 1 0.0777778 0
0 0.375694 0 0.0152778 0
0 0.645833 0 0.0166667 0
0 0.545139 1 0.0791667 0
0 0.374306 0 0.0152778 0
0 0.645833 0 0.0166667 0
0 0.544444 1 0.0805556 0
0 0.373611 0 0.0194444 0
0 0.645833 0 0.0166667 0
0 0.543056 1 0.0805556 0
0 0.645833 0 0.0166667 0
0 0.541667 1 0.0805556 0
0 0.555556 0 0.0472222 0
0 0.372222 0 0.0166667 0
0 0.645139 0 0.0152778 0
0 0.539583 1 0.0819444 0
0 0.784028 0 0.0180556 0
0 0.372222 0 0.0166667 0
0 0.645139 0 0.0152778 0
0 0.538194 1 0.0819444 0
0 0.370833 0 0.0166667 0
0 0.645139 0 0.0152778 0
0 0.536111 1 0.0833333 0
0 0.370833 0 0.0166667 0
0 0.644444 0 0.0138889 0
0 0.535417 1 0.0847222 0
0 0.784028 0 0.0180556 0
0 0.370139 0 0.0152778 0
0 0.644444 0 0.0138889 0
0 0.533333 1 0.0833333 0
0 0.370139 0 0.0152778 0
0 0.64375 0 0.0152778 0
0 0.529167 1 0.0833333 0
0 0.369444 0 0.0166667 0
0 0.644444 0 0.0166667 0
0 0.528472 1 0.0819444 0
0 0.36875 0 0.0152778 0
0 0.64375 0 0.0152778 0
0 0.528472 1 0.0819444 0
0 0.553472 0 0.0486111 0
0 0.64375 0 0.0152778 0
0 0.527778 1 0.0833333 0
0 0.64375 0 0.0152778 0
0 0.527083 1 0.0819444 0
0 0.64375 0 0.0152778 0
0 0.526389 1 0.0805556 0
0 0.643056 0 0.0166667 0
0 0.526389 1 0.0777778 0
0 0.64375 0 0.0152778 0
0 0.526389 1 0.075 0
0 0.365278 0 0.0166667 0
0 0.643056 0 0.0166667 0
0 0.525 1 0.075 0
0 0.364583 0 0.0180556 0
0 0.643056 0 0.0166667 0
0 0.525 1 0.075 0
0 0.363889 0 0.0166667 0
0 0.64375 0 0.0152778 0
0 0.524306 1 0.0736111 0
0 0.363889 0 0.0166667 0
0 0.64375 0 0.0152778 0
0 0.523611 1 0.0694444 0
0 0.363889 0 0.0166667 0
0 0.64375 0 0.0152778 0
0 0.523611 1 0.0694444 0
0 0.363194 0 0.0180556 0
0 0.220139 0 0.0180556 0
0 0.643056 0 0.0166667 0
0 0.522222 1 0.0694444 0
0 0.363194 0 0.0180556 0
0 0.643056 0 0.0194444 0
0 0.522917 1 0.0652778 0
0 0.643056 0 0.0194444 0
0 0.521528 1 0.0708333 0
0 0.642361 0 0.0180556 0
0 0.522917 1 0.0680556 0
0 0.643056 0 0.0194444 0
0 0.522222 1 0.0694444 0
0 0.786806 0 0.0180556 0
0 0.643056 0 0.0194444 0
0 0.522222 1 0.0694444 0
0 0.361806 0 0.0180556 0
0 0.786806 0 0.0180556 0
0 0.643056 0 0.0194444 0
0 0.522222 1 0.0694444 0
0 0.361806 0 0.0180556 0
0 0.643056 0 0.0194444 0
0 0.522222 1 0.0694444 0
0 0.643056 0 0.0194444 0
0 0.522222 1 0.0694444 0
0 0.643056 0 0.0194444 0
0 0.522222 1 0.0694444 0
0 0.7875 0 0.0166667 0
0 0.643056 0 0.0194444 0
0 0.522222 1 0.0722222 0
0 0.361806 0 0.0180556 0
0 0.7875 0 0.0166667 0
0 0.643056 0 0.0194444 0
0 0.522917 1 0.0736111 0
0 0.3625 0 0.0194444 0
0 0.788194 0 0.0180556 0
0 0.643056 0 0.0194444 0
0 0.522222 1 0.0694444 0
0 0.788194 0 0.0180556 0
0 0.361806 0 0.0180556 0
0 0.643056 0 0.0194444 0
0 0.522222 1 0.0722222 0
0 0.361806 0 0.0180556 0
0 0.788194 0 0.0180556 0
0 0.643056 0 0.0194444 0
0 0.522222 1 0.0722222 0
0 0.3625 0 0.0194444 0
0 0.643056 0 0.0194444 0
0 0.523611 1 0.0722222 0
0 0.3625 0 0.0194444 0
0 0.643056 0 0.0194444 0
0 0.522917 1 0.0736111 0
0 0.3625 0 0.0194444 0
0 0.64375 0 0.0180556 0
0 0.524306 1 0.0763889 0
0 0.64375 0 0.0180556 0
0 0.524306 1 0.0763889 0
0 0.550694 0 0.0486111 0
0 0.644444 0 0.0194444 0
0 0.525694 1 0.0736111 0
0 0.789583 0 0.0180556 0
0 0.644444 0 0.0194444 0
0 0.527083 1 0.0736111 0
0 0.789583 0 0.0180556 0
0 0.3625 0 0.0166667 0
0 0.645139 0 0.0180556 0
0 0.526389 1 0.075 0
0 0.789583 0 0.0180556 0
0 0.645833 0 0.0194444 0
0 0.3625 0 0.0166667 0
0 0.526389 1 0.075 0
0 0.363194 0 0.0152778 0
0 0.645139 0 0.0180556 0
0 0.528472 1 0.0708333 0
0 0.789583 0 0.0180556 0
0 0.363889 0 0.0166667 0
0 0.645833 0 0.0166667 0
0 0.528472 1 0.0736111 0
0 0.363889 0 0.0166667 0
0 0.645833 0 0.0166667 0
0 0.529167 1 0.075 0
0 0.219444 0 0.0166667 0
0 0.790278 0 0.0194444 0
0 0.363889 0 0.0166667 0
0 0.645833 0 0.0194444 0
0 0.529167 1 0.075 0
0 0.363889 0 0.0166667 0
0 0.219444 0 0.0194444 0
0 0.645833 0 0.0166667 0
0 0.530556 1 0.075 0
0 0.220139 0 0.0180556 0
0 0.363889 0 0.0166667 0
0 0.646528 0 0.0180556 0
0 0.53125 1 0.0763889 0
0 0.220139 0 0.0180556 0
0 0.363889 0 0.0166667 0
0 0.646528 0 0.0180556 0
0 0.531944 1 0.075 0
0 0.645833 0 0.0194444 0
0 0.220139 0 0.0180556 0
0 0.532639 1 0.0763889 0
0 0.219444 0 0.0166667 0
0 0.363889 0 0.0166667 0
0 0.647222 0 0.0194444 0
0 0.533333 1 0.0777778 0
0 0.552778 0 0.05 0
0 0.220139 0 0.0180556 0
0 0.364583 0 0.0180556 0
0 0.646528 0 0.0180556 0
0 0.534722 1 0.0805556 0
0 0.365278 0 0.0166667 0
0 0.220139 0 0.0180556 0
0 0.647222 0 0.0166667 0
0 0.535417 1 0.0791667 0
0 0.468056 0 0.0305556 0
0 0.220139 0 0.0180556 0
0 0.365278 0 0.0166667 0
0 0.647222 0 0.0166667 0
0 0.536111 1 0.0805556 0
0 0.220833 0 0.0194444 0
0 0.365278 0 0.0166667 0
0 0.647222 0 0.0166667 0
0 0.536806 1 0.0819444 0
0 0.793056 0 0.0194444 0
0 0.220833 0 0.0194444 0
0 0.365278 0 0.0166667 0
0 0.647222 0 0.0166667 0
0 0.5375 1 0.0805556 0
0 0.220833 0 0.0194444 0
0 0.364583 0 0.0180556 0
0 0.647917 0 0.0180556 0
0 0.5375 1 0.0833333 0
0 0.364583 0 0.0180556 0
0 0.647917 0 0.0180556 0
0 0.538194 1 0.0847222 0
0 0.793056 0 0.0194444 0
0 0.647917 0 0.0180556 0
0 0.5375 1 0.0861111 0
0 0.365972 0 0.0180556 0
0 0.793056 0 0.0194444 0
0 0.647222 0 0.0166667 0
0 0.538194 1 0.0875 0
0 0.793056 0 0.0194444 0
0 0.365278 0 0.0166667 0
0 0.647917 0 0.0180556 0
0 0.538194 1 0.0875 0
0 0.793056 0 0.0194444 0
0 0.365278 0 0.0166667 0
0 0.647917 0 0.0180556 0
0 0.538889 1 0.0888889 0
0 0.365278 0 0.0166667 0
0 0.647917 0 0.0180556 0
0 0.539583 1 0.0875 0
0 0.793056 0 0.0194444 0
0 0.365972 0 0.0180556 0
0 0.648611 0 0.0166667 0
0 0.540278 1 0.0861111 0
0 0.365972 0 0.0180556 0
0 0.793056 0 0.0194444 0
0 0.648611 0 0.0166667 0
0 0.539583 1 0.0902778 0
0 0.793056 0 0.0194444 0
0 0.366667 0 0.0166667 0
0 0.649306 0 0.0180556 0
0 0.539583 1 0.0902778 0
0 0.366667 0 0.0166667 0
0 0.648611 0 0.0166667 0
0 0.540278 1 0.0888889 0
0 0.366667 0 0.0194444 0
0 0.288194 0 0.00694444 0
0 0.648611 0 0.0166667 0
0 0.540278 1 0.0888889 0
0 0.367361 0 0.0180556 0
0 0.649306 0 0.0180556 0
0 0.540278 1 0.0888889 0
0 0.365972 0 0.0180556 0
0 0.649306 0 0.0180556 0
0 0.540278 1 0.0888889 0
0 0.367361 0 0.0180556 0
0 0.648611 0 0.0166667 0
0 0.540278 1 0.0888889 0
0 0.367361 0 0.0180556 0
0 0.649306 0 0.0152778 0
0 0.540972 1 0.0902778 0
0 0.367361 0 0.0180556 0
0 0.649306 0 0.0152778 0
0 0.540278 1 0.0888889 0
0 0.79375 0 0.0180556 0
0 0.648611 0 0.0166667 0
0 0.540278 1 0.0888889 0
0 0.367361 0 0.0180556 0
0 0.649306 0 0.0152778 0
0 0.540278 1 0.0888889 0
0 0.648611 0 0.0166667 0
0 0.540278 1 0.0888889 0
0 0.649306 0 0.0180556 0
0 0.540278 1 0.0888889 0
0 0.79375 0 0.0180556 0
0 0.366667 0 0.0194444 0
0 0.649306 0 0.0180556 0
0 0.540278 1 0.0888889 0
0 0.79375 0 0.0180556 0
0 0.649306 0 0.0180556 0
0 0.539583 1 0.0875 0
0 0.79375 0 0.0180556 0
0 0.367361 0 0.0180556 0
0 0.648611 0 0.0166667 0
0 0.539583 1 0.0875 0
0 0.367361 0 0.0180556 0
0 0.649306 0 0.0180556 0
0 0.793056 0 0.0166667 0
0 0.539583 1 0.0875 0
0 0.793056 0 0.0166667 0
0 0.648611 0 0.0166667 0
0 0.538889 1 0.0861111 0
0 0.793056 0 0.0166667 0
0 0.648611 0 0.0166667 0
0 0.538889 1 0.0861111 0
0 0.792361 0 0.0180556 0
0 0.366667 0 0.0166667 0
0 0.648611 0 0.0166667 0
0 0.538889 1 0.0861111 0
0 0.365972 0 0.0180556 0
0 0.792361 0 0.0180556 0
0 0.647917 0 0.0180556 0
0 0.539583 1 0.0847222 0
0 0.365972 0 0.0180556 0
0 0.792361 0 0.0180556 0
0 0.647917 0 0.0180556 0
0 0.539583 1 0.0847222 0
0 0.366667 0 0.0166667 0
0 0.793056 0 0.0166667 0
0 0.647917 0 0.0180556 0
0 0.539583 1 0.0847222 0
0 0.791667 0 0.0194444 0
0 0.366667 0 0.0166667 0
0 0.647222 0 0.0166667 0
0 0.539583 1 0.0847222 0
0 0.791667 0 0.0166667 0
0 0.366667 0 0.0166667 0
0 0.647917 0 0.0180556 0
0 0.539583 1 0.0847222 0
0 0.791667 0 0.0194444 0
0 0.365972 0 0.0180556 0
0 0.647917 0 0.0180556 0
0 0.538889 1 0.0861111 0
0 0.365972 0 0.0180556 0
0 0.647222 0 0.0166667 0
0 0.538889 1 0.0861111 0
0 0.792361 0 0.0208333 0
0 0.365972 0 0.0180556 0
0 0.647222 0 0.0166667 0
0 0.538889 1 0.0861111 0
0 0.791667 0 0.0194444 0
0 0.365278 0 0.0166667 0
0 0.647222 0 0.0166667 0
0 0.538194 1 0.0875 0
0 0.365278 0 0.0166667 0
0 0.790972 0 0.0208333 0
0 0.647222 0 0.0166667 0
0 0.5375 1 0.0861111 0
0 0.365278 0 0.0166667 0
0 0.646528 0 0.0180556 0
0 0.5375 1 0.0861111 0
0 0.790972 0 0.0180556 0
0 0.365278 0 0.0166667 0
0 0.646528 0 0.0180556 0
0 0.5375 1 0.0833333 0
0 0.365278 0 0.0166667 0
0 0.646528 0 0.0180556 0
0 0.536806 1 0.0847222 0
0 0.646528 0 0.0180556 0
0 0.536111 1 0.0833333 0
0 0.647222 0 0.0194444 0
0 0.536111 1 0.0833333 0
0 0.647222 0 0.0194444 0
0 0.536111 1 0.0833333 0
0 0.365278 0 0.0166667 0
0 0.646528 0 0.0180556 0
0 0.535417 1 0.0819444 0
0 0.365972 0 0.0180556 0
0 0.646528 0 0.0180556 0
0 0.534722 1 0.0833333 0
0 0.221528 0 0.0180556 0
0 0.365278 0 0.0166667 0
0 0.646528 0 0.0180556 0
0 0.534028 1 0.0847222 0
0 0.221528 0 0.0180556 0
0 0.365278 0 0.0166667 0
0 0.646528 0 0.0180556 0
0 0.535417 1 0.0819444 0
0 0.790278 0 0.0194444 0
0 0.221528 0 0.0180556 0
0 0.365972 0 0.0180556 0
0 0.646528 0 0.0180556 0
0 0.534028 1 0.0847222 0
0 0.365972 0 0.0180556 0
0 0.646528 0 0.0180556 0
0 0.534028 1 0.0819444 0
0 0.790278 0 0.0194444 0
0 0.365972 0 0.0180556 0
0 0.646528 0 0.0180556 0
0 0.534028 1 0.0847222 0
0 0.790278 0 0.0194444 0
0 0.365972 0 0.0180556 0
0 0.646528 0 0.0180556 0
0 0.534028 1 0.0847222 0
0 0.221528 0 0.0180556 0
0 0.790278 0 0.0194444 0
0 0.365972 0 0.0180556 0
0 0.646528 0 0.0180556 0
0 0.533333 1 0.0805556 0
0 0.221528 0 0.0180556 0
0 0.365972 0 0.0180556 0
0 0.646528 0 0.0180556 0
0 0.533333 1 0.0805556 0
0 0.221528 0 0.0180556 0
0 0.365972 0 0.0180556 0
0 0.647222 0 0.0194444 0
0 0.533333 1 0.0833333 0
0 0.365972 0 0.0180556 0
0 0.647222 0 0.0194444 0
0 0.533333 1 0.0833333 0
0 0.365972 0 0.0180556 0
0 0.646528 0 0.0180556 0
0 0.533333 1 0.0805556 0
0 0.790972 0 0.0208333 0
0 0.365972 0 0.0180556 0
0 0.646528 0 0.0180556 0
0 0.534028 1 0.0819444 0
0 0.365278 0 0.0166667 0
0 0.647222 0 0.0194444 0
0 0.534028 1 0.0847222 0
0 0.365972 0 0.0180556 0
0 0.647222 0 0.0194444 0
0 0.534028 1 0.0819444 0
0 0.365972 0 0.0180556 0
0 0.646528 0 0.0180556 0
0 0.534028 1 0.0847222 0
0 0.790278 0 0.0194444 0
0 0.365972 0 0.0180556 0
0 0.646528 0 0.0180556 0
0 0.534028 1 0.0847222 0
0 0.790278 0 0.0194444 0
0 0.365972 0 0.0180556 0
0 0.646528 0 0.0180556 0
0 0.534028 1 0.0847222 0
0 0.790278 0 0.0194444 0
0 0.365972 0 0.0180556 0
0 0.647222 0 0.0166667 0
0 0.534028 1 0.0847222 0
0 0.365972 0 0.0180556 0
0 0.646528 0 0.0180556 0
0 0.534722 1 0.0833333 0
0 0.790972 0 0.0180556 0
0 0.365972 0 0.0180556 0
0 0.646528 0 0.0180556 0
0 0.534722 1 0.0833333 0
0 0.365972 0 0.0180556 0
0 0.790278 0 0.0194444 0
0 0.647222 0 0.0166667 0
0 0.534722 1 0.0833333 0
0 0.790972 0 0.0180556 0
0 0.365972 0 0.0180556 0
0 0.646528 0 0.0180556 0
0 0.534722 1 0.0833333 0
0 0.646528 0 0.0152778 0
0 0.534722 1 0.0833333 0
0 0.647222 0 0.0166667 0
0 0.534722 1 0.0833333 0
0 0.647222 0 0.0166667 0
0 0.536111 1 0.0833333 0
0 0.365972 0 0.0180556 0
0 0.647222 0 0.0166667 0
0 0.536111 1 0.0833333 0
0 0.647222 0 0.0166667 0
0 0.536111 1 0.0833333 0
0 0.366667 0 0.0166667 0
0 0.647222 0 0.0166667 0
0 0.535417 1 0.0847222 0
0 0.365972 0 0.0152778 0
0 0.647222 0 0.0166667 0
0 0.536806 1 0.0847222 0
0 0.365972 0 0.0180556 0
0 0.647222 0 0.0166667 0
0 0.536806 1 0.0847222 0
0 0.647222 0 0.0166667 0
0 0.536806 1 0.0847222 0
0 0.366667 0 0.0166667 0
0 0.647222 0 0.0166667 0
0 0.536806 1 0.0847222 0
0 0.366667 0 0.0166667 0
0 0.647222 0 0.0166667 0
0 0.536806 1 0.0847222 0
0 0.366667 0 0.0166667 0
0 0.790972 0 0.0180556 0
0 0.647222 0 0.0166667 0
0 0.536806 1 0.0847222 0
0 0.366667 0 0.0166667 0
0 0.647917 0 0.0180556 0
0 0.536806 1 0.0847222 0
0 0.366667 0 0.0166667 0
0 0.647917 0 0.0180556 0
0 0.536806 1 0.0847222 0
0 0.647917 0 0.0180556 0
0 0.536806 1 0.0847222 0
0 0.647222 0 0.0166667 0
0 0.5375 1 0.0861111 0
0 0.647222 0 0.0166667 0
0 0.5375 1 0.0861111 0
0 0.366667 0 0.0166667 0
0 0.647917 0 0.0180556 0
0 0.5375 1 0.0861111 0
0 0.647917 0 0.0180556 0
0 0.5375 1 0.0861111 0
0 0.366667 0 0.0166667 0
0 0.647222 0 0.0166667 0
0 0.5375 1 0.0861111 0
0 0.366667 0 0.0166667 0
0 0.647917 0 0.0180556 0
0 0.5375 1 0.0861111 0
0 0.792361 0 0.0208333 0
0 0.647917 0 0.0180556 0
0 0.538194 1 0.0847222 0
0 0.366667 0 0.0166667 0
0 0.791667 0 0.0194444 0
0 0.647917 0 0.0180556 0
0 0.538889 1 0.0861111 0
0 0.365972 0 0.0180556 0
0 0.791667 0 0.0194444 0
0 0.647917 0 0.0180556 0
0 0.538889 1 0.0861111 0
0 0.791667 0 0.0194444 0
0 0.647917 0 0.0180556 0
0 0.538889 1 0.0861111 0
0 0.792361 0 0.0180556 0
0 0.647222 0 0.0194444 0
0 0.538194 1 0.0847222 0
0 0.367361 0 0.0180556 0
0 0.647917 0 0.0180556 0
0 0.538889 1 0.0861111 0
0 0.367361 0 0.0180556 0
0 0.792361 0 0.0208333 0
0 0.647917 0 0.0180556 0
0 0.538889 1 0.0861111 0
0 0.791667 0 0.0194444 0
0 0.367361 0 0.0180556 0
0 0.647917 0 0.0180556 0
0 0.538889 1 0.0861111 0
0 0.366667 0 0.0194444 0
0 0.792361 0 0.0208333 0
0 0.647917 0 0.0180556 0
0 0.538889 1 0.0861111 0
0 0.791667 0 0.0194444 0
0 0.367361 0 0.0180556 0
0 0.647917 0 0.0180556 0
0 0.538889 1 0.0861111 0
0 0.792361 0 0.0208333 0
0 0.367361 0 0.0180556 0
0 0.647917 0 0.0180556 0
0 0.538889 1 0.0861111 0
0 0.792361 0 0.0208333 0
0 0.647917 0 0.0180556 0
0 0.538194 1 0.0875 0
0 0.367361 0 0.0180556 0
0 0.792361 0 0.0180556 0
0 0.648611 0 0.0166667 0
0 0.538889 1 0.0888889 0
0 0.793056 0 0.0166667 0
0 0.648611 0 0.0166667 0
0 0.538889 1 0.0888889 0
0 0.793056 0 0.0166667 0
0 0.648611 0 0.0166667 0
0 0.538889 1 0.0888889 0
0 0.793056 0 0.0166667 0
0 0.649306 0 0.0180556 0
0 0.538889 1 0.0888889 0
0 0.648611 0 0.0166667 0
0 0.538889 1 0.0888889 0
0 0.556944 0 0.05 0
0 0.648611 0 0.0166667 0
0 0.539583 1 0.0875 0
0 0.793056 0 0.0166667 0
0 0.648611 0 0.0166667 0
0 0.539583 1 0.0875 0
0 0.648611 0 0.0166667 0
0 0.539583 1 0.0875 0
0 0.648611 0 0.0166667 0
0 0.539583 1 0.0875 0
0 0.793056 0 0.0166667 0
0 0.648611 0 0.0166667 0
0 0.540278 1 0.0861111 0
0 0.556944 0 0.0527778 0
0 0.793056 0 0.0166667 0
0 0.648611 0 0.0166667 0
0 0.540278 1 0.0861111 0
0 0.793056 0 0.0166667 0
0 0.648611 0 0.0166667 0
0 0.540278 1 0.0861111 0
0 0.792361 0 0.0180556 0
0 0.648611 0 0.0166667 0
0 0.540278 1 0.0861111 0
0 0.793056 0 0.0166667 0
0 0.648611 0 0.0166667 0
0 0.540278 1 0.0861111 0
0 0.79375 0 0.0152778 0
0 0.648611 0 0.0166667 0
0 0.540278 1 0.0861111 0
0 0.793056 0 0.0166667 0
0 0.648611 0 0.0166667 0
0 0.540278 1 0.0861111 0
0 0.79375 0 0.0152778 0
0 0.648611 0 0.0166667 0
0 0.540278 1 0.0861111 0
0 0.79375 0 0.0152778 0
0 0.648611 0 0.0166667 0
0 0.540278 1 0.0861111 0
0 0.793056 0 0.0166667 0
0 0.649306 0 0.0152778 0
0 0.540972 1 0.0847222 0
0 0.793056 0 0.0166667 0
0 0.649306 0 0.0152778 0
0 0.540972 1 0.0847222 0
0 0.793056 0 0.0166667 0
0 0.649306 0 0.0152778 0
0 0.540972 1 0.0847222 0
0 0.793056 0 0.0166667 0
0 0.649306 0 0.0152778 0
0 0.540972 1 0.0847222 0
0 0.793056 0 0.0166667 0
0 0.649306 0 0.0152778 0
0 0.540972 1 0.0847222 0
0 0.793056 0 0.0166667 0
0 0.649306 0 0.0152778 0
0 0.540972 1 0.0847222 0
0 0.793056 0 0.0166667 0
0 0.649306 0 0.0152778 0
0 0.541667 1 0.0861111 0
0 0.79375 0 0.0152778 0
0 0.648611 0 0.0166667 0
0 0.541667 1 0.0861111 0
0 0.79375 0 0.0152778 0
0 0.649306 0 0.0152778 0
0 0.541667 1 0.0861111 0
0 0.79375 0 0.0152778 0
0 0.648611 0 0.0166667 0
0 0.541667 1 0.0861111 0
0 0.79375 0 0.0152778 0
0 0.649306 0 0.0152778 0
0 0.541667 1 0.0861111 0
0 0.367361 0 0.0180556 0
0 0.793056 0 0.0166667 0
0 0.649306 0 0.0152778 0
0 0.541667 1 0.0861111 0
0 0.793056 0 0.0166667 0
0 0.649306 0 0.0152778 0
0 0.541667 1 0.0861111 0
0 0.793056 0 0.0166667 0
0 0.649306 0 0.0152778 0
0 0.541667 1 0.0861111 0
0 0.793056 0 0.0166667 0
0 0.649306 0 0.0152778 0
0 0.541667 1 0.0861111 0
0 0.79375 0 0.0152778 0
0 0.649306 0 0.0152778 0
0 0.541667 1 0.0861111 0
0 0.79375 0 0.0152778 0
0 0.649306 0 0.0152778 0
0 0.541667 1 0.0861111 0
0 0.367361 0 0.0180556 0
0 0.79375 0 0.0152778 0
0 0.649306 0 0.0152778 0
0 0.541667 1 0.0861111 0
0 0.367361 0 0.0180556 0
0 0.793056 0 0.0166667 0
0 0.649306 0 0.0152778 0
0 0.541667 1 0.0861111 0
0 0.793056 0 0.0166667 0
0 0.649306 0 0.0152778 0
0 0.541667 1 0.0861111 0
0 0.793056 0 0.0166667 0
0 0.649306 0 0.0152778 0
0 0.541667 1 0.0861111 0
0 0.367361 0 0.0180556 0
0 0.793056 0 0.0166667 0
0 0.649306 0 0.0152778 0
0 0.541667 1 0.0861111 0
0 0.793056 0 0.0166667 0
0 0.649306 0 0.0152778 0
0 0.541667 1 0.0861111 0
0 0.793056 0 0.0166667 0
0 0.649306 0 0.0152778 0
0 0.541667 1 0.0861111 0
0 0.793056 0 0.0166667 0
0 0.649306 0 0.0152778 0
0 0.541667 1 0.0861111 0
0 0.793056 0 0.0166667 0
0 0.649306 0 0.0152778 0
0 0.541667 1 0.0861111 0
0 0.793056 0 0.0166667 0
0 0.649306 0 0.0152778 0
0 0.541667 1 0.0861111 0
0 0.79375 0 0.0152778 0
0 0.649306 0 0.0152778 0
0 0.541667 1 0.0861111 0
0 0.557639 0 0.0513889 0
0 0.79375 0 0.0152778 0
0 0.648611 0 0.0166667 0
0 0.541667 1 0.0861111 0
0 0.79375 0 0.0152778 0
0 0.649306 0 0.0152778 0
0 0.541667 1 0.0861111 0
0 0.557639 0 0.0513889 0
0 0.79375 0 0.0152778 0
0 0.648611 0 0.0166667 0
0 0.541667 1 0.0861111 0
0 0.79375 0 0.0152778 0
0 0.649306 0 0.0152778 0
0 0.541667 1 0.0861111 0
0 0.79375 0 0.0152778 0
0 0.648611 0 0.0166667 0
0 0.541667 1 0.0861111 0
0 0.79375 0 0.0152778 0
0 0.648611 0 0.0166667 0
0 0.541667 1 0.0861111 0
0 0.793056 0 0.0166667 0
0 0.649306 0 0.0152778 0
0 0.540972 1 0.0875 0
0 0.793056 0 0.0166667 0
0 0.649306 0 0.0152778 0
0 0.540972 1 0.0875 0
0 0.793056 0 0.0166667 0
0 0.649306 0 0.0152778 0
0 0.540972 1 0.0875 0
0 0.793056 0 0.0166667 0
0 0.648611 0 0.0166667 0
0 0.540972 1 0.0875 0
0 0.793056 0 0.0166667 0
0 0.649306 0 0.0152778 0
0 0.540972 1 0.0875 0
0 0.79375 0 0.0180556 0
0 0.648611 0 0.0166667 0
0 0.541667 1 0.0888889 0
0 0.793056 0 0.0166667 0
0 0.648611 0 0.0166667 0
0 0.541667 1 0.0888889 0
0 0.79375 0 0.0180556 0
0 0.649306 0 0.0152778 0
0 0.541667 1 0.0888889 0
0 0.793056 0 0.0166667 0
0 0.649306 0 0.0152778 0
0 0.541667 1 0.0888889 0
0 0.793056 0 0.0166667 0
0 0.649306 0 0.0180556 0
0 0.541667 1 0.0888889 0
0 0.793056 0 0.0166667 0
0 0.648611 0 0.0166667 0
0 0.540972 1 0.0902778 0
0 0.793056 0 0.0166667 0
0 0.648611 0 0.0166667 0
0 0.540972 1 0.0902778 0
0 0.793056 0 0.0166667 0
0 0.648611 0 0.0166667 0
0 0.540972 1 0.0902778 0
0 0.793056 0 0.0166667 0
0 0.648611 0 0.0166667 0
0 0.540972 1 0.0902778 0
0 0.793056 0 0.0166667 0
0 0.648611 0 0.0166667 0
0 0.540972 1 0.0902778 0
0 0.793056 0 0.0166667 0
0 0.648611 0 0.0166667 0
0 0.540972 1 0.0902778 0
0 0.792361 0 0.0180556 0
0 0.648611 0 0.0166667 0
0 0.540972 1 0.0902778 0
0 0.793056 0 0.0166667 0
0 0.648611 0 0.0166667 0
0 0.540972 1 0.0902778 0
0 0.793056 0 0.0166667 0
0 0.648611 0 0.0166667 0
0 0.540972 1 0.0902778 0
0 0.648611 0 0.0166667 0
0 0.540972 1 0.0902778 0
0 0.648611 0 0.0166667 0
0 0.540972 1 0.0902778 0
0 0.649306 0 0.0180556 0
0 0.793056 0 0.0166667 0
0 0.540972 1 0.0902778 0
0 0.793056 0 0.0166667 0
0 0.649306 0 0.0180556 0
0 0.540972 1 0.0902778 0
0 0.793056 0 0.0166667 0
0 0.648611 0 0.0166667 0
0 0.540972 1 0.0902778 0
0 0.793056 0 0.0166667 0
0 0.648611 0 0.0166667 0
0 0.540972 1 0.0902778 0
0 0.793056 0 0.0166667 0
0 0.648611 0 0.0166667 0
0 0.540972 1 0.0902778 0
0 0.793056 0 0.0166667 0
0 0.648611 0 0.0166667 0
0 0.540972 1 0.0875 0
0 0.793056 0 0.0166667 0
0 0.648611 0 0.0166667 0
0 0.540972 1 0.0875 0
0 0.793056 0 0.0166667 0
0 0.648611 0 0.0166667 0
0 0.540972 1 0.0875 0
0 0.793056 0 0.0166667 0
0 0.648611 0 0.0166667 0
0 0.540278 1 0.0888889 0
0 0.793056 0 0.0166667 0
0 0.648611 0 0.0166667 0
0 0.540972 1 0.0875 0
0 0.793056 0 0.0166667 0
0 0.648611 0 0.0166667 0
0 0.540278 1 0.0888889 0
0 0.793056 0 0.0166667 0
0 0.648611 0 0.0166667 0
0 0.540278 1 0.0888889 0
0 0.793056 0 0.0166667 0
0 0.648611 0 0.0166667 0
0 0.540278 1 0.0888889 0
0 0.793056 0 0.0166667 0
0 0.649306 0 0.0180556 0
0 0.540278 1 0.0888889 0
0 0.367361 0 0.0180556 0
0 0.793056 0 0.0166667 0
0 0.649306 0 0.0180556 0
0 0.540278 1 0.0888889 0
0 0.367361 0 0.0180556 0
0 0.793056 0 0.0166667 0
0 0.649306 0 0.0180556 0
0 0.540278 1 0.0888889 0
0 0.793056 0 0.0166667 0
0 0.648611 0 0.0166667 0
0 0.540278 1 0.0888889 0
0 0.367361 0 0.0180556 0
0 0.793056 0 0.0166667 0
0 0.649306 0 0.0180556 0
0 0.540278 1 0.0888889 0
0 0.367361 0 0.0180556 0
0 0.793056 0 0.0166667 0
0 0.649306 0 0.0180556 0
0 0.540972 1 0.0902778 0
0 0.367361 0 0.0180556 0
0 0.793056 0 0.0166667 0
0 0.648611 0 0.0166667 0
0 0.540278 1 0.0888889 0
0 0.366667 0 0.0194444 0
0 0.648611 0 0.0166667 0
0 0.79375 0 0.0180556 0
0 0.540278 1 0.0888889 0
0 0.793056 0 0.0166667 0
0 0.367361 0 0.0180556 0
0 0.648611 0 0.0166667 0
0 0.540278 1 0.0888889 0
0 0.367361 0 0.0180556 0
0 0.793056 0 0.0166667 0
0 0.648611 0 0.0166667 0
0 0.540278 1 0.0888889 0
0 0.793056 0 0.0166667 0
0 0.367361 0 0.0180556 0
0 0.648611 0 0.0166667 0
0 0.540278 1 0.0888889 0
0 0.647917 0 0.0180556 0
0 0.79375 0 0.0180556 0
0 0.540278 1 0.0861111 0
0 0.649306 0 0.0180556 0
0 0.79375 0 0.0180556 0
0 0.540278 1 0.0861111 0
0 0.365972 0 0.0180556 0
0 0.79375 0 0.0180556 0
0 0.649306 0 0.0180556 0
0 0.540278 1 0.0861111 0
0 0.79375 0 0.0180556 0
0 0.649306 0 0.0180556 0
0 0.540278 1 0.0861111 0
0 0.649306 0 0.0180556 0
0 0.79375 0 0.0180556 0
0 0.540278 1 0.0861111 0
0 0.79375 0 0.0180556 0
0 0.365972 0 0.0180556 0
0 0.649306 0 0.0180556 0
0 0.540278 1 0.0833333 0
0 0.365278 0 0.0166667 0
0 0.649306 0 0.0180556 0
0 0.540278 1 0.0833333 0
0 0.79375 0 0.0180556 0
0 0.649306 0 0.0180556 0
0 0.365278 0 0.0166667 0
0 0.540278 1 0.0833333 0
0 0.365972 0 0.0180556 0
0 0.649306 0 0.0180556 0
0 0.540278 1 0.0833333 0
0 0.79375 0 0.0180556 0
0 0.365972 0 0.0180556 0
0 0.648611 0 0.0166667 0
0 0.540972 1 0.0847222 0
0 0.649306 0 0.0180556 0
0 0.364583 0 0.0180556 0
0 0.794444 0 0.0166667 0
0 0.540278 1 0.0833333 0
0 0.555556 0 0.0472222 0
0 0.219444 0 0.0166667 0
0 0.365278 0 0.0166667 0
0 0.79375 0 0.0180556 0
0 0.648611 0 0.0166667 0
0 0.539583 1 0.0847222 0
0 0.555556 0 0.05 0
0 0.794444 0 0.0166667 0
0 0.365278 0 0.0166667 0
0 0.649306 0 0.0180556 0
0 0.539583 1 0.0847222 0
0 0.555556 0 0.0472222 0
0 0.649306 0 0.0180556 0
0 0.79375 0 0.0180556 0
0 0.364583 0 0.0180556 0
0 0.540278 1 0.0833333 0
0 0.554861 0 0.0486111 0
0 0.21875 0 0.0180556 0
0 0.365278 0 0.0166667 0
0 0.648611 0 0.0166667 0
0 0.794444 0 0.0166667 0
0 0.539583 1 0.0847222 0
0 0.794444 0 0.0166667 0
0 0.363889 0 0.0166667 0
0 0.648611 0 0.0166667 0
0 0.539583 1 0.0819444 0
0 0.794444 0 0.0166667 0
0 0.363889 0 0.0166667 0
0 0.648611 0 0.0166667 0
0 0.538889 1 0.0805556 0
0 0.794444 0 0.0166667 0
0 0.649306 0 0.0180556 0
0 0.363889 0 0.0166667 0
0 0.538889 1 0.0805556 0
0 0.794444 0 0.0166667 0
0 0.363889 0 0.0166667 0
0 0.649306 0 0.0180556 0
0 0.538889 1 0.0805556 0
0 0.794444 0 0.0166667 0
0 0.363889 0 0.0166667 0
0 0.648611 0 0.0166667 0
0 0.538889 1 0.0805556 0
0 0.795139 0 0.0180556 0
0 0.363194 0 0.0180556 0
0 0.649306 0 0.0180556 0
0 0.538889 1 0.0805556 0
0 0.795139 0 0.0180556 0
0 0.363889 0 0.0166667 0
0 0.649306 0 0.0180556 0
0 0.538889 1 0.0805556 0
0 0.795139 0 0.0180556 0
0 0.363194 0 0.0180556 0
0 0.648611 0 0.0166667 0
0 0.538889 1 0.0805556 0
0 0.795139 0 0.0180556 0
0 0.363889 0 0.0166667 0
0 0.649306 0 0.0180556 0
0 0.539583 1 0.0791667 0
0 0.795139 0 0.0180556 0
0 0.3625 0 0.0166667 0
0 0.649306 0 0.0180556 0
0 0.538889 1 0.0777778 0
0 0.3625 0 0.0166667 0
0 0.795139 0 0.0180556 0
0 0.648611 0 0.0166667 0
0 0.540278 1 0.075 0
0 0.361806 0 0.0180556 0
0 0.795833 0 0.0166667 0
0 0.648611 0 0.0166667 0
0 0.540278 1 0.075 0
0 0.3625 0 0.0166667 0
0 0.649306 0 0.0180556 0
0 0.795833 0 0.0166667 0
0 0.540278 1 0.075 0
0 0.361806 0 0.0180556 0
0 0.795139 0 0.0180556 0
0 0.648611 0 0.0166667 0
0 0.540278 1 0.075 0
0 0.361806 0 0.0180556 0
0 0.795833 0 0.0166667 0
0 0.649306 0 0.0180556 0
0 0.540278 1 0.075 0
0 0.361806 0 0.0180556 0
0 0.795833 0 0.0166667 0
0 0.649306 0 0.0180556 0
0 0.539583 1 0.0736111 0
0 0.361806 0 0.0180556 0
0 0.796528 0 0.0180556 0
0 0.649306 0 0.0180556 0
0 0.539583 1 0.0708333 0
0 0.796528 0 0.0180556 0
0 0.649306 0 0.0180556 0
0 0.540278 1 0.0694444 0
0 0.360417 0 0.0180556 0
0 0.795833 0 0.0194444 0
0 0.649306 0 0.0180556 0
0 0.540278 1 0.0694444 0
0 0.795833 0 0.0194444 0
0 0.649306 0 0.0180556 0
0 0.539583 1 0.0708333 0
0 0.795833 0 0.0194444 0
0 0.361111 0 0.0194444 0
0 0.649306 0 0.0180556 0
0 0.538889 1 0.0694444 0
0 0.211806 0 0.0180556 0
0 0.361111 0 0.0194444 0
0 0.649306 0 0.0180556 0
0 0.539583 1 0.0680556 0
0 0.797222 0 0.0194444 0
0 0.359028 0 0.0180556 0
0 0.648611 0 0.0166667 0
0 0.540278 1 0.0777778 0
0 0.648611 0 0.0166667 0
0 0.359028 0 0.0180556 0
0 0.538889 1 0.075 0
0 0.359028 0 0.0180556 0
0 0.648611 0 0.0166667 0
0 0.538889 1 0.075 0
0 0.359028 0 0.0180556 0
0 0.648611 0 0.0166667 0
0 0.538889 1 0.075 0
0 0.359028 0 0.0180556 0
0 0.648611 0 0.0166667 0
0 0.538194 1 0.0736111 0
0 0.552778 0 0.0527778 0
0 0.358333 0 0.0166667 0
0 0.649306 0 0.0180556 0
0 0.536111 1 0.0694444 0
0 0.552778 0 0.05 0
0 0.358333 0 0.0166667 0
0 0.649306 0 0.0180556 0
0 0.536111 1 0.0694444 0
0 0.358333 0 0.0166667 0
0 0.553472 0 0.0513889 0
0 0.648611 0 0.0166667 0
0 0.536111 1 0.0694444 0
0 0.649306 0 0.0180556 0
0 0.357639 0 0.0180556 0
0 0.535417 1 0.0597222 0
0 0.552778 0 0.0527778 0
0 0.648611 0 0.0166667 0
0 0.358333 0 0.0166667 0
0 0.535417 1 0.0597222 0
0 0.553472 0 0.0541667 0
0 0.649306 0 0.0180556 0
0 0.357639 0 0.0180556 0
0 0.535417 1 0.0597222 0
0 0.552778 0 0.0527778 0
0 0.649306 0 0.0180556 0
0 0.357639 0 0.0180556 0
0 0.535417 1 0.0597222 0
0 0.552778 0 0.0527778 0
0 0.649306 0 0.0180556 0
0 0.358333 0 0.0166667 0
0 0.207639 0 0.0180556 0
0 0.552083 0 0.0513889 0
0 0.649306 0 0.0180556 0
0 0.356944 0 0.0166667 0
0 0.552083 0 0.0513889 0
0 0.648611 0 0.0194444 0
0 0.35625 0 0.0180556 0
0 0.552778 0 0.0527778 0
0 0.648611 0 0.0194444 0
0 0.356944 0 0.0194444 0
0 0.552778 0 0.0527778 0
0 0.648611 0 0.0194444 0
0 0.357639 0 0.0180556 0
0 0.552778 0 0.0527778 0
0 0.648611 0 0.0194444 0
0 0.356944 0 0.0194444 0
0 0.4625 0 0.0361111 0
0 0.356944 0 0.0194444 0
0 0.649306 0 0.0180556 0
0 0.798611 0 0.0194444 0
0 0.649306 0 0.0180556 0
0 0.35625 0 0.0180556 0
0 0.463194 0 0.0347222 0
0 0.355556 0 0.0194444 0
0 0.463194 0 0.0347222 0
0 0.648611 0 0.0194444 0
0 0.355556 0 0.0194444 0
0 0.463194 0 0.0347222 0
0 0.649306 0 0.0180556 0
0 0.355556 0 0.0194444 0
0 0.463194 0 0.0347222 0
0 0.649306 0 0.0180556 0
0 0.355556 0 0.0166667 0
0 0.649306 0 0.0208333 0
0 0.463194 0 0.0347222 0
0 0.798611 0 0.0194444 0
0 0.355556 0 0.0194444 0
0 0.463194 0 0.0347222 0
0 0.649306 0 0.0180556 0
0 0.354861 0 0.0180556 0
0 0.648611 0 0.0166667 0
0 0.354167 0 0.0194444 0
0 0.8 0 0.0166667 0
0 0.648611 0 0.0166667 0
0 0.8 0 0.0166667 0
0 0.354861 0 0.0180556 0
0 0.648611 0 0.0194444 0
0 0.354861 0 0.0180556 0
0 0.8 0 0.0166667 0
0 0.648611 0 0.0194444 0
0 0.8 0 0.0166667 0
0 0.354167 0 0.0194444 0
0 0.648611 0 0.0194444 0
0 0.8 0 0.0166667 0
0 0.353472 0 0.0180556 0
0 0.648611 0 0.0166667 0
0 0.8 0 0.0166667 0
0 0.353472 0 0.0180556 0
0 0.648611 0 0.0166667 0
0 0.8 0 0.0166667 0
0 0.353472 0 0.0180556 0
0 0.648611 0 0.0166667 0
0 0.353472 0 0.0180556 0
0 0.648611 0 0.0166667 0
0 0.800694 0 0.0180556 0
0 0.352083 0 0.0180556 0
0 0.648611 0 0.0166667 0
0 0.800694 0 0.0180556 0
0 0.648611 0 0.0194444 0
0 0.352083 0 0.0180556 0
0 0.800694 0 0.0180556 0
0 0.352083 0 0.0180556 0
0 0.648611 0 0.0166667 0
0 0.800694 0 0.0180556 0
0 0.648611 0 0.0166667 0
0 0.352083 0 0.0180556 0
0 0.800694 0 0.0180556 0
0 0.648611 0 0.0166667 0
0 0.351389 0 0.0166667 0
0 0.800694 0 0.0180556 0
0 0.648611 0 0.0194444 0
0 0.350694 0 0.0180556 0
0 0.800694 0 0.0180556 0
0 0.648611 0 0.0194444 0
0 0.350694 0 0.0180556 0
0 0.800694 0 0.0180556 0
0 0.350694 0 0.0180556 0
0 0.648611 0 0.0194444 0
0 0.648611 0 0.0194444 0
0 0.350694 0 0.0180556 0
0 0.647917 0 0.0208333 0
0 0.350694 0 0.0180556 0
0 0.35 0 0.0194444 0
0 0.800694 0 0.0180556 0
0 0.647222 0 0.0222222 0
0 0.35 0 0.0194444 0
0 0.800694 0 0.0180556 0
0 0.647222 0 0.0222222 0
0 0.800694 0 0.0180556 0
0 0.35 0 0.0194444 0
0 0.647222 0 0.0222222 0
0 0.800694 0 0.0180556 0
0 0.35 0 0.0194444 0
0 0.647917 0 0.0208333 0
0 0.800694 0 0.0180556 0
0 0.349306 0 0.0180556 0
0 0.647222 0 0.0222222 0
0 0.647222 0 0.0222222 0
0 0.348611 0 0.0194444 0
0 0.647917 0 0.0208333 0
0 0.647917 0 0.0208333 0
0 0.647917 0 0.0208333 0
0 0.800694 0 0.0208333 0
0 0.348611 0 0.0194444 0
0 0.647917 0 0.0208333 0
0 0.347917 0 0.0208333 0
0 0.801389 0 0.0194444 0
0 0.647917 0 0.0208333 0
0 0.801389 0 0.0194444 0
0 0.348611 0 0.0194444 0
0 0.647222 0 0.0194444 0
0 0.801389 0 0.0194444 0
0 0.347917 0 0.0208333 0
0 0.647917 0 0.0208333 0
0 0.347917 0 0.0208333 0
0 0.801389 0 0.0194444 0
0 0.646528 0 0.0208333 0
0 0.801389 0 0.0194444 0
0 0.347222 0 0.0194444 0
0 0.647917 0 0.0208333 0
0 0.801389 0 0.0194444 0
0 0.347222 0 0.0194444 0
0 0.647917 0 0.0208333 0
0 0.801389 0 0.0194444 0
0 0.347222 0 0.0194444 0
0 0.647222 0 0.0222222 0
0 0.801389 0 0.0194444 0
0 0.347222 0 0.0194444 0
0 0.647917 0 0.0208333 0
0 0.801389 0 0.0194444 0
0 0.347222 0 0.0194444 0
0 0.647917 0 0.0208333 0
0 0.801389 0 0.0194444 0
0 0.346528 0 0.0208333 0
0 0.647222 0 0.0194444 0
0 0.347222 0 0.0194444 0
0 0.801389 0 0.0194444 0
0 0.647222 0 0.0194444 0
0 0.801389 0 0.0194444 0
0 0.347222 0 0.0194444 0
0 0.647222 0 0.0194444 0
0 0.801389 0 0.0194444 0
0 0.347222 0 0.0194444 0
0 0.647222 0 0.0194444 0
0 0.347222 0 0.0194444 0
0 0.801389 0 0.0194444 0
0 0.647222 0 0.0194444 0
0 0.345833 0 0.0194444 0
0 0.801389 0 0.0194444 0
0 0.647222 0 0.0194444 0
0 0.345833 0 0.0194444 0
0 0.801389 0 0.0194444 0
0 0.647222 0 0.0194444 0
0 0.345833 0 0.0194444 0
0 0.801389 0 0.0194444 0
0 0.647222 0 0.0194444 0
