0 0.454861 0.5 0.0208333 1
0 0.454861 0.5 0.0208333 1
0 0.454861 0.5 0.0208333 1
0 0.454167 0.5 0.0222222 1
0 0.454167 0.5 0.0222222 1
0 0.454167 0.5 0.0222222 1
0 0.454167 0.5 0.0222222 1
0 0.454167 0.5 0.0222222 1
0 0.454167 0.5 0.0222222 1
0 0.454167 0.5 0.0222222 1
0 0.454861 0.5 0.0208333 1
0 0.454861 0.5 0.0208333 1
0 0.454861 0.5 0.0208333 1
0 0.454861 0.5 0.0208333 1
0 0.454861 0.5 0.0208333 1
0 0.454861 0.5 0.0208333 1
0 0.454861 0.5 0.0208333 1
0 0.454861 0.5 0.0208333 1
0 0.454861 0.5 0.0208333 1
0 0.454861 0.5 0.0208333 1
0 0.454861 0.5 0.0208333 1
0 0.454167 0.5 0.0222222 1
0 0.454167 0.5 0.0222222 1
0 0.454167 0.5 0.0222222 1
0 0.454167 0.5 0.0222222 1
0 0.454167 0.5 0.0222222 1
0 0.454167 0.5 0.0222222 1
0 0.454861 0.5 0.0208333 1
0 0.454167 0.5 0.0222222 1
0 0.454167 0.5 0.0222222 1
0 0.454167 0.5 0.0222222 1
0 0.454167 0.5 0.0222222 1
0 0.454861 0.5 0.0208333 1
0 0.454861 0.5 0.0208333 1
0 0.454861 0.5 0.0208333 1
0 0.454861 0.5 0.0208333 1
0 0.454861 0.5 0.0208333 1
0 0.454861 0.5 0.0208333 1
0 0.454861 0.5 0.0208333 1
0 0.454861 0.5 0.0208333 1
0 0.454861 0.5 0.0208333 1
0 0.454167 0.5 0.0222222 1
0 0.454861 0.5 0.0208333 1
0 0.454861 0.5 0.0208333 1
0 0.454861 0.5 0.0208333 1
0 0.454861 0.5 0.0208333 1
0 0.454861 0.5 0.0208333 1
0 0.454861 0.5 0.0208333 1
0 0.454861 0.5 0.0208333 1
0 0.454861 0.5 0.0208333 1
0 0.454861 0.5 0.0208333 1
0 0.454861 0.5 0.0208333 1
0 0.454861 0.5 0.0208333 1
0 0.454167 0.5 0.0222222 1
0 0.454167 0.5 0.0222222 1
0 0.454167 0.5 0.0222222 1
0 0.454167 0.5 0.0222222 1
0 0.454167 0.5 0.0222222 1
0 0.454167 0.5 0.0222222 1
0 0.454167 0.5 0.0222222 1
0 0.454167 0.5 0.0222222 1
0 0.454167 0.5 0.0222222 1
0 0.454167 0.5 0.0222222 1
0 0.454167 0.5 0.0222222 1
0 0.454167 0.5 0.0222222 1
0 0.454167 0.5 0.0222222 1
0 0.454167 0.5 0.0222222 1
0 0.454167 0.5 0.0222222 1
0 0.454861 0.5 0.0208333 1
0 0.454167 0.5 0.0222222 1
0 0.454167 0.5 0.0222222 1
0 0.454167 0.5 0.0222222 1
0 0.454167 0.5 0.0222222 1
0 0.454167 0.5 0.0222222 1
0 0.454167 0.5 0.0222222 1
0 0.454167 0.5 0.0222222 1
0 0.454167 0.5 0.0222222 1
0 0.454167 0.5 0.0222222 1
0 0.454167 0.5 0.0222222 1
0 0.454167 0.5 0.0222222 1
0 0.454167 0.5 0.0222222 1
0 0.454167 0.5 0.0222222 1
0 0.454167 0.5 0.0222222 1
0 0.454167 0.5 0.0222222 1
0 0.454167 0.5 0.0222222 1
0 0.454167 0.5 0.0222222 1
0 0.454167 0.5 0.0222222 1
0 0.454167 0.5 0.0222222 1
0 0.454167 0.5 0.0222222 1
0 0.454167 0.5 0.0222222 1
0 0.453472 0.5 0.0208333 1
0 0.452083 0.5 0.0208333 1
0 0.452083 0 0.0208333 0
0 0.452778 0 0.0222222 0
0 0.454167 0 0.0222222 0
0 0.457639 0 0.0208333 0
0 0.461111 0 0.0222222 0
0 0.465278 0 0.0222222 0
0 0.466667 0 0.0222222 0
0 0.46875 0 0.0208333 0
0 0.470139 0 0.0208333 0
0 0.471528 0 0.0208333 0
0 0.472222 0 0.0222222 0
0 0.477778 0 0.0222222 0
0 0.479167 0 0.0222222 0
0 0.479167 0 0.0222222 0
0 0.480556 0 0.0222222 0
0 0.482639 0 0.0208333 0
0 0.484722 0 0.0222222 0
0 0.4875 0 0.0194444 0
0 0.4875 0 0.0194444 0
0 0.488194 0 0.0208333 0
0 0.490278 0 0.0222222 0
0 0.491667 0 0.0222222 0
0 0.493056 0 0.0222222 0
0 0.495139 0 0.0208333 0
0 0.495833 0 0.0222222 0
0 0.497917 0 0.0208333 0
0 0.499306 0 0.0208333 0
0 0.502083 0 0.0208333 0
0 0.502778 0 0.0222222 0
0 0.504167 0 0.0222222 0
0 0.505556 0 0.0222222 0
0 0.507639 0 0.0208333 0
0 0.509722 0 0.0222222 0
0 0.511111 0 0.0222222 0
0 0.513889 0 0.0194444 0
0 0.514583 0 0.0208333 0
0 0.516667 0 0.0222222 0
0 0.516667 0 0.0222222 0
0 0.518056 0 0.0222222 0
0 0.51875 0 0.0208333 0
0 0.520139 0 0.0208333 0
0 0.520139 0 0.0208333 0
0 0.520139 0 0.0208333 0
0 0.517361 0 0.0208333 0
0 0.515972 0 0.0208333 0
0 0.514583 0 0.0208333 0
0 0.514583 0 0.0208333 0
0 0.514583 0 0.0208333 0
0 0.514583 0 0.0208333 0
0 0.514583 0 0.0208333 0
0 0.513889 0 0.0194444 0
0 0.513194 0 0.0208333 0
0 0.513194 0 0.0208333 0
0 0.513194 0 0.0208333 0
0 0.513194 0 0.0208333 0
0 0.513194 0 0.0208333 0
0 0.513194 0 0.0208333 0
0 0.5125 0 0.0222222 0
0 0.513194 0 0.0208333 0
0 0.513194 0 0.0208333 0
0 0.513194 0 0.0208333 0
0 0.513194 0 0.0208333 0
0 0.5125 0 0.0222222 0
0 0.5125 0 0.0222222 0
0 0.513194 0 0.0208333 0
0 0.513194 0 0.0208333 0
0 0.5125 0 0.0222222 0
0 0.511806 0 0.0236111 0
0 0.511111 0 0.0222222 0
0 0.511111 0 0.0222222 0
0 0.511111 0 0.0222222 0
0 0.510417 0 0.0236111 0
0 0.510417 0 0.0236111 0
0 0.510417 0 0.0236111 0
0 0.509722 0 0.025 0
0 0.509028 0 0.0236111 0
0 0.509028 0 0.0236111 0
0 0.509028 0 0.0236111 0
0 0.509028 0 0.0236111 0
0 0.509722 0 0.0222222 0
0 0.510417 0 0.0236111 0
0 0.513194 0 0.0236111 0
0 0.515278 0 0.0222222 0
0 0.516667 0 0.025 0
0 0.518056 0 0.0222222 0
0 0.519444 0 0.0222222 0
0 0.520139 0 0.0236111 0
0 0.520139 0 0.0236111 0
0 0.521528 0 0.0236111 0
0 0.500694 0 0.0402778 0
0 0.522222 0 0.025 0
0 0.5 0 0.0416667 0
0 0.522222 0 0.025 0
0 0.522917 0 0.0236111 0
0 0.522917 0 0.0236111 0
0 0.522917 0 0.0236111 0
0 0.524306 0 0.0236111 0
0 0.525694 0 0.0236111 0
0 0.525694 0 0.0236111 0
0 0.526389 0 0.025 0
0 0.526389 0 0.025 0
0 0.527083 0 0.0236111 0
0 0.527778 0 0.025 0
0 0.527778 0 0.025 0
0 0.528472 0 0.0263889 0
0 0.529167 0 0.025 0
0 0.529167 0 0.025 0
0 0.529167 0 0.025 0
0 0.529167 0 0.025 0
0 0.529861 0 0.0263889 0
0 0.530556 0 0.025 0
0 0.530556 0 0.025 0
0 0.53125 0 0.0236111 0
0 0.531944 0 0.025 0
0 0.531944 0 0.025 0
0 0.531944 0 0.025 0
0 0.533333 0 0.025 0
0 0.532639 0 0.0263889 0
0 0.533333 0 0.025 0
0 0.531944 0 0.025 0
0 0.531944 0 0.025 0
0 0.531944 0 0.025 0
0 0.529861 0 0.0263889 0
0 0.528472 0 0.0263889 0
0 0.528472 0 0.0263889 0
0 0.528472 0 0.0263889 0
0 0.527778 0 0.025 0
0 0.527778 0 0.025 0
0 0.528472 0 0.0263889 0
0 0.527778 0 0.0277778 0
0 0.527778 0 0.025 0
0 0.527083 0 0.0263889 0
0 0.527083 0 0.0263889 0
0 0.526389 0 0.025 0
0 0.525694 0 0.0263889 0
0 0.527083 0 0.0263889 0
0 0.526389 0 0.025 0
0 0.527083 0 0.0263889 0
0 0.526389 0 0.025 0
0 0.527083 0 0.0263889 0
0 0.527083 0 0.0263889 0
0 0.527083 0 0.0263889 0
0 0.527083 0 0.0263889 0
0 0.527083 0 0.0263889 0
0 0.527083 0 0.0263889 0
0 0.527083 0 0.0263889 0
0 0.526389 0 0.0277778 0
0 0.527083 0 0.0263889 0
0 0.527083 0 0.0263889 0
0 0.527083 0 0.0263889 0
0 0.525694 0 0.0263889 0
0 0.526389 0 0.0277778 0
0 0.525694 0 0.0263889 0
0 0.526389 0 0.0277778 0
0 0.527083 0 0.0263889 0
0 0.526389 0 0.0277778 0
0 0.527083 0 0.0263889 0
0 0.528472 0 0.0263889 0
0 0.528472 0 0.0263889 0
0 0.529167 0 0.0277778 0
0 0.529167 0 0.0277778 0
0 0.529861 0 0.0263889 0
0 0.531944 0 0.025 0
0 0.532639 0 0.0263889 0
0 0.534028 0 0.0263889 0
0 0.534028 0 0.0263889 0
0 0.534028 0 0.0263889 0
0 0.534722 0 0.025 0
0 0.534722 0 0.025 0
0 0.534722 0 0.025 0
0 0.535417 0 0.0263889 0
0 0.535417 0 0.0263889 0
0 0.536111 0 0.025 0
0 0.536111 0 0.025 0
0 0.536806 0 0.0263889 0
0 0.536806 0 0.0263889 0
0 0.536806 0 0.0236111 0
0 0.536806 0 0.0236111 0
0 0.536806 0 0.0236111 0
0 0.5375 0 0.025 0
0 0.5375 0 0.025 0
0 0.5375 0 0.025 0
0 0.5375 0 0.025 0
0 0.538194 0 0.0236111 0
0 0.538889 0 0.025 0
0 0.538889 0 0.025 0
0 0.538889 0 0.025 0
0 0.538889 0 0.025 0
0 0.538889 0 0.025 0
0 0.539583 0 0.0236111 0
0 0.539583 0 0.0236111 0
0 0.539583 0 0.0236111 0
0 0.539583 0 0.0236111 0
0 0.538889 0 0.0222222 0
0 0.538889 0 0.025 0
0 0.538889 0 0.0222222 0
0 0.536111 0 0.0222222 0
0 0.536111 0 0.0222222 0
0 0.535417 0 0.0236111 0
0 0.535417 0 0.0236111 0
0 0.534028 0 0.0236111 0
0 0.534028 0 0.0236111 0
0 0.534028 0 0.0236111 0
0 0.534028 0 0.0236111 0
0 0.534028 0 0.0236111 0
0 0.534028 0 0.0236111 0
0 0.534028 0 0.0236111 0
0 0.534028 0 0.0236111 0
0 0.534028 0 0.0236111 0
0 0.534028 0 0.0236111 0
0 0.534028 0 0.0236111 0
0 0.533333 0 0.0222222 0
0 0.534028 0 0.0236111 0
0 0.534028 0 0.0236111 0
0 0.534028 0 0.0236111 0
0 0.533333 0 0.0222222 0
0 0.533333 0 0.0222222 0
0 0.533333 0 0.0222222 0
0 0.533333 0 0.0222222 0
0 0.533333 0 0.0222222 0
0 0.533333 0 0.0222222 0
0 0.532639 0 0.0208333 0
0 0.532639 0 0.0208333 0
0 0.532639 0 0.0208333 0
0 0.532639 0 0.0208333 0
0 0.533333 0 0.0194444 0
0 0.533333 0 0.0194444 0
0 0.533333 0 0.0194444 0
0 0.532639 0 0.0208333 0
0 0.533333 0 0.0194444 0
0 0.532639 0 0.0208333 0
0 0.533333 0 0.0194444 0
0 0.533333 0 0.0194444 0
0 0.534028 0 0.0180556 0
0 0.533333 0 0.0194444 0
0 0.534722 0 0.0194444 0
0 0.534722 0 0.0194444 0
0 0.534722 0 0.0194444 0
0 0.534722 0 0.0194444 0
0 0.534722 0 0.0194444 0
0 0.534722 0 0.0194444 0
0 0.534722 0 0.0194444 0
0 0.534722 0 0.0194444 0
0 0.534722 0 0.0194444 0
0 0.534722 0 0.0194444 0
0 0.535417 0 0.0180556 0
0 0.534722 0 0.0194444 0
0 0.535417 0 0.0180556 0
0 0.535417 0 0.0180556 0
0 0.535417 0 0.0180556 0
0 0.535417 0 0.0180556 0
0 0.535417 0 0.0180556 0
0 0.535417 0 0.0180556 0
0 0.535417 0 0.0180556 0
0 0.536111 0 0.0166667 0
0 0.536111 0 0.0194444 0
0 0.535417 0 0.0180556 0
0 0.536111 0 0.0166667 0
0 0.536111 0 0.0166667 0
0 0.536111 0 0.0166667 0
0 0.536806 0 0.0180556 0
0 0.536806 0 0.0180556 0
0 0.536111 0 0.0166667 0
0 0.536111 0 0.0166667 0
0 0.536111 0 0.0166667 0
0 0.536806 0 0.0180556 0
0 0.536111 0 0.0166667 0
0 0.536111 0 0.0166667 0
0 0.536806 0 0.0152778 0
0 0.536806 0 0.0152778 0
0 0.5375 0 0.0166667 0
0 0.536111 0 0.0166667 0
0 0.536111 0 0.0166667 0
0 0.536111 0 0.0166667 0
0 0.536111 0 0.0166667 0
0 0.536111 0 0.0166667 0
0 0.536111 0 0.0166667 0
0 0.536806 0 0.0152778 0
0 0.536806 0 0.0152778 0
0 0.5375 0 0.0166667 0
0 0.5375 0 0.0166667 0
0 0.5375 0 0.0166667 0
0 0.5375 0 0.0166667 0
0 0.538194 0 0.0152778 0
0 0.538889 0 0.0166667 0
0 0.538889 0 0.0166667 0
0 0.538889 0 0.0166667 0
0 0.538889 0 0.0166667 0
0 0.538889 0 0.0166667 0
0 0.539583 0 0.0180556 0
0 0.539583 0 0.0180556 0
0 0.539583 0 0.0180556 0
0 0.540278 0 0.0166667 0
0 0.540278 0 0.0166667 0
0 0.540278 0 0.0166667 0
0 0.540972 0 0.0180556 0
0 0.540972 0 0.0180556 0
0 0.540972 0 0.0180556 0
0 0.541667 0 0.0166667 0
0 0.541667 0 0.0166667 0
0 0.542361 0 0.0180556 0
0 0.542361 0 0.0180556 0
0 0.543056 0 0.0194444 0
0 0.54375 0 0.0180556 0
0 0.544444 0 0.0194444 0
0 0.545139 0 0.0180556 0
0 0.545139 0 0.0180556 0
0 0.519444 0 0.0361111 0
0 0.545139 0 0.0180556 0
0 0.545833 0 0.0194444 0
0 0.547222 0 0.0194444 0
0 0.547917 0 0.0180556 0
0 0.547917 0 0.0208333 0
0 0.548611 0 0.0194444 0
0 0.549306 0 0.0208333 0
0 0.55 0 0.0194444 0
0 0.551389 0 0.0194444 0
0 0.552083 0 0.0208333 0
0 0.552083 0 0.0208333 0
0 0.552778 0 0.0222222 0
0 0.553472 0 0.0236111 0
0 0.554167 0 0.0222222 0
0 0.555556 0 0.0222222 0
0 0.556944 0 0.0222222 0
0 0.556944 0 0.0222222 0
0 0.557639 0 0.0236111 0
0 0.559028 0 0.0236111 0
0 0.559722 0 0.025 0
0 0.560417 0 0.0263889 0
0 0.560417 0 0.0263889 0
0 0.5625 0 0.025 0
0 0.563889 0 0.0277778 0
0 0.564583 0 0.0263889 0
0 0.566667 0 0.0277778 0
0 0.568056 0 0.0277778 0
0 0.570139 0 0.0291667 0
0 0.571528 0 0.0291667 0
0 0.572917 0 0.0291667 0
0 0.575 0 0.0305556 0
0 0.577778 0 0.0305556 0
0 0.579861 0 0.0319444 0
0 0.58125 0 0.0319444 0
0 0.584722 0 0.0361111 0
0 0.585417 0 0.0347222 0
0 0.588194 0 0.0375 0
0 0.591667 0 0.0388889 0
0 0.390972 0 0.0152778 0
0 0.595833 0 0.0416667 0
0 0.388194 0 0.0125 0
0 0.597917 0 0.0402778 0
0 0.601389 0 0.0444444 0
0 0.385417 0 0.0152778 0
0 0.604861 0 0.0458333 0
0 0.609722 0 0.05 0
0 0.609722 0 0.05 0
0 0.288889 0 0.00555556 0
0 0.615278 0 0.0611111 0
0 0.607639 0 0.0152778 0
0 0.627778 0 0.0583333 0
0 0.372222 0 0.0166667 0
0 0.636806 0 0.0763889 0
0 0.452083 0 0.0402778 0
0 0.36875 0 0.0152778 0
0 0.644444 0 0.0666667 0
0 0.366667 0 0.0166667 0
0 0.6125 0 0.0138889 0
0 0.651389 0 0.0694444 0
0 0.478472 0 0.0625 0
0 0.661111 0 0.075 0
0 0.676389 0 0.0833333 0
0 0.61875 0 0.0152778 0
0 0.477778 0 0.0722222 0
0 0.688889 0 0.0916667 0
0 0.48125 0 0.0652778 0
0 0.710417 0 0.104167 0
0 0.477083 0 0.0763889 0
0 0.736111 0 0.119444 0
0 0.772222 0 0.122222 0
0 0.477778 0 0.075 0
0 0.477083 0 0.0708333 0
0 0.823611 0 0.116667 0
0 0.477083 0 0.0680556 0
0 0.475 0 0.0722222 0
0 0.471528 0 0.0930556 0
0 0.472917 0 0.0902778 0
0 0.429167 0 0.0555556 0
0 0.471528 0 0.0930556 0
0 0.471528 0 0.0930556 0
0 0.472222 0 0.0944444 0
0 0.471528 0 0.101389 0
0 0.469444 0 0.102778 0
0 0.46875 0 0.101389 0
0 0.468056 0 0.102778 0
0 0.466667 0 0.1 0
0 0.465972 0 0.101389 0
0 0.466667 0 0.0972222 0
0 0.461806 0 0.106944 0
0 0.469444 0 0.0222222 0
0 0.46875 0 0.0208333 0
0 0.466667 0 0.0222222 0
0 0.465278 0 0.0222222 0
0 0.463194 0 0.0208333 0
0 0.461111 0 0.0222222 0
0 0.461111 0 0.0222222 0
0 0.459722 0 0.0222222 0
0 0.458333 0 0.0222222 0
0 0.457639 0 0.0208333 0
0 0.456944 0 0.0222222 0
0 0.45625 0 0.0236111 0
0 0.454861 0 0.0236111 0
0 0.454167 0 0.0222222 0
0 0.453472 0 0.0236111 0
0 0.452778 0 0.0222222 0
0 0.452778 0 0.0222222 0
0 0.452778 0 0.0222222 0
0 0.452778 0 0.0222222 0
0 0.453472 0 0.0236111 0
0 0.453472 0 0.0236111 0
0 0.452778 0 0.0222222 0
0 0.452778 0 0.0222222 0
0 0.452778 0 0.0222222 0
0 0.452778 0 0.0222222 0
0 0.454167 0 0.0222222 0
0 0.453472 0 0.0208333 0
0 0.453472 0 0.0208333 0
0 0.453472 0 0.0208333 0
0 0.453472 0 0.0208333 0
0 0.453472 0 0.0208333 0
0 0.453472 0 0.0208333 0
0 0.453472 0 0.0208333 0
0 0.453472 0 0.0208333 0
0 0.453472 0 0.0208333 0
0 0.453472 0 0.0208333 0
0 0.453472 0 0.0208333 0
0 0.453472 0 0.0208333 0
0 0.453472 0 0.0208333 0
0 0.453472 0 0.0208333 0
0 0.453472 0 0.0208333 0
0 0.453472 0 0.0208333 0
0 0.453472 0 0.0208333 0
0 0.453472 0 0.0208333 0
0 0.453472 0 0.0208333 0
0 0.453472 0 0.0208333 0
0 0.453472 0 0.0208333 0
0 0.453472 0 0.0208333 0
0 0.453472 0 0.0208333 0
0 0.453472 0 0.0208333 0
0 0.453472 0 0.0208333 0
0 0.453472 0 0.0208333 0
0 0.453472 0 0.0208333 0
0 0.453472 0 0.0208333 0
0 0.453472 0 0.0208333 0
0 0.453472 0 0.0208333 0
0 0.453472 0 0.0208333 0
0 0.453472 0 0.0208333 0
0 0.453472 0 0.0208333 0
0 0.453472 0 0.0208333 0
0 0.453472 0 0.0208333 0
0 0.453472 0 0.0208333 0
0 0.453472 0 0.0208333 0
0 0.453472 0 0.0208333 0
0 0.453472 0 0.0208333 0
0 0.453472 0 0.0208333 0
0 0.453472 0 0.0208333 0
0 0.453472 0 0.0208333 0
0 0.453472 0 0.0208333 0
0 0.453472 0 0.0208333 0
0 0.453472 0 0.0208333 0
0 0.453472 0 0.0208333 0
0 0.453472 0 0.0208333 0
0 0.453472 0 0.0208333 0
0 0.453472 0 0.0208333 0
0 0.453472 0 0.0208333 0
0 0.453472 0 0.0208333 0
0 0.453472 0 0.0208333 0
0 0.453472 0 0.0208333 0
0 0.453472 0 0.0208333 0
0 0.453472 0 0.0208333 0
0 0.453472 0 0.0208333 0
0 0.453472 0 0.0208333 0
0 0.453472 0 0.0208333 0
0 0.453472 0 0.0208333 0
0 0.453472 0 0.0208333 0
0 0.453472 0 0.0208333 0
0 0.453472 0 0.0208333 0
0 0.453472 0 0.0208333 0
0 0.453472 0 0.0208333 0
0 0.453472 0 0.0208333 0
0 0.453472 0 0.0208333 0
0 0.453472 0 0.0208333 0
0 0.453472 0 0.0208333 0
0 0.453472 0 0.0208333 0
0 0.453472 0 0.0208333 0
0 0.453472 0 0.0208333 0
0 0.453472 0 0.0208333 0
0 0.453472 0 0.0208333 0
0 0.453472 0 0.0208333 0
0 0.453472 0 0.0208333 0
0 0.453472 0 0.0208333 0
0 0.453472 0 0.0208333 0
0 0.453472 0 0.0208333 0
0 0.453472 0 0.0208333 0
0 0.453472 0 0.0208333 0
0 0.453472 0 0.0208333 0
0 0.453472 0 0.0208333 0
0 0.453472 0 0.0208333 0
0 0.453472 0 0.0208333 0
0 0.453472 0 0.0208333 0
0 0.453472 0 0.0208333 0
0 0.453472 0 0.0208333 0
0 0.453472 0 0.0208333 0
0 0.453472 0 0.0208333 0
0 0.453472 0 0.0208333 0
0 0.453472 0 0.0208333 0
0 0.453472 0 0.0208333 0
0 0.453472 0 0.0208333 0
0 0.453472 0 0.0208333 0
0 0.453472 0 0.0208333 0
0 0.453472 0 0.0208333 0
0 0.453472 0 0.0208333 0
0 0.453472 0 0.0208333 0
0 0.453472 0 0.0208333 0
0 0.453472 0 0.0208333 0
0 0.453472 0 0.0208333 0
0 0.453472 0 0.0208333 0
0 0.453472 0 0.0208333 0
0 0.453472 0 0.0208333 0
0 0.453472 0 0.0208333 0
0 0.453472 0 0.0208333 0
0 0.453472 0 0.0208333 0
0 0.453472 0 0.0208333 0
0 0.453472 0 0.0208333 0
0 0.453472 0 0.0208333 0
0 0.453472 0 0.0208333 0
0 0.453472 0 0.0208333 0
0 0.453472 0 0.0208333 0
0 0.453472 0 0.0208333 0
0 0.453472 0 0.0208333 0
0 0.453472 0 0.0208333 0
0 0.453472 0 0.0208333 0
0 0.453472 0 0.0208333 0
0 0.453472 0 0.0208333 0
0 0.453472 0 0.0208333 0
0 0.453472 0 0.0208333 0
0 0.453472 0 0.0208333 0
0 0.453472 0 0.0208333 0
0 0.453472 0 0.0208333 0
0 0.453472 0 0.0208333 0
0 0.453472 0 0.0208333 0
0 0.453472 0 0.0208333 0
0 0.453472 0 0.0208333 0
0 0.453472 0 0.0208333 0
0 0.453472 0 0.0208333 0
0 0.453472 0 0.0208333 0
0 0.453472 0 0.0208333 0
0 0.453472 0 0.0208333 0
0 0.453472 0 0.0208333 0
0 0.453472 0 0.0208333 0
0 0.453472 0 0.0208333 0
0 0.453472 0 0.0208333 0
0 0.453472 0 0.0208333 0
0 0.453472 0 0.0208333 0
0 0.453472 0 0.0208333 0
0 0.453472 0 0.0208333 0
0 0.453472 0 0.0208333 0
0 0.453472 0 0.0208333 0
0 0.453472 0 0.0208333 0
0 0.453472 0 0.0208333 0
0 0.453472 0 0.0208333 0
0 0.453472 0 0.0208333 0
0 0.453472 0 0.0208333 0
0 0.453472 0 0.0208333 0
0 0.453472 0 0.0208333 0
0 0.453472 0 0.0208333 0
0 0.453472 0 0.0208333 0
0 0.453472 0 0.0208333 0
0 0.453472 0 0.0208333 0
0 0.453472 0 0.0208333 0
0 0.453472 0 0.0208333 0
0 0.453472 0 0.0208333 0
0 0.453472 0 0.0208333 0
0 0.453472 0 0.0208333 0
0 0.453472 0 0.0208333 0
0 0.453472 0 0.0208333 0
0 0.453472 0 0.0208333 0
0 0.453472 0 0.0208333 0
0 0.453472 0 0.0208333 0
0 0.453472 0 0.0208333 0
0 0.453472 0 0.0208333 0
0 0.453472 0 0.0208333 0
0 0.453472 0 0.0208333 0
0 0.453472 0 0.0208333 0
0 0.453472 0 0.0208333 0
0 0.453472 0 0.0208333 0
0 0.453472 0 0.0208333 0
0 0.453472 0 0.0208333 0
0 0.453472 0 0.0208333 0
0 0.453472 0 0.0208333 0
0 0.453472 0 0.0208333 0
0 0.453472 0 0.0208333 0
0 0.453472 0 0.0208333 0
0 0.453472 0 0.0208333 0
0 0.453472 0 0.0208333 0
0 0.453472 0 0.0208333 0
0 0.453472 0 0.0208333 0
0 0.453472 0 0.0208333 0
0 0.453472 0 0.0208333 0
0 0.453472 0 0.0208333 0
0 0.453472 0 0.0208333 0
0 0.453472 0 0.0208333 0
0 0.453472 0 0.0208333 0
0 0.453472 0 0.0208333 0
0 0.453472 0 0.0208333 0
0 0.453472 0 0.0208333 0
0 0.453472 0 0.0208333 0
0 0.453472 0 0.0208333 0
0 0.453472 0 0.0208333 0
0 0.453472 0 0.0208333 0
0 0.453472 0 0.0208333 0
0 0.453472 0 0.0208333 0
0 0.453472 0 0.0208333 0
0 0.453472 0 0.0208333 0
0 0.453472 0 0.0208333 0
0 0.453472 0 0.0208333 0
0 0.453472 0 0.0208333 0
0 0.453472 0 0.0208333 0
0 0.453472 0 0.0208333 0
0 0.453472 0 0.0208333 0
0 0.453472 0 0.0208333 0
0 0.453472 0 0.0208333 0
0 0.453472 0 0.0208333 0
0 0.453472 0 0.0208333 0
0 0.453472 0 0.0208333 0
0 0.453472 0 0.0208333 0
0 0.453472 0 0.0208333 0
0 0.453472 0 0.0208333 0
0 0.453472 0 0.0208333 0
0 0.453472 0 0.0208333 0
0 0.453472 0 0.0208333 0
0 0.453472 0 0.0208333 0
0 0.453472 0 0.0208333 0
0 0.453472 0 0.0208333 0
0 0.453472 0 0.0208333 0
0 0.453472 0 0.0208333 0
0 0.453472 0 0.0208333 0
0 0.453472 0 0.0208333 0
0 0.453472 0 0.0208333 0
0 0.453472 0 0.0208333 0
0 0.453472 0 0.0208333 0
0 0.453472 0 0.0208333 0
0 0.453472 0 0.0208333 0
0 0.453472 0 0.0208333 0
0 0.453472 0 0.0208333 0
0 0.453472 0 0.0208333 0
0 0.453472 0 0.0208333 0
0 0.453472 0 0.0208333 0
0 0.453472 0 0.0208333 0
0 0.453472 0 0.0208333 0
0 0.453472 0 0.0208333 0
0 0.453472 0 0.0208333 0
0 0.453472 0 0.0208333 0
0 0.453472 0 0.0208333 0
