0 0.457639 0.5 0.0208333 1
0 0.457639 0.5 0.0208333 1
0 0.457639 0.5 0.0208333 1
0 0.457639 0.5 0.0208333 1
0 0.457639 0.5 0.0208333 1
0 0.457639 0.5 0.0208333 1
0 0.457639 0.5 0.0208333 1
0 0.457639 0.5 0.0208333 1
0 0.457639 0.5 0.0208333 1
0 0.457639 0.5 0.0208333 1
0 0.457639 0.5 0.0208333 1
0 0.457639 0.5 0.0208333 1
0 0.457639 0.5 0.0208333 1
0 0.457639 0.5 0.0208333 1
0 0.457639 0.5 0.0208333 1
0 0.457639 0.5 0.0208333 1
0 0.457639 0.5 0.0208333 1
0 0.457639 0.5 0.0208333 1
0 0.457639 0.5 0.0208333 1
0 0.457639 0.5 0.0208333 1
0 0.457639 0.5 0.0208333 1
0 0.457639 0.5 0.0208333 1
0 0.457639 0.5 0.0208333 1
0 0.457639 0.5 0.0208333 1
0 0.457639 0.5 0.0208333 1
0 0.457639 0.5 0.0208333 1
0 0.457639 0.5 0.0208333 1
0 0.457639 0.5 0.0208333 1
0 0.457639 0.5 0.0208333 1
0 0.457639 0.5 0.0208333 1
0 0.457639 0.5 0.0208333 1
0 0.457639 0.5 0.0208333 1
0 0.457639 0.5 0.0208333 1
0 0.457639 0.5 0.0208333 1
0 0.457639 0.5 0.0208333 1
0 0.457639 0.5 0.0208333 1
0 0.457639 0.5 0.0208333 1
0 0.457639 0.5 0.0208333 1
0 0.457639 0.5 0.0208333 1
0 0.457639 0.5 0.0208333 1
0 0.457639 0.5 0.0208333 1
0 0.457639 0.5 0.0208333 1
0 0.457639 0.5 0.0208333 1
0 0.457639 0.5 0.0208333 1
0 0.457639 0.5 0.0208333 1
0 0.457639 0.5 0.0208333 1
0 0.457639 0.5 0.0208333 1
0 0.457639 0.5 0.0208333 1
0 0.457639 0.5 0.0208333 1
0 0.457639 0.5 0.0208333 1
0 0.457639 0.5 0.0208333 1
0 0.457639 0.5 0.0208333 1
0 0.457639 0.5 0.0208333 1
0 0.457639 0.5 0.0208333 1
0 0.457639 0.5 0.0208333 1
0 0.457639 0.5 0.0208333 1
0 0.457639 0.5 0.0208333 1
0 0.457639 0.5 0.0208333 1
0 0.457639 0.5 0.0208333 1
0 0.457639 0.5 0.0208333 1
0 0.457639 0.5 0.0208333 1
0 0.457639 0.5 0.0208333 1
0 0.457639 0.5 0.0208333 1
0 0.457639 0.5 0.0208333 1
0 0.457639 0.5 0.0208333 1
0 0.457639 0.5 0.0208333 1
0 0.457639 0.5 0.0208333 1
0 0.457639 0.5 0.0208333 1
0 0.457639 0.5 0.0208333 1
0 0.457639 0.5 0.0208333 1
0 0.457639 0.5 0.0208333 1
0 0.457639 0.5 0.0208333 1
0 0.457639 0.5 0.0208333 1
0 0.457639 0.5 0.0208333 1
0 0.457639 0.5 0.0208333 1
0 0.457639 0.5 0.0208333 1
0 0.457639 0.5 0.0208333 1
0 0.457639 0.5 0.0208333 1
0 0.457639 0.5 0.0208333 1
0 0.457639 0.5 0.0208333 1
0 0.457639 0.5 0.0208333 1
0 0.457639 0.5 0.0208333 1
0 0.457639 0.5 0.0208333 1
0 0.457639 0.5 0.0208333 1
0 0.457639 0.5 0.0208333 1
0 0.457639 0.5 0.0208333 1
0 0.457639 0.5 0.0208333 1
0 0.457639 0.5 0.0208333 1
0 0.458333 0.5 0.0222222 1
0 0.459028 0.5 0.0208333 1
0 0.459028 0.5 0.0208333 1
0 0.459028 0.5 0.0208333 1
0 0.459722 0.5 0.0222222 1
0 0.459722 0.5 0.0222222 1
0 0.459722 0.5 0.0222222 1
0 0.459722 0.5 0.0222222 1
0 0.460417 0.5 0.0208333 1
0 0.460417 0 0.0208333 0
0 0.460417 0 0.0208333 0
0 0.4625 0 0.0194444 0
0 0.4625 0 0.0194444 0
0 0.464583 0 0.0208333 0
0 0.470139 0 0.0208333 0
0 0.472917 0 0.0208333 0
0 0.473611 0 0.0194444 0
0 0.478472 0 0.0208333 0
0 0.482639 0 0.0180556 0
0 0.485417 0 0.0208333 0
0 0.490972 0 0.0208333 0
0 0.497222 0 0.0194444 0
0 0.500694 0 0.0180556 0
0 0.501389 0 0.0305556 0
0 0.503472 0 0.0208333 0
0 0.50625 0 0.0208333 0
0 0.509028 0 0.0208333 0
0 0.513194 0 0.0208333 0
0 0.516667 0 0.0222222 0
0 0.520139 0 0.0208333 0
0 0.525 0 0.0194444 0
0 0.525 0 0.0194444 0
0 0.528472 0 0.0208333 0
0 0.531944 0 0.0194444 0
0 0.535417 0 0.0208333 0
0 0.539583 0 0.0208333 0
0 0.544444 0 0.0194444 0
0 0.547917 0 0.0208333 0
0 0.552083 0 0.0208333 0
0 0.555556 0 0.0194444 0
0 0.559028 0 0.0208333 0
0 0.563889 0 0.0194444 0
0 0.563889 0 0.0194444 0
0 0.56875 0 0.0208333 0
0 0.572917 0 0.0208333 0
0 0.576389 0 0.0194444 0
0 0.581944 0 0.0194444 0
0 0.5875 0 0.0194444 0
0 0.592361 0 0.0208333 0
0 0.594444 0 0.0194444 0
0 0.598611 0 0.0194444 0
0 0.6 0 0.0194444 0
0 0.602778 0 0.0194444 0
0 0.604167 0 0.0194444 0
0 0.605556 0 0.0194444 0
0 0.608333 0 0.0194444 0
0 0.611111 0 0.0194444 0
0 0.615278 0 0.0194444 0
0 0.618056 0 0.0194444 0
0 0.620833 0 0.0194444 0
0 0.625 0 0.0194444 0
0 0.628472 0 0.0180556 0
0 0.632639 0 0.0180556 0
0 0.636806 0 0.0180556 0
0 0.640278 0 0.0194444 0
0 0.64375 0 0.0180556 0
0 0.647917 0 0.0180556 0
0 0.653472 0 0.0180556 0
0 0.65625 0 0.0180556 0
0 0.660417 0 0.0180556 0
0 0.660417 0 0.0180556 0
0 0.665278 0 0.0194444 0
0 0.670833 0 0.0194444 0
0 0.674306 0 0.0180556 0
0 0.679167 0 0.0194444 0
0 0.684028 0 0.0180556 0
0 0.688889 0 0.0194444 0
0 0.69375 0 0.0180556 0
0 0.698611 0 0.0194444 0
0 0.702778 0 0.0194444 0
0 0.707639 0 0.0180556 0
0 0.711111 0 0.0194444 0
0 0.711111 0 0.0194444 0
0 0.714583 0 0.0180556 0
0 0.71875 0 0.0180556 0
0 0.723611 0 0.0194444 0
0 0.729167 0 0.0194444 0
0 0.736111 0 0.0194444 0
0 0.74375 0 0.0180556 0
0 0.75 0 0.0166667 0
0 0.754861 0 0.0180556 0
0 0.761806 0 0.0180556 0
0 0.767361 0 0.0180556 0
0 0.774306 0 0.0180556 0
0 0.779861 0 0.0180556 0
0 0.786111 0 0.0194444 0
0 0.793056 0 0.0194444 0
0 0.797917 0 0.0180556 0
0 0.802083 0 0.0180556 0
0 0.802083 0 0.0180556 0
0 0.807639 0 0.0180556 0
0 0.814583 0 0.0180556 0
0 0.818056 0 0.0194444 0
0 0.824306 0 0.0180556 0
0 0.829861 0 0.0180556 0
0 0.835417 0 0.0180556 0
0 0.840972 0 0.0180556 0
0 0.84375 0 0.0180556 0
0 0.848611 0 0.0166667 0
0 0.848611 0 0.0166667 0
0 0.852083 0 0.0180556 0
0 0.856944 0 0.0166667 0
0 0.8625 0 0.0166667 0
0 0.866667 0 0.0166667 0
0 0.870139 0 0.0180556 0
0 0.875 0 0.0166667 0
0 0.878472 0 0.0180556 0
0 0.881944 0 0.0166667 0
0 0.886111 0 0.0166667 0
0 0.890972 0 0.0180556 0
0 0.894444 0 0.0166667 0
0 0.898611 0 0.0166667 0
0 0.903472 0 0.0180556 0
0 0.904861 0 0.0180556 0
0 0.909722 0 0.0166667 0
0 0.9125 0 0.0166667 0
0 0.914583 0 0.0180556 0
0 0.916667 0 0.0166667 0
0 0.920833 0 0.0166667 0
0 0.923611 0 0.0166667 0
0 0.926389 0 0.0166667 0
0 0.930556 0 0.0166667 0
0 0.933333 0 0.0166667 0
0 0.933333 0 0.0166667 0
0 0.936806 0 0.0152778 0
0 0.940278 0 0.0166667 0
0 0.94375 0 0.0180556 0
0 0.947222 0 0.0166667 0
0 0.951389 0 0.0166667 0
0 0.955556 0 0.0166667 0
0 0.958333 0 0.0166667 0
0 0.961806 0 0.0152778 0
0 0.961806 0 0.0152778 0
0 0.965278 0 0.0166667 0
0 0.968056 0 0.0166667 0
0 0.971528 0 0.0180556 0
0 0.974306 0 0.0152778 0
0 0.977083 0 0.0152778 0
0 0.980556 0 0.0166667 0
0 0.983333 0 0.0166667 0
0 0.985417 0 0.0152778 0
0 0.988194 0 0.0152778 0
0 0.990972 0 0.0152778 0
0 0.993056 0 0.0138889 0
0 0.994444 0 0.00833333 0
0 0.995139 0 0.00694444 0
0 0.995139 0 0.00694444 0
0 0.995833 0 0.00555556 0
