0 0.43125 0 0.0208333 0
0 0.43125 0 0.0208333 0
0 0.43125 0 0.0208333 0
0 0.43125 0 0.0208333 0
0 0.43125 0 0.0208333 0
0 0.43125 0 0.0208333 0
0 0.43125 0 0.0208333 0
0 0.43125 0 0.0208333 0
0 0.43125 0 0.0208333 0
0 0.43125 0 0.0208333 0
0 0.43125 0 0.0208333 0
0 0.43125 0 0.0208333 0
0 0.43125 0 0.0208333 0
0 0.43125 0 0.0208333 0
0 0.43125 0 0.0208333 0
0 0.43125 0 0.0208333 0
0 0.43125 0 0.0208333 0
0 0.43125 0 0.0208333 0
0 0.43125 0 0.0208333 0
0 0.43125 0 0.0208333 0
0 0.43125 0 0.0208333 0
0 0.43125 0 0.0208333 0
0 0.43125 0 0.0208333 0
0 0.43125 0 0.0208333 0
0 0.43125 0 0.0208333 0
0 0.43125 0 0.0208333 0
0 0.43125 0 0.0208333 0
0 0.43125 0 0.0208333 0
0 0.43125 0 0.0208333 0
0 0.43125 0 0.0208333 0
0 0.43125 0 0.0208333 0
0 0.43125 0 0.0208333 0
0 0.43125 0 0.0208333 0
0 0.43125 0 0.0208333 0
0 0.43125 0 0.0208333 0
0 0.43125 0 0.0208333 0
0 0.43125 0 0.0208333 0
0 0.43125 0 0.0208333 0
0 0.43125 0 0.0208333 0
0 0.43125 0 0.0208333 0
0 0.43125 0 0.0208333 0
0 0.43125 0 0.0208333 0
0 0.43125 0 0.0208333 0
0 0.43125 0 0.0208333 0
0 0.43125 0 0.0208333 0
0 0.43125 0 0.0208333 0
0 0.432639 0 0.0208333 0
0 0.431944 0 0.0222222 0
0 0.432639 0 0.0208333 0
0 0.432639 0 0.0208333 0
0 0.433333 0 0.0222222 0
0 0.432639 0 0.0208333 0
0 0.433333 0 0.0222222 0
0 0.433333 0 0.0222222 0
0 0.433333 0 0.0222222 0
0 0.433333 0 0.0222222 0
0 0.433333 0 0.0222222 0
0 0.434722 0 0.0222222 0
0 0.434722 0 0.0222222 0
0 0.434722 0 0.0222222 0
0 0.434722 0 0.0222222 0
0 0.434722 0 0.0222222 0
0 0.434722 0 0.0222222 0
0 0.434722 0 0.0222222 0
0 0.434722 0 0.0222222 0
0 0.434722 0 0.0222222 0
0 0.434722 0 0.0222222 0
0 0.434722 0 0.0222222 0
0 0.434722 0 0.0222222 0
0 0.434722 0 0.0222222 0
0 0.434722 0 0.0222222 0
0 0.434722 0 0.0222222 0
0 0.434722 0 0.0222222 0
0 0.434722 0 0.0222222 0
0 0.434722 0 0.0222222 0
0 0.434722 0 0.0222222 0
0 0.434722 0 0.0222222 0
0 0.434722 0 0.0222222 0
0 0.434722 0 0.0222222 0
0 0.434722 0 0.0222222 0
0 0.434722 0 0.0222222 0
0 0.434722 0 0.0222222 0
0 0.434722 0 0.0222222 0
0 0.434722 0 0.0222222 0
0 0.434722 0 0.0222222 0
0 0.434722 0 0.0222222 0
0 0.434722 0 0.0222222 0
0 0.434722 0 0.0222222 0
0 0.434722 0 0.0222222 0
0 0.434722 0 0.0222222 0
0 0.434722 0 0.0222222 0
0 0.434722 0 0.0222222 0
0 0.433333 0 0.0222222 0
0 0.433333 0 0.0222222 0
0 0.433333 0 0.0222222 0
0 0.433333 0 0.0222222 0
0 0.433333 0 0.0222222 0
0 0.433333 0 0.0222222 0
0 0.433333 0 0.0222222 0
0 0.433333 0 0.0222222 0
0 0.433333 0 0.0222222 0
0 0.432639 0 0.0208333 0
0 0.433333 0 0.0222222 0
0 0.433333 0 0.0222222 0
0 0.433333 0 0.0222222 0
0 0.433333 0 0.0222222 0
0 0.432639 0 0.0208333 0
0 0.432639 0 0.0208333 0
0 0.432639 0 0.0208333 0
0 0.432639 0 0.0208333 0
0 0.432639 0 0.0208333 0
0 0.432639 0 0.0208333 0
0 0.432639 0 0.0208333 0
0 0.432639 0 0.0208333 0
0 0.432639 0 0.0208333 0
0 0.432639 0 0.0208333 0
0 0.432639 0 0.0208333 0
0 0.432639 0 0.0208333 0
0 0.433333 0 0.0222222 0
0 0.432639 0 0.0208333 0
0 0.433333 0 0.0222222 0
0 0.433333 0 0.0222222 0
0 0.433333 0 0.0222222 0
0 0.433333 0 0.0222222 0
0 0.433333 0 0.0222222 0
0 0.433333 0 0.0222222 0
0 0.433333 0 0.0222222 0
0 0.432639 0 0.0208333 0
0 0.432639 0 0.0208333 0
0 0.432639 0 0.0208333 0
0 0.432639 0 0.0208333 0
0 0.433333 0 0.0222222 0
0 0.433333 0 0.0222222 0
0 0.433333 0 0.0222222 0
0 0.433333 0 0.0222222 0
0 0.433333 0 0.0222222 0
0 0.433333 0 0.0222222 0
0 0.433333 0 0.0222222 0
0 0.433333 0 0.0222222 0
0 0.434722 0 0.0222222 0
0 0.434722 0 0.0222222 0
0 0.434722 0 0.0222222 0
0 0.434722 0 0.0222222 0
0 0.434722 0 0.0222222 0
0 0.434722 0 0.0222222 0
0 0.434722 0 0.0222222 0
0 0.434722 0 0.0222222 0
0 0.434028 0 0.0236111 0
0 0.434722 0 0.0222222 0
0 0.434722 0 0.0222222 0
0 0.434722 0 0.0222222 0
0 0.434722 0 0.0222222 0
0 0.434722 0 0.0222222 0
0 0.434722 0 0.0222222 0
0 0.434722 0 0.0222222 0
0 0.434722 0 0.0222222 0
0 0.434722 0 0.0222222 0
0 0.434722 0 0.0222222 0
0 0.434722 0 0.0222222 0
0 0.434722 0 0.0222222 0
0 0.434722 0 0.0222222 0
0 0.434722 0 0.0222222 0
0 0.434722 0 0.0222222 0
0 0.434722 0 0.0222222 0
0 0.434722 0 0.0222222 0
0 0.434028 0 0.0236111 0
0 0.434028 0 0.0236111 0
0 0.434028 0 0.0236111 0
0 0.433333 0 0.0222222 0
0 0.433333 0 0.0222222 0
0 0.433333 0 0.0222222 0
0 0.433333 0 0.0222222 0
0 0.433333 0 0.0222222 0
0 0.433333 0 0.0222222 0
0 0.433333 0 0.0222222 0
0 0.433333 0 0.0222222 0
0 0.433333 0 0.0222222 0
0 0.433333 0 0.0222222 0
0 0.433333 0 0.0222222 0
0 0.433333 0 0.0222222 0
0 0.433333 0 0.0222222 0
0 0.433333 0 0.0222222 0
0 0.433333 0 0.0222222 0
0 0.433333 0 0.0222222 0
0 0.433333 0 0.0222222 0
0 0.433333 0 0.0222222 0
0 0.432639 0 0.0208333 0
0 0.433333 0 0.0222222 0
0 0.433333 0 0.0222222 0
0 0.433333 0 0.0222222 0
0 0.433333 0 0.0222222 0
0 0.433333 0 0.0222222 0
0 0.433333 0 0.0222222 0
0 0.433333 0 0.0222222 0
0 0.433333 0 0.0222222 0
0 0.433333 0 0.0222222 0
0 0.433333 0 0.0222222 0
0 0.433333 0 0.0222222 0
0 0.433333 0 0.0222222 0
0 0.433333 0 0.0222222 0
0 0.433333 0 0.0222222 0
0 0.433333 0 0.0222222 0
0 0.433333 0 0.0222222 0
0 0.433333 0 0.0222222 0
0 0.433333 0 0.0222222 0
0 0.433333 0 0.0222222 0
0 0.433333 0 0.0222222 0
0 0.433333 0 0.0222222 0
0 0.433333 0 0.0222222 0
0 0.433333 0 0.0222222 0
0 0.433333 0 0.0222222 0
0 0.433333 0 0.0222222 0
0 0.433333 0 0.0222222 0
0 0.433333 0 0.0222222 0
0 0.433333 0 0.0222222 0
0 0.433333 0 0.0222222 0
0 0.433333 0 0.0222222 0
0 0.433333 0 0.0222222 0
0 0.433333 0 0.0222222 0
0 0.433333 0 0.0222222 0
0 0.433333 0 0.0222222 0
0 0.433333 0 0.0222222 0
0 0.433333 0 0.0222222 0
0 0.433333 0 0.0222222 0
0 0.433333 0 0.0222222 0
0 0.433333 0 0.0222222 0
0 0.434028 0 0.0208333 0
0 0.434028 0 0.0208333 0
0 0.433333 0 0.0222222 0
0 0.433333 0 0.0222222 0
0 0.433333 0 0.0222222 0
0 0.433333 0 0.0222222 0
0 0.433333 0 0.0222222 0
0 0.433333 0 0.0222222 0
0 0.433333 0 0.0222222 0
0 0.433333 0 0.0222222 0
0 0.433333 0 0.0222222 0
0 0.433333 0 0.0222222 0
0 0.433333 0 0.0222222 0
0 0.433333 0 0.0222222 0
0 0.433333 0 0.0222222 0
0 0.433333 0 0.0222222 0
0 0.433333 0 0.0222222 0
0 0.433333 0 0.0222222 0
0 0.433333 0 0.0222222 0
0 0.433333 0 0.0222222 0
0 0.433333 0 0.0222222 0
0 0.433333 0 0.0222222 0
0 0.433333 0 0.0222222 0
0 0.433333 0 0.0222222 0
0 0.433333 0 0.0222222 0
0 0.433333 0 0.0222222 0
0 0.433333 0 0.0222222 0
0 0.433333 0 0.0222222 0
0 0.433333 0 0.0222222 0
0 0.433333 0 0.0222222 0
0 0.433333 0 0.0222222 0
0 0.433333 0 0.0222222 0
0 0.433333 0 0.0222222 0
0 0.433333 0 0.0222222 0
0 0.433333 0 0.0222222 0
0 0.433333 0 0.0222222 0
0 0.433333 0 0.0222222 0
0 0.433333 0 0.0222222 0
0 0.433333 0 0.0222222 0
0 0.433333 0 0.0222222 0
0 0.433333 0 0.0222222 0
0 0.433333 0 0.0222222 0
0 0.433333 0 0.0222222 0
0 0.433333 0 0.0222222 0
0 0.433333 0 0.0222222 0
0 0.433333 0 0.0222222 0
0 0.433333 0 0.0222222 0
0 0.433333 0 0.0222222 0
0 0.433333 0 0.0222222 0
0 0.433333 0 0.0222222 0
0 0.433333 0 0.0222222 0
0 0.433333 0 0.0222222 0
0 0.433333 0 0.0222222 0
0 0.433333 0 0.0222222 0
0 0.433333 0 0.0222222 0
0 0.433333 0 0.0222222 0
0 0.433333 0 0.0222222 0
0 0.433333 0 0.0222222 0
0 0.433333 0 0.0222222 0
0 0.433333 0 0.0222222 0
0 0.433333 0 0.0222222 0
0 0.433333 0 0.0222222 0
0 0.433333 0 0.0222222 0
0 0.433333 0 0.0222222 0
0 0.433333 0 0.0222222 0
0 0.433333 0 0.0222222 0
0 0.433333 0 0.0222222 0
0 0.434722 0 0.0222222 0
0 0.434722 0 0.0222222 0
0 0.434722 0 0.0222222 0
0 0.434722 0 0.0222222 0
0 0.434722 0 0.0222222 0
0 0.434722 0 0.0222222 0
0 0.434722 0 0.0222222 0
0 0.434722 0 0.0222222 0
0 0.434722 0 0.0222222 0
0 0.434722 0 0.0222222 0
0 0.434722 0 0.0222222 0
0 0.434722 0 0.0222222 0
0 0.434722 0 0.0222222 0
0 0.434722 0 0.0222222 0
0 0.434722 0 0.0222222 0
0 0.434722 0 0.0222222 0
0 0.434722 0 0.0222222 0
0 0.434722 0 0.0222222 0
0 0.434722 0 0.0222222 0
0 0.434722 0 0.0222222 0
0 0.434722 0 0.0222222 0
0 0.434722 0 0.0222222 0
0 0.434722 0 0.0222222 0
0 0.435417 0 0.0208333 0
0 0.435417 0 0.0208333 0
0 0.434722 0 0.0222222 0
0 0.434722 0 0.0222222 0
0 0.434722 0 0.0222222 0
0 0.434722 0 0.0222222 0
0 0.434722 0 0.0222222 0
0 0.434722 0 0.0222222 0
0 0.434722 0 0.0222222 0
0 0.434722 0 0.0222222 0
0 0.434722 0 0.0222222 0
0 0.434722 0 0.0222222 0
0 0.434722 0 0.0222222 0
0 0.434722 0 0.0222222 0
0 0.434722 0 0.0222222 0
0 0.434722 0 0.0222222 0
0 0.434028 0 0.0236111 0
0 0.434028 0 0.0236111 0
0 0.434028 0 0.0236111 0
0 0.434028 0 0.0236111 0
0 0.434028 0 0.0236111 0
0 0.434028 0 0.0236111 0
0 0.434028 0 0.0236111 0
0 0.434028 0 0.0236111 0
0 0.434028 0 0.0236111 0
0 0.433333 0 0.0222222 0
0 0.434028 0 0.0236111 0
0 0.434028 0 0.0236111 0
0 0.433333 0 0.0222222 0
0 0.433333 0 0.0222222 0
0 0.433333 0 0.0222222 0
0 0.433333 0 0.0222222 0
0 0.433333 0 0.0222222 0
0 0.433333 0 0.0222222 0
0 0.433333 0 0.0222222 0
0 0.433333 0 0.0222222 0
0 0.433333 0 0.0222222 0
0 0.432639 0 0.0236111 0
0 0.432639 0 0.0236111 0
0 0.432639 0 0.0236111 0
0 0.432639 0 0.0236111 0
0 0.432639 0 0.0236111 0
0 0.432639 0 0.0236111 0
0 0.432639 0 0.0236111 0
0 0.432639 0 0.0236111 0
0 0.432639 0 0.0236111 0
0 0.432639 0 0.0236111 0
0 0.432639 0 0.0236111 0
0 0.432639 0 0.0236111 0
0 0.431944 0 0.025 0
0 0.431944 0 0.025 0
0 0.431944 0 0.025 0
0 0.43125 0 0.0236111 0
0 0.432639 0 0.0236111 0
0 0.431944 0 0.025 0
0 0.431944 0 0.025 0
0 0.43125 0 0.0236111 0
0 0.43125 0 0.0236111 0
0 0.43125 0 0.0236111 0
0 0.43125 0 0.0236111 0
0 0.43125 0 0.0236111 0
0 0.43125 0 0.0236111 0
0 0.43125 0 0.0236111 0
0 0.43125 0 0.0236111 0
0 0.43125 0 0.0236111 0
0 0.43125 0 0.0236111 0
0 0.43125 0 0.0236111 0
0 0.43125 0 0.0236111 0
0 0.43125 0 0.0236111 0
0 0.430556 0 0.025 0
0 0.429861 0 0.0263889 0
0 0.429861 0 0.0236111 0
0 0.429861 0 0.0263889 0
0 0.429861 0 0.0263889 0
0 0.429861 0 0.0263889 0
0 0.429861 0 0.0263889 0
0 0.429861 0 0.0263889 0
0 0.429861 0 0.0263889 0
0 0.429861 0 0.0263889 0
0 0.429861 0 0.0263889 0
0 0.429167 0 0.025 0
0 0.429861 0 0.0263889 0
0 0.429167 0 0.025 0
0 0.428472 0 0.0263889 0
0 0.428472 0 0.0263889 0
0 0.429167 0 0.025 0
0 0.428472 0 0.0263889 0
0 0.428472 0 0.0263889 0
0 0.428472 0 0.0263889 0
0 0.428472 0 0.0263889 0
0 0.428472 0 0.0263889 0
0 0.428472 0 0.0263889 0
0 0.427778 0 0.025 0
0 0.427778 0 0.025 0
0 0.427778 0 0.025 0
0 0.427778 0 0.025 0
0 0.427778 0 0.025 0
0 0.427083 0 0.0263889 0
0 0.427083 0 0.0263889 0
0 0.427083 0 0.0263889 0
0 0.427083 0 0.0263889 0
0 0.426389 0 0.025 0
0 0.425694 0 0.0263889 0
0 0.425694 0 0.0263889 0
0 0.425694 0 0.0263889 0
0 0.425694 0 0.0263889 0
0 0.425694 0 0.0263889 0
0 0.425694 0 0.0263889 0
0 0.425 0 0.025 0
0 0.425 0 0.025 0
0 0.424306 0 0.0291667 0
0 0.424306 0 0.0291667 0
0 0.424306 0 0.0291667 0
0 0.424306 0 0.0291667 0
0 0.424306 0 0.0291667 0
0 0.424306 0 0.0291667 0
0 0.423611 0 0.0277778 0
0 0.423611 0 0.0277778 0
0 0.423611 0 0.0277778 0
0 0.423611 0 0.0277778 0
0 0.423611 0 0.0277778 0
0 0.422222 0 0.0277778 0
0 0.422222 0 0.0277778 0
0 0.422222 0 0.0277778 0
0 0.422222 0 0.0277778 0
0 0.422222 0 0.0277778 0
0 0.422222 0 0.0277778 0
0 0.420833 0 0.0277778 0
0 0.420833 0 0.0277778 0
0 0.420833 0 0.0277778 0
0 0.420833 0 0.0277778 0
0 0.420833 0 0.0277778 0
0 0.420833 0 0.0277778 0
0 0.420833 0 0.0277778 0
0 0.420139 0 0.0263889 0
0 0.420833 0 0.0277778 0
0 0.420139 0 0.0291667 0
0 0.419444 0 0.0277778 0
0 0.419444 0 0.0277778 0
0 0.419444 0 0.0277778 0
0 0.419444 0 0.0277778 0
0 0.419444 0 0.0277778 0
0 0.418056 0 0.0277778 0
0 0.418056 0 0.0277778 0
0 0.418056 0 0.0277778 0
0 0.418056 0 0.0277778 0
0 0.418056 0 0.0277778 0
0 0.418056 0 0.0277778 0
0 0.417361 0 0.0291667 0
0 0.417361 0 0.0291667 0
0 0.417361 0 0.0291667 0
0 0.417361 0 0.0291667 0
0 0.417361 0 0.0291667 0
0 0.417361 0 0.0291667 0
0 0.415972 0 0.0291667 0
0 0.415972 0 0.0291667 0
0 0.415972 0 0.0291667 0
0 0.415972 0 0.0291667 0
0 0.415972 0 0.0291667 0
0 0.415972 0 0.0291667 0
0 0.415278 0 0.0305556 0
0 0.414583 0 0.0291667 0
0 0.415278 0 0.0305556 0
0 0.415278 0 0.0305556 0
0 0.414583 0 0.0319444 0
0 0.414583 0 0.0291667 0
0 0.413889 0 0.0305556 0
0 0.413889 0 0.0305556 0
0 0.413194 0 0.0291667 0
0 0.413194 0 0.0291667 0
0 0.4125 0 0.0305556 0
0 0.4125 0 0.0305556 0
0 0.4125 0 0.0305556 0
0 0.4125 0 0.0305556 0
0 0.4125 0 0.0305556 0
0 0.4125 0 0.0305556 0
0 0.411806 0 0.0319444 0
0 0.411111 0 0.0305556 0
0 0.411111 0 0.0305556 0
0 0.410417 0 0.0319444 0
0 0.410417 0 0.0319444 0
0 0.409722 0 0.0305556 0
0 0.409722 0 0.0305556 0
0 0.409028 0 0.0319444 0
0 0.409028 0 0.0319444 0
0 0.408333 0 0.0305556 0
0 0.408333 0 0.0305556 0
0 0.408333 0 0.0305556 0
0 0.408333 0 0.0305556 0
0 0.408333 0 0.0305556 0
0 0.407639 0 0.0319444 0
0 0.406944 0 0.0305556 0
0 0.406944 0 0.0305556 0
0 0.406944 0 0.0305556 0
0 0.405556 0 0.0305556 0
0 0.40625 0 0.0291667 0
0 0.405556 0 0.0305556 0
0 0.405556 0 0.0305556 0
0 0.405556 0 0.0305556 0
0 0.405556 0 0.0305556 0
0 0.404861 0 0.0319444 0
0 0.404167 0 0.0305556 0
0 0.404167 0 0.0305556 0
0 0.403472 0 0.0319444 0
0 0.403472 0 0.0319444 0
0 0.402778 0 0.0333333 0
0 0.402778 0 0.0333333 0
0 0.402083 0 0.0347222 0
0 0.402083 0 0.0319444 0
0 0.402083 0 0.0319444 0
0 0.401389 0 0.0333333 0
0 0.401389 0 0.0305556 0
0 0.400694 0 0.0319444 0
0 0.400694 0 0.0319444 0
0 0.400694 0 0.0319444 0
0 0.4 0 0.0333333 0
0 0.399306 0 0.0319444 0
0 0.4 0 0.0333333 0
0 0.4 0 0.0333333 0
0 0.4 0 0.0333333 0
0 0.398611 0 0.0333333 0
0 0.398611 0 0.0333333 0
0 0.397917 0 0.0347222 0
0 0.397917 0 0.0347222 0
0 0.397222 0 0.0333333 0
0 0.396528 0 0.0347222 0
0 0.395833 0 0.0333333 0
0 0.396528 0 0.0319444 0
0 0.395833 0 0.0333333 0
0 0.395139 0 0.0319444 0
0 0.395139 0 0.0319444 0
0 0.39375 0 0.0319444 0
0 0.39375 0 0.0319444 0
0 0.39375 0 0.0319444 0
0 0.393056 0 0.0333333 0
0 0.393056 0 0.0333333 0
0 0.393056 0 0.0333333 0
0 0.391667 0 0.0333333 0
0 0.391667 0 0.0333333 0
0 0.390972 0 0.0347222 0
0 0.390278 0 0.0361111 0
0 0.390278 0 0.0361111 0
0 0.390278 0 0.0361111 0
0 0.389583 0 0.0375 0
0 0.388889 0 0.0361111 0
0 0.388889 0 0.0361111 0
0 0.388889 0 0.0361111 0
0 0.388194 0 0.0347222 0
0 0.3875 0 0.0361111 0
0 0.3875 0 0.0361111 0
0 0.386111 0 0.0361111 0
0 0.386111 0 0.0361111 0
0 0.386111 0 0.0361111 0
0 0.385417 0 0.0375 0
0 0.385417 0 0.0375 0
0 0.384028 0 0.0347222 0
0 0.384028 0 0.0347222 0
0 0.384028 0 0.0347222 0
0 0.502083 0 0.00972222 0
0 0.384028 0 0.0347222 0
0 0.382639 0 0.0347222 0
0 0.382639 0 0.0347222 0
0 0.381944 0 0.0361111 0
0 0.38125 0 0.0347222 0
0 0.38125 0 0.0347222 0
0 0.380556 0 0.0361111 0
0 0.380556 0 0.0361111 0
0 0.379167 0 0.0361111 0
0 0.379167 0 0.0388889 0
0 0.379167 0 0.0388889 0
0 0.378472 0 0.0375 0
0 0.377778 0 0.0388889 0
0 0.377083 0 0.0375 0
0 0.377083 0 0.0375 0
0 0.376389 0 0.0388889 0
0 0.375694 0 0.0375 0
0 0.375694 0 0.0375 0
0 0.375 0 0.0388889 0
0 0.373611 0 0.0388889 0
0 0.373611 0 0.0388889 0
0 0.373611 0 0.0388889 0
0 0.373611 0 0.0388889 0
0 0.372917 0 0.0402778 0
0 0.415278 0 0.0361111 0
0 0.372222 0 0.0388889 0
0 0.372222 0 0.0388889 0
0 0.370833 0 0.0416667 0
0 0.370833 0 0.0416667 0
0 0.370139 0 0.0402778 0
0 0.36875 0 0.0375 0
0 0.36875 0 0.0375 0
0 0.368056 0 0.0388889 0
0 0.368056 0 0.0388889 0
0 0.366667 0 0.0388889 0
0 0.366667 0 0.0388889 0
0 0.365972 0 0.0402778 0
0 0.365278 0 0.0388889 0
0 0.365278 0 0.0388889 0
0 0.363889 0 0.0388889 0
0 0.363889 0 0.0388889 0
0 0.3625 0 0.0388889 0
0 0.361806 0 0.0402778 0
0 0.361806 0 0.0402778 0
0 0.361111 0 0.0388889 0
0 0.360417 0 0.0402778 0
0 0.359722 0 0.0416667 0
0 0.359722 0 0.0416667 0
0 0.359028 0 0.0402778 0
0 0.357639 0 0.0402778 0
0 0.357639 0 0.0402778 0
0 0.356944 0 0.0416667 0
0 0.35625 0 0.0402778 0
0 0.355556 0 0.0416667 0
0 0.355556 0 0.0416667 0
0 0.354861 0 0.0402778 0
0 0.353472 0 0.0402778 0
0 0.352778 0 0.0416667 0
0 0.353472 0 0.0430556 0
0 0.352778 0 0.0416667 0
0 0.351389 0 0.0416667 0
0 0.350694 0 0.0430556 0
0 0.35 0 0.0416667 0
0 0.349306 0 0.0402778 0
0 0.40625 0 0.0430556 0
0 0.348611 0 0.0416667 0
0 0.40625 0 0.0430556 0
0 0.347917 0 0.0402778 0
0 0.40625 0 0.0430556 0
0 0.347917 0 0.0430556 0
0 0.347222 0 0.0416667 0
0 0.345833 0 0.0444444 0
0 0.405556 0 0.0444444 0
0 0.345139 0 0.0430556 0
0 0.405556 0 0.0444444 0
0 0.34375 0 0.0402778 0
0 0.404167 0 0.0444444 0
0 0.34375 0 0.0402778 0
0 0.342361 0 0.0430556 0
0 0.342361 0 0.0430556 0
0 0.343056 0 0.0444444 0
0 0.404167 0 0.0444444 0
0 0.341667 0 0.0444444 0
0 0.404167 0 0.0444444 0
0 0.340972 0 0.0430556 0
0 0.403472 0 0.0430556 0
0 0.340972 0 0.0430556 0
0 0.402778 0 0.0444444 0
0 0.339583 0 0.0430556 0
0 0.402778 0 0.0472222 0
0 0.339583 0 0.0430556 0
0 0.338194 0 0.0430556 0
0 0.3375 0 0.0416667 0
0 0.336806 0 0.0458333 0
0 0.336806 0 0.0458333 0
0 0.335417 0 0.0458333 0
0 0.334722 0 0.0444444 0
0 0.333333 0 0.0472222 0
0 0.332639 0 0.0430556 0
0 0.331944 0 0.0444444 0
0 0.33125 0 0.0430556 0
0 0.330556 0 0.0444444 0
0 0.329861 0 0.0430556 0
0 0.329861 0 0.0458333 0
0 0.329167 0 0.0444444 0
0 0.398611 0 0.0444444 0
0 0.328472 0 0.0458333 0
0 0.398611 0 0.0444444 0
0 0.327778 0 0.0444444 0
0 0.327083 0 0.0458333 0
0 0.397917 0 0.0458333 0
0 0.326389 0 0.0444444 0
0 0.324306 0 0.0513889 0
0 0.397917 0 0.0458333 0
0 0.489583 0 0.0125 0
0 0.323611 0 0.0472222 0
0 0.397917 0 0.0458333 0
0 0.323611 0 0.0472222 0
0 0.489583 0 0.0125 0
0 0.397917 0 0.0458333 0
0 0.321528 0 0.0458333 0
0 0.489583 0 0.0125 0
0 0.397917 0 0.0458333 0
0 0.320833 0 0.0472222 0
0 0.397222 0 0.0472222 0
0 0.320833 0 0.0472222 0
0 0.319444 0 0.0472222 0
0 0.31875 0 0.0458333 0
0 0.396528 0 0.0486111 0
0 0.31875 0 0.0458333 0
0 0.395139 0 0.0486111 0
0 0.317361 0 0.0458333 0
0 0.395139 0 0.0486111 0
0 0.315972 0 0.0458333 0
0 0.488194 0 0.0125 0
0 0.315972 0 0.0458333 0
0 0.315278 0 0.0472222 0
0 0.395139 0 0.0486111 0
0 0.315278 0 0.0472222 0
0 0.394444 0 0.05 0
0 0.313889 0 0.0472222 0
0 0.39375 0 0.0486111 0
0 0.3125 0 0.0472222 0
0 0.394444 0 0.05 0
0 0.311806 0 0.0541667 0
0 0.310417 0 0.0541667 0
0 0.309722 0 0.0472222 0
0 0.308333 0 0.0472222 0
0 0.307639 0 0.0486111 0
0 0.394444 0 0.05 0
0 0.306944 0 0.0472222 0
0 0.30625 0 0.0458333 0
0 0.30625 0 0.0458333 0
0 0.30625 0 0.0486111 0
0 0.30625 0 0.0486111 0
0 0.392361 0 0.0513889 0
0 0.304861 0 0.0486111 0
0 0.392361 0 0.0513889 0
0 0.303472 0 0.0486111 0
0 0.392361 0 0.0513889 0
0 0.303472 0 0.0486111 0
0 0.390972 0 0.0513889 0
0 0.302083 0 0.0486111 0
0 0.300694 0 0.0486111 0
0 0.299306 0 0.0486111 0
0 0.299306 0 0.0486111 0
0 0.390278 0 0.0527778 0
0 0.297917 0 0.0513889 0
0 0.390278 0 0.0527778 0
0 0.295833 0 0.05 0
0 0.295139 0 0.0486111 0
0 0.260417 0 0.0180556 0
0 0.29375 0 0.0486111 0
0 0.29375 0 0.0486111 0
0 0.292361 0 0.0486111 0
0 0.292361 0 0.0486111 0
0 0.290972 0 0.0486111 0
0 0.290972 0 0.0486111 0
0 0.289583 0 0.0486111 0
0 0.288889 0 0.05 0
0 0.288194 0 0.0513889 0
0 0.2875 0 0.0527778 0
0 0.48125 0 0.0125 0
0 0.286806 0 0.0541667 0
0 0.48125 0 0.0125 0
0 0.386111 0 0.05 0
0 0.285417 0 0.0541667 0
0 0.284028 0 0.0513889 0
0 0.385417 0 0.0513889 0
0 0.281944 0 0.0472222 0
0 0.384722 0 0.0527778 0
0 0.28125 0 0.0486111 0
0 0.279861 0 0.0486111 0
0 0.479167 0 0.0138889 0
0 0.279861 0 0.0513889 0
0 0.479167 0 0.0138889 0
0 0.278472 0 0.0513889 0
0 0.277083 0 0.0513889 0
0 0.277083 0 0.0513889 0
0 0.384028 0 0.0513889 0
0 0.274306 0 0.0513889 0
0 0.384028 0 0.0513889 0
0 0.273611 0 0.05 0
0 0.477778 0 0.0111111 0
0 0.384028 0 0.0513889 0
0 0.272917 0 0.0513889 0
0 0.384028 0 0.0513889 0
0 0.272222 0 0.0527778 0
0 0.383333 0 0.0527778 0
0 0.270833 0 0.0527778 0
0 0.270139 0 0.0513889 0
0 0.26875 0 0.0513889 0
0 0.267361 0 0.0513889 0
0 0.267361 0 0.0513889 0
0 0.477083 0 0.0125 0
0 0.265972 0 0.0541667 0
0 0.381944 0 0.0583333 0
0 0.264583 0 0.0541667 0
0 0.263194 0 0.0541667 0
0 0.2625 0 0.0555556 0
0 0.261111 0 0.0555556 0
0 0.261111 0 0.0555556 0
0 0.259722 0 0.0555556 0
0 0.258333 0 0.0527778 0
0 0.257639 0 0.0513889 0
0 0.255556 0 0.0527778 0
0 0.254167 0 0.0527778 0
0 0.252778 0 0.0527778 0
0 0.252083 0 0.0541667 0
0 0.251389 0 0.0527778 0
0 0.251389 0 0.0527778 0
0 0.377778 0 0.0527778 0
0 0.248611 0 0.0527778 0
0 0.247222 0 0.0527778 0
0 0.247222 0 0.0527778 0
0 0.245833 0 0.0527778 0
0 0.377778 0 0.0555556 0
0 0.244444 0 0.0527778 0
0 0.377778 0 0.0555556 0
0 0.244444 0 0.0527778 0
0 0.376389 0 0.0555556 0
0 0.243056 0 0.0527778 0
0 0.240278 0 0.0555556 0
0 0.238889 0 0.0555556 0
0 0.2375 0 0.0583333 0
0 0.2375 0 0.0583333 0
0 0.236111 0 0.0583333 0
0 0.235417 0 0.0569444 0
0 0.46875 0 0.0125 0
0 0.234028 0 0.0541667 0
0 0.233333 0 0.0527778 0
0 0.468056 0 0.0138889 0
0 0.23125 0 0.0541667 0
0 0.228472 0 0.0541667 0
0 0.467361 0 0.0125 0
0 0.575694 0 0.0125 0
0 0.227778 0 0.0555556 0
0 0.226389 0 0.0555556 0
0 0.466667 0 0.0138889 0
0 0.225 0 0.0555556 0
0 0.466667 0 0.0138889 0
0 0.224306 0 0.0541667 0
0 0.223611 0 0.0555556 0
0 0.221528 0 0.0541667 0
0 0.465972 0 0.0125 0
0 0.220139 0 0.0541667 0
0 0.219444 0 0.0555556 0
0 0.464583 0 0.0125 0
0 0.218056 0 0.0555556 0
0 0.464583 0 0.0125 0
0 0.216667 0 0.0555556 0
0 0.214583 0 0.0569444 0
0 0.213889 0 0.0583333 0
0 0.2125 0 0.0583333 0
0 0.572222 0 0.0138889 0
0 0.463889 0 0.0138889 0
0 0.211806 0 0.0597222 0
0 0.210417 0 0.0569444 0
0 0.209028 0 0.0569444 0
0 0.571528 0 0.0125 0
0 0.207639 0 0.0569444 0
0 0.571528 0 0.0125 0
0 0.207639 0 0.0569444 0
0 0.204167 0 0.0555556 0
0 0.203472 0 0.0569444 0
0 0.367361 0 0.0569444 0
0 0.202083 0 0.0569444 0
0 0.368056 0 0.0555556 0
0 0.200694 0 0.0569444 0
0 0.365972 0 0.0569444 0
0 0.199306 0 0.0569444 0
0 0.570139 0 0.0125 0
0 0.197222 0 0.0555556 0
0 0.195833 0 0.0555556 0
0 0.366667 0 0.0555556 0
0 0.195139 0 0.0569444 0
0 0.365972 0 0.0541667 0
0 0.194444 0 0.0583333 0
0 0.191667 0 0.0583333 0
0 0.190278 0 0.0583333 0
0 0.190278 0 0.0583333 0
0 0.188889 0 0.0611111 0
0 0.364583 0 0.0541667 0
0 0.1875 0 0.0694444 0
0 0.365278 0 0.0527778 0
0 0.186111 0 0.0611111 0
0 0.365278 0 0.0527778 0
0 0.183333 0 0.0583333 0
0 0.365278 0 0.0527778 0
0 0.183333 0 0.0583333 0
0 0.364583 0 0.0513889 0
0 0.179167 0 0.0611111 0
0 0.364583 0 0.0513889 0
0 0.179167 0 0.0611111 0
0 0.363889 0 0.0527778 0
0 0.177778 0 0.0583333 0
0 0.176389 0 0.0583333 0
0 0.175694 0 0.0597222 0
0 0.174306 0 0.0597222 0
0 0.172222 0 0.0583333 0
0 0.170833 0 0.0583333 0
0 0.16875 0 0.0597222 0
0 0.167361 0 0.0597222 0
0 0.165278 0 0.0611111 0
0 0.164583 0 0.0597222 0
0 0.361806 0 0.0486111 0
0 0.1625 0 0.0722222 0
0 0.161111 0 0.0611111 0
0 0.161111 0 0.0611111 0
0 0.158333 0 0.0611111 0
0 0.157639 0 0.0597222 0
0 0.359722 0 0.0472222 0
0 0.155556 0 0.0611111 0
0 0.153472 0 0.0569444 0
0 0.358333 0 0.05 0
0 0.152083 0 0.0597222 0
0 0.150694 0 0.0597222 0
0 0.149306 0 0.0597222 0
0 0.147222 0 0.0611111 0
0 0.358333 0 0.0472222 0
0 0.146528 0 0.0597222 0
0 0.35625 0 0.0486111 0
0 0.14375 0 0.0597222 0
0 0.14375 0 0.0597222 0
0 0.140278 0 0.0611111 0
0 0.355556 0 0.05 0
0 0.138194 0 0.0625 0
0 0.35625 0 0.0486111 0
0 0.1375 0 0.0611111 0
0 0.355556 0 0.0472222 0
0 0.136111 0 0.0638889 0
0 0.354861 0 0.0486111 0
0 0.135417 0 0.0625 0
0 0.133333 0 0.0638889 0
0 0.131944 0 0.0611111 0
0 0.130556 0 0.0638889 0
0 0.354167 0 0.0444444 0
0 0.127778 0 0.0638889 0
0 0.127778 0 0.0638889 0
0 0.126389 0 0.0666667 0
0 0.123611 0 0.075 0
0 0.123611 0 0.075 0
0 0.121528 0 0.0652778 0
0 0.121528 0 0.0652778 0
0 0.120833 0 0.0666667 0
0 0.119444 0 0.075 0
0 0.116667 0 0.075 0
0 0.113889 0 0.075 0
0 0.113194 0 0.0791667 0
0 0.115972 0 0.0875 0
0 0.113889 0 0.0861111 0
0 0.111806 0 0.0847222 0
0 0.108333 0 0.0833333 0
0 0.107639 0 0.0847222 0
0 0.10625 0 0.0847222 0
0 0.102778 0 0.0805556 0
0 0.104167 0 0.0861111 0
0 0.0993056 0 0.0763889 0
0 0.0993056 0 0.0819444 0
0 0.0965278 0 0.0708333 0
0 0.0965278 0 0.0791667 0
0 0.0965278 0 0.0819444 0
0 0.0916667 0 0.0805556 0
0 0.0881944 0 0.0736111 0
0 0.0881944 0 0.0791667 0
0 0.344444 0 0.05 0
0 0.0833333 0 0.075 0
0 0.34375 0 0.0513889 0
0 0.0833333 0 0.0777778 0
0 0.0798611 0 0.0763889 0
0 0.0791667 0 0.075 0
0 0.34375 0 0.0486111 0
0 0.0770833 0 0.0708333 0
0 0.343056 0 0.0527778 0
0 0.0763889 0 0.0777778 0
0 0.0743056 0 0.0791667 0
0 0.075 0 0.0722222 0
0 0.075 0 0.0722222 0
0 0.0701389 0 0.0736111 0
0 0.0659722 0 0.0708333 0
0 0.0659722 0 0.0708333 0
0 0.0631944 0 0.0736111 0
0 0.0638889 0 0.075 0
0 0.0673611 0 0.0930556 0
0 0.0590278 0 0.0791667 0
0 0.0583333 0 0.0805556 0
0 0.0583333 0 0.0805556 0
0 0.05625 0 0.0763889 0
0 0.0555556 0 0.0777778 0
0 0.0513889 0 0.0916667 0
0 0.0493056 0 0.0875 0
0 0.0493056 0 0.0930556 0
0 0.0472222 0 0.0916667 0
0 0.0472222 0 0.0944444 0
0 0.04375 0 0.0875 0
0 0.0402778 0 0.0805556 0
0 0.0409722 0 0.0819444 0
0 0.0409722 0 0.0819444 0
0 0.0388889 0 0.0777778 0
0 0.0409722 0 0.0819444 0
0 0.0368056 0 0.0736111 0
0 0.333333 0 0.0472222 0
0 0.0319444 0 0.0638889 0
