0 0.790278 0 0.0194444 0
0 0.365278 0 0.0166667 0
0 0.646528 0 0.0180556 0
0 0.530556 1 0.0944444 0
0 0.790278 0 0.0194444 0
0 0.365278 0 0.0166667 0
0 0.646528 0 0.0180556 0
0 0.531944 1 0.0944444 0
0 0.365278 0 0.0166667 0
0 0.790278 0 0.0194444 0
0 0.646528 0 0.0180556 0
0 0.531944 1 0.0944444 0
0 0.365278 0 0.0166667 0
0 0.790278 0 0.0194444 0
0 0.646528 0 0.0180556 0
0 0.531944 1 0.0944444 0
0 0.365278 0 0.0166667 0
0 0.790278 0 0.0194444 0
0 0.646528 0 0.0180556 0
0 0.531944 1 0.0944444 0
0 0.365278 0 0.0166667 0
0 0.790278 0 0.0194444 0
0 0.646528 0 0.0180556 0
0 0.531944 1 0.0944444 0
0 0.790278 0 0.0194444 0
0 0.365278 0 0.0166667 0
0 0.646528 0 0.0180556 0
0 0.531944 1 0.0944444 0
0 0.365278 0 0.0166667 0
0 0.790972 0 0.0180556 0
0 0.646528 0 0.0180556 0
0 0.531944 1 0.0944444 0
0 0.790972 0 0.0180556 0
0 0.646528 0 0.0180556 0
0 0.365278 0 0.0166667 0
0 0.531944 1 0.0944444 0
0 0.790278 0 0.0194444 0
0 0.365278 0 0.0166667 0
0 0.646528 0 0.0180556 0
0 0.531944 1 0.0944444 0
0 0.790972 0 0.0180556 0
0 0.365278 0 0.0166667 0
0 0.646528 0 0.0180556 0
0 0.531944 1 0.0944444 0
0 0.365278 0 0.0166667 0
0 0.790278 0 0.0194444 0
0 0.646528 0 0.0180556 0
0 0.531944 1 0.0944444 0
0 0.790972 0 0.0180556 0
0 0.645833 0 0.0166667 0
0 0.365278 0 0.0166667 0
0 0.531944 1 0.0944444 0
0 0.365278 0 0.0166667 0
0 0.790972 0 0.0180556 0
0 0.646528 0 0.0180556 0
0 0.531944 1 0.0944444 0
0 0.365278 0 0.0166667 0
0 0.790972 0 0.0180556 0
0 0.645833 0 0.0166667 0
0 0.531944 1 0.0944444 0
0 0.790278 0 0.0194444 0
0 0.365278 0 0.0166667 0
0 0.646528 0 0.0180556 0
0 0.531944 1 0.0944444 0
0 0.790278 0 0.0194444 0
0 0.365278 0 0.0166667 0
0 0.646528 0 0.0180556 0
0 0.530556 1 0.0944444 0
0 0.365278 0 0.0166667 0
0 0.790278 0 0.0194444 0
0 0.645833 0 0.0166667 0
0 0.530556 1 0.0944444 0
0 0.790278 0 0.0194444 0
0 0.365278 0 0.0166667 0
0 0.646528 0 0.0180556 0
0 0.530556 1 0.0944444 0
0 0.790278 0 0.0194444 0
0 0.364583 0 0.0180556 0
0 0.645833 0 0.0166667 0
0 0.530556 1 0.0944444 0
0 0.790278 0 0.0194444 0
0 0.365278 0 0.0166667 0
0 0.645833 0 0.0166667 0
0 0.530556 1 0.0944444 0
0 0.790278 0 0.0194444 0
0 0.365278 0 0.0166667 0
0 0.645833 0 0.0166667 0
0 0.530556 1 0.0944444 0
0 0.790278 0 0.0194444 0
0 0.365278 0 0.0166667 0
0 0.646528 0 0.0180556 0
0 0.530556 1 0.0944444 0
0 0.790278 0 0.0194444 0
0 0.365278 0 0.0166667 0
0 0.646528 0 0.0180556 0
0 0.530556 1 0.0944444 0
0 0.790278 0 0.0194444 0
0 0.365278 0 0.0166667 0
0 0.646528 0 0.0180556 0
0 0.530556 1 0.0944444 0
0 0.790278 0 0.0194444 0
0 0.365278 0 0.0166667 0
0 0.646528 0 0.0180556 0
0 0.530556 1 0.0944444 0
0 0.469444 0 0.0305556 0
0 0.790278 0 0.0194444 0
0 0.365278 0 0.0166667 0
0 0.646528 0 0.0180556 0
0 0.529861 1 0.0930556 0
0 0.46875 0 0.0319444 0
0 0.790278 0 0.0194444 0
0 0.365278 0 0.0166667 0
0 0.646528 0 0.0180556 0
0 0.528472 1 0.0902778 0
0 0.790278 0 0.0194444 0
0 0.46875 0 0.0319444 0
0 0.365278 0 0.0166667 0
0 0.646528 0 0.0180556 0
0 0.528472 1 0.0902778 0
0 0.365278 0 0.0166667 0
0 0.46875 0 0.0319444 0
0 0.790972 0 0.0180556 0
0 0.646528 0 0.0180556 0
0 0.528472 1 0.0902778 0
0 0.790278 0 0.0194444 0
0 0.364583 0 0.0180556 0
0 0.645833 0 0.0166667 0
0 0.528472 1 0.0902778 0
0 0.790278 0 0.0166667 0
0 0.365278 0 0.0166667 0
0 0.646528 0 0.0180556 0
0 0.528472 1 0.0902778 0
0 0.790278 0 0.0194444 0
0 0.364583 0 0.0180556 0
0 0.645833 0 0.0166667 0
0 0.528472 1 0.0902778 0
0 0.789583 0 0.0180556 0
0 0.365278 0 0.0166667 0
0 0.646528 0 0.0180556 0
0 0.528472 1 0.0902778 0
0 0.364583 0 0.0180556 0
0 0.789583 0 0.0180556 0
0 0.645833 0 0.0166667 0
0 0.528472 1 0.0902778 0
0 0.789583 0 0.0180556 0
0 0.364583 0 0.0180556 0
0 0.645833 0 0.0166667 0
0 0.528472 1 0.0902778 0
0 0.364583 0 0.0180556 0
0 0.789583 0 0.0180556 0
0 0.646528 0 0.0180556 0
0 0.527778 1 0.0888889 0
0 0.790278 0 0.0194444 0
0 0.364583 0 0.0180556 0
0 0.645833 0 0.0166667 0
0 0.527778 1 0.0888889 0
0 0.789583 0 0.0180556 0
0 0.364583 0 0.0180556 0
0 0.645833 0 0.0166667 0
0 0.527778 1 0.0888889 0
0 0.789583 0 0.0180556 0
0 0.364583 0 0.0180556 0
0 0.645833 0 0.0166667 0
0 0.527778 1 0.0888889 0
0 0.789583 0 0.0180556 0
0 0.365278 0 0.0166667 0
0 0.645833 0 0.0166667 0
0 0.527083 1 0.0902778 0
0 0.789583 0 0.0180556 0
0 0.364583 0 0.0180556 0
0 0.645833 0 0.0166667 0
0 0.527083 1 0.0902778 0
0 0.789583 0 0.0180556 0
0 0.365278 0 0.0166667 0
0 0.645833 0 0.0166667 0
0 0.527083 1 0.0902778 0
0 0.789583 0 0.0180556 0
0 0.364583 0 0.0180556 0
0 0.645833 0 0.0166667 0
0 0.527083 1 0.0902778 0
0 0.789583 0 0.0180556 0
0 0.365278 0 0.0166667 0
0 0.645833 0 0.0166667 0
0 0.527083 1 0.0902778 0
0 0.789583 0 0.0180556 0
0 0.365278 0 0.0166667 0
0 0.645833 0 0.0166667 0
0 0.527083 1 0.0902778 0
0 0.789583 0 0.0180556 0
0 0.364583 0 0.0180556 0
0 0.645833 0 0.0166667 0
0 0.527083 1 0.0902778 0
0 0.789583 0 0.0180556 0
0 0.365278 0 0.0166667 0
0 0.645833 0 0.0166667 0
0 0.527083 1 0.0902778 0
0 0.365278 0 0.0166667 0
0 0.789583 0 0.0180556 0
0 0.645833 0 0.0166667 0
0 0.527083 1 0.0902778 0
0 0.789583 0 0.0180556 0
0 0.365278 0 0.0166667 0
0 0.645833 0 0.0166667 0
0 0.527083 1 0.0902778 0
0 0.789583 0 0.0180556 0
0 0.365278 0 0.0166667 0
0 0.645833 0 0.0166667 0
0 0.527083 1 0.0902778 0
0 0.789583 0 0.0180556 0
0 0.364583 0 0.0180556 0
0 0.645833 0 0.0166667 0
0 0.527083 1 0.0902778 0
0 0.789583 0 0.0180556 0
0 0.364583 0 0.0180556 0
0 0.645833 0 0.0166667 0
0 0.527083 1 0.0902778 0
0 0.789583 0 0.0180556 0
0 0.364583 0 0.0180556 0
0 0.645833 0 0.0166667 0
0 0.527083 1 0.0902778 0
0 0.789583 0 0.0180556 0
0 0.365278 0 0.0166667 0
0 0.645833 0 0.0166667 0
0 0.527083 1 0.0902778 0
0 0.365278 0 0.0166667 0
0 0.789583 0 0.0180556 0
0 0.645833 0 0.0166667 0
0 0.527083 1 0.0902778 0
0 0.789583 0 0.0180556 0
0 0.364583 0 0.0180556 0
0 0.645833 0 0.0166667 0
0 0.527083 1 0.0902778 0
0 0.364583 0 0.0180556 0
0 0.789583 0 0.0180556 0
0 0.645833 0 0.0166667 0
0 0.527083 1 0.0902778 0
0 0.365278 0 0.0194444 0
0 0.789583 0 0.0180556 0
0 0.645833 0 0.0166667 0
0 0.527083 1 0.0902778 0
0 0.364583 0 0.0180556 0
0 0.789583 0 0.0180556 0
0 0.645833 0 0.0166667 0
0 0.527083 1 0.0902778 0
0 0.364583 0 0.0180556 0
0 0.789583 0 0.0180556 0
0 0.645833 0 0.0166667 0
0 0.527083 1 0.0902778 0
0 0.789583 0 0.0180556 0
0 0.645833 0 0.0166667 0
0 0.527083 1 0.0902778 0
0 0.364583 0 0.0180556 0
0 0.790278 0 0.0166667 0
0 0.645833 0 0.0166667 0
0 0.527083 1 0.0902778 0
0 0.790278 0 0.0166667 0
0 0.645833 0 0.0166667 0
0 0.527083 1 0.0902778 0
0 0.365278 0 0.0166667 0
0 0.790278 0 0.0194444 0
0 0.645833 0 0.0166667 0
0 0.527778 1 0.0888889 0
0 0.364583 0 0.0180556 0
0 0.790278 0 0.0166667 0
0 0.645833 0 0.0166667 0
0 0.527778 1 0.0888889 0
0 0.365278 0 0.0166667 0
0 0.790278 0 0.0166667 0
0 0.645833 0 0.0166667 0
0 0.527083 1 0.0902778 0
0 0.364583 0 0.0180556 0
0 0.790278 0 0.0166667 0
0 0.645833 0 0.0166667 0
0 0.527083 1 0.0902778 0
0 0.364583 0 0.0180556 0
0 0.790278 0 0.0166667 0
0 0.645833 0 0.0166667 0
0 0.527778 1 0.0888889 0
0 0.790278 0 0.0194444 0
0 0.365278 0 0.0166667 0
0 0.646528 0 0.0180556 0
0 0.528472 1 0.0902778 0
0 0.365278 0 0.0166667 0
0 0.790972 0 0.0180556 0
0 0.645833 0 0.0166667 0
0 0.528472 1 0.0902778 0
0 0.365278 0 0.0166667 0
0 0.790278 0 0.0166667 0
0 0.645833 0 0.0166667 0
0 0.528472 1 0.0902778 0
0 0.790278 0 0.0194444 0
0 0.365278 0 0.0166667 0
0 0.646528 0 0.0180556 0
0 0.528472 1 0.0902778 0
0 0.790278 0 0.0194444 0
0 0.365278 0 0.0166667 0
0 0.646528 0 0.0180556 0
0 0.528472 1 0.0902778 0
0 0.790278 0 0.0194444 0
0 0.365278 0 0.0166667 0
0 0.645833 0 0.0166667 0
0 0.529167 1 0.0916667 0
0 0.790278 0 0.0194444 0
0 0.365278 0 0.0166667 0
0 0.646528 0 0.0180556 0
0 0.529167 1 0.0916667 0
0 0.790278 0 0.0194444 0
0 0.365278 0 0.0166667 0
0 0.646528 0 0.0180556 0
0 0.529167 1 0.0916667 0
0 0.365278 0 0.0166667 0
0 0.646528 0 0.0180556 0
0 0.529167 1 0.0916667 0
0 0.790278 0 0.0194444 0
0 0.365278 0 0.0166667 0
0 0.646528 0 0.0180556 0
0 0.529167 1 0.0916667 0
0 0.365278 0 0.0166667 0
0 0.646528 0 0.0180556 0
0 0.529167 1 0.0916667 0
0 0.365972 0 0.0180556 0
0 0.646528 0 0.0180556 0
0 0.529167 1 0.0916667 0
0 0.365972 0 0.0180556 0
0 0.646528 0 0.0180556 0
0 0.529861 1 0.0930556 0
0 0.365972 0 0.0180556 0
0 0.647222 0 0.0166667 0
0 0.529861 1 0.0930556 0
0 0.365972 0 0.0180556 0
0 0.646528 0 0.0180556 0
0 0.529861 1 0.0930556 0
0 0.790278 0 0.0194444 0
0 0.365972 0 0.0180556 0
0 0.647222 0 0.0166667 0
0 0.529861 1 0.0930556 0
0 0.365972 0 0.0180556 0
0 0.647222 0 0.0194444 0
0 0.529861 1 0.0930556 0
0 0.365972 0 0.0180556 0
0 0.647222 0 0.0194444 0
0 0.530556 1 0.0944444 0
0 0.365972 0 0.0180556 0
0 0.647222 0 0.0194444 0
0 0.530556 1 0.0944444 0
0 0.365278 0 0.0194444 0
0 0.647222 0 0.0166667 0
0 0.530556 1 0.0944444 0
0 0.365972 0 0.0180556 0
0 0.647222 0 0.0194444 0
0 0.530556 1 0.0944444 0
0 0.365972 0 0.0180556 0
0 0.647222 0 0.0194444 0
0 0.530556 1 0.0944444 0
0 0.365278 0 0.0166667 0
0 0.647222 0 0.0194444 0
0 0.530556 1 0.0944444 0
0 0.365972 0 0.0180556 0
0 0.647222 0 0.0194444 0
0 0.529861 1 0.0958333 0
0 0.365972 0 0.0180556 0
0 0.647222 0 0.0194444 0
0 0.529861 1 0.0958333 0
0 0.365972 0 0.0180556 0
0 0.647222 0 0.0194444 0
0 0.529861 1 0.0958333 0
0 0.365972 0 0.0180556 0
0 0.647222 0 0.0194444 0
0 0.530556 1 0.0944444 0
0 0.365972 0 0.0180556 0
0 0.647222 0 0.0194444 0
0 0.530556 1 0.0944444 0
0 0.790972 0 0.0180556 0
0 0.365972 0 0.0180556 0
0 0.470139 0 0.0319444 0
0 0.647222 0 0.0194444 0
0 0.530556 1 0.0944444 0
0 0.790972 0 0.0180556 0
0 0.469444 0 0.0333333 0
0 0.365972 0 0.0180556 0
0 0.647917 0 0.0180556 0
0 0.530556 1 0.0944444 0
0 0.469444 0 0.0333333 0
0 0.790972 0 0.0180556 0
0 0.365972 0 0.0180556 0
0 0.647222 0 0.0194444 0
0 0.530556 1 0.0944444 0
0 0.790972 0 0.0180556 0
0 0.469444 0 0.0333333 0
0 0.365972 0 0.0180556 0
0 0.647917 0 0.0180556 0
0 0.530556 1 0.0944444 0
0 0.791667 0 0.0166667 0
0 0.646528 0 0.0208333 0
0 0.364583 0 0.0180556 0
0 0.53125 1 0.0958333 0
0 0.791667 0 0.0166667 0
0 0.646528 0 0.0208333 0
0 0.364583 0 0.0180556 0
0 0.53125 1 0.0958333 0
0 0.791667 0 0.0166667 0
0 0.365278 0 0.0166667 0
0 0.647222 0 0.0194444 0
0 0.531944 1 0.0944444 0
0 0.791667 0 0.0166667 0
0 0.364583 0 0.0180556 0
0 0.647222 0 0.0194444 0
0 0.531944 1 0.0944444 0
0 0.365278 0 0.0166667 0
0 0.646528 0 0.0208333 0
0 0.53125 1 0.0958333 0
0 0.364583 0 0.0208333 0
0 0.790972 0 0.0180556 0
0 0.647222 0 0.0194444 0
0 0.531944 1 0.0944444 0
0 0.365278 0 0.0194444 0
0 0.648611 0 0.0194444 0
0 0.53125 1 0.0958333 0
0 0.647917 0 0.0180556 0
0 0.365278 0 0.0194444 0
0 0.531944 1 0.0972222 0
0 0.791667 0 0.0194444 0
0 0.365278 0 0.0194444 0
0 0.647917 0 0.0180556 0
0 0.531944 1 0.0972222 0
0 0.365278 0 0.0194444 0
0 0.647917 0 0.0180556 0
0 0.531944 1 0.0972222 0
0 0.365278 0 0.0166667 0
0 0.793056 0 0.0166667 0
0 0.647222 0 0.0166667 0
0 0.531944 1 0.0972222 0
0 0.365278 0 0.0166667 0
0 0.793056 0 0.0166667 0
0 0.647222 0 0.0166667 0
0 0.531944 1 0.0972222 0
0 0.365278 0 0.0166667 0
0 0.793056 0 0.0166667 0
0 0.647917 0 0.0180556 0
0 0.531944 1 0.0972222 0
0 0.219444 0 0.0166667 0
0 0.468056 0 0.0361111 0
0 0.79375 0 0.0180556 0
0 0.364583 0 0.0180556 0
0 0.647917 0 0.0180556 0
0 0.531944 1 0.0972222 0
0 0.468056 0 0.0333333 0
0 0.79375 0 0.0180556 0
0 0.364583 0 0.0180556 0
0 0.647917 0 0.0180556 0
0 0.531944 1 0.0972222 0
0 0.468056 0 0.0333333 0
0 0.79375 0 0.0180556 0
0 0.364583 0 0.0180556 0
0 0.647917 0 0.0180556 0
0 0.531944 1 0.0972222 0
0 0.468056 0 0.0361111 0
0 0.79375 0 0.0180556 0
0 0.364583 0 0.0180556 0
0 0.647917 0 0.0180556 0
0 0.531944 1 0.0972222 0
0 0.364583 0 0.0180556 0
0 0.648611 0 0.0194444 0
0 0.531944 1 0.0972222 0
0 0.79375 0 0.0180556 0
0 0.364583 0 0.0180556 0
0 0.649306 0 0.0180556 0
0 0.532639 1 0.0986111 0
0 0.79375 0 0.0180556 0
0 0.364583 0 0.0180556 0
0 0.649306 0 0.0180556 0
0 0.532639 1 0.0986111 0
0 0.79375 0 0.0180556 0
0 0.648611 0 0.0194444 0
0 0.364583 0 0.0180556 0
0 0.532639 1 0.0986111 0
0 0.79375 0 0.0180556 0
0 0.648611 0 0.0194444 0
0 0.364583 0 0.0180556 0
0 0.532639 1 0.0986111 0
0 0.363889 0 0.0166667 0
0 0.648611 0 0.0194444 0
0 0.531944 1 0.1 0
0 0.647917 0 0.0208333 0
0 0.363889 0 0.0166667 0
0 0.531944 1 0.1 0
0 0.363889 0 0.0166667 0
0 0.648611 0 0.0194444 0
0 0.531944 1 0.1 0
0 0.363889 0 0.0166667 0
0 0.648611 0 0.0194444 0
0 0.531944 1 0.1 0
0 0.647917 0 0.0208333 0
0 0.363889 0 0.0166667 0
0 0.531944 1 0.1 0
0 0.647917 0 0.0208333 0
0 0.363889 0 0.0166667 0
0 0.531944 1 0.1 0
0 0.794444 0 0.0166667 0
0 0.363889 0 0.0166667 0
0 0.649306 0 0.0180556 0
0 0.532639 1 0.101389 0
0 0.794444 0 0.0166667 0
0 0.363889 0 0.0166667 0
0 0.649306 0 0.0180556 0
0 0.532639 1 0.101389 0
0 0.795139 0 0.0180556 0
0 0.363889 0 0.0166667 0
0 0.649306 0 0.0180556 0
0 0.532639 1 0.101389 0
0 0.795139 0 0.0180556 0
0 0.363889 0 0.0166667 0
0 0.649306 0 0.0152778 0
0 0.532639 1 0.101389 0
0 0.795139 0 0.0180556 0
0 0.363889 0 0.0166667 0
0 0.649306 0 0.0152778 0
0 0.532639 1 0.101389 0
0 0.795139 0 0.0180556 0
0 0.648611 0 0.0166667 0
0 0.363194 0 0.0180556 0
0 0.532639 1 0.101389 0
0 0.363194 0 0.0180556 0
0 0.795139 0 0.0180556 0
0 0.649306 0 0.0180556 0
0 0.53125 1 0.101389 0
0 0.363194 0 0.0180556 0
0 0.795139 0 0.0180556 0
0 0.649306 0 0.0180556 0
0 0.53125 1 0.101389 0
0 0.795139 0 0.0180556 0
0 0.363194 0 0.0180556 0
0 0.649306 0 0.0180556 0
0 0.53125 1 0.101389 0
0 0.3625 0 0.0166667 0
0 0.795833 0 0.0194444 0
0 0.649306 0 0.0180556 0
0 0.532639 1 0.101389 0
0 0.648611 0 0.0166667 0
0 0.531944 1 0.1 0
0 0.361806 0 0.0180556 0
0 0.795833 0 0.0194444 0
0 0.649306 0 0.0152778 0
0 0.53125 1 0.101389 0
0 0.361806 0 0.0180556 0
0 0.795833 0 0.0194444 0
0 0.649306 0 0.0152778 0
0 0.53125 1 0.101389 0
0 0.361806 0 0.0180556 0
0 0.795833 0 0.0194444 0
0 0.649306 0 0.0152778 0
0 0.53125 1 0.101389 0
0 0.795833 0 0.0194444 0
0 0.649306 0 0.0152778 0
0 0.53125 1 0.101389 0
0 0.795833 0 0.0166667 0
0 0.648611 0 0.0166667 0
0 0.530556 1 0.102778 0
0 0.795833 0 0.0194444 0
0 0.648611 0 0.0194444 0
0 0.53125 1 0.106944 0
0 0.795833 0 0.0194444 0
0 0.648611 0 0.0194444 0
0 0.53125 1 0.106944 0
0 0.795833 0 0.0194444 0
0 0.648611 0 0.0194444 0
0 0.53125 1 0.106944 0
0 0.795833 0 0.0194444 0
0 0.647917 0 0.0208333 0
0 0.53125 1 0.106944 0
0 0.648611 0 0.0194444 0
0 0.530556 1 0.1 0
0 0.360417 0 0.0180556 0
0 0.213889 0 0.0166667 0
0 0.648611 0 0.0194444 0
0 0.530556 1 0.102778 0
0 0.213889 0 0.0166667 0
0 0.360417 0 0.0180556 0
0 0.797917 0 0.0180556 0
0 0.649306 0 0.0180556 0
0 0.528472 1 0.101389 0
0 0.796528 0 0.0180556 0
0 0.360417 0 0.0180556 0
0 0.649306 0 0.0180556 0
0 0.528472 1 0.101389 0
0 0.797917 0 0.0180556 0
0 0.360417 0 0.0180556 0
0 0.649306 0 0.0152778 0
0 0.528472 1 0.101389 0
0 0.796528 0 0.0180556 0
0 0.360417 0 0.0180556 0
0 0.649306 0 0.0180556 0
0 0.528472 1 0.101389 0
0 0.2125 0 0.0166667 0
0 0.360417 0 0.0180556 0
0 0.796528 0 0.0180556 0
0 0.648611 0 0.0166667 0
0 0.527778 1 0.102778 0
0 0.559028 0 0.0402778 0
0 0.360417 0 0.0180556 0
0 0.211806 0 0.0180556 0
0 0.797222 0 0.0194444 0
0 0.649306 0 0.0152778 0
0 0.528472 1 0.104167 0
0 0.559028 0 0.0402778 0
0 0.211806 0 0.0180556 0
0 0.797917 0 0.0180556 0
0 0.360417 0 0.0180556 0
0 0.649306 0 0.0152778 0
0 0.527778 1 0.105556 0
0 0.559028 0 0.0402778 0
0 0.2125 0 0.0166667 0
0 0.361111 0 0.0194444 0
0 0.797917 0 0.0180556 0
0 0.649306 0 0.0152778 0
0 0.527778 1 0.105556 0
0 0.559028 0 0.0402778 0
0 0.211806 0 0.0180556 0
0 0.360417 0 0.0180556 0
0 0.797917 0 0.0180556 0
0 0.649306 0 0.0152778 0
0 0.527778 1 0.105556 0
0 0.359722 0 0.0194444 0
0 0.797222 0 0.0194444 0
0 0.648611 0 0.0166667 0
0 0.526389 1 0.105556 0
0 0.796528 0 0.0180556 0
0 0.359722 0 0.0194444 0
0 0.649306 0 0.0180556 0
0 0.527083 1 0.106944 0
0 0.796528 0 0.0180556 0
0 0.359722 0 0.0194444 0
0 0.65 0 0.0194444 0
0 0.526389 1 0.105556 0
0 0.797222 0 0.0194444 0
0 0.359722 0 0.0194444 0
0 0.65 0 0.0194444 0
0 0.526389 1 0.105556 0
0 0.796528 0 0.0180556 0
0 0.649306 0 0.0180556 0
0 0.359722 0 0.0194444 0
0 0.526389 1 0.105556 0
0 0.797222 0 0.0194444 0
0 0.359028 0 0.0180556 0
0 0.65 0 0.0194444 0
0 0.526389 1 0.105556 0
0 0.797917 0 0.0208333 0
0 0.359722 0 0.0194444 0
0 0.65 0 0.0166667 0
0 0.525694 1 0.106944 0
0 0.797222 0 0.0194444 0
0 0.359028 0 0.0180556 0
0 0.648611 0 0.0166667 0
0 0.525 1 0.105556 0
0 0.359028 0 0.0180556 0
0 0.648611 0 0.0166667 0
0 0.525 1 0.105556 0
0 0.359028 0 0.0180556 0
0 0.648611 0 0.0166667 0
0 0.525 1 0.105556 0
0 0.797917 0 0.0208333 0
0 0.359028 0 0.0180556 0
0 0.648611 0 0.0166667 0
0 0.525 1 0.105556 0
0 0.359028 0 0.0180556 0
0 0.648611 0 0.0166667 0
0 0.525 1 0.105556 0
0 0.797917 0 0.0208333 0
0 0.649306 0 0.0180556 0
0 0.359028 0 0.0180556 0
0 0.525 1 0.105556 0
0 0.559028 0 0.0402778 0
0 0.209028 0 0.0180556 0
0 0.797917 0 0.0180556 0
0 0.358333 0 0.0166667 0
0 0.648611 0 0.0166667 0
0 0.522917 1 0.106944 0
0 0.209028 0 0.0180556 0
0 0.797917 0 0.0208333 0
0 0.358333 0 0.0166667 0
0 0.649306 0 0.0180556 0
0 0.522917 1 0.106944 0
0 0.209028 0 0.0180556 0
0 0.797917 0 0.0208333 0
0 0.358333 0 0.0166667 0
0 0.649306 0 0.0180556 0
0 0.522917 1 0.106944 0
0 0.209028 0 0.0180556 0
0 0.797917 0 0.0208333 0
0 0.358333 0 0.0166667 0
0 0.649306 0 0.0180556 0
0 0.522917 1 0.106944 0
0 0.797917 0 0.0208333 0
0 0.648611 0 0.0194444 0
0 0.358333 0 0.0166667 0
0 0.521528 1 0.106944 0
0 0.797917 0 0.0208333 0
0 0.648611 0 0.0194444 0
0 0.358333 0 0.0166667 0
0 0.521528 1 0.106944 0
0 0.797917 0 0.0208333 0
0 0.648611 0 0.0194444 0
0 0.358333 0 0.0166667 0
0 0.521528 1 0.106944 0
0 0.797917 0 0.0208333 0
0 0.648611 0 0.0194444 0
0 0.358333 0 0.0166667 0
0 0.521528 1 0.106944 0
0 0.797917 0 0.0208333 0
0 0.648611 0 0.0194444 0
0 0.358333 0 0.0166667 0
0 0.521528 1 0.106944 0
0 0.357639 0 0.0180556 0
0 0.647917 0 0.0208333 0
0 0.519444 1 0.108333 0
0 0.357639 0 0.0180556 0
0 0.647917 0 0.0208333 0
0 0.519444 1 0.108333 0
0 0.797917 0 0.0180556 0
0 0.647917 0 0.0208333 0
0 0.35625 0 0.0180556 0
0 0.518056 1 0.111111 0
0 0.797917 0 0.0180556 0
0 0.35625 0 0.0180556 0
0 0.648611 0 0.0194444 0
0 0.518056 1 0.111111 0
0 0.797917 0 0.0180556 0
0 0.35625 0 0.0180556 0
0 0.647917 0 0.0208333 0
0 0.518056 1 0.111111 0
0 0.797917 0 0.0180556 0
0 0.35625 0 0.0180556 0
0 0.647917 0 0.0208333 0
0 0.518056 1 0.111111 0
0 0.35625 0 0.0180556 0
0 0.799306 0 0.0180556 0
0 0.648611 0 0.0194444 0
0 0.515278 1 0.116667 0
0 0.35625 0 0.0180556 0
0 0.799306 0 0.0180556 0
0 0.648611 0 0.0194444 0
0 0.515278 1 0.116667 0
0 0.35625 0 0.0180556 0
0 0.799306 0 0.0180556 0
0 0.648611 0 0.0194444 0
0 0.515278 1 0.116667 0
0 0.799306 0 0.0180556 0
0 0.35625 0 0.0180556 0
0 0.648611 0 0.0194444 0
0 0.515278 1 0.116667 0
0 0.35625 0 0.0180556 0
0 0.799306 0 0.0180556 0
0 0.648611 0 0.0194444 0
0 0.515278 1 0.116667 0
0 0.799306 0 0.0180556 0
0 0.355556 0 0.0194444 0
0 0.648611 0 0.0194444 0
0 0.514583 1 0.115278 0
0 0.799306 0 0.0180556 0
0 0.648611 0 0.0194444 0
0 0.514583 1 0.115278 0
0 0.354861 0 0.0180556 0
0 0.799306 0 0.0180556 0
0 0.648611 0 0.0194444 0
0 0.513889 0.5 0.113889 1
0 0.799306 0 0.0180556 0
0 0.648611 0 0.0194444 0
0 0.5125 0.5 0.113889 1
0 0.647917 0 0.0180556 0
0 0.5125 0.5 0.113889 1
0 0.648611 0 0.0194444 0
0 0.5125 0.5 0.113889 1
0 0.648611 0 0.0194444 0
0 0.5125 0.5 0.113889 1
0 0.799306 0 0.0180556 0
0 0.648611 0 0.0194444 0
0 0.511806 0.5 0.1125 1
0 0.799306 0 0.0180556 0
0 0.648611 0 0.0194444 0
0 0.511806 0.5 0.1125 1
0 0.354167 0 0.0194444 0
0 0.799306 0 0.0180556 0
0 0.648611 0 0.0194444 0
0 0.511111 0.5 0.111111 1
0 0.354167 0 0.0194444 0
0 0.799306 0 0.0180556 0
0 0.648611 0 0.0194444 0
0 0.511111 0.5 0.111111 1
0 0.354167 0 0.0194444 0
0 0.799306 0 0.0180556 0
0 0.648611 0 0.0194444 0
0 0.511111 0.5 0.111111 1
0 0.354167 0 0.0194444 0
0 0.799306 0 0.0180556 0
0 0.648611 0 0.0194444 0
0 0.511111 0.5 0.111111 1
0 0.55625 0 0.0402778 0
0 0.354167 0 0.0194444 0
0 0.8 0 0.0166667 0
0 0.647917 0 0.0180556 0
0 0.510417 0.5 0.1125 1
0 0.55625 0 0.0402778 0
0 0.354167 0 0.0194444 0
0 0.8 0 0.0166667 0
0 0.647917 0 0.0180556 0
0 0.510417 0.5 0.1125 1
0 0.354167 0 0.0194444 0
0 0.8 0 0.0166667 0
0 0.648611 0 0.0194444 0
0 0.509028 0.5 0.1125 1
0 0.354167 0 0.0194444 0
0 0.8 0 0.0166667 0
0 0.648611 0 0.0194444 0
0 0.509028 0.5 0.1125 1
0 0.354167 0 0.0194444 0
0 0.8 0 0.0166667 0
0 0.648611 0 0.0194444 0
0 0.509028 0.5 0.1125 1
0 0.799306 0 0.0180556 0
0 0.353472 0 0.0180556 0
0 0.647917 0 0.0180556 0
0 0.508333 0.5 0.113889 1
0 0.55625 0 0.0402778 0
0 0.799306 0 0.0180556 0
0 0.353472 0 0.0180556 0
0 0.647917 0 0.0180556 0
0 0.506944 0.5 0.116667 1
0 0.799306 0 0.0180556 0
0 0.353472 0 0.0180556 0
0 0.647917 0 0.0180556 0
0 0.506944 0.5 0.116667 1
0 0.55625 0 0.0402778 0
0 0.799306 0 0.0180556 0
0 0.353472 0 0.0180556 0
0 0.647917 0 0.0180556 0
0 0.506944 0.5 0.116667 1
0 0.55625 0 0.0402778 0
0 0.798611 0 0.0194444 0
0 0.353472 0 0.0180556 0
0 0.647917 0 0.0180556 0
0 0.506944 0.5 0.116667 1
0 0.798611 0 0.0194444 0
0 0.353472 0 0.0180556 0
0 0.648611 0 0.0194444 0
0 0.50625 0.5 0.118056 1
0 0.798611 0 0.0194444 0
0 0.55625 0 0.0402778 0
0 0.353472 0 0.0180556 0
0 0.647917 0 0.0180556 0
0 0.504861 0.5 0.118056 1
0 0.555556 0 0.0388889 0
0 0.353472 0 0.0180556 0
0 0.647917 0 0.0180556 0
0 0.504861 0.5 0.118056 1
0 0.555556 0 0.0388889 0
0 0.353472 0 0.0180556 0
0 0.647917 0 0.0180556 0
0 0.504861 0.5 0.118056 1
0 0.555556 0 0.0388889 0
0 0.353472 0 0.0180556 0
0 0.647917 0 0.0180556 0
0 0.504861 0.5 0.118056 1
0 0.55625 0 0.0402778 0
0 0.353472 0 0.0180556 0
0 0.647917 0 0.0180556 0
0 0.504861 0.5 0.118056 1
0 0.555556 0 0.0388889 0
0 0.352778 0 0.0166667 0
0 0.647917 0 0.0180556 0
0 0.504861 0.5 0.118056 1
0 0.352778 0 0.0166667 0
0 0.647917 0 0.0180556 0
0 0.503472 0.5 0.118056 1
0 0.798611 0 0.0194444 0
0 0.352083 0 0.0180556 0
0 0.647917 0 0.0180556 0
0 0.502083 0.5 0.118056 1
0 0.554861 0 0.0402778 0
0 0.352778 0 0.0166667 0
0 0.647917 0 0.0208333 0
0 0.502083 0.5 0.118056 1
0 0.554861 0 0.0402778 0
0 0.352083 0 0.0180556 0
0 0.647917 0 0.0180556 0
0 0.502083 0.5 0.118056 1
0 0.554861 0 0.0402778 0
0 0.352083 0 0.0180556 0
0 0.647917 0 0.0208333 0
0 0.502083 0.5 0.118056 1
0 0.200694 0 0.0180556 0
0 0.554861 0 0.0402778 0
0 0.352083 0 0.0180556 0
0 0.647917 0 0.0208333 0
0 0.502083 0.5 0.118056 1
0 0.798611 0 0.0194444 0
0 0.554861 0 0.0402778 0
0 0.2 0 0.0194444 0
0 0.352083 0 0.0180556 0
0 0.647917 0 0.0208333 0
0 0.501389 0.5 0.119444 1
0 0.554861 0 0.0402778 0
0 0.798611 0 0.0194444 0
0 0.352083 0 0.0180556 0
0 0.647917 0 0.0208333 0
0 0.501389 0.5 0.119444 1
0 0.200694 0 0.0180556 0
0 0.798611 0 0.0194444 0
0 0.554861 0 0.0402778 0
0 0.352083 0 0.0180556 0
0 0.647222 0 0.0194444 0
0 0.501389 0.5 0.119444 1
0 0.200694 0 0.0180556 0
0 0.798611 0 0.0194444 0
0 0.554861 0 0.0402778 0
0 0.352083 0 0.0180556 0
0 0.647222 0 0.0194444 0
0 0.501389 0.5 0.119444 1
0 0.2 0 0.0194444 0
0 0.554861 0 0.0402778 0
0 0.352083 0 0.0180556 0
0 0.647917 0 0.0208333 0
0 0.501389 0.5 0.119444 1
0 0.798611 0 0.0194444 0
0 0.352083 0 0.0180556 0
0 0.5 0.5 0.119444 1
0 0.647222 0 0.0194444 0
0 0.798611 0 0.0194444 0
0 0.352083 0 0.0180556 0
0 0.5 0.5 0.119444 1
0 0.647222 0 0.0194444 0
0 0.352083 0 0.0180556 0
0 0.5 0.5 0.119444 1
0 0.647222 0 0.0194444 0
0 0.798611 0 0.0194444 0
0 0.352083 0 0.0180556 0
0 0.5 0.5 0.119444 1
0 0.647222 0 0.0194444 0
0 0.350694 0 0.0180556 0
0 0.498611 0.5 0.119444 1
0 0.647222 0 0.0194444 0
0 0.350694 0 0.0180556 0
0 0.498611 0.5 0.119444 1
0 0.647222 0 0.0194444 0
0 0.350694 0 0.0180556 0
0 0.49375 0.5 0.123611 1
0 0.647222 0 0.0194444 0
0 0.350694 0 0.0180556 0
0 0.49375 0.5 0.123611 1
0 0.647222 0 0.0194444 0
0 0.350694 0 0.0180556 0
0 0.49375 0.5 0.123611 1
0 0.647222 0 0.0194444 0
0 0.350694 0 0.0180556 0
0 0.49375 0.5 0.123611 1
0 0.647222 0 0.0194444 0
0 0.350694 0 0.0180556 0
0 0.49375 0.5 0.123611 1
0 0.647222 0 0.0194444 0
0 0.35 0 0.0194444 0
0 0.493056 0.5 0.125 1
0 0.647222 0 0.0194444 0
0 0.349306 0 0.0180556 0
0 0.492361 0.5 0.123611 1
0 0.647222 0 0.0194444 0
0 0.349306 0 0.0180556 0
0 0.492361 0.5 0.123611 1
0 0.647222 0 0.0194444 0
0 0.349306 0 0.0180556 0
0 0.492361 0.5 0.123611 1
0 0.647222 0 0.0194444 0
0 0.349306 0 0.0180556 0
0 0.492361 0.5 0.123611 1
0 0.647222 0 0.0194444 0
0 0.349306 0 0.0180556 0
0 0.492361 0.5 0.123611 1
0 0.647222 0 0.0194444 0
0 0.349306 0 0.0180556 0
0 0.492361 0.5 0.123611 1
0 0.647222 0 0.0194444 0
0 0.348611 0 0.0194444 0
0 0.492361 0.5 0.123611 1
0 0.647222 0 0.0194444 0
0 0.348611 0 0.0194444 0
0 0.492361 0.5 0.123611 1
0 0.647222 0 0.0194444 0
0 0.349306 0 0.0180556 0
0 0.492361 0.5 0.123611 1
0 0.647222 0 0.0194444 0
0 0.799306 0 0.0180556 0
0 0.347917 0 0.0180556 0
0 0.490972 0.5 0.123611 1
0 0.647222 0 0.0194444 0
0 0.799306 0 0.0180556 0
0 0.490972 0.5 0.123611 1
0 0.647222 0 0.0194444 0
0 0.799306 0 0.0180556 0
0 0.347917 0 0.0180556 0
0 0.490972 0.5 0.123611 1
0 0.647222 0 0.0194444 0
0 0.490972 0.5 0.123611 1
0 0.647222 0 0.0194444 0
0 0.799306 0 0.0180556 0
0 0.490972 0.5 0.123611 1
0 0.647222 0 0.0194444 0
0 0.347917 0 0.0180556 0
0 0.8 0 0.0166667 0
0 0.647222 0 0.0194444 0
0 0.490972 0.5 0.123611 1
0 0.347917 0 0.0180556 0
0 0.8 0 0.0166667 0
0 0.490972 0.5 0.123611 1
0 0.647222 0 0.0194444 0
0 0.8 0 0.0166667 0
0 0.347917 0 0.0180556 0
0 0.490972 0.5 0.123611 1
0 0.647222 0 0.0194444 0
0 0.347917 0 0.0180556 0
0 0.8 0 0.0166667 0
0 0.647222 0 0.0194444 0
0 0.490972 0.5 0.123611 1
0 0.347917 0 0.0180556 0
0 0.8 0 0.0166667 0
0 0.647222 0 0.0194444 0
0 0.490972 0.5 0.123611 1
0 0.347917 0 0.0180556 0
0 0.8 0 0.0166667 0
0 0.647222 0 0.0194444 0
0 0.490278 0.5 0.125 1
0 0.8 0 0.0166667 0
0 0.347917 0 0.0180556 0
0 0.647222 0 0.0194444 0
0 0.490278 0.5 0.125 1
0 0.347917 0 0.0180556 0
0 0.8 0 0.0166667 0
0 0.647222 0 0.0194444 0
0 0.490278 0.5 0.125 1
0 0.347917 0 0.0180556 0
0 0.8 0 0.0166667 0
0 0.647222 0 0.0194444 0
0 0.490278 0.5 0.125 1
0 0.8 0 0.0166667 0
0 0.347917 0 0.0208333 0
0 0.647222 0 0.0194444 0
0 0.490278 0.5 0.125 1
0 0.347222 0 0.0194444 0
0 0.8 0 0.0166667 0
0 0.646528 0 0.0208333 0
0 0.490278 0.5 0.125 1
0 0.347222 0 0.0194444 0
0 0.8 0 0.0166667 0
0 0.646528 0 0.0208333 0
0 0.490278 0.5 0.125 1
0 0.347222 0 0.0194444 0
0 0.8 0 0.0166667 0
0 0.646528 0 0.0208333 0
0 0.490278 0.5 0.125 1
0 0.347917 0 0.0180556 0
0 0.8 0 0.0166667 0
0 0.647222 0 0.0194444 0
0 0.490278 0.5 0.125 1
0 0.347917 0 0.0180556 0
0 0.8 0 0.0166667 0
0 0.647222 0 0.0194444 0
0 0.490278 0.5 0.125 1
0 0.347917 0 0.0208333 0
0 0.8 0 0.0166667 0
0 0.646528 0 0.0208333 0
0 0.490278 0.5 0.125 1
0 0.8 0 0.0166667 0
0 0.348611 0 0.0194444 0
0 0.647222 0 0.0194444 0
0 0.490278 0.5 0.125 1
0 0.8 0 0.0166667 0
0 0.347222 0 0.0194444 0
0 0.647222 0 0.0194444 0
0 0.490278 0.5 0.125 1
0 0.8 0 0.0166667 0
0 0.347222 0 0.0194444 0
0 0.646528 0 0.0180556 0
0 0.490278 0.5 0.125 1
0 0.8 0 0.0166667 0
0 0.347222 0 0.0194444 0
0 0.647222 0 0.0194444 0
0 0.490278 0.5 0.125 1
0 0.8 0 0.0166667 0
0 0.347222 0 0.0194444 0
0 0.647222 0 0.0194444 0
0 0.489583 0.5 0.123611 1
0 0.8 0 0.0166667 0
0 0.347917 0 0.0208333 0
0 0.647222 0 0.0194444 0
0 0.489583 0.5 0.126389 1
0 0.347917 0 0.0208333 0
0 0.647222 0 0.0194444 0
0 0.488889 0.5 0.125 1
0 0.8 0 0.0166667 0
0 0.347917 0 0.0208333 0
0 0.488889 0.5 0.125 1
0 0.647222 0 0.0194444 0
0 0.347222 0 0.0194444 0
0 0.647222 0 0.0194444 0
0 0.489583 0.5 0.126389 1
0 0.8 0 0.0166667 0
0 0.347917 0 0.0208333 0
0 0.488889 0.5 0.125 1
0 0.647222 0 0.0194444 0
0 0.8 0 0.0166667 0
0 0.347222 0 0.0194444 0
0 0.488889 0.5 0.125 1
0 0.647222 0 0.0194444 0
0 0.8 0 0.0166667 0
0 0.347222 0 0.0194444 0
0 0.647222 0 0.0194444 0
0 0.488889 0.5 0.125 1
0 0.8 0 0.0166667 0
0 0.347222 0 0.0194444 0
0 0.647222 0 0.0194444 0
0 0.488889 0.5 0.125 1
0 0.8 0 0.0166667 0
0 0.347222 0 0.0194444 0
0 0.647222 0 0.0194444 0
0 0.488889 0.5 0.125 1
0 0.8 0 0.0166667 0
0 0.347222 0 0.0194444 0
0 0.647222 0 0.0194444 0
0 0.488889 0.5 0.125 1
0 0.8 0 0.0166667 0
0 0.347222 0 0.0194444 0
0 0.647222 0 0.0194444 0
0 0.488889 0.5 0.125 1
0 0.8 0 0.0166667 0
0 0.347222 0 0.0194444 0
0 0.646528 0 0.0180556 0
0 0.488889 0.5 0.125 1
0 0.8 0 0.0166667 0
0 0.347222 0 0.0194444 0
0 0.488194 0.5 0.126389 1
0 0.646528 0 0.0180556 0
0 0.8 0 0.0166667 0
0 0.347222 0 0.0194444 0
0 0.488194 0.5 0.126389 1
0 0.646528 0 0.0180556 0
0 0.347222 0 0.0194444 0
0 0.646528 0 0.0180556 0
0 0.488194 0.5 0.126389 1
0 0.8 0 0.0166667 0
0 0.347222 0 0.0194444 0
0 0.646528 0 0.0180556 0
0 0.488194 0.5 0.126389 1
0 0.347222 0 0.0194444 0
0 0.488194 0.5 0.126389 1
0 0.646528 0 0.0180556 0
0 0.347222 0 0.0194444 0
0 0.488194 0.5 0.126389 1
0 0.646528 0 0.0180556 0
0 0.8 0 0.0166667 0
0 0.347222 0 0.0194444 0
0 0.646528 0 0.0180556 0
0 0.488194 0.5 0.126389 1
0 0.8 0 0.0166667 0
0 0.347222 0 0.0194444 0
0 0.647222 0 0.0194444 0
0 0.488194 0.5 0.126389 1
0 0.8 0 0.0166667 0
0 0.347222 0 0.0194444 0
0 0.488194 0.5 0.126389 1
0 0.647222 0 0.0194444 0
0 0.8 0 0.0166667 0
0 0.347222 0 0.0194444 0
0 0.647222 0 0.0194444 0
0 0.488194 0.5 0.126389 1
0 0.8 0 0.0166667 0
0 0.347222 0 0.0194444 0
0 0.488194 0.5 0.126389 1
0 0.647222 0 0.0194444 0
0 0.8 0 0.0166667 0
0 0.347222 0 0.0194444 0
0 0.647222 0 0.0194444 0
0 0.486806 0.5 0.126389 1
0 0.8 0 0.0166667 0
0 0.347222 0 0.0194444 0
0 0.647222 0 0.0194444 0
0 0.486806 0.5 0.126389 1
0 0.8 0 0.0166667 0
0 0.347222 0 0.0194444 0
0 0.486806 0.5 0.126389 1
0 0.647222 0 0.0194444 0
0 0.8 0 0.0166667 0
0 0.347222 0 0.0194444 0
0 0.4875 0.5 0.125 1
0 0.647222 0 0.0194444 0
0 0.8 0 0.0166667 0
0 0.347222 0 0.0194444 0
0 0.4875 0.5 0.125 1
0 0.647222 0 0.0194444 0
0 0.800694 0 0.0180556 0
0 0.347222 0 0.0194444 0
0 0.486806 0.5 0.126389 1
0 0.647222 0 0.0194444 0
0 0.800694 0 0.0180556 0
0 0.347222 0 0.0194444 0
0 0.486806 0.5 0.126389 1
0 0.647222 0 0.0194444 0
0 0.800694 0 0.0180556 0
0 0.347222 0 0.0194444 0
0 0.486806 0.5 0.126389 1
0 0.647222 0 0.0194444 0
0 0.800694 0 0.0180556 0
0 0.347222 0 0.0194444 0
0 0.486806 0.5 0.126389 1
0 0.647222 0 0.0194444 0
0 0.800694 0 0.0180556 0
0 0.347222 0 0.0194444 0
0 0.486806 0.5 0.129167 1
0 0.647222 0 0.0194444 0
0 0.800694 0 0.0180556 0
0 0.486806 0.5 0.129167 1
0 0.347222 0 0.0194444 0
0 0.647222 0 0.0194444 0
0 0.800694 0 0.0180556 0
0 0.486806 0.5 0.129167 1
0 0.347222 0 0.0194444 0
0 0.647222 0 0.0194444 0
0 0.800694 0 0.0180556 0
0 0.347222 0 0.0194444 0
0 0.486806 0.5 0.129167 1
0 0.647222 0 0.0194444 0
0 0.800694 0 0.0180556 0
0 0.486806 0.5 0.129167 1
0 0.347222 0 0.0194444 0
0 0.647222 0 0.0194444 0
0 0.800694 0 0.0180556 0
0 0.486806 0.5 0.129167 1
0 0.347222 0 0.0194444 0
0 0.647222 0 0.0194444 0
0 0.802083 0 0.0180556 0
0 0.486806 0.5 0.129167 1
0 0.347222 0 0.0194444 0
0 0.647917 0 0.0208333 0
0 0.802083 0 0.0180556 0
0 0.347222 0 0.0194444 0
0 0.486806 0.5 0.129167 1
0 0.647917 0 0.0208333 0
0 0.802083 0 0.0180556 0
0 0.347222 0 0.0194444 0
0 0.486806 0.5 0.129167 1
0 0.647917 0 0.0208333 0
0 0.802083 0 0.0180556 0
0 0.347222 0 0.0194444 0
0 0.486806 0.5 0.129167 1
0 0.647917 0 0.0208333 0
0 0.347222 0 0.0194444 0
0 0.801389 0 0.0194444 0
0 0.4875 0.5 0.130556 1
0 0.647917 0 0.0208333 0
0 0.802083 0 0.0180556 0
0 0.4875 0.5 0.136111 1
0 0.347222 0 0.0194444 0
0 0.647917 0 0.0208333 0
0 0.802083 0 0.0180556 0
0 0.4875 0.5 0.130556 1
0 0.347222 0 0.0194444 0
0 0.647917 0 0.0208333 0
0 0.802083 0 0.0180556 0
0 0.4875 0.5 0.136111 1
0 0.347222 0 0.0194444 0
0 0.647222 0 0.0194444 0
0 0.802083 0 0.0180556 0
0 0.4875 0.5 0.130556 1
0 0.347222 0 0.0194444 0
0 0.647917 0 0.0208333 0
0 0.802083 0 0.0180556 0
0 0.347222 0 0.0194444 0
0 0.486806 0.5 0.134722 1
0 0.647917 0 0.0208333 0
0 0.800694 0 0.0180556 0
0 0.347222 0 0.0194444 0
0 0.486806 0.5 0.134722 1
0 0.647222 0 0.0194444 0
0 0.800694 0 0.0180556 0
0 0.347222 0 0.0194444 0
0 0.4875 0.5 0.136111 1
0 0.647917 0 0.0208333 0
0 0.801389 0 0.0166667 0
0 0.4875 0.5 0.136111 1
0 0.347222 0 0.0194444 0
0 0.647917 0 0.0208333 0
0 0.800694 0 0.0180556 0
0 0.347222 0 0.0194444 0
0 0.4875 0.5 0.136111 1
0 0.647917 0 0.0208333 0
0 0.802083 0 0.0180556 0
0 0.488194 0.5 0.134722 1
0 0.347222 0 0.0194444 0
0 0.647917 0 0.0208333 0
0 0.802083 0 0.0180556 0
0 0.347222 0 0.0194444 0
0 0.488194 0.5 0.134722 1
0 0.647222 0 0.0194444 0
0 0.802083 0 0.0180556 0
0 0.347222 0 0.0194444 0
0 0.488194 0.5 0.134722 1
0 0.647222 0 0.0194444 0
0 0.194444 0 0.0194444 0
0 0.802083 0 0.0180556 0
0 0.347222 0 0.0194444 0
0 0.488194 0.5 0.134722 1
0 0.647222 0 0.0194444 0
0 0.802083 0 0.0180556 0
0 0.488194 0.5 0.134722 1
0 0.347222 0 0.0194444 0
0 0.647222 0 0.0194444 0
0 0.194444 0 0.0194444 0
0 0.802083 0 0.0180556 0
0 0.347222 0 0.0194444 0
0 0.488194 0.5 0.134722 1
0 0.647222 0 0.0194444 0
0 0.347222 0 0.0194444 0
0 0.802083 0 0.0180556 0
0 0.488194 0.5 0.134722 1
0 0.647222 0 0.0194444 0
0 0.802083 0 0.0180556 0
0 0.347222 0 0.0194444 0
0 0.488194 0.5 0.134722 1
0 0.647917 0 0.0208333 0
0 0.195139 0 0.0180556 0
0 0.802083 0 0.0180556 0
0 0.347222 0 0.0194444 0
0 0.488194 0.5 0.134722 1
0 0.647917 0 0.0208333 0
0 0.195139 0 0.0180556 0
0 0.802083 0 0.0180556 0
0 0.347222 0 0.0194444 0
0 0.488194 0.5 0.134722 1
0 0.647917 0 0.0208333 0
0 0.195139 0 0.0180556 0
0 0.802083 0 0.0180556 0
0 0.347222 0 0.0194444 0
0 0.488194 0.5 0.134722 1
0 0.647917 0 0.0208333 0
0 0.195139 0 0.0180556 0
0 0.802083 0 0.0180556 0
0 0.347222 0 0.0194444 0
0 0.488194 0.5 0.134722 1
0 0.647917 0 0.0208333 0
0 0.802083 0 0.0180556 0
0 0.347222 0 0.0194444 0
0 0.488194 0.5 0.134722 1
0 0.647917 0 0.0208333 0
0 0.347222 0 0.0194444 0
0 0.802083 0 0.0180556 0
0 0.488889 0.5 0.133333 1
0 0.647917 0 0.0208333 0
0 0.802083 0 0.0180556 0
0 0.347917 0 0.0208333 0
0 0.488889 0.5 0.133333 1
0 0.647917 0 0.0208333 0
0 0.347222 0 0.0194444 0
0 0.802083 0 0.0180556 0
0 0.488889 0.5 0.133333 1
0 0.647917 0 0.0208333 0
0 0.347222 0 0.0194444 0
0 0.802083 0 0.0180556 0
0 0.489583 0.5 0.134722 1
0 0.647917 0 0.0208333 0
0 0.457639 0 0.0375 0
0 0.802083 0 0.0180556 0
0 0.347917 0 0.0208333 0
0 0.489583 0.5 0.134722 1
0 0.648611 0 0.0194444 0
0 0.457639 0 0.0375 0
0 0.802083 0 0.0180556 0
0 0.347917 0 0.0208333 0
0 0.489583 0.5 0.134722 1
0 0.648611 0 0.0194444 0
0 0.457639 0 0.0375 0
0 0.802083 0 0.0180556 0
0 0.347222 0 0.0194444 0
0 0.489583 0.5 0.134722 1
0 0.648611 0 0.0194444 0
0 0.457639 0 0.0375 0
0 0.802083 0 0.0180556 0
0 0.347917 0 0.0208333 0
0 0.489583 0.5 0.134722 1
0 0.648611 0 0.0194444 0
0 0.802083 0 0.0180556 0
0 0.347917 0 0.0208333 0
0 0.489583 0.5 0.134722 1
0 0.648611 0 0.0194444 0
0 0.457639 0 0.0375 0
0 0.802083 0 0.0180556 0
0 0.347917 0 0.0208333 0
0 0.490278 0.5 0.133333 1
0 0.648611 0 0.0194444 0
0 0.802083 0 0.0180556 0
0 0.347917 0 0.0208333 0
0 0.490278 0.5 0.133333 1
0 0.648611 0 0.0194444 0
0 0.554167 0 0.0416667 0
0 0.347917 0 0.0208333 0
0 0.802083 0 0.0180556 0
0 0.648611 0 0.0194444 0
0 0.49375 0.5 0.120833 1
0 0.554167 0 0.0416667 0
0 0.802083 0 0.0180556 0
0 0.347917 0 0.0208333 0
0 0.648611 0 0.0194444 0
0 0.49375 0.5 0.120833 1
0 0.802083 0 0.0180556 0
0 0.347917 0 0.0208333 0
0 0.49375 0.5 0.120833 1
0 0.648611 0 0.0194444 0
0 0.347917 0 0.0208333 0
0 0.802778 0 0.0194444 0
0 0.49375 0.5 0.120833 1
0 0.648611 0 0.0194444 0
0 0.347222 0 0.0194444 0
0 0.802778 0 0.0194444 0
0 0.494444 0.5 0.122222 1
0 0.648611 0 0.0194444 0
0 0.347917 0 0.0208333 0
0 0.802778 0 0.0194444 0
0 0.494444 0.5 0.122222 1
0 0.648611 0 0.0194444 0
0 0.347222 0 0.0194444 0
0 0.802778 0 0.0194444 0
0 0.494444 0.5 0.122222 1
0 0.648611 0 0.0194444 0
0 0.459028 0 0.0375 0
0 0.347917 0 0.0208333 0
0 0.802778 0 0.0194444 0
0 0.494444 0.5 0.122222 1
0 0.648611 0 0.0194444 0
0 0.459028 0 0.0375 0
0 0.347917 0 0.0208333 0
0 0.802778 0 0.0194444 0
0 0.494444 0.5 0.122222 1
0 0.648611 0 0.0194444 0
0 0.347917 0 0.0208333 0
0 0.802778 0 0.0194444 0
0 0.495833 0.5 0.122222 1
0 0.649306 0 0.0208333 0
0 0.458333 0 0.0388889 0
0 0.554861 0 0.0402778 0
0 0.347917 0 0.0208333 0
0 0.802778 0 0.0194444 0
0 0.648611 0 0.0194444 0
0 0.495833 0.5 0.122222 1
0 0.554861 0 0.0402778 0
0 0.347917 0 0.0208333 0
0 0.802778 0 0.0194444 0
0 0.495833 0.5 0.122222 1
0 0.649306 0 0.0208333 0
0 0.554861 0 0.0402778 0
0 0.347917 0 0.0208333 0
0 0.802778 0 0.0194444 0
0 0.649306 0 0.0208333 0
0 0.495833 0.5 0.122222 1
0 0.554861 0 0.0402778 0
0 0.347917 0 0.0208333 0
0 0.648611 0 0.0194444 0
0 0.802778 0 0.0194444 0
0 0.495833 0.5 0.122222 1
0 0.554861 0 0.0402778 0
0 0.347917 0 0.0208333 0
0 0.802778 0 0.0194444 0
0 0.495833 0.5 0.122222 1
0 0.649306 0 0.0208333 0
0 0.347917 0 0.0208333 0
0 0.802778 0 0.0194444 0
0 0.496528 0.5 0.123611 1
0 0.649306 0 0.0208333 0
0 0.554861 0 0.0402778 0
0 0.347917 0 0.0208333 0
0 0.802778 0 0.0194444 0
0 0.649306 0 0.0208333 0
0 0.496528 0.5 0.123611 1
0 0.554861 0 0.0402778 0
0 0.348611 0 0.0194444 0
0 0.802778 0 0.0194444 0
0 0.649306 0 0.0208333 0
0 0.496528 0.5 0.123611 1
0 0.347917 0 0.0208333 0
0 0.802778 0 0.0194444 0
0 0.649306 0 0.0208333 0
0 0.496528 0.5 0.123611 1
0 0.554861 0 0.0402778 0
0 0.347222 0 0.0194444 0
0 0.802778 0 0.0194444 0
0 0.649306 0 0.0208333 0
0 0.496528 0.5 0.123611 1
0 0.459028 0 0.0375 0
0 0.348611 0 0.0194444 0
0 0.554861 0 0.0402778 0
0 0.802778 0 0.0194444 0
0 0.649306 0 0.0208333 0
0 0.496528 0.5 0.123611 1
0 0.554861 0 0.0402778 0
0 0.348611 0 0.0194444 0
0 0.802778 0 0.0194444 0
0 0.65 0 0.0194444 0
0 0.497917 0.5 0.123611 1
0 0.554861 0 0.0402778 0
0 0.348611 0 0.0194444 0
0 0.65 0 0.0194444 0
0 0.802778 0 0.0194444 0
0 0.497917 0.5 0.123611 1
0 0.347917 0 0.0208333 0
0 0.554861 0 0.0402778 0
0 0.648611 0 0.0194444 0
0 0.802778 0 0.0194444 0
0 0.497917 0.5 0.123611 1
0 0.554861 0 0.0402778 0
0 0.348611 0 0.0194444 0
0 0.65 0 0.0194444 0
0 0.802778 0 0.0194444 0
0 0.497917 0.5 0.123611 1
0 0.554861 0 0.0402778 0
0 0.347917 0 0.0180556 0
0 0.802778 0 0.0194444 0
0 0.649306 0 0.0180556 0
0 0.497917 0.5 0.123611 1
0 0.347917 0 0.0208333 0
0 0.554861 0 0.0402778 0
0 0.802778 0 0.0194444 0
0 0.649306 0 0.0180556 0
0 0.497917 0.5 0.123611 1
0 0.347917 0 0.0208333 0
0 0.554861 0 0.0402778 0
0 0.802778 0 0.0194444 0
0 0.649306 0 0.0180556 0
0 0.497917 0.5 0.123611 1
0 0.554861 0 0.0402778 0
0 0.347917 0 0.0208333 0
0 0.802778 0 0.0194444 0
0 0.649306 0 0.0180556 0
0 0.497917 0.5 0.123611 1
0 0.347917 0 0.0208333 0
0 0.554861 0 0.0402778 0
0 0.802778 0 0.0194444 0
0 0.648611 0 0.0194444 0
0 0.497917 0.5 0.123611 1
0 0.347222 0 0.0194444 0
0 0.554861 0 0.0402778 0
0 0.802778 0 0.0194444 0
0 0.649306 0 0.0180556 0
0 0.498611 0.5 0.125 1
0 0.347917 0 0.0180556 0
0 0.555556 0 0.0416667 0
0 0.648611 0 0.0194444 0
0 0.802778 0 0.0194444 0
0 0.499306 0.5 0.126389 1
0 0.347917 0 0.0180556 0
0 0.555556 0 0.0416667 0
0 0.648611 0 0.0194444 0
0 0.802778 0 0.0194444 0
0 0.499306 0.5 0.126389 1
0 0.347917 0 0.0180556 0
0 0.648611 0 0.0194444 0
0 0.555556 0 0.0416667 0
0 0.802778 0 0.0194444 0
0 0.498611 0.5 0.127778 1
0 0.347917 0 0.0180556 0
0 0.555556 0 0.0416667 0
0 0.802778 0 0.0194444 0
0 0.649306 0 0.0180556 0
0 0.498611 0.5 0.127778 1
0 0.554861 0 0.0402778 0
0 0.347222 0 0.0194444 0
0 0.65 0 0.0166667 0
0 0.802778 0 0.0194444 0
0 0.500694 0.5 0.129167 1
0 0.555556 0 0.0416667 0
0 0.347917 0 0.0180556 0
0 0.802778 0 0.0194444 0
0 0.5 0.5 0.130556 1
0 0.65 0 0.0166667 0
0 0.348611 0 0.0194444 0
0 0.555556 0 0.0416667 0
0 0.5 0.5 0.130556 1
0 0.802778 0 0.0194444 0
0 0.65 0 0.0166667 0
0 0.554861 0 0.0402778 0
0 0.347917 0 0.0180556 0
0 0.5 0.5 0.130556 1
0 0.802778 0 0.0194444 0
0 0.65 0 0.0166667 0
0 0.347917 0 0.0180556 0
0 0.555556 0 0.0416667 0
0 0.649306 0 0.0180556 0
0 0.500694 0.5 0.129167 1
0 0.802778 0 0.0194444 0
0 0.459722 0 0.0361111 0
0 0.555556 0 0.0416667 0
0 0.65 0 0.0166667 0
0 0.502083 0.5 0.129167 1
0 0.804167 0 0.0194444 0
0 0.459722 0 0.0361111 0
0 0.555556 0 0.0416667 0
0 0.65 0 0.0166667 0
0 0.502083 0.5 0.129167 1
0 0.804167 0 0.0194444 0
0 0.555556 0 0.0416667 0
0 0.649306 0 0.0180556 0
0 0.502083 0.5 0.129167 1
0 0.804167 0 0.0194444 0
0 0.554861 0 0.0402778 0
0 0.459722 0 0.0361111 0
0 0.65 0 0.0166667 0
0 0.502083 0.5 0.129167 1
0 0.804167 0 0.0194444 0
0 0.555556 0 0.0416667 0
0 0.65 0 0.0166667 0
0 0.502083 0.5 0.129167 1
0 0.803472 0 0.0180556 0
0 0.555556 0 0.0416667 0
0 0.649306 0 0.0180556 0
0 0.804167 0 0.0194444 0
0 0.502778 0.5 0.130556 1
0 0.648611 0 0.0194444 0
0 0.55625 0 0.0402778 0
0 0.804167 0 0.0194444 0
0 0.503472 0.5 0.129167 1
0 0.555556 0 0.0416667 0
0 0.65 0 0.0166667 0
0 0.804167 0 0.0194444 0
0 0.503472 0.5 0.129167 1
0 0.648611 0 0.0194444 0
0 0.55625 0 0.0402778 0
0 0.804167 0 0.0194444 0
0 0.503472 0.5 0.129167 1
0 0.348611 0 0.0194444 0
0 0.55625 0 0.0402778 0
0 0.65 0 0.0166667 0
0 0.804167 0 0.0194444 0
0 0.503472 0.5 0.129167 1
0 0.348611 0 0.0194444 0
0 0.55625 0 0.0402778 0
0 0.65 0 0.0166667 0
0 0.804167 0 0.0194444 0
0 0.504167 0.5 0.130556 1
0 0.348611 0 0.0194444 0
0 0.55625 0 0.0402778 0
0 0.65 0 0.0166667 0
0 0.804167 0 0.0194444 0
0 0.504167 0.5 0.130556 1
0 0.555556 0 0.0416667 0
0 0.65 0 0.0166667 0
0 0.804167 0 0.0194444 0
0 0.504167 0.5 0.130556 1
0 0.555556 0 0.0416667 0
0 0.348611 0 0.0194444 0
0 0.65 0 0.0166667 0
0 0.804167 0 0.0194444 0
0 0.504167 0.5 0.130556 1
0 0.348611 0 0.0194444 0
0 0.555556 0 0.0416667 0
0 0.65 0 0.0166667 0
0 0.804167 0 0.0194444 0
0 0.504167 0.5 0.130556 1
0 0.348611 0 0.0194444 0
0 0.55625 0 0.0402778 0
0 0.65 0 0.0166667 0
0 0.804167 0 0.0194444 0
0 0.504861 0.5 0.129167 1
0 0.55625 0 0.0402778 0
0 0.348611 0 0.0194444 0
0 0.804167 0 0.0194444 0
0 0.65 0 0.0166667 0
0 0.505556 0.5 0.130556 1
0 0.55625 0 0.0402778 0
0 0.348611 0 0.0194444 0
0 0.804167 0 0.0194444 0
0 0.65 0 0.0166667 0
0 0.505556 0.5 0.130556 1
0 0.348611 0 0.0194444 0
0 0.55625 0 0.0402778 0
0 0.804167 0 0.0194444 0
0 0.505556 0.5 0.130556 1
0 0.65 0 0.0166667 0
0 0.55625 0 0.0402778 0
0 0.348611 0 0.0194444 0
0 0.804167 0 0.0194444 0
0 0.65 0 0.0166667 0
0 0.50625 0.5 0.131944 1
0 0.195139 0 0.0180556 0
0 0.55625 0 0.0402778 0
0 0.804167 0 0.0194444 0
0 0.65 0 0.0166667 0
0 0.50625 0.5 0.131944 1
0 0.195139 0 0.0180556 0
0 0.348611 0 0.0194444 0
0 0.55625 0 0.0402778 0
0 0.804167 0 0.0194444 0
0 0.65 0 0.0166667 0
0 0.50625 0.5 0.131944 1
0 0.195139 0 0.0180556 0
0 0.55625 0 0.0402778 0
0 0.65 0 0.0166667 0
0 0.804167 0 0.0194444 0
0 0.50625 0.5 0.131944 1
0 0.195139 0 0.0180556 0
0 0.348611 0 0.0194444 0
0 0.55625 0 0.0402778 0
0 0.804167 0 0.0194444 0
0 0.65 0 0.0166667 0
0 0.50625 0.5 0.131944 1
0 0.348611 0 0.0194444 0
0 0.195139 0 0.0180556 0
0 0.55625 0 0.0402778 0
0 0.65 0 0.0166667 0
0 0.804167 0 0.0194444 0
0 0.50625 0.5 0.131944 1
0 0.348611 0 0.0194444 0
0 0.195139 0 0.0180556 0
0 0.65 0 0.0166667 0
0 0.55625 0 0.0402778 0
0 0.804167 0 0.0194444 0
0 0.50625 0.5 0.131944 1
0 0.195139 0 0.0180556 0
0 0.348611 0 0.0194444 0
0 0.65 0 0.0194444 0
0 0.55625 0 0.0402778 0
0 0.803472 0 0.0180556 0
0 0.506944 0.5 0.133333 1
0 0.195139 0 0.0180556 0
0 0.348611 0 0.0194444 0
0 0.55625 0 0.0402778 0
0 0.803472 0 0.0180556 0
0 0.650694 0 0.0180556 0
0 0.506944 0.5 0.133333 1
0 0.348611 0 0.0194444 0
0 0.195139 0 0.0180556 0
0 0.55625 0 0.0402778 0
0 0.803472 0 0.0180556 0
0 0.650694 0 0.0180556 0
0 0.506944 0.5 0.133333 1
0 0.195139 0 0.0180556 0
0 0.348611 0 0.0194444 0
0 0.55625 0 0.0402778 0
0 0.803472 0 0.0180556 0
0 0.650694 0 0.0180556 0
0 0.506944 0.5 0.133333 1
0 0.55625 0 0.0402778 0
0 0.803472 0 0.0180556 0
0 0.650694 0 0.0180556 0
0 0.506944 0.5 0.133333 1
0 0.55625 0 0.0402778 0
0 0.348611 0 0.0194444 0
0 0.804167 0 0.0194444 0
0 0.650694 0 0.0180556 0
0 0.506944 0.5 0.133333 1
0 0.55625 0 0.0402778 0
0 0.348611 0 0.0194444 0
0 0.804167 0 0.0194444 0
0 0.650694 0 0.0180556 0
0 0.506944 0.5 0.133333 1
0 0.55625 0 0.0402778 0
0 0.348611 0 0.0194444 0
0 0.804167 0 0.0194444 0
0 0.650694 0 0.0180556 0
0 0.506944 0.5 0.133333 1
0 0.348611 0 0.0194444 0
0 0.55625 0 0.0402778 0
0 0.804167 0 0.0194444 0
0 0.650694 0 0.0180556 0
0 0.506944 0.5 0.133333 1
0 0.348611 0 0.0194444 0
0 0.55625 0 0.0402778 0
0 0.804167 0 0.0194444 0
0 0.650694 0 0.0180556 0
0 0.507639 0.5 0.134722 1
0 0.55625 0 0.0402778 0
0 0.348611 0 0.0194444 0
0 0.195139 0 0.0180556 0
0 0.804167 0 0.0194444 0
0 0.507639 0.5 0.134722 1
0 0.650694 0 0.0180556 0
0 0.195139 0 0.0180556 0
0 0.55625 0 0.0402778 0
0 0.649306 0 0.0208333 0
0 0.804167 0 0.0194444 0
0 0.507639 0.5 0.134722 1
0 0.556944 0 0.0361111 0
0 0.195139 0 0.0180556 0
0 0.348611 0 0.0194444 0
0 0.804861 0 0.0180556 0
0 0.650694 0 0.0180556 0
0 0.507639 0.5 0.134722 1
0 0.348611 0 0.0194444 0
0 0.195139 0 0.0180556 0
0 0.55625 0 0.0402778 0
0 0.650694 0 0.0180556 0
0 0.804167 0 0.0194444 0
0 0.507639 0.5 0.134722 1
0 0.195139 0 0.0180556 0
0 0.348611 0 0.0194444 0
0 0.55625 0 0.0402778 0
0 0.65 0 0.0194444 0
0 0.804167 0 0.0194444 0
0 0.50625 0.5 0.131944 1
0 0.55625 0 0.0402778 0
0 0.348611 0 0.0194444 0
0 0.804167 0 0.0194444 0
0 0.650694 0 0.0180556 0
0 0.505556 0.5 0.130556 1
0 0.348611 0 0.0194444 0
0 0.804861 0 0.0180556 0
0 0.650694 0 0.0180556 0
0 0.50625 0.5 0.131944 1
0 0.348611 0 0.0194444 0
0 0.804861 0 0.0180556 0
0 0.650694 0 0.0180556 0
0 0.50625 0.5 0.131944 1
0 0.55625 0 0.0402778 0
0 0.348611 0 0.0194444 0
0 0.804861 0 0.0180556 0
0 0.650694 0 0.0180556 0
0 0.50625 0.5 0.131944 1
0 0.348611 0 0.0194444 0
0 0.804167 0 0.0194444 0
0 0.50625 0.5 0.131944 1
0 0.650694 0 0.0180556 0
0 0.348611 0 0.0194444 0
0 0.804861 0 0.0180556 0
0 0.650694 0 0.0180556 0
0 0.50625 0.5 0.131944 1
0 0.55625 0 0.0402778 0
0 0.348611 0 0.0194444 0
0 0.804861 0 0.0180556 0
0 0.505556 0.5 0.130556 1
0 0.650694 0 0.0180556 0
0 0.556944 0 0.0388889 0
0 0.348611 0 0.0194444 0
0 0.804167 0 0.0194444 0
0 0.650694 0 0.0180556 0
0 0.505556 0.5 0.130556 1
0 0.348611 0 0.0194444 0
0 0.804861 0 0.0180556 0
0 0.505556 0.5 0.130556 1
0 0.650694 0 0.0180556 0
0 0.348611 0 0.0194444 0
0 0.556944 0 0.0388889 0
0 0.650694 0 0.0180556 0
0 0.804167 0 0.0194444 0
0 0.505556 0.5 0.130556 1
0 0.55625 0 0.0402778 0
0 0.348611 0 0.0194444 0
0 0.804861 0 0.0180556 0
0 0.505556 0.5 0.130556 1
0 0.650694 0 0.0180556 0
0 0.348611 0 0.0194444 0
0 0.804861 0 0.0180556 0
0 0.505556 0.5 0.130556 1
0 0.650694 0 0.0180556 0
0 0.349306 0 0.0180556 0
0 0.556944 0 0.0388889 0
0 0.804167 0 0.0194444 0
0 0.650694 0 0.0180556 0
0 0.504861 0.5 0.129167 1
0 0.55625 0 0.0402778 0
0 0.349306 0 0.0180556 0
0 0.804167 0 0.0194444 0
0 0.504861 0.5 0.129167 1
0 0.650694 0 0.0180556 0
0 0.349306 0 0.0180556 0
0 0.804861 0 0.0180556 0
0 0.504861 0.5 0.129167 1
0 0.650694 0 0.0180556 0
0 0.556944 0 0.0388889 0
0 0.349306 0 0.0180556 0
0 0.804167 0 0.0194444 0
0 0.650694 0 0.0180556 0
0 0.504861 0.5 0.129167 1
0 0.557639 0 0.0402778 0
0 0.348611 0 0.0194444 0
0 0.804167 0 0.0194444 0
0 0.650694 0 0.0180556 0
0 0.504861 0.5 0.129167 1
0 0.349306 0 0.0180556 0
0 0.804167 0 0.0194444 0
0 0.505556 0.5 0.130556 1
0 0.650694 0 0.0180556 0
0 0.556944 0 0.0388889 0
0 0.349306 0 0.0208333 0
0 0.804167 0 0.0194444 0
0 0.650694 0 0.0180556 0
0 0.505556 0.5 0.130556 1
0 0.804861 0 0.0180556 0
0 0.35 0 0.0194444 0
0 0.505556 0.5 0.130556 1
0 0.651389 0 0.0194444 0
0 0.348611 0 0.0194444 0
0 0.804167 0 0.0194444 0
0 0.650694 0 0.0180556 0
0 0.505556 0.5 0.130556 1
0 0.556944 0 0.0388889 0
0 0.35 0 0.0194444 0
0 0.804167 0 0.0194444 0
0 0.505556 0.5 0.130556 1
0 0.650694 0 0.0180556 0
0 0.557639 0 0.0402778 0
0 0.349306 0 0.0208333 0
0 0.804167 0 0.0194444 0
0 0.50625 0.5 0.129167 1
0 0.651389 0 0.0194444 0
0 0.804861 0 0.0180556 0
0 0.349306 0 0.0208333 0
0 0.50625 0.5 0.129167 1
0 0.651389 0 0.0194444 0
0 0.557639 0 0.0402778 0
0 0.349306 0 0.0208333 0
0 0.804167 0 0.0194444 0
0 0.651389 0 0.0194444 0
0 0.50625 0.5 0.129167 1
0 0.804167 0 0.0194444 0
0 0.349306 0 0.0208333 0
0 0.50625 0.5 0.129167 1
0 0.651389 0 0.0194444 0
0 0.804167 0 0.0194444 0
0 0.35 0 0.0194444 0
0 0.50625 0.5 0.129167 1
0 0.651389 0 0.0194444 0
0 0.557639 0 0.0402778 0
0 0.804861 0 0.0180556 0
0 0.35 0 0.0194444 0
0 0.50625 0.5 0.129167 1
0 0.651389 0 0.0194444 0
0 0.805556 0 0.0194444 0
0 0.349306 0 0.0208333 0
0 0.50625 0.5 0.129167 1
0 0.651389 0 0.0194444 0
0 0.805556 0 0.0194444 0
0 0.349306 0 0.0208333 0
0 0.50625 0.5 0.129167 1
0 0.651389 0 0.0194444 0
0 0.557639 0 0.0402778 0
0 0.805556 0 0.0194444 0
0 0.35 0 0.0194444 0
0 0.50625 0.5 0.129167 1
0 0.651389 0 0.0194444 0
0 0.349306 0 0.0208333 0
0 0.804167 0 0.0194444 0
0 0.50625 0.5 0.129167 1
0 0.651389 0 0.0194444 0
0 0.804167 0 0.0194444 0
0 0.35 0 0.0194444 0
0 0.651389 0 0.0194444 0
0 0.506944 0.5 0.127778 1
0 0.557639 0 0.0402778 0
0 0.804167 0 0.0194444 0
0 0.35 0 0.0194444 0
0 0.651389 0 0.0194444 0
0 0.506944 0.5 0.127778 1
0 0.804167 0 0.0194444 0
0 0.35 0 0.0194444 0
0 0.506944 0.5 0.127778 1
0 0.651389 0 0.0194444 0
0 0.557639 0 0.0402778 0
0 0.804861 0 0.0180556 0
0 0.35 0 0.0194444 0
0 0.506944 0.5 0.127778 1
0 0.651389 0 0.0194444 0
0 0.557639 0 0.0402778 0
0 0.35 0 0.0194444 0
0 0.804861 0 0.0180556 0
0 0.651389 0 0.0194444 0
0 0.506944 0.5 0.127778 1
0 0.557639 0 0.0402778 0
0 0.804861 0 0.0180556 0
0 0.35 0 0.0194444 0
0 0.652083 0 0.0208333 0
0 0.507639 0.5 0.126389 1
0 0.558333 0 0.0361111 0
0 0.804861 0 0.0180556 0
0 0.652083 0 0.0208333 0
0 0.35 0 0.0194444 0
0 0.507639 0.5 0.126389 1
0 0.557639 0 0.0402778 0
0 0.651389 0 0.0194444 0
0 0.804861 0 0.0180556 0
0 0.35 0 0.0194444 0
0 0.507639 0.5 0.126389 1
0 0.558333 0 0.0361111 0
0 0.804861 0 0.0180556 0
0 0.652083 0 0.0208333 0
0 0.35 0 0.0194444 0
0 0.507639 0.5 0.126389 1
0 0.804861 0 0.0180556 0
0 0.650694 0 0.0208333 0
0 0.35 0 0.0194444 0
0 0.506944 0.5 0.127778 1
0 0.803472 0 0.0180556 0
0 0.350694 0 0.0180556 0
0 0.650694 0 0.0180556 0
0 0.508333 0.5 0.127778 1
0 0.804861 0 0.0180556 0
0 0.350694 0 0.0180556 0
0 0.650694 0 0.0180556 0
0 0.509028 0.5 0.129167 1
0 0.804167 0 0.0194444 0
0 0.350694 0 0.0180556 0
0 0.509028 0.5 0.129167 1
0 0.650694 0 0.0180556 0
0 0.804861 0 0.0180556 0
0 0.350694 0 0.0180556 0
0 0.650694 0 0.0180556 0
0 0.509028 0.5 0.129167 1
0 0.803472 0 0.0180556 0
0 0.350694 0 0.0180556 0
0 0.650694 0 0.0180556 0
0 0.508333 0.5 0.130556 1
0 0.557639 0 0.0375 0
0 0.350694 0 0.0180556 0
0 0.804167 0 0.0194444 0
0 0.508333 0.5 0.133333 1
0 0.650694 0 0.0180556 0
0 0.556944 0 0.0361111 0
0 0.804167 0 0.0194444 0
0 0.350694 0 0.0180556 0
0 0.650694 0 0.0180556 0
0 0.506944 0.5 0.127778 1
0 0.556944 0 0.0388889 0
0 0.350694 0 0.0180556 0
0 0.804167 0 0.0194444 0
0 0.650694 0 0.0180556 0
0 0.506944 0.5 0.127778 1
0 0.557639 0 0.0375 0
0 0.804167 0 0.0194444 0
0 0.350694 0 0.0180556 0
0 0.650694 0 0.0180556 0
0 0.506944 0.5 0.127778 1
0 0.557639 0 0.0402778 0
0 0.350694 0 0.0180556 0
0 0.804167 0 0.0194444 0
0 0.650694 0 0.0180556 0
0 0.506944 0.5 0.127778 1
0 0.556944 0 0.0416667 0
0 0.804861 0 0.0208333 0
0 0.35 0 0.0194444 0
0 0.650694 0 0.0180556 0
0 0.506944 0.5 0.127778 1
0 0.556944 0 0.0388889 0
0 0.804167 0 0.0194444 0
0 0.350694 0 0.0180556 0
0 0.650694 0 0.0180556 0
0 0.507639 1 0.126389 0
0 0.55625 0 0.0402778 0
0 0.804167 0 0.0194444 0
0 0.350694 0 0.0180556 0
0 0.507639 1 0.126389 0
0 0.650694 0 0.0180556 0
0 0.55625 0 0.0402778 0
0 0.197222 0 0.0194444 0
0 0.804167 0 0.0194444 0
0 0.350694 0 0.0180556 0
0 0.650694 0 0.0180556 0
0 0.508333 1 0.127778 0
0 0.649306 0 0.0180556 0
0 0.803472 0 0.0180556 0
0 0.350694 0 0.0180556 0
0 0.508333 1 0.130556 0
0 0.556944 0 0.0388889 0
0 0.802778 0 0.0194444 0
0 0.350694 0 0.0180556 0
0 0.507639 1 0.126389 0
0 0.65 0 0.0166667 0
0 0.556944 0 0.0388889 0
0 0.802778 0 0.0194444 0
0 0.350694 0 0.0180556 0
0 0.507639 1 0.126389 0
0 0.65 0 0.0166667 0
0 0.802778 0 0.0194444 0
0 0.350694 0 0.0180556 0
0 0.65 0 0.0166667 0
0 0.507639 1 0.126389 0
0 0.556944 0 0.0388889 0
0 0.802778 0 0.0194444 0
0 0.350694 0 0.0180556 0
0 0.65 0 0.0166667 0
0 0.507639 1 0.126389 0
0 0.802778 0 0.0166667 0
0 0.350694 0 0.0180556 0
0 0.506944 1 0.125 0
0 0.65 0 0.0166667 0
0 0.351389 0 0.0194444 0
0 0.65 0 0.0194444 0
0 0.802778 0 0.0194444 0
0 0.509028 1 0.126389 0
0 0.351389 0 0.0194444 0
0 0.649306 0 0.0180556 0
0 0.802778 0 0.0194444 0
0 0.509028 1 0.126389 0
0 0.351389 0 0.0194444 0
0 0.802778 0 0.0194444 0
0 0.65 0 0.0166667 0
0 0.509028 1 0.126389 0
0 0.351389 0 0.0194444 0
0 0.649306 0 0.0180556 0
0 0.802778 0 0.0194444 0
0 0.509028 1 0.126389 0
0 0.649306 0 0.0208333 0
0 0.351389 0 0.0194444 0
0 0.802778 0 0.0194444 0
0 0.509028 1 0.129167 0
0 0.802083 0 0.0180556 0
0 0.649306 0 0.0180556 0
0 0.351389 0 0.0166667 0
0 0.507639 1 0.123611 0
0 0.55625 0 0.0402778 0
0 0.801389 0 0.0166667 0
0 0.351389 0 0.0166667 0
0 0.508333 1 0.122222 0
0 0.65 0 0.0166667 0
0 0.55625 0 0.0402778 0
0 0.351389 0 0.0166667 0
0 0.801389 0 0.0166667 0
0 0.649306 0 0.0180556 0
0 0.507639 1 0.123611 0
0 0.55625 0 0.0402778 0
0 0.801389 0 0.0166667 0
0 0.351389 0 0.0166667 0
0 0.507639 1 0.123611 0
0 0.65 0 0.0166667 0
0 0.555556 0 0.0388889 0
0 0.802083 0 0.0180556 0
0 0.352083 0 0.0180556 0
0 0.649306 0 0.0180556 0
0 0.509722 1 0.125 0
0 0.2 0 0.0194444 0
0 0.802083 0 0.0180556 0
0 0.556944 0 0.0388889 0
0 0.352083 0 0.0180556 0
0 0.65 0 0.0194444 0
0 0.509722 1 0.122222 0
0 0.556944 0 0.0388889 0
0 0.2 0 0.0194444 0
0 0.352083 0 0.0180556 0
0 0.649306 0 0.0180556 0
0 0.509722 1 0.122222 0
0 0.802083 0 0.0180556 0
0 0.2 0 0.0194444 0
0 0.352083 0 0.0180556 0
0 0.649306 0 0.0180556 0
0 0.509722 1 0.122222 0
0 0.556944 0 0.0388889 0
0 0.802083 0 0.0180556 0
0 0.2 0 0.0194444 0
0 0.352083 0 0.0180556 0
0 0.649306 0 0.0180556 0
0 0.509722 1 0.122222 0
0 0.802083 0 0.0180556 0
0 0.2 0 0.0194444 0
0 0.556944 0 0.0388889 0
0 0.352083 0 0.0180556 0
0 0.65 0 0.0194444 0
0 0.509722 1 0.122222 0
0 0.2 0 0.0166667 0
0 0.352083 0 0.0180556 0
0 0.801389 0 0.0166667 0
0 0.648611 0 0.0166667 0
0 0.510417 1 0.123611 0
0 0.352083 0 0.0180556 0
0 0.800694 0 0.0180556 0
0 0.649306 0 0.0180556 0
0 0.511111 1 0.125 0
0 0.352083 0 0.0180556 0
0 0.800694 0 0.0180556 0
0 0.648611 0 0.0166667 0
0 0.511111 1 0.125 0
0 0.2 0 0.0166667 0
0 0.800694 0 0.0180556 0
0 0.352083 0 0.0180556 0
0 0.649306 0 0.0180556 0
0 0.511111 1 0.125 0
0 0.352083 0 0.0180556 0
0 0.800694 0 0.0180556 0
0 0.648611 0 0.0166667 0
0 0.511111 1 0.125 0
0 0.648611 0 0.0194444 0
0 0.352778 0 0.0194444 0
0 0.800694 0 0.0180556 0
0 0.5125 1 0.122222 0
0 0.556944 0 0.0388889 0
0 0.352778 0 0.0194444 0
0 0.800694 0 0.0180556 0
0 0.647917 0 0.0208333 0
0 0.5125 1 0.116667 0
0 0.352778 0 0.0194444 0
0 0.800694 0 0.0180556 0
0 0.648611 0 0.0194444 0
0 0.5125 1 0.116667 0
0 0.556944 0 0.0388889 0
0 0.800694 0 0.0180556 0
0 0.352778 0 0.0194444 0
0 0.648611 0 0.0194444 0
0 0.5125 1 0.116667 0
0 0.352778 0 0.0194444 0
0 0.800694 0 0.0180556 0
0 0.648611 0 0.0194444 0
0 0.5125 1 0.116667 0
0 0.353472 0 0.0180556 0
0 0.8 0 0.0166667 0
0 0.648611 0 0.0166667 0
0 0.5125 1 0.119444 0
0 0.55625 0 0.0375 0
0 0.353472 0 0.0180556 0
0 0.8 0 0.0166667 0
0 0.649306 0 0.0180556 0
0 0.513194 1 0.120833 0
0 0.353472 0 0.0180556 0
0 0.8 0 0.0166667 0
0 0.648611 0 0.0166667 0
0 0.513194 1 0.120833 0
0 0.55625 0 0.0375 0
0 0.353472 0 0.0180556 0
0 0.649306 0 0.0180556 0
0 0.8 0 0.0166667 0
0 0.513194 1 0.120833 0
0 0.353472 0 0.0180556 0
0 0.8 0 0.0166667 0
0 0.649306 0 0.0180556 0
0 0.513194 1 0.120833 0
0 0.354167 0 0.0194444 0
0 0.8 0 0.0166667 0
0 0.649306 0 0.0180556 0
0 0.514583 1 0.120833 0
0 0.798611 0 0.0194444 0
0 0.648611 0 0.0194444 0
0 0.517361 1 0.106944 0
0 0.354861 0 0.0180556 0
0 0.798611 0 0.0194444 0
0 0.648611 0 0.0194444 0
0 0.517361 1 0.106944 0
0 0.798611 0 0.0194444 0
0 0.648611 0 0.0194444 0
0 0.517361 1 0.106944 0
0 0.798611 0 0.0194444 0
0 0.648611 0 0.0194444 0
0 0.517361 1 0.106944 0
0 0.354861 0 0.0208333 0
0 0.647917 0 0.0180556 0
0 0.517361 1 0.106944 0
0 0.798611 0 0.0194444 0
0 0.648611 0 0.0194444 0
0 0.515278 1 0.116667 0
0 0.355556 0 0.0166667 0
0 0.648611 0 0.0194444 0
0 0.514583 1 0.118056 0
0 0.648611 0 0.0194444 0
0 0.514583 1 0.118056 0
0 0.799306 0 0.0180556 0
0 0.355556 0 0.0166667 0
0 0.648611 0 0.0194444 0
0 0.514583 1 0.118056 0
0 0.648611 0 0.0194444 0
0 0.514583 1 0.118056 0
0 0.647917 0 0.0180556 0
0 0.515278 1 0.116667 0
0 0.355556 0 0.0194444 0
0 0.648611 0 0.0194444 0
0 0.517361 1 0.109722 0
0 0.648611 0 0.0194444 0
0 0.518056 1 0.108333 0
0 0.647917 0 0.0208333 0
0 0.518056 1 0.108333 0
0 0.355556 0 0.0166667 0
0 0.648611 0 0.0194444 0
0 0.518056 1 0.108333 0
0 0.647917 0 0.0208333 0
0 0.51875 1 0.106944 0
0 0.35625 0 0.0180556 0
0 0.647917 0 0.0208333 0
0 0.518056 1 0.105556 0
0 0.797222 0 0.0194444 0
0 0.647917 0 0.0208333 0
0 0.518056 1 0.105556 0
0 0.797222 0 0.0194444 0
0 0.35625 0 0.0180556 0
0 0.647917 0 0.0208333 0
0 0.518056 1 0.105556 0
0 0.35625 0 0.0180556 0
0 0.797222 0 0.0194444 0
0 0.648611 0 0.0194444 0
0 0.518056 1 0.105556 0
0 0.797222 0 0.0194444 0
0 0.35625 0 0.0180556 0
0 0.647917 0 0.0208333 0
0 0.51875 1 0.104167 0
0 0.797222 0 0.0194444 0
0 0.356944 0 0.0166667 0
0 0.648611 0 0.0194444 0
0 0.51875 1 0.106944 0
0 0.207639 0 0.0180556 0
0 0.797222 0 0.0194444 0
0 0.647222 0 0.0194444 0
0 0.356944 0 0.0166667 0
0 0.51875 1 0.104167 0
0 0.207639 0 0.0180556 0
0 0.797222 0 0.0194444 0
0 0.356944 0 0.0166667 0
0 0.647917 0 0.0180556 0
0 0.51875 1 0.104167 0
0 0.207639 0 0.0180556 0
0 0.797222 0 0.0194444 0
0 0.647917 0 0.0180556 0
0 0.356944 0 0.0166667 0
0 0.51875 1 0.104167 0
0 0.797222 0 0.0194444 0
0 0.356944 0 0.0166667 0
0 0.647917 0 0.0180556 0
0 0.51875 1 0.104167 0
0 0.795833 0 0.0194444 0
0 0.358333 0 0.0194444 0
0 0.647917 0 0.0180556 0
0 0.517361 1 0.1125 0
0 0.358333 0 0.0194444 0
0 0.647917 0 0.0180556 0
0 0.517361 1 0.1125 0
0 0.795833 0 0.0194444 0
0 0.358333 0 0.0194444 0
0 0.647917 0 0.0180556 0
0 0.517361 1 0.1125 0
0 0.357639 0 0.0180556 0
0 0.647917 0 0.0180556 0
0 0.517361 1 0.1125 0
0 0.796528 0 0.0208333 0
0 0.357639 0 0.0180556 0
0 0.647917 0 0.0180556 0
0 0.517361 1 0.1125 0
0 0.357639 0 0.0180556 0
0 0.209028 0 0.0180556 0
0 0.648611 0 0.0194444 0
0 0.51875 1 0.106944 0
0 0.358333 0 0.0194444 0
0 0.648611 0 0.0194444 0
0 0.519444 1 0.105556 0
0 0.358333 0 0.0194444 0
0 0.647917 0 0.0180556 0
0 0.519444 1 0.105556 0
0 0.358333 0 0.0166667 0
0 0.647917 0 0.0180556 0
0 0.519444 1 0.105556 0
0 0.358333 0 0.0194444 0
0 0.648611 0 0.0194444 0
0 0.519444 1 0.105556 0
0 0.796528 0 0.0208333 0
0 0.357639 0 0.0180556 0
0 0.647917 0 0.0180556 0
0 0.519444 1 0.105556 0
0 0.359028 0 0.0180556 0
0 0.795139 0 0.0180556 0
0 0.647917 0 0.0180556 0
0 0.519444 1 0.105556 0
0 0.796528 0 0.0208333 0
0 0.359028 0 0.0180556 0
0 0.647917 0 0.0180556 0
0 0.519444 1 0.105556 0
0 0.796528 0 0.0208333 0
0 0.359028 0 0.0180556 0
0 0.647917 0 0.0180556 0
0 0.519444 1 0.105556 0
0 0.797222 0 0.0194444 0
0 0.359028 0 0.0180556 0
0 0.647917 0 0.0180556 0
0 0.519444 1 0.105556 0
0 0.796528 0 0.0180556 0
0 0.359028 0 0.0180556 0
0 0.647917 0 0.0180556 0
0 0.520139 1 0.104167 0
0 0.796528 0 0.0180556 0
0 0.359028 0 0.0180556 0
0 0.647917 0 0.0180556 0
0 0.520139 1 0.104167 0
0 0.359028 0 0.0180556 0
0 0.796528 0 0.0180556 0
0 0.648611 0 0.0194444 0
0 0.520139 1 0.104167 0
0 0.796528 0 0.0180556 0
0 0.359028 0 0.0180556 0
0 0.647917 0 0.0180556 0
0 0.520139 1 0.104167 0
0 0.796528 0 0.0180556 0
0 0.359028 0 0.0180556 0
0 0.647917 0 0.0180556 0
0 0.520139 1 0.104167 0
0 0.795833 0 0.0194444 0
0 0.359028 0 0.0180556 0
0 0.647917 0 0.0180556 0
0 0.520139 1 0.104167 0
0 0.359722 0 0.0194444 0
0 0.647917 0 0.0180556 0
0 0.521528 1 0.104167 0
0 0.795833 0 0.0194444 0
0 0.359722 0 0.0194444 0
0 0.647917 0 0.0180556 0
0 0.521528 1 0.104167 0
0 0.794444 0 0.0194444 0
0 0.359722 0 0.0194444 0
0 0.647917 0 0.0180556 0
0 0.521528 1 0.104167 0
0 0.647917 0 0.0180556 0
0 0.521528 1 0.104167 0
0 0.360417 0 0.0180556 0
0 0.648611 0 0.0166667 0
0 0.522222 1 0.102778 0
0 0.795833 0 0.0194444 0
0 0.648611 0 0.0194444 0
0 0.522222 1 0.102778 0
0 0.360417 0 0.0208333 0
0 0.648611 0 0.0166667 0
0 0.522222 1 0.102778 0
0 0.648611 0 0.0194444 0
0 0.522222 1 0.102778 0
0 0.360417 0 0.0180556 0
0 0.648611 0 0.0166667 0
0 0.522222 1 0.102778 0
0 0.649306 0 0.0180556 0
0 0.522222 1 0.102778 0
0 0.648611 0 0.0194444 0
0 0.523611 1 0.102778 0
0 0.213889 0 0.0166667 0
0 0.648611 0 0.0194444 0
0 0.523611 1 0.102778 0
0 0.648611 0 0.0194444 0
0 0.523611 1 0.102778 0
0 0.213889 0 0.0166667 0
0 0.648611 0 0.0194444 0
0 0.522917 1 0.101389 0
0 0.213889 0 0.0166667 0
0 0.648611 0 0.0194444 0
0 0.522917 1 0.101389 0
0 0.648611 0 0.0194444 0
0 0.523611 1 0.102778 0
0 0.796528 0 0.0180556 0
0 0.648611 0 0.0194444 0
0 0.523611 1 0.102778 0
0 0.361111 0 0.0194444 0
0 0.647222 0 0.0222222 0
0 0.523611 1 0.1 0
0 0.361806 0 0.0180556 0
0 0.649306 0 0.0180556 0
0 0.524306 1 0.0986111 0
0 0.361806 0 0.0180556 0
0 0.648611 0 0.0194444 0
0 0.524306 1 0.0986111 0
0 0.649306 0 0.0180556 0
0 0.524306 1 0.0986111 0
0 0.361806 0 0.0180556 0
0 0.648611 0 0.0194444 0
0 0.524306 1 0.0986111 0
0 0.648611 0 0.0194444 0
0 0.524306 1 0.0986111 0
0 0.795139 0 0.0180556 0
0 0.648611 0 0.0194444 0
0 0.525694 1 0.0986111 0
0 0.647917 0 0.0208333 0
0 0.795139 0 0.0180556 0
0 0.526389 1 0.1 0
0 0.795139 0 0.0180556 0
0 0.647917 0 0.0208333 0
0 0.526389 1 0.1 0
0 0.795139 0 0.0180556 0
0 0.648611 0 0.0194444 0
0 0.526389 1 0.1 0
0 0.795139 0 0.0180556 0
0 0.648611 0 0.0194444 0
0 0.526389 1 0.1 0
0 0.795139 0 0.0180556 0
0 0.648611 0 0.0194444 0
0 0.526389 1 0.1 0
0 0.648611 0 0.0194444 0
0 0.795833 0 0.0166667 0
0 0.527778 1 0.1 0
0 0.648611 0 0.0194444 0
0 0.795139 0 0.0180556 0
0 0.529167 1 0.1 0
0 0.363194 0 0.0180556 0
0 0.795833 0 0.0166667 0
0 0.649306 0 0.0180556 0
0 0.529167 1 0.1 0
0 0.795139 0 0.0180556 0
0 0.649306 0 0.0180556 0
0 0.529167 1 0.1 0
0 0.46875 0 0.0319444 0
0 0.795833 0 0.0166667 0
0 0.649306 0 0.0180556 0
0 0.529167 1 0.1 0
0 0.795139 0 0.0180556 0
0 0.649306 0 0.0180556 0
0 0.363889 0 0.0166667 0
0 0.530556 1 0.1 0
0 0.795139 0 0.0180556 0
0 0.649306 0 0.0180556 0
0 0.363889 0 0.0166667 0
0 0.530556 1 0.1 0
0 0.469444 0 0.0333333 0
0 0.796528 0 0.0180556 0
0 0.649306 0 0.0180556 0
0 0.363889 0 0.0166667 0
0 0.531944 1 0.1 0
0 0.469444 0 0.0333333 0
0 0.796528 0 0.0180556 0
0 0.649306 0 0.0180556 0
0 0.363889 0 0.0166667 0
0 0.532639 1 0.101389 0
0 0.469444 0 0.0333333 0
0 0.796528 0 0.0180556 0
0 0.363889 0 0.0166667 0
0 0.65 0 0.0166667 0
0 0.532639 1 0.101389 0
0 0.469444 0 0.0333333 0
0 0.795833 0 0.0166667 0
0 0.649306 0 0.0180556 0
0 0.363889 0 0.0166667 0
0 0.532639 1 0.101389 0
0 0.469444 0 0.0333333 0
0 0.796528 0 0.0180556 0
0 0.363889 0 0.0166667 0
0 0.65 0 0.0166667 0
0 0.532639 1 0.101389 0
0 0.555556 0 0.05 0
0 0.469444 0 0.0333333 0
0 0.795833 0 0.0166667 0
0 0.649306 0 0.0180556 0
0 0.364583 0 0.0180556 0
0 0.534028 1 0.101389 0
0 0.46875 0 0.0347222 0
0 0.363889 0 0.0166667 0
0 0.795833 0 0.0166667 0
0 0.65 0 0.0166667 0
0 0.534722 1 0.1 0
0 0.649306 0 0.0180556 0
0 0.363889 0 0.0166667 0
0 0.795833 0 0.0166667 0
0 0.534722 1 0.1 0
0 0.363889 0 0.0166667 0
0 0.795833 0 0.0166667 0
0 0.65 0 0.0166667 0
0 0.534722 1 0.1 0
0 0.469444 0 0.0333333 0
0 0.364583 0 0.0180556 0
0 0.649306 0 0.0180556 0
0 0.795833 0 0.0166667 0
0 0.534722 1 0.1 0
0 0.364583 0 0.0180556 0
0 0.795833 0 0.0166667 0
0 0.65 0 0.0166667 0
0 0.534722 1 0.1 0
0 0.364583 0 0.0152778 0
0 0.795833 0 0.0166667 0
0 0.65 0 0.0166667 0
0 0.536111 1 0.0972222 0
0 0.364583 0 0.0152778 0
0 0.795833 0 0.0166667 0
0 0.649306 0 0.0180556 0
0 0.536111 1 0.0972222 0
0 0.795833 0 0.0166667 0
0 0.364583 0 0.0152778 0
0 0.649306 0 0.0180556 0
0 0.536111 1 0.0972222 0
0 0.795833 0 0.0166667 0
0 0.364583 0 0.0152778 0
0 0.65 0 0.0166667 0
0 0.536111 1 0.0972222 0
0 0.364583 0 0.0152778 0
0 0.795833 0 0.0166667 0
0 0.65 0 0.0166667 0
0 0.536111 1 0.0972222 0
0 0.795833 0 0.0166667 0
0 0.365278 0 0.0166667 0
0 0.65 0 0.0166667 0
0 0.5375 1 0.0972222 0
0 0.219444 0 0.0166667 0
0 0.555556 0 0.0527778 0
0 0.795833 0 0.0166667 0
0 0.365278 0 0.0166667 0
0 0.65 0 0.0166667 0
0 0.5375 1 0.0972222 0
0 0.55625 0 0.0486111 0
0 0.219444 0 0.0166667 0
0 0.795833 0 0.0166667 0
0 0.365278 0 0.0166667 0
0 0.65 0 0.0166667 0
0 0.5375 1 0.0972222 0
0 0.55625 0 0.0513889 0
0 0.219444 0 0.0166667 0
0 0.795139 0 0.0180556 0
0 0.365278 0 0.0166667 0
0 0.65 0 0.0166667 0
0 0.5375 1 0.0972222 0
0 0.219444 0 0.0166667 0
0 0.555556 0 0.05 0
0 0.795139 0 0.0180556 0
0 0.365278 0 0.0166667 0
0 0.65 0 0.0166667 0
0 0.5375 1 0.0972222 0
0 0.555556 0 0.05 0
0 0.219444 0 0.0166667 0
0 0.795833 0 0.0166667 0
0 0.365278 0 0.0166667 0
0 0.65 0 0.0166667 0
0 0.5375 1 0.0972222 0
0 0.649306 0 0.0180556 0
0 0.555556 0 0.05 0
0 0.365972 0 0.0180556 0
0 0.795139 0 0.0180556 0
0 0.538889 1 0.0972222 0
0 0.555556 0 0.05 0
0 0.795139 0 0.0180556 0
0 0.365972 0 0.0180556 0
0 0.649306 0 0.0180556 0
0 0.538889 1 0.0972222 0
0 0.555556 0 0.05 0
0 0.365278 0 0.0194444 0
0 0.795139 0 0.0180556 0
0 0.648611 0 0.0166667 0
0 0.538889 1 0.0972222 0
0 0.649306 0 0.0180556 0
0 0.555556 0 0.05 0
0 0.365278 0 0.0166667 0
0 0.795139 0 0.0180556 0
0 0.538889 1 0.0972222 0
0 0.649306 0 0.0180556 0
0 0.555556 0 0.05 0
0 0.365278 0 0.0166667 0
0 0.795139 0 0.0180556 0
0 0.538889 1 0.0972222 0
0 0.219444 0 0.0166667 0
0 0.555556 0 0.05 0
0 0.365972 0 0.0180556 0
0 0.795139 0 0.0152778 0
0 0.65 0 0.0166667 0
0 0.539583 1 0.0930556 0
0 0.555556 0 0.05 0
0 0.365972 0 0.0180556 0
0 0.649306 0 0.0180556 0
0 0.795139 0 0.0152778 0
0 0.540278 1 0.0944444 0
0 0.55625 0 0.0513889 0
0 0.365972 0 0.0180556 0
0 0.65 0 0.0166667 0
0 0.795139 0 0.0152778 0
0 0.540278 1 0.0944444 0
0 0.365972 0 0.0180556 0
0 0.649306 0 0.0152778 0
0 0.795139 0 0.0152778 0
0 0.540278 1 0.0944444 0
0 0.555556 0 0.05 0
0 0.365972 0 0.0180556 0
0 0.65 0 0.0166667 0
0 0.795139 0 0.0152778 0
0 0.540278 1 0.0944444 0
0 0.55625 0 0.0513889 0
0 0.365972 0 0.0180556 0
0 0.65 0 0.0166667 0
0 0.795139 0 0.0152778 0
0 0.540278 1 0.0944444 0
0 0.365972 0 0.0180556 0
0 0.65 0 0.0166667 0
0 0.794444 0 0.0166667 0
0 0.540972 1 0.0958333 0
