0 0.444444 0 0.0277778 0
0 0.445139 0 0.0263889 0
0 0.445139 0 0.0263889 0
0 0.445139 0 0.0263889 0
0 0.445139 0 0.0263889 0
0 0.445139 0 0.0263889 0
0 0.445139 0 0.0263889 0
0 0.445139 0 0.0263889 0
0 0.445139 0 0.0263889 0
0 0.445139 0 0.0263889 0
0 0.445139 0 0.0263889 0
0 0.445139 0 0.0263889 0
0 0.445139 0 0.0263889 0
0 0.444444 0 0.0277778 0
0 0.445139 0 0.0263889 0
0 0.445139 0 0.0263889 0
0 0.445139 0 0.0263889 0
0 0.445139 0 0.0263889 0
0 0.445139 0 0.0263889 0
0 0.444444 0 0.0277778 0
0 0.445139 0 0.0263889 0
0 0.445139 0 0.0263889 0
0 0.445139 0 0.0263889 0
0 0.445139 0 0.0263889 0
0 0.445139 0 0.0263889 0
0 0.445139 0 0.0263889 0
0 0.445139 0 0.0263889 0
0 0.445139 0 0.0263889 0
0 0.445139 0 0.0263889 0
0 0.445139 0 0.0263889 0
0 0.445139 0 0.0263889 0
0 0.445139 0 0.0263889 0
0 0.445139 0 0.0263889 0
0 0.445139 0 0.0263889 0
0 0.445139 0 0.0263889 0
0 0.445139 0 0.0263889 0
0 0.445139 0 0.0263889 0
0 0.445139 0 0.0263889 0
0 0.445139 0 0.0263889 0
0 0.445139 0 0.0263889 0
0 0.445139 0 0.0263889 0
0 0.445139 0 0.0263889 0
0 0.445139 0 0.0263889 0
0 0.445139 0 0.0263889 0
0 0.445139 0 0.0263889 0
0 0.445139 0 0.0263889 0
0 0.445139 0 0.0263889 0
0 0.445139 0 0.0263889 0
0 0.445139 0 0.0263889 0
0 0.445139 0 0.0263889 0
0 0.445139 0 0.0263889 0
0 0.445139 0 0.0263889 0
0 0.445139 0 0.0263889 0
0 0.445139 0 0.0263889 0
0 0.445139 0 0.0263889 0
0 0.445139 0 0.0263889 0
0 0.445139 0 0.0263889 0
0 0.445139 0 0.0263889 0
0 0.445139 0 0.0263889 0
0 0.445139 0 0.0263889 0
0 0.445139 0 0.0263889 0
0 0.445139 0 0.0263889 0
0 0.445139 0 0.0263889 0
0 0.445139 0 0.0263889 0
0 0.445139 0 0.0263889 0
0 0.445139 0 0.0263889 0
0 0.445139 0 0.0263889 0
0 0.445139 0 0.0263889 0
0 0.445139 0 0.0263889 0
0 0.445139 0 0.0263889 0
0 0.445139 0 0.0263889 0
0 0.445139 0 0.0263889 0
0 0.445139 0 0.0263889 0
0 0.445139 0 0.0263889 0
0 0.445139 0 0.0263889 0
0 0.445139 0 0.0263889 0
0 0.445139 0 0.0263889 0
0 0.445139 0 0.0263889 0
0 0.445139 0 0.0263889 0
0 0.445139 0 0.0263889 0
0 0.445139 0 0.0263889 0
0 0.445139 0 0.0263889 0
0 0.445139 0 0.0263889 0
0 0.445139 0 0.0263889 0
0 0.445139 0 0.0263889 0
0 0.445139 0 0.0263889 0
0 0.445139 0 0.0263889 0
0 0.445139 0 0.0263889 0
0 0.445139 0 0.0263889 0
0 0.445139 0 0.0263889 0
0 0.445139 0 0.0263889 0
0 0.445139 0 0.0263889 0
0 0.445139 0 0.0263889 0
0 0.445139 0 0.0263889 0
0 0.445139 0 0.0263889 0
0 0.445139 0 0.0263889 0
0 0.445139 0 0.0263889 0
0 0.445139 0 0.0263889 0
0 0.445139 0 0.0263889 0
0 0.445139 0 0.0263889 0
0 0.445139 0 0.0263889 0
0 0.445139 0 0.0263889 0
0 0.445139 0 0.0263889 0
0 0.445139 0 0.0263889 0
0 0.445139 0 0.0263889 0
0 0.445139 0 0.0263889 0
0 0.445139 0 0.0263889 0
0 0.445139 0 0.0263889 0
0 0.445139 0 0.0263889 0
0 0.445139 0 0.0263889 0
0 0.445139 0 0.0263889 0
0 0.445139 0 0.0263889 0
0 0.445139 0 0.0263889 0
0 0.445139 0 0.0263889 0
0 0.445139 0 0.0263889 0
0 0.445139 0 0.0263889 0
0 0.445139 0 0.0263889 0
0 0.445139 0 0.0263889 0
0 0.445139 0 0.0263889 0
0 0.445139 0 0.0263889 0
0 0.445139 0 0.0263889 0
0 0.445139 0 0.0263889 0
0 0.445139 0 0.0263889 0
0 0.445139 0 0.0263889 0
0 0.445139 0 0.0263889 0
0 0.445139 0 0.0263889 0
0 0.445139 0 0.0263889 0
0 0.445139 0 0.0263889 0
0 0.445139 0 0.0263889 0
0 0.445139 0 0.0263889 0
0 0.445139 0 0.0263889 0
0 0.445139 0 0.0263889 0
0 0.445139 0 0.0263889 0
0 0.445139 0 0.0263889 0
0 0.445139 0 0.0263889 0
0 0.445139 0 0.0263889 0
0 0.445139 0 0.0263889 0
0 0.445833 0 0.0277778 0
0 0.446528 0 0.0263889 0
0 0.503472 0 0.0347222 0
0 0.447222 0 0.0277778 0
0 0.504167 0 0.0333333 0
0 0.447917 0 0.0263889 0
0 0.448611 0 0.0277778 0
0 0.448611 0 0.0277778 0
0 0.45 0 0.025 0
0 0.450694 0 0.0263889 0
0 0.451389 0 0.0277778 0
0 0.454167 0 0.0277778 0
0 0.570139 0 0.00972222 0
0 0.454861 0 0.0263889 0
0 0.508333 0 0.0333333 0
0 0.45625 0 0.0263889 0
0 0.571528 0 0.00972222 0
0 0.45625 0 0.0263889 0
0 0.459028 0 0.0263889 0
0 0.463889 0 0.0277778 0
0 0.465278 0 0.0277778 0
0 0.46875 0 0.0263889 0
0 0.469444 0 0.0277778 0
0 0.472222 0 0.0277778 0
0 0.475 0 0.025 0
0 0.477778 0 0.025 0
0 0.480556 0 0.025 0
0 0.50625 0.5 0.0263889 1
0 0.6 0 0.0111111 0
0 0.509722 0.5 0.025 1
0 0.602778 0 0.0111111 0
0 0.513194 0.5 0.0263889 1
0 0.605556 0 0.0111111 0
0 0.517361 0.5 0.0291667 1
0 0.522917 0.5 0.0291667 1
0 0.527778 0.5 0.0305556 1
0 0.613194 0 0.00972222 0
0 0.531944 0.5 0.0305556 1
0 0.415278 0 0.0138889 0
0 0.615278 0 0.0111111 0
0 0.536111 0.5 0.0305556 1
0 0.620139 0 0.0125 0
0 0.543056 0.5 0.0305556 1
0 0.620833 0 0.0111111 0
0 0.547917 0.5 0.0319444 1
0 0.552083 0.5 0.0319444 1
0 0.555556 0.5 0.0305556 1
0 0.625 0 0.0111111 0
0 0.55625 0.5 0.0291667 1
0 0.559028 0.5 0.0319444 1
0 0.5625 0.5 0.0305556 1
0 0.564583 0.5 0.0319444 1
0 0.567361 0.5 0.0319444 1
0 0.570833 0.5 0.0305556 1
0 0.570833 0.5 0.0305556 1
0 0.571528 0.5 0.0319444 1
0 0.573611 0.5 0.0333333 1
0 0.575 0.5 0.0333333 1
0 0.634028 0 0.0125 0
0 0.575694 0.5 0.0319444 1
0 0.576389 0.5 0.0333333 1
0 0.577778 0.5 0.0333333 1
0 0.578472 0.5 0.0319444 1
0 0.579167 0.5 0.0333333 1
0 0.579861 0 0.0319444 0
0 0.427778 0 0.0138889 0
0 0.579167 0 0.0333333 0
0 0.636806 0 0.0125 0
0 0.579167 0 0.0333333 0
0 0.427778 0 0.0138889 0
0 0.638194 0 0.0125 0
0 0.579167 0 0.0333333 0
0 0.578472 0 0.0347222 0
0 0.578472 0 0.0347222 0
0 0.578472 0 0.0347222 0
0 0.576389 0.5 0.0361111 1
0 0.575694 0.5 0.0375 1
0 0.575 0.5 0.0361111 1
0 0.573611 0.5 0.0361111 1
0 0.572917 0.5 0.0375 1
0 0.417361 0 0.0125 0
0 0.570139 0.5 0.0375 1
0 0.635417 0 0.0125 0
0 0.415278 0 0.0138889 0
0 0.568056 0.5 0.0361111 1
0 0.635417 0 0.0125 0
0 0.415278 0 0.0138889 0
0 0.566667 0.5 0.0416667 1
0 0.635417 0 0.0125 0
0 0.564583 0.5 0.0402778 1
0 0.410417 0 0.0152778 0
0 0.634722 0 0.0138889 0
0 0.561806 0.5 0.0402778 1
0 0.559028 0.5 0.0402778 1
0 0.633333 0 0.0138889 0
0 0.288889 0 0.0138889 0
0 0.554861 0.5 0.0402778 1
0 0.632639 0 0.0180556 0
0 0.552083 0.5 0.0430556 1
0 0.631944 0 0.0138889 0
0 0.402778 0 0.0138889 0
0 0.55 0.5 0.0444444 1
0 0.283333 0 0.0138889 0
0 0.631944 0 0.0138889 0
0 0.547917 0.5 0.0458333 1
0 0.63125 0 0.0152778 0
0 0.545833 0 0.0444444 0
0 0.63125 0 0.0152778 0
0 0.542361 0 0.0430556 0
0 0.5375 0 0.0472222 0
0 0.39375 0 0.0152778 0
0 0.629167 0 0.0138889 0
0 0.533333 0 0.0472222 0
0 0.392361 0 0.0152778 0
0 0.629167 0 0.0138889 0
0 0.531944 0 0.0472222 0
0 0.627083 0 0.0152778 0
0 0.527778 0 0.0472222 0
0 0.626389 0 0.0138889 0
0 0.523611 0 0.0472222 0
0 0.625694 0 0.0152778 0
0 0.521528 0 0.0486111 0
0 0.625694 0 0.0152778 0
0 0.521528 0 0.0486111 0
0 0.625 0 0.0138889 0
0 0.518056 0 0.05 0
0 0.624306 0 0.0152778 0
0 0.382639 0 0.0152778 0
0 0.511806 0 0.0541667 0
0 0.623611 0 0.0138889 0
0 0.507639 0 0.0513889 0
0 0.378472 0 0.0152778 0
0 0.622222 0 0.0166667 0
0 0.747222 0 0.0166667 0
0 0.503472 0 0.0513889 0
0 0.376389 0 0.0138889 0
0 0.620833 0 0.0166667 0
0 0.497917 0 0.0569444 0
0 0.620833 0 0.0166667 0
0 0.493056 0 0.0527778 0
0 0.620139 0 0.0152778 0
0 0.488889 0 0.0555556 0
0 0.371528 0 0.0152778 0
0 0.619444 0 0.0138889 0
0 0.483333 0 0.0555556 0
0 0.745139 0 0.0152778 0
0 0.618056 0 0.0138889 0
0 0.479167 0 0.0555556 0
0 0.745833 0 0.0166667 0
0 0.475 0 0.0583333 0
0 0.616667 0 0.0166667 0
0 0.364583 0 0.0152778 0
0 0.470139 0 0.0569444 0
0 0.616667 0 0.0166667 0
0 0.465278 0 0.0583333 0
0 0.746528 0 0.0180556 0
0 0.616667 0 0.0166667 0
0 0.461806 0 0.0597222 0
0 0.615972 0 0.0152778 0
0 0.457639 0 0.0597222 0
0 0.747222 0 0.0166667 0
0 0.358333 0 0.0166667 0
0 0.615278 0 0.0166667 0
0 0.452083 0 0.0625 0
0 0.748611 0 0.0166667 0
0 0.615972 0 0.0152778 0
0 0.45 0 0.0638889 0
0 0.749306 0 0.0152778 0
0 0.615278 0 0.0166667 0
0 0.445833 0 0.0666667 0
0 0.749306 0 0.0152778 0
0 0.615278 0 0.0166667 0
0 0.441667 0 0.0666667 0
0 0.351389 0 0.0166667 0
0 0.615278 0 0.0166667 0
0 0.750694 0 0.0152778 0
0 0.4375 0 0.0694444 0
0 0.35 0 0.0166667 0
0 0.751389 0 0.0166667 0
0 0.615972 0 0.0180556 0
0 0.434028 0 0.0708333 0
0 0.348611 0 0.0166667 0
0 0.752083 0 0.0180556 0
0 0.615972 0 0.0180556 0
0 0.430556 0 0.0722222 0
0 0.347222 0 0.0166667 0
0 0.752778 0 0.0166667 0
0 0.616667 0 0.0166667 0
0 0.427083 0 0.0736111 0
0 0.345833 0 0.0166667 0
0 0.754861 0 0.0180556 0
0 0.616667 0 0.0166667 0
0 0.423611 0 0.0777778 0
0 0.206944 0 0.0166667 0
0 0.345833 0 0.0166667 0
0 0.616667 0 0.0166667 0
0 0.75625 0 0.0152778 0
0 0.422917 0 0.0791667 0
0 0.758333 0 0.0194444 0
0 0.617361 0 0.0180556 0
0 0.417361 0 0.0791667 0
0 0.759028 0 0.0180556 0
0 0.618056 0 0.0194444 0
0 0.415972 0.5 0.0819444 1
0 0.201389 0 0.0166667 0
0 0.759722 0 0.0194444 0
0 0.618056 0 0.0194444 0
0 0.414583 0.5 0.0847222 1
0 0.761806 0 0.0152778 0
0 0.619444 0 0.0166667 0
0 0.413194 0.5 0.0875 1
0 0.761806 0 0.0152778 0
0 0.619444 0 0.0166667 0
0 0.413194 0.5 0.0875 1
0 0.340278 0 0.0194444 0
0 0.763194 0 0.0152778 0
0 0.620833 0 0.0166667 0
0 0.411111 0.5 0.0888889 1
0 0.340278 0 0.0166667 0
0 0.765278 0 0.0166667 0
0 0.621528 0 0.0180556 0
0 0.409722 0.5 0.0916667 1
0 0.765278 0 0.0166667 0
0 0.338889 0 0.0166667 0
0 0.621528 0 0.0180556 0
0 0.410417 0.5 0.0930556 1
0 0.339583 0 0.0180556 0
0 0.622222 0 0.0194444 0
0 0.410417 0.5 0.0958333 1
0 0.76875 0 0.0180556 0
0 0.339583 0 0.0180556 0
0 0.623611 0 0.0194444 0
0 0.409722 0.5 0.0972222 1
0 0.339583 0 0.0180556 0
0 0.770833 0 0.0166667 0
0 0.624306 0 0.0180556 0
0 0.410417 0.5 0.0958333 1
0 0.772917 0 0.0180556 0
0 0.339583 0 0.0180556 0
0 0.625 0 0.0166667 0
0 0.410417 0.5 0.0986111 1
0 0.772917 0 0.0180556 0
0 0.338889 0 0.0166667 0
0 0.626389 0 0.0166667 0
0 0.411111 0.5 0.1 1
0 0.339583 0 0.0180556 0
0 0.775 0 0.0166667 0
0 0.627083 0 0.0180556 0
0 0.411111 0.5 0.1 1
0 0.338889 0 0.0166667 0
0 0.627778 0 0.0166667 0
0 0.775694 0 0.0152778 0
0 0.411111 0.5 0.1 1
0 0.338889 0 0.0166667 0
0 0.778472 0 0.0180556 0
0 0.629861 0 0.0180556 0
0 0.413889 0.5 0.102778 1
0 0.779167 0 0.0194444 0
0 0.339583 0 0.0180556 0
0 0.630556 0 0.0166667 0
0 0.417361 0.5 0.104167 1
0 0.340278 0 0.0166667 0
0 0.78125 0 0.0180556 0
0 0.631944 0 0.0166667 0
0 0.421528 0.5 0.104167 1
0 0.340278 0 0.0166667 0
0 0.78125 0 0.0180556 0
0 0.631944 0 0.0166667 0
0 0.423611 0.5 0.102778 1
0 0.340972 0 0.0180556 0
0 0.783333 0 0.0194444 0
0 0.633333 0 0.0166667 0
0 0.423611 0.5 0.102778 1
0 0.341667 0 0.0194444 0
0 0.784722 0 0.0194444 0
0 0.634028 0 0.0180556 0
0 0.428472 0.5 0.1125 1
0 0.784722 0 0.0194444 0
0 0.341667 0 0.0194444 0
0 0.635417 0 0.0180556 0
0 0.430556 0.5 0.105556 1
0 0.785417 0 0.0180556 0
0 0.636806 0 0.0180556 0
0 0.44375 0.5 0.109722 1
0 0.788194 0 0.0180556 0
0 0.636806 0 0.0180556 0
0 0.4625 0.5 0.111111 1
0 0.789583 0 0.0180556 0
0 0.6375 0 0.0166667 0
0 0.473611 0.5 0.113889 1
0 0.790278 0 0.0194444 0
0 0.638889 0 0.0194444 0
0 0.496528 0.5 0.109722 1
0 0.344444 0 0.0194444 0
0 0.791667 0 0.0194444 0
0 0.640278 0 0.0194444 0
0 0.511111 0.5 0.113889 1
0 0.345139 0 0.0180556 0
0 0.793056 0 0.0194444 0
0 0.641667 0 0.0194444 0
0 0.51875 0.5 0.106944 1
0 0.345139 0 0.0180556 0
0 0.795139 0 0.0180556 0
0 0.641667 0 0.0194444 0
0 0.51875 0.5 0.106944 1
0 0.548611 0 0.0416667 0
0 0.795833 0 0.0194444 0
0 0.345833 0 0.0194444 0
0 0.642361 0 0.0208333 0
0 0.517361 0.5 0.106944 1
0 0.19375 0 0.0180556 0
0 0.345833 0 0.0194444 0
0 0.795833 0 0.0194444 0
0 0.64375 0 0.0180556 0
0 0.509028 0.5 0.115278 1
0 0.19375 0 0.0180556 0
0 0.797917 0 0.0208333 0
0 0.347222 0 0.0194444 0
0 0.5 0.5 0.111111 1
0 0.645833 0 0.0194444 0
0 0.19375 0 0.0180556 0
0 0.458333 0 0.0305556 0
0 0.798611 0 0.0194444 0
0 0.347222 0 0.0194444 0
0 0.497917 0.5 0.1125 1
0 0.646528 0 0.0208333 0
0 0.458333 0 0.0305556 0
0 0.19375 0 0.0180556 0
0 0.798611 0 0.0194444 0
0 0.347222 0 0.0194444 0
0 0.497917 0.5 0.1125 1
0 0.646528 0 0.0208333 0
0 0.347917 0 0.0208333 0
0 0.802083 0 0.0180556 0
0 0.490278 0.5 0.116667 1
0 0.647917 0 0.0208333 0
0 0.19375 0 0.0180556 0
0 0.348611 0 0.0194444 0
0 0.802778 0 0.0194444 0
0 0.649306 0 0.0180556 0
0 0.483333 0.5 0.119444 1
0 0.555556 0 0.0416667 0
0 0.194444 0 0.0194444 0
0 0.348611 0 0.0194444 0
0 0.803472 0 0.0208333 0
0 0.649306 0 0.0180556 0
0 0.479167 0.5 0.119444 1
0 0.55625 0 0.0402778 0
0 0.507639 0 0.0458333 0
0 0.348611 0 0.0194444 0
0 0.195833 0 0.0194444 0
0 0.804167 0 0.0194444 0
0 0.472917 0.5 0.1125 1
0 0.650694 0 0.0180556 0
0 0.55625 0 0.0402778 0
0 0.508333 0 0.0472222 0
0 0.348611 0 0.0194444 0
0 0.195139 0 0.0180556 0
0 0.805556 0 0.0194444 0
0 0.461111 0.5 0.113889 1
0 0.650694 0 0.0180556 0
0 0.302778 0 0.0472222 0
0 0.557639 0 0.0430556 0
0 0.195139 0 0.0180556 0
0 0.349306 0 0.0180556 0
0 0.80625 0 0.0180556 0
0 0.451389 0.5 0.113889 1
0 0.652083 0 0.0180556 0
0 0.303472 0 0.0513889 0
0 0.195139 0 0.0180556 0
0 0.349306 0 0.0180556 0
0 0.807639 0 0.0180556 0
0 0.442361 0.5 0.120833 1
0 0.652778 0 0.0194444 0
0 0.350694 0 0.0180556 0
0 0.809722 0 0.0194444 0
0 0.425694 0.5 0.115278 1
0 0.653472 0 0.0208333 0
0 0.195833 0 0.0194444 0
0 0.350694 0 0.0180556 0
0 0.809722 0 0.0194444 0
0 0.654167 0 0.0194444 0
0 0.423611 0.5 0.111111 1
0 0.196528 0 0.0208333 0
0 0.350694 0 0.0180556 0
0 0.809722 0 0.0194444 0
0 0.421528 0.5 0.109722 1
0 0.654861 0 0.0208333 0
0 0.352083 0 0.0180556 0
0 0.810417 0 0.0208333 0
0 0.655556 0 0.0194444 0
0 0.418056 0.5 0.108333 1
0 0.197917 0 0.0180556 0
0 0.561111 0 0.0416667 0
0 0.811111 0 0.0194444 0
0 0.65625 0 0.0208333 0
0 0.352083 0 0.0180556 0
0 0.417361 0.5 0.109722 1
0 0.197917 0 0.0180556 0
0 0.8125 0 0.0166667 0
0 0.352083 0 0.0180556 0
0 0.418056 0.5 0.108333 1
0 0.65625 0 0.0180556 0
0 0.197917 0 0.0180556 0
0 0.8125 0 0.0166667 0
0 0.509722 0 0.0555556 0
0 0.352083 0 0.0180556 0
0 0.41875 0.5 0.109722 1
0 0.656944 0 0.0194444 0
0 0.197917 0 0.0180556 0
0 0.8125 0 0.0166667 0
0 0.352083 0 0.0180556 0
0 0.41875 0.5 0.109722 1
0 0.509028 0 0.0569444 0
0 0.657639 0 0.0180556 0
0 0.813194 0 0.0180556 0
0 0.352778 0 0.0166667 0
0 0.420139 0.5 0.1125 1
0 0.657639 0 0.0180556 0
0 0.508333 0 0.0583333 0
0 0.813194 0 0.0180556 0
0 0.352778 0 0.0166667 0
0 0.420833 0.5 0.111111 1
0 0.508333 0 0.0611111 0
0 0.658333 0 0.0194444 0
0 0.813889 0 0.0194444 0
0 0.508333 0 0.0611111 0
0 0.353472 0 0.0180556 0
0 0.420139 0.5 0.1125 1
0 0.658333 0 0.0194444 0
0 0.813889 0 0.0194444 0
0 0.353472 0 0.0180556 0
0 0.509722 0 0.0555556 0
0 0.41875 0.5 0.1125 1
0 0.658333 0 0.0194444 0
0 0.815278 0 0.0194444 0
0 0.353472 0 0.0180556 0
0 0.421528 0.5 0.115278 1
0 0.658333 0 0.0194444 0
0 0.197917 0 0.0180556 0
0 0.815278 0 0.0194444 0
0 0.353472 0 0.0180556 0
0 0.427778 0.5 0.119444 1
0 0.659028 0 0.0208333 0
0 0.197917 0 0.0180556 0
0 0.815278 0 0.0194444 0
0 0.353472 0 0.0180556 0
0 0.434028 0.5 0.120833 1
0 0.659028 0 0.0208333 0
0 0.197917 0 0.0180556 0
0 0.815278 0 0.0194444 0
0 0.353472 0 0.0180556 0
0 0.438194 0.5 0.120833 1
0 0.659028 0 0.0208333 0
0 0.815278 0 0.0194444 0
0 0.353472 0 0.0180556 0
0 0.445139 0.5 0.115278 1
0 0.659028 0 0.0208333 0
0 0.815278 0 0.0194444 0
0 0.353472 0 0.0180556 0
0 0.445139 0.5 0.115278 1
0 0.659028 0 0.0208333 0
0 0.815278 0 0.0194444 0
0 0.353472 0 0.0180556 0
0 0.469444 0.5 0.116667 1
0 0.659722 0 0.0194444 0
0 0.815972 0 0.0180556 0
0 0.353472 0 0.0180556 0
0 0.475694 0.5 0.118056 1
0 0.659722 0 0.0194444 0
0 0.515972 0 0.0458333 0
0 0.815278 0 0.0194444 0
0 0.353472 0 0.0180556 0
0 0.486111 0.5 0.119444 1
0 0.659722 0 0.0194444 0
0 0.516667 0 0.0444444 0
0 0.815972 0 0.0208333 0
0 0.353472 0 0.0180556 0
0 0.497917 0.5 0.120833 1
0 0.659722 0 0.0194444 0
0 0.517361 0 0.0430556 0
0 0.353472 0 0.0180556 0
0 0.815972 0 0.0208333 0
0 0.659722 0 0.0194444 0
0 0.50625 0.5 0.123611 1
0 0.196528 0 0.0180556 0
0 0.815972 0 0.0180556 0
0 0.352778 0 0.0166667 0
0 0.517361 0.5 0.1125 1
0 0.659722 0 0.0194444 0
0 0.815972 0 0.0208333 0
0 0.352778 0 0.0166667 0
0 0.523611 0.5 0.116667 1
0 0.659028 0 0.0208333 0
0 0.815278 0 0.0194444 0
0 0.352083 0 0.0180556 0
0 0.529861 0.5 0.115278 1
0 0.659722 0 0.0194444 0
0 0.197222 0 0.0194444 0
0 0.352778 0 0.0194444 0
0 0.815972 0 0.0180556 0
0 0.535417 0.5 0.118056 1
0 0.659722 0 0.0194444 0
0 0.564583 0 0.0402778 0
0 0.195833 0 0.0194444 0
0 0.352778 0 0.0194444 0
0 0.815972 0 0.0208333 0
0 0.55 0.5 0.111111 1
0 0.659028 0 0.0208333 0
0 0.304861 0 0.0541667 0
0 0.816667 0 0.0194444 0
0 0.195833 0 0.0194444 0
0 0.352778 0 0.0194444 0
0 0.55625 0.5 0.120833 1
0 0.659722 0 0.0194444 0
0 0.195139 0 0.0208333 0
0 0.352778 0 0.0194444 0
0 0.816667 0 0.0194444 0
0 0.567361 0.5 0.1125 1
0 0.659722 0 0.0194444 0
0 0.194444 0 0.0194444 0
0 0.352778 0 0.0194444 0
0 0.817361 0 0.0208333 0
0 0.570833 1 0.116667 0
0 0.659722 0 0.0194444 0
0 0.195139 0 0.0180556 0
0 0.564583 0 0.0430556 0
0 0.352083 0 0.0180556 0
0 0.817361 0 0.0208333 0
0 0.659722 0 0.0194444 0
0 0.577083 1 0.118056 0
0 0.195139 0 0.0180556 0
0 0.816667 0 0.0194444 0
0 0.351389 0 0.0166667 0
0 0.659722 0 0.0194444 0
0 0.58125 1 0.120833 0
0 0.818056 0 0.0194444 0
0 0.588194 1 0.126389 0
0 0.352083 0 0.0180556 0
0 0.659722 0 0.0194444 0
0 0.564583 0 0.0402778 0
0 0.817361 0 0.0180556 0
0 0.592361 1 0.1125 0
0 0.350694 0 0.0180556 0
0 0.659722 0 0.0194444 0
0 0.564583 0 0.0402778 0
0 0.817361 0 0.0208333 0
0 0.351389 0 0.0194444 0
0 0.588194 1 0.123611 0
0 0.659722 0 0.0194444 0
0 0.818056 0 0.0194444 0
0 0.35 0 0.0194444 0
0 0.584028 1 0.126389 0
0 0.660417 0 0.0208333 0
0 0.349306 0 0.0208333 0
0 0.818056 0 0.0194444 0
0 0.581944 1 0.127778 0
0 0.659722 0 0.0194444 0
0 0.818056 0 0.0194444 0
0 0.349306 0 0.0208333 0
0 0.58125 1 0.129167 0
0 0.660417 0 0.0208333 0
0 0.820139 0 0.0208333 0
0 0.348611 0 0.0194444 0
0 0.575694 1 0.129167 0
0 0.661806 0 0.0208333 0
0 0.821528 0 0.0180556 0
0 0.348611 0 0.0194444 0
0 0.580556 1 0.133333 0
0 0.661111 0 0.0194444 0
0 0.821528 0 0.0208333 0
0 0.660417 0 0.0208333 0
0 0.588194 1 0.143056 0
0 0.347222 0 0.0194444 0
0 0.822222 0 0.0222222 0
0 0.593056 1 0.147222 0
0 0.661806 0 0.0180556 0
0 0.346528 0 0.0208333 0
0 0.185417 0 0.0180556 0
0 0.822917 0 0.0208333 0
0 0.595139 1 0.148611 0
0 0.346528 0 0.0208333 0
0 0.661111 0 0.0194444 0
0 0.183333 0 0.0194444 0
0 0.608333 1 0.152778 0
0 0.661806 0 0.0180556 0
0 0.345833 0 0.0194444 0
0 0.630556 1 0.166667 0
0 0.826389 0 0.0194444 0
0 0.344444 0 0.0194444 0
0 0.663194 0 0.0180556 0
0 0.34375 0 0.0208333 0
0 0.654861 1 0.1625 0
0 0.828472 0 0.0208333 0
0 0.664583 0 0.0208333 0
0 0.342361 0 0.0208333 0
0 0.664583 1 0.165278 0
0 0.829861 0 0.0208333 0
0 0.663889 0 0.0194444 0
0 0.679861 1 0.165278 0
0 0.829861 0 0.0208333 0
0 0.340972 0 0.0208333 0
0 0.664583 0 0.0208333 0
0 0.173611 0 0.0194444 0
0 0.834028 0 0.0208333 0
0 0.339583 0 0.0180556 0
0 0.665972 0 0.0208333 0
0 0.835417 0 0.0208333 0
0 0.338889 0 0.0194444 0
0 0.666667 0 0.0222222 0
0 0.459028 0 0.0375 0
0 0.336111 0 0.0194444 0
0 0.667361 0 0.0208333 0
0 0.459028 0 0.0375 0
0 0.164583 0 0.0208333 0
0 0.838889 0 0.0194444 0
0 0.668056 0 0.0222222 0
0 0.334722 0 0.0222222 0
0 0.458333 0 0.0361111 0
0 0.839583 0 0.0208333 0
0 0.66875 0 0.0208333 0
0 0.335417 0 0.0208333 0
0 0.159722 0 0.0194444 0
0 0.842361 0 0.0208333 0
0 0.332639 0 0.0208333 0
0 0.670833 0 0.0222222 0
0 0.156944 0 0.0222222 0
0 0.331944 0 0.0222222 0
0 0.845139 0 0.0236111 0
0 0.670833 0 0.0222222 0
0 0.15625 0 0.0208333 0
0 0.330556 0 0.0222222 0
0 0.845833 0 0.0222222 0
0 0.672222 0 0.0222222 0
0 0.710417 1 0.0125 0
0 0.73125 0 0.00694444 0
0 0.848611 0 0.0222222 0
0 0.329167 0 0.0222222 0
0 0.673611 0 0.0222222 0
0 0.15 0 0.0194444 0
0 0.851389 0 0.0222222 0
0 0.327083 0 0.0208333 0
0 0.672917 0 0.0236111 0
0 0.146528 0 0.0208333 0
0 0.325 0 0.0222222 0
0 0.853472 0 0.0236111 0
0 0.675 0 0.0194444 0
0 0.145833 0 0.0222222 0
0 0.854861 0 0.0236111 0
0 0.323611 0 0.0222222 0
0 0.675694 0 0.0208333 0
0 0.139583 0 0.0208333 0
0 0.322222 0 0.0222222 0
0 0.859028 0 0.0236111 0
0 0.677778 0 0.0222222 0
0 0.136806 0 0.0208333 0
0 0.320139 0 0.0208333 0
0 0.861111 0 0.0222222 0
0 0.678472 0 0.0236111 0
0 0.134028 0 0.0208333 0
0 0.863194 0 0.0236111 0
0 0.31875 0 0.0208333 0
0 0.679167 0 0.0222222 0
0 0.13125 0 0.0236111 0
0 0.317361 0 0.0236111 0
0 0.569444 0 0.0527778 0
0 0.865972 0 0.0236111 0
0 0.679861 0 0.0236111 0
0 0.734722 0 0.0638889 0
0 0.127778 0 0.0222222 0
0 0.259028 0 0.0569444 0
0 0.569444 0 0.05 0
0 0.867361 0 0.0236111 0
0 0.68125 0 0.0236111 0
0 0.123611 0 0.0194444 0
0 0.570139 0 0.0513889 0
0 0.313889 0 0.0222222 0
0 0.870833 0 0.025 0
0 0.682639 0 0.0208333 0
0 0.570833 0 0.05 0
0 0.311111 0 0.0222222 0
0 0.682639 0 0.0236111 0
0 0.569444 0 0.05 0
0 0.310417 0 0.0236111 0
0 0.684028 0 0.0236111 0
0 0.570833 0 0.0527778 0
0 0.307639 0 0.0236111 0
0 0.879167 0 0.025 0
0 0.685417 0 0.0236111 0
0 0.304861 0 0.0236111 0
0 0.570833 0 0.0527778 0
0 0.686806 0 0.0236111 0
0 0.570833 0 0.0527778 0
0 0.304167 0 0.025 0
0 0.688194 0 0.0236111 0
0 0.571528 0 0.0541667 0
0 0.689583 0 0.0236111 0
0 0.301389 0 0.025 0
0 0.689583 0 0.0236111 0
0 0.241667 0 0.0666667 0
0 0.889583 0 0.0236111 0
0 0.3 0 0.025 0
0 0.690278 0 0.025 0
0 0.572917 0 0.0541667 0
0 0.297917 0 0.0236111 0
0 0.691667 0 0.025 0
0 0.297222 0 0.025 0
0 0.691667 0 0.025 0
0 0.295139 0 0.0236111 0
0 0.693056 0 0.025 0
0 0.571528 0 0.0597222 0
0 0.29375 0 0.0236111 0
0 0.694444 0 0.025 0
0 0.291667 0 0.025 0
0 0.695139 0 0.0236111 0
0 0.290972 0 0.0263889 0
0 0.902778 0 0.0277778 0
0 0.694444 0 0.025 0
0 0.288194 0 0.0263889 0
0 0.695833 0 0.025 0
0 0.286806 0 0.0263889 0
0 0.697917 0 0.0263889 0
0 0.697917 0 0.0263889 0
0 0.286111 0 0.025 0
0 0.283333 0 0.0277778 0
0 0.698611 0 0.025 0
0 0.574306 0 0.0625 0
0 0.915972 0 0.0291667 0
0 0.702083 0 0.0263889 0
0 0.701389 0 0.0277778 0
0 0.277778 0 0.0277778 0
0 0.574306 0 0.0625 0
0 0.703472 0 0.0263889 0
0 0.570833 0 0.0777778 0
0 0.771528 0 0.0791667 0
0 0.272917 0 0.0263889 0
0 0.70625 0 0.0263889 0
0 0.571528 0 0.0736111 0
0 0.70625 0 0.0263889 0
0 0.572917 0 0.0763889 0
0 0.270139 0 0.0291667 0
0 0.707639 0 0.0263889 0
0 0.575 0 0.0638889 0
0 0.709028 0 0.0263889 0
0 0.709722 0 0.0277778 0
0 0.7125 0 0.0277778 0
0 0.713889 0 0.0277778 0
0 0.715972 0 0.0291667 0
0 0.254861 0 0.0291667 0
0 0.719444 0 0.0277778 0
0 0.254861 0 0.0291667 0
0 0.719444 0 0.0277778 0
0 0.25 0 0.0305556 0
0 0.577778 0 0.0777778 0
0 0.720833 0 0.0277778 0
0 0.577778 0 0.075 0
0 0.247917 0 0.0291667 0
0 0.722917 0 0.0291667 0
0 0.244444 0 0.0277778 0
0 0.725 0 0.0305556 0
0 0.242361 0 0.0291667 0
0 0.726389 0 0.0305556 0
0 0.729167 0 0.0305556 0
0 0.235417 0 0.0291667 0
0 0.73125 0 0.0291667 0
0 0.584028 0 0.0763889 0
0 0.234028 0 0.0319444 0
0 0.731944 0 0.0305556 0
0 0.585417 0 0.0791667 0
0 0.579167 1 0.00833333 0
0 0.556944 1 0.00833333 0
0 0.229861 0 0.0291667 0
0 0.735417 0 0.0291667 0
0 0.736111 0 0.0305556 0
0 0.226389 0 0.0305556 0
0 0.224306 0 0.0319444 0
0 0.738889 0 0.0305556 0
0 0.594444 1 0.00833333 0
0 0.220833 0 0.0333333 0
0 0.741667 0 0.0305556 0
0 0.74375 0 0.0319444 0
0 0.215972 0 0.0319444 0
0 0.213194 0 0.0375 0
0 0.745833 0 0.0333333 0
0 0.558333 1 0.00833333 0
0 0.747917 0 0.0319444 0
0 0.211111 0 0.0361111 0
0 0.554861 1 0.00972222 0
0 0.206944 0 0.0333333 0
0 0.75 0 0.0333333 0
0 0.5375 1 0.00833333 0
0 0.561111 1 0.0111111 0
0 0.751389 0 0.0333333 0
0 0.204167 0 0.0333333 0
0 0.198611 0 0.0361111 0
0 0.754861 0 0.0319444 0
0 0.552778 1 0.00833333 0
0 0.194444 0 0.0388889 0
0 0.756944 0 0.0361111 0
0 0.525694 1 0.00694444 0
0 0.189583 0 0.0347222 0
0 0.759028 0 0.0347222 0
0 0.545833 1 0.0111111 0
0 0.760417 0 0.0347222 0
0 0.761806 0 0.0347222 0
0 0.764583 0 0.0347222 0
0 0.764583 0 0.0375 0
0 0.536806 1 0.00972222 0
0 0.765278 0 0.0361111 0
0 0.765972 0 0.0347222 0
0 0.768056 0 0.0361111 0
0 0.76875 0 0.0347222 0
0 0.76875 0 0.0347222 0
0 0.766667 0 0.0361111 0
0 0.76875 0 0.0375 0
0 0.769444 0 0.0388889 0
0 0.769444 0 0.0388889 0
0 0.769444 0 0.0388889 0
0 0.767361 0 0.0375 0
0 0.767361 0 0.0402778 0
0 0.767361 0 0.0402778 0
0 0.766667 0 0.0388889 0
0 0.763194 0 0.0402778 0
0 0.759722 0 0.0472222 0
0 0.758333 0 0.0472222 0
0 0.757639 0 0.0430556 0
0 0.754167 0 0.0444444 0
0 0.75 0 0.0444444 0
0 0.75 0 0.0444444 0
0 0.75 0 0.0444444 0
0 0.75 0 0.0444444 0
0 0.75 0 0.0444444 0
0 0.75 0 0.0444444 0
0 0.749306 0 0.0430556 0
0 0.749306 0 0.0430556 0
0 0.75 0 0.0444444 0
0 0.749306 0 0.0430556 0
0 0.75 0 0.0444444 0
0 0.749306 0 0.0430556 0
0 0.749306 0 0.0430556 0
0 0.749306 0 0.0430556 0
0 0.749306 0 0.0430556 0
0 0.75 0 0.0444444 0
0 0.749306 0 0.0430556 0
0 0.75 0 0.0444444 0
0 0.75 0 0.0444444 0
0 0.749306 0 0.0430556 0
0 0.75 0 0.0444444 0
0 0.749306 0 0.0430556 0
0 0.749306 0 0.0430556 0
0 0.749306 0 0.0430556 0
0 0.749306 0 0.0430556 0
0 0.75 0 0.0444444 0
0 0.75 0 0.0444444 0
0 0.75 0 0.0444444 0
0 0.749306 0 0.0430556 0
0 0.75 0 0.0444444 0
0 0.75 0 0.0444444 0
0 0.75 0 0.0444444 0
0 0.75 0 0.0444444 0
0 0.749306 0 0.0430556 0
0 0.749306 0 0.0430556 0
0 0.75 0 0.0444444 0
0 0.749306 0 0.0430556 0
0 0.749306 0 0.0430556 0
0 0.75 0 0.0444444 0
0 0.75 0 0.0444444 0
0 0.749306 0 0.0430556 0
0 0.75 0 0.0444444 0
0 0.749306 0 0.0430556 0
0 0.75 0 0.0444444 0
0 0.749306 0 0.0430556 0
0 0.75 0 0.0444444 0
0 0.75 0 0.0444444 0
0 0.749306 0 0.0430556 0
0 0.749306 0 0.0430556 0
0 0.75 0 0.0444444 0
0 0.75 0 0.0444444 0
0 0.749306 0 0.0430556 0
0 0.75 0 0.0444444 0
0 0.75 0 0.0444444 0
0 0.75 0 0.0444444 0
0 0.749306 0 0.0430556 0
0 0.749306 0 0.0430556 0
0 0.75 0 0.0444444 0
0 0.75 0 0.0444444 0
0 0.749306 0 0.0430556 0
0 0.749306 0 0.0430556 0
0 0.749306 0 0.0430556 0
0 0.749306 0 0.0430556 0
0 0.749306 0 0.0430556 0
0 0.749306 0 0.0430556 0
0 0.749306 0 0.0430556 0
0 0.749306 0 0.0430556 0
0 0.749306 0 0.0430556 0
0 0.749306 0 0.0430556 0
0 0.75 0 0.0444444 0
0 0.75 0 0.0444444 0
0 0.749306 0 0.0430556 0
0 0.749306 0 0.0430556 0
0 0.749306 0 0.0430556 0
0 0.749306 0 0.0430556 0
0 0.749306 0 0.0430556 0
0 0.75 0 0.0444444 0
0 0.749306 0 0.0430556 0
0 0.749306 0 0.0430556 0
0 0.749306 0 0.0430556 0
0 0.749306 0 0.0430556 0
0 0.75 0 0.0444444 0
0 0.749306 0 0.0430556 0
0 0.749306 0 0.0430556 0
0 0.75 0 0.0444444 0
0 0.75 0 0.0444444 0
0 0.75 0 0.0444444 0
0 0.749306 0 0.0430556 0
0 0.749306 0 0.0430556 0
0 0.75 0 0.0444444 0
0 0.75 0 0.0444444 0
0 0.749306 0 0.0430556 0
0 0.75 0 0.0444444 0
0 0.75 0 0.0444444 0
0 0.75 0 0.0444444 0
0 0.75 0 0.0444444 0
0 0.75 0 0.0444444 0
0 0.75 0 0.0444444 0
0 0.749306 0 0.0430556 0
0 0.75 0 0.0444444 0
0 0.749306 0 0.0430556 0
0 0.749306 0 0.0430556 0
0 0.75 0 0.0444444 0
0 0.749306 0 0.0430556 0
0 0.749306 0 0.0430556 0
0 0.749306 0 0.0430556 0
0 0.749306 0 0.0430556 0
0 0.749306 0 0.0430556 0
0 0.749306 0 0.0430556 0
0 0.749306 0 0.0430556 0
0 0.749306 0 0.0430556 0
0 0.749306 0 0.0430556 0
0 0.749306 0 0.0430556 0
0 0.75 0 0.0444444 0
0 0.749306 0 0.0430556 0
0 0.749306 0 0.0430556 0
0 0.749306 0 0.0430556 0
0 0.749306 0 0.0430556 0
0 0.749306 0 0.0430556 0
0 0.749306 0 0.0430556 0
0 0.749306 0 0.0430556 0
0 0.749306 0 0.0430556 0
0 0.749306 0 0.0430556 0
0 0.749306 0 0.0430556 0
0 0.749306 0 0.0430556 0
0 0.749306 0 0.0430556 0
0 0.749306 0 0.0458333 0
0 0.749306 0 0.0430556 0
0 0.749306 0 0.0430556 0
0 0.749306 0 0.0430556 0
0 0.749306 0 0.0430556 0
0 0.749306 0 0.0430556 0
0 0.749306 0 0.0430556 0
0 0.749306 0 0.0430556 0
0 0.749306 0 0.0458333 0
0 0.749306 0 0.0430556 0
0 0.749306 0 0.0458333 0
0 0.749306 0 0.0430556 0
0 0.749306 0 0.0430556 0
0 0.749306 0 0.0430556 0
0 0.749306 0 0.0430556 0
0 0.749306 0 0.0430556 0
0 0.749306 0 0.0430556 0
0 0.749306 0 0.0430556 0
0 0.749306 0 0.0430556 0
0 0.749306 0 0.0430556 0
0 0.749306 0 0.0430556 0
0 0.749306 0 0.0430556 0
0 0.749306 0 0.0430556 0
0 0.749306 0 0.0430556 0
0 0.749306 0 0.0458333 0
0 0.749306 0 0.0430556 0
0 0.749306 0 0.0430556 0
0 0.749306 0 0.0458333 0
0 0.749306 0 0.0458333 0
0 0.749306 0 0.0430556 0
0 0.749306 0 0.0430556 0
0 0.749306 0 0.0458333 0
0 0.749306 0 0.0458333 0
0 0.749306 0 0.0430556 0
0 0.749306 0 0.0430556 0
0 0.749306 0 0.0458333 0
0 0.749306 0 0.0458333 0
0 0.749306 0 0.0430556 0
0 0.749306 0 0.0430556 0
0 0.749306 0 0.0458333 0
0 0.749306 0 0.0430556 0
0 0.749306 0 0.0458333 0
0 0.749306 0 0.0430556 0
0 0.749306 0 0.0458333 0
0 0.749306 0 0.0458333 0
0 0.749306 0 0.0458333 0
0 0.749306 0 0.0430556 0
0 0.749306 0 0.0458333 0
0 0.749306 0 0.0458333 0
0 0.749306 0 0.0458333 0
0 0.749306 0 0.0458333 0
0 0.749306 0 0.0430556 0
0 0.749306 0 0.0458333 0
0 0.749306 0 0.0430556 0
0 0.749306 0 0.0430556 0
0 0.749306 0 0.0430556 0
0 0.749306 0 0.0430556 0
0 0.749306 0 0.0430556 0
0 0.749306 0 0.0458333 0
0 0.749306 0 0.0430556 0
0 0.749306 0 0.0458333 0
0 0.749306 0 0.0458333 0
0 0.749306 0 0.0458333 0
0 0.749306 0 0.0430556 0
0 0.749306 0 0.0458333 0
0 0.749306 0 0.0458333 0
0 0.749306 0 0.0458333 0
0 0.749306 0 0.0458333 0
0 0.749306 0 0.0458333 0
0 0.749306 0 0.0458333 0
0 0.749306 0 0.0458333 0
0 0.749306 0 0.0458333 0
0 0.749306 0 0.0458333 0
0 0.749306 0 0.0458333 0
0 0.749306 0 0.0430556 0
0 0.749306 0 0.0430556 0
0 0.749306 0 0.0458333 0
0 0.749306 0 0.0458333 0
0 0.749306 0 0.0458333 0
0 0.749306 0 0.0430556 0
0 0.749306 0 0.0430556 0
0 0.749306 0 0.0458333 0
0 0.749306 0 0.0430556 0
0 0.749306 0 0.0458333 0
0 0.749306 0 0.0458333 0
0 0.749306 0 0.0458333 0
0 0.749306 0 0.0430556 0
0 0.749306 0 0.0430556 0
0 0.749306 0 0.0430556 0
0 0.749306 0 0.0458333 0
0 0.749306 0 0.0430556 0
0 0.749306 0 0.0458333 0
0 0.749306 0 0.0458333 0
0 0.749306 0 0.0430556 0
0 0.749306 0 0.0430556 0
0 0.749306 0 0.0458333 0
0 0.749306 0 0.0430556 0
0 0.749306 0 0.0458333 0
0 0.749306 0 0.0430556 0
0 0.749306 0 0.0430556 0
0 0.749306 0 0.0458333 0
0 0.749306 0 0.0430556 0
0 0.749306 0 0.0430556 0
0 0.75 0 0.0444444 0
0 0.749306 0 0.0458333 0
0 0.749306 0 0.0430556 0
0 0.749306 0 0.0430556 0
0 0.749306 0 0.0458333 0
0 0.749306 0 0.0430556 0
0 0.749306 0 0.0458333 0
0 0.749306 0 0.0430556 0
0 0.749306 0 0.0458333 0
0 0.749306 0 0.0430556 0
0 0.749306 0 0.0458333 0
0 0.749306 0 0.0458333 0
0 0.749306 0 0.0458333 0
0 0.749306 0 0.0430556 0
0 0.749306 0 0.0430556 0
0 0.749306 0 0.0458333 0
0 0.749306 0 0.0458333 0
0 0.749306 0 0.0430556 0
0 0.749306 0 0.0430556 0
0 0.749306 0 0.0458333 0
0 0.749306 0 0.0430556 0
0 0.749306 0 0.0458333 0
0 0.749306 0 0.0430556 0
0 0.749306 0 0.0458333 0
0 0.749306 0 0.0458333 0
0 0.749306 0 0.0430556 0
0 0.749306 0 0.0430556 0
0 0.749306 0 0.0458333 0
0 0.749306 0 0.0458333 0
0 0.749306 0 0.0430556 0
0 0.749306 0 0.0430556 0
0 0.749306 0 0.0430556 0
0 0.749306 0 0.0430556 0
0 0.749306 0 0.0430556 0
0 0.749306 0 0.0458333 0
0 0.749306 0 0.0430556 0
0 0.749306 0 0.0430556 0
0 0.749306 0 0.0458333 0
0 0.749306 0 0.0430556 0
0 0.749306 0 0.0458333 0
0 0.749306 0 0.0430556 0
0 0.749306 0 0.0430556 0
0 0.749306 0 0.0430556 0
0 0.749306 0 0.0458333 0
0 0.749306 0 0.0430556 0
0 0.749306 0 0.0430556 0
0 0.749306 0 0.0430556 0
0 0.749306 0 0.0430556 0
0 0.749306 0 0.0430556 0
0 0.749306 0 0.0430556 0
0 0.749306 0 0.0430556 0
0 0.749306 0 0.0430556 0
0 0.749306 0 0.0430556 0
0 0.749306 0 0.0430556 0
0 0.749306 0 0.0430556 0
0 0.749306 0 0.0430556 0
0 0.749306 0 0.0430556 0
0 0.75 0 0.0444444 0
0 0.749306 0 0.0430556 0
0 0.75 0 0.0444444 0
