0 0.472917 0 0.0208333 0
0 0.472917 0 0.0208333 0
0 0.472917 0 0.0208333 0
0 0.472917 0 0.0208333 0
0 0.472917 0 0.0208333 0
0 0.472917 0 0.0208333 0
0 0.472917 0 0.0208333 0
0 0.472917 0 0.0208333 0
0 0.472917 0 0.0208333 0
0 0.472917 0 0.0208333 0
0 0.472917 0 0.0208333 0
0 0.472917 0 0.0208333 0
0 0.472917 0 0.0208333 0
0 0.472917 0 0.0208333 0
0 0.472917 0 0.0208333 0
0 0.472917 0 0.0208333 0
0 0.472917 0 0.0208333 0
0 0.472917 0 0.0208333 0
0 0.472917 0 0.0208333 0
0 0.472917 0 0.0208333 0
0 0.472917 0 0.0208333 0
0 0.472917 0 0.0208333 0
0 0.472917 0 0.0208333 0
0 0.472917 0 0.0208333 0
0 0.472917 0 0.0208333 0
0 0.472917 0 0.0208333 0
0 0.472917 0 0.0208333 0
0 0.472917 0 0.0208333 0
0 0.472917 0 0.0208333 0
0 0.472917 0 0.0208333 0
0 0.472917 0 0.0208333 0
0 0.472917 0 0.0208333 0
0 0.472917 0 0.0208333 0
0 0.472917 0 0.0208333 0
0 0.472917 0 0.0208333 0
0 0.472917 0 0.0208333 0
0 0.472917 0 0.0208333 0
0 0.472917 0 0.0208333 0
0 0.477083 0 0.0208333 0
0 0.479861 0 0.0208333 0
0 0.482639 0 0.0180556 0
0 0.484722 0 0.0222222 0
0 0.486806 0 0.0208333 0
0 0.489583 0 0.0208333 0
0 0.490972 0 0.0208333 0
0 0.495139 0 0.0180556 0
0 0.495833 0 0.0194444 0
0 0.500694 0.5 0.0458333 1
0 0.497917 0 0.0236111 0
0 0.501389 0.5 0.0444444 1
0 0.500694 0 0.0208333 0
0 0.50625 0 0.0208333 0
0 0.507639 0 0.0208333 0
0 0.509722 0 0.0222222 0
0 0.5125 0 0.0194444 0
0 0.514583 0 0.0208333 0
0 0.517361 0 0.0208333 0
0 0.520139 0 0.0208333 0
0 0.522917 0 0.0208333 0
0 0.524306 0 0.0208333 0
0 0.526389 0 0.0194444 0
0 0.527778 0 0.0222222 0
0 0.529861 0 0.0208333 0
0 0.535417 0 0.0208333 0
0 0.536806 0 0.0208333 0
0 0.539583 0 0.0208333 0
0 0.542361 0 0.0208333 0
0 0.545139 0 0.0208333 0
0 0.546528 0 0.0208333 0
0 0.549306 0 0.0208333 0
0 0.552083 0 0.0208333 0
0 0.55625 0 0.0208333 0
0 0.557639 0 0.0208333 0
0 0.560417 0 0.0208333 0
0 0.563889 0 0.0194444 0
0 0.565972 0 0.0208333 0
0 0.569444 0 0.0194444 0
0 0.571528 0 0.0208333 0
0 0.575694 0 0.0208333 0
0 0.578472 0 0.0208333 0
0 0.579861 0 0.0208333 0
0 0.582639 0 0.0208333 0
0 0.584028 0 0.0208333 0
0 0.585417 0 0.0208333 0
0 0.588194 0 0.0208333 0
0 0.589583 0 0.0208333 0
0 0.590972 0 0.0208333 0
0 0.592361 0 0.0208333 0
0 0.592361 0 0.0208333 0
0 0.59375 0 0.0208333 0
0 0.593056 0 0.0194444 0
0 0.595139 0 0.0208333 0
0 0.597917 0 0.0208333 0
0 0.601389 0 0.0194444 0
0 0.603472 0 0.0208333 0
0 0.604861 0 0.0208333 0
0 0.606944 0 0.0194444 0
0 0.607639 0 0.0208333 0
0 0.611806 0 0.0208333 0
0 0.611806 0 0.0208333 0
0 0.614583 0 0.0208333 0
0 0.616667 0 0.0222222 0
0 0.619444 0 0.0194444 0
0 0.620139 0 0.0208333 0
0 0.622917 0 0.0208333 0
0 0.624306 0 0.0208333 0
0 0.627083 0 0.0208333 0
0 0.629861 0 0.0208333 0
0 0.632639 0 0.0208333 0
0 0.634028 0 0.0208333 0
0 0.636806 0 0.0208333 0
0 0.638889 0 0.0194444 0
0 0.641667 0 0.0194444 0
0 0.64375 0 0.0208333 0
0 0.646528 0 0.0208333 0
0 0.647917 0 0.0208333 0
0 0.651389 0 0.0194444 0
0 0.653472 0 0.0208333 0
0 0.656944 0 0.0222222 0
0 0.657639 0 0.0208333 0
0 0.660417 0 0.0208333 0
0 0.6625 0 0.0194444 0
0 0.664583 0 0.0208333 0
0 0.667361 0 0.0208333 0
0 0.669444 0 0.0194444 0
0 0.672222 0 0.0194444 0
0 0.675694 0 0.0208333 0
0 0.676389 0 0.0194444 0
0 0.677778 0 0.0194444 0
0 0.680556 0 0.0194444 0
0 0.567361 0 0.0486111 0
0 0.683333 0 0.0194444 0
0 0.685417 0 0.0208333 0
0 0.688194 0 0.0208333 0
0 0.692361 0 0.0208333 0
0 0.695833 0 0.0194444 0
0 0.698611 0 0.0194444 0
0 0.704167 0 0.0222222 0
0 0.707639 0 0.0208333 0
0 0.7125 0 0.0194444 0
0 0.717361 0 0.0208333 0
0 0.720833 0 0.0194444 0
0 0.725 0 0.0194444 0
0 0.728472 0 0.0208333 0
0 0.730556 0 0.0194444 0
0 0.734028 0 0.0208333 0
0 0.738889 0 0.0194444 0
0 0.742361 0 0.0208333 0
0 0.745139 0 0.0208333 0
0 0.75 0 0.0194444 0
0 0.752083 0 0.0208333 0
0 0.754861 0 0.0208333 0
0 0.756944 0 0.0194444 0
0 0.759028 0 0.0208333 0
0 0.7625 0 0.0194444 0
0 0.764583 0 0.0208333 0
0 0.767361 0 0.0208333 0
0 0.769444 0 0.0194444 0
0 0.773611 0 0.0194444 0
0 0.774306 0 0.0180556 0
0 0.775 0 0.0194444 0
0 0.778472 0 0.0208333 0
0 0.78125 0 0.0208333 0
0 0.784722 0 0.0194444 0
0 0.7875 0 0.0194444 0
0 0.790972 0 0.0208333 0
0 0.79375 0 0.0208333 0
0 0.799306 0 0.0208333 0
0 0.801389 0 0.0194444 0
0 0.804167 0 0.0194444 0
0 0.80625 0 0.0208333 0
0 0.809722 0 0.0194444 0
0 0.811806 0 0.0208333 0
0 0.813889 0 0.0194444 0
0 0.815278 0 0.0194444 0
0 0.817361 0 0.0208333 0
0 0.817361 0 0.0208333 0
0 0.820139 0 0.0208333 0
0 0.822222 0 0.0194444 0
0 0.823611 0 0.0194444 0
0 0.825694 0 0.0180556 0
0 0.826389 0 0.0194444 0
0 0.827778 0 0.0194444 0
0 0.829861 0 0.0180556 0
0 0.830556 0 0.0194444 0
0 0.831944 0 0.0194444 0
0 0.834028 0 0.0180556 0
0 0.836111 0 0.0194444 0
0 0.838889 0 0.0194444 0
0 0.840972 0 0.0180556 0
0 0.841667 0 0.0194444 0
0 0.843056 0 0.0194444 0
0 0.845139 0 0.0208333 0
0 0.847222 0 0.0194444 0
0 0.849306 0 0.0180556 0
0 0.850694 0 0.0180556 0
0 0.852778 0 0.0194444 0
0 0.854861 0 0.0180556 0
0 0.855556 0 0.0194444 0
0 0.856944 0 0.0194444 0
0 0.859028 0 0.0180556 0
0 0.861806 0 0.0180556 0
0 0.8625 0 0.0194444 0
0 0.863889 0 0.0194444 0
0 0.866667 0 0.0194444 0
0 0.867361 0 0.0208333 0
0 0.86875 0 0.0208333 0
0 0.869444 0 0.0194444 0
0 0.871528 0 0.0180556 0
0 0.872917 0 0.0180556 0
0 0.875 0 0.0166667 0
0 0.875694 0 0.0180556 0
0 0.877083 0 0.0180556 0
0 0.877083 0 0.0180556 0
0 0.878472 0 0.0180556 0
0 0.880556 0 0.0194444 0
0 0.88125 0 0.0208333 0
0 0.882639 0 0.0180556 0
0 0.883333 0 0.0194444 0
0 0.884722 0 0.0194444 0
0 0.884722 0 0.0194444 0
0 0.886806 0 0.0180556 0
0 0.8875 0 0.0194444 0
0 0.888889 0 0.0194444 0
0 0.890278 0 0.0194444 0
0 0.891667 0 0.0194444 0
0 0.893056 0 0.0194444 0
0 0.89375 0 0.0208333 0
0 0.895139 0 0.0180556 0
0 0.897222 0 0.0194444 0
0 0.897917 0 0.0180556 0
0 0.899306 0 0.0180556 0
0 0.899306 0 0.0180556 0
0 0.9 0 0.0166667 0
0 0.900694 0 0.0180556 0
0 0.902083 0 0.0180556 0
0 0.901389 0 0.0194444 0
0 0.903472 0 0.0180556 0
0 0.903472 0 0.0180556 0
0 0.904861 0 0.0180556 0
0 0.905556 0 0.0194444 0
0 0.906944 0 0.0194444 0
0 0.906944 0 0.0194444 0
0 0.908333 0 0.0194444 0
0 0.908333 0 0.0194444 0
0 0.909028 0 0.0180556 0
0 0.910417 0 0.0180556 0
0 0.910417 0 0.0180556 0
0 0.911806 0 0.0180556 0
0 0.9125 0 0.0194444 0
0 0.911806 0 0.0180556 0
0 0.9125 0 0.0166667 0
0 0.911806 0 0.0180556 0
0 0.9125 0 0.0194444 0
0 0.913889 0 0.0194444 0
0 0.913889 0 0.0194444 0
0 0.915278 0 0.0194444 0
0 0.915278 0 0.0194444 0
0 0.915972 0 0.0180556 0
0 0.915972 0 0.0180556 0
0 0.915972 0 0.0180556 0
0 0.916667 0 0.0194444 0
0 0.917361 0 0.0180556 0
0 0.918056 0 0.0194444 0
0 0.918056 0 0.0194444 0
0 0.918056 0 0.0194444 0
0 0.918056 0 0.0194444 0
0 0.918056 0 0.0194444 0
0 0.918056 0 0.0194444 0
0 0.91875 0 0.0180556 0
0 0.918056 0 0.0194444 0
0 0.918056 0 0.0194444 0
0 0.918056 0 0.0194444 0
0 0.91875 0 0.0208333 0
0 0.91875 0 0.0208333 0
0 0.91875 0 0.0208333 0
0 0.918056 0 0.0194444 0
0 0.91875 0 0.0180556 0
0 0.918056 0 0.0194444 0
0 0.918056 0 0.0194444 0
0 0.918056 0 0.0194444 0
0 0.917361 0 0.0180556 0
0 0.917361 0 0.0180556 0
0 0.917361 0 0.0180556 0
0 0.916667 0 0.0194444 0
0 0.918056 0 0.0194444 0
0 0.91875 0 0.0180556 0
0 0.918056 0 0.0194444 0
0 0.918056 0 0.0194444 0
0 0.918056 0 0.0194444 0
0 0.918056 0 0.0194444 0
0 0.918056 0 0.0194444 0
0 0.918056 0 0.0194444 0
0 0.918056 0 0.0194444 0
0 0.918056 0 0.0194444 0
0 0.918056 0 0.0194444 0
0 0.918056 0 0.0194444 0
0 0.917361 0 0.0208333 0
0 0.918056 0 0.0194444 0
0 0.918056 0 0.0194444 0
0 0.918056 0 0.0194444 0
0 0.918056 0 0.0194444 0
0 0.918056 0 0.0194444 0
0 0.917361 0 0.0208333 0
0 0.917361 0 0.0208333 0
0 0.917361 0 0.0208333 0
0 0.918056 0 0.0194444 0
0 0.918056 0 0.0194444 0
0 0.918056 0 0.0194444 0
0 0.918056 0 0.0194444 0
0 0.917361 0 0.0180556 0
0 0.918056 0 0.0194444 0
0 0.917361 0 0.0208333 0
0 0.918056 0 0.0194444 0
0 0.918056 0 0.0194444 0
0 0.917361 0 0.0180556 0
0 0.917361 0 0.0180556 0
0 0.918056 0 0.0194444 0
0 0.918056 0 0.0194444 0
0 0.918056 0 0.0194444 0
0 0.918056 0 0.0194444 0
0 0.91875 0 0.0208333 0
0 0.91875 0 0.0180556 0
0 0.91875 0 0.0180556 0
0 0.919444 0 0.0194444 0
0 0.918056 0 0.0194444 0
0 0.91875 0 0.0180556 0
0 0.91875 0 0.0208333 0
0 0.919444 0 0.0194444 0
0 0.919444 0 0.0194444 0
0 0.920139 0 0.0180556 0
0 0.920139 0 0.0180556 0
0 0.919444 0 0.0194444 0
0 0.920139 0 0.0180556 0
0 0.920139 0 0.0180556 0
0 0.920139 0 0.0180556 0
0 0.920833 0 0.0194444 0
0 0.920833 0 0.0194444 0
0 0.920833 0 0.0194444 0
0 0.921528 0 0.0180556 0
0 0.920833 0 0.0194444 0
0 0.920139 0 0.0180556 0
0 0.921528 0 0.0180556 0
0 0.921528 0 0.0180556 0
0 0.920833 0 0.0194444 0
0 0.921528 0 0.0180556 0
0 0.921528 0 0.0180556 0
0 0.921528 0 0.0180556 0
0 0.921528 0 0.0180556 0
0 0.921528 0 0.0180556 0
0 0.922222 0 0.0194444 0
0 0.922917 0 0.0180556 0
0 0.922222 0 0.0194444 0
0 0.922222 0 0.0194444 0
0 0.922222 0 0.0194444 0
0 0.922917 0 0.0180556 0
0 0.922917 0 0.0180556 0
0 0.922917 0 0.0180556 0
0 0.922917 0 0.0180556 0
0 0.923611 0 0.0194444 0
0 0.922917 0 0.0180556 0
0 0.922917 0 0.0180556 0
0 0.924306 0 0.0180556 0
0 0.924306 0 0.0180556 0
0 0.924306 0 0.0180556 0
0 0.923611 0 0.0194444 0
0 0.923611 0 0.0194444 0
0 0.924306 0 0.0180556 0
0 0.924306 0 0.0180556 0
0 0.924306 0 0.0180556 0
0 0.923611 0 0.0194444 0
0 0.924306 0 0.0180556 0
0 0.923611 0 0.0194444 0
0 0.923611 0 0.0194444 0
0 0.923611 0 0.0194444 0
0 0.922917 0 0.0180556 0
0 0.922917 0 0.0180556 0
0 0.923611 0 0.0166667 0
0 0.922917 0 0.0180556 0
0 0.922917 0 0.0180556 0
0 0.922917 0 0.0180556 0
0 0.923611 0 0.0194444 0
0 0.922917 0 0.0180556 0
0 0.923611 0 0.0194444 0
0 0.923611 0 0.0194444 0
0 0.923611 0 0.0194444 0
0 0.923611 0 0.0194444 0
0 0.923611 0 0.0194444 0
0 0.923611 0 0.0194444 0
0 0.923611 0 0.0194444 0
0 0.924306 0 0.0180556 0
0 0.923611 0 0.0194444 0
0 0.922917 0 0.0180556 0
0 0.922917 0 0.0180556 0
0 0.922917 0 0.0180556 0
0 0.922917 0 0.0180556 0
0 0.922917 0 0.0180556 0
0 0.922917 0 0.0180556 0
0 0.922917 0 0.0180556 0
0 0.922917 0 0.0180556 0
0 0.922917 0 0.0180556 0
0 0.922917 0 0.0180556 0
0 0.922222 0 0.0194444 0
0 0.922222 0 0.0194444 0
0 0.922222 0 0.0194444 0
0 0.922222 0 0.0194444 0
0 0.921528 0 0.0180556 0
0 0.921528 0 0.0180556 0
0 0.920833 0 0.0194444 0
0 0.921528 0 0.0180556 0
0 0.922222 0 0.0194444 0
0 0.922222 0 0.0194444 0
0 0.922222 0 0.0194444 0
0 0.922222 0 0.0194444 0
0 0.922222 0 0.0194444 0
0 0.920833 0 0.0194444 0
0 0.920833 0 0.0194444 0
0 0.920833 0 0.0194444 0
0 0.920833 0 0.0194444 0
0 0.920139 0 0.0180556 0
0 0.920139 0 0.0180556 0
0 0.920139 0 0.0180556 0
0 0.919444 0 0.0194444 0
0 0.919444 0 0.0194444 0
0 0.919444 0 0.0194444 0
0 0.919444 0 0.0194444 0
0 0.919444 0 0.0194444 0
0 0.91875 0 0.0208333 0
0 0.918056 0 0.0194444 0
0 0.918056 0 0.0194444 0
0 0.918056 0 0.0194444 0
0 0.917361 0 0.0180556 0
0 0.917361 0 0.0180556 0
0 0.917361 0 0.0180556 0
0 0.917361 0 0.0180556 0
0 0.916667 0 0.0194444 0
0 0.915972 0 0.0180556 0
0 0.914583 0 0.0180556 0
0 0.914583 0 0.0180556 0
0 0.913889 0 0.0194444 0
0 0.913194 0 0.0180556 0
0 0.913194 0 0.0180556 0
0 0.911806 0 0.0180556 0
0 0.911806 0 0.0180556 0
0 0.911806 0 0.0180556 0
0 0.911111 0 0.0194444 0
0 0.910417 0 0.0180556 0
0 0.910417 0 0.0180556 0
0 0.909028 0 0.0180556 0
0 0.909028 0 0.0180556 0
0 0.908333 0 0.0194444 0
0 0.907639 0 0.0180556 0
0 0.90625 0 0.0180556 0
0 0.905556 0 0.0194444 0
0 0.905556 0 0.0194444 0
0 0.905556 0 0.0194444 0
0 0.904861 0 0.0180556 0
0 0.904861 0 0.0180556 0
0 0.904861 0 0.0180556 0
0 0.903472 0 0.0180556 0
0 0.903472 0 0.0180556 0
0 0.902778 0 0.0166667 0
0 0.901389 0 0.0166667 0
0 0.900694 0 0.0180556 0
0 0.900694 0 0.0180556 0
0 0.900694 0 0.0180556 0
0 0.899306 0 0.0180556 0
0 0.897917 0 0.0180556 0
0 0.897222 0 0.0194444 0
0 0.897222 0 0.0194444 0
0 0.895139 0 0.0180556 0
0 0.89375 0 0.0180556 0
0 0.89375 0 0.0180556 0
0 0.893056 0 0.0194444 0
0 0.893056 0 0.0194444 0
0 0.891667 0 0.0194444 0
0 0.890972 0 0.0180556 0
0 0.890972 0 0.0180556 0
0 0.889583 0 0.0180556 0
0 0.888194 0 0.0180556 0
0 0.8875 0 0.0166667 0
0 0.886806 0 0.0180556 0
0 0.886806 0 0.0180556 0
0 0.886111 0 0.0166667 0
0 0.885417 0 0.0180556 0
0 0.884722 0 0.0166667 0
0 0.882639 0 0.0180556 0
0 0.883333 0 0.0166667 0
0 0.882639 0 0.0180556 0
0 0.88125 0 0.0180556 0
0 0.88125 0 0.0180556 0
0 0.880556 0 0.0166667 0
0 0.879861 0 0.0180556 0
0 0.877778 0 0.0194444 0
0 0.877778 0 0.0166667 0
0 0.877083 0 0.0180556 0
0 0.876389 0 0.0166667 0
0 0.876389 0 0.0166667 0
0 0.875694 0 0.0152778 0
0 0.873611 0 0.0166667 0
0 0.873611 0 0.0166667 0
0 0.872222 0 0.0166667 0
0 0.872222 0 0.0166667 0
0 0.872222 0 0.0166667 0
0 0.870833 0 0.0166667 0
0 0.870833 0 0.0166667 0
0 0.870139 0 0.0152778 0
0 0.868056 0 0.0166667 0
0 0.865278 0 0.0194444 0
0 0.865972 0 0.0180556 0
0 0.865278 0 0.0166667 0
0 0.865278 0 0.0166667 0
0 0.864583 0 0.0180556 0
0 0.863889 0 0.0166667 0
0 0.863889 0 0.0166667 0
0 0.8625 0 0.0166667 0
0 0.861111 0 0.0166667 0
0 0.859722 0 0.0166667 0
0 0.859028 0 0.0180556 0
0 0.859028 0 0.0180556 0
0 0.858333 0 0.0166667 0
0 0.856944 0 0.0166667 0
0 0.855556 0 0.0166667 0
0 0.854861 0 0.0180556 0
0 0.854167 0 0.0166667 0
0 0.852778 0 0.0166667 0
0 0.852778 0 0.0166667 0
0 0.854167 0 0.0138889 0
0 0.851389 0 0.0166667 0
0 0.851389 0 0.0138889 0
0 0.85 0 0.0138889 0
0 0.848611 0 0.0138889 0
0 0.847222 0 0.0166667 0
0 0.847222 0 0.0166667 0
0 0.846528 0 0.0152778 0
0 0.845833 0 0.0166667 0
0 0.844444 0 0.0166667 0
0 0.844444 0 0.0166667 0
0 0.843056 0 0.0166667 0
0 0.843056 0 0.0166667 0
0 0.841667 0 0.0166667 0
0 0.840278 0 0.0166667 0
0 0.840278 0 0.0166667 0
0 0.839583 0 0.0180556 0
0 0.838194 0 0.0180556 0
0 0.836806 0 0.0180556 0
0 0.836111 0 0.0166667 0
0 0.834722 0 0.0166667 0
0 0.834722 0 0.0166667 0
0 0.832639 0 0.0180556 0
0 0.832639 0 0.0180556 0
0 0.831944 0 0.0166667 0
0 0.83125 0 0.0180556 0
0 0.83125 0 0.0180556 0
0 0.829167 0 0.0194444 0
0 0.828472 0 0.0180556 0
0 0.828472 0 0.0180556 0
0 0.825694 0 0.0180556 0
0 0.825 0 0.0194444 0
0 0.825 0 0.0194444 0
0 0.825 0 0.0166667 0
0 0.823611 0 0.0166667 0
0 0.824306 0 0.0180556 0
0 0.821528 0 0.0180556 0
0 0.820139 0 0.0180556 0
0 0.820139 0 0.0180556 0
0 0.819444 0 0.0194444 0
0 0.818056 0 0.0194444 0
0 0.818056 0 0.0194444 0
0 0.816667 0 0.0194444 0
0 0.815972 0 0.0180556 0
0 0.814583 0 0.0180556 0
0 0.813889 0 0.0166667 0
0 0.813194 0 0.0180556 0
0 0.813194 0 0.0180556 0
0 0.8125 0 0.0194444 0
0 0.811806 0 0.0180556 0
0 0.810417 0 0.0180556 0
0 0.809722 0 0.0194444 0
0 0.808333 0 0.0194444 0
0 0.808333 0 0.0194444 0
0 0.806944 0 0.0194444 0
0 0.806944 0 0.0194444 0
0 0.805556 0 0.0194444 0
0 0.804167 0 0.0194444 0
0 0.803472 0 0.0180556 0
0 0.802083 0 0.0180556 0
0 0.802778 0 0.0166667 0
0 0.801389 0 0.0166667 0
0 0.800694 0 0.0180556 0
0 0.799306 0 0.0180556 0
0 0.798611 0 0.0166667 0
0 0.797917 0 0.0180556 0
0 0.797917 0 0.0180556 0
0 0.796528 0 0.0180556 0
0 0.796528 0 0.0180556 0
0 0.795139 0 0.0180556 0
0 0.79375 0 0.0180556 0
0 0.793056 0 0.0166667 0
0 0.793056 0 0.0194444 0
0 0.792361 0 0.0180556 0
0 0.792361 0 0.0180556 0
0 0.790278 0 0.0194444 0
0 0.789583 0 0.0180556 0
0 0.788194 0 0.0180556 0
0 0.788194 0 0.0180556 0
0 0.788194 0 0.0180556 0
0 0.786806 0 0.0180556 0
0 0.786806 0 0.0180556 0
0 0.786111 0 0.0194444 0
0 0.785417 0 0.0180556 0
0 0.784722 0 0.0194444 0
0 0.783333 0 0.0194444 0
0 0.781944 0 0.0194444 0
0 0.78125 0 0.0180556 0
0 0.780556 0 0.0194444 0
0 0.779167 0 0.0194444 0
0 0.778472 0 0.0180556 0
0 0.777083 0 0.0180556 0
0 0.776389 0 0.0166667 0
0 0.775694 0 0.0180556 0
0 0.775 0 0.0138889 0
0 0.773611 0 0.0166667 0
0 0.772917 0 0.0180556 0
0 0.772222 0 0.0166667 0
0 0.770139 0 0.0180556 0
0 0.769444 0 0.0166667 0
0 0.769444 0 0.0166667 0
0 0.767361 0 0.0180556 0
0 0.766667 0 0.0166667 0
0 0.765972 0 0.0180556 0
0 0.764583 0 0.0180556 0
0 0.763194 0 0.0180556 0
0 0.763194 0 0.0180556 0
0 0.763194 0 0.0180556 0
0 0.7625 0 0.0166667 0
0 0.761111 0 0.0166667 0
0 0.759722 0 0.0166667 0
0 0.758333 0 0.0166667 0
0 0.757639 0 0.0180556 0
0 0.756944 0 0.0166667 0
0 0.75625 0 0.0180556 0
0 0.755556 0 0.0166667 0
0 0.754167 0 0.0166667 0
0 0.753472 0 0.0180556 0
0 0.752778 0 0.0166667 0
0 0.750694 0 0.0180556 0
0 0.750694 0 0.0152778 0
0 0.749306 0 0.0152778 0
0 0.748611 0 0.0166667 0
0 0.747222 0 0.0166667 0
0 0.746528 0 0.0180556 0
0 0.745139 0 0.0180556 0
0 0.744444 0 0.0166667 0
0 0.743056 0 0.0166667 0
0 0.741667 0 0.0166667 0
0 0.740972 0 0.0180556 0
0 0.739583 0 0.0180556 0
0 0.738889 0 0.0166667 0
0 0.7375 0 0.0166667 0
0 0.7375 0 0.0166667 0
0 0.736111 0 0.0166667 0
0 0.734722 0 0.0166667 0
0 0.733333 0 0.0166667 0
0 0.732639 0 0.0180556 0
0 0.731944 0 0.0166667 0
0 0.730556 0 0.0166667 0
0 0.729861 0 0.0152778 0
0 0.728472 0 0.0152778 0
0 0.726389 0 0.0166667 0
0 0.725694 0 0.0152778 0
0 0.723611 0 0.0166667 0
0 0.723611 0 0.0166667 0
0 0.722222 0 0.0166667 0
0 0.720833 0 0.0166667 0
0 0.720833 0 0.0166667 0
0 0.718056 0 0.0166667 0
0 0.718056 0 0.0166667 0
0 0.718056 0 0.0166667 0
0 0.715972 0 0.0152778 0
0 0.714583 0 0.0152778 0
0 0.713194 0 0.0152778 0
0 0.7125 0 0.0166667 0
0 0.711111 0 0.0166667 0
0 0.711111 0 0.0166667 0
0 0.708333 0 0.0166667 0
0 0.706944 0 0.0166667 0
0 0.70625 0 0.0152778 0
0 0.704861 0 0.0180556 0
0 0.705556 0 0.0166667 0
0 0.704167 0 0.0166667 0
0 0.702778 0 0.0166667 0
0 0.701389 0 0.0166667 0
0 0.700694 0 0.0152778 0
0 0.699306 0 0.0152778 0
0 0.697917 0 0.0152778 0
0 0.697222 0 0.0166667 0
0 0.695833 0 0.0166667 0
0 0.694444 0 0.0166667 0
0 0.69375 0 0.0152778 0
0 0.692361 0 0.0152778 0
0 0.690972 0 0.0152778 0
0 0.689583 0 0.0152778 0
0 0.688194 0 0.0152778 0
0 0.686806 0 0.0152778 0
0 0.685417 0 0.0152778 0
0 0.684722 0 0.0166667 0
0 0.684028 0 0.0152778 0
0 0.682639 0 0.0152778 0
0 0.68125 0 0.0152778 0
0 0.679861 0 0.0152778 0
0 0.679861 0 0.0152778 0
0 0.678472 0 0.0152778 0
0 0.677083 0 0.0152778 0
0 0.675694 0 0.0152778 0
0 0.674306 0 0.0152778 0
0 0.672917 0 0.0152778 0
0 0.672222 0 0.0166667 0
0 0.670833 0 0.0166667 0
0 0.670139 0 0.0152778 0
0 0.668056 0 0.0166667 0
0 0.667361 0 0.0152778 0
0 0.665278 0 0.0166667 0
0 0.663889 0 0.0166667 0
0 0.6625 0 0.0138889 0
0 0.661806 0 0.0152778 0
0 0.661806 0 0.0152778 0
0 0.659028 0 0.0152778 0
0 0.658333 0 0.0166667 0
0 0.656944 0 0.0166667 0
0 0.65625 0 0.0152778 0
0 0.654861 0 0.0152778 0
0 0.653472 0 0.0152778 0
0 0.652083 0 0.0152778 0
0 0.650694 0 0.0152778 0
0 0.65 0 0.0138889 0
0 0.649306 0 0.0152778 0
0 0.647917 0 0.0152778 0
0 0.645833 0 0.0166667 0
0 0.645139 0 0.0152778 0
0 0.64375 0 0.0152778 0
0 0.642361 0 0.0152778 0
0 0.640972 0 0.0152778 0
0 0.640278 0 0.0166667 0
0 0.638889 0 0.0138889 0
0 0.6375 0 0.0138889 0
0 0.6375 0 0.0138889 0
0 0.635417 0 0.0152778 0
0 0.634722 0 0.0138889 0
0 0.634028 0 0.0152778 0
0 0.633333 0 0.0166667 0
0 0.631944 0 0.0138889 0
0 0.63125 0 0.0152778 0
0 0.628472 0 0.0152778 0
0 0.627778 0 0.0138889 0
0 0.626389 0 0.0138889 0
0 0.625 0 0.0138889 0
0 0.625 0 0.0138889 0
0 0.624306 0 0.0152778 0
0 0.622917 0 0.0152778 0
0 0.621528 0 0.0152778 0
0 0.620139 0 0.0152778 0
0 0.619444 0 0.0138889 0
0 0.61875 0 0.0125 0
0 0.618056 0 0.0138889 0
0 0.617361 0 0.0152778 0
0 0.615972 0 0.0152778 0
0 0.615278 0 0.0138889 0
0 0.614583 0 0.0152778 0
0 0.613889 0 0.0138889 0
0 0.6125 0 0.0138889 0
0 0.611111 0 0.0138889 0
0 0.609722 0 0.0138889 0
0 0.609028 0 0.0152778 0
0 0.608333 0 0.0138889 0
0 0.607639 0 0.0152778 0
0 0.606944 0 0.0138889 0
0 0.60625 0 0.0152778 0
0 0.605556 0 0.0138889 0
0 0.604167 0 0.0138889 0
0 0.603472 0 0.0152778 0
0 0.602778 0 0.0138889 0
0 0.601389 0 0.0138889 0
0 0.6 0 0.0138889 0
0 0.6 0 0.0138889 0
0 0.598611 0 0.0138889 0
0 0.597917 0 0.0152778 0
0 0.597222 0 0.0138889 0
0 0.596528 0 0.0152778 0
0 0.595139 0 0.0152778 0
0 0.594444 0 0.0138889 0
0 0.593056 0 0.0138889 0
0 0.593056 0 0.0138889 0
0 0.591667 0 0.0138889 0
0 0.591667 0 0.0138889 0
0 0.590278 0 0.0138889 0
0 0.588889 0 0.0138889 0
0 0.588194 0 0.0125 0
0 0.588194 0 0.0125 0
0 0.5875 0 0.0138889 0
0 0.586111 0 0.0138889 0
0 0.585417 0 0.0125 0
0 0.584722 0 0.0138889 0
0 0.583333 0 0.0138889 0
0 0.583333 0 0.0138889 0
0 0.583333 0 0.0138889 0
0 0.581944 0 0.0138889 0
0 0.58125 0 0.0125 0
0 0.579861 0 0.0125 0
0 0.579167 0 0.0138889 0
0 0.578472 0 0.0125 0
0 0.577778 0 0.0138889 0
0 0.577083 0 0.0125 0
0 0.576389 0 0.0138889 0
0 0.575694 0 0.0125 0
0 0.575 0 0.0111111 0
0 0.574306 0 0.0125 0
0 0.573611 0 0.0138889 0
0 0.572222 0 0.0138889 0
0 0.572222 0 0.0138889 0
0 0.570833 0 0.0138889 0
0 0.570833 0 0.0138889 0
0 0.570139 0 0.0125 0
0 0.569444 0 0.0138889 0
0 0.56875 0 0.0125 0
0 0.567361 0 0.0125 0
0 0.567361 0 0.0125 0
0 0.565972 0 0.0125 0
0 0.565278 0 0.0138889 0
0 0.564583 0 0.0125 0
0 0.563889 0 0.0138889 0
0 0.563194 0 0.0125 0
0 0.563194 0 0.0125 0
0 0.5625 0 0.0111111 0
0 0.5625 0 0.0111111 0
0 0.561806 0 0.0125 0
0 0.560417 0 0.0125 0
0 0.559722 0 0.0138889 0
0 0.558333 0 0.0138889 0
0 0.557639 0 0.0125 0
0 0.557639 0 0.0125 0
0 0.557639 0 0.0125 0
0 0.55625 0 0.0125 0
0 0.555556 0 0.0111111 0
0 0.554861 0 0.0125 0
0 0.554861 0 0.0125 0
0 0.552778 0 0.0111111 0
0 0.552083 0 0.0125 0
0 0.552083 0 0.0125 0
0 0.552083 0 0.0125 0
0 0.552083 0 0.0125 0
0 0.551389 0 0.0111111 0
0 0.55 0 0.0111111 0
0 0.55 0 0.0111111 0
0 0.55 0 0.0111111 0
0 0.548611 0 0.0111111 0
0 0.547917 0 0.0125 0
0 0.546528 0 0.0125 0
0 0.546528 0 0.0125 0
0 0.546528 0 0.0125 0
0 0.545139 0 0.0125 0
0 0.545139 0 0.0125 0
0 0.544444 0 0.0111111 0
0 0.543056 0 0.0111111 0
0 0.543056 0 0.0111111 0
0 0.541667 0 0.0111111 0
0 0.541667 0 0.0111111 0
0 0.540278 0 0.0111111 0
0 0.540278 0 0.0111111 0
0 0.539583 0 0.0125 0
0 0.538889 0 0.0111111 0
0 0.538889 0 0.0111111 0
0 0.538889 0 0.0111111 0
0 0.5375 0 0.0111111 0
0 0.5375 0 0.0111111 0
0 0.5375 0 0.0111111 0
0 0.536111 0 0.0111111 0
0 0.535417 0 0.00972222 0
0 0.534722 0 0.0111111 0
0 0.534722 0 0.0111111 0
0 0.534722 0 0.0111111 0
0 0.532639 0 0.0125 0
0 0.532639 0 0.0125 0
0 0.532639 0 0.0125 0
0 0.531944 0 0.0111111 0
0 0.53125 0 0.00972222 0
0 0.530556 0 0.0111111 0
0 0.530556 0 0.0111111 0
0 0.529167 0 0.0111111 0
0 0.529167 0 0.0111111 0
0 0.529167 0 0.0111111 0
0 0.527083 0 0.0125 0
0 0.527083 0 0.0125 0
0 0.527083 0 0.0125 0
0 0.526389 0 0.0111111 0
0 0.525694 0 0.00972222 0
0 0.525694 0 0.00972222 0
0 0.525 0 0.0111111 0
0 0.524306 0 0.00972222 0
0 0.523611 0 0.0111111 0
0 0.522917 0 0.00972222 0
0 0.522222 0 0.0111111 0
0 0.522222 0 0.0111111 0
0 0.520139 0 0.0125 0
0 0.520139 0 0.0125 0
0 0.520139 0 0.00972222 0
0 0.519444 0 0.0111111 0
0 0.51875 0 0.00972222 0
0 0.51875 0 0.00972222 0
0 0.517361 0 0.00972222 0
0 0.517361 0 0.00972222 0
0 0.517361 0 0.00972222 0
0 0.515972 0 0.00972222 0
0 0.515278 0 0.0111111 0
0 0.514583 0 0.00972222 0
0 0.513889 0 0.00833333 0
0 0.513194 0 0.00972222 0
0 0.513194 0 0.00972222 0
0 0.513194 0 0.00972222 0
0 0.511806 0 0.00972222 0
0 0.511806 0 0.00972222 0
0 0.511111 0 0.00833333 0
0 0.511111 0 0.00833333 0
0 0.510417 0 0.00972222 0
0 0.510417 0 0.00972222 0
0 0.509722 0 0.0111111 0
0 0.509028 0 0.00972222 0
0 0.508333 0 0.00833333 0
0 0.508333 0 0.00833333 0
0 0.507639 0 0.00972222 0
0 0.507639 0 0.00972222 0
0 0.50625 0 0.00972222 0
0 0.50625 0 0.00972222 0
0 0.505556 0 0.00833333 0
0 0.504167 0 0.00833333 0
0 0.504167 0 0.00833333 0
0 0.505556 0 0.00833333 0
0 0.503472 0 0.00972222 0
0 0.502778 0 0.00833333 0
0 0.502778 0 0.00833333 0
0 0.502083 0 0.00972222 0
0 0.502083 0 0.00972222 0
0 0.501389 0 0.00833333 0
0 0.500694 0 0.00972222 0
0 0.5 0 0.00833333 0
0 0.5 0 0.00833333 0
0 0.5 0 0.00833333 0
0 0.498611 0 0.00833333 0
0 0.498611 0 0.00833333 0
0 0.497917 0 0.00972222 0
0 0.497222 0 0.00833333 0
0 0.497222 0 0.00833333 0
0 0.496528 0 0.00694444 0
0 0.495833 0 0.00833333 0
0 0.495833 0 0.00833333 0
0 0.495139 0 0.00972222 0
0 0.495139 0 0.00972222 0
0 0.495139 0 0.00972222 0
0 0.494444 0 0.00833333 0
0 0.49375 0 0.00972222 0
0 0.493056 0 0.00833333 0
0 0.493056 0 0.00833333 0
0 0.493056 0 0.00833333 0
0 0.492361 0 0.00972222 0
0 0.492361 0 0.00694444 0
0 0.492361 0 0.00694444 0
0 0.491667 0 0.00833333 0
0 0.491667 0 0.00833333 0
0 0.489583 0 0.0125 0
0 0.490278 0 0.00833333 0
0 0.489583 0 0.00972222 0
0 0.488889 0 0.00833333 0
0 0.488889 0 0.00833333 0
0 0.4875 0 0.00833333 0
0 0.4875 0 0.00833333 0
0 0.488194 0 0.00972222 0
0 0.4875 0 0.00833333 0
0 0.4875 0 0.00833333 0
0 0.4875 0 0.00833333 0
0 0.486806 0 0.00694444 0
0 0.486111 0 0.00833333 0
0 0.485417 0 0.00694444 0
0 0.486111 0 0.00555556 0
0 0.484028 0 0.00694444 0
0 0.484028 0 0.00694444 0
0 0.484028 0 0.00694444 0
0 0.48125 0 0.0152778 0
0 0.484028 0 0.00694444 0
0 0.481944 0 0.00833333 0
0 0.481944 0 0.00833333 0
0 0.48125 0 0.00972222 0
0 0.480556 0 0.00833333 0
0 0.480556 0 0.00833333 0
0 0.480556 0 0.00833333 0
0 0.480556 0 0.00833333 0
0 0.480556 0 0.00833333 0
0 0.480556 0 0.00833333 0
0 0.479861 0 0.00694444 0
0 0.501389 0.5 0.0472222 1
0 0.501389 0.5 0.0472222 1
0 0.501389 0.5 0.0472222 1
0 0.501389 0.5 0.0472222 1
0 0.501389 0.5 0.0472222 1
0 0.500694 0.5 0.0486111 1
0 0.501389 0.5 0.0472222 1
0 0.501389 0.5 0.0472222 1
0 0.501389 0.5 0.0472222 1
0 0.501389 0.5 0.0472222 1
0 0.502083 0.5 0.0458333 1
0 0.501389 0.5 0.0472222 1
0 0.502083 0.5 0.0458333 1
0 0.501389 0.5 0.0472222 1
0 0.501389 0.5 0.0472222 1
0 0.501389 0.5 0.0472222 1
0 0.502083 0.5 0.0458333 1
0 0.502083 0.5 0.0458333 1
0 0.502083 0.5 0.0458333 1
0 0.502083 0.5 0.0458333 1
0 0.502083 0.5 0.0458333 1
0 0.502083 0.5 0.0458333 1
0 0.502083 0.5 0.0458333 1
0 0.502083 0.5 0.0458333 1
0 0.502083 0.5 0.0458333 1
0 0.502083 0.5 0.0458333 1
0 0.502083 0.5 0.0458333 1
0 0.472917 1 0.00416667 0
0 0.502083 0.5 0.0458333 1
0 0.502083 0.5 0.0458333 1
0 0.502083 0.5 0.0458333 1
0 0.502083 0.5 0.0458333 1
0 0.504167 0.5 0.0527778 1
0 0.504167 0.5 0.0527778 1
0 0.502083 0.5 0.0458333 1
0 0.504861 0.5 0.0513889 1
0 0.502778 0.5 0.0444444 1
0 0.502778 0.5 0.0444444 1
0 0.504861 0.5 0.0513889 1
0 0.502778 0.5 0.0444444 1
0 0.502778 0.5 0.0444444 1
0 0.472917 1 0.00416667 0
0 0.472917 1 0.00416667 0
0 0.504167 0.5 0.05 1
0 0.504167 0.5 0.05 1
0 0.472917 1 0.00416667 0
0 0.504167 0.5 0.0527778 1
0 0.502778 0.5 0.0444444 1
0 0.504167 0.5 0.05 1
0 0.502778 0.5 0.0444444 1
0 0.504167 0.5 0.05 1
0 0.504167 0.5 0.05 1
0 0.504861 0.5 0.0513889 1
0 0.504167 0.5 0.05 1
0 0.504167 0.5 0.05 1
0 0.504861 0.5 0.0513889 1
0 0.504167 0.5 0.05 1
0 0.504861 0.5 0.0513889 1
0 0.504167 0.5 0.05 1
0 0.504167 0.5 0.05 1
0 0.504167 0.5 0.0527778 1
0 0.503472 0.5 0.0513889 1
0 0.502083 0.5 0.0458333 1
0 0.502778 0.5 0.0472222 1
0 0.502778 0.5 0.0472222 1
0 0.503472 0.5 0.0513889 1
0 0.474306 1 0.00416667 0
0 0.502778 0.5 0.0444444 1
0 0.502083 0.5 0.0458333 1
0 0.472917 1 0.00416667 0
0 0.504167 0.5 0.05 1
0 0.502778 0.5 0.0444444 1
0 0.502778 0.5 0.0444444 1
0 0.503472 0.5 0.0513889 1
0 0.502778 0.5 0.0472222 1
0 0.504167 0.5 0.05 1
0 0.502778 0.5 0.0472222 1
0 0.504167 0.5 0.05 1
0 0.502778 0.5 0.0444444 1
0 0.502083 0.5 0.0458333 1
0 0.502083 0.5 0.0430556 1
0 0.502083 0.5 0.0458333 1
0 0.501389 0.5 0.0472222 1
0 0.502083 0.5 0.0458333 1
0 0.500694 0.5 0.0458333 1
0 0.500694 0.5 0.0458333 1
0 0.501389 0.5 0.0472222 1
0 0.501389 0.5 0.0472222 1
0 0.500694 0.5 0.0458333 1
0 0.502083 0.5 0.0486111 1
0 0.501389 0.5 0.0472222 1
0 0.501389 0.5 0.0472222 1
0 0.501389 0.5 0.0472222 1
0 0.501389 0.5 0.0472222 1
0 0.500694 0.5 0.0486111 1
0 0.500694 0.5 0.0486111 1
0 0.500694 0.5 0.0486111 1
0 0.501389 0.5 0.0472222 1
0 0.501389 0.5 0.0472222 1
0 0.501389 0.5 0.0472222 1
0 0.501389 0.5 0.05 1
0 0.501389 0.5 0.05 1
0 0.500694 0.5 0.0486111 1
0 0.500694 0.5 0.0486111 1
0 0.500694 0.5 0.0486111 1
0 0.500694 0.5 0.0486111 1
0 0.501389 0.5 0.0472222 1
0 0.501389 0.5 0.0472222 1
0 0.500694 0.5 0.0486111 1
0 0.501389 0.5 0.0472222 1
0 0.501389 0.5 0.05 1
0 0.501389 0.5 0.0472222 1
0 0.501389 0.5 0.0472222 1
0 0.501389 0.5 0.05 1
0 0.502083 0.5 0.0486111 1
0 0.504167 0.5 0.0527778 1
0 0.504167 0.5 0.0527778 1
0 0.504167 0.5 0.0527778 1
0 0.504167 0.5 0.0527778 1
0 0.504167 0.5 0.0527778 1
0 0.504167 0.5 0.0527778 1
0 0.504167 0.5 0.0527778 1
0 0.504167 0.5 0.0527778 1
0 0.504167 0.5 0.0527778 1
0 0.504167 0.5 0.0527778 1
0 0.504167 0.5 0.0527778 1
0 0.504167 0.5 0.0527778 1
0 0.504167 0.5 0.0527778 1
0 0.504167 0.5 0.0527778 1
0 0.504167 0.5 0.0527778 1
0 0.504167 0.5 0.0527778 1
0 0.504167 0.5 0.0527778 1
0 0.504167 0.5 0.0527778 1
0 0.504167 0.5 0.0527778 1
0 0.504167 0.5 0.0527778 1
0 0.501389 0.5 0.0472222 1
0 0.504167 0.5 0.0527778 1
0 0.502083 0.5 0.0458333 1
0 0.504167 0.5 0.0527778 1
0 0.504167 0.5 0.0527778 1
0 0.504167 0.5 0.0527778 1
0 0.504167 0.5 0.0527778 1
0 0.504167 0.5 0.0527778 1
0 0.502083 0.5 0.0458333 1
0 0.504167 0.5 0.0527778 1
0 0.502083 0.5 0.0458333 1
0 0.504167 0.5 0.0527778 1
0 0.502083 0.5 0.0458333 1
0 0.502083 0.5 0.0458333 1
0 0.501389 0.5 0.0472222 1
0 0.502083 0.5 0.0458333 1
0 0.502083 0.5 0.0458333 1
0 0.502083 0.5 0.0458333 1
0 0.501389 0.5 0.0472222 1
0 0.501389 0.5 0.0472222 1
0 0.501389 0.5 0.0472222 1
0 0.501389 0.5 0.0472222 1
0 0.502083 0.5 0.0486111 1
0 0.502083 0.5 0.0486111 1
0 0.502083 0.5 0.0486111 1
0 0.502083 0.5 0.0458333 1
0 0.502083 0.5 0.0458333 1
0 0.501389 0.5 0.0472222 1
0 0.502083 0.5 0.0458333 1
0 0.501389 0.5 0.0472222 1
0 0.501389 0.5 0.0472222 1
0 0.501389 0.5 0.0472222 1
0 0.500694 0.5 0.0486111 1
0 0.501389 0.5 0.0472222 1
0 0.501389 0.5 0.0472222 1
0 0.501389 0.5 0.0472222 1
0 0.501389 0.5 0.0472222 1
0 0.500694 0.5 0.0486111 1
0 0.501389 0.5 0.0472222 1
0 0.501389 0.5 0.05 1
0 0.501389 0.5 0.0472222 1
0 0.500694 0.5 0.0486111 1
0 0.501389 0.5 0.0472222 1
0 0.501389 0.5 0.0472222 1
0 0.501389 0.5 0.0472222 1
0 0.501389 0.5 0.0472222 1
0 0.501389 0.5 0.0472222 1
0 0.502083 0.5 0.0486111 1
0 0.501389 0.5 0.0472222 1
0 0.501389 0.5 0.0472222 1
0 0.501389 0.5 0.0472222 1
0 0.500694 0.5 0.0486111 1
0 0.501389 0.5 0.0472222 1
0 0.501389 0.5 0.0472222 1
0 0.501389 0.5 0.0472222 1
0 0.501389 0.5 0.0472222 1
0 0.501389 0.5 0.0472222 1
0 0.501389 0.5 0.0472222 1
0 0.501389 0.5 0.0472222 1
0 0.501389 0.5 0.0472222 1
0 0.501389 0.5 0.0472222 1
0 0.501389 0.5 0.0472222 1
0 0.501389 0.5 0.0472222 1
0 0.501389 0.5 0.0472222 1
0 0.501389 0.5 0.0472222 1
0 0.501389 0.5 0.0472222 1
0 0.501389 0.5 0.0472222 1
0 0.501389 0.5 0.0472222 1
0 0.501389 0.5 0.0472222 1
0 0.501389 0.5 0.0472222 1
0 0.501389 0.5 0.0472222 1
0 0.501389 0.5 0.0472222 1
0 0.501389 0.5 0.0472222 1
0 0.501389 0.5 0.0472222 1
0 0.501389 0.5 0.0472222 1
0 0.501389 0.5 0.0472222 1
0 0.501389 0.5 0.0472222 1
0 0.501389 0.5 0.0472222 1
0 0.501389 0.5 0.0472222 1
