0 0.455556 0 0.0222222 0
0 0.455556 0 0.0222222 0
0 0.455556 0 0.0222222 0
0 0.455556 0 0.0222222 0
0 0.455556 0 0.0222222 0
0 0.455556 0 0.0222222 0
0 0.455556 0 0.0222222 0
0 0.455556 0 0.0222222 0
0 0.455556 0 0.0222222 0
0 0.455556 0 0.0222222 0
0 0.455556 0 0.0222222 0
0 0.455556 0 0.0222222 0
0 0.455556 0 0.0222222 0
0 0.455556 0 0.0222222 0
0 0.455556 0 0.0222222 0
0 0.455556 0 0.0222222 0
0 0.455556 0 0.0222222 0
0 0.455556 0 0.0222222 0
0 0.455556 0 0.0222222 0
0 0.455556 0 0.0222222 0
0 0.455556 0 0.0222222 0
0 0.455556 0 0.0222222 0
0 0.455556 0 0.0222222 0
0 0.455556 0 0.0222222 0
0 0.455556 0 0.0222222 0
0 0.455556 0 0.0222222 0
0 0.455556 0 0.0222222 0
0 0.455556 0 0.0222222 0
0 0.455556 0 0.0222222 0
0 0.455556 0 0.0222222 0
0 0.455556 0 0.0222222 0
0 0.455556 0 0.0222222 0
0 0.455556 0 0.0222222 0
0 0.455556 0 0.0222222 0
0 0.455556 0 0.0222222 0
0 0.455556 0 0.0222222 0
0 0.455556 0 0.0222222 0
0 0.455556 0 0.0222222 0
0 0.455556 0 0.0222222 0
0 0.455556 0 0.0222222 0
0 0.455556 0 0.0222222 0
0 0.455556 0 0.0222222 0
0 0.455556 0 0.0222222 0
0 0.455556 0 0.0222222 0
0 0.455556 0 0.0222222 0
0 0.455556 0 0.0222222 0
0 0.455556 0 0.0222222 0
0 0.455556 0 0.0222222 0
0 0.455556 0 0.0222222 0
0 0.455556 0 0.0222222 0
0 0.455556 0 0.0222222 0
0 0.455556 0 0.0222222 0
0 0.455556 0 0.0222222 0
0 0.455556 0 0.0222222 0
0 0.455556 0 0.0222222 0
0 0.455556 0 0.0222222 0
0 0.455556 0 0.0222222 0
0 0.455556 0 0.0222222 0
0 0.455556 0 0.0222222 0
0 0.455556 0 0.0222222 0
0 0.455556 0 0.0222222 0
0 0.455556 0 0.0222222 0
0 0.455556 0 0.0222222 0
0 0.455556 0 0.0222222 0
0 0.455556 0 0.0222222 0
0 0.455556 0 0.0222222 0
0 0.455556 0 0.0222222 0
0 0.455556 0 0.0222222 0
0 0.455556 0 0.0222222 0
0 0.455556 0 0.0222222 0
0 0.455556 0 0.0222222 0
0 0.455556 0 0.0222222 0
0 0.455556 0 0.0222222 0
0 0.455556 0 0.0222222 0
0 0.455556 0 0.0222222 0
0 0.455556 0 0.0222222 0
0 0.455556 0 0.0222222 0
0 0.455556 0 0.0222222 0
0 0.455556 0 0.0222222 0
0 0.455556 0 0.0222222 0
0 0.455556 0 0.0222222 0
0 0.455556 0 0.0222222 0
0 0.455556 0 0.0222222 0
0 0.455556 0 0.0222222 0
0 0.455556 0 0.0222222 0
0 0.455556 0 0.0222222 0
0 0.455556 0 0.0222222 0
0 0.455556 0 0.0222222 0
0 0.455556 0 0.0222222 0
0 0.455556 0 0.0222222 0
0 0.455556 0 0.0222222 0
0 0.455556 0 0.0222222 0
0 0.455556 0 0.0222222 0
0 0.455556 0 0.0222222 0
0 0.455556 0 0.0222222 0
0 0.455556 0 0.0222222 0
0 0.455556 0 0.0222222 0
0 0.455556 0 0.0222222 0
0 0.455556 0 0.0222222 0
0 0.455556 0 0.0222222 0
0 0.455556 0 0.0222222 0
0 0.455556 0 0.0222222 0
0 0.455556 0 0.0222222 0
0 0.455556 0 0.0222222 0
0 0.455556 0 0.0222222 0
0 0.455556 0 0.0222222 0
0 0.455556 0 0.0222222 0
0 0.455556 0 0.0222222 0
0 0.455556 0 0.0222222 0
0 0.455556 0 0.0222222 0
0 0.455556 0 0.0222222 0
0 0.455556 0 0.0222222 0
0 0.455556 0 0.0222222 0
0 0.45625 0 0.0208333 0
0 0.45625 0 0.0208333 0
0 0.457639 0 0.0208333 0
0 0.458333 0 0.0222222 0
0 0.459722 0 0.0222222 0
0 0.460417 0 0.0208333 0
0 0.4625 0 0.0194444 0
0 0.464583 0.5 0.0208333 1
0 0.464583 0.5 0.0208333 1
0 0.464583 0.5 0.0208333 1
0 0.464583 0.5 0.0208333 1
0 0.466667 0.5 0.0222222 1
0 0.479861 0.5 0.0347222 1
0 0.470139 0.5 0.0180556 1
0 0.470833 0.5 0.0166667 1
0 0.472222 0.5 0.0166667 1
0 0.504167 0.5 0.0527778 1
0 0.504167 0.5 0.05 1
0 0.502778 0.5 0.0444444 1
0 0.531944 0 0.0222222 0
0 0.531944 0 0.0222222 0
0 0.538889 0 0.0194444 0
0 0.547222 0 0.0222222 0
0 0.556944 0 0.0194444 0
0 0.565278 0 0.0222222 0
0 0.574306 0 0.0208333 0
0 0.580556 0 0.0222222 0
0 0.589583 0 0.0208333 0
0 0.597917 0 0.0208333 0
0 0.607639 0 0.0208333 0
0 0.61875 0 0.0208333 0
0 0.627778 0 0.0222222 0
0 0.638194 0 0.0208333 0
0 0.638194 0 0.0208333 0
0 0.645833 0 0.0222222 0
0 0.663889 0 0.0222222 0
0 0.663889 0 0.0222222 0
0 0.671528 0 0.0236111 0
0 0.680556 0 0.0222222 0
0 0.688889 0 0.0222222 0
0 0.695833 0 0.0222222 0
0 0.707639 0 0.0208333 0
0 0.713194 0 0.0208333 0
0 0.719444 0 0.0222222 0
0 0.729167 0 0.0222222 0
0 0.740972 0 0.0236111 0
0 0.752778 0 0.0222222 0
0 0.772222 0 0.0222222 0
0 0.785417 0 0.0236111 0
0 0.790972 0 0.0236111 0
0 0.802083 0 0.0236111 0
0 0.8125 0 0.0222222 0
0 0.825 0 0.0222222 0
0 0.825 0 0.0222222 0
0 0.838889 0 0.0222222 0
0 0.852083 0 0.0236111 0
0 0.866667 0 0.025 0
0 0.878472 0 0.0236111 0
0 0.888194 0 0.0236111 0
0 0.898611 0 0.0222222 0
0 0.915278 0 0.0222222 0
0 0.931944 0 0.0222222 0
0 0.949306 0 0.0236111 0
0 0.9625 0 0.0222222 0
0 0.979861 0 0.0236111 0
0 0.992361 0 0.0152778 0
0 0.993056 0 0.0138889 0
