0 0.464583 0.5 0.154167 1
0 0.572222 0 0.0194444 0
0 0.464583 0.5 0.154167 1
0 0.709722 0 0.0194444 0
0 0.572222 0 0.0194444 0
0 0.463889 0.5 0.152778 1
0 0.572222 0 0.0194444 0
0 0.463889 0.5 0.155556 1
0 0.709722 0 0.0194444 0
0 0.572222 0 0.0194444 0
0 0.463889 0.5 0.152778 1
0 0.572222 0 0.0194444 0
0 0.463889 0.5 0.152778 1
0 0.572222 0 0.0194444 0
0 0.463889 0.5 0.155556 1
0 0.709722 0 0.0194444 0
0 0.572222 0 0.0194444 0
0 0.464583 0.5 0.154167 1
0 0.572222 0 0.0194444 0
0 0.464583 0.5 0.154167 1
0 0.709028 0 0.0208333 0
0 0.572222 0 0.0194444 0
0 0.463889 0.5 0.152778 1
0 0.572222 0 0.0194444 0
0 0.463889 0.5 0.152778 1
0 0.572222 0 0.0194444 0
0 0.463889 0.5 0.152778 1
0 0.572222 0 0.0194444 0
0 0.709722 0 0.0194444 0
0 0.572222 0 0.0194444 0
0 0.463889 0.5 0.152778 1
0 0.572222 0 0.0194444 0
0 0.709722 0 0.0194444 0
0 0.572222 0 0.0194444 0
0 0.464583 0.5 0.151389 1
0 0.572222 0 0.0194444 0
0 0.709722 0 0.0194444 0
0 0.572222 0 0.0194444 0
0 0.709722 0 0.0194444 0
0 0.572222 0 0.0194444 0
0 0.572222 0 0.0194444 0
0 0.464583 0.5 0.154167 1
0 0.709722 0 0.0194444 0
0 0.572222 0 0.0194444 0
0 0.572222 0 0.0194444 0
0 0.572222 0 0.0194444 0
0 0.709722 0 0.0194444 0
0 0.572222 0 0.0194444 0
0 0.709722 0 0.0194444 0
0 0.572222 0 0.0194444 0
0 0.572222 0 0.0194444 0
0 0.709722 0 0.0194444 0
0 0.572222 0 0.0194444 0
0 0.464583 0.5 0.151389 1
0 0.572222 0 0.0194444 0
0 0.709722 0 0.0194444 0
0 0.572222 0 0.0194444 0
0 0.572222 0 0.0194444 0
0 0.572222 0 0.0194444 0
0 0.709722 0 0.0194444 0
0 0.572222 0 0.0194444 0
0 0.709722 0 0.0194444 0
0 0.572222 0 0.0194444 0
0 0.572222 0 0.0194444 0
0 0.709722 0 0.0194444 0
0 0.572222 0 0.0194444 0
0 0.572222 0 0.0194444 0
0 0.572222 0 0.0194444 0
0 0.709722 0 0.0194444 0
0 0.572222 0 0.0194444 0
0 0.572222 0 0.0194444 0
0 0.709722 0 0.0194444 0
0 0.572222 0 0.0194444 0
0 0.572222 0 0.0194444 0
0 0.572222 0 0.0194444 0
0 0.709722 0 0.0194444 0
0 0.572222 0 0.0194444 0
0 0.572222 0 0.0194444 0
0 0.572222 0 0.0194444 0
0 0.709722 0 0.0194444 0
0 0.572222 0 0.0194444 0
0 0.572222 0 0.0194444 0
0 0.572222 0 0.0194444 0
0 0.709722 0 0.0194444 0
0 0.572222 0 0.0194444 0
0 0.572222 0 0.0194444 0
0 0.709722 0 0.0194444 0
0 0.572222 0 0.0194444 0
0 0.572222 0 0.0194444 0
0 0.572222 0 0.0194444 0
0 0.709722 0 0.0194444 0
0 0.572222 0 0.0194444 0
0 0.572222 0 0.0194444 0
0 0.572222 0 0.0194444 0
0 0.709722 0 0.0194444 0
0 0.572222 0 0.0194444 0
0 0.709722 0 0.0194444 0
0 0.572222 0 0.0194444 0
0 0.572222 0 0.0194444 0
0 0.709722 0 0.0194444 0
0 0.572222 0 0.0194444 0
0 0.572222 0 0.0194444 0
0 0.709722 0 0.0194444 0
0 0.572222 0 0.0194444 0
0 0.709722 0 0.0194444 0
0 0.572222 0 0.0194444 0
0 0.572222 0 0.0194444 0
0 0.709722 0 0.0194444 0
0 0.572222 0 0.0194444 0
0 0.572222 0 0.0194444 0
0 0.572222 0 0.0194444 0
0 0.709722 0 0.0194444 0
0 0.572222 0 0.0194444 0
0 0.709722 0 0.0194444 0
0 0.572222 0 0.0194444 0
0 0.572222 0 0.0194444 0
0 0.709722 0 0.0194444 0
0 0.572222 0 0.0194444 0
0 0.572222 0 0.0194444 0
0 0.709722 0 0.0194444 0
0 0.572222 0 0.0194444 0
0 0.572222 0 0.0194444 0
0 0.572222 0 0.0194444 0
0 0.709028 0 0.0208333 0
0 0.572222 0 0.0194444 0
0 0.572222 0 0.0194444 0
0 0.572222 0 0.0194444 0
0 0.709722 0 0.0194444 0
0 0.572222 0 0.0194444 0
0 0.709722 0 0.0194444 0
0 0.572222 0 0.0194444 0
0 0.572222 0 0.0194444 0
0 0.709722 0 0.0194444 0
0 0.572222 0 0.0194444 0
0 0.572222 0 0.0194444 0
0 0.709722 0 0.0194444 0
0 0.572222 0 0.0194444 0
0 0.572222 0 0.0194444 0
0 0.572222 0 0.0194444 0
0 0.709722 0 0.0194444 0
0 0.572222 0 0.0194444 0
0 0.572222 0 0.0194444 0
0 0.572222 0 0.0194444 0
0 0.709722 0 0.0194444 0
0 0.572222 0 0.0194444 0
0 0.709722 0 0.0194444 0
0 0.572222 0 0.0194444 0
0 0.572222 0 0.0194444 0
0 0.709722 0 0.0194444 0
0 0.572222 0 0.0194444 0
0 0.572222 0 0.0194444 0
0 0.709722 0 0.0194444 0
0 0.572222 0 0.0194444 0
0 0.572222 0 0.0194444 0
0 0.709722 0 0.0194444 0
0 0.572222 0 0.0194444 0
0 0.709722 0 0.0194444 0
0 0.572222 0 0.0194444 0
0 0.709722 0 0.0194444 0
0 0.572222 0 0.0194444 0
0 0.572222 0 0.0194444 0
0 0.709722 0 0.0194444 0
0 0.572222 0 0.0194444 0
0 0.572222 0 0.0194444 0
0 0.709722 0 0.0194444 0
0 0.572222 0 0.0194444 0
0 0.572222 0 0.0194444 0
0 0.709722 0 0.0194444 0
0 0.572222 0 0.0194444 0
0 0.709722 0 0.0194444 0
0 0.572222 0 0.0194444 0
0 0.572222 0 0.0194444 0
0 0.709722 0 0.0194444 0
0 0.572222 0 0.0194444 0
0 0.709722 0 0.0194444 0
0 0.572222 0 0.0194444 0
0 0.572222 0 0.0194444 0
0 0.572222 0 0.0194444 0
0 0.709722 0 0.0194444 0
0 0.572222 0 0.0194444 0
0 0.572222 0 0.0194444 0
0 0.709722 0 0.0194444 0
0 0.572222 0 0.0194444 0
0 0.572222 0 0.0194444 0
0 0.709722 0 0.0194444 0
0 0.572222 0 0.0194444 0
0 0.709722 0 0.0194444 0
0 0.572222 0 0.0194444 0
0 0.572222 0 0.0194444 0
0 0.709722 0 0.0194444 0
0 0.572222 0 0.0194444 0
0 0.709722 0 0.0194444 0
0 0.572222 0 0.0194444 0
0 0.572222 0 0.0194444 0
0 0.572222 0 0.0194444 0
0 0.709722 0 0.0194444 0
0 0.572222 0 0.0194444 0
0 0.572222 0 0.0194444 0
0 0.709722 0 0.0194444 0
0 0.572222 0 0.0194444 0
0 0.572222 0 0.0194444 0
0 0.709722 0 0.0194444 0
0 0.571528 0 0.0180556 0
0 0.572222 0 0.0194444 0
0 0.572222 0 0.0194444 0
0 0.709722 0 0.0194444 0
0 0.572222 0 0.0194444 0
0 0.709722 0 0.0194444 0
0 0.572222 0 0.0194444 0
0 0.709722 0 0.0194444 0
0 0.572222 0 0.0194444 0
0 0.709722 0 0.0194444 0
0 0.572222 0 0.0194444 0
0 0.572222 0 0.0194444 0
0 0.709722 0 0.0194444 0
0 0.572222 0 0.0194444 0
0 0.572222 0 0.0194444 0
0 0.572222 0 0.0194444 0
0 0.709722 0 0.0194444 0
0 0.571528 0 0.0180556 0
0 0.572222 0 0.0194444 0
0 0.709722 0 0.0194444 0
0 0.572222 0 0.0194444 0
0 0.709722 0 0.0194444 0
0 0.572222 0 0.0194444 0
0 0.572222 0 0.0194444 0
0 0.572222 0 0.0194444 0
0 0.709722 0 0.0194444 0
0 0.572222 0 0.0194444 0
0 0.572222 0 0.0194444 0
0 0.709722 0 0.0194444 0
0 0.572222 0 0.0194444 0
0 0.572222 0 0.0194444 0
0 0.709722 0 0.0194444 0
0 0.571528 0 0.0180556 0
0 0.572222 0 0.0194444 0
0 0.709722 0 0.0194444 0
0 0.572222 0 0.0194444 0
0 0.709722 0 0.0194444 0
0 0.572222 0 0.0194444 0
0 0.572222 0 0.0194444 0
0 0.572222 0 0.0194444 0
0 0.709722 0 0.0194444 0
0 0.572222 0 0.0194444 0
0 0.709722 0 0.0194444 0
0 0.572222 0 0.0194444 0
0 0.709722 0 0.0194444 0
0 0.572222 0 0.0194444 0
0 0.572222 0 0.0194444 0
0 0.572222 0 0.0194444 0
0 0.709722 0 0.0194444 0
0 0.572222 0 0.0194444 0
0 0.572222 0 0.0194444 0
0 0.709722 0 0.0194444 0
0 0.572222 0 0.0194444 0
0 0.709722 0 0.0194444 0
0 0.572222 0 0.0194444 0
0 0.572222 0 0.0194444 0
0 0.709722 0 0.0194444 0
0 0.572222 0 0.0194444 0
0 0.709722 0 0.0194444 0
0 0.572222 0 0.0194444 0
0 0.709722 0 0.0194444 0
0 0.572222 0 0.0194444 0
0 0.709722 0 0.0194444 0
0 0.572222 0 0.0194444 0
0 0.572222 0 0.0194444 0
0 0.709722 0 0.0194444 0
0 0.572222 0 0.0194444 0
0 0.572222 0 0.0194444 0
0 0.572222 0 0.0194444 0
0 0.709722 0 0.0194444 0
0 0.572222 0 0.0194444 0
0 0.709722 0 0.0194444 0
0 0.572222 0 0.0194444 0
0 0.572222 0 0.0194444 0
0 0.709722 0 0.0194444 0
0 0.572222 0 0.0194444 0
0 0.572222 0 0.0194444 0
0 0.709722 0 0.0194444 0
0 0.572222 0 0.0194444 0
0 0.709722 0 0.0194444 0
0 0.572222 0 0.0194444 0
0 0.572222 0 0.0194444 0
0 0.709722 0 0.0194444 0
0 0.571528 0 0.0180556 0
0 0.572222 0 0.0194444 0
0 0.709722 0 0.0194444 0
0 0.572222 0 0.0194444 0
0 0.709722 0 0.0194444 0
0 0.572222 0 0.0194444 0
0 0.572222 0 0.0194444 0
0 0.709722 0 0.0194444 0
0 0.572222 0 0.0194444 0
0 0.709722 0 0.0194444 0
0 0.572222 0 0.0194444 0
0 0.572222 0 0.0194444 0
0 0.709722 0 0.0194444 0
0 0.572222 0 0.0194444 0
0 0.572222 0 0.0194444 0
0 0.709722 0 0.0194444 0
0 0.572222 0 0.0194444 0
0 0.572222 0 0.0194444 0
0 0.709722 0 0.0194444 0
0 0.572222 0 0.0194444 0
0 0.709722 0 0.0194444 0
0 0.572222 0 0.0194444 0
0 0.709722 0 0.0194444 0
0 0.572222 0 0.0194444 0
0 0.572222 0 0.0194444 0
0 0.709722 0 0.0194444 0
0 0.572222 0 0.0194444 0
0 0.572222 0 0.0194444 0
0 0.709722 0 0.0194444 0
0 0.572222 0 0.0194444 0
0 0.572222 0 0.0194444 0
0 0.709722 0 0.0194444 0
0 0.572222 0 0.0194444 0
0 0.709722 0 0.0194444 0
0 0.572222 0 0.0194444 0
0 0.572222 0 0.0194444 0
0 0.709722 0 0.0194444 0
0 0.572222 0 0.0194444 0
0 0.572222 0 0.0194444 0
0 0.572222 0 0.0194444 0
0 0.709722 0 0.0194444 0
0 0.572222 0 0.0194444 0
0 0.709722 0 0.0194444 0
0 0.572222 0 0.0194444 0
0 0.572222 0 0.0194444 0
0 0.709722 0 0.0194444 0
0 0.572222 0 0.0194444 0
0 0.572222 0 0.0194444 0
0 0.709722 0 0.0194444 0
0 0.572222 0 0.0194444 0
0 0.572222 0 0.0194444 0
0 0.572222 0 0.0194444 0
0 0.572222 0 0.0194444 0
0 0.572222 0 0.0194444 0
0 0.572222 0 0.0194444 0
0 0.709722 0 0.0194444 0
0 0.572222 0 0.0194444 0
0 0.572222 0 0.0194444 0
0 0.572222 0 0.0194444 0
0 0.709722 0 0.0194444 0
0 0.572222 0 0.0194444 0
0 0.572222 0 0.0194444 0
0 0.709722 0 0.0194444 0
0 0.572222 0 0.0194444 0
0 0.572222 0 0.0194444 0
0 0.709722 0 0.0194444 0
0 0.572222 0 0.0194444 0
0 0.709722 0 0.0194444 0
0 0.572222 0 0.0194444 0
0 0.709722 0 0.0194444 0
0 0.572222 0 0.0194444 0
0 0.572222 0 0.0194444 0
0 0.709722 0 0.0194444 0
0 0.572222 0 0.0194444 0
0 0.572222 0 0.0194444 0
0 0.572222 0 0.0194444 0
0 0.709722 0 0.0194444 0
0 0.572222 0 0.0194444 0
0 0.572222 0 0.0194444 0
0 0.709722 0 0.0194444 0
0 0.572222 0 0.0194444 0
0 0.572222 0 0.0194444 0
0 0.709722 0 0.0194444 0
0 0.572222 0 0.0194444 0
0 0.709722 0 0.0194444 0
0 0.572222 0 0.0194444 0
0 0.709722 0 0.0194444 0
0 0.572222 0 0.0194444 0
0 0.572222 0 0.0194444 0
0 0.709722 0 0.0194444 0
0 0.572222 0 0.0194444 0
0 0.572222 0 0.0194444 0
0 0.572222 0 0.0194444 0
0 0.709722 0 0.0194444 0
0 0.572222 0 0.0194444 0
0 0.572222 0 0.0194444 0
0 0.709722 0 0.0194444 0
0 0.572222 0 0.0194444 0
0 0.572222 0 0.0194444 0
0 0.572222 0 0.0194444 0
0 0.572222 0 0.0194444 0
0 0.572222 0 0.0194444 0
0 0.572222 0 0.0194444 0
0 0.709722 0 0.0194444 0
0 0.572222 0 0.0194444 0
0 0.572222 0 0.0194444 0
0 0.572222 0 0.0194444 0
0 0.709722 0 0.0194444 0
0 0.572222 0 0.0194444 0
0 0.572222 0 0.0194444 0
0 0.709722 0 0.0194444 0
0 0.572222 0 0.0194444 0
0 0.709722 0 0.0194444 0
0 0.572222 0 0.0194444 0
0 0.709722 0 0.0194444 0
0 0.572222 0 0.0194444 0
0 0.572222 0 0.0194444 0
0 0.709722 0 0.0194444 0
0 0.572222 0 0.0194444 0
0 0.572222 0 0.0194444 0
0 0.709722 0 0.0194444 0
0 0.572222 0 0.0194444 0
0 0.572222 0 0.0194444 0
0 0.709722 0 0.0194444 0
0 0.572222 0 0.0194444 0
0 0.572222 0 0.0194444 0
0 0.572222 0 0.0194444 0
0 0.709722 0 0.0194444 0
0 0.572222 0 0.0194444 0
0 0.709722 0 0.0194444 0
0 0.572222 0 0.0194444 0
0 0.572222 0 0.0194444 0
0 0.709722 0 0.0194444 0
0 0.572222 0 0.0194444 0
0 0.572222 0 0.0194444 0
0 0.572222 0 0.0194444 0
0 0.709722 0 0.0194444 0
0 0.572222 0 0.0194444 0
0 0.572222 0 0.0194444 0
0 0.709722 0 0.0194444 0
0 0.571528 0 0.0180556 0
0 0.572222 0 0.0194444 0
0 0.709722 0 0.0194444 0
0 0.572222 0 0.0194444 0
0 0.709722 0 0.0194444 0
0 0.572222 0 0.0194444 0
0 0.572222 0 0.0194444 0
0 0.572222 0 0.0194444 0
0 0.709722 0 0.0194444 0
0 0.572222 0 0.0194444 0
0 0.572222 0 0.0194444 0
0 0.709722 0 0.0194444 0
0 0.572222 0 0.0194444 0
0 0.709722 0 0.0194444 0
0 0.572222 0 0.0194444 0
0 0.572222 0 0.0194444 0
0 0.709722 0 0.0194444 0
0 0.572222 0 0.0194444 0
0 0.572222 0 0.0194444 0
0 0.709722 0 0.0194444 0
0 0.572222 0 0.0194444 0
0 0.709722 0 0.0194444 0
0 0.572222 0 0.0194444 0
0 0.709722 0 0.0194444 0
0 0.572222 0 0.0194444 0
0 0.572222 0 0.0194444 0
0 0.709722 0 0.0194444 0
0 0.572222 0 0.0194444 0
0 0.572222 0 0.0194444 0
0 0.709722 0 0.0194444 0
0 0.572222 0 0.0194444 0
0 0.709722 0 0.0194444 0
0 0.572222 0 0.0194444 0
0 0.572222 0 0.0194444 0
0 0.709722 0 0.0194444 0
0 0.572222 0 0.0194444 0
0 0.572222 0 0.0194444 0
0 0.709722 0 0.0194444 0
0 0.572222 0 0.0194444 0
0 0.709722 0 0.0194444 0
0 0.572222 0 0.0194444 0
0 0.572222 0 0.0194444 0
0 0.572222 0 0.0194444 0
0 0.709722 0 0.0194444 0
0 0.572222 0 0.0194444 0
0 0.572222 0 0.0194444 0
0 0.709722 0 0.0194444 0
0 0.572222 0 0.0194444 0
0 0.572222 0 0.0194444 0
0 0.709722 0 0.0194444 0
0 0.571528 0 0.0180556 0
0 0.572222 0 0.0194444 0
0 0.709722 0 0.0194444 0
0 0.572222 0 0.0194444 0
0 0.709722 0 0.0194444 0
0 0.572222 0 0.0194444 0
0 0.572222 0 0.0194444 0
0 0.572222 0 0.0194444 0
0 0.709722 0 0.0194444 0
0 0.572222 0 0.0194444 0
0 0.572222 0 0.0194444 0
0 0.709722 0 0.0194444 0
0 0.572222 0 0.0194444 0
0 0.572222 0 0.0194444 0
0 0.709722 0 0.0194444 0
0 0.572222 0 0.0194444 0
0 0.709722 0 0.0194444 0
0 0.572222 0 0.0194444 0
0 0.572222 0 0.0194444 0
0 0.709722 0 0.0194444 0
0 0.572222 0 0.0194444 0
0 0.572222 0 0.0194444 0
0 0.572222 0 0.0194444 0
0 0.572222 0 0.0194444 0
0 0.709722 0 0.0194444 0
0 0.572222 0 0.0194444 0
0 0.572222 0 0.0194444 0
0 0.709722 0 0.0194444 0
0 0.572222 0 0.0194444 0
0 0.572222 0 0.0194444 0
0 0.709722 0 0.0194444 0
0 0.571528 0 0.0180556 0
0 0.572222 0 0.0194444 0
0 0.709028 0 0.0208333 0
0 0.572222 0 0.0194444 0
0 0.572222 0 0.0194444 0
0 0.572222 0 0.0194444 0
0 0.709722 0 0.0194444 0
0 0.572222 0 0.0194444 0
0 0.572222 0 0.0194444 0
0 0.709722 0 0.0194444 0
0 0.572222 0 0.0194444 0
0 0.572222 0 0.0194444 0
0 0.571528 0 0.0180556 0
0 0.709028 0 0.0180556 0
0 0.571528 0 0.0180556 0
0 0.571528 0 0.0180556 0
0 0.708333 0 0.0166667 0
0 0.571528 0 0.0180556 0
0 0.570833 0 0.0194444 0
0 0.570139 0 0.0180556 0
0 0.465278 0 0.141667 0
0 0.707639 0 0.0152778 0
0 0.707639 0 0.0152778 0
0 0.569444 0 0.0194444 0
0 0.707639 0 0.0152778 0
0 0.569444 0 0.0194444 0
0 0.707639 0 0.0152778 0
0 0.707639 0 0.0152778 0
0 0.465278 0 0.147222 0
0 0.707639 0 0.0152778 0
0 0.463889 0 0.138889 0
0 0.707639 0 0.0152778 0
0 0.706944 0 0.0166667 0
0 0.467361 0 0.109722 0
0 0.464583 0 0.1375 0
0 0.465972 0 0.131944 0
0 0.465972 0 0.129167 0
0 0.463889 0 0.136111 0
0 0.70625 0 0.0152778 0
0 0.46875 0 0.104167 0
0 0.706944 0 0.0166667 0
0 0.706944 0 0.0166667 0
0 0.706944 0 0.0166667 0
0 0.707639 0 0.0152778 0
0 0.707639 0 0.0152778 0
0 0.468056 0 0.102778 0
0 0.707639 0 0.0152778 0
0 0.707639 0 0.0152778 0
0 0.707639 0 0.0152778 0
0 0.707639 0 0.0152778 0
0 0.708333 0 0.0166667 0
0 0.471528 0 0.0986111 0
0 0.708333 0 0.0166667 0
0 0.569444 0 0.0194444 0
0 0.472917 0 0.104167 0
0 0.708333 0 0.0166667 0
0 0.570139 0 0.0180556 0
0 0.472917 0 0.101389 0
0 0.708333 0 0.0166667 0
0 0.708333 0 0.0166667 0
0 0.472917 0 0.101389 0
0 0.570139 0 0.0180556 0
0 0.472222 0 0.0944444 0
0 0.571528 0 0.0180556 0
0 0.708333 0 0.0194444 0
0 0.469444 0 0.130556 0
0 0.570833 0 0.0194444 0
0 0.468056 0 0.138889 0
0 0.571528 0 0.0180556 0
0 0.571528 0 0.0180556 0
0 0.572222 0 0.0166667 0
0 0.571528 0 0.0180556 0
0 0.571528 0 0.0180556 0
0 0.571528 0 0.0180556 0
0 0.467361 0 0.143056 0
0 0.571528 0 0.0180556 0
0 0.571528 0 0.0180556 0
0 0.571528 0 0.0180556 0
0 0.572222 0 0.0194444 0
0 0.572222 0 0.0194444 0
0 0.572222 0 0.0194444 0
0 0.711111 0 0.0194444 0
0 0.572222 0 0.0194444 0
0 0.46875 0.5 0.145833 1
0 0.572917 0 0.0208333 0
0 0.573611 0 0.0194444 0
0 0.574306 0 0.0208333 0
0 0.484028 0 0.0430556 0
0 0.710417 0 0.0180556 0
0 0.572917 0 0.0208333 0
0 0.467361 0.5 0.134722 1
0 0.574306 0 0.0208333 0
0 0.711806 0 0.0180556 0
0 0.574306 0 0.0208333 0
0 0.574306 0 0.0208333 0
0 0.485417 0 0.0402778 0
0 0.574306 0 0.0180556 0
0 0.485417 0 0.0402778 0
0 0.574306 0 0.0180556 0
0 0.574306 0 0.0208333 0
0 0.575 0 0.0194444 0
0 0.575 0 0.0194444 0
0 0.485417 0 0.0402778 0
0 0.575694 0 0.0180556 0
0 0.574306 0 0.0180556 0
0 0.575694 0 0.0180556 0
0 0.575694 0 0.0180556 0
0 0.575694 0 0.0180556 0
0 0.486806 0 0.0402778 0
0 0.575694 0 0.0180556 0
0 0.575694 0 0.0180556 0
0 0.575694 0 0.0180556 0
0 0.575694 0 0.0180556 0
0 0.486806 0 0.0402778 0
0 0.575694 0 0.0180556 0
0 0.575694 0 0.0180556 0
0 0.486806 0 0.0402778 0
0 0.575694 0 0.0180556 0
0 0.575694 0 0.0180556 0
0 0.486806 0 0.0402778 0
0 0.575694 0 0.0180556 0
0 0.575694 0 0.0180556 0
0 0.575694 0 0.0180556 0
0 0.575694 0 0.0180556 0
0 0.575694 0 0.0180556 0
0 0.575694 0 0.0180556 0
0 0.486806 0 0.0402778 0
0 0.575694 0 0.0180556 0
0 0.575694 0 0.0180556 0
0 0.486806 0 0.0402778 0
0 0.575694 0 0.0180556 0
0 0.575694 0 0.0180556 0
0 0.486806 0 0.0402778 0
0 0.575694 0 0.0180556 0
0 0.575694 0 0.0180556 0
0 0.575694 0 0.0180556 0
0 0.575694 0 0.0180556 0
0 0.575694 0 0.0180556 0
0 0.575694 0 0.0180556 0
0 0.486806 0 0.0402778 0
0 0.575694 0 0.0180556 0
0 0.575694 0 0.0180556 0
0 0.486806 0 0.0402778 0
0 0.575694 0 0.0180556 0
0 0.575694 0 0.0180556 0
0 0.486806 0 0.0402778 0
0 0.575694 0 0.0180556 0
0 0.486806 0 0.0402778 0
0 0.575694 0 0.0180556 0
0 0.575694 0 0.0180556 0
0 0.575694 0 0.0180556 0
0 0.575694 0 0.0180556 0
0 0.575694 0 0.0180556 0
0 0.575694 0 0.0180556 0
0 0.486806 0 0.0402778 0
0 0.575694 0 0.0180556 0
0 0.575694 0 0.0180556 0
0 0.486806 0 0.0402778 0
0 0.575694 0 0.0180556 0
0 0.575694 0 0.0180556 0
0 0.486806 0 0.0402778 0
0 0.575694 0 0.0180556 0
0 0.486806 0 0.0402778 0
0 0.575694 0 0.0180556 0
0 0.575694 0 0.0180556 0
0 0.575694 0 0.0180556 0
0 0.575694 0 0.0180556 0
0 0.575694 0 0.0180556 0
0 0.486806 0 0.0402778 0
0 0.575694 0 0.0180556 0
0 0.575694 0 0.0180556 0
0 0.575694 0 0.0180556 0
0 0.575694 0 0.0180556 0
0 0.575694 0 0.0180556 0
0 0.486806 0 0.0402778 0
0 0.575694 0 0.0180556 0
0 0.575694 0 0.0180556 0
0 0.575694 0 0.0180556 0
0 0.575694 0 0.0180556 0
0 0.575694 0 0.0180556 0
0 0.575694 0 0.0180556 0
0 0.486806 0 0.0402778 0
0 0.575694 0 0.0180556 0
0 0.575694 0 0.0180556 0
0 0.575694 0 0.0180556 0
0 0.575694 0 0.0180556 0
0 0.575694 0 0.0180556 0
0 0.575694 0 0.0180556 0
0 0.575694 0 0.0180556 0
0 0.575694 0 0.0180556 0
0 0.575694 0 0.0180556 0
0 0.575694 0 0.0180556 0
0 0.575694 0 0.0180556 0
0 0.486806 0 0.0402778 0
0 0.575694 0 0.0180556 0
0 0.575694 0 0.0180556 0
0 0.575694 0 0.0180556 0
0 0.486806 0 0.0402778 0
0 0.575694 0 0.0180556 0
0 0.575694 0 0.0180556 0
0 0.486806 0 0.0402778 0
0 0.575694 0 0.0180556 0
0 0.486806 0 0.0402778 0
0 0.575694 0 0.0180556 0
0 0.575694 0 0.0180556 0
0 0.575694 0 0.0180556 0
0 0.575694 0 0.0180556 0
0 0.575694 0 0.0180556 0
0 0.575694 0 0.0180556 0
0 0.486806 0 0.0402778 0
0 0.575694 0 0.0180556 0
0 0.575694 0 0.0180556 0
0 0.486806 0 0.0402778 0
0 0.575694 0 0.0180556 0
0 0.575694 0 0.0180556 0
0 0.575694 0 0.0180556 0
0 0.575694 0 0.0180556 0
0 0.575694 0 0.0180556 0
0 0.575694 0 0.0180556 0
0 0.575694 0 0.0180556 0
0 0.575694 0 0.0180556 0
0 0.575694 0 0.0180556 0
0 0.486806 0 0.0402778 0
0 0.575694 0 0.0180556 0
0 0.575694 0 0.0180556 0
0 0.486806 0 0.0402778 0
0 0.575694 0 0.0180556 0
0 0.575694 0 0.0180556 0
0 0.575694 0 0.0180556 0
0 0.486806 0 0.0402778 0
0 0.575694 0 0.0180556 0
0 0.575694 0 0.0180556 0
0 0.575694 0 0.0180556 0
0 0.575694 0 0.0180556 0
0 0.575694 0 0.0180556 0
0 0.575694 0 0.0180556 0
0 0.486806 0 0.0402778 0
0 0.575694 0 0.0180556 0
0 0.575694 0 0.0180556 0
0 0.486806 0 0.0402778 0
0 0.575694 0 0.0180556 0
0 0.486806 0 0.0402778 0
0 0.575694 0 0.0180556 0
0 0.575694 0 0.0180556 0
0 0.486806 0 0.0402778 0
0 0.575694 0 0.0180556 0
0 0.575694 0 0.0180556 0
0 0.575694 0 0.0180556 0
0 0.575694 0 0.0180556 0
0 0.575694 0 0.0180556 0
0 0.575694 0 0.0180556 0
0 0.486806 0 0.0402778 0
0 0.575694 0 0.0180556 0
0 0.575694 0 0.0180556 0
0 0.486806 0 0.0402778 0
0 0.575694 0 0.0180556 0
0 0.575694 0 0.0180556 0
0 0.575694 0 0.0180556 0
0 0.486806 0 0.0402778 0
0 0.575694 0 0.0180556 0
0 0.575694 0 0.0180556 0
0 0.575694 0 0.0180556 0
0 0.575694 0 0.0180556 0
0 0.575694 0 0.0180556 0
0 0.575694 0 0.0180556 0
0 0.486806 0 0.0402778 0
0 0.575694 0 0.0180556 0
0 0.575694 0 0.0180556 0
0 0.486806 0 0.0402778 0
0 0.575694 0 0.0180556 0
0 0.575694 0 0.0180556 0
0 0.486806 0 0.0402778 0
0 0.575694 0 0.0180556 0
0 0.575694 0 0.0180556 0
0 0.575694 0 0.0180556 0
0 0.575694 0 0.0180556 0
0 0.575694 0 0.0180556 0
0 0.575694 0 0.0180556 0
0 0.486806 0 0.0402778 0
0 0.575694 0 0.0180556 0
0 0.575694 0 0.0180556 0
0 0.486806 0 0.0402778 0
0 0.575694 0 0.0180556 0
0 0.486806 0 0.0402778 0
0 0.575694 0 0.0180556 0
0 0.575694 0 0.0180556 0
0 0.575694 0 0.0180556 0
0 0.575694 0 0.0180556 0
0 0.575694 0 0.0180556 0
0 0.575694 0 0.0180556 0
0 0.575694 0 0.0180556 0
0 0.575694 0 0.0180556 0
0 0.486806 0 0.0402778 0
0 0.575694 0 0.0180556 0
0 0.575694 0 0.0180556 0
0 0.575694 0 0.0180556 0
0 0.486806 0 0.0402778 0
0 0.575694 0 0.0180556 0
0 0.575694 0 0.0180556 0
0 0.575694 0 0.0180556 0
0 0.575694 0 0.0180556 0
0 0.575694 0 0.0180556 0
0 0.575694 0 0.0180556 0
0 0.575694 0 0.0180556 0
0 0.575694 0 0.0180556 0
0 0.486806 0 0.0402778 0
0 0.575694 0 0.0180556 0
0 0.486806 0 0.0402778 0
0 0.575694 0 0.0180556 0
0 0.575694 0 0.0180556 0
0 0.486806 0 0.0402778 0
0 0.575694 0 0.0180556 0
0 0.575694 0 0.0180556 0
0 0.575694 0 0.0180556 0
0 0.575694 0 0.0180556 0
0 0.575694 0 0.0180556 0
0 0.575694 0 0.0180556 0
0 0.575694 0 0.0180556 0
0 0.575694 0 0.0180556 0
0 0.575694 0 0.0180556 0
0 0.486806 0 0.0402778 0
0 0.575694 0 0.0180556 0
0 0.575694 0 0.0180556 0
0 0.486806 0 0.0402778 0
0 0.575694 0 0.0180556 0
0 0.575694 0 0.0180556 0
0 0.575694 0 0.0180556 0
0 0.575694 0 0.0180556 0
0 0.575694 0 0.0180556 0
0 0.575694 0 0.0180556 0
0 0.575694 0 0.0180556 0
0 0.575694 0 0.0180556 0
0 0.486806 0 0.0402778 0
0 0.575694 0 0.0180556 0
0 0.486806 0 0.0402778 0
0 0.575694 0 0.0180556 0
0 0.575694 0 0.0180556 0
0 0.486806 0 0.0402778 0
0 0.575694 0 0.0180556 0
0 0.575694 0 0.0180556 0
0 0.575694 0 0.0180556 0
0 0.575694 0 0.0180556 0
0 0.575694 0 0.0180556 0
0 0.575694 0 0.0180556 0
0 0.575694 0 0.0180556 0
0 0.575694 0 0.0180556 0
0 0.575694 0 0.0180556 0
0 0.486806 0 0.0402778 0
0 0.575694 0 0.0180556 0
0 0.575694 0 0.0180556 0
0 0.575694 0 0.0180556 0
0 0.486806 0 0.0402778 0
0 0.575694 0 0.0180556 0
0 0.575694 0 0.0180556 0
0 0.575694 0 0.0180556 0
0 0.575694 0 0.0180556 0
0 0.575694 0 0.0180556 0
0 0.575694 0 0.0180556 0
0 0.575694 0 0.0180556 0
0 0.575694 0 0.0180556 0
0 0.486806 0 0.0402778 0
0 0.575694 0 0.0180556 0
0 0.486806 0 0.0402778 0
0 0.575694 0 0.0180556 0
0 0.575694 0 0.0180556 0
0 0.486806 0 0.0402778 0
0 0.575694 0 0.0180556 0
0 0.575694 0 0.0180556 0
0 0.575694 0 0.0180556 0
0 0.575694 0 0.0180556 0
0 0.575694 0 0.0180556 0
0 0.575694 0 0.0180556 0
0 0.575694 0 0.0180556 0
0 0.575694 0 0.0180556 0
0 0.575694 0 0.0180556 0
0 0.486806 0 0.0402778 0
0 0.575694 0 0.0180556 0
0 0.575694 0 0.0180556 0
0 0.486806 0 0.0402778 0
0 0.575694 0 0.0180556 0
0 0.486806 0 0.0402778 0
0 0.575694 0 0.0180556 0
0 0.575694 0 0.0180556 0
0 0.575694 0 0.0180556 0
0 0.575694 0 0.0180556 0
0 0.575694 0 0.0180556 0
0 0.575694 0 0.0180556 0
0 0.575694 0 0.0180556 0
0 0.575694 0 0.0180556 0
0 0.486806 0 0.0402778 0
0 0.575694 0 0.0180556 0
0 0.575694 0 0.0180556 0
0 0.486806 0 0.0402778 0
0 0.575694 0 0.0180556 0
0 0.486806 0 0.0402778 0
0 0.575694 0 0.0180556 0
0 0.575694 0 0.0180556 0
0 0.575694 0 0.0180556 0
0 0.575694 0 0.0180556 0
0 0.575694 0 0.0180556 0
0 0.575694 0 0.0180556 0
0 0.575694 0 0.0180556 0
0 0.575694 0 0.0180556 0
0 0.486806 0 0.0402778 0
0 0.575694 0 0.0180556 0
0 0.575694 0 0.0180556 0
0 0.575694 0 0.0180556 0
0 0.486806 0 0.0402778 0
0 0.575694 0 0.0180556 0
0 0.575694 0 0.0180556 0
0 0.575694 0 0.0180556 0
0 0.575694 0 0.0180556 0
0 0.575694 0 0.0180556 0
0 0.575694 0 0.0180556 0
0 0.575694 0 0.0180556 0
0 0.575694 0 0.0180556 0
0 0.486806 0 0.0402778 0
0 0.575694 0 0.0180556 0
0 0.575694 0 0.0180556 0
0 0.486806 0 0.0402778 0
0 0.575694 0 0.0180556 0
0 0.575694 0 0.0180556 0
0 0.575694 0 0.0180556 0
0 0.575694 0 0.0180556 0
0 0.575694 0 0.0180556 0
0 0.575694 0 0.0180556 0
0 0.575694 0 0.0180556 0
0 0.575694 0 0.0180556 0
0 0.575694 0 0.0180556 0
0 0.486806 0 0.0402778 0
0 0.575694 0 0.0180556 0
0 0.486806 0 0.0402778 0
0 0.575694 0 0.0180556 0
0 0.575694 0 0.0180556 0
0 0.486806 0 0.0402778 0
0 0.575694 0 0.0180556 0
0 0.575694 0 0.0180556 0
0 0.575694 0 0.0180556 0
0 0.575694 0 0.0180556 0
0 0.575694 0 0.0180556 0
0 0.486806 0 0.0402778 0
0 0.575694 0 0.0180556 0
0 0.575694 0 0.0180556 0
0 0.486806 0 0.0402778 0
0 0.575694 0 0.0180556 0
0 0.575694 0 0.0180556 0
0 0.486806 0 0.0402778 0
0 0.575694 0 0.0180556 0
0 0.575694 0 0.0180556 0
0 0.575694 0 0.0180556 0
0 0.575694 0 0.0180556 0
0 0.575694 0 0.0180556 0
0 0.486806 0 0.0402778 0
0 0.575694 0 0.0180556 0
0 0.575694 0 0.0180556 0
0 0.486806 0 0.0402778 0
0 0.575694 0 0.0180556 0
0 0.575694 0 0.0180556 0
0 0.486806 0 0.0402778 0
0 0.575694 0 0.0180556 0
0 0.486806 0 0.0402778 0
0 0.575694 0 0.0180556 0
0 0.575694 0 0.0180556 0
0 0.575694 0 0.0180556 0
0 0.575694 0 0.0180556 0
0 0.575694 0 0.0180556 0
0 0.486806 0 0.0402778 0
0 0.575694 0 0.0180556 0
0 0.575694 0 0.0180556 0
0 0.486806 0 0.0402778 0
0 0.575694 0 0.0180556 0
0 0.575694 0 0.0180556 0
0 0.486806 0 0.0402778 0
0 0.575694 0 0.0180556 0
0 0.575694 0 0.0180556 0
0 0.575694 0 0.0180556 0
0 0.575694 0 0.0180556 0
0 0.575694 0 0.0180556 0
0 0.575694 0 0.0180556 0
0 0.486806 0 0.0402778 0
0 0.575694 0 0.0180556 0
0 0.575694 0 0.0180556 0
0 0.486806 0 0.0402778 0
0 0.575694 0 0.0180556 0
0 0.575694 0 0.0180556 0
0 0.486806 0 0.0402778 0
0 0.575694 0 0.0180556 0
0 0.575694 0 0.0180556 0
0 0.575694 0 0.0180556 0
0 0.575694 0 0.0180556 0
0 0.575694 0 0.0180556 0
0 0.575694 0 0.0180556 0
0 0.486806 0 0.0402778 0
0 0.575694 0 0.0180556 0
0 0.575694 0 0.0180556 0
0 0.486806 0 0.0402778 0
0 0.575694 0 0.0180556 0
0 0.575694 0 0.0180556 0
0 0.486806 0 0.0402778 0
0 0.575694 0 0.0180556 0
0 0.575694 0 0.0180556 0
0 0.575694 0 0.0180556 0
0 0.575694 0 0.0180556 0
0 0.575694 0 0.0180556 0
0 0.575694 0 0.0180556 0
0 0.486806 0 0.0402778 0
0 0.575694 0 0.0180556 0
0 0.575694 0 0.0180556 0
0 0.486806 0 0.0402778 0
0 0.575694 0 0.0180556 0
0 0.575694 0 0.0180556 0
0 0.575694 0 0.0180556 0
0 0.486806 0 0.0402778 0
0 0.575694 0 0.0180556 0
0 0.575694 0 0.0180556 0
0 0.575694 0 0.0180556 0
0 0.575694 0 0.0180556 0
0 0.575694 0 0.0180556 0
0 0.486806 0 0.0402778 0
0 0.575694 0 0.0180556 0
0 0.486806 0 0.0402778 0
0 0.575694 0 0.0180556 0
0 0.575694 0 0.0180556 0
0 0.463889 0.5 0.141667 1
0 0.486806 0 0.0402778 0
0 0.575694 0 0.0180556 0
0 0.575694 0 0.0180556 0
0 0.463194 0.5 0.143056 1
0 0.486806 0 0.0402778 0
0 0.575694 0 0.0180556 0
0 0.575694 0 0.0180556 0
0 0.463194 0.5 0.140278 1
0 0.575694 0 0.0180556 0
0 0.575694 0 0.0180556 0
0 0.575694 0 0.0180556 0
0 0.486806 0 0.0402778 0
0 0.575694 0 0.0180556 0
0 0.575694 0 0.0180556 0
0 0.463889 0.5 0.141667 1
0 0.486806 0 0.0402778 0
0 0.575694 0 0.0180556 0
0 0.575694 0 0.0180556 0
0 0.575694 0 0.0180556 0
0 0.463194 0.5 0.143056 1
0 0.486806 0 0.0402778 0
0 0.575694 0 0.0180556 0
0 0.575694 0 0.0180556 0
0 0.463194 0.5 0.143056 1
0 0.575694 0 0.0180556 0
0 0.575694 0 0.0180556 0
0 0.575694 0 0.0180556 0
0 0.575694 0 0.0180556 0
0 0.486806 0 0.0402778 0
0 0.575694 0 0.0180556 0
0 0.575694 0 0.0180556 0
0 0.463194 0.5 0.143056 1
0 0.486806 0 0.0402778 0
0 0.575694 0 0.0180556 0
0 0.463194 0.5 0.143056 1
0 0.486806 0 0.0402778 0
0 0.575694 0 0.0180556 0
0 0.575694 0 0.0180556 0
0 0.463194 0.5 0.143056 1
0 0.486806 0 0.0402778 0
0 0.575694 0 0.0180556 0
0 0.575694 0 0.0180556 0
0 0.575694 0 0.0180556 0
0 0.575694 0 0.0180556 0
0 0.575694 0 0.0180556 0
0 0.575694 0 0.0180556 0
0 0.486806 0 0.0402778 0
0 0.575694 0 0.0180556 0
0 0.575694 0 0.0180556 0
0 0.575694 0 0.0180556 0
0 0.463194 0.5 0.143056 1
0 0.486806 0 0.0402778 0
0 0.575694 0 0.0180556 0
0 0.575694 0 0.0180556 0
0 0.463889 0.5 0.141667 1
0 0.486806 0 0.0402778 0
0 0.575694 0 0.0180556 0
0 0.575694 0 0.0180556 0
0 0.575694 0 0.0180556 0
0 0.575694 0 0.0180556 0
0 0.575694 0 0.0180556 0
0 0.575694 0 0.0180556 0
0 0.486806 0 0.0402778 0
0 0.575694 0 0.0180556 0
0 0.486806 0 0.0402778 0
0 0.575694 0 0.0180556 0
0 0.575694 0 0.0180556 0
0 0.486806 0 0.0402778 0
0 0.575694 0 0.0180556 0
0 0.575694 0 0.0180556 0
0 0.486806 0 0.0402778 0
0 0.575694 0 0.0180556 0
0 0.486806 0 0.0402778 0
0 0.575694 0 0.0180556 0
0 0.575694 0 0.0180556 0
0 0.575694 0 0.0180556 0
0 0.575694 0 0.0180556 0
0 0.575694 0 0.0180556 0
0 0.575694 0 0.0180556 0
0 0.486806 0 0.0402778 0
0 0.575694 0 0.0180556 0
0 0.575694 0 0.0180556 0
0 0.486806 0 0.0402778 0
0 0.575694 0 0.0180556 0
0 0.486806 0 0.0402778 0
0 0.575694 0 0.0180556 0
0 0.575694 0 0.0180556 0
0 0.575694 0 0.0180556 0
0 0.575694 0 0.0180556 0
0 0.575694 0 0.0180556 0
0 0.575694 0 0.0180556 0
0 0.575694 0 0.0180556 0
0 0.575694 0 0.0180556 0
0 0.486806 0 0.0402778 0
0 0.575694 0 0.0180556 0
0 0.486806 0 0.0402778 0
0 0.575694 0 0.0180556 0
0 0.575694 0 0.0180556 0
0 0.486806 0 0.0402778 0
0 0.575694 0 0.0180556 0
0 0.575694 0 0.0180556 0
0 0.575694 0 0.0180556 0
0 0.486806 0 0.0402778 0
0 0.575694 0 0.0180556 0
0 0.575694 0 0.0180556 0
0 0.575694 0 0.0180556 0
0 0.575694 0 0.0180556 0
0 0.575694 0 0.0180556 0
0 0.575694 0 0.0180556 0
0 0.486806 0 0.0402778 0
0 0.575694 0 0.0180556 0
0 0.575694 0 0.0180556 0
0 0.575694 0 0.0180556 0
0 0.463194 0.5 0.140278 1
0 0.486806 0 0.0402778 0
0 0.575694 0 0.0180556 0
0 0.575694 0 0.0180556 0
0 0.486806 0 0.0402778 0
0 0.463194 0.5 0.140278 1
0 0.575694 0 0.0180556 0
0 0.486806 0 0.0402778 0
0 0.463194 0.5 0.140278 1
0 0.575694 0 0.0180556 0
0 0.575694 0 0.0180556 0
0 0.463194 0.5 0.143056 1
0 0.575694 0 0.0180556 0
0 0.575694 0 0.0180556 0
0 0.463194 0.5 0.143056 1
0 0.575694 0 0.0180556 0
0 0.486806 0 0.0402778 0
0 0.575694 0 0.0180556 0
0 0.486806 0 0.0402778 0
0 0.575694 0 0.0180556 0
0 0.463194 0.5 0.143056 1
0 0.575694 0 0.0180556 0
0 0.463194 0.5 0.140278 1
0 0.486806 0 0.0402778 0
0 0.575694 0 0.0180556 0
0 0.575694 0 0.0180556 0
0 0.575694 0 0.0180556 0
0 0.463194 0.5 0.140278 1
0 0.575694 0 0.0180556 0
0 0.575694 0 0.0180556 0
0 0.463194 0.5 0.140278 1
0 0.575694 0 0.0180556 0
0 0.575694 0 0.0180556 0
0 0.575694 0 0.0180556 0
0 0.463194 0.5 0.140278 1
0 0.575694 0 0.0180556 0
0 0.486806 0 0.0402778 0
0 0.575694 0 0.0180556 0
0 0.463194 0.5 0.143056 1
0 0.575694 0 0.0180556 0
0 0.463194 0.5 0.140278 1
0 0.486806 0 0.0402778 0
0 0.575694 0 0.0180556 0
0 0.575694 0 0.0180556 0
0 0.575694 0 0.0180556 0
0 0.463194 0.5 0.140278 1
0 0.486806 0 0.0402778 0
0 0.575694 0 0.0180556 0
0 0.575694 0 0.0180556 0
0 0.463194 0.5 0.140278 1
0 0.575694 0 0.0180556 0
0 0.463194 0.5 0.140278 1
0 0.575694 0 0.0180556 0
0 0.575694 0 0.0180556 0
0 0.463194 0.5 0.140278 1
0 0.575694 0 0.0180556 0
0 0.486806 0 0.0402778 0
0 0.575694 0 0.0180556 0
0 0.575694 0 0.0180556 0
0 0.575694 0 0.0180556 0
0 0.463194 0.5 0.140278 1
0 0.486806 0 0.0402778 0
0 0.575694 0 0.0180556 0
0 0.575694 0 0.0180556 0
0 0.486806 0 0.0402778 0
0 0.575694 0 0.0180556 0
0 0.486806 0 0.0402778 0
0 0.575694 0 0.0180556 0
0 0.575694 0 0.0180556 0
0 0.575694 0 0.0180556 0
0 0.575694 0 0.0180556 0
0 0.575694 0 0.0180556 0
0 0.575694 0 0.0180556 0
0 0.486806 0 0.0402778 0
0 0.575694 0 0.0180556 0
0 0.575694 0 0.0180556 0
0 0.463194 0.5 0.140278 1
0 0.486806 0 0.0402778 0
0 0.575694 0 0.0180556 0
0 0.575694 0 0.0180556 0
0 0.575694 0 0.0180556 0
0 0.463194 0.5 0.140278 1
0 0.486806 0 0.0402778 0
0 0.575694 0 0.0180556 0
0 0.575694 0 0.0180556 0
0 0.463194 0.5 0.140278 1
0 0.575694 0 0.0180556 0
0 0.575694 0 0.0180556 0
0 0.575694 0 0.0180556 0
0 0.575694 0 0.0180556 0
0 0.486806 0 0.0402778 0
0 0.575694 0 0.0180556 0
0 0.575694 0 0.0180556 0
0 0.463889 0.5 0.141667 1
0 0.486806 0 0.0402778 0
0 0.575694 0 0.0180556 0
0 0.463889 0.5 0.141667 1
0 0.486806 0 0.0402778 0
0 0.575694 0 0.0180556 0
0 0.575694 0 0.0180556 0
0 0.463889 0.5 0.141667 1
0 0.486806 0 0.0402778 0
0 0.575694 0 0.0180556 0
0 0.575694 0 0.0180556 0
0 0.575694 0 0.0180556 0
0 0.463194 0.5 0.143056 1
0 0.575694 0 0.0180556 0
0 0.575694 0 0.0180556 0
0 0.575694 0 0.0180556 0
0 0.486806 0 0.0402778 0
0 0.575694 0 0.0180556 0
0 0.486806 0 0.0402778 0
0 0.575694 0 0.0180556 0
0 0.575694 0 0.0180556 0
0 0.463889 0.5 0.141667 1
0 0.486806 0 0.0402778 0
0 0.575694 0 0.0180556 0
0 0.575694 0 0.0180556 0
0 0.486806 0 0.0402778 0
0 0.463889 0.5 0.141667 1
0 0.575694 0 0.0180556 0
0 0.575694 0 0.0180556 0
0 0.463194 0.5 0.143056 1
0 0.575694 0 0.0180556 0
0 0.575694 0 0.0180556 0
0 0.575694 0 0.0180556 0
0 0.486806 0 0.0402778 0
0 0.575694 0 0.0180556 0
0 0.575694 0 0.0180556 0
0 0.575694 0 0.0180556 0
0 0.463889 0.5 0.141667 1
0 0.486806 0 0.0402778 0
0 0.575694 0 0.0180556 0
0 0.575694 0 0.0180556 0
0 0.463889 0.5 0.141667 1
0 0.486806 0 0.0402778 0
0 0.575694 0 0.0180556 0
0 0.575694 0 0.0180556 0
0 0.575694 0 0.0180556 0
0 0.575694 0 0.0180556 0
0 0.575694 0 0.0180556 0
0 0.575694 0 0.0180556 0
0 0.486806 0 0.0402778 0
0 0.575694 0 0.0180556 0
0 0.575694 0 0.0180556 0
0 0.575694 0 0.0180556 0
0 0.463194 0.5 0.140278 1
0 0.486806 0 0.0402778 0
0 0.575694 0 0.0180556 0
0 0.575694 0 0.0180556 0
0 0.463194 0.5 0.143056 1
0 0.486806 0 0.0402778 0
0 0.575694 0 0.0180556 0
0 0.575694 0 0.0180556 0
0 0.575694 0 0.0180556 0
0 0.575694 0 0.0180556 0
0 0.575694 0 0.0180556 0
0 0.575694 0 0.0180556 0
0 0.486806 0 0.0402778 0
0 0.575694 0 0.0180556 0
0 0.575694 0 0.0180556 0
0 0.463194 0.5 0.143056 1
0 0.486806 0 0.0402778 0
0 0.575694 0 0.0180556 0
0 0.575694 0 0.0180556 0
0 0.486806 0 0.0402778 0
0 0.575694 0 0.0180556 0
0 0.486806 0 0.0402778 0
0 0.575694 0 0.0180556 0
0 0.575694 0 0.0180556 0
0 0.575694 0 0.0180556 0
0 0.575694 0 0.0180556 0
0 0.575694 0 0.0180556 0
0 0.486806 0 0.0402778 0
0 0.575694 0 0.0180556 0
0 0.575694 0 0.0180556 0
0 0.575694 0 0.0180556 0
0 0.486806 0 0.0402778 0
0 0.575694 0 0.0180556 0
0 0.575694 0 0.0180556 0
0 0.486806 0 0.0402778 0
0 0.575694 0 0.0180556 0
0 0.575694 0 0.0180556 0
0 0.575694 0 0.0180556 0
0 0.575694 0 0.0180556 0
0 0.575694 0 0.0180556 0
0 0.575694 0 0.0180556 0
0 0.486806 0 0.0402778 0
0 0.575694 0 0.0180556 0
0 0.486806 0 0.0402778 0
0 0.575694 0 0.0180556 0
0 0.575694 0 0.0180556 0
0 0.486806 0 0.0402778 0
0 0.575694 0 0.0180556 0
0 0.575694 0 0.0180556 0
0 0.486806 0 0.0402778 0
0 0.575694 0 0.0180556 0
0 0.486806 0 0.0402778 0
0 0.575694 0 0.0180556 0
0 0.575694 0 0.0180556 0
0 0.575694 0 0.0180556 0
0 0.575694 0 0.0180556 0
0 0.575694 0 0.0180556 0
0 0.575694 0 0.0180556 0
0 0.486806 0 0.0402778 0
0 0.575694 0 0.0180556 0
0 0.575694 0 0.0180556 0
0 0.486806 0 0.0402778 0
0 0.575694 0 0.0180556 0
0 0.486806 0 0.0402778 0
0 0.575694 0 0.0180556 0
0 0.575694 0 0.0180556 0
0 0.486806 0 0.0402778 0
0 0.575694 0 0.0180556 0
0 0.575694 0 0.0180556 0
0 0.575694 0 0.0180556 0
0 0.575694 0 0.0180556 0
0 0.575694 0 0.0180556 0
0 0.575694 0 0.0180556 0
0 0.486806 0 0.0402778 0
0 0.575694 0 0.0180556 0
0 0.575694 0 0.0180556 0
0 0.486806 0 0.0402778 0
0 0.575694 0 0.0180556 0
0 0.486806 0 0.0402778 0
0 0.575694 0 0.0180556 0
0 0.575694 0 0.0180556 0
0 0.486806 0 0.0402778 0
0 0.575694 0 0.0180556 0
0 0.575694 0 0.0180556 0
0 0.575694 0 0.0180556 0
0 0.575694 0 0.0180556 0
0 0.575694 0 0.0180556 0
0 0.575694 0 0.0180556 0
0 0.486806 0 0.0402778 0
0 0.575694 0 0.0180556 0
0 0.486806 0 0.0402778 0
0 0.575694 0 0.0180556 0
0 0.575694 0 0.0180556 0
0 0.486806 0 0.0402778 0
0 0.575694 0 0.0180556 0
0 0.575694 0 0.0180556 0
0 0.575694 0 0.0180556 0
0 0.486806 0 0.0402778 0
0 0.575694 0 0.0180556 0
0 0.575694 0 0.0180556 0
0 0.575694 0 0.0180556 0
0 0.575694 0 0.0180556 0
0 0.575694 0 0.0180556 0
0 0.575694 0 0.0180556 0
0 0.486806 0 0.0402778 0
0 0.575694 0 0.0180556 0
0 0.575694 0 0.0180556 0
0 0.575694 0 0.0180556 0
0 0.486806 0 0.0402778 0
0 0.575694 0 0.0180556 0
0 0.575694 0 0.0180556 0
0 0.575694 0 0.0180556 0
0 0.575694 0 0.0180556 0
0 0.575694 0 0.0180556 0
0 0.575694 0 0.0180556 0
0 0.575694 0 0.0180556 0
0 0.575694 0 0.0180556 0
0 0.575694 0 0.0180556 0
0 0.486806 0 0.0402778 0
0 0.575694 0 0.0180556 0
0 0.575694 0 0.0180556 0
0 0.486806 0 0.0402778 0
0 0.575694 0 0.0180556 0
0 0.486806 0 0.0402778 0
0 0.575694 0 0.0180556 0
0 0.575694 0 0.0180556 0
0 0.575694 0 0.0180556 0
0 0.575694 0 0.0180556 0
0 0.575694 0 0.0180556 0
0 0.575694 0 0.0180556 0
0 0.575694 0 0.0180556 0
0 0.575694 0 0.0180556 0
0 0.575694 0 0.0180556 0
0 0.486806 0 0.0402778 0
0 0.575694 0 0.0180556 0
0 0.575694 0 0.0180556 0
0 0.486806 0 0.0402778 0
0 0.575694 0 0.0180556 0
0 0.575694 0 0.0180556 0
0 0.575694 0 0.0180556 0
0 0.575694 0 0.0180556 0
0 0.575694 0 0.0180556 0
0 0.575694 0 0.0180556 0
0 0.575694 0 0.0180556 0
0 0.575694 0 0.0180556 0
0 0.575694 0 0.0180556 0
0 0.486806 0 0.0402778 0
0 0.575694 0 0.0180556 0
0 0.486806 0 0.0402778 0
0 0.575694 0 0.0180556 0
0 0.575694 0 0.0180556 0
0 0.463889 0.5 0.141667 1
0 0.486806 0 0.0402778 0
0 0.575694 0 0.0180556 0
0 0.575694 0 0.0180556 0
0 0.463889 0.5 0.141667 1
0 0.575694 0 0.0180556 0
0 0.463889 0.5 0.141667 1
0 0.575694 0 0.0180556 0
0 0.575694 0 0.0180556 0
0 0.463194 0.5 0.140278 1
0 0.575694 0 0.0180556 0
0 0.575694 0 0.0180556 0
0 0.575694 0 0.0180556 0
0 0.575694 0 0.0180556 0
0 0.486806 0 0.0402778 0
0 0.575694 0 0.0180556 0
0 0.486806 0 0.0402778 0
0 0.575694 0 0.0180556 0
0 0.575694 0 0.0180556 0
0 0.575694 0 0.0180556 0
0 0.575694 0 0.0180556 0
0 0.575694 0 0.0180556 0
0 0.575694 0 0.0180556 0
0 0.463194 0.5 0.143056 1
0 0.486806 0 0.0402778 0
0 0.575694 0 0.0180556 0
0 0.575694 0 0.0180556 0
0 0.575694 0 0.0180556 0
0 0.463194 0.5 0.140278 1
0 0.486806 0 0.0402778 0
0 0.575694 0 0.0180556 0
0 0.575694 0 0.0180556 0
0 0.463194 0.5 0.143056 1
0 0.486806 0 0.0402778 0
0 0.575694 0 0.0180556 0
0 0.463194 0.5 0.143056 1
0 0.486806 0 0.0402778 0
0 0.575694 0 0.0180556 0
0 0.575694 0 0.0180556 0
0 0.575694 0 0.0180556 0
0 0.575694 0 0.0180556 0
0 0.575694 0 0.0180556 0
0 0.575694 0 0.0180556 0
0 0.463194 0.5 0.143056 1
0 0.486806 0 0.0402778 0
0 0.575694 0 0.0180556 0
0 0.575694 0 0.0180556 0
0 0.575694 0 0.0180556 0
0 0.463194 0.5 0.140278 1
0 0.486806 0 0.0402778 0
0 0.575694 0 0.0180556 0
0 0.575694 0 0.0180556 0
0 0.463194 0.5 0.143056 1
0 0.486806 0 0.0402778 0
0 0.575694 0 0.0180556 0
0 0.575694 0 0.0180556 0
0 0.575694 0 0.0180556 0
0 0.575694 0 0.0180556 0
0 0.575694 0 0.0180556 0
0 0.575694 0 0.0180556 0
0 0.575694 0 0.0180556 0
0 0.463194 0.5 0.143056 1
0 0.486806 0 0.0402778 0
0 0.575694 0 0.0180556 0
0 0.575694 0 0.0180556 0
0 0.575694 0 0.0180556 0
0 0.463194 0.5 0.140278 1
0 0.486806 0 0.0402778 0
0 0.575694 0 0.0180556 0
0 0.575694 0 0.0180556 0
0 0.463194 0.5 0.143056 1
0 0.486806 0 0.0402778 0
0 0.575694 0 0.0180556 0
0 0.575694 0 0.0180556 0
0 0.575694 0 0.0180556 0
0 0.575694 0 0.0180556 0
0 0.575694 0 0.0180556 0
0 0.575694 0 0.0180556 0
0 0.575694 0 0.0180556 0
0 0.463194 0.5 0.143056 1
0 0.486806 0 0.0402778 0
0 0.575694 0 0.0180556 0
0 0.575694 0 0.0180556 0
0 0.463194 0.5 0.140278 1
0 0.486806 0 0.0402778 0
0 0.575694 0 0.0180556 0
0 0.463194 0.5 0.140278 1
0 0.486806 0 0.0402778 0
0 0.575694 0 0.0180556 0
0 0.575694 0 0.0180556 0
0 0.463194 0.5 0.143056 1
0 0.486806 0 0.0402778 0
0 0.575694 0 0.0180556 0
0 0.575694 0 0.0180556 0
0 0.575694 0 0.0180556 0
0 0.575694 0 0.0180556 0
0 0.575694 0 0.0180556 0
0 0.575694 0 0.0180556 0
0 0.575694 0 0.0180556 0
0 0.463194 0.5 0.143056 1
0 0.486806 0 0.0402778 0
0 0.575694 0 0.0180556 0
0 0.575694 0 0.0180556 0
0 0.463194 0.5 0.140278 1
0 0.486806 0 0.0402778 0
0 0.575694 0 0.0180556 0
0 0.575694 0 0.0180556 0
0 0.575694 0 0.0180556 0
0 0.463194 0.5 0.143056 1
0 0.486806 0 0.0402778 0
0 0.575694 0 0.0180556 0
0 0.575694 0 0.0180556 0
0 0.575694 0 0.0180556 0
0 0.575694 0 0.0180556 0
0 0.575694 0 0.0180556 0
0 0.575694 0 0.0180556 0
0 0.463194 0.5 0.143056 1
0 0.486806 0 0.0402778 0
0 0.575694 0 0.0180556 0
0 0.463194 0.5 0.143056 1
0 0.486806 0 0.0402778 0
0 0.575694 0 0.0180556 0
0 0.575694 0 0.0180556 0
0 0.463194 0.5 0.140278 1
0 0.486806 0 0.0402778 0
0 0.575694 0 0.0180556 0
0 0.575694 0 0.0180556 0
0 0.463194 0.5 0.143056 1
0 0.486806 0 0.0402778 0
0 0.575694 0 0.0180556 0
0 0.463194 0.5 0.143056 1
0 0.486806 0 0.0402778 0
0 0.575694 0 0.0180556 0
0 0.575694 0 0.0180556 0
0 0.575694 0 0.0180556 0
0 0.575694 0 0.0180556 0
0 0.575694 0 0.0180556 0
0 0.575694 0 0.0180556 0
0 0.463194 0.5 0.143056 1
0 0.486806 0 0.0402778 0
0 0.575694 0 0.0180556 0
0 0.575694 0 0.0180556 0
0 0.575694 0 0.0180556 0
0 0.463194 0.5 0.140278 1
0 0.486806 0 0.0402778 0
0 0.575694 0 0.0180556 0
0 0.575694 0 0.0180556 0
0 0.463194 0.5 0.143056 1
0 0.486806 0 0.0402778 0
0 0.575694 0 0.0180556 0
0 0.463194 0.5 0.143056 1
0 0.486806 0 0.0402778 0
0 0.575694 0 0.0180556 0
0 0.575694 0 0.0180556 0
0 0.575694 0 0.0180556 0
0 0.575694 0 0.0180556 0
0 0.575694 0 0.0180556 0
0 0.575694 0 0.0180556 0
0 0.463194 0.5 0.143056 1
0 0.486806 0 0.0402778 0
0 0.575694 0 0.0180556 0
0 0.575694 0 0.0180556 0
0 0.575694 0 0.0180556 0
0 0.463889 0.5 0.141667 1
0 0.486806 0 0.0402778 0
0 0.575694 0 0.0180556 0
0 0.575694 0 0.0180556 0
0 0.463194 0.5 0.143056 1
0 0.486806 0 0.0402778 0
0 0.575694 0 0.0180556 0
0 0.463194 0.5 0.143056 1
0 0.486806 0 0.0402778 0
0 0.575694 0 0.0180556 0
0 0.575694 0 0.0180556 0
0 0.575694 0 0.0180556 0
0 0.575694 0 0.0180556 0
0 0.575694 0 0.0180556 0
0 0.575694 0 0.0180556 0
0 0.463194 0.5 0.143056 1
0 0.486806 0 0.0402778 0
0 0.575694 0 0.0180556 0
0 0.463194 0.5 0.143056 1
0 0.486806 0 0.0402778 0
0 0.575694 0 0.0180556 0
0 0.575694 0 0.0180556 0
0 0.463889 0.5 0.141667 1
0 0.486806 0 0.0402778 0
0 0.575694 0 0.0180556 0
0 0.575694 0 0.0180556 0
0 0.575694 0 0.0180556 0
0 0.463194 0.5 0.143056 1
0 0.486806 0 0.0402778 0
0 0.575694 0 0.0180556 0
0 0.575694 0 0.0180556 0
0 0.575694 0 0.0180556 0
0 0.575694 0 0.0180556 0
0 0.575694 0 0.0180556 0
0 0.575694 0 0.0180556 0
0 0.575694 0 0.0180556 0
0 0.463194 0.5 0.143056 1
0 0.486806 0 0.0402778 0
0 0.575694 0 0.0180556 0
0 0.575694 0 0.0180556 0
0 0.463889 0.5 0.141667 1
0 0.486806 0 0.0402778 0
0 0.575694 0 0.0180556 0
0 0.575694 0 0.0180556 0
0 0.575694 0 0.0180556 0
0 0.463194 0.5 0.143056 1
0 0.486806 0 0.0402778 0
0 0.575694 0 0.0180556 0
0 0.575694 0 0.0180556 0
0 0.575694 0 0.0180556 0
0 0.575694 0 0.0180556 0
0 0.575694 0 0.0180556 0
