0 0.453472 0 0.0236111 0
0 0.453472 0 0.0236111 0
0 0.453472 0 0.0236111 0
0 0.453472 0 0.0236111 0
0 0.453472 0 0.0236111 0
0 0.453472 0 0.0236111 0
0 0.453472 0 0.0236111 0
0 0.453472 0 0.0236111 0
0 0.453472 0 0.0236111 0
0 0.453472 0 0.0236111 0
0 0.453472 0 0.0236111 0
0 0.453472 0 0.0236111 0
0 0.453472 0 0.0236111 0
0 0.453472 0 0.0236111 0
0 0.453472 0 0.0236111 0
0 0.453472 0 0.0236111 0
0 0.453472 0 0.0236111 0
0 0.453472 0 0.0236111 0
0 0.453472 0 0.0236111 0
0 0.453472 0 0.0236111 0
0 0.453472 0 0.0236111 0
0 0.453472 0 0.0236111 0
0 0.453472 0 0.0236111 0
0 0.453472 0 0.0236111 0
0 0.453472 0 0.0236111 0
0 0.453472 0 0.0236111 0
0 0.453472 0 0.0236111 0
0 0.453472 0 0.0236111 0
0 0.453472 0 0.0236111 0
0 0.453472 0 0.0236111 0
0 0.453472 0 0.0236111 0
0 0.453472 0 0.0236111 0
0 0.453472 0 0.0236111 0
0 0.453472 0 0.0236111 0
0 0.453472 0 0.0236111 0
0 0.453472 0 0.0236111 0
0 0.453472 0 0.0236111 0
0 0.453472 0 0.0236111 0
0 0.453472 0 0.0236111 0
0 0.453472 0 0.0236111 0
0 0.453472 0 0.0236111 0
0 0.453472 0 0.0236111 0
0 0.453472 0 0.0236111 0
0 0.453472 0 0.0236111 0
0 0.453472 0 0.0236111 0
0 0.453472 0 0.0236111 0
0 0.453472 0 0.0236111 0
0 0.453472 0 0.0236111 0
0 0.453472 0 0.0236111 0
0 0.453472 0 0.0236111 0
0 0.453472 0 0.0236111 0
0 0.453472 0 0.0236111 0
0 0.453472 0 0.0236111 0
0 0.453472 0 0.0236111 0
0 0.453472 0 0.0236111 0
0 0.453472 0 0.0236111 0
0 0.453472 0 0.0236111 0
0 0.453472 0 0.0236111 0
0 0.453472 0 0.0236111 0
0 0.453472 0 0.0236111 0
0 0.453472 0 0.0236111 0
0 0.453472 0 0.0236111 0
0 0.453472 0 0.0236111 0
0 0.453472 0 0.0236111 0
0 0.453472 0 0.0236111 0
0 0.453472 0 0.0236111 0
0 0.453472 0 0.0236111 0
0 0.453472 0 0.0236111 0
0 0.453472 0 0.0236111 0
0 0.453472 0 0.0236111 0
0 0.453472 0 0.0236111 0
0 0.453472 0 0.0236111 0
0 0.453472 0 0.0236111 0
0 0.453472 0 0.0236111 0
0 0.453472 0 0.0236111 0
0 0.453472 0 0.0236111 0
0 0.453472 0 0.0236111 0
0 0.453472 0 0.0236111 0
0 0.453472 0 0.0236111 0
0 0.453472 0 0.0236111 0
0 0.453472 0 0.0236111 0
0 0.453472 0 0.0236111 0
0 0.453472 0 0.0236111 0
0 0.453472 0 0.0236111 0
0 0.453472 0 0.0236111 0
0 0.453472 0 0.0236111 0
0 0.453472 0 0.0236111 0
0 0.453472 0 0.0236111 0
0 0.453472 0 0.0236111 0
0 0.453472 0 0.0236111 0
0 0.453472 0 0.0236111 0
0 0.453472 0 0.0236111 0
0 0.453472 0 0.0236111 0
0 0.453472 0 0.0236111 0
0 0.453472 0 0.0236111 0
0 0.453472 0 0.0236111 0
0 0.453472 0 0.0236111 0
0 0.453472 0 0.0236111 0
0 0.453472 0 0.0236111 0
0 0.453472 0 0.0236111 0
0 0.453472 0 0.0236111 0
0 0.453472 0 0.0236111 0
0 0.453472 0 0.0236111 0
0 0.453472 0 0.0236111 0
0 0.453472 0 0.0236111 0
0 0.453472 0 0.0236111 0
0 0.453472 0 0.0236111 0
0 0.453472 0 0.0236111 0
0 0.453472 0 0.0236111 0
0 0.453472 0 0.0236111 0
0 0.453472 0 0.0236111 0
0 0.453472 0 0.0236111 0
0 0.453472 0 0.0236111 0
0 0.453472 0 0.0236111 0
0 0.453472 0 0.0236111 0
0 0.453472 0 0.0236111 0
0 0.453472 0 0.0236111 0
0 0.453472 0 0.0236111 0
0 0.453472 0 0.0236111 0
0 0.453472 0 0.0236111 0
0 0.453472 0 0.0236111 0
0 0.453472 0 0.0236111 0
0 0.453472 0 0.0236111 0
0 0.453472 0 0.0236111 0
0 0.453472 0 0.0236111 0
0 0.453472 0 0.0236111 0
0 0.453472 0 0.0236111 0
0 0.453472 0 0.0236111 0
0 0.453472 0 0.0236111 0
0 0.453472 0 0.0236111 0
0 0.453472 0 0.0236111 0
0 0.453472 0 0.0236111 0
0 0.453472 0 0.0236111 0
0 0.453472 0 0.0236111 0
0 0.453472 0 0.0236111 0
0 0.453472 0 0.0236111 0
0 0.453472 0 0.0236111 0
0 0.453472 0 0.0236111 0
0 0.453472 0 0.0236111 0
0 0.453472 0 0.0236111 0
0 0.453472 0 0.0236111 0
0 0.453472 0 0.0236111 0
0 0.453472 0 0.0236111 0
0 0.453472 0 0.0236111 0
0 0.453472 0 0.0236111 0
0 0.453472 0 0.0236111 0
0 0.453472 0 0.0236111 0
0 0.453472 0 0.0236111 0
0 0.453472 0 0.0236111 0
0 0.453472 0 0.0236111 0
0 0.453472 0 0.0236111 0
0 0.453472 0 0.0236111 0
0 0.453472 0 0.0236111 0
0 0.453472 0 0.0236111 0
0 0.453472 0 0.0236111 0
0 0.453472 0 0.0236111 0
0 0.453472 0 0.0236111 0
0 0.453472 0 0.0236111 0
0 0.453472 0 0.0236111 0
0 0.453472 0 0.0236111 0
0 0.453472 0 0.0236111 0
0 0.453472 0 0.0236111 0
0 0.453472 0 0.0236111 0
0 0.453472 0 0.0236111 0
0 0.453472 0 0.0236111 0
0 0.453472 0 0.0236111 0
0 0.453472 0 0.0236111 0
0 0.453472 0 0.0236111 0
0 0.453472 0 0.0236111 0
0 0.453472 0 0.0236111 0
0 0.453472 0 0.0236111 0
0 0.453472 0 0.0236111 0
0 0.453472 0 0.0236111 0
0 0.453472 0 0.0236111 0
0 0.453472 0 0.0236111 0
0 0.453472 0 0.0236111 0
0 0.453472 0 0.0236111 0
0 0.453472 0 0.0236111 0
0 0.453472 0 0.0236111 0
0 0.453472 0 0.0236111 0
0 0.453472 0 0.0236111 0
0 0.453472 0 0.0236111 0
0 0.453472 0 0.0236111 0
0 0.453472 0 0.0236111 0
0 0.453472 0 0.0236111 0
0 0.453472 0 0.0236111 0
0 0.453472 0 0.0236111 0
0 0.453472 0 0.0236111 0
0 0.453472 0 0.0236111 0
0 0.453472 0 0.0236111 0
0 0.453472 0 0.0236111 0
0 0.453472 0 0.0236111 0
0 0.453472 0 0.0236111 0
0 0.453472 0 0.0236111 0
0 0.453472 0 0.0236111 0
0 0.453472 0 0.0236111 0
0 0.453472 0 0.0236111 0
0 0.453472 0 0.0236111 0
0 0.453472 0 0.0236111 0
0 0.453472 0 0.0236111 0
0 0.453472 0 0.0236111 0
0 0.453472 0 0.0236111 0
0 0.453472 0 0.0236111 0
0 0.453472 0 0.0236111 0
0 0.453472 0 0.0236111 0
0 0.453472 0 0.0236111 0
0 0.453472 0 0.0236111 0
0 0.453472 0 0.0236111 0
0 0.453472 0 0.0236111 0
0 0.453472 0 0.0236111 0
0 0.453472 0 0.0236111 0
0 0.453472 0 0.0236111 0
0 0.453472 0 0.0236111 0
0 0.453472 0 0.0236111 0
0 0.453472 0 0.0236111 0
0 0.453472 0 0.0236111 0
0 0.453472 0 0.0236111 0
0 0.453472 0 0.0236111 0
0 0.453472 0 0.0236111 0
0 0.453472 0 0.0236111 0
0 0.453472 0 0.0236111 0
0 0.453472 0 0.0236111 0
0 0.453472 0 0.0236111 0
0 0.453472 0 0.0208333 0
0 0.454167 0 0.0222222 0
0 0.454167 0 0.0222222 0
0 0.454167 0 0.0222222 0
0 0.454167 0 0.0222222 0
0 0.454861 0 0.0236111 0
0 0.455556 0 0.0222222 0
0 0.454861 0.5 0.0208333 1
0 0.45625 0.5 0.0208333 1
0 0.456944 0.5 0.0194444 1
0 0.456944 0.5 0.0194444 1
0 0.457639 0.5 0.0208333 1
0 0.457639 0.5 0.0208333 1
0 0.457639 0.5 0.0208333 1
0 0.459028 0.5 0.0208333 1
0 0.458333 0.5 0.0222222 1
0 0.459028 0.5 0.0208333 1
0 0.459722 0.5 0.0222222 1
0 0.459722 0.5 0.0222222 1
0 0.459722 0.5 0.0222222 1
0 0.459722 0.5 0.0222222 1
0 0.459722 0.5 0.0222222 1
0 0.460417 0.5 0.0208333 1
0 0.460417 0 0.0208333 0
0 0.461111 0 0.0222222 0
0 0.4625 0 0.0194444 0
0 0.464583 0 0.0208333 0
0 0.469444 0 0.0194444 0
0 0.475 0 0.0194444 0
0 0.475 0 0.0194444 0
0 0.480556 0 0.0194444 0
0 0.484722 0 0.0194444 0
0 0.486806 0 0.0208333 0
0 0.486806 0 0.0208333 0
0 0.490278 0 0.0222222 0
0 0.494444 0 0.0194444 0
0 0.497222 0 0.0222222 0
0 0.501389 0.5 0.0444444 1
0 0.500694 0 0.0208333 0
0 0.503472 0 0.0208333 0
0 0.506944 0 0.0194444 0
0 0.509028 0 0.0208333 0
0 0.511111 0 0.0222222 0
0 0.514583 0 0.0208333 0
0 0.516667 0 0.0222222 0
0 0.520139 0 0.0208333 0
0 0.522917 0 0.0208333 0
0 0.527778 0 0.0222222 0
0 0.529861 0 0.0208333 0
0 0.529861 0 0.0208333 0
0 0.532639 0 0.0208333 0
0 0.535417 0 0.0208333 0
0 0.538194 0 0.0208333 0
0 0.540972 0 0.0208333 0
0 0.545139 0 0.0208333 0
0 0.548611 0 0.0222222 0
0 0.553472 0 0.0208333 0
0 0.554861 0 0.0208333 0
0 0.559028 0 0.0208333 0
0 0.5625 0 0.0194444 0
0 0.565972 0 0.0208333 0
0 0.570833 0 0.0194444 0
0 0.572917 0 0.0208333 0
0 0.577083 0 0.0208333 0
0 0.58125 0 0.0208333 0
0 0.583333 0 0.0194444 0
0 0.586111 0 0.0222222 0
0 0.588889 0 0.0194444 0
0 0.590972 0 0.0208333 0
0 0.592361 0 0.0208333 0
0 0.592361 0 0.0208333 0
0 0.592361 0 0.0208333 0
0 0.59375 0 0.0208333 0
0 0.595833 0 0.0194444 0
0 0.598611 0 0.0194444 0
0 0.601389 0 0.0194444 0
0 0.603472 0 0.0208333 0
0 0.604861 0 0.0208333 0
0 0.607639 0 0.0208333 0
0 0.609722 0 0.0194444 0
0 0.611806 0 0.0208333 0
0 0.614583 0 0.0208333 0
0 0.617361 0 0.0208333 0
0 0.620139 0 0.0208333 0
0 0.622917 0 0.0208333 0
0 0.625 0 0.0194444 0
0 0.628472 0 0.0208333 0
0 0.633333 0 0.0194444 0
0 0.634722 0 0.0194444 0
0 0.638889 0 0.0194444 0
0 0.638889 0 0.0194444 0
0 0.641667 0 0.0194444 0
0 0.644444 0 0.0194444 0
0 0.650694 0 0.0208333 0
0 0.652778 0 0.0194444 0
0 0.652778 0 0.0194444 0
0 0.65625 0 0.0208333 0
0 0.660417 0 0.0208333 0
0 0.660417 0 0.0208333 0
0 0.663194 0 0.0180556 0
0 0.666667 0 0.0194444 0
0 0.669444 0 0.0194444 0
0 0.672917 0 0.0208333 0
0 0.676389 0 0.0194444 0
0 0.680556 0 0.0194444 0
0 0.684028 0 0.0208333 0
0 0.6875 0 0.0194444 0
0 0.690278 0 0.0194444 0
0 0.693056 0 0.0194444 0
0 0.697917 0 0.0208333 0
0 0.701389 0 0.0194444 0
0 0.704861 0 0.0208333 0
0 0.708333 0 0.0194444 0
0 0.713889 0 0.0194444 0
0 0.71875 0 0.0208333 0
0 0.721528 0 0.0208333 0
0 0.725 0 0.0194444 0
0 0.729167 0 0.0222222 0
0 0.731944 0 0.0194444 0
0 0.736806 0 0.0208333 0
0 0.740972 0 0.0208333 0
0 0.745139 0 0.0208333 0
0 0.746528 0 0.0208333 0
0 0.746528 0 0.0208333 0
0 0.750694 0 0.0208333 0
0 0.754861 0 0.0208333 0
0 0.758333 0 0.0222222 0
0 0.7625 0 0.0194444 0
0 0.764583 0 0.0208333 0
0 0.768056 0 0.0222222 0
0 0.770139 0 0.0208333 0
0 0.773611 0 0.0194444 0
0 0.773611 0 0.0194444 0
0 0.776389 0 0.0194444 0
0 0.779861 0 0.0208333 0
0 0.783333 0 0.0194444 0
0 0.786111 0 0.0194444 0
0 0.788889 0 0.0194444 0
0 0.792361 0 0.0208333 0
0 0.795833 0 0.0194444 0
0 0.795833 0 0.0194444 0
0 0.801389 0 0.0194444 0
0 0.804167 0 0.0194444 0
0 0.806944 0 0.0194444 0
0 0.806944 0 0.0194444 0
0 0.811806 0 0.0180556 0
0 0.817361 0 0.0208333 0
0 0.81875 0 0.0208333 0
0 0.820833 0 0.0222222 0
0 0.823611 0 0.0194444 0
0 0.823611 0 0.0194444 0
0 0.825694 0 0.0180556 0
0 0.828472 0 0.0180556 0
0 0.830556 0 0.0194444 0
0 0.83125 0 0.0180556 0
0 0.834028 0 0.0180556 0
0 0.835417 0 0.0180556 0
0 0.8375 0 0.0166667 0
0 0.840972 0 0.0180556 0
0 0.843056 0 0.0194444 0
0 0.844444 0 0.0194444 0
0 0.848611 0 0.0194444 0
0 0.849306 0 0.0180556 0
0 0.851389 0 0.0194444 0
0 0.853472 0 0.0180556 0
0 0.855556 0 0.0194444 0
0 0.856944 0 0.0194444 0
0 0.859028 0 0.0180556 0
0 0.860417 0 0.0180556 0
0 0.863194 0 0.0180556 0
0 0.864583 0 0.0180556 0
0 0.864583 0 0.0180556 0
0 0.866667 0 0.0194444 0
0 0.868056 0 0.0194444 0
0 0.86875 0 0.0208333 0
0 0.870833 0 0.0194444 0
0 0.872917 0 0.0180556 0
0 0.874306 0 0.0180556 0
0 0.875694 0 0.0180556 0
0 0.877778 0 0.0194444 0
0 0.879167 0 0.0194444 0
0 0.880556 0 0.0194444 0
0 0.881944 0 0.0194444 0
0 0.883333 0 0.0194444 0
0 0.884722 0 0.0194444 0
0 0.886806 0 0.0180556 0
0 0.886806 0 0.0180556 0
0 0.888194 0 0.0180556 0
0 0.888889 0 0.0194444 0
0 0.891667 0 0.0194444 0
0 0.891667 0 0.0194444 0
0 0.89375 0 0.0208333 0
0 0.895139 0 0.0208333 0
0 0.897917 0 0.0180556 0
0 0.899306 0 0.0180556 0
0 0.900694 0 0.0180556 0
0 0.902778 0 0.0194444 0
0 0.904167 0 0.0194444 0
0 0.904167 0 0.0194444 0
0 0.904167 0 0.0194444 0
0 0.905556 0 0.0194444 0
0 0.90625 0 0.0208333 0
0 0.90625 0 0.0180556 0
0 0.906944 0 0.0194444 0
0 0.908333 0 0.0194444 0
0 0.910417 0 0.0180556 0
0 0.911806 0 0.0180556 0
0 0.911806 0 0.0180556 0
0 0.911806 0 0.0180556 0
0 0.9125 0 0.0194444 0
0 0.913194 0 0.0180556 0
0 0.914583 0 0.0180556 0
0 0.914583 0 0.0180556 0
0 0.915278 0 0.0194444 0
0 0.916667 0 0.0194444 0
0 0.916667 0 0.0194444 0
0 0.918056 0 0.0194444 0
0 0.918056 0 0.0222222 0
0 0.91875 0 0.0208333 0
0 0.919444 0 0.0194444 0
0 0.919444 0 0.0194444 0
0 0.920139 0 0.0180556 0
0 0.920833 0 0.0194444 0
0 0.920833 0 0.0194444 0
0 0.921528 0 0.0180556 0
0 0.921528 0 0.0180556 0
0 0.922222 0 0.0194444 0
0 0.922917 0 0.0180556 0
0 0.924306 0 0.0180556 0
0 0.924306 0 0.0180556 0
0 0.924306 0 0.0180556 0
0 0.924306 0 0.0180556 0
0 0.924306 0 0.0180556 0
0 0.924306 0 0.0180556 0
0 0.924306 0 0.0180556 0
0 0.924306 0 0.0180556 0
0 0.924306 0 0.0180556 0
0 0.924306 0 0.0180556 0
0 0.924306 0 0.0180556 0
0 0.925 0 0.0194444 0
0 0.924306 0 0.0180556 0
0 0.924306 0 0.0180556 0
0 0.924306 0 0.0180556 0
0 0.924306 0 0.0180556 0
0 0.924306 0 0.0180556 0
0 0.925 0 0.0166667 0
0 0.924306 0 0.0180556 0
0 0.924306 0 0.0180556 0
0 0.924306 0 0.0180556 0
0 0.925 0 0.0194444 0
0 0.925694 0 0.0180556 0
0 0.924306 0 0.0180556 0
0 0.925 0 0.0194444 0
0 0.925694 0 0.0180556 0
0 0.925694 0 0.0180556 0
0 0.925694 0 0.0180556 0
0 0.925 0 0.0194444 0
0 0.925 0 0.0194444 0
0 0.925 0 0.0194444 0
0 0.925694 0 0.0180556 0
0 0.925694 0 0.0180556 0
0 0.926389 0 0.0194444 0
0 0.925 0 0.0194444 0
0 0.925694 0 0.0180556 0
0 0.926389 0 0.0194444 0
0 0.926389 0 0.0194444 0
0 0.926389 0 0.0194444 0
0 0.926389 0 0.0194444 0
0 0.926389 0 0.0194444 0
0 0.926389 0 0.0194444 0
0 0.925694 0 0.0180556 0
0 0.926389 0 0.0194444 0
0 0.927083 0 0.0180556 0
0 0.927083 0 0.0180556 0
0 0.927083 0 0.0208333 0
0 0.927778 0 0.0194444 0
0 0.928472 0 0.0180556 0
0 0.929167 0 0.0194444 0
0 0.929167 0 0.0194444 0
0 0.929861 0 0.0208333 0
0 0.930556 0 0.0194444 0
0 0.930556 0 0.0194444 0
0 0.929861 0 0.0208333 0
0 0.929861 0 0.0208333 0
0 0.930556 0 0.0194444 0
0 0.930556 0 0.0194444 0
0 0.93125 0 0.0208333 0
0 0.93125 0 0.0180556 0
0 0.93125 0 0.0208333 0
0 0.931944 0 0.0194444 0
0 0.932639 0 0.0208333 0
0 0.932639 0 0.0208333 0
0 0.932639 0 0.0208333 0
0 0.932639 0 0.0180556 0
0 0.932639 0 0.0180556 0
0 0.932639 0 0.0180556 0
0 0.934028 0 0.0180556 0
0 0.934028 0 0.0180556 0
0 0.933333 0 0.0194444 0
0 0.933333 0 0.0194444 0
0 0.933333 0 0.0194444 0
0 0.933333 0 0.0194444 0
0 0.934722 0 0.0194444 0
0 0.934722 0 0.0194444 0
0 0.934722 0 0.0194444 0
0 0.935417 0 0.0180556 0
0 0.936111 0 0.0194444 0
0 0.936806 0 0.0180556 0
0 0.936806 0 0.0180556 0
0 0.936111 0 0.0194444 0
0 0.9375 0 0.0194444 0
0 0.936806 0 0.0180556 0
0 0.936806 0 0.0180556 0
0 0.936806 0 0.0180556 0
0 0.9375 0 0.0194444 0
0 0.9375 0 0.0194444 0
0 0.9375 0 0.0194444 0
0 0.9375 0 0.0194444 0
0 0.936806 0 0.0180556 0
0 0.936806 0 0.0180556 0
0 0.936806 0 0.0180556 0
0 0.9375 0 0.0194444 0
0 0.9375 0 0.0194444 0
0 0.9375 0 0.0194444 0
0 0.936806 0 0.0180556 0
0 0.936806 0 0.0180556 0
0 0.936806 0 0.0180556 0
0 0.936806 0 0.0180556 0
0 0.9375 0 0.0194444 0
0 0.9375 0 0.0194444 0
0 0.938194 0 0.0180556 0
0 0.938194 0 0.0180556 0
0 0.938194 0 0.0180556 0
0 0.938194 0 0.0180556 0
0 0.936806 0 0.0180556 0
0 0.9375 0 0.0194444 0
0 0.9375 0 0.0194444 0
0 0.9375 0 0.0194444 0
0 0.938194 0 0.0208333 0
0 0.938194 0 0.0208333 0
0 0.936806 0 0.0208333 0
0 0.9375 0 0.0194444 0
0 0.9375 0 0.0194444 0
0 0.9375 0 0.0194444 0
0 0.9375 0 0.0194444 0
0 0.9375 0 0.0194444 0
0 0.9375 0 0.0194444 0
0 0.9375 0 0.0194444 0
0 0.936806 0 0.0180556 0
0 0.936806 0 0.0180556 0
0 0.936806 0 0.0180556 0
0 0.936806 0 0.0180556 0
0 0.936111 0 0.0194444 0
0 0.936111 0 0.0194444 0
0 0.936806 0 0.0180556 0
0 0.936111 0 0.0194444 0
0 0.935417 0 0.0180556 0
0 0.936111 0 0.0194444 0
0 0.936111 0 0.0194444 0
0 0.936111 0 0.0194444 0
0 0.935417 0 0.0180556 0
0 0.935417 0 0.0180556 0
0 0.934722 0 0.0194444 0
0 0.934722 0 0.0194444 0
0 0.933333 0 0.0194444 0
0 0.934028 0 0.0180556 0
0 0.932639 0 0.0180556 0
0 0.932639 0 0.0180556 0
0 0.932639 0 0.0180556 0
0 0.931944 0 0.0166667 0
0 0.931944 0 0.0166667 0
0 0.930556 0 0.0166667 0
0 0.930556 0 0.0166667 0
0 0.929861 0 0.0152778 0
0 0.93125 0 0.0152778 0
0 0.7625 0 0.0166667 0
0 0.761111 0 0.0166667 0
0 0.758333 0 0.0166667 0
0 0.756944 0 0.0166667 0
0 0.756944 0 0.0166667 0
0 0.754861 0 0.0180556 0
0 0.754861 0 0.0180556 0
0 0.753472 0 0.0180556 0
0 0.752083 0 0.0180556 0
0 0.750694 0 0.0180556 0
0 0.748611 0 0.0194444 0
0 0.747222 0 0.0194444 0
0 0.747222 0 0.0194444 0
0 0.74375 0 0.0208333 0
0 0.742361 0 0.0208333 0
0 0.74375 0 0.0180556 0
0 0.740972 0 0.0208333 0
0 0.738194 0 0.0208333 0
0 0.738194 0 0.0208333 0
0 0.738889 0 0.0194444 0
0 0.738194 0 0.0180556 0
0 0.736111 0 0.0194444 0
0 0.735417 0 0.0180556 0
0 0.733333 0 0.0194444 0
0 0.728472 0 0.0152778 0
0 0.725 0 0.0138889 0
0 0.719444 0 0.0194444 0
0 0.695833 0 0.0166667 0
0 0.695833 0 0.0166667 0
0 0.695139 0 0.0152778 0
0 0.691667 0 0.0166667 0
0 0.688194 0 0.0152778 0
0 0.684722 0 0.0166667 0
0 0.682639 0 0.0125 0
0 0.682639 0 0.0125 0
0 0.680556 0 0.0166667 0
0 0.679167 0 0.0138889 0
0 0.677778 0 0.0166667 0
0 0.677083 0 0.0152778 0
0 0.674306 0 0.0152778 0
0 0.672917 0 0.0152778 0
0 0.671528 0 0.0152778 0
0 0.670139 0 0.0152778 0
0 0.66875 0 0.0152778 0
0 0.666667 0 0.0138889 0
0 0.665278 0 0.0166667 0
0 0.664583 0 0.0152778 0
0 0.661806 0 0.0152778 0
0 0.661111 0 0.0166667 0
0 0.659028 0 0.0152778 0
0 0.657639 0 0.0152778 0
0 0.657639 0 0.0152778 0
0 0.65625 0 0.0152778 0
0 0.654861 0 0.0180556 0
0 0.653472 0 0.0152778 0
0 0.652083 0 0.0152778 0
0 0.65 0 0.0138889 0
0 0.647917 0 0.0152778 0
0 0.646528 0 0.0152778 0
0 0.645139 0 0.0152778 0
0 0.645139 0 0.0152778 0
0 0.643056 0 0.0138889 0
0 0.640972 0 0.0152778 0
0 0.639583 0 0.0152778 0
0 0.6375 0 0.0138889 0
0 0.636806 0 0.0152778 0
0 0.634722 0 0.0166667 0
0 0.632639 0 0.0152778 0
0 0.63125 0 0.0152778 0
0 0.63125 0 0.0152778 0
0 0.627778 0 0.0138889 0
0 0.627778 0 0.0138889 0
0 0.627083 0 0.0152778 0
0 0.625 0 0.0138889 0
0 0.623611 0 0.0138889 0
0 0.621528 0 0.0152778 0
0 0.620139 0 0.0152778 0
0 0.61875 0 0.0152778 0
0 0.617361 0 0.0152778 0
0 0.615972 0 0.0152778 0
0 0.614583 0 0.0152778 0
0 0.6125 0 0.0138889 0
0 0.611111 0 0.0138889 0
0 0.611111 0 0.0138889 0
0 0.610417 0 0.0152778 0
0 0.609028 0 0.0152778 0
0 0.609028 0 0.0152778 0
0 0.606944 0 0.0138889 0
0 0.605556 0 0.0138889 0
0 0.604167 0 0.0138889 0
0 0.603472 0 0.0152778 0
0 0.602083 0 0.0152778 0
0 0.601389 0 0.0138889 0
0 0.599306 0 0.0152778 0
0 0.597917 0 0.0152778 0
0 0.596528 0 0.0152778 0
0 0.595139 0 0.0152778 0
0 0.59375 0 0.0152778 0
0 0.592361 0 0.0152778 0
0 0.592361 0 0.0152778 0
0 0.592361 0 0.0152778 0
0 0.589583 0 0.0152778 0
0 0.588194 0 0.0152778 0
0 0.586806 0 0.0125 0
0 0.585417 0 0.0125 0
0 0.584722 0 0.0138889 0
0 0.583333 0 0.0138889 0
0 0.581944 0 0.0138889 0
0 0.580556 0 0.0138889 0
0 0.579861 0 0.0125 0
0 0.579167 0 0.0138889 0
0 0.577778 0 0.0138889 0
0 0.577778 0 0.0138889 0
0 0.577083 0 0.0125 0
0 0.575694 0 0.0125 0
0 0.575 0 0.0138889 0
0 0.573611 0 0.0138889 0
0 0.572222 0 0.0138889 0
0 0.570833 0 0.0138889 0
0 0.570139 0 0.0125 0
0 0.56875 0 0.0125 0
0 0.567361 0 0.0125 0
0 0.567361 0 0.0125 0
0 0.565972 0 0.0152778 0
0 0.565278 0 0.0138889 0
0 0.5625 0 0.0138889 0
0 0.5625 0 0.0138889 0
0 0.561111 0 0.0138889 0
0 0.559722 0 0.0138889 0
0 0.558333 0 0.0138889 0
0 0.556944 0 0.0138889 0
0 0.55625 0 0.0125 0
0 0.55625 0 0.0125 0
0 0.555556 0 0.0138889 0
0 0.554861 0 0.0125 0
0 0.552778 0 0.0138889 0
0 0.552778 0 0.0138889 0
0 0.550694 0 0.0125 0
0 0.55 0 0.0138889 0
0 0.55 0 0.0138889 0
0 0.549306 0 0.0125 0
0 0.547917 0 0.0125 0
0 0.547222 0 0.0138889 0
0 0.545139 0 0.0125 0
0 0.54375 0 0.0125 0
0 0.543056 0 0.0111111 0
0 0.542361 0 0.0125 0
0 0.540972 0 0.0125 0
0 0.539583 0 0.0125 0
0 0.539583 0 0.0125 0
0 0.538889 0 0.0138889 0
0 0.538194 0 0.0125 0
0 0.536806 0 0.0125 0
0 0.535417 0 0.0125 0
0 0.534028 0 0.0125 0
0 0.534028 0 0.0125 0
0 0.534028 0 0.0125 0
0 0.532639 0 0.0125 0
0 0.531944 0 0.0111111 0
0 0.530556 0 0.0111111 0
0 0.529861 0 0.0125 0
0 0.528472 0 0.0125 0
0 0.527778 0 0.0111111 0
0 0.527083 0 0.0125 0
0 0.525694 0 0.0125 0
0 0.525 0 0.0111111 0
0 0.523611 0 0.0111111 0
0 0.522917 0 0.0125 0
0 0.521528 0 0.0125 0
0 0.520833 0 0.0111111 0
0 0.520139 0 0.0125 0
0 0.518056 0 0.0111111 0
0 0.518056 0 0.0111111 0
0 0.516667 0 0.0111111 0
0 0.516667 0 0.0111111 0
0 0.515278 0 0.0111111 0
0 0.514583 0 0.0125 0
0 0.513194 0 0.0125 0
0 0.5125 0 0.0111111 0
0 0.511806 0 0.00972222 0
0 0.511806 0 0.00972222 0
0 0.511111 0 0.0111111 0
0 0.509722 0 0.0111111 0
0 0.509722 0 0.0111111 0
0 0.507639 0 0.0125 0
0 0.506944 0 0.0111111 0
0 0.505556 0 0.0111111 0
0 0.504861 0 0.00972222 0
0 0.504167 0 0.0111111 0
0 0.503472 0 0.00972222 0
0 0.502778 0 0.0111111 0
0 0.502083 0 0.0125 0
0 0.501389 0 0.0111111 0
0 0.5 0 0.0111111 0
0 0.499306 0 0.00972222 0
0 0.497917 0 0.00972222 0
0 0.497222 0 0.0111111 0
0 0.497222 0 0.0111111 0
0 0.495833 0 0.0111111 0
0 0.495833 0 0.0111111 0
0 0.494444 0 0.0111111 0
0 0.493056 0 0.0111111 0
0 0.492361 0 0.00972222 0
0 0.490972 0 0.00972222 0
0 0.490278 0 0.0111111 0
0 0.488889 0 0.0111111 0
0 0.488889 0 0.0111111 0
0 0.4875 0 0.0111111 0
0 0.4875 0 0.0111111 0
0 0.486806 0 0.00972222 0
0 0.485417 0 0.00972222 0
0 0.484028 0 0.00972222 0
0 0.482639 0 0.00972222 0
0 0.482639 0 0.00972222 0
0 0.48125 0 0.00972222 0
0 0.479861 0 0.00972222 0
0 0.479861 0 0.00972222 0
0 0.478472 0 0.00972222 0
0 0.478472 0 0.00972222 0
0 0.477083 0 0.00972222 0
0 0.476389 0 0.00833333 0
0 0.475694 0 0.00972222 0
0 0.475694 0 0.00972222 0
0 0.473611 0 0.00833333 0
0 0.472917 0 0.00972222 0
0 0.471528 0 0.00972222 0
0 0.470139 0 0.00972222 0
0 0.470139 0 0.00972222 0
0 0.46875 0 0.00972222 0
0 0.467361 0 0.00972222 0
0 0.467361 0 0.00972222 0
0 0.466667 0 0.00833333 0
0 0.465972 0 0.00694444 0
0 0.464583 0 0.00972222 0
0 0.463194 0 0.00972222 0
0 0.4625 0 0.00833333 0
0 0.4625 0 0.00833333 0
0 0.461111 0 0.00833333 0
0 0.461111 0 0.00833333 0
0 0.460417 0 0.00972222 0
0 0.459722 0 0.00833333 0
0 0.459722 0 0.00833333 0
0 0.459028 0 0.00972222 0
0 0.458333 0 0.00833333 0
0 0.456944 0 0.0111111 0
0 0.45625 0 0.00972222 0
0 0.455556 0 0.00833333 0
0 0.454861 0 0.00972222 0
0 0.454167 0 0.00833333 0
0 0.452778 0 0.00833333 0
0 0.452083 0 0.00694444 0
0 0.452083 0 0.00694444 0
0 0.451389 0 0.00833333 0
0 0.450694 0 0.00972222 0
0 0.45 0 0.00833333 0
0 0.448611 0 0.00833333 0
0 0.448611 0 0.00833333 0
0 0.447917 0 0.00972222 0
0 0.446528 0 0.00972222 0
0 0.446528 0 0.00972222 0
0 0.445833 0 0.00833333 0
0 0.445139 0 0.00972222 0
0 0.444444 0 0.0111111 0
0 0.44375 0 0.00972222 0
0 0.443056 0 0.00833333 0
0 0.442361 0 0.00972222 0
0 0.441667 0 0.00833333 0
0 0.440972 0 0.00694444 0
0 0.439583 0 0.00972222 0
0 0.439583 0 0.00972222 0
0 0.438889 0 0.00833333 0
0 0.438194 0 0.00972222 0
0 0.4375 0 0.00833333 0
0 0.436806 0 0.00972222 0
0 0.436111 0 0.00833333 0
0 0.436111 0 0.00833333 0
0 0.433333 0 0.0111111 0
0 0.433333 0 0.0111111 0
0 0.433333 0 0.0111111 0
0 0.432639 0 0.00972222 0
0 0.431944 0 0.00833333 0
0 0.43125 0 0.00972222 0
0 0.43125 0 0.00972222 0
0 0.43125 0 0.00694444 0
0 0.430556 0 0.00833333 0
0 0.429167 0 0.00555556 0
0 0.429167 0 0.00833333 0
0 0.428472 0 0.00694444 0
0 0.428472 0 0.00694444 0
0 0.428472 0 0.00694444 0
0 0.427083 0 0.00694444 0
0 0.427083 0 0.00694444 0
0 0.425694 0 0.00694444 0
0 0.425 0 0.00833333 0
0 0.425 0 0.00833333 0
0 0.424306 0 0.00694444 0
0 0.423611 0 0.00833333 0
0 0.422917 0 0.00694444 0
0 0.422917 0 0.00694444 0
0 0.423611 0 0.00833333 0
0 0.422222 0 0.00833333 0
0 0.422222 0 0.00833333 0
0 0.420833 0 0.00833333 0
0 0.420833 0 0.00833333 0
0 0.420139 0 0.00972222 0
0 0.420139 0 0.00694444 0
0 0.420139 0 0.00694444 0
0 0.419444 0 0.00833333 0
0 0.419444 0 0.00833333 0
0 0.418056 0 0.00833333 0
0 0.418056 0 0.00833333 0
0 0.418056 0 0.00833333 0
0 0.418056 0 0.00833333 0
0 0.417361 0 0.00694444 0
0 0.416667 0 0.00833333 0
0 0.415972 0 0.00972222 0
0 0.414583 0.5 0.00694444 1
0 0.414583 0.5 0.00972222 1
0 0.414583 0.5 0.00694444 1
0 0.414583 0.5 0.00972222 1
0 0.414583 0.5 0.00694444 1
0 0.414583 0.5 0.00694444 1
0 0.413889 0.5 0.00555556 1
0 0.413194 0.5 0.00694444 1
0 0.413194 0.5 0.00694444 1
0 0.413194 0.5 0.00694444 1
0 0.411806 0.5 0.00694444 1
0 0.411806 0.5 0.00694444 1
0 0.411111 0.5 0.00555556 1
0 0.410417 1 0.00694444 0
0 0.411111 1 0.00833333 0
0 0.410417 1 0.00694444 0
0 0.410417 1 0.00694444 0
0 0.411111 1 0.00555556 0
0 0.409028 1 0.00694444 0
0 0.409722 1 0.00555556 0
0 0.408333 1 0.00555556 0
0 0.409028 1 0.00694444 0
0 0.409028 1 0.00694444 0
0 0.408333 1 0.00833333 0
0 0.408333 1 0.00555556 0
0 0.408333 1 0.00555556 0
0 0.407639 1 0.00694444 0
0 0.406944 1 0.00555556 0
0 0.406944 1 0.00555556 0
0 0.40625 1 0.00694444 0
0 0.40625 1 0.00694444 0
0 0.406944 1 0.0111111 0
0 0.404861 1 0.00694444 0
0 0.405556 1 0.00555556 0
0 0.404167 1 0.00555556 0
0 0.404167 1 0.00555556 0
0 0.404167 1 0.00555556 0
0 0.404861 1 0.00694444 0
0 0.404167 1 0.00555556 0
0 0.404167 1 0.00555556 0
0 0.402083 1 0.00694444 0
0 0.401389 1 0.00555556 0
0 0.401389 1 0.00555556 0
0 0.401389 1 0.00555556 0
0 0.402778 1 0.00833333 0
0 0.501389 0.5 0.0472222 1
0 0.400694 1 0.00416667 0
0 0.402083 1 0.00694444 0
0 0.402083 1 0.00694444 0
0 0.401389 1 0.00555556 0
0 0.501389 0.5 0.0472222 1
0 0.401389 1 0.00555556 0
0 0.4 1 0.00833333 0
0 0.501389 0.5 0.0472222 1
0 0.4 1 0.00555556 0
0 0.501389 0.5 0.0472222 1
0 0.501389 0.5 0.0472222 1
0 0.4 1 0.00555556 0
0 0.398611 1 0.00555556 0
0 0.501389 0.5 0.0472222 1
0 0.501389 0.5 0.0472222 1
0 0.501389 0.5 0.0472222 1
0 0.501389 0.5 0.0472222 1
0 0.501389 0.5 0.0472222 1
0 0.501389 0.5 0.0472222 1
0 0.501389 0.5 0.0472222 1
0 0.501389 0.5 0.0472222 1
0 0.501389 0.5 0.0472222 1
0 0.501389 0.5 0.0472222 1
0 0.501389 0.5 0.0472222 1
0 0.501389 0.5 0.0472222 1
0 0.501389 0.5 0.0472222 1
0 0.501389 0.5 0.0472222 1
0 0.501389 0.5 0.0472222 1
0 0.501389 0.5 0.0472222 1
0 0.501389 0.5 0.0472222 1
0 0.501389 0.5 0.0472222 1
0 0.501389 0.5 0.0472222 1
0 0.501389 0.5 0.0472222 1
0 0.501389 0.5 0.0472222 1
0 0.501389 0.5 0.0472222 1
0 0.501389 0.5 0.0472222 1
0 0.501389 0.5 0.0472222 1
0 0.501389 0.5 0.0472222 1
0 0.501389 0.5 0.0472222 1
0 0.501389 0.5 0.0472222 1
0 0.501389 0.5 0.0472222 1
0 0.501389 0.5 0.0472222 1
0 0.501389 0.5 0.0472222 1
0 0.501389 0.5 0.0472222 1
0 0.501389 0.5 0.0472222 1
0 0.501389 0.5 0.0472222 1
0 0.501389 0.5 0.0472222 1
0 0.501389 0.5 0.0472222 1
0 0.501389 0.5 0.0472222 1
0 0.501389 0.5 0.0472222 1
0 0.501389 0.5 0.0472222 1
0 0.501389 0.5 0.0472222 1
0 0.501389 0.5 0.0472222 1
0 0.501389 0.5 0.0472222 1
0 0.501389 0.5 0.0472222 1
0 0.501389 0.5 0.0472222 1
0 0.501389 0.5 0.0472222 1
0 0.501389 0.5 0.0472222 1
0 0.501389 0.5 0.0472222 1
0 0.501389 0.5 0.0472222 1
0 0.501389 0.5 0.0472222 1
0 0.501389 0.5 0.0472222 1
0 0.501389 0.5 0.0472222 1
0 0.501389 0.5 0.0472222 1
0 0.501389 0.5 0.0472222 1
0 0.501389 0.5 0.0472222 1
0 0.501389 0.5 0.0472222 1
0 0.501389 0.5 0.0472222 1
0 0.501389 0.5 0.0472222 1
0 0.501389 0.5 0.0472222 1
0 0.501389 0.5 0.0472222 1
0 0.501389 0.5 0.0472222 1
0 0.501389 0.5 0.0472222 1
0 0.501389 0.5 0.0472222 1
0 0.501389 0.5 0.0472222 1
0 0.501389 0.5 0.0472222 1
0 0.501389 0.5 0.0472222 1
0 0.501389 0.5 0.0472222 1
0 0.501389 0.5 0.0472222 1
0 0.501389 0.5 0.0472222 1
0 0.501389 0.5 0.0472222 1
0 0.501389 0.5 0.0472222 1
0 0.501389 0.5 0.0472222 1
0 0.501389 0.5 0.0472222 1
0 0.501389 0.5 0.0472222 1
0 0.501389 0.5 0.0472222 1
0 0.501389 0.5 0.0472222 1
0 0.501389 0.5 0.0472222 1
0 0.501389 0.5 0.0472222 1
0 0.501389 0.5 0.0472222 1
0 0.501389 0.5 0.0472222 1
0 0.501389 0.5 0.0472222 1
0 0.501389 0.5 0.0472222 1
0 0.501389 0.5 0.0472222 1
0 0.501389 0.5 0.0472222 1
0 0.501389 0.5 0.0472222 1
0 0.501389 0.5 0.0472222 1
0 0.501389 0.5 0.0472222 1
0 0.501389 0.5 0.0472222 1
0 0.501389 0.5 0.0472222 1
0 0.501389 0.5 0.0472222 1
0 0.501389 0.5 0.0472222 1
0 0.501389 0.5 0.0472222 1
0 0.501389 0.5 0.0472222 1
0 0.501389 0.5 0.0472222 1
0 0.501389 0.5 0.0472222 1
0 0.501389 0.5 0.0472222 1
0 0.501389 0.5 0.0472222 1
0 0.501389 0.5 0.0472222 1
0 0.501389 0.5 0.0472222 1
0 0.501389 0.5 0.0472222 1
0 0.501389 0.5 0.0472222 1
0 0.501389 0.5 0.0472222 1
0 0.501389 0.5 0.0472222 1
0 0.501389 0.5 0.0472222 1
0 0.501389 0.5 0.0472222 1
0 0.501389 0.5 0.0472222 1
0 0.501389 0.5 0.0472222 1
0 0.501389 0.5 0.0472222 1
0 0.501389 0.5 0.0472222 1
0 0.501389 0.5 0.0472222 1
0 0.501389 0.5 0.0472222 1
0 0.501389 0.5 0.0472222 1
0 0.501389 0.5 0.0472222 1
0 0.501389 0.5 0.0472222 1
0 0.501389 0.5 0.0472222 1
0 0.501389 0.5 0.0472222 1
0 0.501389 0.5 0.0472222 1
0 0.501389 0.5 0.0472222 1
0 0.501389 0.5 0.0472222 1
0 0.501389 0.5 0.0472222 1
0 0.501389 0.5 0.0472222 1
0 0.501389 0.5 0.0472222 1
0 0.501389 0.5 0.0472222 1
0 0.501389 0.5 0.0472222 1
0 0.501389 0.5 0.0472222 1
0 0.501389 0.5 0.0472222 1
0 0.501389 0.5 0.0472222 1
0 0.501389 0.5 0.0472222 1
0 0.501389 0.5 0.0472222 1
0 0.501389 0.5 0.0472222 1
0 0.501389 0.5 0.0472222 1
0 0.501389 0.5 0.0472222 1
0 0.501389 0.5 0.0472222 1
0 0.501389 0.5 0.05 1
0 0.501389 0.5 0.0472222 1
0 0.502083 0.5 0.0486111 1
0 0.500694 0.5 0.0486111 1
0 0.500694 0.5 0.0486111 1
0 0.501389 0.5 0.0472222 1
0 0.500694 0.5 0.0486111 1
0 0.501389 0.5 0.0472222 1
0 0.501389 0.5 0.0472222 1
0 0.501389 0.5 0.0472222 1
0 0.501389 0.5 0.0472222 1
0 0.501389 0.5 0.05 1
0 0.500694 0.5 0.0486111 1
0 0.500694 0.5 0.0486111 1
0 0.501389 0.5 0.0472222 1
0 0.501389 0.5 0.0472222 1
0 0.501389 0.5 0.0472222 1
0 0.501389 0.5 0.0472222 1
0 0.501389 0.5 0.0472222 1
0 0.501389 0.5 0.0472222 1
0 0.501389 0.5 0.0472222 1
0 0.501389 0.5 0.0472222 1
0 0.501389 0.5 0.0472222 1
0 0.501389 0.5 0.0472222 1
0 0.501389 0.5 0.0472222 1
0 0.501389 0.5 0.0472222 1
0 0.501389 0.5 0.0472222 1
0 0.501389 0.5 0.0472222 1
0 0.501389 0.5 0.0472222 1
0 0.501389 0.5 0.0472222 1
0 0.501389 0.5 0.0472222 1
0 0.501389 0.5 0.0472222 1
0 0.501389 0.5 0.0472222 1
0 0.501389 0.5 0.0472222 1
0 0.501389 0.5 0.0472222 1
0 0.501389 0.5 0.0472222 1
0 0.501389 0.5 0.0472222 1
0 0.501389 0.5 0.0472222 1
0 0.501389 0.5 0.0472222 1
0 0.501389 0.5 0.0472222 1
0 0.501389 0.5 0.0472222 1
0 0.500694 0.5 0.0486111 1
0 0.500694 0.5 0.0486111 1
0 0.501389 0.5 0.0472222 1
0 0.501389 0.5 0.05 1
0 0.501389 0.5 0.0472222 1
0 0.501389 0.5 0.05 1
0 0.501389 0.5 0.0472222 1
0 0.501389 0.5 0.0472222 1
0 0.501389 0.5 0.05 1
0 0.501389 0.5 0.05 1
0 0.501389 0.5 0.0472222 1
0 0.501389 0.5 0.0472222 1
0 0.500694 0.5 0.0486111 1
0 0.501389 0.5 0.0472222 1
0 0.501389 0.5 0.0472222 1
0 0.501389 0.5 0.05 1
0 0.501389 0.5 0.0472222 1
0 0.501389 0.5 0.05 1
0 0.501389 0.5 0.05 1
0 0.501389 0.5 0.05 1
0 0.501389 0.5 0.05 1
0 0.501389 0.5 0.05 1
0 0.501389 0.5 0.05 1
0 0.501389 0.5 0.05 1
0 0.501389 0.5 0.05 1
0 0.501389 0.5 0.05 1
0 0.501389 0.5 0.05 1
0 0.501389 0.5 0.05 1
0 0.501389 0.5 0.0472222 1
0 0.501389 0.5 0.05 1
0 0.501389 0.5 0.05 1
0 0.501389 0.5 0.05 1
0 0.501389 0.5 0.05 1
0 0.501389 0.5 0.05 1
0 0.501389 0.5 0.05 1
0 0.501389 0.5 0.05 1
0 0.501389 0.5 0.05 1
0 0.501389 0.5 0.05 1
0 0.501389 0.5 0.05 1
0 0.501389 0.5 0.05 1
0 0.502083 0.5 0.0486111 1
0 0.501389 0.5 0.05 1
0 0.501389 0.5 0.05 1
0 0.501389 0.5 0.05 1
0 0.501389 0.5 0.05 1
0 0.501389 0.5 0.05 1
0 0.501389 0.5 0.05 1
0 0.501389 0.5 0.05 1
0 0.501389 0.5 0.05 1
0 0.501389 0.5 0.05 1
0 0.501389 0.5 0.05 1
0 0.501389 0.5 0.05 1
0 0.501389 0.5 0.0472222 1
0 0.501389 0.5 0.05 1
0 0.501389 0.5 0.05 1
0 0.501389 0.5 0.05 1
0 0.501389 0.5 0.05 1
0 0.501389 0.5 0.05 1
0 0.501389 0.5 0.05 1
0 0.501389 0.5 0.05 1
0 0.501389 0.5 0.05 1
0 0.501389 0.5 0.05 1
0 0.501389 0.5 0.05 1
0 0.501389 0.5 0.05 1
0 0.502083 0.5 0.0486111 1
0 0.501389 0.5 0.05 1
0 0.501389 0.5 0.05 1
0 0.501389 0.5 0.05 1
0 0.501389 0.5 0.05 1
0 0.501389 0.5 0.05 1
0 0.501389 0.5 0.05 1
0 0.501389 0.5 0.05 1
0 0.501389 0.5 0.05 1
0 0.501389 0.5 0.05 1
0 0.501389 0.5 0.05 1
0 0.501389 0.5 0.05 1
0 0.502083 0.5 0.0486111 1
0 0.501389 0.5 0.05 1
0 0.501389 0.5 0.05 1
0 0.501389 0.5 0.05 1
0 0.501389 0.5 0.05 1
0 0.501389 0.5 0.05 1
0 0.501389 0.5 0.05 1
0 0.501389 0.5 0.05 1
0 0.501389 0.5 0.05 1
0 0.501389 0.5 0.05 1
0 0.501389 0.5 0.05 1
0 0.501389 0.5 0.05 1
0 0.502083 0.5 0.0486111 1
0 0.501389 0.5 0.05 1
0 0.501389 0.5 0.05 1
0 0.501389 0.5 0.05 1
0 0.501389 0.5 0.05 1
0 0.501389 0.5 0.05 1
0 0.501389 0.5 0.05 1
0 0.501389 0.5 0.05 1
0 0.501389 0.5 0.05 1
0 0.501389 0.5 0.05 1
0 0.501389 0.5 0.05 1
0 0.501389 0.5 0.05 1
0 0.501389 0.5 0.0472222 1
0 0.501389 0.5 0.05 1
0 0.501389 0.5 0.05 1
0 0.501389 0.5 0.05 1
0 0.501389 0.5 0.05 1
0 0.501389 0.5 0.05 1
0 0.501389 0.5 0.05 1
0 0.501389 0.5 0.05 1
0 0.501389 0.5 0.05 1
0 0.501389 0.5 0.05 1
0 0.501389 0.5 0.05 1
0 0.501389 0.5 0.05 1
0 0.502083 0.5 0.0486111 1
0 0.501389 0.5 0.05 1
0 0.501389 0.5 0.05 1
0 0.501389 0.5 0.05 1
0 0.501389 0.5 0.05 1
0 0.501389 0.5 0.05 1
0 0.501389 0.5 0.05 1
0 0.501389 0.5 0.05 1
0 0.501389 0.5 0.05 1
0 0.501389 0.5 0.05 1
0 0.501389 0.5 0.05 1
0 0.501389 0.5 0.05 1
0 0.501389 0.5 0.05 1
0 0.501389 0.5 0.05 1
0 0.501389 0.5 0.05 1
0 0.501389 0.5 0.05 1
0 0.501389 0.5 0.05 1
0 0.501389 0.5 0.05 1
0 0.501389 0.5 0.05 1
0 0.501389 0.5 0.05 1
0 0.501389 0.5 0.05 1
0 0.501389 0.5 0.05 1
0 0.501389 0.5 0.05 1
0 0.501389 0.5 0.05 1
0 0.501389 0.5 0.05 1
0 0.501389 0.5 0.05 1
0 0.501389 0.5 0.05 1
0 0.501389 0.5 0.05 1
0 0.501389 0.5 0.05 1
0 0.501389 0.5 0.05 1
0 0.501389 0.5 0.05 1
0 0.501389 0.5 0.05 1
0 0.501389 0.5 0.05 1
0 0.502083 0.5 0.0486111 1
0 0.501389 0.5 0.05 1
0 0.502083 0.5 0.0486111 1
0 0.501389 0.5 0.05 1
0 0.501389 0.5 0.05 1
0 0.501389 0.5 0.05 1
0 0.501389 0.5 0.05 1
0 0.501389 0.5 0.05 1
0 0.501389 0.5 0.05 1
0 0.501389 0.5 0.05 1
0 0.501389 0.5 0.05 1
0 0.502083 0.5 0.0486111 1
0 0.502083 0.5 0.0486111 1
0 0.501389 0.5 0.05 1
0 0.502083 0.5 0.0486111 1
0 0.501389 0.5 0.05 1
0 0.501389 0.5 0.05 1
0 0.501389 0.5 0.05 1
0 0.501389 0.5 0.05 1
0 0.501389 0.5 0.05 1
0 0.501389 0.5 0.0472222 1
0 0.501389 0.5 0.0472222 1
0 0.501389 0.5 0.05 1
0 0.501389 0.5 0.0472222 1
0 0.501389 0.5 0.05 1
0 0.501389 0.5 0.0472222 1
0 0.501389 0.5 0.0472222 1
0 0.501389 0.5 0.05 1
0 0.500694 0.5 0.0486111 1
0 0.501389 0.5 0.0472222 1
0 0.501389 0.5 0.0472222 1
0 0.500694 0.5 0.0486111 1
0 0.501389 0.5 0.0472222 1
0 0.501389 0.5 0.0472222 1
0 0.500694 0.5 0.0486111 1
0 0.501389 0.5 0.0472222 1
0 0.501389 0.5 0.05 1
0 0.501389 0.5 0.0472222 1
0 0.501389 0.5 0.0472222 1
0 0.501389 0.5 0.05 1
0 0.501389 0.5 0.0472222 1
0 0.501389 0.5 0.0472222 1
0 0.501389 0.5 0.0472222 1
0 0.500694 0.5 0.0486111 1
0 0.501389 0.5 0.0472222 1
0 0.501389 0.5 0.05 1
0 0.501389 0.5 0.05 1
0 0.501389 0.5 0.0472222 1
0 0.501389 0.5 0.0472222 1
0 0.501389 0.5 0.0472222 1
0 0.501389 0.5 0.05 1
0 0.501389 0.5 0.0472222 1
0 0.501389 0.5 0.0472222 1
0 0.501389 0.5 0.0472222 1
0 0.501389 0.5 0.0472222 1
0 0.501389 0.5 0.0472222 1
0 0.501389 0.5 0.0472222 1
0 0.501389 0.5 0.0472222 1
0 0.501389 0.5 0.0472222 1
0 0.501389 0.5 0.0472222 1
0 0.501389 0.5 0.0472222 1
0 0.501389 0.5 0.0472222 1
0 0.501389 0.5 0.0472222 1
0 0.501389 0.5 0.0472222 1
0 0.501389 0.5 0.0472222 1
0 0.501389 0.5 0.0472222 1
0 0.501389 0.5 0.0472222 1
0 0.501389 0.5 0.0472222 1
0 0.501389 0.5 0.0472222 1
0 0.501389 0.5 0.0472222 1
0 0.501389 0.5 0.0472222 1
0 0.501389 0.5 0.0472222 1
0 0.501389 0.5 0.0472222 1
0 0.501389 0.5 0.0472222 1
0 0.501389 0.5 0.0472222 1
0 0.501389 0.5 0.0472222 1
0 0.501389 0.5 0.0472222 1
0 0.501389 0.5 0.0472222 1
0 0.501389 0.5 0.0472222 1
0 0.501389 0.5 0.0472222 1
0 0.501389 0.5 0.0472222 1
0 0.501389 0.5 0.0472222 1
0 0.501389 0.5 0.0472222 1
0 0.501389 0.5 0.0472222 1
0 0.501389 0.5 0.0472222 1
0 0.501389 0.5 0.0472222 1
0 0.501389 0.5 0.0472222 1
0 0.501389 0.5 0.0472222 1
0 0.501389 0.5 0.0472222 1
0 0.501389 0.5 0.0472222 1
0 0.501389 0.5 0.0472222 1
0 0.501389 0.5 0.0472222 1
0 0.501389 0.5 0.0472222 1
0 0.501389 0.5 0.0472222 1
0 0.501389 0.5 0.0472222 1
0 0.501389 0.5 0.0472222 1
0 0.501389 0.5 0.0472222 1
0 0.501389 0.5 0.0472222 1
0 0.501389 0.5 0.0472222 1
0 0.501389 0.5 0.0472222 1
0 0.501389 0.5 0.0472222 1
0 0.501389 0.5 0.0472222 1
0 0.501389 0.5 0.0472222 1
0 0.501389 0.5 0.0472222 1
0 0.501389 0.5 0.0472222 1
0 0.501389 0.5 0.0472222 1
0 0.501389 0.5 0.0472222 1
0 0.501389 0.5 0.0472222 1
0 0.501389 0.5 0.0472222 1
0 0.501389 0.5 0.0472222 1
0 0.501389 0.5 0.0472222 1
0 0.501389 0.5 0.0472222 1
0 0.501389 0.5 0.0472222 1
0 0.501389 0.5 0.0472222 1
0 0.501389 0.5 0.0472222 1
0 0.501389 0.5 0.0472222 1
0 0.501389 0.5 0.0472222 1
0 0.501389 0.5 0.0472222 1
0 0.501389 0.5 0.0472222 1
0 0.501389 0.5 0.05 1
0 0.501389 0.5 0.0472222 1
0 0.501389 0.5 0.05 1
0 0.501389 0.5 0.0472222 1
0 0.501389 0.5 0.0472222 1
0 0.501389 0.5 0.0472222 1
0 0.500694 0.5 0.0486111 1
0 0.501389 0.5 0.0472222 1
0 0.501389 0.5 0.0472222 1
0 0.501389 0.5 0.0472222 1
0 0.501389 0.5 0.0472222 1
0 0.501389 0.5 0.05 1
0 0.501389 0.5 0.0472222 1
0 0.501389 0.5 0.05 1
0 0.500694 0.5 0.0486111 1
0 0.501389 0.5 0.05 1
0 0.501389 0.5 0.05 1
0 0.501389 0.5 0.05 1
0 0.502083 0.5 0.0486111 1
0 0.501389 0.5 0.05 1
0 0.501389 0.5 0.05 1
0 0.502083 0.5 0.0486111 1
0 0.501389 0.5 0.05 1
0 0.502083 0.5 0.0486111 1
0 0.502083 0.5 0.0486111 1
0 0.501389 0.5 0.05 1
0 0.501389 0.5 0.05 1
0 0.501389 0.5 0.05 1
0 0.501389 0.5 0.05 1
0 0.501389 0.5 0.05 1
0 0.502083 0.5 0.0486111 1
0 0.501389 0.5 0.05 1
0 0.502083 0.5 0.0486111 1
0 0.501389 0.5 0.05 1
0 0.501389 0.5 0.0472222 1
0 0.501389 0.5 0.05 1
0 0.501389 0.5 0.05 1
0 0.501389 0.5 0.05 1
0 0.501389 0.5 0.05 1
0 0.501389 0.5 0.05 1
0 0.501389 0.5 0.0472222 1
0 0.501389 0.5 0.05 1
0 0.501389 0.5 0.0472222 1
0 0.501389 0.5 0.05 1
0 0.501389 0.5 0.0472222 1
0 0.501389 0.5 0.05 1
0 0.501389 0.5 0.05 1
0 0.501389 0.5 0.05 1
0 0.501389 0.5 0.05 1
0 0.501389 0.5 0.05 1
0 0.501389 0.5 0.05 1
0 0.501389 0.5 0.05 1
0 0.501389 0.5 0.05 1
0 0.501389 0.5 0.05 1
0 0.502083 0.5 0.0486111 1
0 0.501389 0.5 0.05 1
0 0.501389 0.5 0.05 1
0 0.501389 0.5 0.05 1
0 0.501389 0.5 0.05 1
0 0.501389 0.5 0.05 1
0 0.501389 0.5 0.05 1
0 0.501389 0.5 0.05 1
0 0.501389 0.5 0.05 1
0 0.501389 0.5 0.05 1
0 0.501389 0.5 0.0472222 1
0 0.501389 0.5 0.05 1
0 0.501389 0.5 0.05 1
0 0.501389 0.5 0.05 1
0 0.501389 0.5 0.05 1
0 0.501389 0.5 0.0472222 1
0 0.501389 0.5 0.05 1
0 0.501389 0.5 0.05 1
0 0.501389 0.5 0.05 1
0 0.501389 0.5 0.05 1
0 0.501389 0.5 0.0472222 1
0 0.501389 0.5 0.0472222 1
0 0.501389 0.5 0.0472222 1
0 0.501389 0.5 0.0472222 1
0 0.501389 0.5 0.0472222 1
0 0.501389 0.5 0.0472222 1
0 0.501389 0.5 0.0472222 1
0 0.501389 0.5 0.0472222 1
0 0.501389 0.5 0.0472222 1
0 0.501389 0.5 0.0472222 1
0 0.501389 0.5 0.0472222 1
0 0.501389 0.5 0.0472222 1
0 0.501389 0.5 0.0472222 1
0 0.501389 0.5 0.0472222 1
0 0.500694 0.5 0.0486111 1
0 0.501389 0.5 0.0472222 1
0 0.501389 0.5 0.0472222 1
0 0.500694 0.5 0.0486111 1
0 0.501389 0.5 0.0472222 1
0 0.500694 0.5 0.0486111 1
0 0.501389 0.5 0.0472222 1
0 0.501389 0.5 0.0472222 1
0 0.501389 0.5 0.05 1
0 0.501389 0.5 0.0472222 1
0 0.501389 0.5 0.0472222 1
0 0.500694 0.5 0.0486111 1
0 0.500694 0.5 0.0486111 1
0 0.501389 0.5 0.0472222 1
0 0.501389 0.5 0.05 1
0 0.501389 0.5 0.0472222 1
0 0.501389 0.5 0.05 1
0 0.501389 0.5 0.05 1
0 0.501389 0.5 0.0472222 1
0 0.501389 0.5 0.05 1
0 0.501389 0.5 0.05 1
0 0.501389 0.5 0.05 1
0 0.501389 0.5 0.05 1
0 0.501389 0.5 0.05 1
0 0.501389 0.5 0.0472222 1
0 0.501389 0.5 0.05 1
0 0.501389 0.5 0.0472222 1
0 0.501389 0.5 0.05 1
0 0.501389 0.5 0.05 1
0 0.501389 0.5 0.0472222 1
0 0.501389 0.5 0.05 1
0 0.501389 0.5 0.05 1
0 0.501389 0.5 0.05 1
0 0.501389 0.5 0.05 1
0 0.502083 0.5 0.0486111 1
0 0.502083 0.5 0.0486111 1
0 0.500694 0.5 0.0486111 1
0 0.501389 0.5 0.05 1
0 0.501389 0.5 0.0472222 1
0 0.501389 0.5 0.0472222 1
0 0.501389 0.5 0.0472222 1
0 0.501389 0.5 0.0472222 1
0 0.500694 0.5 0.0486111 1
0 0.501389 0.5 0.0472222 1
0 0.501389 0.5 0.0472222 1
0 0.501389 0.5 0.0472222 1
0 0.501389 0.5 0.05 1
0 0.501389 0.5 0.0472222 1
0 0.501389 0.5 0.0472222 1
0 0.501389 0.5 0.0472222 1
0 0.501389 0.5 0.0472222 1
0 0.501389 0.5 0.0472222 1
0 0.501389 0.5 0.0472222 1
0 0.501389 0.5 0.0472222 1
0 0.501389 0.5 0.0472222 1
0 0.501389 0.5 0.0472222 1
0 0.501389 0.5 0.0472222 1
0 0.501389 0.5 0.0472222 1
0 0.501389 0.5 0.0472222 1
0 0.501389 0.5 0.0472222 1
0 0.501389 0.5 0.0472222 1
0 0.501389 0.5 0.0472222 1
0 0.501389 0.5 0.0472222 1
0 0.501389 0.5 0.0472222 1
0 0.501389 0.5 0.0472222 1
0 0.501389 0.5 0.0472222 1
0 0.501389 0.5 0.0472222 1
0 0.501389 0.5 0.0472222 1
0 0.501389 0.5 0.0472222 1
0 0.501389 0.5 0.0472222 1
0 0.501389 0.5 0.0472222 1
0 0.501389 0.5 0.0472222 1
0 0.501389 0.5 0.0472222 1
0 0.501389 0.5 0.0472222 1
0 0.501389 0.5 0.0472222 1
0 0.501389 0.5 0.0472222 1
0 0.501389 0.5 0.0472222 1
0 0.501389 0.5 0.0472222 1
0 0.501389 0.5 0.0472222 1
0 0.501389 0.5 0.0472222 1
0 0.501389 0.5 0.0472222 1
0 0.501389 0.5 0.0472222 1
0 0.501389 0.5 0.0472222 1
0 0.501389 0.5 0.0472222 1
0 0.501389 0.5 0.0472222 1
0 0.501389 0.5 0.0472222 1
0 0.501389 0.5 0.0472222 1
0 0.501389 0.5 0.0472222 1
0 0.501389 0.5 0.0472222 1
0 0.501389 0.5 0.0472222 1
0 0.501389 0.5 0.0472222 1
0 0.501389 0.5 0.0472222 1
0 0.501389 0.5 0.0472222 1
0 0.501389 0.5 0.0472222 1
0 0.501389 0.5 0.0472222 1
0 0.501389 0.5 0.0472222 1
0 0.501389 0.5 0.0472222 1
0 0.501389 0.5 0.0472222 1
0 0.501389 0.5 0.0472222 1
0 0.501389 0.5 0.0472222 1
0 0.501389 0.5 0.0472222 1
0 0.46875 0 0.0208333 0
0 0.46875 0 0.0208333 0
0 0.469444 0 0.0222222 0
0 0.466667 0 0.0222222 0
0 0.465278 0 0.0222222 0
0 0.464583 0 0.0208333 0
0 0.4625 0 0.0194444 0
0 0.461111 0 0.0222222 0
0 0.459722 0 0.0222222 0
0 0.458333 0 0.0222222 0
0 0.458333 0 0.0222222 0
0 0.458333 0 0.0222222 0
0 0.458333 0 0.0222222 0
0 0.457639 0 0.0208333 0
0 0.456944 0 0.0222222 0
0 0.455556 0 0.0222222 0
0 0.455556 0 0.0222222 0
0 0.454167 0 0.0222222 0
0 0.454167 0 0.0222222 0
0 0.454167 0 0.0222222 0
0 0.454167 0 0.0222222 0
0 0.454167 0 0.0222222 0
0 0.453472 0 0.0236111 0
0 0.453472 0 0.0236111 0
0 0.452778 0 0.0222222 0
0 0.453472 0 0.0208333 0
0 0.453472 0 0.0208333 0
0 0.454167 0 0.0222222 0
0 0.454167 0 0.0222222 0
0 0.454167 0 0.0222222 0
0 0.454167 0 0.0222222 0
0 0.454167 0 0.0222222 0
0 0.454167 0 0.0222222 0
0 0.454167 0 0.0222222 0
0 0.454167 0 0.0222222 0
0 0.454167 0 0.0222222 0
0 0.454167 0 0.0222222 0
0 0.454167 0 0.0222222 0
0 0.454167 0 0.0222222 0
0 0.454167 0 0.0222222 0
0 0.454167 0 0.0222222 0
0 0.454167 0 0.0222222 0
0 0.454167 0 0.0222222 0
0 0.454167 0 0.0222222 0
0 0.454167 0 0.0222222 0
0 0.454167 0 0.0222222 0
0 0.454167 0 0.0222222 0
0 0.454167 0 0.0222222 0
0 0.454167 0 0.0222222 0
0 0.454167 0 0.0222222 0
0 0.454167 0 0.0222222 0
0 0.454167 0 0.0222222 0
0 0.454167 0 0.0222222 0
0 0.454167 0 0.0222222 0
0 0.454167 0 0.0222222 0
0 0.454167 0 0.0222222 0
0 0.454167 0 0.0222222 0
0 0.454167 0 0.0222222 0
0 0.454167 0 0.0222222 0
0 0.454167 0 0.0222222 0
0 0.454167 0 0.0222222 0
0 0.454167 0 0.0222222 0
0 0.454167 0 0.0222222 0
0 0.454167 0 0.0222222 0
0 0.454167 0 0.0222222 0
0 0.454167 0 0.0222222 0
0 0.454167 0 0.0222222 0
0 0.454167 0 0.0222222 0
0 0.454167 0 0.0222222 0
0 0.454167 0 0.0222222 0
0 0.454167 0 0.0222222 0
0 0.454167 0 0.0222222 0
0 0.454167 0 0.0222222 0
0 0.454167 0 0.0222222 0
0 0.454167 0 0.0222222 0
0 0.454167 0 0.0222222 0
0 0.454167 0 0.0222222 0
0 0.454167 0 0.0222222 0
0 0.454167 0 0.0222222 0
0 0.454167 0 0.0222222 0
0 0.454167 0 0.0222222 0
0 0.454167 0 0.0222222 0
0 0.454167 0 0.0222222 0
0 0.454167 0 0.0222222 0
0 0.454167 0 0.0222222 0
0 0.454167 0 0.0222222 0
0 0.454167 0 0.0222222 0
0 0.454167 0 0.0222222 0
0 0.454167 0 0.0222222 0
0 0.454167 0 0.0222222 0
0 0.454167 0 0.0222222 0
0 0.454167 0 0.0222222 0
0 0.454167 0 0.0222222 0
0 0.454167 0 0.0222222 0
0 0.454167 0 0.0222222 0
0 0.454167 0 0.0222222 0
0 0.454167 0 0.0222222 0
0 0.454167 0 0.0222222 0
0 0.454167 0 0.0222222 0
0 0.454167 0 0.0222222 0
0 0.454167 0 0.0222222 0
0 0.454167 0 0.0222222 0
0 0.454167 0 0.0222222 0
0 0.454167 0 0.0222222 0
0 0.454167 0 0.0222222 0
0 0.454167 0 0.0222222 0
0 0.454167 0 0.0222222 0
0 0.454167 0 0.0222222 0
0 0.454167 0 0.0222222 0
0 0.454167 0 0.0222222 0
0 0.454167 0 0.0222222 0
0 0.454167 0 0.0222222 0
0 0.454167 0 0.0222222 0
0 0.454167 0 0.0222222 0
0 0.454167 0 0.0222222 0
0 0.454167 0 0.0222222 0
0 0.454167 0 0.0222222 0
0 0.454167 0 0.0222222 0
0 0.454167 0 0.0222222 0
0 0.454167 0 0.0222222 0
0 0.454167 0 0.0222222 0
0 0.454167 0 0.0222222 0
0 0.454167 0 0.0222222 0
0 0.454167 0 0.0222222 0
0 0.454167 0 0.0222222 0
0 0.454167 0 0.0222222 0
0 0.454167 0 0.0222222 0
0 0.454167 0 0.0222222 0
0 0.454167 0 0.0222222 0
0 0.454167 0 0.0222222 0
0 0.454167 0 0.0222222 0
0 0.454167 0 0.0222222 0
0 0.454167 0 0.0222222 0
0 0.454167 0 0.0222222 0
0 0.454167 0 0.0222222 0
0 0.454167 0 0.0222222 0
0 0.454167 0 0.0222222 0
0 0.454167 0 0.0222222 0
0 0.454167 0 0.0222222 0
0 0.454167 0 0.0222222 0
0 0.454167 0 0.0222222 0
0 0.454167 0 0.0222222 0
0 0.454167 0 0.0222222 0
0 0.454167 0 0.0222222 0
0 0.454167 0 0.0222222 0
0 0.454167 0 0.0222222 0
0 0.454167 0 0.0222222 0
0 0.454167 0 0.0222222 0
0 0.454167 0 0.0222222 0
0 0.454167 0 0.0222222 0
0 0.454167 0 0.0222222 0
0 0.454167 0 0.0222222 0
0 0.454167 0 0.0222222 0
0 0.454167 0 0.0222222 0
0 0.454167 0 0.0222222 0
0 0.454167 0 0.0222222 0
0 0.454167 0 0.0222222 0
0 0.454167 0 0.0222222 0
0 0.454167 0 0.0222222 0
0 0.454167 0 0.0222222 0
0 0.454167 0 0.0222222 0
0 0.454167 0 0.0222222 0
0 0.454167 0 0.0222222 0
0 0.454167 0 0.0222222 0
0 0.454167 0 0.0222222 0
0 0.454167 0 0.0222222 0
0 0.454167 0 0.0222222 0
0 0.454167 0 0.0222222 0
0 0.454167 0 0.0222222 0
0 0.454167 0 0.0222222 0
0 0.454167 0 0.0222222 0
0 0.454167 0 0.0222222 0
0 0.454167 0 0.0222222 0
0 0.454167 0 0.0222222 0
0 0.454167 0 0.0222222 0
0 0.454167 0 0.0222222 0
0 0.454167 0 0.0222222 0
0 0.454167 0 0.0222222 0
0 0.454167 0 0.0222222 0
0 0.454167 0 0.0222222 0
0 0.454167 0 0.0222222 0
0 0.454167 0 0.0222222 0
0 0.454167 0 0.0222222 0
0 0.454167 0 0.0222222 0
0 0.454167 0 0.0222222 0
0 0.454167 0 0.0222222 0
0 0.454167 0 0.0222222 0
0 0.454167 0 0.0222222 0
0 0.454167 0 0.0222222 0
0 0.454167 0 0.0222222 0
0 0.454167 0 0.0222222 0
0 0.454167 0 0.0222222 0
0 0.454167 0 0.0222222 0
0 0.454167 0 0.0222222 0
0 0.454167 0 0.0222222 0
0 0.454167 0 0.0222222 0
0 0.454167 0 0.0222222 0
0 0.454167 0 0.0222222 0
0 0.454167 0 0.0222222 0
0 0.454167 0 0.0222222 0
0 0.454167 0 0.0222222 0
0 0.454167 0 0.0222222 0
0 0.454167 0 0.0222222 0
0 0.454167 0 0.0222222 0
0 0.454167 0 0.0222222 0
0 0.454167 0 0.0222222 0
0 0.454167 0 0.0222222 0
0 0.454167 0 0.0222222 0
0 0.454167 0 0.0222222 0
0 0.454167 0 0.0222222 0
0 0.454167 0 0.0222222 0
0 0.454167 0 0.0222222 0
0 0.454167 0 0.0222222 0
0 0.454167 0 0.0222222 0
0 0.454167 0 0.0222222 0
0 0.454167 0 0.0222222 0
0 0.454167 0 0.0222222 0
0 0.454167 0 0.0222222 0
0 0.454167 0 0.0222222 0
0 0.454167 0 0.0222222 0
0 0.454167 0 0.0222222 0
0 0.454167 0 0.0222222 0
0 0.454167 0 0.0222222 0
0 0.454167 0 0.0222222 0
0 0.454167 0 0.0222222 0
0 0.454167 0 0.0222222 0
0 0.454167 0 0.0222222 0
0 0.454167 0 0.0222222 0
0 0.454167 0 0.0222222 0
0 0.454167 0 0.0222222 0
0 0.454167 0 0.0222222 0
0 0.454167 0 0.0222222 0
0 0.454167 0 0.0222222 0
0 0.454167 0 0.0222222 0
0 0.454167 0 0.0222222 0
0 0.454167 0 0.0222222 0
0 0.454167 0 0.0222222 0
0 0.454167 0 0.0222222 0
0 0.454167 0 0.0222222 0
0 0.454167 0 0.0222222 0
0 0.454167 0 0.0222222 0
0 0.454167 0 0.0222222 0
0 0.454167 0 0.0222222 0
0 0.454167 0 0.0222222 0
0 0.454167 0 0.0222222 0
0 0.454167 0 0.0222222 0
0 0.454167 0 0.0222222 0
0 0.454167 0 0.0222222 0
0 0.454167 0 0.0222222 0
0 0.454167 0 0.0222222 0
0 0.454167 0 0.0222222 0
0 0.454167 0 0.0222222 0
0 0.454167 0 0.0222222 0
0 0.454167 0 0.0222222 0
0 0.454167 0 0.0222222 0
0 0.454167 0 0.0222222 0
0 0.454167 0 0.0222222 0
0 0.454167 0 0.0222222 0
0 0.454167 0 0.0222222 0
0 0.454167 0 0.0222222 0
0 0.454167 0 0.0222222 0
0 0.454167 0 0.0222222 0
0 0.454167 0 0.0222222 0
0 0.454167 0 0.0222222 0
0 0.454167 0 0.0222222 0
0 0.454167 0 0.0222222 0
0 0.454167 0 0.0222222 0
0 0.454167 0 0.0222222 0
0 0.454167 0 0.0222222 0
0 0.454167 0 0.0222222 0
0 0.454167 0 0.0222222 0
0 0.454167 0 0.0222222 0
0 0.454167 0 0.0222222 0
0 0.454167 0 0.0222222 0
0 0.454167 0 0.0222222 0
0 0.454167 0 0.0222222 0
0 0.454167 0 0.0222222 0
0 0.454167 0 0.0222222 0
0 0.454167 0 0.0222222 0
0 0.454167 0 0.0222222 0
0 0.454167 0 0.0222222 0
0 0.454167 0 0.0222222 0
0 0.454167 0 0.0222222 0
0 0.454167 0 0.0222222 0
0 0.454167 0 0.0222222 0
0 0.454167 0 0.0222222 0
0 0.454167 0 0.0222222 0
0 0.454167 0 0.0222222 0
0 0.454167 0 0.0222222 0
0 0.454167 0 0.0222222 0
0 0.454167 0 0.0222222 0
0 0.454167 0 0.0222222 0
0 0.454167 0 0.0222222 0
0 0.454167 0 0.0222222 0
0 0.454167 0 0.0222222 0
0 0.454167 0 0.0222222 0
0 0.454167 0 0.0222222 0
0 0.454167 0 0.0222222 0
0 0.454167 0 0.0222222 0
0 0.454167 0 0.0222222 0
0 0.454167 0 0.0222222 0
0 0.454167 0 0.0222222 0
0 0.454167 0 0.0222222 0
0 0.454167 0 0.0222222 0
0 0.454167 0 0.0222222 0
0 0.454167 0 0.0222222 0
0 0.454167 0 0.0222222 0
0 0.454167 0 0.0222222 0
0 0.454167 0 0.0222222 0
0 0.454167 0 0.0222222 0
0 0.454167 0 0.0222222 0
0 0.454167 0 0.0222222 0
0 0.454167 0 0.0222222 0
0 0.454167 0 0.0222222 0
0 0.454167 0 0.0222222 0
0 0.454167 0 0.0222222 0
0 0.454167 0 0.0222222 0
0 0.454167 0 0.0222222 0
0 0.454167 0 0.0222222 0
0 0.454167 0 0.0222222 0
0 0.454167 0 0.0222222 0
0 0.454167 0 0.0222222 0
0 0.454167 0 0.0222222 0
0 0.454167 0 0.0222222 0
0 0.454167 0 0.0222222 0
0 0.454167 0 0.0222222 0
0 0.454167 0 0.0222222 0
0 0.454167 0 0.0222222 0
0 0.454167 0 0.0222222 0
0 0.454167 0 0.0222222 0
0 0.454167 0 0.0222222 0
0 0.454167 0 0.0222222 0
0 0.454167 0 0.0222222 0
0 0.454167 0 0.0222222 0
0 0.454167 0 0.0222222 0
0 0.454167 0 0.0222222 0
0 0.454167 0 0.0222222 0
0 0.454167 0 0.0222222 0
0 0.454167 0 0.0222222 0
0 0.454167 0 0.0222222 0
0 0.454167 0 0.0222222 0
0 0.454167 0 0.0222222 0
0 0.454167 0 0.0222222 0
0 0.454167 0 0.0222222 0
0 0.454167 0 0.0222222 0
0 0.454167 0 0.0222222 0
0 0.454167 0 0.0222222 0
0 0.454167 0 0.0222222 0
0 0.454167 0 0.0222222 0
0 0.454167 0 0.0222222 0
