0 0.479861 0 0.0291667 0
0 0.479861 0 0.0291667 0
0 0.479861 0 0.0291667 0
0 0.479861 0 0.0291667 0
0 0.479861 0 0.0291667 0
0 0.479861 0 0.0291667 0
0 0.479861 0 0.0291667 0
0 0.479861 0 0.0291667 0
0 0.479861 0 0.0291667 0
0 0.479861 0 0.0291667 0
0 0.479861 0 0.0291667 0
0 0.479861 0 0.0291667 0
0 0.479861 0 0.0291667 0
0 0.479861 0 0.0291667 0
0 0.479861 0 0.0291667 0
0 0.479861 0 0.0291667 0
0 0.479861 0 0.0291667 0
0 0.479861 0 0.0291667 0
0 0.479861 0 0.0291667 0
0 0.479861 0 0.0291667 0
0 0.479861 0 0.0291667 0
0 0.479861 0 0.0291667 0
0 0.479861 0 0.0291667 0
0 0.479861 0 0.0291667 0
0 0.479861 0 0.0291667 0
0 0.479861 0 0.0291667 0
0 0.479861 0 0.0291667 0
0 0.479861 0 0.0291667 0
0 0.479861 0 0.0291667 0
0 0.477778 0 0.0305556 0
0 0.479167 0 0.0194444 0
0 0.477778 0 0.0194444 0
0 0.474306 0 0.0208333 0
0 0.471528 0 0.0208333 0
0 0.469444 0 0.0222222 0
0 0.466667 0 0.0222222 0
0 0.466667 0 0.0222222 0
0 0.466667 0 0.0222222 0
0 0.459722 0 0.0222222 0
0 0.458333 0 0.0222222 0
0 0.458333 0 0.0222222 0
0 0.454861 0 0.0236111 0
0 0.452083 0 0.0208333 0
0 0.447222 0 0.0222222 0
0 0.44375 0 0.0208333 0
0 0.440278 0 0.0222222 0
0 0.440278 0 0.0222222 0
0 0.439583 0 0.0208333 0
0 0.436111 0 0.0222222 0
0 0.434722 0 0.0222222 0
0 0.434722 0 0.0222222 0
0 0.433333 0 0.0222222 0
0 0.432639 0 0.0208333 0
0 0.432639 0 0.0208333 0
0 0.432639 0 0.0208333 0
0 0.433333 0 0.0222222 0
0 0.434028 0 0.0236111 0
0 0.434722 0 0.0222222 0
0 0.434722 0 0.0222222 0
0 0.434722 0 0.0222222 0
0 0.436111 0 0.0222222 0
0 0.438194 0 0.0208333 0
0 0.439583 0 0.0208333 0
0 0.441667 0 0.0222222 0
0 0.445139 0 0.0208333 0
0 0.445833 0.5 0.0222222 1
0 0.449306 0.5 0.0208333 1
0 0.449306 0.5 0.0208333 1
0 0.454167 0.5 0.0222222 1
0 0.455556 0.5 0.0222222 1
0 0.459028 1 0.0208333 0
0 0.461806 1 0.0208333 0
0 0.463194 1 0.0208333 0
0 0.464583 1 0.0208333 0
0 0.466667 1 0.0222222 0
0 0.469444 1 0.0194444 0
0 0.470139 1 0.0208333 0
0 0.470139 1 0.0208333 0
0 0.471528 1 0.0208333 0
0 0.471528 1 0.0208333 0
0 0.472222 1 0.0222222 0
0 0.472917 1 0.0208333 0
0 0.472222 1 0.0222222 0
0 0.471528 1 0.0208333 0
0 0.470833 1 0.0222222 0
0 0.470833 1 0.0222222 0
0 0.469444 1 0.0194444 0
0 0.466667 1 0.0222222 0
0 0.464583 1 0.0208333 0
0 0.461111 1 0.0222222 0
0 0.456944 1 0.0194444 0
0 0.455556 1 0.0222222 0
0 0.454167 1 0.0222222 0
0 0.454167 1 0.0222222 0
0 0.452083 0.5 0.0208333 1
0 0.448611 0.5 0.0222222 1
0 0.447222 0.5 0.0222222 1
0 0.445139 0.5 0.0208333 1
0 0.442361 0.5 0.0208333 1
0 0.440972 0.5 0.0236111 1
0 0.440972 0.5 0.0236111 1
0 0.440278 0.5 0.0222222 1
0 0.439583 0.5 0.0208333 1
0 0.438194 0.5 0.0208333 1
0 0.4375 0.5 0.0194444 1
0 0.436806 0.5 0.0208333 1
0 0.436111 0.5 0.0222222 1
0 0.436111 0.5 0.0222222 1
0 0.436111 0.5 0.0222222 1
0 0.436111 0.5 0.0222222 1
0 0.436111 0.5 0.0222222 1
0 0.436111 0.5 0.0222222 1
0 0.436111 0.5 0.0222222 1
0 0.436111 0.5 0.0222222 1
0 0.436111 0.5 0.0222222 1
0 0.436111 0.5 0.0222222 1
0 0.436111 0.5 0.0222222 1
0 0.436111 0.5 0.0222222 1
0 0.436111 0.5 0.0222222 1
0 0.436111 0.5 0.0222222 1
0 0.436111 0.5 0.0222222 1
0 0.436111 0.5 0.0222222 1
0 0.436111 0.5 0.0222222 1
0 0.436111 0.5 0.0222222 1
0 0.436111 0.5 0.0222222 1
0 0.436111 0.5 0.0222222 1
0 0.436111 0.5 0.0222222 1
0 0.436111 0.5 0.0222222 1
0 0.436111 0.5 0.0222222 1
0 0.436111 0.5 0.0222222 1
0 0.436111 0.5 0.0222222 1
0 0.436111 0.5 0.0222222 1
0 0.436111 0.5 0.0222222 1
0 0.436111 0.5 0.0222222 1
0 0.436111 0.5 0.0222222 1
0 0.436111 0.5 0.0222222 1
0 0.436111 0.5 0.0222222 1
0 0.436111 0.5 0.0222222 1
0 0.436111 0.5 0.0222222 1
0 0.436111 0.5 0.0222222 1
0 0.436111 0.5 0.0222222 1
0 0.436111 0.5 0.0222222 1
0 0.436111 0.5 0.0222222 1
0 0.436111 0.5 0.0222222 1
0 0.436111 0.5 0.0222222 1
0 0.436111 0.5 0.0222222 1
0 0.436111 0.5 0.0222222 1
0 0.436111 0.5 0.0222222 1
0 0.436111 0.5 0.0222222 1
0 0.436111 0.5 0.0222222 1
0 0.436111 0.5 0.0222222 1
0 0.436111 0.5 0.0222222 1
0 0.436111 0.5 0.0222222 1
0 0.436111 0.5 0.0222222 1
0 0.436111 0.5 0.0222222 1
0 0.436111 0.5 0.0222222 1
0 0.436111 0.5 0.0222222 1
0 0.436111 0.5 0.0222222 1
0 0.436111 0.5 0.0222222 1
0 0.436111 0.5 0.0222222 1
0 0.436111 0.5 0.0222222 1
0 0.436111 0.5 0.0222222 1
0 0.436111 0.5 0.0222222 1
0 0.436111 0.5 0.0222222 1
0 0.436111 0.5 0.0222222 1
0 0.436111 0.5 0.0222222 1
0 0.436111 0.5 0.0222222 1
0 0.436111 0.5 0.0222222 1
0 0.436111 0.5 0.0222222 1
0 0.436111 0.5 0.0222222 1
0 0.436111 0.5 0.0222222 1
0 0.436111 0.5 0.0222222 1
0 0.436111 0.5 0.0222222 1
0 0.436111 0.5 0.0222222 1
0 0.436111 0.5 0.0222222 1
0 0.436111 0.5 0.0222222 1
0 0.436111 0.5 0.0222222 1
0 0.436111 0.5 0.0222222 1
0 0.436111 0.5 0.0222222 1
0 0.436111 0.5 0.0222222 1
0 0.436111 0.5 0.0222222 1
0 0.436111 0.5 0.0222222 1
0 0.436111 0.5 0.0222222 1
0 0.436111 0.5 0.0222222 1
0 0.436111 0.5 0.0222222 1
0 0.436111 0.5 0.0222222 1
0 0.436111 0.5 0.0222222 1
0 0.436111 0.5 0.0222222 1
0 0.436111 0.5 0.0222222 1
0 0.436111 0.5 0.0222222 1
0 0.436111 0.5 0.0222222 1
0 0.436111 0.5 0.0222222 1
0 0.436111 0.5 0.0222222 1
0 0.436111 0.5 0.0222222 1
0 0.436111 0.5 0.0222222 1
0 0.436111 0.5 0.0222222 1
0 0.436111 0.5 0.0222222 1
0 0.436111 0.5 0.0222222 1
0 0.436111 0.5 0.0222222 1
0 0.436111 0.5 0.0222222 1
0 0.436111 0.5 0.0222222 1
0 0.436111 0.5 0.0222222 1
0 0.436111 0.5 0.0222222 1
0 0.436111 0.5 0.0222222 1
0 0.436111 0.5 0.0222222 1
0 0.436111 0.5 0.0222222 1
0 0.436111 0.5 0.0222222 1
0 0.436111 0.5 0.0222222 1
0 0.436111 0.5 0.0222222 1
0 0.436111 0.5 0.0222222 1
0 0.436111 0.5 0.0222222 1
0 0.436111 0.5 0.0222222 1
0 0.436111 0.5 0.0222222 1
0 0.436111 0.5 0.0222222 1
0 0.436111 0.5 0.0222222 1
0 0.436111 0.5 0.0222222 1
0 0.436111 0.5 0.0222222 1
0 0.436111 0.5 0.0222222 1
0 0.436111 0.5 0.0222222 1
0 0.436111 0.5 0.0222222 1
0 0.436111 0.5 0.0222222 1
0 0.436111 0.5 0.0222222 1
0 0.436111 0.5 0.0222222 1
0 0.436111 0.5 0.0222222 1
0 0.436111 0.5 0.0222222 1
0 0.436111 0.5 0.0222222 1
0 0.436111 0.5 0.0222222 1
0 0.436111 0.5 0.0222222 1
0 0.436111 0.5 0.0222222 1
0 0.436111 0.5 0.0222222 1
0 0.436111 0.5 0.0222222 1
0 0.436111 0.5 0.0222222 1
0 0.436111 0.5 0.0222222 1
0 0.436111 0.5 0.0222222 1
0 0.436111 0.5 0.0222222 1
0 0.436111 0.5 0.0222222 1
0 0.436111 0.5 0.0222222 1
0 0.436111 0.5 0.0222222 1
0 0.436111 0.5 0.0222222 1
0 0.436111 0.5 0.0222222 1
0 0.436111 0.5 0.0222222 1
0 0.436111 0.5 0.0222222 1
0 0.436111 0.5 0.0222222 1
0 0.436111 0.5 0.0222222 1
0 0.436111 0.5 0.0222222 1
0 0.436111 0.5 0.0222222 1
0 0.436111 0.5 0.0222222 1
0 0.436111 0.5 0.0222222 1
0 0.436111 0.5 0.0222222 1
0 0.436111 0.5 0.0222222 1
0 0.436111 0.5 0.0222222 1
0 0.436111 0.5 0.0222222 1
0 0.436111 0.5 0.0222222 1
0 0.436111 0.5 0.0222222 1
0 0.436111 0.5 0.0222222 1
0 0.436111 0.5 0.0222222 1
0 0.436111 0.5 0.0222222 1
0 0.436111 0.5 0.0222222 1
0 0.436111 0.5 0.0222222 1
0 0.436111 0.5 0.0222222 1
0 0.436111 0.5 0.0222222 1
0 0.436111 0.5 0.0222222 1
0 0.436111 0.5 0.0222222 1
0 0.436111 0.5 0.0222222 1
0 0.436111 0.5 0.0222222 1
0 0.436111 0.5 0.0222222 1
0 0.436111 0.5 0.0222222 1
0 0.436111 0.5 0.0222222 1
0 0.436111 0.5 0.0222222 1
0 0.436111 0.5 0.0222222 1
0 0.436111 0.5 0.0222222 1
0 0.436111 0.5 0.0222222 1
0 0.436111 0.5 0.0222222 1
0 0.436111 0.5 0.0222222 1
0 0.436111 0.5 0.0222222 1
0 0.436111 0.5 0.0222222 1
0 0.436111 0.5 0.0222222 1
0 0.436111 0.5 0.0222222 1
0 0.436111 0.5 0.0222222 1
0 0.436111 0.5 0.0222222 1
0 0.436111 0.5 0.0222222 1
0 0.436111 0.5 0.0222222 1
0 0.436111 0.5 0.0222222 1
0 0.436111 0.5 0.0222222 1
0 0.436111 0.5 0.0222222 1
0 0.436111 0.5 0.0222222 1
0 0.436111 0.5 0.0222222 1
0 0.436111 0.5 0.0222222 1
0 0.436111 0.5 0.0222222 1
0 0.436111 0.5 0.0222222 1
0 0.436111 0.5 0.0222222 1
0 0.436111 0.5 0.0222222 1
0 0.436111 0.5 0.0222222 1
0 0.436111 0.5 0.0222222 1
0 0.436111 0.5 0.0222222 1
0 0.436111 0.5 0.0222222 1
0 0.436111 0.5 0.0222222 1
0 0.436111 0.5 0.0222222 1
0 0.436111 0.5 0.0222222 1
0 0.436111 0.5 0.0222222 1
0 0.436111 0.5 0.0222222 1
0 0.436111 0.5 0.0222222 1
0 0.436111 0.5 0.0222222 1
0 0.436111 0.5 0.0222222 1
0 0.436111 0.5 0.0222222 1
0 0.436111 0.5 0.0222222 1
0 0.436111 0.5 0.0222222 1
0 0.436111 0.5 0.0222222 1
0 0.436111 0.5 0.0222222 1
0 0.436111 0.5 0.0222222 1
0 0.436111 0.5 0.0222222 1
0 0.436111 0.5 0.0222222 1
0 0.436111 0.5 0.0222222 1
0 0.436111 0.5 0.0222222 1
0 0.436111 0.5 0.0222222 1
0 0.436111 0.5 0.0222222 1
0 0.436111 0.5 0.0222222 1
0 0.436111 0.5 0.0222222 1
0 0.436111 0.5 0.0222222 1
0 0.436111 0.5 0.0222222 1
0 0.436111 0.5 0.0222222 1
0 0.436111 0.5 0.0222222 1
0 0.436111 0.5 0.0222222 1
0 0.436111 0.5 0.0222222 1
0 0.436111 0.5 0.0222222 1
0 0.436111 0.5 0.0222222 1
0 0.436111 0.5 0.0222222 1
0 0.436111 0.5 0.0222222 1
0 0.436111 0.5 0.0222222 1
0 0.436111 0.5 0.0222222 1
0 0.436111 0.5 0.0222222 1
0 0.436111 0.5 0.0222222 1
0 0.436111 0.5 0.0222222 1
0 0.436111 0.5 0.0222222 1
0 0.436111 0.5 0.0222222 1
0 0.436111 0.5 0.0222222 1
0 0.436111 0.5 0.0222222 1
0 0.436111 0.5 0.0222222 1
0 0.436111 0.5 0.0222222 1
0 0.436111 0.5 0.0222222 1
0 0.436111 0.5 0.0222222 1
0 0.436111 0.5 0.0222222 1
0 0.436111 0.5 0.0222222 1
0 0.436111 0.5 0.0222222 1
0 0.436111 0.5 0.0222222 1
0 0.436111 0.5 0.0222222 1
0 0.436111 0.5 0.0222222 1
0 0.436111 0.5 0.0222222 1
0 0.436111 0.5 0.0222222 1
0 0.436111 0.5 0.0222222 1
0 0.436111 0.5 0.0222222 1
0 0.436111 0.5 0.0222222 1
0 0.436111 0.5 0.0222222 1
0 0.436111 0.5 0.0222222 1
0 0.436111 0.5 0.0222222 1
0 0.436111 0.5 0.0222222 1
0 0.436111 0.5 0.0222222 1
0 0.436111 0.5 0.0222222 1
0 0.436111 0.5 0.0222222 1
0 0.436111 0.5 0.0222222 1
0 0.436111 0.5 0.0222222 1
0 0.436111 0.5 0.0222222 1
0 0.436111 0.5 0.0222222 1
0 0.436111 0.5 0.0222222 1
0 0.436111 0.5 0.0222222 1
0 0.436111 0.5 0.0222222 1
0 0.436111 0.5 0.0222222 1
0 0.436111 0.5 0.0222222 1
0 0.436111 0.5 0.0222222 1
0 0.436111 0.5 0.0222222 1
0 0.436111 0.5 0.0222222 1
0 0.436111 0.5 0.0222222 1
0 0.436111 0.5 0.0222222 1
0 0.436111 0.5 0.0222222 1
0 0.436111 0.5 0.0222222 1
0 0.436111 0.5 0.0222222 1
0 0.436111 0.5 0.0222222 1
0 0.436111 0.5 0.0222222 1
0 0.436111 0.5 0.0222222 1
0 0.436111 0.5 0.0222222 1
0 0.436111 0.5 0.0222222 1
0 0.436111 0.5 0.0222222 1
0 0.436111 0.5 0.0222222 1
0 0.436111 0.5 0.0222222 1
0 0.436111 0.5 0.0222222 1
0 0.436111 0.5 0.0222222 1
0 0.436111 0.5 0.0222222 1
0 0.436111 0.5 0.0222222 1
0 0.436111 0.5 0.0222222 1
0 0.436111 0.5 0.0222222 1
0 0.436111 0.5 0.0222222 1
0 0.436111 0.5 0.0222222 1
0 0.436111 0.5 0.0222222 1
0 0.436111 0.5 0.0222222 1
0 0.436111 0.5 0.0222222 1
0 0.436111 0.5 0.0222222 1
0 0.436111 0.5 0.0222222 1
0 0.436111 0.5 0.0222222 1
0 0.436111 0.5 0.0222222 1
0 0.436111 0.5 0.0222222 1
0 0.436111 0.5 0.0222222 1
0 0.436111 0.5 0.0222222 1
0 0.436111 0.5 0.0222222 1
0 0.436111 0.5 0.0222222 1
0 0.436111 0.5 0.0222222 1
0 0.436111 0.5 0.0222222 1
0 0.436111 0.5 0.0222222 1
0 0.436111 0.5 0.0222222 1
0 0.436111 0.5 0.0222222 1
0 0.436111 0.5 0.0222222 1
0 0.436111 0.5 0.0222222 1
0 0.436111 0.5 0.0222222 1
0 0.436111 0.5 0.0222222 1
0 0.436111 0.5 0.0222222 1
0 0.436111 0.5 0.0222222 1
0 0.436111 0.5 0.0222222 1
0 0.436111 0.5 0.0222222 1
0 0.436111 0.5 0.0222222 1
0 0.436111 0.5 0.0222222 1
