0 0.447222 0 0.0222222 0
0 0.447222 0 0.0222222 0
0 0.447917 0 0.0208333 0
0 0.447917 0 0.0208333 0
0 0.448611 0 0.0222222 0
0 0.449306 0 0.0208333 0
0 0.448611 0 0.0222222 0
0 0.448611 0 0.0222222 0
0 0.45 0 0.0194444 0
0 0.450694 0 0.0208333 0
0 0.450694 0 0.0208333 0
0 0.450694 0 0.0208333 0
0 0.450694 0 0.0208333 0
0 0.450694 0 0.0208333 0
0 0.45 0 0.0194444 0
0 0.450694 0 0.0208333 0
0 0.451389 0 0.0194444 0
0 0.451389 0 0.0194444 0
0 0.451389 0 0.0194444 0
0 0.452083 0 0.0208333 0
0 0.452083 0 0.0208333 0
0 0.452083 0 0.0208333 0
0 0.452083 0 0.0208333 0
0 0.452083 0 0.0208333 0
0 0.452083 0 0.0208333 0
0 0.452083 0 0.0208333 0
0 0.452778 0 0.0222222 0
0 0.453472 0 0.0208333 0
0 0.453472 0 0.0208333 0
0 0.453472 0 0.0208333 0
0 0.454167 0 0.0222222 0
0 0.455556 0 0.0222222 0
0 0.455556 0 0.0222222 0
0 0.45625 0 0.0208333 0
0 0.45625 0 0.0208333 0
0 0.45625 0 0.0208333 0
0 0.45625 0 0.0208333 0
0 0.45625 0 0.0208333 0
0 0.456944 0 0.0194444 0
0 0.456944 0 0.0194444 0
0 0.456944 0 0.0194444 0
0 0.454861 0 0.0208333 0
0 0.453472 0 0.0208333 0
0 0.453472 0 0.0208333 0
0 0.451389 0 0.0194444 0
0 0.451389 0 0.0194444 0
0 0.451389 0 0.0194444 0
0 0.451389 0 0.0194444 0
0 0.451389 0 0.0194444 0
0 0.451389 0 0.0194444 0
0 0.451389 0 0.0194444 0
0 0.450694 0 0.0208333 0
0 0.451389 0 0.0194444 0
0 0.451389 0 0.0194444 0
0 0.451389 0 0.0194444 0
0 0.450694 0 0.0208333 0
0 0.45 0 0.0194444 0
0 0.45 0 0.0194444 0
0 0.45 0 0.0194444 0
0 0.45 0 0.0194444 0
0 0.45 0 0.0194444 0
0 0.45 0 0.0194444 0
0 0.465972 0 0.0347222 0
0 0.451389 0 0.0194444 0
0 0.452083 0 0.0180556 0
0 0.451389 0 0.0194444 0
0 0.452083 0 0.0208333 0
0 0.452083 0 0.0208333 0
0 0.453472 0 0.0208333 0
0 0.453472 0 0.0208333 0
0 0.453472 0 0.0208333 0
0 0.453472 0 0.0208333 0
0 0.453472 0 0.0208333 0
0 0.453472 0 0.0208333 0
0 0.454861 0 0.0208333 0
0 0.454861 0 0.0208333 0
0 0.454861 0 0.0208333 0
0 0.454861 0 0.0208333 0
0 0.454861 0 0.0208333 0
0 0.454861 0 0.0208333 0
0 0.454861 0 0.0208333 0
0 0.454861 0 0.0208333 0
0 0.454861 0 0.0208333 0
0 0.454861 0 0.0208333 0
0 0.454861 0 0.0208333 0
0 0.454861 0 0.0208333 0
0 0.454861 0 0.0208333 0
0 0.454861 0 0.0208333 0
0 0.454861 0 0.0208333 0
0 0.454861 0 0.0208333 0
0 0.454861 0 0.0208333 0
0 0.454861 0 0.0208333 0
0 0.454861 0 0.0208333 0
0 0.454861 0 0.0208333 0
0 0.454861 0 0.0208333 0
0 0.454861 0 0.0208333 0
0 0.454861 0 0.0208333 0
0 0.454861 0 0.0208333 0
0 0.454861 0 0.0208333 0
0 0.454861 0 0.0208333 0
0 0.454861 0 0.0208333 0
0 0.454861 0 0.0208333 0
0 0.454861 0 0.0208333 0
0 0.454861 0 0.0208333 0
0 0.454861 0 0.0208333 0
0 0.454861 0 0.0208333 0
0 0.454861 0 0.0208333 0
0 0.454861 0 0.0208333 0
0 0.454861 0 0.0208333 0
0 0.454861 0 0.0208333 0
0 0.454861 0 0.0208333 0
0 0.454861 0 0.0208333 0
0 0.454861 0 0.0208333 0
0 0.454861 0 0.0208333 0
0 0.454861 0 0.0208333 0
0 0.454861 0 0.0208333 0
0 0.454861 0 0.0208333 0
0 0.454861 0 0.0208333 0
0 0.454861 0 0.0208333 0
0 0.454861 0 0.0208333 0
0 0.454861 0 0.0208333 0
0 0.454861 0 0.0208333 0
0 0.454861 0 0.0208333 0
0 0.454861 0 0.0208333 0
0 0.454861 0 0.0208333 0
0 0.454861 0 0.0208333 0
0 0.454861 0 0.0208333 0
0 0.454861 0 0.0208333 0
0 0.454861 0 0.0208333 0
0 0.454861 0 0.0208333 0
0 0.454861 0 0.0208333 0
0 0.454861 0 0.0208333 0
0 0.454861 0 0.0208333 0
0 0.454861 0 0.0208333 0
0 0.454861 0 0.0208333 0
0 0.454861 0 0.0208333 0
0 0.454861 0 0.0208333 0
0 0.454861 0 0.0208333 0
0 0.454861 0 0.0208333 0
0 0.454861 0 0.0208333 0
0 0.454861 0 0.0208333 0
0 0.454861 0 0.0208333 0
0 0.454861 0 0.0208333 0
0 0.454861 0 0.0208333 0
0 0.454861 0 0.0208333 0
0 0.454861 0 0.0208333 0
0 0.454861 0 0.0208333 0
0 0.454861 0 0.0208333 0
0 0.454861 0 0.0208333 0
0 0.454861 0 0.0208333 0
0 0.454861 0 0.0208333 0
0 0.454861 0 0.0208333 0
0 0.454861 0 0.0208333 0
0 0.454861 0 0.0208333 0
0 0.454861 0 0.0208333 0
0 0.454861 0 0.0208333 0
0 0.454861 0 0.0208333 0
0 0.454861 0 0.0208333 0
0 0.454861 0 0.0208333 0
0 0.454861 0 0.0208333 0
0 0.454861 0 0.0208333 0
0 0.454861 0 0.0208333 0
0 0.454861 0 0.0208333 0
0 0.454861 0 0.0208333 0
0 0.454861 0 0.0208333 0
0 0.454861 0 0.0208333 0
0 0.454861 0 0.0208333 0
0 0.454861 0 0.0208333 0
0 0.454861 0 0.0208333 0
0 0.454861 0 0.0208333 0
0 0.454861 0 0.0208333 0
0 0.454861 0 0.0208333 0
0 0.454861 0 0.0208333 0
0 0.454861 0 0.0208333 0
0 0.454861 0 0.0208333 0
0 0.454861 0 0.0208333 0
0 0.454861 0 0.0208333 0
0 0.454861 0 0.0208333 0
0 0.454861 0 0.0208333 0
0 0.454861 0 0.0208333 0
0 0.454861 0 0.0208333 0
0 0.454861 0 0.0208333 0
0 0.454861 0 0.0208333 0
0 0.454861 0 0.0208333 0
0 0.454861 0 0.0208333 0
0 0.454861 0 0.0208333 0
0 0.454861 0 0.0208333 0
0 0.454861 0 0.0208333 0
0 0.454861 0 0.0208333 0
0 0.454861 0 0.0208333 0
0 0.454861 0 0.0208333 0
0 0.454861 0 0.0208333 0
0 0.454861 0 0.0208333 0
0 0.454861 0 0.0208333 0
0 0.454861 0 0.0208333 0
0 0.454861 0 0.0208333 0
0 0.454861 0 0.0208333 0
0 0.454861 0 0.0208333 0
0 0.454861 0 0.0208333 0
0 0.454861 0 0.0208333 0
0 0.454861 0 0.0208333 0
0 0.454861 0 0.0208333 0
0 0.454861 0 0.0208333 0
0 0.454861 0 0.0208333 0
0 0.454861 0 0.0208333 0
0 0.454861 0 0.0208333 0
0 0.454861 0 0.0208333 0
0 0.454861 0 0.0208333 0
0 0.454861 0 0.0208333 0
0 0.454861 0 0.0208333 0
0 0.454861 0 0.0208333 0
0 0.454861 0 0.0208333 0
0 0.454861 0 0.0208333 0
0 0.454861 0 0.0208333 0
0 0.454861 0 0.0208333 0
0 0.454861 0 0.0208333 0
0 0.454861 0 0.0208333 0
0 0.454861 0 0.0208333 0
0 0.454861 0 0.0208333 0
0 0.454861 0 0.0208333 0
0 0.454861 0 0.0208333 0
0 0.454861 0 0.0208333 0
0 0.454861 0 0.0208333 0
0 0.454861 0 0.0208333 0
0 0.454861 0 0.0208333 0
0 0.454861 0 0.0208333 0
0 0.454861 0 0.0208333 0
0 0.454861 0 0.0208333 0
0 0.454861 0 0.0208333 0
0 0.454861 0 0.0208333 0
0 0.454861 0 0.0208333 0
0 0.454861 0 0.0208333 0
0 0.454861 0 0.0208333 0
0 0.454861 0 0.0208333 0
0 0.454861 0 0.0208333 0
0 0.454861 0 0.0208333 0
0 0.454861 0 0.0208333 0
0 0.454861 0 0.0208333 0
0 0.454861 0 0.0208333 0
0 0.454861 0 0.0208333 0
0 0.454861 0 0.0208333 0
0 0.454861 0 0.0208333 0
0 0.454861 0 0.0208333 0
0 0.454861 0 0.0208333 0
0 0.454861 0 0.0208333 0
0 0.454861 0 0.0208333 0
0 0.454861 0 0.0208333 0
0 0.454861 0 0.0208333 0
0 0.454861 0 0.0208333 0
0 0.454861 0 0.0208333 0
0 0.454861 0 0.0208333 0
0 0.454861 0 0.0208333 0
0 0.454861 0 0.0208333 0
0 0.454861 0 0.0208333 0
0 0.454861 0 0.0208333 0
0 0.454861 0 0.0208333 0
0 0.454861 0 0.0208333 0
0 0.454861 0 0.0208333 0
0 0.454861 0 0.0208333 0
0 0.454861 0 0.0208333 0
0 0.454861 0 0.0208333 0
0 0.454861 0 0.0208333 0
0 0.454861 0 0.0208333 0
0 0.454861 0 0.0208333 0
0 0.454861 0 0.0208333 0
0 0.454861 0 0.0208333 0
0 0.454861 0 0.0208333 0
0 0.454861 0 0.0208333 0
0 0.454861 0 0.0208333 0
0 0.454861 0 0.0208333 0
0 0.454861 0 0.0208333 0
0 0.454861 0 0.0208333 0
0 0.454861 0 0.0208333 0
0 0.454861 0 0.0208333 0
0 0.454861 0 0.0208333 0
0 0.454861 0 0.0208333 0
0 0.454861 0 0.0208333 0
0 0.454861 0 0.0208333 0
0 0.454861 0 0.0208333 0
0 0.454861 0 0.0208333 0
0 0.454861 0 0.0208333 0
0 0.454861 0 0.0208333 0
0 0.454861 0 0.0208333 0
0 0.454861 0 0.0208333 0
0 0.454861 0 0.0208333 0
0 0.454861 0 0.0208333 0
0 0.454861 0 0.0208333 0
0 0.454861 0 0.0208333 0
0 0.454861 0 0.0208333 0
0 0.454861 0 0.0208333 0
0 0.454861 0 0.0208333 0
0 0.454861 0 0.0208333 0
0 0.454861 0 0.0208333 0
0 0.454861 0 0.0208333 0
0 0.454861 0 0.0208333 0
0 0.454861 0 0.0208333 0
0 0.454861 0 0.0208333 0
0 0.454861 0 0.0208333 0
0 0.454861 0 0.0208333 0
0 0.454861 0 0.0208333 0
0 0.454861 0 0.0208333 0
0 0.454861 0 0.0208333 0
0 0.454861 0 0.0208333 0
0 0.454861 0 0.0208333 0
0 0.454861 0 0.0208333 0
0 0.454861 0 0.0208333 0
0 0.454861 0 0.0208333 0
0 0.454861 0 0.0208333 0
0 0.454861 0 0.0208333 0
0 0.454861 0 0.0208333 0
0 0.454861 0 0.0208333 0
0 0.454861 0 0.0208333 0
0 0.454861 0 0.0208333 0
0 0.454861 0 0.0208333 0
0 0.454861 0 0.0208333 0
0 0.454861 0 0.0208333 0
0 0.454861 0 0.0208333 0
0 0.454861 0 0.0208333 0
0 0.454861 0 0.0208333 0
0 0.454861 0 0.0208333 0
0 0.454861 0 0.0208333 0
0 0.454861 0 0.0208333 0
0 0.454861 0 0.0208333 0
0 0.454861 0 0.0208333 0
0 0.454861 0 0.0208333 0
0 0.454861 0 0.0208333 0
0 0.454861 0 0.0208333 0
0 0.454861 0 0.0208333 0
0 0.454861 0 0.0208333 0
0 0.454167 0 0.0194444 0
0 0.454167 0 0.0194444 0
0 0.454167 0 0.0194444 0
0 0.454167 0 0.0194444 0
0 0.454167 0 0.0194444 0
0 0.454861 0 0.0208333 0
0 0.454861 0 0.0208333 0
0 0.454167 0 0.0222222 0
0 0.454861 0 0.0208333 0
0 0.454167 0 0.0222222 0
0 0.454167 0 0.0222222 0
0 0.454167 0 0.0222222 0
0 0.454167 0 0.0222222 0
0 0.454167 0 0.0222222 0
0 0.454167 0 0.0222222 0
0 0.454167 0 0.0222222 0
0 0.454167 0 0.0222222 0
0 0.454167 0 0.0222222 0
0 0.454167 0 0.0222222 0
0 0.454167 0 0.0222222 0
0 0.454167 0 0.0222222 0
0 0.453472 0 0.0208333 0
0 0.453472 0 0.0208333 0
0 0.453472 0 0.0208333 0
0 0.453472 0 0.0208333 0
0 0.453472 0 0.0208333 0
0 0.453472 0 0.0208333 0
0 0.453472 0 0.0208333 0
0 0.453472 0 0.0208333 0
0 0.453472 0 0.0208333 0
0 0.454167 0 0.0222222 0
0 0.454861 0 0.0208333 0
0 0.454861 0 0.0208333 0
0 0.455556 0 0.025 0
0 0.455556 0 0.025 0
0 0.456944 0 0.0277778 0
0 0.456944 0 0.0277778 0
0 0.45625 0 0.0291667 0
0 0.45625 0 0.0291667 0
0 0.456944 0 0.0277778 0
0 0.456944 0 0.0277778 0
0 0.455556 0 0.0333333 0
0 0.455556 0 0.0222222 0
0 0.45625 0 0.0291667 0
0 0.455556 0 0.0222222 0
0 0.45625 0 0.0291667 0
0 0.455556 0 0.0222222 0
0 0.454861 0 0.0236111 0
0 0.454167 0 0.0277778 0
0 0.454167 0 0.025 0
0 0.454167 0 0.0222222 0
0 0.454167 0 0.0222222 0
0 0.454167 0 0.0222222 0
0 0.454861 0 0.0208333 0
0 0.45625 0 0.0208333 0
0 0.457639 0 0.0208333 0
0 0.4625 0 0.0333333 0
0 0.459028 0 0.0208333 0
0 0.4625 0 0.0333333 0
0 0.459028 0 0.0208333 0
0 0.459028 0 0.0208333 0
0 0.459722 0 0.0222222 0
0 0.460417 0 0.0208333 0
0 0.464583 0 0.0430556 0
0 0.460417 0 0.0208333 0
0 0.464583 0 0.0430556 0
0 0.460417 0 0.0208333 0
0 0.460417 0 0.0430556 0
0 0.4625 0 0.0222222 0
0 0.461806 0 0.0430556 0
0 0.461806 0 0.0208333 0
0 0.461806 0 0.0208333 0
0 0.457639 0 0.0513889 0
0 0.460417 0 0.0541667 0
0 0.461806 0 0.0236111 0
0 0.460417 0 0.0541667 0
0 0.461806 0 0.0236111 0
0 0.463889 0 0.0194444 0
0 0.456944 0 0.0722222 0
0 0.4625 0 0.0416667 0
0 0.464583 0 0.0236111 0
0 0.464583 0 0.0236111 0
0 0.464583 0 0.0291667 0
0 0.464583 0 0.0291667 0
0 0.45625 0 0.0708333 0
0 0.45625 0 0.0708333 0
0 0.45 0 0.00555556 0
0 0.991667 1 0.0166667 0
0 0.991667 1 0.0166667 0
0 0.991667 1 0.0166667 0
0 0.991667 1 0.0166667 0
0 0.989583 1 0.0208333 0
0 0.9875 1 0.025 0
0 0.46875 0 0.0208333 0
0 0.466667 0 0.0222222 0
0 0.464583 0 0.0208333 0
0 0.463194 0 0.0208333 0
0 0.461111 0 0.0222222 0
0 0.461111 0 0.0222222 0
0 0.457639 0 0.0208333 0
0 0.457639 0 0.0208333 0
0 0.454861 0 0.0236111 0
0 0.452778 0 0.0222222 0
0 0.452083 0 0.0208333 0
0 0.449306 0 0.0236111 0
0 0.448611 0 0.0222222 0
0 0.447917 0 0.0236111 0
0 0.446528 0 0.0208333 0
0 0.445833 0.5 0.0222222 1
0 0.445139 0.5 0.0208333 1
0 0.44375 0.5 0.0208333 1
0 0.44375 0.5 0.0208333 1
0 0.443056 1 0.0222222 0
0 0.443056 1 0.0222222 0
0 0.443056 1 0.0222222 0
0 0.443056 1 0.0222222 0
0 0.443056 1 0.0222222 0
0 0.443056 1 0.0222222 0
0 0.442361 1 0.0236111 0
0 0.441667 1 0.0222222 0
0 0.441667 1 0.0222222 0
0 0.440972 1 0.0208333 0
0 0.440278 1 0.0222222 0
0 0.439583 1 0.0208333 0
0 0.438889 1 0.0222222 0
0 0.438889 1 0.0222222 0
0 0.438194 1 0.0208333 0
0 0.438194 1 0.0208333 0
0 0.438194 1 0.0208333 0
0 0.438194 1 0.0208333 0
0 0.438194 1 0.0208333 0
0 0.438194 1 0.0208333 0
0 0.438194 1 0.0208333 0
0 0.435417 1 0.0208333 0
0 0.434028 1 0.0208333 0
0 0.434028 1 0.0208333 0
0 0.432639 1 0.0208333 0
0 0.43125 1 0.0208333 0
0 0.430556 1 0.0222222 0
0 0.430556 1 0.0222222 0
0 0.430556 1 0.0222222 0
0 0.430556 1 0.0222222 0
0 0.430556 1 0.0222222 0
0 0.429167 1 0.0222222 0
0 0.427083 1 0.0208333 0
0 0.427083 1 0.0208333 0
0 0.425 1 0.0194444 0
0 0.423611 1 0.0222222 0
0 0.423611 1 0.0222222 0
0 0.424306 1 0.0208333 0
0 0.424306 1 0.0208333 0
0 0.424306 1 0.0208333 0
0 0.424306 1 0.0208333 0
0 0.424306 1 0.0208333 0
0 0.427083 1 0.0208333 0
0 0.429861 1 0.0208333 0
0 0.433333 1 0.0222222 0
0 0.433333 1 0.0222222 0
0 0.434722 1 0.0222222 0
0 0.436111 1 0.0222222 0
0 0.438194 1 0.0208333 0
0 0.438194 1 0.0208333 0
0 0.438194 1 0.0208333 0
0 0.438194 1 0.0208333 0
0 0.438194 1 0.0208333 0
0 0.440278 1 0.0222222 0
0 0.440278 1 0.0222222 0
0 0.441667 0.5 0.0222222 1
0 0.44375 0.5 0.0208333 1
0 0.445833 0.5 0.0222222 1
0 0.447222 0 0.0222222 0
0 0.447222 0 0.0222222 0
0 0.447222 0 0.0222222 0
0 0.447222 0 0.0222222 0
0 0.447222 0 0.0222222 0
0 0.447222 0 0.0222222 0
0 0.447222 0 0.0222222 0
0 0.447222 0 0.0222222 0
0 0.447917 0 0.0208333 0
0 0.449306 0 0.0208333 0
0 0.448611 0 0.0222222 0
0 0.450694 0 0.0208333 0
0 0.450694 0 0.0208333 0
0 0.450694 0 0.0208333 0
0 0.450694 0 0.0208333 0
0 0.450694 0 0.0208333 0
0 0.450694 0 0.0208333 0
0 0.45 0 0.0194444 0
0 0.450694 0 0.0208333 0
0 0.450694 0 0.0208333 0
0 0.451389 0 0.0194444 0
0 0.451389 0 0.0194444 0
0 0.452083 0 0.0208333 0
0 0.452083 0 0.0208333 0
0 0.452778 0 0.0222222 0
0 0.452778 0 0.0222222 0
0 0.453472 0 0.0208333 0
0 0.454167 0 0.0222222 0
0 0.454167 0 0.0222222 0
0 0.454167 0 0.0222222 0
0 0.454167 0 0.0222222 0
0 0.454167 0 0.0222222 0
0 0.454167 0 0.0222222 0
0 0.454861 0 0.0208333 0
0 0.455556 0 0.0222222 0
0 0.455556 0 0.0222222 0
0 0.456944 0 0.0194444 0
0 0.456944 0 0.0194444 0
0 0.45625 0 0.0208333 0
0 0.454861 0 0.0208333 0
0 0.454861 0 0.0208333 0
0 0.454861 0 0.0208333 0
0 0.454861 0 0.0208333 0
0 0.454861 0 0.0208333 0
0 0.454861 0 0.0208333 0
0 0.452083 0 0.0208333 0
0 0.451389 0 0.0194444 0
0 0.451389 0 0.0194444 0
0 0.451389 0 0.0194444 0
0 0.451389 0 0.0194444 0
0 0.451389 0 0.0194444 0
0 0.451389 0 0.0194444 0
0 0.451389 0 0.0194444 0
0 0.451389 0 0.0194444 0
0 0.451389 0 0.0194444 0
0 0.451389 0 0.0194444 0
0 0.450694 0 0.0208333 0
0 0.450694 0 0.0208333 0
0 0.465972 0 0.0347222 0
0 0.451389 0 0.0194444 0
0 0.452083 0 0.0208333 0
0 0.451389 0 0.0194444 0
0 0.452083 0 0.0208333 0
0 0.452083 0 0.0208333 0
0 0.452083 0 0.0208333 0
0 0.452083 0 0.0208333 0
0 0.452083 0 0.0208333 0
0 0.452083 0 0.0208333 0
0 0.452083 0 0.0208333 0
0 0.453472 0 0.0208333 0
0 0.454861 0 0.0208333 0
0 0.454861 0 0.0236111 0
0 0.454167 0 0.0277778 0
0 0.45625 0 0.0236111 0
0 0.45625 0 0.0236111 0
0 0.45625 0 0.0236111 0
0 0.45625 0 0.0236111 0
0 0.45625 0 0.0236111 0
0 0.45625 0 0.0236111 0
0 0.456944 0 0.0222222 0
0 0.456944 0 0.025 0
0 0.456944 0 0.0277778 0
0 0.45625 0 0.0291667 0
0 0.45625 0 0.0291667 0
0 0.45625 0 0.0291667 0
0 0.455556 0 0.0277778 0
0 0.455556 0 0.0277778 0
0 0.455556 0 0.0277778 0
0 0.455556 0 0.0277778 0
0 0.45625 0 0.0263889 0
0 0.455556 0 0.0277778 0
0 0.454861 0 0.0347222 0
0 0.454861 0 0.0236111 0
0 0.454861 0 0.0236111 0
0 0.454861 0 0.0236111 0
0 0.454167 0 0.025 0
0 0.454167 0 0.025 0
0 0.454167 0 0.025 0
0 0.454167 0 0.0222222 0
0 0.457639 0 0.0208333 0
0 0.458333 0 0.0194444 0
0 0.459722 0 0.0333333 0
0 0.459722 0 0.0194444 0
0 0.459722 0 0.0333333 0
0 0.459722 0 0.0194444 0
0 0.464583 0 0.0375 0
0 0.460417 0 0.0208333 0
0 0.459722 0 0.0388889 0
0 0.460417 0 0.0208333 0
0 0.461806 0 0.0375 0
0 0.460417 0 0.0208333 0
0 0.461111 0 0.0388889 0
0 0.460417 0 0.0208333 0
0 0.461111 0 0.0388889 0
0 0.460417 0 0.0208333 0
0 0.463194 0 0.0375 0
0 0.460417 0 0.0208333 0
0 0.460417 0 0.0208333 0
0 0.458333 0 0.0472222 0
0 0.461111 0 0.0222222 0
0 0.461111 0 0.0416667 0
0 0.4625 0 0.0194444 0
0 0.459028 0 0.0541667 0
0 0.4625 0 0.05 0
0 0.4625 0 0.05 0
0 0.455556 0 0.0527778 0
0 0.461806 0 0.0208333 0
0 0.459028 0 0.0513889 0
0 0.4625 0 0.0222222 0
0 0.457639 0 0.0513889 0
0 0.4625 0 0.0222222 0
0 0.457639 0 0.0513889 0
0 0.4625 0 0.0222222 0
0 0.458333 0 0.05 0
0 0.4625 0 0.0222222 0
0 0.461111 0 0.0527778 0
0 0.463194 0 0.0208333 0
0 0.464583 0 0.0208333 0
0 0.463889 0 0.0194444 0
0 0.460417 0 0.0569444 0
0 0.459722 0 0.0444444 0
0 0.464583 0 0.0208333 0
0 0.459722 0 0.0555556 0
0 0.464583 0 0.0208333 0
0 0.459722 0 0.0555556 0
0 0.464583 0 0.0208333 0
0 0.452778 0 0.0666667 0
0 0.452778 0 0.0694444 0
0 0.455556 0 0.0611111 0
0 0.45 0 0.00833333 0
0 0.45 0 0.00555556 0
0 0.45 0 0.00555556 0
0 0.45 0 0.00555556 0
0 0.45 0 0.00555556 0
0 0.469444 0 0.0222222 0
0 0.466667 0 0.0222222 0
0 0.466667 0 0.0222222 0
0 0.465278 0 0.0222222 0
0 0.4625 0 0.0194444 0
0 0.459722 0 0.0222222 0
0 0.457639 0 0.0208333 0
0 0.457639 0 0.0208333 0
0 0.454167 0 0.0222222 0
0 0.452778 0 0.0222222 0
0 0.45 0 0.0194444 0
0 0.447917 0 0.0236111 0
0 0.447222 0 0.0222222 0
0 0.447222 0 0.0222222 0
0 0.445833 0.5 0.0222222 1
0 0.445833 0.5 0.0222222 1
0 0.445833 0.5 0.0222222 1
0 0.445833 0.5 0.0222222 1
0 0.445833 0.5 0.0222222 1
0 0.445833 0.5 0.0222222 1
0 0.444444 0.5 0.0222222 1
0 0.44375 1 0.0208333 0
0 0.442361 1 0.0208333 0
0 0.441667 1 0.0222222 0
0 0.441667 1 0.0222222 0
0 0.441667 1 0.0222222 0
0 0.441667 1 0.0222222 0
0 0.441667 1 0.0222222 0
0 0.441667 1 0.0222222 0
0 0.441667 1 0.0222222 0
0 0.441667 1 0.0222222 0
0 0.440972 1 0.0208333 0
0 0.440278 1 0.0222222 0
0 0.440278 1 0.0222222 0
0 0.439583 1 0.0208333 0
0 0.439583 1 0.0208333 0
0 0.4375 1 0.0194444 0
0 0.4375 1 0.0194444 0
0 0.436806 1 0.0208333 0
0 0.435417 1 0.0208333 0
0 0.434028 1 0.0208333 0
0 0.433333 1 0.0222222 0
0 0.433333 1 0.0222222 0
0 0.433333 1 0.0222222 0
0 0.433333 1 0.0222222 0
0 0.433333 1 0.0222222 0
0 0.431944 1 0.0194444 0
0 0.429167 1 0.0222222 0
0 0.429167 1 0.0222222 0
0 0.427083 1 0.0208333 0
0 0.425694 1 0.0208333 0
0 0.423611 1 0.0222222 0
0 0.423611 1 0.0222222 0
0 0.423611 1 0.0222222 0
0 0.423611 1 0.0222222 0
0 0.423611 1 0.0222222 0
0 0.423611 1 0.0222222 0
0 0.423611 1 0.0222222 0
0 0.424306 1 0.0208333 0
0 0.424306 1 0.0208333 0
0 0.427778 1 0.0222222 0
0 0.43125 1 0.0208333 0
0 0.434722 1 0.0222222 0
0 0.435417 1 0.0208333 0
0 0.435417 1 0.0208333 0
0 0.435417 1 0.0208333 0
0 0.435417 1 0.0208333 0
0 0.435417 1 0.0208333 0
0 0.436111 1 0.0222222 0
0 0.438194 1 0.0208333 0
0 0.438194 1 0.0208333 0
0 0.440278 0.5 0.0222222 1
0 0.443056 0.5 0.0222222 1
0 0.44375 0.5 0.0208333 1
0 0.445139 0.5 0.0208333 1
0 0.445139 0.5 0.0208333 1
0 0.445139 0.5 0.0208333 1
0 0.445139 0.5 0.0208333 1
0 0.445139 0.5 0.0208333 1
0 0.445139 0.5 0.0208333 1
0 0.445833 0.5 0.0222222 1
0 0.447222 0 0.0222222 0
0 0.447222 0 0.0222222 0
0 0.447917 0 0.0208333 0
0 0.449306 0 0.0208333 0
0 0.449306 0 0.0208333 0
0 0.449306 0 0.0208333 0
0 0.449306 0 0.0236111 0
0 0.449306 0 0.0236111 0
0 0.448611 0 0.0222222 0
0 0.448611 0 0.0222222 0
0 0.448611 0 0.0222222 0
0 0.449306 0 0.0208333 0
0 0.45 0 0.0194444 0
0 0.45 0 0.0194444 0
0 0.450694 0 0.0208333 0
0 0.451389 0 0.0194444 0
0 0.451389 0 0.0194444 0
0 0.452083 0 0.0208333 0
0 0.452083 0 0.0208333 0
0 0.452083 0 0.0208333 0
0 0.452083 0 0.0208333 0
0 0.452083 0 0.0208333 0
0 0.452083 0 0.0208333 0
0 0.452083 0 0.0208333 0
0 0.452778 0 0.0222222 0
0 0.452778 0 0.0222222 0
0 0.453472 0 0.0208333 0
0 0.454861 0 0.0208333 0
0 0.454861 0 0.0208333 0
0 0.45625 0 0.0208333 0
0 0.45625 0 0.0208333 0
0 0.456944 0 0.0194444 0
0 0.456944 0 0.0194444 0
0 0.456944 0 0.0194444 0
0 0.456944 0 0.0194444 0
0 0.456944 0 0.0194444 0
0 0.456944 0 0.0194444 0
0 0.456944 0 0.0194444 0
0 0.455556 0 0.0194444 0
0 0.454861 0 0.0208333 0
0 0.452083 0 0.0208333 0
0 0.451389 0 0.0194444 0
0 0.451389 0 0.0194444 0
0 0.450694 0 0.0208333 0
0 0.451389 0 0.0194444 0
0 0.451389 0 0.0194444 0
0 0.451389 0 0.0194444 0
0 0.451389 0 0.0194444 0
0 0.451389 0 0.0194444 0
0 0.451389 0 0.0194444 0
0 0.451389 0 0.0194444 0
0 0.45 0 0.0194444 0
0 0.450694 0 0.0180556 0
0 0.451389 0 0.0194444 0
0 0.451389 0 0.0194444 0
0 0.452083 0 0.0208333 0
0 0.452083 0 0.0208333 0
0 0.451389 0 0.0194444 0
0 0.451389 0 0.0194444 0
0 0.452083 0 0.0208333 0
0 0.452083 0 0.0208333 0
0 0.452083 0 0.0208333 0
0 0.453472 0 0.0208333 0
0 0.454861 0 0.0208333 0
0 0.455556 0 0.0222222 0
0 0.455556 0 0.0222222 0
0 0.454861 0 0.0208333 0
0 0.454861 0 0.0208333 0
0 0.454861 0 0.0208333 0
0 0.454861 0 0.0208333 0
0 0.454861 0 0.0208333 0
0 0.454167 0 0.0277778 0
0 0.456944 0 0.025 0
0 0.457639 0 0.0263889 0
0 0.456944 0 0.0305556 0
0 0.456944 0 0.0277778 0
0 0.456944 0 0.0277778 0
0 0.456944 0 0.0277778 0
0 0.456944 0 0.0277778 0
0 0.456944 0 0.0277778 0
0 0.456944 0 0.0277778 0
0 0.456944 0 0.0277778 0
0 0.455556 0 0.0333333 0
0 0.455556 0 0.0305556 0
0 0.455556 0 0.0305556 0
0 0.455556 0 0.0222222 0
0 0.454861 0 0.0236111 0
0 0.454861 0 0.0236111 0
0 0.454167 0 0.0277778 0
0 0.454167 0 0.0222222 0
0 0.454167 0 0.0222222 0
0 0.454167 0 0.0222222 0
0 0.454167 0 0.0222222 0
0 0.454167 0 0.0222222 0
0 0.454167 0 0.025 0
0 0.454861 0 0.0236111 0
0 0.454861 0 0.0236111 0
0 0.455556 0 0.0222222 0
0 0.455556 0 0.0222222 0
0 0.456944 0 0.0194444 0
0 0.457639 0 0.0208333 0
0 0.457639 0 0.0208333 0
0 0.457639 0 0.0208333 0
0 0.457639 0 0.0208333 0
0 0.457639 0 0.0208333 0
0 0.458333 0 0.0194444 0
0 0.461111 0 0.0305556 0
0 0.459722 0 0.0194444 0
0 0.459722 0 0.0194444 0
0 0.463889 0 0.0416667 0
0 0.460417 0 0.0208333 0
0 0.460417 0 0.0208333 0
0 0.460417 0 0.0208333 0
0 0.463194 0 0.0375 0
0 0.460417 0 0.0208333 0
0 0.4625 0 0.0333333 0
0 0.461111 0 0.0194444 0
0 0.463889 0 0.0388889 0
0 0.461111 0 0.0194444 0
0 0.461806 0 0.0319444 0
0 0.461111 0 0.0194444 0
0 0.461806 0 0.0319444 0
0 0.461111 0 0.0194444 0
0 0.461111 0 0.0222222 0
0 0.464583 0 0.0430556 0
0 0.4625 0 0.0222222 0
0 0.459028 0 0.0541667 0
0 0.461111 0 0.05 0
0 0.456944 0 0.0527778 0
0 0.4625 0 0.0222222 0
0 0.456944 0 0.0555556 0
0 0.461806 0 0.0541667 0
0 0.463889 0 0.0194444 0
0 0.460417 0 0.0569444 0
0 0.463889 0 0.0222222 0
0 0.463889 0 0.0388889 0
0 0.464583 0 0.0208333 0
0 0.460417 0 0.0458333 0
0 0.463889 0 0.0222222 0
0 0.460417 0 0.0458333 0
0 0.463889 0 0.0222222 0
0 0.460417 0 0.0486111 0
0 0.464583 0 0.0208333 0
0 0.459722 0 0.0444444 0
0 0.464583 0 0.0208333 0
0 0.461806 0 0.0486111 0
0 0.465278 0 0.0222222 0
0 0.460417 0 0.0513889 0
0 0.465278 0 0.0222222 0
0 0.460417 0 0.0513889 0
0 0.465278 0 0.0222222 0
0 0.453472 0 0.0791667 0
0 0.453472 0 0.0763889 0
0 0.453472 0 0.0763889 0
0 0.452778 0 0.0777778 0
0 0.454861 0 0.0736111 0
0 0.449306 0 0.00694444 0
0 0.840278 0 0.0138889 0
0 0.46875 0 0.0208333 0
0 0.840278 0 0.0138889 0
0 0.466667 0 0.0222222 0
0 0.543056 0 0.00555556 0
0 0.840278 0 0.0138889 0
0 0.466667 0 0.0222222 0
0 0.838889 0 0.0138889 0
0 0.4625 0 0.0194444 0
0 0.838889 0 0.0138889 0
0 0.4625 0 0.0194444 0
0 0.838194 0 0.0152778 0
0 0.459028 0 0.0208333 0
0 0.8375 0 0.0138889 0
0 0.457639 0 0.0208333 0
0 0.542361 0 0.00694444 0
0 0.836111 0 0.0138889 0
0 0.455556 0 0.0222222 0
0 0.836111 0 0.0138889 0
0 0.453472 0 0.0208333 0
0 0.834722 0 0.0138889 0
0 0.452778 0 0.0222222 0
0 0.834028 0 0.0125 0
0 0.451389 0 0.0194444 0
0 0.539583 0 0.00694444 0
0 0.832639 0 0.0125 0
0 0.449306 0 0.0236111 0
0 0.539583 0 0.00694444 0
0 0.830556 0 0.0138889 0
0 0.446528 0 0.0208333 0
0 0.538194 0 0.00694444 0
0 0.828472 0 0.0152778 0
0 0.445833 0.5 0.0222222 1
0 0.538194 0 0.00694444 0
0 0.828472 0 0.0152778 0
0 0.445833 0.5 0.0222222 1
0 0.896528 0 0.0180556 0
0 0.826389 0 0.0138889 0
0 0.44375 0.5 0.0208333 1
0 0.538889 0 0.00555556 0
0 0.826389 0 0.0138889 0
0 0.443056 1 0.0222222 0
0 0.825694 0 0.0152778 0
0 0.443056 1 0.0222222 0
0 0.825 0 0.0138889 0
0 0.441667 1 0.0222222 0
0 0.824306 0 0.0125 0
0 0.442361 1 0.0208333 0
0 0.823611 0 0.0138889 0
0 0.441667 1 0.0222222 0
0 0.823611 0 0.0138889 0
0 0.441667 1 0.0222222 0
0 0.824306 0 0.0125 0
0 0.441667 1 0.0222222 0
0 0.824306 0 0.0125 0
0 0.441667 1 0.0222222 0
0 0.824306 0 0.0125 0
0 0.441667 1 0.0222222 0
0 0.824306 0 0.0125 0
0 0.441667 1 0.0222222 0
0 0.824306 0 0.0125 0
0 0.441667 1 0.0222222 0
0 0.538194 0 0.00694444 0
0 0.659028 0 0.0152778 0
0 0.824306 0 0.0125 0
0 0.440972 1 0.0208333 0
0 0.824306 0 0.0125 0
0 0.440278 1 0.0222222 0
0 0.824306 0 0.0125 0
0 0.439583 1 0.0208333 0
0 0.825 0 0.0138889 0
0 0.439583 1 0.0208333 0
0 0.663889 0 0.0166667 0
0 0.825 0 0.0138889 0
0 0.438194 1 0.0208333 0
0 0.895139 0 0.0208333 0
0 0.827083 0 0.0152778 0
0 0.436111 1 0.0222222 0
0 0.827083 0 0.0152778 0
0 0.896528 0 0.0208333 0
0 0.434722 1 0.0222222 0
0 0.538889 0 0.00555556 0
0 0.829167 0 0.0138889 0
0 0.434028 1 0.0208333 0
0 0.669444 0 0.0166667 0
0 0.829167 0 0.0138889 0
0 0.433333 1 0.0222222 0
0 0.672917 0 0.0180556 0
0 0.830556 0 0.0138889 0
0 0.430556 1 0.0222222 0
0 0.672917 0 0.0180556 0
0 0.830556 0 0.0138889 0
0 0.430556 1 0.0222222 0
0 0.672222 0 0.0166667 0
0 0.830556 0 0.0138889 0
0 0.430556 1 0.0222222 0
0 0.672917 0 0.0180556 0
0 0.830556 0 0.0138889 0
0 0.430556 1 0.0222222 0
0 0.671528 0 0.0152778 0
0 0.830556 0 0.0138889 0
0 0.430556 1 0.0222222 0
0 0.672917 0 0.0152778 0
0 0.83125 0 0.0125 0
0 0.429167 1 0.0222222 0
0 0.903472 0 0.0208333 0
0 0.831944 0 0.0138889 0
0 0.427778 1 0.0222222 0
0 0.676389 0 0.0194444 0
0 0.833333 0 0.0138889 0
0 0.427083 1 0.0208333 0
0 0.904167 0 0.0166667 0
0 0.834028 0 0.0152778 0
0 0.425694 1 0.0208333 0
0 0.90625 0 0.0180556 0
0 0.834028 0 0.0152778 0
0 0.423611 1 0.0222222 0
0 0.908333 0 0.0194444 0
0 0.836111 0 0.0138889 0
0 0.422917 1 0.0208333 0
0 0.684722 0 0.0166667 0
0 0.8375 0 0.0138889 0
0 0.427083 1 0.0208333 0
0 0.634722 0 0.00833333 0
0 0.8375 0 0.0138889 0
0 0.430556 1 0.0222222 0
0 0.634722 0 0.00833333 0
0 0.8375 0 0.0138889 0
0 0.430556 1 0.0222222 0
0 0.634722 0 0.00833333 0
0 0.8375 0 0.0138889 0
0 0.430556 1 0.0222222 0
0 0.634722 0 0.00833333 0
0 0.8375 0 0.0138889 0
0 0.430556 1 0.0222222 0
0 0.634722 0 0.00833333 0
0 0.8375 0 0.0138889 0
0 0.430556 1 0.0222222 0
0 0.634722 0 0.00833333 0
0 0.8375 0 0.0138889 0
0 0.430556 1 0.0222222 0
0 0.545833 0 0.00555556 0
0 0.838889 0 0.0138889 0
0 0.432639 1 0.0208333 0
0 0.839583 0 0.0152778 0
0 0.435417 1 0.0208333 0
0 0.840278 0 0.0138889 0
0 0.436111 1 0.0222222 0
0 0.915278 0 0.0222222 0
0 0.840278 0 0.0138889 0
0 0.438889 1 0.0194444 0
0 0.840972 0 0.0125 0
0 0.440278 0.5 0.0222222 1
0 0.915278 0 0.0166667 0
0 0.841667 0 0.0138889 0
0 0.442361 0.5 0.0208333 1
0 0.44375 0.5 0.0208333 1
0 0.840972 0 0.0125 0
0 0.916667 0 0.0222222 0
0 0.841667 0 0.0138889 0
0 0.445139 0.5 0.0208333 1
0 0.915972 0 0.0208333 0
0 0.841667 0 0.0138889 0
0 0.445139 0.5 0.0208333 1
0 0.915972 0 0.0208333 0
0 0.841667 0 0.0138889 0
0 0.445139 0.5 0.0208333 1
0 0.915972 0 0.0208333 0
0 0.841667 0 0.0138889 0
0 0.445139 0.5 0.0208333 1
0 0.916667 0 0.0222222 0
0 0.841667 0 0.0138889 0
0 0.445139 0.5 0.0208333 1
0 0.840972 0 0.0125 0
0 0.446528 0 0.0208333 0
0 0.369444 0 0.025 0
0 0.915972 0 0.0208333 0
0 0.841667 0 0.0138889 0
0 0.446528 0 0.0208333 0
0 0.548611 0 0.00555556 0
0 0.914583 0 0.0208333 0
0 0.840278 0 0.0138889 0
0 0.447917 0 0.0208333 0
0 0.913194 0 0.0180556 0
0 0.840972 0 0.0152778 0
0 0.448611 0 0.0222222 0
0 0.449306 0 0.0208333 0
0 0.840278 0 0.0138889 0
0 0.911111 0 0.0194444 0
0 0.684028 0 0.0152778 0
0 0.449306 0 0.0208333 0
0 0.838889 0 0.0138889 0
0 0.911111 0 0.0166667 0
0 0.546528 0 0.00694444 0
0 0.449306 0 0.0208333 0
0 0.838889 0 0.0138889 0
0 0.838889 0 0.0138889 0
0 0.545833 0 0.00555556 0
0 0.449306 0 0.0208333 0
0 0.529861 0 0.00694444 0
0 0.910417 0 0.0180556 0
0 0.545833 0 0.00555556 0
0 0.8375 0 0.0138889 0
0 0.45 0 0.0194444 0
0 0.545139 0 0.00694444 0
0 0.53125 0 0.00694444 0
0 0.8375 0 0.0138889 0
0 0.449306 0 0.0208333 0
0 0.545139 0 0.00694444 0
0 0.529861 0 0.00694444 0
0 0.907639 0 0.0180556 0
0 0.449306 0 0.0208333 0
0 0.836806 0 0.0125 0
0 0.545139 0 0.00694444 0
0 0.836111 0 0.0138889 0
0 0.450694 0 0.0208333 0
0 0.544444 0 0.00555556 0
0 0.468056 0 0.0277778 0
0 0.834028 0 0.0152778 0
0 0.451389 0 0.0194444 0
0 0.544444 0 0.00555556 0
0 0.467361 0 0.0263889 0
0 0.834028 0 0.0152778 0
0 0.451389 0 0.0194444 0
0 0.544444 0 0.00555556 0
0 0.467361 0 0.0263889 0
0 0.834028 0 0.0152778 0
0 0.451389 0 0.0194444 0
0 0.544444 0 0.00555556 0
0 0.467361 0 0.0263889 0
0 0.834028 0 0.0152778 0
0 0.451389 0 0.0194444 0
0 0.544444 0 0.00555556 0
0 0.467361 0 0.0263889 0
0 0.834028 0 0.0152778 0
0 0.451389 0 0.0194444 0
0 0.544444 0 0.00555556 0
0 0.467361 0 0.0263889 0
0 0.834028 0 0.0152778 0
0 0.451389 0 0.0194444 0
0 0.543056 0 0.00833333 0
0 0.832639 0 0.0152778 0
0 0.451389 0 0.0222222 0
0 0.542361 0 0.00694444 0
0 0.54375 0 0.00694444 0
0 0.641667 0 0.00555556 0
0 0.899306 0 0.0180556 0
0 0.83125 0 0.0125 0
0 0.452778 0 0.0222222 0
0 0.54375 0 0.00694444 0
0 0.829861 0 0.0152778 0
0 0.452778 0 0.0222222 0
0 0.54375 0 0.00694444 0
0 0.829167 0 0.0138889 0
0 0.453472 0 0.0208333 0
0 0.54375 0 0.00694444 0
0 0.454167 0 0.0222222 0
0 0.828472 0 0.0125 0
0 0.454861 0 0.0208333 0
0 0.826389 0 0.0138889 0
0 0.455556 0 0.0194444 0
0 0.525694 0 0.00694444 0
0 0.826389 0 0.0138889 0
0 0.45625 0 0.0208333 0
0 0.525694 0 0.00694444 0
0 0.826389 0 0.0138889 0
0 0.45625 0 0.0208333 0
0 0.525694 0 0.00694444 0
0 0.826389 0 0.0138889 0
0 0.45625 0 0.0208333 0
0 0.525694 0 0.00694444 0
0 0.826389 0 0.0138889 0
0 0.45625 0 0.0208333 0
0 0.826389 0 0.0138889 0
0 0.456944 0 0.0194444 0
0 0.539583 0 0.00694444 0
0 0.525 0 0.00833333 0
0 0.826389 0 0.0138889 0
0 0.45625 0 0.0208333 0
0 0.540972 0 0.00694444 0
0 0.525694 0 0.00694444 0
0 0.826389 0 0.0138889 0
0 0.455556 0 0.0194444 0
0 0.542361 0 0.00694444 0
0 0.524306 0 0.00694444 0
0 0.826389 0 0.0138889 0
0 0.453472 0 0.0208333 0
0 0.524306 0 0.00694444 0
0 0.542361 0 0.00694444 0
0 0.825694 0 0.0125 0
0 0.452083 0 0.0208333 0
0 0.542361 0 0.00694444 0
0 0.525 0 0.00833333 0
0 0.826389 0 0.0138889 0
0 0.451389 0 0.0194444 0
0 0.542361 0 0.00694444 0
0 0.525 0 0.00833333 0
0 0.826389 0 0.0138889 0
0 0.451389 0 0.0194444 0
0 0.542361 0 0.00694444 0
0 0.525 0 0.00833333 0
0 0.826389 0 0.0138889 0
0 0.451389 0 0.0194444 0
0 0.542361 0 0.00694444 0
0 0.525 0 0.00833333 0
0 0.826389 0 0.0138889 0
0 0.451389 0 0.0194444 0
0 0.525694 0 0.00694444 0
0 0.450694 0 0.0208333 0
0 0.826389 0 0.0138889 0
0 0.525694 0 0.00694444 0
0 0.827083 0 0.0152778 0
0 0.451389 0 0.0194444 0
0 0.465278 0 0.0305556 0
0 0.527083 0 0.00694444 0
0 0.450694 0 0.0208333 0
0 0.827778 0 0.0138889 0
0 0.527083 0 0.00694444 0
0 0.828472 0 0.0152778 0
0 0.466667 0 0.0305556 0
0 0.451389 0 0.0194444 0
0 0.54375 0 0.00694444 0
0 0.828472 0 0.0152778 0
0 0.45 0 0.0194444 0
0 0.467361 0 0.0291667 0
0 0.527083 0 0.00694444 0
0 0.544444 0 0.00555556 0
0 0.45 0 0.0194444 0
0 0.643056 0 0.00555556 0
0 0.830556 0 0.0138889 0
0 0.468056 0 0.0305556 0
0 0.451389 0 0.0194444 0
0 0.830556 0 0.0138889 0
0 0.451389 0 0.0194444 0
0 0.897917 0 0.0180556 0
0 0.54375 0 0.00694444 0
0 0.543056 0 0.00555556 0
0 0.470139 0 0.0291667 0
0 0.830556 0 0.0138889 0
0 0.451389 0 0.0194444 0
0 0.897917 0 0.0180556 0
0 0.54375 0 0.00694444 0
0 0.543056 0 0.00555556 0
0 0.469444 0 0.0277778 0
0 0.830556 0 0.0138889 0
0 0.451389 0 0.0194444 0
0 0.897917 0 0.0180556 0
0 0.54375 0 0.00694444 0
0 0.543056 0 0.00555556 0
0 0.830556 0 0.0138889 0
0 0.470139 0 0.0291667 0
0 0.451389 0 0.0194444 0
0 0.897917 0 0.0180556 0
0 0.54375 0 0.00694444 0
0 0.543056 0 0.00555556 0
0 0.470139 0 0.0291667 0
0 0.830556 0 0.0138889 0
0 0.451389 0 0.0194444 0
0 0.46875 0 0.0291667 0
0 0.545139 0 0.00694444 0
0 0.898611 0 0.0194444 0
0 0.411806 0 0.00694444 0
0 0.452083 0 0.0208333 0
0 0.545139 0 0.00694444 0
0 0.411806 0 0.00694444 0
0 0.530556 0 0.00833333 0
0 0.832639 0 0.0125 0
0 0.452083 0 0.0208333 0
0 0.545139 0 0.00694444 0
0 0.472222 0 0.0305556 0
0 0.832639 0 0.0125 0
0 0.452083 0 0.0208333 0
0 0.545833 0 0.00833333 0
0 0.53125 0 0.00694444 0
0 0.833333 0 0.0138889 0
0 0.454167 0 0.0222222 0
0 0.4125 0 0.00833333 0
0 0.531944 0 0.00833333 0
0 0.546528 0 0.00694444 0
0 0.454167 0 0.0222222 0
0 0.834722 0 0.0138889 0
0 0.546528 0 0.00694444 0
0 0.834722 0 0.0138889 0
0 0.454861 0 0.0208333 0
0 0.546528 0 0.00694444 0
0 0.834722 0 0.0138889 0
0 0.454861 0 0.0208333 0
0 0.546528 0 0.00694444 0
0 0.834722 0 0.0138889 0
0 0.454861 0 0.0208333 0
0 0.546528 0 0.00694444 0
0 0.834722 0 0.0138889 0
0 0.454861 0 0.0208333 0
0 0.546528 0 0.00694444 0
0 0.834722 0 0.0138889 0
0 0.454861 0 0.0208333 0
0 0.835417 0 0.0152778 0
0 0.531944 0 0.00555556 0
0 0.547222 0 0.00555556 0
0 0.454861 0 0.0236111 0
0 0.533333 0 0.00833333 0
0 0.45625 0 0.0263889 0
0 0.835417 0 0.0125 0
0 0.548611 0 0.00555556 0
0 0.532639 0 0.00694444 0
0 0.836806 0 0.0125 0
0 0.45625 0 0.0263889 0
0 0.465972 0 0.0347222 0
0 0.478472 0 0.0319444 0
0 0.456944 0 0.0305556 0
0 0.836806 0 0.0125 0
0 0.549306 0 0.00694444 0
0 0.414583 0 0.00694444 0
0 0.648611 0 0.00555556 0
0 0.683333 0 0.0138889 0
0 0.45625 0 0.0263889 0
0 0.549306 0 0.00694444 0
0 0.836806 0 0.0125 0
0 0.414583 0 0.00694444 0
0 0.648611 0 0.00555556 0
0 0.683333 0 0.0138889 0
0 0.45625 0 0.0263889 0
0 0.549306 0 0.00694444 0
0 0.836806 0 0.0125 0
0 0.414583 0 0.00694444 0
0 0.648611 0 0.00555556 0
0 0.683333 0 0.0138889 0
0 0.45625 0 0.0263889 0
0 0.549306 0 0.00694444 0
0 0.836806 0 0.0125 0
0 0.414583 0 0.00694444 0
0 0.648611 0 0.00555556 0
0 0.683333 0 0.0138889 0
0 0.45625 0 0.0263889 0
0 0.549306 0 0.00694444 0
0 0.836806 0 0.0125 0
0 0.414583 0 0.00694444 0
0 0.648611 0 0.00555556 0
0 0.683333 0 0.0138889 0
0 0.45625 0 0.0263889 0
0 0.549306 0 0.00694444 0
0 0.836806 0 0.0125 0
0 0.45625 0 0.0291667 0
0 0.647917 0 0.00416667 0
0 0.836806 0 0.0125 0
0 0.45625 0 0.0263889 0
0 0.548611 0 0.00555556 0
0 0.534028 0 0.00694444 0
0 0.836806 0 0.0125 0
0 0.455556 0 0.0361111 0
0 0.549306 0 0.00694444 0
0 0.836806 0 0.0125 0
0 0.455556 0 0.0361111 0
0 0.647917 0 0.00416667 0
0 0.454861 0 0.0236111 0
0 0.549306 0 0.00694444 0
0 0.836111 0 0.0138889 0
0 0.5125 0 0.00833333 0
0 0.413889 0 0.00833333 0
0 0.46875 0 0.0347222 0
0 0.480556 0 0.0305556 0
0 0.533333 0 0.00833333 0
0 0.836111 0 0.0138889 0
0 0.454167 0 0.0222222 0
0 0.414583 0 0.00694444 0
0 0.538194 0 0.0125 0
0 0.532639 0 0.00694444 0
0 0.454167 0 0.0222222 0
0 0.835417 0 0.0125 0
0 0.538194 0 0.0125 0
0 0.532639 0 0.00694444 0
0 0.454167 0 0.0222222 0
0 0.835417 0 0.0125 0
0 0.414583 0 0.00694444 0
0 0.538194 0 0.0125 0
0 0.532639 0 0.00694444 0
0 0.454167 0 0.0222222 0
0 0.835417 0 0.0125 0
0 0.414583 0 0.00694444 0
0 0.538194 0 0.0125 0
0 0.532639 0 0.00694444 0
0 0.454167 0 0.0222222 0
0 0.835417 0 0.0125 0
0 0.466667 0 0.0333333 0
0 0.546528 0 0.00694444 0
0 0.532639 0 0.00694444 0
0 0.454167 0 0.0222222 0
0 0.835417 0 0.0125 0
0 0.565278 0 0.00555556 0
0 0.548611 0 0.00555556 0
0 0.834722 0 0.0138889 0
0 0.454167 0 0.0222222 0
0 0.502083 0 0.00694444 0
0 0.834722 0 0.0111111 0
0 0.547917 0 0.00694444 0
0 0.454167 0 0.0222222 0
0 0.545833 0 0.00833333 0
0 0.440972 0 0.00416667 0
0 0.511806 0 0.00972222 0
0 0.454861 0 0.0208333 0
0 0.513889 0 0.00555556 0
0 0.832639 0 0.0125 0
0 0.546528 0 0.00694444 0
0 0.440972 0 0.00416667 0
0 0.413194 0 0.00694444 0
0 0.45625 0 0.0208333 0
0 0.900694 0 0.0180556 0
0 0.513194 0 0.00694444 0
0 0.545833 0 0.00555556 0
0 0.831944 0 0.0138889 0
0 0.457639 0 0.0208333 0
0 0.531944 0 0.00555556 0
0 0.510417 0 0.00972222 0
0 0.561806 0 0.00416667 0
0 0.545833 0 0.00555556 0
0 0.831944 0 0.0138889 0
0 0.457639 0 0.0208333 0
0 0.545833 0 0.00833333 0
0 0.465278 0 0.0361111 0
0 0.509722 0 0.00833333 0
0 0.53125 0 0.00694444 0
0 0.830556 0 0.0138889 0
0 0.459028 0 0.0208333 0
0 0.463194 0 0.0319444 0
0 0.545833 0 0.00833333 0
0 0.509722 0 0.00833333 0
0 0.53125 0 0.00694444 0
0 0.830556 0 0.0138889 0
0 0.459028 0 0.0208333 0
0 0.464583 0 0.0347222 0
0 0.545833 0 0.00833333 0
0 0.509722 0 0.00833333 0
0 0.53125 0 0.00694444 0
0 0.830556 0 0.0138889 0
0 0.459028 0 0.0208333 0
0 0.4625 0 0.0333333 0
0 0.545833 0 0.00833333 0
0 0.509722 0 0.00833333 0
0 0.53125 0 0.00694444 0
0 0.830556 0 0.0138889 0
0 0.459028 0 0.0208333 0
0 0.545833 0 0.00833333 0
0 0.464583 0 0.0347222 0
0 0.509722 0 0.00833333 0
0 0.53125 0 0.00694444 0
0 0.830556 0 0.0138889 0
0 0.459028 0 0.0208333 0
0 0.545139 0 0.00694444 0
0 0.897917 0 0.0180556 0
0 0.53125 0 0.00694444 0
0 0.459028 0 0.0208333 0
0 0.366667 0 0.0111111 0
0 0.513194 0 0.00694444 0
0 0.439583 0 0.00694444 0
0 0.545139 0 0.00694444 0
0 0.829861 0 0.0125 0
0 0.459722 0 0.0194444 0
0 0.4125 0 0.00833333 0
0 0.529861 0 0.00694444 0
0 0.508333 0 0.00833333 0
0 0.465278 0 0.0444444 0
0 0.438194 0 0.00416667 0
0 0.460417 0 0.0236111 0
0 0.829167 0 0.0138889 0
0 0.559028 0 0.00416667 0
0 0.499306 0 0.00694444 0
0 0.895833 0 0.0194444 0
0 0.544444 0 0.00833333 0
0 0.411111 0 0.00555556 0
0 0.438889 0 0.00555556 0
0 0.529861 0 0.00694444 0
0 0.459722 0 0.0222222 0
0 0.563889 0 0.00555556 0
0 0.64375 0 0.00416667 0
0 0.411806 0 0.00972222 0
0 0.508333 0 0.00833333 0
0 0.439583 0 0.00416667 0
0 0.411111 0 0.00555556 0
0 0.828472 0 0.0125 0
0 0.544444 0 0.00833333 0
0 0.464583 0 0.0430556 0
0 0.461111 0 0.0222222 0
0 0.53125 0 0.00694444 0
0 0.544444 0 0.00833333 0
0 0.411806 0 0.00694444 0
0 0.530556 0 0.00555556 0
0 0.5 0 0.00833333 0
0 0.506944 0 0.00833333 0
0 0.459722 0 0.05 0
0 0.461806 0 0.0208333 0
0 0.411806 0 0.00694444 0
0 0.643056 0 0.00555556 0
0 0.545139 0 0.00694444 0
0 0.463889 0 0.0444444 0
0 0.461806 0 0.0208333 0
0 0.827083 0 0.0125 0
0 0.411806 0 0.00694444 0
0 0.64375 0 0.00416667 0
0 0.529861 0 0.00694444 0
0 0.498611 0 0.00555556 0
0 0.827083 0 0.0125 0
0 0.461111 0 0.0527778 0
0 0.461806 0 0.0208333 0
0 0.411806 0 0.00694444 0
0 0.64375 0 0.00416667 0
0 0.529861 0 0.00694444 0
0 0.827083 0 0.0125 0
0 0.498611 0 0.00555556 0
0 0.461806 0 0.0513889 0
0 0.461806 0 0.0208333 0
0 0.411806 0 0.00694444 0
0 0.64375 0 0.00416667 0
0 0.529861 0 0.00694444 0
0 0.498611 0 0.00555556 0
0 0.461111 0 0.0472222 0
0 0.827083 0 0.0125 0
0 0.461806 0 0.0208333 0
0 0.411806 0 0.00694444 0
0 0.64375 0 0.00416667 0
0 0.827083 0 0.0125 0
0 0.529861 0 0.00694444 0
0 0.498611 0 0.00555556 0
0 0.4625 0 0.05 0
0 0.461806 0 0.0208333 0
0 0.411806 0 0.00694444 0
0 0.64375 0 0.00416667 0
0 0.529861 0 0.00694444 0
0 0.827083 0 0.0125 0
0 0.498611 0 0.00555556 0
0 0.461111 0 0.05 0
0 0.461806 0 0.0208333 0
0 0.388889 0 0.00555556 0
0 0.438194 0 0.00416667 0
0 0.459722 0 0.05 0
0 0.54375 0 0.00694444 0
0 0.4625 0 0.0222222 0
0 0.529861 0 0.00694444 0
0 0.827083 0 0.0152778 0
0 0.438194 0 0.00416667 0
0 0.5 0 0.00833333 0
0 0.411806 0 0.00694444 0
0 0.507639 0 0.00694444 0
0 0.530556 0 0.00555556 0
0 0.464583 0 0.0486111 0
0 0.463194 0 0.0208333 0
0 0.826389 0 0.0138889 0
0 0.643056 0 0.00555556 0
0 0.439583 0 0.00416667 0
0 0.411806 0 0.00694444 0
0 0.507639 0 0.00972222 0
0 0.458333 0 0.0583333 0
0 0.545139 0 0.00694444 0
0 0.463889 0 0.0222222 0
0 0.826389 0 0.0138889 0
0 0.54375 0 0.00694444 0
0 0.827083 0 0.0152778 0
0 0.411111 0 0.00555556 0
0 0.459028 0 0.0513889 0
0 0.643056 0 0.00555556 0
0 0.464583 0 0.0236111 0
0 0.5 0 0.00833333 0
0 0.826389 0 0.0138889 0
0 0.465278 0 0.025 0
0 0.54375 0 0.00694444 0
0 0.530556 0 0.00555556 0
0 0.507639 0 0.00694444 0
0 0.438194 0 0.00416667 0
0 0.826389 0 0.0138889 0
0 0.411806 0 0.00694444 0
0 0.465972 0 0.0236111 0
0 0.545139 0 0.00694444 0
0 0.529167 0 0.00555556 0
0 0.438194 0 0.00416667 0
0 0.348611 0 0.00833333 0
0 0.826389 0 0.0138889 0
0 0.439583 0 0.00416667 0
0 0.53125 0 0.00694444 0
0 0.509722 0 0.00833333 0
0 0.827083 0 0.0125 0
0 0.826389 0 0.0138889 0
0 0.53125 0 0.00694444 0
0 0.509028 0 0.00694444 0
0 0.826389 0 0.0138889 0
0 0.53125 0 0.00694444 0
0 0.509028 0 0.00694444 0
0 0.826389 0 0.0138889 0
0 0.53125 0 0.00694444 0
0 0.509028 0 0.00694444 0
0 0.826389 0 0.0138889 0
0 0.53125 0 0.00694444 0
0 0.509028 0 0.00694444 0
0 0.544444 0 0.00833333 0
0 0.511806 0 0.00694444 0
0 0.827083 0 0.0125 0
0 0.560417 0 0.00416667 0
0 0.413194 0 0.00694444 0
0 0.439583 0 0.00416667 0
0 0.545139 0 0.00694444 0
0 0.509722 0 0.00833333 0
0 0.439583 0 0.00416667 0
0 0.544444 0 0.00555556 0
0 0.501389 0 0.00833333 0
0 0.827083 0 0.0125 0
0 0.545139 0 0.00694444 0
0 0.513194 0 0.00694444 0
0 0.827083 0 0.0125 0
0 0.561806 0 0.00416667 0
0 0.53125 0 0.00694444 0
0 0.413194 0 0.00694444 0
0 0.511111 0 0.00833333 0
0 0.501389 0 0.00833333 0
0 0.511111 0 0.00833333 0
0 0.501389 0 0.00833333 0
0 0.511111 0 0.00833333 0
0 0.501389 0 0.00833333 0
0 0.511111 0 0.00833333 0
0 0.560417 0 0.00416667 0
0 0.545833 0 0.00555556 0
0 0.53125 0 0.00694444 0
0 0.511111 0 0.00833333 0
0 0.501389 0 0.00833333 0
0 0.511111 0 0.00833333 0
0 0.545139 0 0.00694444 0
0 0.440972 0 0.00416667 0
0 0.413889 0 0.00833333 0
0 0.827778 0 0.0138889 0
0 0.502083 0 0.00694444 0
0 0.561806 0 0.00416667 0
0 0.828472 0 0.0125 0
0 0.64375 0 0.00416667 0
0 0.413889 0 0.00833333 0
0 0.439583 0 0.00416667 0
0 0.532639 0 0.00694444 0
0 0.5125 0 0.00833333 0
0 0.545833 0 0.00555556 0
0 0.511111 0 0.00833333 0
0 0.413889 0 0.00833333 0
0 0.440972 0 0.00416667 0
0 0.511806 0 0.00694444 0
0 0.441667 0 0.00555556 0
0 0.511806 0 0.00694444 0
0 0.440972 0 0.00416667 0
0 0.511806 0 0.00694444 0
0 0.441667 0 0.00555556 0
0 0.511806 0 0.00694444 0
0 0.546528 0 0.00694444 0
0 0.546528 0 0.00694444 0
0 0.414583 0 0.00694444 0
0 0.511111 0 0.00833333 0
0 0.510417 0 0.00694444 0
0 0.5125 0 0.00833333 0
0 0.511806 0 0.00694444 0
0 0.414583 0 0.00972222 0
0 0.64375 0 0.00416667 0
0 0.513889 0 0.00833333 0
0 0.510417 0 0.00694444 0
0 0.64375 0 0.00416667 0
0 0.513889 0 0.00833333 0
0 0.510417 0 0.00694444 0
0 0.64375 0 0.00416667 0
0 0.513889 0 0.00833333 0
0 0.510417 0 0.00694444 0
0 0.64375 0 0.00416667 0
0 0.513889 0 0.00833333 0
0 0.510417 0 0.00694444 0
0 0.511111 0 0.00833333 0
0 0.545833 0 0.00555556 0
0 0.561806 0 0.00416667 0
0 0.510417 0 0.00694444 0
0 0.64375 0 0.00416667 0
0 0.414583 0 0.00694444 0
0 0.546528 0 0.00694444 0
0 0.39375 0 0.00416667 0
0 0.511111 0 0.00833333 0
0 0.452778 0 0.00833333 0
0 0.39375 0 0.00416667 0
0 0.511111 0 0.00833333 0
0 0.452778 0 0.00833333 0
0 0.440972 0 0.00416667 0
0 0.545833 0 0.00555556 0
0 0.545833 0 0.00833333 0
0 0.413889 0 0.00833333 0
0 0.440972 0 0.00416667 0
0 0.511111 0 0.00833333 0
0 0.545833 0 0.00833333 0
0 0.440278 0 0.00555556 0
0 0.511111 0 0.00833333 0
0 0.545833 0 0.00833333 0
0 0.440278 0 0.00555556 0
0 0.511111 0 0.00833333 0
0 0.545833 0 0.00833333 0
0 0.440278 0 0.00555556 0
0 0.511111 0 0.00833333 0
0 0.545833 0 0.00833333 0
0 0.440278 0 0.00555556 0
0 0.641667 0 0.00277778 0
0 0.545139 0 0.00694444 0
0 0.560417 0 0.00416667 0
0 0.544444 0 0.00555556 0
0 0.413194 0 0.00694444 0
0 0.545139 0 0.00694444 0
0 0.509722 0 0.00833333 0
0 0.545139 0 0.00694444 0
0 0.500694 0 0.00694444 0
0 0.509722 0 0.00833333 0
0 0.641667 0 0.00555556 0
0 0.500694 0 0.00694444 0
0 0.413194 0 0.00694444 0
0 0.508333 0 0.0111111 0
0 0.500694 0 0.00694444 0
0 0.413194 0 0.00694444 0
0 0.508333 0 0.0111111 0
0 0.500694 0 0.00694444 0
0 0.413194 0 0.00694444 0
0 0.508333 0 0.0111111 0
0 0.500694 0 0.00694444 0
0 0.413194 0 0.00694444 0
0 0.508333 0 0.0111111 0
0 0.640972 0 0.00416667 0
0 0.54375 0 0.00694444 0
0 0.390972 0 0.00416667 0
0 0.508333 0 0.00833333 0
0 0.544444 0 0.00555556 0
0 0.439583 0 0.00416667 0
0 0.507639 0 0.00972222 0
0 0.640278 0 0.00555556 0
0 0.5 0 0.00833333 0
0 0.542361 0 0.00694444 0
0 0.499306 0 0.00694444 0
0 0.544444 0 0.00555556 0
0 0.411806 0 0.00694444 0
0 0.639583 0 0.00972222 0
0 0.411806 0 0.00694444 0
0 0.638194 0 0.00416667 0
0 0.638889 0 0.00555556 0
0 0.54375 0 0.00694444 0
0 0.411111 0 0.00555556 0
0 0.638889 0 0.00555556 0
0 0.54375 0 0.00694444 0
0 0.498611 0 0.00833333 0
0 0.638889 0 0.00555556 0
0 0.54375 0 0.00694444 0
0 0.498611 0 0.00833333 0
0 0.638889 0 0.00555556 0
0 0.54375 0 0.00694444 0
0 0.498611 0 0.00833333 0
0 0.561806 0 0.00416667 0
0 0.411806 0 0.00694444 0
0 0.638194 0 0.00416667 0
0 0.54375 0 0.00694444 0
0 0.4125 0 0.00555556 0
0 0.497917 0 0.00972222 0
0 0.638889 0 0.00555556 0
0 0.497917 0 0.00694444 0
0 0.6375 0 0.00555556 0
0 0.560417 0 0.00416667 0
0 0.411111 0 0.00833333 0
0 0.543056 0 0.00555556 0
0 0.6375 0 0.00555556 0
0 0.560417 0 0.00416667 0
0 0.411806 0 0.00694444 0
0 0.543056 0 0.00555556 0
0 0.388889 0 0.00555556 0
0 0.50625 0 0.00694444 0
0 0.411111 0 0.00555556 0
0 0.388889 0 0.00555556 0
0 0.411111 0 0.00833333 0
0 0.388889 0 0.00555556 0
0 0.411111 0 0.00833333 0
0 0.388889 0 0.00555556 0
0 0.411111 0 0.00833333 0
0 0.411806 0 0.00694444 0
0 0.560417 0 0.00416667 0
0 0.543056 0 0.00555556 0
0 0.411806 0 0.00694444 0
0 0.411111 0 0.00555556 0
0 0.542361 0 0.00694444 0
0 0.411111 0 0.00833333 0
0 0.505556 0 0.00555556 0
0 0.411111 0 0.00555556 0
0 0.559722 0 0.00555556 0
0 0.411806 0 0.00694444 0
0 0.541667 0 0.00555556 0
0 0.500694 0.5 0.0486111 1
0 0.411806 0 0.00694444 0
0 0.543056 0 0.00555556 0
0 0.50625 0 0.00694444 0
0 0.4125 0 0.00555556 0
0 0.543056 0 0.00555556 0
0 0.50625 0 0.00694444 0
0 0.4125 0 0.00555556 0
0 0.543056 0 0.00555556 0
0 0.50625 0 0.00694444 0
0 0.4125 0 0.00555556 0
0 0.543056 0 0.00555556 0
0 0.50625 0 0.00694444 0
0 0.4125 0 0.00555556 0
0 0.543056 0 0.00555556 0
0 0.500694 0.5 0.0486111 1
0 0.543056 0 0.00555556 0
0 0.500694 0.5 0.0486111 1
0 0.527083 0 0.00694444 0
0 0.50625 0 0.00694444 0
0 0.500694 0.5 0.0486111 1
0 0.542361 0 0.00694444 0
0 0.500694 0.5 0.0486111 1
0 0.411111 0 0.00555556 0
0 0.559722 0 0.00555556 0
0 0.500694 0.5 0.0486111 1
0 0.542361 0 0.00694444 0
0 0.411806 0 0.00694444 0
0 0.388889 0 0.00555556 0
0 0.500694 0.5 0.0486111 1
0 0.411806 0 0.00694444 0
0 0.543056 0 0.00555556 0
0 0.388889 0 0.00555556 0
0 0.500694 0.5 0.0486111 1
0 0.411806 0 0.00694444 0
0 0.543056 0 0.00555556 0
0 0.388889 0 0.00555556 0
0 0.500694 0.5 0.0486111 1
0 0.411806 0 0.00694444 0
0 0.543056 0 0.00555556 0
0 0.388889 0 0.00555556 0
0 0.500694 0.5 0.0486111 1
0 0.411806 0 0.00694444 0
0 0.543056 0 0.00555556 0
0 0.390278 0 0.00555556 0
0 0.500694 0.5 0.0486111 1
0 0.411111 0 0.00555556 0
0 0.543056 0 0.00555556 0
0 0.500694 0.5 0.0486111 1
0 0.411806 0 0.00694444 0
0 0.500694 0.5 0.0486111 1
0 0.411806 0 0.00694444 0
0 0.500694 0.5 0.0486111 1
0 0.543056 0 0.00555556 0
0 0.388889 0 0.00555556 0
0 0.411806 0 0.00694444 0
0 0.500694 0.5 0.0486111 1
0 0.411806 0 0.00694444 0
0 0.891667 0 0.00555556 0
0 0.543056 0 0.00555556 0
0 0.500694 0.5 0.0486111 1
0 0.611806 0 0.0319444 0
0 0.411806 0 0.00694444 0
0 0.500694 0.5 0.0486111 1
0 0.411111 0 0.00555556 0
0 0.543056 0 0.00555556 0
0 0.500694 0.5 0.0486111 1
0 0.411111 0 0.00555556 0
0 0.543056 0 0.00555556 0
0 0.500694 0.5 0.0486111 1
0 0.411111 0 0.00555556 0
0 0.543056 0 0.00555556 0
0 0.500694 0.5 0.0486111 1
0 0.411111 0 0.00555556 0
0 0.543056 0 0.00555556 0
0 0.500694 0.5 0.0486111 1
0 0.611111 0 0.0333333 0
0 0.411111 0 0.00555556 0
0 0.543056 0 0.00555556 0
0 0.559028 0 0.00416667 0
0 0.5 0.5 0.05 1
0 0.611111 0 0.0333333 0
0 0.5 0.5 0.05 1
0 0.543056 0 0.00555556 0
0 0.5 0.5 0.05 1
0 0.559028 0 0.00416667 0
0 0.5 0.5 0.05 1
0 0.5 0.5 0.05 1
0 0.541667 0 0.00555556 0
0 0.500694 0.5 0.0513889 1
0 0.540972 0 0.00694444 0
0 0.500694 0.5 0.0513889 1
0 0.5 0.5 0.05 1
0 0.5 0.5 0.05 1
0 0.5 0.5 0.05 1
0 0.5 0.5 0.05 1
0 0.5 0.5 0.05 1
0 0.5 0.5 0.05 1
0 0.5 0.5 0.05 1
0 0.5 0.5 0.05 1
0 0.5 0.5 0.05 1
0 0.5 0.5 0.05 1
0 0.557639 0 0.00694444 0
0 0.5 0.5 0.05 1
0 0.885417 0 0.00416667 0
0 0.885417 0 0.00416667 0
0 0.5 0.5 0.05 1
0 0.885417 0 0.00416667 0
0 0.5 0.5 0.05 1
0 0.885417 0 0.00416667 0
0 0.5 0.5 0.05 1
0 0.885417 0 0.00416667 0
0 0.5 0.5 0.05 1
0 0.500694 0.5 0.0513889 1
0 0.500694 0.5 0.0513889 1
0 0.500694 0.5 0.0513889 1
0 0.5 0.5 0.05 1
0 0.882639 0 0.00416667 0
0 0.5 0.5 0.05 1
0 0.5 0.5 0.05 1
0 0.5 0.5 0.05 1
0 0.5 0.5 0.05 1
0 0.5 0.5 0.05 1
0 0.5 0.5 0.05 1
0 0.5 0.5 0.05 1
0 0.5 0.5 0.05 1
0 0.5 0.5 0.05 1
0 0.5 0.5 0.05 1
0 0.5 0.5 0.05 1
0 0.884722 0 0.00555556 0
0 0.5 0.5 0.05 1
0 0.884722 0 0.00555556 0
0 0.5 0.5 0.05 1
0 0.884722 0 0.00555556 0
0 0.5 0.5 0.05 1
0 0.884722 0 0.00555556 0
0 0.5 0.5 0.05 1
0 0.884722 0 0.00555556 0
0 0.5 0.5 0.05 1
0 0.5 0.5 0.05 1
0 0.5 0.5 0.05 1
0 0.5 0.5 0.05 1
0 0.5 0.5 0.05 1
0 0.5 0.5 0.05 1
0 0.5 0.5 0.05 1
0 0.5 0.5 0.05 1
0 0.5 0.5 0.05 1
0 0.5 0.5 0.05 1
0 0.5 0.5 0.05 1
0 0.5 0.5 0.05 1
0 0.5 0.5 0.05 1
0 0.5 0.5 0.05 1
0 0.5 0.5 0.05 1
0 0.5 0.5 0.05 1
0 0.500694 0.5 0.0486111 1
0 0.877778 0 0.00555556 0
0 0.500694 0.5 0.0486111 1
0 0.877778 0 0.00555556 0
0 0.500694 0.5 0.0486111 1
0 0.877778 0 0.00555556 0
0 0.5 0.5 0.05 1
0 0.5 0.5 0.05 1
0 0.5 0.5 0.05 1
0 0.5 0.5 0.05 1
0 0.5 0.5 0.05 1
0 0.5 0.5 0.05 1
0 0.5 0.5 0.05 1
0 0.5 0.5 0.05 1
0 0.5 0.5 0.05 1
0 0.5 0.5 0.05 1
0 0.5 0.5 0.05 1
0 0.5 0.5 0.05 1
0 0.5 0.5 0.05 1
0 0.5 0.5 0.05 1
0 0.5 0.5 0.05 1
0 0.5 0.5 0.05 1
0 0.5 0.5 0.05 1
0 0.5 0.5 0.05 1
0 0.5 0.5 0.05 1
0 0.5 0.5 0.05 1
0 0.5 0.5 0.05 1
0 0.5 0.5 0.05 1
0 0.5 0.5 0.05 1
0 0.5 0.5 0.05 1
0 0.5 0.5 0.05 1
0 0.5 0.5 0.05 1
0 0.5 0.5 0.05 1
0 0.5 0.5 0.05 1
0 0.5 0.5 0.05 1
0 0.5 0.5 0.05 1
0 0.5 0.5 0.05 1
0 0.5 0.5 0.05 1
0 0.5 0.5 0.05 1
0 0.5 0.5 0.05 1
0 0.5 0.5 0.05 1
0 0.5 0.5 0.05 1
0 0.5 0.5 0.05 1
0 0.5 0.5 0.05 1
0 0.5 0.5 0.05 1
0 0.5 0.5 0.05 1
0 0.5 0.5 0.05 1
0 0.5 0.5 0.05 1
0 0.5 0.5 0.05 1
0 0.5 0.5 0.05 1
0 0.5 0.5 0.05 1
0 0.5 0.5 0.05 1
0 0.5 0.5 0.05 1
0 0.5 0.5 0.05 1
0 0.5 0.5 0.05 1
0 0.5 0.5 0.05 1
0 0.5 0.5 0.05 1
0 0.5 0.5 0.05 1
0 0.5 0.5 0.05 1
0 0.5 0.5 0.05 1
0 0.5 0.5 0.05 1
0 0.5 0.5 0.05 1
0 0.5 0.5 0.05 1
0 0.5 0.5 0.05 1
0 0.5 0.5 0.05 1
0 0.5 0.5 0.05 1
0 0.5 0.5 0.05 1
0 0.5 0.5 0.05 1
0 0.5 0.5 0.05 1
0 0.5 0.5 0.05 1
0 0.5 0.5 0.05 1
0 0.5 0.5 0.05 1
0 0.5 0.5 0.05 1
0 0.5 0.5 0.05 1
0 0.5 0.5 0.05 1
0 0.5 0.5 0.05 1
0 0.5 0.5 0.05 1
0 0.5 0.5 0.05 1
0 0.5 0.5 0.05 1
0 0.5 0.5 0.05 1
0 0.46875 0 0.0208333 0
0 0.468056 0 0.0222222 0
0 0.464583 0 0.0208333 0
0 0.461111 0 0.0222222 0
0 0.461111 0 0.0222222 0
0 0.458333 0 0.0222222 0
0 0.455556 0 0.0222222 0
0 0.453472 0 0.0236111 0
0 0.451389 0 0.0222222 0
0 0.450694 0 0.0208333 0
0 0.450694 0 0.0208333 0
0 0.450694 0 0.0208333 0
0 0.450694 0 0.0208333 0
0 0.450694 0 0.0208333 0
0 0.450694 0 0.0208333 0
0 0.449306 0 0.0208333 0
0 0.449306 0 0.0208333 0
0 0.447917 0 0.0236111 0
0 0.445833 0.5 0.0222222 1
0 0.445139 0.5 0.0208333 1
0 0.44375 0.5 0.0208333 1
0 0.443056 1 0.0222222 0
0 0.442361 1 0.0236111 0
0 0.441667 1 0.0222222 0
0 0.441667 1 0.0222222 0
0 0.441667 1 0.0222222 0
0 0.441667 1 0.0222222 0
0 0.441667 1 0.0222222 0
0 0.441667 1 0.0222222 0
0 0.441667 1 0.0222222 0
0 0.441667 1 0.0222222 0
0 0.440972 1 0.0208333 0
0 0.440278 1 0.0222222 0
0 0.439583 1 0.0208333 0
0 0.438194 1 0.0208333 0
0 0.438194 1 0.0208333 0
0 0.438194 1 0.0208333 0
0 0.438194 1 0.0208333 0
0 0.438194 1 0.0208333 0
0 0.438194 1 0.0208333 0
0 0.438194 1 0.0208333 0
0 0.436111 1 0.0222222 0
0 0.434028 1 0.0208333 0
0 0.434028 1 0.0208333 0
0 0.434028 1 0.0208333 0
0 0.432639 1 0.0208333 0
0 0.430556 1 0.0222222 0
0 0.428472 1 0.0208333 0
0 0.427083 1 0.0208333 0
0 0.427083 1 0.0208333 0
0 0.427083 1 0.0208333 0
0 0.427083 1 0.0208333 0
0 0.427083 1 0.0208333 0
0 0.427083 1 0.0208333 0
0 0.425 1 0.0194444 0
0 0.423611 1 0.0222222 0
0 0.423611 1 0.0222222 0
0 0.425694 1 0.0208333 0
0 0.425694 1 0.0208333 0
0 0.428472 1 0.0208333 0
0 0.430556 1 0.0222222 0
0 0.430556 1 0.0222222 0
0 0.430556 1 0.0222222 0
0 0.430556 1 0.0222222 0
0 0.430556 1 0.0222222 0
0 0.432639 1 0.0208333 0
0 0.434722 1 0.0222222 0
0 0.436806 1 0.0208333 0
0 0.438194 1 0.0208333 0
0 0.441667 0.5 0.0222222 1
0 0.442361 0.5 0.0208333 1
0 0.442361 0.5 0.0208333 1
0 0.44375 0.5 0.0208333 1
0 0.445139 0.5 0.0208333 1
0 0.445139 0.5 0.0208333 1
0 0.445139 0.5 0.0208333 1
0 0.445139 0.5 0.0208333 1
0 0.445139 0.5 0.0208333 1
0 0.445139 0.5 0.0208333 1
0 0.447222 0 0.0222222 0
0 0.447222 0 0.0222222 0
0 0.447917 0 0.0208333 0
0 0.448611 0 0.0222222 0
0 0.449306 0 0.0208333 0
0 0.449306 0 0.0208333 0
0 0.449306 0 0.0208333 0
0 0.448611 0 0.0222222 0
0 0.448611 0 0.0222222 0
0 0.448611 0 0.0222222 0
0 0.449306 0 0.0208333 0
0 0.449306 0 0.0208333 0
0 0.450694 0 0.0208333 0
0 0.450694 0 0.0208333 0
0 0.450694 0 0.0208333 0
0 0.451389 0 0.0194444 0
0 0.451389 0 0.0194444 0
0 0.451389 0 0.0194444 0
0 0.451389 0 0.0194444 0
0 0.451389 0 0.0194444 0
0 0.451389 0 0.0194444 0
0 0.451389 0 0.0222222 0
0 0.452083 0 0.0208333 0
0 0.452778 0 0.0222222 0
0 0.453472 0 0.0208333 0
0 0.454167 0 0.0222222 0
0 0.454167 0 0.0222222 0
0 0.454167 0 0.0222222 0
0 0.454861 0 0.0208333 0
0 0.455556 0 0.0222222 0
0 0.45625 0 0.0208333 0
0 0.45625 0 0.0208333 0
0 0.45625 0 0.0208333 0
0 0.45625 0 0.0208333 0
0 0.45625 0 0.0208333 0
0 0.456944 0 0.0194444 0
0 0.45625 0 0.0208333 0
0 0.454167 0 0.0194444 0
0 0.453472 0 0.0208333 0
0 0.451389 0 0.0194444 0
0 0.451389 0 0.0194444 0
0 0.451389 0 0.0194444 0
0 0.451389 0 0.0194444 0
0 0.451389 0 0.0194444 0
0 0.450694 0 0.0208333 0
0 0.451389 0 0.0194444 0
0 0.451389 0 0.0194444 0
0 0.451389 0 0.0194444 0
0 0.451389 0 0.0194444 0
0 0.451389 0 0.0194444 0
0 0.451389 0 0.0194444 0
0 0.451389 0 0.0194444 0
0 0.451389 0 0.0194444 0
0 0.452083 0 0.0208333 0
0 0.452083 0 0.0208333 0
0 0.452083 0 0.0208333 0
0 0.452083 0 0.0208333 0
0 0.452083 0 0.0208333 0
0 0.452083 0 0.0208333 0
0 0.452083 0 0.0180556 0
0 0.452083 0 0.0208333 0
0 0.452778 0 0.0194444 0
0 0.453472 0 0.0208333 0
0 0.453472 0 0.0208333 0
0 0.455556 0 0.0194444 0
0 0.454167 0 0.0222222 0
0 0.454167 0 0.0222222 0
0 0.454167 0 0.0222222 0
0 0.454167 0 0.0222222 0
0 0.454167 0 0.0222222 0
0 0.454861 0 0.0236111 0
0 0.454861 0 0.0263889 0
0 0.456944 0 0.0277778 0
0 0.456944 0 0.0277778 0
0 0.45625 0 0.0291667 0
0 0.456944 0 0.0277778 0
0 0.456944 0 0.0277778 0
0 0.456944 0 0.0277778 0
0 0.456944 0 0.0277778 0
0 0.456944 0 0.0277778 0
0 0.455556 0 0.0305556 0
0 0.45625 0 0.0291667 0
0 0.454861 0 0.0319444 0
0 0.455556 0 0.0361111 0
0 0.45625 0 0.0208333 0
0 0.45625 0 0.0208333 0
0 0.454861 0 0.0236111 0
0 0.454861 0 0.0236111 0
0 0.453472 0 0.0208333 0
0 0.454167 0 0.0222222 0
0 0.454167 0 0.0222222 0
0 0.454167 0 0.0222222 0
0 0.454167 0 0.0222222 0
0 0.454167 0 0.0222222 0
0 0.454167 0 0.0222222 0
0 0.454167 0 0.0222222 0
0 0.45625 0 0.0208333 0
0 0.457639 0 0.0208333 0
0 0.458333 0 0.0222222 0
0 0.4625 0 0.0333333 0
0 0.459028 0 0.0208333 0
0 0.4625 0 0.0333333 0
0 0.459028 0 0.0208333 0
0 0.463889 0 0.0361111 0
0 0.459028 0 0.0208333 0
0 0.463889 0 0.0361111 0
0 0.459028 0 0.0208333 0
0 0.463889 0 0.0361111 0
0 0.459028 0 0.0208333 0
0 0.461111 0 0.0361111 0
0 0.460417 0 0.0208333 0
0 0.460417 0 0.0208333 0
0 0.460417 0 0.0208333 0
0 0.460417 0 0.0319444 0
0 0.459722 0 0.0222222 0
0 0.463194 0 0.0402778 0
0 0.461111 0 0.0194444 0
0 0.461111 0 0.0222222 0
0 0.463889 0 0.0416667 0
0 0.461806 0 0.0486111 0
0 0.4625 0 0.0194444 0
0 0.457639 0 0.0513889 0
0 0.4625 0 0.0194444 0
0 0.460417 0 0.0486111 0
0 0.4625 0 0.0222222 0
0 0.463194 0 0.0208333 0
0 0.459028 0 0.0541667 0
0 0.463194 0 0.0208333 0
0 0.459028 0 0.0541667 0
0 0.460417 0 0.0513889 0
0 0.459722 0 0.0527778 0
0 0.4625 0 0.0222222 0
0 0.456944 0 0.0555556 0
0 0.463889 0 0.0527778 0
0 0.45625 0 0.0486111 0
0 0.464583 0 0.0208333 0
0 0.459722 0 0.0527778 0
0 0.464583 0 0.0208333 0
0 0.459722 0 0.0527778 0
0 0.464583 0 0.0208333 0
0 0.458333 0 0.0444444 0
0 0.464583 0 0.0208333 0
0 0.461111 0 0.0472222 0
0 0.464583 0 0.0208333 0
0 0.459028 0 0.0458333 0
0 0.464583 0 0.0208333 0
0 0.459028 0 0.0486111 0
0 0.463889 0 0.0222222 0
0 0.454167 0 0.0777778 0
0 0.452778 0 0.0777778 0
0 0.454167 0 0.075 0
0 0.452083 0 0.0763889 0
0 0.452083 0 0.0763889 0
0 0.456944 0 0.0638889 0
0 0.457639 0 0.0569444 0
0 0.45 0 0.00833333 0
0 0.45 0 0.00833333 0
0 0.46875 0 0.0208333 0
0 0.46875 0 0.0208333 0
0 0.46875 0 0.0208333 0
0 0.468056 0 0.0222222 0
0 0.466667 0 0.0222222 0
0 0.464583 0 0.0208333 0
0 0.459722 0 0.0222222 0
0 0.458333 0 0.0222222 0
0 0.458333 0 0.0222222 0
0 0.455556 0 0.0222222 0
0 0.45625 0 0.0208333 0
0 0.45625 0 0.0208333 0
0 0.455556 0 0.0222222 0
0 0.454167 0 0.0222222 0
0 0.452778 0 0.0222222 0
0 0.450694 0 0.0208333 0
0 0.450694 0 0.0208333 0
0 0.448611 0 0.0222222 0
0 0.447222 0 0.0222222 0
0 0.445833 0.5 0.0222222 1
0 0.445139 0.5 0.0208333 1
0 0.445139 0.5 0.0208333 1
0 0.445139 0.5 0.0208333 1
0 0.44375 0.5 0.0208333 1
0 0.442361 1 0.0208333 0
0 0.442361 1 0.0236111 0
0 0.441667 1 0.0222222 0
0 0.441667 1 0.0222222 0
0 0.441667 1 0.0222222 0
0 0.441667 1 0.0222222 0
0 0.441667 1 0.0222222 0
0 0.440278 1 0.0222222 0
0 0.440278 1 0.0222222 0
0 0.440278 1 0.0222222 0
0 0.439583 1 0.0208333 0
0 0.438889 1 0.0194444 0
0 0.438194 1 0.0208333 0
0 0.435417 1 0.0208333 0
0 0.434722 1 0.0222222 0
0 0.434028 1 0.0208333 0
0 0.431944 1 0.0194444 0
0 0.429861 1 0.0208333 0
0 0.427778 1 0.0222222 0
0 0.427778 1 0.0222222 0
0 0.426389 1 0.0194444 0
0 0.424306 1 0.0208333 0
0 0.422917 1 0.0208333 0
0 0.422222 1 0.0222222 0
0 0.422917 1 0.0208333 0
0 0.422917 1 0.0208333 0
0 0.422917 1 0.0208333 0
0 0.422917 1 0.0208333 0
0 0.422917 1 0.0208333 0
0 0.425694 1 0.0208333 0
0 0.429167 1 0.0222222 0
0 0.432639 1 0.0208333 0
0 0.432639 1 0.0208333 0
0 0.433333 1 0.0222222 0
0 0.434722 1 0.0222222 0
0 0.436806 1 0.0208333 0
0 0.436806 1 0.0208333 0
0 0.436806 1 0.0208333 0
0 0.436806 1 0.0208333 0
0 0.436806 1 0.0208333 0
0 0.438889 0.5 0.0222222 1
0 0.440972 0.5 0.0208333 1
0 0.441667 0.5 0.0222222 1
0 0.442361 0.5 0.0236111 1
0 0.445139 0 0.0208333 0
0 0.445139 0 0.0208333 0
0 0.445139 0 0.0208333 0
0 0.445139 0 0.0208333 0
0 0.445139 0 0.0208333 0
0 0.445139 0 0.0208333 0
0 0.445139 0 0.0208333 0
0 0.445139 0 0.0208333 0
0 0.445139 0 0.0208333 0
0 0.445833 0 0.0222222 0
0 0.445833 0 0.0222222 0
0 0.445833 0 0.0222222 0
0 0.445833 0 0.0222222 0
0 0.445833 0 0.0222222 0
0 0.445833 0 0.0222222 0
0 0.445833 0 0.0222222 0
0 0.445833 0 0.0222222 0
0 0.445833 0 0.0222222 0
0 0.445833 0 0.0222222 0
0 0.445833 0 0.0222222 0
0 0.445833 0 0.0222222 0
0 0.445833 0 0.0222222 0
0 0.445833 0 0.0222222 0
0 0.445833 0 0.0222222 0
0 0.445833 0 0.0222222 0
0 0.446528 0 0.0208333 0
0 0.446528 0 0.0208333 0
0 0.447222 0 0.0222222 0
0 0.447222 0 0.0222222 0
0 0.447222 0 0.0222222 0
0 0.448611 0 0.0222222 0
0 0.449306 0 0.0236111 0
0 0.449306 0 0.0236111 0
0 0.449306 0 0.0208333 0
0 0.449306 0 0.0208333 0
0 0.449306 0 0.0208333 0
0 0.449306 0 0.0208333 0
0 0.449306 0 0.0208333 0
0 0.449306 0 0.0208333 0
0 0.449306 0 0.0208333 0
0 0.447917 0 0.0208333 0
0 0.447222 0 0.0222222 0
0 0.445139 0 0.0208333 0
0 0.443056 0 0.0222222 0
0 0.441667 0 0.0222222 0
0 0.440278 0 0.0222222 0
0 0.440972 0 0.0208333 0
0 0.440278 0 0.0222222 0
0 0.440278 0 0.0222222 0
0 0.440278 0 0.0222222 0
0 0.440278 0 0.0222222 0
0 0.440278 0 0.0222222 0
0 0.440278 0 0.0222222 0
0 0.440278 0 0.0222222 0
0 0.439583 0 0.0208333 0
0 0.438889 0 0.0222222 0
0 0.438889 0 0.0222222 0
0 0.439583 0 0.0208333 0
0 0.438889 0 0.0222222 0
0 0.438889 0 0.0222222 0
0 0.438889 0 0.0222222 0
0 0.438889 0 0.0222222 0
0 0.438889 0 0.0222222 0
0 0.438889 0 0.0222222 0
0 0.438889 0 0.0222222 0
0 0.438194 0 0.0208333 0
0 0.440278 0 0.025 0
0 0.441667 0 0.0305556 0
0 0.439583 0 0.0263889 0
0 0.440278 0 0.0277778 0
0 0.440278 0 0.0277778 0
0 0.439583 0 0.0291667 0
0 0.439583 0 0.0291667 0
0 0.439583 0 0.0291667 0
0 0.438889 0 0.025 0
0 0.438889 0 0.0222222 0
0 0.438889 0 0.0222222 0
0 0.438194 0 0.0208333 0
0 0.4375 0 0.0222222 0
0 0.436111 0 0.025 0
0 0.435417 0 0.0236111 0
0 0.435417 0 0.0236111 0
0 0.435417 0 0.0236111 0
0 0.435417 0 0.0236111 0
0 0.435417 0 0.0236111 0
0 0.433333 0 0.0277778 0
0 0.433333 0 0.0277778 0
0 0.433333 0 0.0277778 0
0 0.431944 0 0.025 0
0 0.430556 0 0.0277778 0
0 0.430556 0 0.0222222 0
0 0.432639 0 0.0347222 0
0 0.429861 0 0.0236111 0
0 0.429861 0 0.0236111 0
0 0.429861 0 0.0236111 0
0 0.429167 0 0.0305556 0
0 0.429861 0 0.0236111 0
0 0.430556 0 0.0222222 0
0 0.430556 0 0.0361111 0
0 0.429861 0 0.0236111 0
0 0.430556 0 0.0222222 0
0 0.429861 0 0.0402778 0
0 0.430556 0 0.0222222 0
0 0.43125 0 0.0208333 0
0 0.43125 0 0.0208333 0
0 0.43125 0 0.0208333 0
0 0.43125 0 0.0208333 0
0 0.43125 0 0.0208333 0
0 0.43125 0 0.0208333 0
0 0.43125 0 0.0236111 0
0 0.43125 0 0.0236111 0
0 0.434722 0 0.0444444 0
0 0.429861 0 0.0236111 0
0 0.429861 0 0.0236111 0
0 0.429861 0 0.0236111 0
0 0.431944 0 0.0333333 0
0 0.429167 0 0.0222222 0
0 0.429167 0 0.0222222 0
0 0.429167 0 0.0222222 0
0 0.428472 0 0.0236111 0
0 0.428472 0 0.0236111 0
0 0.428472 0 0.0236111 0
0 0.427083 0 0.0263889 0
0 0.429167 0 0.075 0
0 0.428472 0 0.0819444 0
0 0.428472 0 0.0819444 0
0 0.429167 0 0.075 0
0 0.427083 0 0.0819444 0
0 0.429861 0 0.0763889 0
0 0.419444 0 0.00833333 0
0 0.419444 0 0.00833333 0
0 0.419444 0 0.00833333 0
0 0.419444 0 0.00833333 0
0 0.419444 0 0.00833333 0
0 0.468056 0 0.0222222 0
0 0.466667 0 0.0222222 0
0 0.465278 0 0.0222222 0
0 0.465278 0 0.0222222 0
0 0.463194 0 0.0208333 0
0 0.459722 0 0.0222222 0
0 0.456944 0 0.0222222 0
0 0.454167 0 0.0222222 0
0 0.451389 0 0.0222222 0
0 0.450694 0 0.0208333 0
0 0.450694 0 0.0208333 0
0 0.450694 0 0.0208333 0
0 0.450694 0 0.0208333 0
0 0.450694 0 0.0208333 0
0 0.450694 0 0.0208333 0
0 0.448611 0 0.0222222 0
0 0.447222 0 0.0222222 0
0 0.447222 0 0.0222222 0
0 0.445833 0.5 0.0222222 1
0 0.445139 0.5 0.0208333 1
0 0.44375 0.5 0.0208333 1
0 0.443056 1 0.0222222 0
0 0.442361 1 0.0236111 0
0 0.441667 1 0.0222222 0
0 0.441667 1 0.0222222 0
0 0.441667 1 0.0222222 0
0 0.441667 1 0.0222222 0
0 0.440278 1 0.0222222 0
0 0.440278 1 0.0222222 0
0 0.439583 1 0.0208333 0
0 0.439583 1 0.0208333 0
0 0.439583 1 0.0208333 0
0 0.439583 1 0.0208333 0
0 0.439583 1 0.0208333 0
0 0.439583 1 0.0208333 0
0 0.439583 1 0.0208333 0
0 0.438194 1 0.0208333 0
0 0.436806 1 0.0208333 0
0 0.435417 1 0.0208333 0
0 0.435417 1 0.0208333 0
0 0.433333 1 0.0222222 0
0 0.432639 1 0.0208333 0
0 0.429861 1 0.0208333 0
0 0.429167 1 0.0222222 0
0 0.429167 1 0.0222222 0
0 0.429167 1 0.0222222 0
0 0.429167 1 0.0222222 0
0 0.429167 1 0.0222222 0
0 0.429167 1 0.0222222 0
0 0.429167 1 0.0222222 0
0 0.427083 1 0.0208333 0
0 0.424306 1 0.0208333 0
0 0.422917 1 0.0208333 0
0 0.420833 1 0.0222222 0
0 0.420833 1 0.0222222 0
0 0.420833 1 0.0222222 0
0 0.421528 1 0.0208333 0
0 0.421528 1 0.0208333 0
0 0.421528 1 0.0208333 0
0 0.421528 1 0.0208333 0
0 0.421528 1 0.0208333 0
0 0.422917 1 0.0208333 0
0 0.427083 1 0.0208333 0
0 0.429167 1 0.0222222 0
0 0.43125 1 0.0208333 0
0 0.432639 1 0.0208333 0
0 0.433333 1 0.0222222 0
0 0.434722 0.5 0.0222222 1
0 0.434722 0.5 0.0222222 1
0 0.436111 0.5 0.0222222 1
0 0.436111 0.5 0.0222222 1
0 0.436111 0.5 0.0222222 1
0 0.436111 0.5 0.0222222 1
0 0.436111 0.5 0.0222222 1
0 0.436806 0.5 0.0208333 1
0 0.436806 0.5 0.0208333 1
0 0.436806 0.5 0.0208333 1
0 0.438194 0.5 0.0208333 1
0 0.438889 0 0.0222222 0
0 0.438889 0 0.0222222 0
0 0.438194 0 0.0208333 0
0 0.438194 0 0.0208333 0
0 0.436806 0 0.0236111 0
0 0.436806 0 0.0236111 0
0 0.4375 0 0.0222222 0
0 0.4375 0 0.0222222 0
0 0.4375 0 0.0222222 0
0 0.4375 0 0.0222222 0
0 0.4375 0 0.0222222 0
0 0.436111 0 0.0222222 0
0 0.434722 0 0.0222222 0
0 0.433333 0 0.0222222 0
0 0.433333 0 0.0222222 0
0 0.431944 0 0.0222222 0
0 0.431944 0 0.0222222 0
0 0.431944 0 0.0222222 0
0 0.431944 0 0.0222222 0
0 0.431944 0 0.0222222 0
0 0.431944 0 0.0222222 0
0 0.43125 0 0.0208333 0
0 0.43125 0 0.0208333 0
0 0.429167 0 0.0222222 0
0 0.429167 0 0.0222222 0
0 0.427778 0 0.0222222 0
0 0.427778 0 0.0222222 0
0 0.427778 0 0.0222222 0
0 0.427778 0 0.0222222 0
0 0.427778 0 0.0222222 0
0 0.427778 0 0.0222222 0
0 0.427778 0 0.0222222 0
0 0.427083 0 0.0208333 0
0 0.427083 0 0.0208333 0
0 0.425694 0 0.0208333 0
0 0.422222 0 0.0222222 0
0 0.420139 0 0.0208333 0
0 0.415972 0 0.0208333 0
0 0.415972 0 0.0208333 0
0 0.415972 0 0.0208333 0
0 0.415972 0 0.0208333 0
0 0.415972 0 0.0208333 0
0 0.415278 0 0.0222222 0
0 0.415278 0 0.0222222 0
0 0.410417 0 0.0208333 0
0 0.40625 0 0.0208333 0
0 0.402778 0 0.0222222 0
0 0.402083 0 0.0208333 0
0 0.397222 0 0.0222222 0
0 0.397222 0 0.0222222 0
0 0.397222 0 0.0222222 0
0 0.397222 0 0.0222222 0
0 0.397222 0 0.0222222 0
0 0.397222 0 0.0222222 0
0 0.395139 0 0.0208333 0
0 0.391667 0 0.0222222 0
0 0.389583 0 0.0208333 0
0 0.386111 0 0.0222222 0
0 0.386111 0 0.0222222 0
0 0.381944 0 0.0194444 0
0 0.381944 0 0.0194444 0
0 0.381944 0 0.0194444 0
0 0.381944 0 0.0194444 0
0 0.381944 0 0.0194444 0
0 0.381944 0 0.0194444 0
0 0.379167 0 0.0222222 0
0 0.376389 0 0.0194444 0
0 0.372222 0 0.0222222 0
0 0.36875 0 0.0208333 0
0 0.365972 0 0.0236111 0
0 0.365278 0 0.0222222 0
0 0.365278 0 0.0222222 0
0 0.365278 0 0.0222222 0
0 0.365278 0 0.0222222 0
0 0.363889 0 0.0222222 0
0 0.359028 0 0.0236111 0
0 0.354167 0 0.0222222 0
0 0.354167 0 0.0222222 0
0 0.350694 0 0.0208333 0
0 0.345833 0 0.0222222 0
0 0.340972 0 0.0236111 0
0 0.339583 0 0.0236111 0
0 0.339583 0 0.0236111 0
0 0.339583 0 0.0236111 0
0 0.339583 0 0.0236111 0
0 0.339583 0 0.0236111 0
0 0.332639 0 0.0208333 0
0 0.332639 0 0.0208333 0
0 0.326389 0 0.0222222 0
0 0.319444 0 0.0222222 0
0 0.313889 0 0.0222222 0
0 0.306944 0 0.0222222 0
0 0.305556 0 0.0222222 0
0 0.304861 0 0.0236111 0
0 0.304861 0 0.0236111 0
0 0.305556 0 0.0222222 0
0 0.304861 0 0.0236111 0
0 0.297222 0 0.0222222 0
0 0.297222 0 0.0222222 0
0 0.291667 0 0.0222222 0
0 0.2875 0 0.0222222 0
0 0.284028 0 0.0236111 0
0 0.279167 0 0.0222222 0
0 0.273611 0 0.0222222 0
0 0.265972 0 0.0236111 0
0 0.264583 0 0.0236111 0
0 0.264583 0 0.0236111 0
0 0.264583 0 0.0236111 0
0 0.264583 0 0.0236111 0
0 0.264583 0 0.0236111 0
0 0.259028 0 0.0236111 0
0 0.251389 0 0.0222222 0
0 0.245139 0 0.0236111 0
0 0.245139 0 0.0236111 0
0 0.239583 0 0.0236111 0
0 0.233333 0 0.025 0
0 0.227083 0 0.0263889 0
0 0.226389 0 0.025 0
0 0.226389 0 0.025 0
0 0.227083 0 0.0263889 0
0 0.226389 0 0.0222222 0
0 0.220139 0 0.0236111 0
0 0.214583 0 0.0319444 0
