0 0.438194 0.5 0.0208333 1
0 0.438194 0.5 0.0208333 1
0 0.438194 0.5 0.0208333 1
0 0.438194 0.5 0.0208333 1
0 0.438194 0.5 0.0208333 1
0 0.438194 0.5 0.0208333 1
0 0.438194 0.5 0.0208333 1
0 0.438194 0.5 0.0208333 1
0 0.438194 0.5 0.0208333 1
0 0.438194 0.5 0.0208333 1
0 0.438194 0.5 0.0208333 1
0 0.438194 0.5 0.0208333 1
0 0.438194 0.5 0.0208333 1
0 0.438194 0.5 0.0208333 1
0 0.438194 0.5 0.0208333 1
0 0.438194 0.5 0.0208333 1
0 0.438194 0.5 0.0208333 1
0 0.438194 0.5 0.0208333 1
0 0.438194 0.5 0.0208333 1
0 0.438194 0.5 0.0208333 1
0 0.438194 0.5 0.0208333 1
0 0.438194 0.5 0.0208333 1
0 0.438194 0.5 0.0208333 1
0 0.438194 0.5 0.0208333 1
0 0.438194 0.5 0.0208333 1
0 0.438194 0.5 0.0208333 1
0 0.438194 0.5 0.0208333 1
0 0.438194 0.5 0.0208333 1
0 0.438194 0.5 0.0208333 1
0 0.438194 0.5 0.0208333 1
0 0.438194 0.5 0.0208333 1
0 0.438194 0.5 0.0208333 1
0 0.438194 0.5 0.0208333 1
0 0.438194 0.5 0.0208333 1
0 0.438194 0.5 0.0208333 1
0 0.438194 0.5 0.0208333 1
0 0.438194 0.5 0.0208333 1
0 0.438194 0.5 0.0208333 1
0 0.438194 0.5 0.0208333 1
0 0.438194 0.5 0.0208333 1
0 0.438194 0.5 0.0208333 1
0 0.438194 0.5 0.0208333 1
0 0.438194 0.5 0.0208333 1
0 0.438194 0.5 0.0208333 1
0 0.438194 0.5 0.0208333 1
0 0.438194 0.5 0.0208333 1
0 0.438194 0.5 0.0208333 1
0 0.438194 0.5 0.0208333 1
0 0.438194 0.5 0.0208333 1
0 0.438194 0.5 0.0208333 1
0 0.438194 0.5 0.0208333 1
0 0.438194 0.5 0.0208333 1
0 0.438194 0.5 0.0208333 1
0 0.438194 0.5 0.0208333 1
0 0.438194 0.5 0.0208333 1
0 0.438194 0.5 0.0208333 1
0 0.438194 0.5 0.0208333 1
0 0.438194 0.5 0.0208333 1
0 0.438194 0.5 0.0208333 1
0 0.438194 0.5 0.0208333 1
0 0.438194 0.5 0.0208333 1
0 0.438194 0.5 0.0208333 1
0 0.438194 0.5 0.0208333 1
0 0.438194 0.5 0.0208333 1
0 0.438194 0.5 0.0208333 1
0 0.438194 0.5 0.0208333 1
0 0.438194 0.5 0.0208333 1
0 0.438194 0.5 0.0208333 1
0 0.438194 0.5 0.0208333 1
0 0.438194 0.5 0.0208333 1
0 0.438194 0.5 0.0208333 1
0 0.438194 0.5 0.0208333 1
0 0.438194 0.5 0.0208333 1
0 0.438194 0.5 0.0208333 1
0 0.438194 0.5 0.0208333 1
0 0.438194 0.5 0.0208333 1
0 0.438194 0.5 0.0208333 1
0 0.438194 0.5 0.0208333 1
0 0.438194 0.5 0.0208333 1
0 0.438194 0.5 0.0208333 1
0 0.438194 0.5 0.0208333 1
0 0.438194 0.5 0.0208333 1
0 0.438194 0.5 0.0208333 1
0 0.438194 0.5 0.0208333 1
0 0.438194 0.5 0.0208333 1
0 0.438194 0.5 0.0208333 1
0 0.438194 0.5 0.0208333 1
0 0.438194 0.5 0.0208333 1
0 0.438194 0.5 0.0208333 1
0 0.438194 0.5 0.0208333 1
0 0.438194 0.5 0.0208333 1
0 0.438194 0.5 0.0208333 1
0 0.438194 0.5 0.0208333 1
0 0.438194 0.5 0.0208333 1
0 0.438194 0.5 0.0208333 1
0 0.438194 0.5 0.0208333 1
0 0.438194 0.5 0.0208333 1
0 0.436111 0.5 0.0222222 1
0 0.436111 0.5 0.0222222 1
0 0.434722 0.5 0.0222222 1
0 0.434722 0.5 0.0222222 1
0 0.434722 0.5 0.0222222 1
0 0.433333 0.5 0.0222222 1
0 0.433333 0.5 0.0222222 1
0 0.433333 0.5 0.0222222 1
0 0.432639 0.5 0.0208333 1
0 0.43125 0.5 0.0208333 1
0 0.430556 0.5 0.0222222 1
0 0.430556 0.5 0.0222222 1
0 0.429167 0.5 0.0222222 1
0 0.427778 0.5 0.0222222 1
0 0.426389 0.5 0.0222222 1
0 0.425694 0.5 0.0208333 1
0 0.425694 0.5 0.0208333 1
0 0.422917 0.5 0.0236111 1
0 0.422222 0.5 0.0222222 1
0 0.420833 0 0.0222222 0
0 0.420833 0 0.0222222 0
0 0.420833 0 0.0222222 0
0 0.425 0 0.0222222 0
0 0.426389 0 0.0222222 0
0 0.428472 0 0.0236111 0
0 0.429167 0 0.0222222 0
0 0.429861 0 0.0236111 0
0 0.430556 0 0.0222222 0
0 0.431944 0 0.0222222 0
0 0.432639 0 0.0208333 0
0 0.432639 0 0.0208333 0
0 0.433333 0 0.0222222 0
0 0.434722 0 0.0222222 0
0 0.434722 0 0.0222222 0
0 0.435417 0 0.0236111 0
0 0.436111 0 0.0222222 0
0 0.4375 0 0.0222222 0
0 0.438889 0 0.0222222 0
0 0.438889 0 0.0222222 0
0 0.438889 0 0.0222222 0
0 0.438889 0 0.0222222 0
0 0.439583 0 0.0236111 0
0 0.440278 0 0.0222222 0
0 0.440278 0 0.0222222 0
0 0.440278 0 0.0222222 0
0 0.440972 0 0.0236111 0
0 0.440972 0 0.0236111 0
0 0.441667 0 0.025 0
0 0.442361 0 0.0236111 0
0 0.442361 0 0.0236111 0
0 0.442361 0 0.0236111 0
0 0.444444 0 0.0222222 0
0 0.444444 0 0.0222222 0
0 0.445139 0 0.0236111 0
0 0.445139 0 0.0236111 0
0 0.446528 0 0.0236111 0
0 0.446528 0 0.0236111 0
0 0.447917 0 0.0236111 0
0 0.448611 0 0.025 0
0 0.45 0 0.0222222 0
0 0.451389 0 0.0222222 0
0 0.451389 0 0.0222222 0
0 0.452083 0 0.0236111 0
0 0.453472 0 0.0236111 0
0 0.453472 0 0.0236111 0
0 0.453472 0 0.0236111 0
0 0.453472 0 0.0236111 0
0 0.452778 0 0.0222222 0
0 0.451389 0 0.0222222 0
0 0.447917 0 0.0236111 0
0 0.446528 0 0.0236111 0
0 0.445139 0 0.0236111 0
0 0.44375 0 0.0236111 0
0 0.443056 0 0.0222222 0
0 0.442361 0 0.0236111 0
0 0.442361 0 0.0236111 0
0 0.441667 0 0.025 0
0 0.441667 0 0.025 0
0 0.440278 0 0.025 0
0 0.440278 0 0.025 0
0 0.439583 0 0.0236111 0
0 0.439583 0 0.0236111 0
0 0.438889 0 0.025 0
0 0.438194 0 0.0236111 0
0 0.438194 0 0.0236111 0
0 0.438194 0 0.0236111 0
0 0.438889 0 0.025 0
0 0.438889 0 0.025 0
0 0.438889 0 0.025 0
0 0.438194 0 0.0236111 0
0 0.4375 0 0.025 0
0 0.4375 0 0.025 0
0 0.4375 0 0.025 0
0 0.436806 0 0.0236111 0
0 0.436111 0 0.025 0
0 0.436111 0 0.025 0
0 0.436111 0 0.025 0
0 0.436806 0 0.0263889 0
0 0.436111 0 0.0277778 0
0 0.435417 0 0.0263889 0
0 0.435417 0 0.0263889 0
0 0.435417 0 0.0263889 0
0 0.435417 0 0.0263889 0
0 0.434722 0 0.025 0
0 0.434722 0 0.025 0
0 0.434722 0 0.025 0
0 0.434722 0 0.025 0
0 0.434722 0 0.025 0
0 0.4375 0 0.025 0
0 0.438194 0 0.0263889 0
0 0.439583 0 0.0263889 0
0 0.440972 0 0.0263889 0
0 0.442361 0 0.0263889 0
0 0.444444 0 0.025 0
0 0.446528 0 0.0263889 0
0 0.447917 0 0.0263889 0
0 0.447917 0 0.0263889 0
0 0.447917 0 0.0263889 0
0 0.45 0 0.025 0
0 0.451389 0 0.025 0
0 0.452778 0 0.025 0
0 0.453472 0 0.0263889 0
0 0.454861 0 0.0263889 0
0 0.454861 0 0.0263889 0
0 0.455556 0 0.0277778 0
0 0.456944 0 0.025 0
0 0.456944 0 0.025 0
0 0.458333 0 0.025 0
0 0.459028 0 0.0263889 0
0 0.459028 0 0.0263889 0
0 0.459722 0 0.025 0
0 0.460417 0 0.0263889 0
0 0.460417 0 0.0263889 0
0 0.461111 0 0.025 0
0 0.4625 0 0.025 0
0 0.463889 0 0.025 0
0 0.464583 0 0.0263889 0
0 0.465278 0 0.025 0
0 0.465972 0 0.0263889 0
0 0.466667 0 0.025 0
0 0.467361 0 0.0263889 0
0 0.468056 0 0.025 0
0 0.469444 0 0.025 0
0 0.469444 0 0.025 0
0 0.469444 0 0.025 0
0 0.470833 0 0.025 0
0 0.472222 0 0.025 0
0 0.472222 0 0.025 0
0 0.473611 0 0.025 0
0 0.473611 0 0.025 0
0 0.474306 0 0.0236111 0
0 0.475 0 0.025 0
0 0.475 0 0.025 0
0 0.475 0 0.025 0
0 0.474306 0 0.0236111 0
0 0.473611 0 0.025 0
0 0.472917 0 0.0263889 0
0 0.472222 0 0.025 0
0 0.471528 0 0.0236111 0
0 0.471528 0 0.0236111 0
0 0.470833 0 0.025 0
0 0.471528 0 0.0236111 0
0 0.471528 0 0.0236111 0
0 0.471528 0 0.0236111 0
0 0.471528 0 0.0236111 0
0 0.472222 0 0.025 0
0 0.472222 0 0.025 0
0 0.472222 0 0.025 0
0 0.471528 0 0.0236111 0
0 0.471528 0 0.0236111 0
0 0.472222 0 0.025 0
0 0.472222 0 0.025 0
0 0.472222 0 0.025 0
0 0.472917 0 0.0236111 0
0 0.473611 0 0.025 0
0 0.472917 0 0.0236111 0
0 0.473611 0 0.025 0
0 0.474306 0 0.0236111 0
0 0.473611 0 0.025 0
0 0.473611 0 0.025 0
0 0.473611 0 0.025 0
0 0.473611 0 0.025 0
0 0.473611 0 0.025 0
0 0.474306 0 0.0236111 0
0 0.474306 0 0.0236111 0
0 0.474306 0 0.0236111 0
0 0.533333 1 0.0611111 0
0 0.477778 0 0.0361111 0
0 0.474306 0 0.0236111 0
0 0.533333 1 0.0611111 0
0 0.475 0 0.0222222 0
0 0.533333 1 0.0611111 0
0 0.475 0 0.0222222 0
0 0.533333 1 0.0611111 0
0 0.475 0 0.0222222 0
0 0.533333 1 0.0611111 0
0 0.475 0 0.0222222 0
0 0.533333 1 0.0611111 0
0 0.475694 0 0.0208333 0
0 0.534028 1 0.0625 0
0 0.475694 0 0.0208333 0
0 0.534028 1 0.0625 0
0 0.475694 0 0.0208333 0
0 0.533333 1 0.0638889 0
0 0.476389 0 0.0222222 0
0 0.533333 1 0.0638889 0
0 0.477083 0 0.0208333 0
0 0.533333 1 0.0638889 0
0 0.477778 0 0.0222222 0
0 0.533333 1 0.0638889 0
0 0.478472 0 0.0236111 0
0 0.533333 1 0.0611111 0
0 0.479167 0 0.0222222 0
0 0.533333 1 0.0611111 0
0 0.480556 0 0.0222222 0
0 0.533333 1 0.0611111 0
0 0.48125 0 0.0208333 0
0 0.532639 1 0.0569444 0
0 0.48125 0 0.0208333 0
0 0.532639 1 0.0569444 0
0 0.482639 0 0.0208333 0
0 0.532639 1 0.0569444 0
0 0.483333 0 0.0222222 0
0 0.533333 1 0.0611111 0
0 0.482639 0 0.0208333 0
0 0.533333 1 0.0611111 0
0 0.483333 0 0.0222222 0
0 0.533333 1 0.0611111 0
0 0.483333 0 0.0222222 0
0 0.533333 1 0.0555556 0
0 0.483333 0 0.0222222 0
0 0.532639 1 0.0569444 0
0 0.484028 0 0.0208333 0
0 0.533333 1 0.0555556 0
0 0.484028 0 0.0208333 0
0 0.485417 0 0.0208333 0
0 0.485417 0 0.0208333 0
0 0.485417 0 0.0208333 0
0 0.485417 0 0.0208333 0
0 0.481944 0 0.0305556 0
0 0.485417 0 0.0208333 0
0 0.485417 0 0.0208333 0
0 0.482639 0 0.0319444 0
0 0.486111 0 0.0194444 0
0 0.486111 0 0.0194444 0
0 0.486111 0 0.0194444 0
0 0.486111 0 0.0194444 0
0 0.486806 0 0.0180556 0
0 0.486806 0 0.0180556 0
0 0.486806 0 0.0180556 0
0 0.4875 0 0.0194444 0
0 0.488194 0 0.0180556 0
0 0.488194 0 0.0180556 0
0 0.488194 0 0.0180556 0
0 0.488194 0 0.0180556 0
0 0.488194 0 0.0180556 0
0 0.488889 0 0.0194444 0
0 0.488889 0 0.0194444 0
0 0.488889 0 0.0194444 0
0 0.489583 0 0.0180556 0
0 0.489583 0 0.0180556 0
0 0.489583 0 0.0180556 0
0 0.489583 0 0.0180556 0
0 0.489583 0 0.0180556 0
0 0.489583 0 0.0180556 0
0 0.489583 0 0.0180556 0
0 0.489583 0 0.0180556 0
0 0.489583 0 0.0180556 0
0 0.488889 0 0.0194444 0
0 0.488889 0 0.0166667 0
0 0.488194 0 0.0180556 0
0 0.488194 0 0.0180556 0
0 0.4875 0 0.0166667 0
0 0.4875 0 0.0166667 0
0 0.4875 0 0.0166667 0
0 0.4875 0 0.0166667 0
0 0.4875 0 0.0166667 0
0 0.4875 0 0.0166667 0
0 0.4875 0 0.0166667 0
0 0.486806 0 0.0180556 0
0 0.486806 0 0.0180556 0
0 0.4875 0 0.0166667 0
0 0.4875 0 0.0166667 0
0 0.4875 0 0.0166667 0
0 0.486806 0 0.0180556 0
0 0.486806 0 0.0180556 0
0 0.486111 0 0.0166667 0
0 0.486806 0 0.0180556 0
0 0.486806 0 0.0180556 0
0 0.486806 0 0.0180556 0
0 0.486111 0 0.0166667 0
0 0.486806 0 0.0180556 0
0 0.486111 0 0.0166667 0
0 0.486111 0 0.0166667 0
0 0.4875 0 0.0166667 0
0 0.486111 0 0.0166667 0
0 0.486111 0 0.0166667 0
0 0.486806 0 0.0152778 0
0 0.486111 0 0.0166667 0
0 0.486111 0 0.0166667 0
0 0.486111 0 0.0166667 0
0 0.486111 0 0.0166667 0
0 0.486111 0 0.0166667 0
0 0.486111 0 0.0166667 0
0 0.486111 0 0.0166667 0
0 0.486111 0 0.0166667 0
0 0.485417 0 0.0180556 0
0 0.485417 0 0.0180556 0
0 0.485417 0 0.0180556 0
0 0.484722 0 0.0166667 0
0 0.485417 0 0.0180556 0
0 0.485417 0 0.0180556 0
0 0.485417 0 0.0180556 0
0 0.485417 0 0.0180556 0
0 0.485417 0 0.0180556 0
0 0.485417 0 0.0180556 0
0 0.485417 0 0.0180556 0
0 0.485417 0 0.0180556 0
0 0.485417 0 0.0180556 0
0 0.485417 0 0.0180556 0
0 0.485417 0 0.0180556 0
0 0.485417 0 0.0180556 0
0 0.484722 0 0.0194444 0
0 0.484028 0 0.0180556 0
0 0.484028 0 0.0180556 0
0 0.484028 0 0.0180556 0
0 0.483333 0 0.0194444 0
0 0.483333 0 0.0194444 0
0 0.482639 0 0.0180556 0
0 0.481944 0 0.0194444 0
0 0.48125 0 0.0180556 0
0 0.48125 0 0.0180556 0
0 0.480556 0 0.0194444 0
0 0.480556 0 0.0194444 0
0 0.480556 0 0.0194444 0
0 0.479861 0 0.0208333 0
0 0.478472 0 0.0180556 0
0 0.478472 0 0.0180556 0
0 0.477083 0 0.0208333 0
0 0.477083 0 0.0208333 0
0 0.477083 0 0.0208333 0
0 0.477083 0 0.0208333 0
0 0.476389 0 0.0194444 0
0 0.475 0 0.0194444 0
0 0.475 0 0.0194444 0
0 0.473611 0 0.0222222 0
0 0.472917 0 0.0208333 0
0 0.472222 0 0.0222222 0
0 0.471528 0 0.0236111 0
0 0.470833 0 0.0222222 0
0 0.470139 0 0.0208333 0
0 0.469444 0 0.0222222 0
0 0.467361 0 0.0236111 0
0 0.466667 0 0.025 0
0 0.465972 0 0.0236111 0
0 0.464583 0 0.0236111 0
0 0.4625 0 0.0222222 0
0 0.461111 0 0.025 0
0 0.459722 0 0.025 0
0 0.457639 0 0.0263889 0
0 0.455556 0 0.025 0
0 0.454861 0 0.0263889 0
0 0.453472 0 0.0263889 0
0 0.452778 0 0.0277778 0
0 0.451389 0 0.0277778 0
0 0.533333 1 0.0583333 0
0 0.451389 0 0.0277778 0
0 0.533333 1 0.0583333 0
0 0.447222 0 0.0277778 0
0 0.534028 1 0.0597222 0
0 0.445833 0 0.0277778 0
0 0.534028 1 0.0597222 0
0 0.445833 0 0.0277778 0
0 0.44375 0 0.0291667 0
0 0.442361 0 0.0291667 0
0 0.441667 0 0.0305556 0
0 0.438194 0 0.0319444 0
0 0.436111 0 0.0305556 0
0 0.434722 0 0.0305556 0
0 0.431944 0 0.0333333 0
0 0.429167 0 0.0333333 0
0 0.427083 0 0.0347222 0
0 0.423611 0 0.0361111 0
0 0.421528 0 0.0375 0
0 0.417361 0 0.0375 0
0 0.415278 0 0.0388889 0
0 0.413194 0 0.0402778 0
0 0.411111 0 0.0416667 0
0 0.406944 0 0.0416667 0
0 0.398611 0 0.05 0
0 0.395139 0 0.0458333 0
0 0.393056 0 0.0472222 0
0 0.388194 0 0.0486111 0
0 0.382639 0 0.0513889 0
0 0.423611 0 0.0472222 0
0 0.377083 0 0.0541667 0
0 0.372222 0 0.0555556 0
0 0.368056 0 0.0555556 0
0 0.527083 0 0.0125 0
0 0.363194 0 0.0597222 0
0 0.638889 0 0.0138889 0
0 0.35625 0 0.0625 0
0 0.349306 0 0.0652778 0
0 0.386111 0 0.0444444 0
0 0.338194 0 0.0680556 0
0 0.327083 0 0.0763889 0
0 0.415278 0 0.0527778 0
0 0.320833 0 0.0777778 0
0 0.309028 0 0.0791667 0
0 0.411806 0 0.0541667 0
0 0.303472 0 0.0847222 0
0 0.288889 0 0.0916667 0
0 0.288889 0 0.0916667 0
0 0.279861 0 0.0875 0
0 0.409028 0 0.0569444 0
0 0.536111 1 0.0638889 0
0 0.536111 1 0.0638889 0
0 0.536111 1 0.0638889 0
0 0.536111 1 0.0638889 0
0 0.536111 1 0.0638889 0
0 0.536111 1 0.0638889 0
0 0.536111 1 0.0638889 0
0 0.536111 1 0.0638889 0
0 0.536111 1 0.0638889 0
0 0.536111 1 0.0638889 0
0 0.386806 0 0.0847222 0
0 0.385417 0 0.0930556 0
0 0.385417 0 0.0930556 0
0 0.538194 1 0.0680556 0
0 0.384028 0 0.0875 0
0 0.381944 0 0.0888889 0
0 0.376389 0 0.0916667 0
0 0.372917 0 0.0958333 0
0 0.372222 0 0.0916667 0
0 0.373611 0 0.0916667 0
0 0.370833 0 0.0888889 0
0 0.365278 0 0.1 0
0 0.500694 0.5 0.0486111 1
0 0.500694 0.5 0.0486111 1
0 0.500694 0.5 0.0486111 1
0 0.500694 0.5 0.0486111 1
0 0.46875 0 0.0208333 0
0 0.46875 0 0.0208333 0
0 0.468056 0 0.0222222 0
0 0.466667 0 0.0222222 0
0 0.465278 0 0.0222222 0
0 0.464583 0 0.0208333 0
0 0.461111 0 0.0222222 0
0 0.459722 0 0.0222222 0
0 0.458333 0 0.0222222 0
0 0.458333 0 0.0222222 0
0 0.458333 0 0.0222222 0
0 0.456944 0 0.0222222 0
0 0.455556 0 0.0222222 0
0 0.455556 0 0.0222222 0
0 0.454861 0 0.0236111 0
0 0.454167 0 0.0222222 0
0 0.454167 0 0.0222222 0
0 0.453472 0 0.0236111 0
0 0.452778 0 0.0222222 0
0 0.452778 0 0.0222222 0
0 0.452778 0 0.0222222 0
0 0.453472 0 0.0208333 0
0 0.454167 0 0.0222222 0
0 0.454167 0 0.0222222 0
0 0.454167 0 0.0222222 0
0 0.455556 0 0.0222222 0
0 0.455556 0 0.0194444 0
0 0.45625 0.5 0.0208333 1
0 0.45625 0.5 0.0208333 1
0 0.45625 0.5 0.0208333 1
0 0.457639 0.5 0.0208333 1
0 0.457639 0.5 0.0208333 1
0 0.457639 0.5 0.0208333 1
0 0.458333 0.5 0.0222222 1
0 0.458333 0.5 0.0222222 1
0 0.459028 0.5 0.0208333 1
0 0.459028 0.5 0.0208333 1
0 0.459028 0.5 0.0208333 1
0 0.459028 0.5 0.0208333 1
0 0.459722 0.5 0.0222222 1
0 0.459722 0.5 0.0222222 1
0 0.459722 0.5 0.0222222 1
0 0.460417 0.5 0.0208333 1
0 0.460417 0.5 0.0208333 1
0 0.460417 0 0.0208333 0
0 0.461111 0 0.0222222 0
0 0.461806 0 0.0208333 0
0 0.463194 0 0.0208333 0
0 0.465972 0 0.0208333 0
0 0.46875 0 0.0208333 0
0 0.472917 0 0.0208333 0
0 0.473611 0 0.0222222 0
0 0.473611 0 0.0222222 0
0 0.473611 0 0.0222222 0
0 0.473611 0 0.0222222 0
0 0.473611 0 0.0222222 0
0 0.473611 0 0.0222222 0
0 0.473611 0 0.0222222 0
0 0.473611 0 0.0222222 0
0 0.473611 0 0.0222222 0
0 0.473611 0 0.0222222 0
0 0.473611 0 0.0222222 0
0 0.473611 0 0.0222222 0
0 0.473611 0 0.0222222 0
0 0.473611 0 0.0222222 0
0 0.473611 0 0.0222222 0
0 0.473611 0 0.0222222 0
0 0.473611 0 0.0222222 0
0 0.473611 0 0.0222222 0
0 0.473611 0 0.0222222 0
0 0.473611 0 0.0222222 0
0 0.473611 0 0.0222222 0
0 0.473611 0 0.0222222 0
0 0.473611 0 0.0222222 0
0 0.473611 0 0.0222222 0
0 0.473611 0 0.0222222 0
0 0.473611 0 0.0222222 0
0 0.473611 0 0.0222222 0
0 0.473611 0 0.0222222 0
0 0.473611 0 0.0222222 0
0 0.473611 0 0.0222222 0
0 0.473611 0 0.0222222 0
0 0.473611 0 0.0222222 0
0 0.473611 0 0.0222222 0
0 0.473611 0 0.0222222 0
0 0.473611 0 0.0222222 0
0 0.473611 0 0.0222222 0
0 0.473611 0 0.0222222 0
0 0.473611 0 0.0222222 0
0 0.473611 0 0.0222222 0
0 0.473611 0 0.0222222 0
0 0.473611 0 0.0222222 0
0 0.473611 0 0.0222222 0
0 0.473611 0 0.0222222 0
0 0.473611 0 0.0222222 0
0 0.473611 0 0.0222222 0
0 0.473611 0 0.0222222 0
0 0.473611 0 0.0222222 0
0 0.473611 0 0.0222222 0
0 0.473611 0 0.0222222 0
0 0.473611 0 0.0222222 0
0 0.473611 0 0.0222222 0
0 0.473611 0 0.0222222 0
0 0.473611 0 0.0222222 0
0 0.473611 0 0.0222222 0
0 0.473611 0 0.0222222 0
0 0.473611 0 0.0222222 0
0 0.473611 0 0.0222222 0
0 0.473611 0 0.0222222 0
0 0.473611 0 0.0222222 0
0 0.473611 0 0.0222222 0
0 0.473611 0 0.0222222 0
0 0.473611 0 0.0222222 0
0 0.473611 0 0.0222222 0
0 0.473611 0 0.0222222 0
0 0.473611 0 0.0222222 0
0 0.473611 0 0.0222222 0
0 0.473611 0 0.0222222 0
0 0.473611 0 0.0222222 0
0 0.473611 0 0.0222222 0
0 0.473611 0 0.0222222 0
0 0.473611 0 0.0222222 0
0 0.473611 0 0.0222222 0
0 0.473611 0 0.0222222 0
0 0.473611 0 0.0222222 0
0 0.473611 0 0.0222222 0
0 0.473611 0 0.0222222 0
0 0.473611 0 0.0222222 0
0 0.473611 0 0.0222222 0
0 0.473611 0 0.0222222 0
0 0.473611 0 0.0222222 0
0 0.473611 0 0.0222222 0
0 0.473611 0 0.0222222 0
0 0.473611 0 0.0222222 0
0 0.473611 0 0.0222222 0
0 0.473611 0 0.0222222 0
0 0.473611 0 0.0222222 0
0 0.473611 0 0.0222222 0
0 0.473611 0 0.0222222 0
0 0.473611 0 0.0222222 0
0 0.473611 0 0.0222222 0
0 0.473611 0 0.0222222 0
0 0.473611 0 0.0222222 0
0 0.473611 0 0.0222222 0
0 0.473611 0 0.0222222 0
0 0.473611 0 0.0222222 0
0 0.473611 0 0.0222222 0
0 0.473611 0 0.0222222 0
0 0.473611 0 0.0222222 0
0 0.473611 0 0.0222222 0
0 0.473611 0 0.0222222 0
0 0.473611 0 0.0222222 0
0 0.473611 0 0.0222222 0
0 0.473611 0 0.0222222 0
0 0.473611 0 0.0222222 0
0 0.473611 0 0.0222222 0
0 0.473611 0 0.0222222 0
0 0.473611 0 0.0222222 0
0 0.473611 0 0.0222222 0
0 0.473611 0 0.0222222 0
0 0.473611 0 0.0222222 0
0 0.473611 0 0.0222222 0
0 0.473611 0 0.0222222 0
0 0.473611 0 0.0222222 0
0 0.473611 0 0.0222222 0
0 0.473611 0 0.0222222 0
0 0.473611 0 0.0222222 0
0 0.473611 0 0.0222222 0
0 0.473611 0 0.0222222 0
0 0.473611 0 0.0222222 0
0 0.473611 0 0.0222222 0
0 0.473611 0 0.0222222 0
0 0.473611 0 0.0222222 0
0 0.473611 0 0.0222222 0
0 0.473611 0 0.0222222 0
0 0.473611 0 0.0222222 0
0 0.473611 0 0.0222222 0
0 0.473611 0 0.0222222 0
0 0.473611 0 0.0222222 0
0 0.473611 0 0.0222222 0
0 0.473611 0 0.0222222 0
0 0.473611 0 0.0222222 0
0 0.473611 0 0.0222222 0
0 0.473611 0 0.0222222 0
0 0.473611 0 0.0222222 0
0 0.473611 0 0.0222222 0
0 0.473611 0 0.0222222 0
0 0.473611 0 0.0222222 0
0 0.473611 0 0.0222222 0
0 0.473611 0 0.0222222 0
0 0.473611 0 0.0222222 0
0 0.473611 0 0.0222222 0
0 0.473611 0 0.0222222 0
0 0.473611 0 0.0222222 0
0 0.473611 0 0.0222222 0
0 0.473611 0 0.0222222 0
0 0.473611 0 0.0222222 0
0 0.473611 0 0.0222222 0
0 0.473611 0 0.0222222 0
0 0.473611 0 0.0222222 0
0 0.473611 0 0.0222222 0
0 0.473611 0 0.0222222 0
0 0.473611 0 0.0222222 0
0 0.473611 0 0.0222222 0
0 0.473611 0 0.0222222 0
0 0.473611 0 0.0222222 0
0 0.473611 0 0.0222222 0
0 0.473611 0 0.0222222 0
0 0.473611 0 0.0222222 0
0 0.473611 0 0.0222222 0
0 0.473611 0 0.0222222 0
0 0.473611 0 0.0222222 0
0 0.473611 0 0.0222222 0
0 0.473611 0 0.0222222 0
0 0.473611 0 0.0222222 0
0 0.473611 0 0.0222222 0
0 0.473611 0 0.0222222 0
0 0.473611 0 0.0222222 0
0 0.473611 0 0.0222222 0
0 0.473611 0 0.0222222 0
0 0.473611 0 0.0222222 0
0 0.473611 0 0.0222222 0
0 0.473611 0 0.0222222 0
0 0.473611 0 0.0222222 0
0 0.473611 0 0.0222222 0
0 0.473611 0 0.0222222 0
0 0.473611 0 0.0222222 0
0 0.473611 0 0.0222222 0
0 0.473611 0 0.0222222 0
0 0.473611 0 0.0222222 0
0 0.473611 0 0.0222222 0
0 0.473611 0 0.0222222 0
0 0.473611 0 0.0222222 0
0 0.473611 0 0.0222222 0
0 0.473611 0 0.0222222 0
0 0.473611 0 0.0222222 0
0 0.473611 0 0.0222222 0
0 0.473611 0 0.0222222 0
0 0.473611 0 0.0222222 0
0 0.473611 0 0.0222222 0
0 0.473611 0 0.0222222 0
0 0.473611 0 0.0222222 0
0 0.473611 0 0.0222222 0
0 0.473611 0 0.0222222 0
0 0.473611 0 0.0222222 0
0 0.473611 0 0.0222222 0
0 0.473611 0 0.0222222 0
0 0.473611 0 0.0222222 0
0 0.473611 0 0.0222222 0
0 0.473611 0 0.0222222 0
0 0.473611 0 0.0222222 0
0 0.473611 0 0.0222222 0
0 0.473611 0 0.0222222 0
0 0.473611 0 0.0222222 0
0 0.473611 0 0.0222222 0
0 0.473611 0 0.0222222 0
0 0.473611 0 0.0222222 0
0 0.473611 0 0.0222222 0
0 0.473611 0 0.0222222 0
0 0.473611 0 0.0222222 0
0 0.473611 0 0.0222222 0
0 0.473611 0 0.0222222 0
0 0.473611 0 0.0222222 0
0 0.473611 0 0.0222222 0
0 0.473611 0 0.0222222 0
0 0.473611 0 0.0222222 0
0 0.473611 0 0.0222222 0
0 0.473611 0 0.0222222 0
0 0.473611 0 0.0222222 0
0 0.473611 0 0.0222222 0
0 0.473611 0 0.0222222 0
0 0.473611 0 0.0222222 0
0 0.473611 0 0.0222222 0
0 0.473611 0 0.0222222 0
0 0.473611 0 0.0222222 0
0 0.473611 0 0.0222222 0
0 0.473611 0 0.0222222 0
0 0.473611 0 0.0222222 0
0 0.473611 0 0.0222222 0
0 0.473611 0 0.0222222 0
0 0.473611 0 0.0222222 0
0 0.473611 0 0.0222222 0
0 0.473611 0 0.0222222 0
0 0.473611 0 0.0222222 0
0 0.473611 0 0.0222222 0
0 0.473611 0 0.0222222 0
0 0.473611 0 0.0222222 0
0 0.473611 0 0.0222222 0
0 0.473611 0 0.0222222 0
0 0.473611 0 0.0222222 0
0 0.473611 0 0.0222222 0
0 0.473611 0 0.0222222 0
0 0.473611 0 0.0222222 0
0 0.473611 0 0.0222222 0
0 0.473611 0 0.0222222 0
0 0.473611 0 0.0222222 0
