0 0.469444 0 0.0222222 0
0 0.469444 0 0.0222222 0
0 0.469444 0 0.0222222 0
0 0.469444 0 0.0222222 0
0 0.469444 0 0.0222222 0
0 0.469444 0 0.0222222 0
0 0.469444 0 0.0222222 0
0 0.469444 0 0.0222222 0
0 0.469444 0 0.0222222 0
0 0.469444 0 0.0222222 0
0 0.469444 0 0.0222222 0
0 0.469444 0 0.0222222 0
0 0.469444 0 0.0222222 0
0 0.469444 0 0.0222222 0
0 0.469444 0 0.0222222 0
0 0.469444 0 0.0222222 0
0 0.469444 0 0.0222222 0
0 0.469444 0 0.0222222 0
0 0.469444 0 0.0222222 0
0 0.469444 0 0.0222222 0
0 0.469444 0 0.0222222 0
0 0.469444 0 0.0222222 0
0 0.469444 0 0.0222222 0
0 0.469444 0 0.0222222 0
0 0.469444 0 0.0222222 0
0 0.469444 0 0.0222222 0
0 0.469444 0 0.0222222 0
0 0.469444 0 0.0222222 0
0 0.469444 0 0.0222222 0
0 0.469444 0 0.0222222 0
0 0.469444 0 0.0222222 0
0 0.469444 0 0.0222222 0
0 0.469444 0 0.0222222 0
0 0.469444 0 0.0222222 0
0 0.469444 0 0.0222222 0
0 0.469444 0 0.0222222 0
0 0.469444 0 0.0222222 0
0 0.469444 0 0.0222222 0
0 0.469444 0 0.0222222 0
0 0.469444 0 0.0222222 0
0 0.469444 0 0.0222222 0
0 0.469444 0 0.0222222 0
0 0.469444 0 0.0222222 0
0 0.469444 0 0.0222222 0
0 0.469444 0 0.0222222 0
0 0.469444 0 0.0222222 0
0 0.469444 0 0.0222222 0
0 0.469444 0 0.0222222 0
0 0.469444 0 0.0222222 0
0 0.469444 0 0.0222222 0
0 0.469444 0 0.0222222 0
0 0.469444 0 0.0222222 0
0 0.469444 0 0.0222222 0
0 0.469444 0 0.0222222 0
0 0.469444 0 0.0222222 0
0 0.469444 0 0.0222222 0
0 0.469444 0 0.0222222 0
0 0.469444 0 0.0222222 0
0 0.469444 0 0.0222222 0
0 0.469444 0 0.0222222 0
0 0.469444 0 0.0222222 0
0 0.469444 0 0.0222222 0
0 0.469444 0 0.0222222 0
0 0.469444 0 0.0222222 0
0 0.469444 0 0.0222222 0
0 0.469444 0 0.0222222 0
0 0.469444 0 0.0222222 0
0 0.469444 0 0.0222222 0
0 0.469444 0 0.0222222 0
0 0.469444 0 0.0222222 0
0 0.469444 0 0.0222222 0
0 0.469444 0 0.0222222 0
0 0.469444 0 0.0222222 0
0 0.469444 0 0.0222222 0
0 0.469444 0 0.0222222 0
0 0.469444 0 0.0222222 0
0 0.469444 0 0.0222222 0
0 0.469444 0 0.0222222 0
0 0.469444 0 0.0222222 0
0 0.469444 0 0.0222222 0
0 0.469444 0 0.0222222 0
0 0.469444 0 0.0222222 0
0 0.469444 0 0.0222222 0
0 0.469444 0 0.0222222 0
0 0.469444 0 0.0222222 0
0 0.469444 0 0.0222222 0
0 0.469444 0 0.0222222 0
0 0.469444 0 0.0222222 0
0 0.469444 0 0.0222222 0
0 0.469444 0 0.0222222 0
0 0.469444 0 0.0222222 0
0 0.469444 0 0.0222222 0
0 0.469444 0 0.0222222 0
0 0.469444 0 0.0222222 0
0 0.469444 0 0.0222222 0
0 0.469444 0 0.0222222 0
0 0.469444 0 0.0222222 0
0 0.469444 0 0.0222222 0
0 0.469444 0 0.0222222 0
0 0.469444 0 0.0222222 0
0 0.469444 0 0.0222222 0
0 0.469444 0 0.0222222 0
0 0.469444 0 0.0222222 0
0 0.469444 0 0.0222222 0
0 0.469444 0 0.0222222 0
0 0.469444 0 0.0222222 0
0 0.469444 0 0.0222222 0
0 0.469444 0 0.0222222 0
0 0.469444 0 0.0222222 0
0 0.469444 0 0.0222222 0
0 0.469444 0 0.0222222 0
0 0.469444 0 0.0222222 0
0 0.469444 0 0.0222222 0
0 0.469444 0 0.0222222 0
0 0.469444 0 0.0222222 0
0 0.469444 0 0.0222222 0
0 0.469444 0 0.0222222 0
0 0.469444 0 0.0222222 0
0 0.469444 0 0.0222222 0
0 0.469444 0 0.0222222 0
0 0.469444 0 0.0222222 0
0 0.469444 0 0.0222222 0
0 0.469444 0 0.0222222 0
0 0.469444 0 0.0222222 0
0 0.469444 0 0.0222222 0
0 0.469444 0 0.0222222 0
0 0.469444 0 0.0222222 0
0 0.469444 0 0.0222222 0
0 0.469444 0 0.0222222 0
0 0.469444 0 0.0222222 0
0 0.469444 0 0.0222222 0
0 0.469444 0 0.0222222 0
0 0.469444 0 0.0222222 0
0 0.469444 0 0.0222222 0
0 0.469444 0 0.0222222 0
0 0.469444 0 0.0222222 0
0 0.469444 0 0.0222222 0
0 0.469444 0 0.0222222 0
0 0.469444 0 0.0222222 0
0 0.469444 0 0.0222222 0
0 0.469444 0 0.0222222 0
0 0.469444 0 0.0222222 0
0 0.469444 0 0.0222222 0
0 0.469444 0 0.0222222 0
0 0.469444 0 0.0222222 0
0 0.469444 0 0.0222222 0
0 0.469444 0 0.0222222 0
0 0.469444 0 0.0222222 0
0 0.469444 0 0.0222222 0
0 0.469444 0 0.0222222 0
0 0.469444 0 0.0222222 0
0 0.469444 0 0.0222222 0
0 0.469444 0 0.0222222 0
0 0.469444 0 0.0222222 0
0 0.469444 0 0.0222222 0
0 0.469444 0 0.0222222 0
0 0.469444 0 0.0222222 0
0 0.469444 0 0.0222222 0
0 0.469444 0 0.0222222 0
0 0.469444 0 0.0222222 0
0 0.469444 0 0.0222222 0
0 0.469444 0 0.0222222 0
0 0.469444 0 0.0222222 0
0 0.469444 0 0.0222222 0
0 0.469444 0 0.0222222 0
0 0.469444 0 0.0222222 0
0 0.469444 0 0.0222222 0
0 0.469444 0 0.0222222 0
0 0.469444 0 0.0222222 0
0 0.469444 0 0.0222222 0
0 0.469444 0 0.0222222 0
0 0.469444 0 0.0222222 0
0 0.469444 0 0.0222222 0
0 0.469444 0 0.0222222 0
0 0.469444 0 0.0222222 0
0 0.469444 0 0.0222222 0
0 0.469444 0 0.0222222 0
0 0.469444 0 0.0222222 0
0 0.469444 0 0.0222222 0
0 0.469444 0 0.0222222 0
0 0.469444 0 0.0222222 0
0 0.469444 0 0.0222222 0
0 0.469444 0 0.0222222 0
0 0.469444 0 0.0222222 0
0 0.469444 0 0.0222222 0
0 0.469444 0 0.0222222 0
0 0.469444 0 0.0222222 0
0 0.469444 0 0.0222222 0
0 0.469444 0 0.0222222 0
0 0.469444 0 0.0222222 0
0 0.469444 0 0.0222222 0
0 0.469444 0 0.0222222 0
0 0.469444 0 0.0222222 0
0 0.469444 0 0.0222222 0
0 0.469444 0 0.0222222 0
0 0.469444 0 0.0222222 0
0 0.469444 0 0.0222222 0
0 0.469444 0 0.0222222 0
0 0.469444 0 0.0222222 0
0 0.469444 0 0.0222222 0
0 0.469444 0 0.0222222 0
0 0.469444 0 0.0222222 0
0 0.469444 0 0.0222222 0
0 0.469444 0 0.0222222 0
0 0.469444 0 0.0222222 0
0 0.469444 0 0.0222222 0
0 0.469444 0 0.0222222 0
0 0.469444 0 0.0222222 0
0 0.469444 0 0.0222222 0
0 0.469444 0 0.0222222 0
0 0.469444 0 0.0222222 0
0 0.469444 0 0.0222222 0
0 0.469444 0 0.0222222 0
0 0.469444 0 0.0222222 0
0 0.469444 0 0.0222222 0
0 0.469444 0 0.0222222 0
0 0.469444 0 0.0222222 0
0 0.469444 0 0.0222222 0
0 0.469444 0 0.0222222 0
0 0.469444 0 0.0222222 0
0 0.466667 0 0.0222222 0
0 0.465278 0 0.0222222 0
0 0.463889 0 0.0194444 0
0 0.461111 0 0.0222222 0
0 0.459722 0 0.0222222 0
0 0.458333 0 0.0222222 0
0 0.457639 0 0.0208333 0
0 0.457639 0 0.0208333 0
0 0.45625 0 0.0208333 0
0 0.45625 0 0.0208333 0
0 0.455556 0 0.0222222 0
0 0.455556 0 0.0222222 0
0 0.455556 0 0.0222222 0
0 0.455556 0 0.0222222 0
0 0.45625 0 0.0208333 0
0 0.457639 0 0.0208333 0
0 0.459722 0 0.0222222 0
0 0.460417 0 0.0208333 0
0 0.463194 0 0.0208333 0
0 0.463194 0 0.0208333 0
0 0.465972 0.5 0.0208333 1
0 0.468056 0.5 0.0222222 1
0 0.470139 0.5 0.0180556 1
0 0.472917 0.5 0.0180556 1
0 0.472917 0.5 0.0180556 1
0 0.534028 0 0.0208333 0
0 0.545833 0 0.0222222 0
0 0.545833 0 0.0222222 0
0 0.554861 0 0.0208333 0
0 0.566667 0 0.0222222 0
0 0.577778 0 0.0222222 0
0 0.589583 0 0.0208333 0
0 0.589583 0 0.0208333 0
0 0.613889 0 0.0222222 0
0 0.613889 0 0.0222222 0
0 0.620833 0 0.0222222 0
0 0.633333 0 0.0222222 0
0 0.640972 0 0.0236111 0
0 0.657639 0 0.0236111 0
0 0.671528 0 0.0236111 0
0 0.685417 0 0.0236111 0
0 0.685417 0 0.0236111 0
0 0.700694 0 0.0236111 0
0 0.715972 0 0.0236111 0
0 0.734028 0 0.0236111 0
0 0.734028 0 0.0236111 0
0 0.754167 0 0.025 0
0 0.768056 0 0.025 0
0 0.786806 0 0.0236111 0
0 0.808333 0 0.025 0
0 0.828472 0 0.0263889 0
0 0.828472 0 0.0263889 0
0 0.849306 0 0.0236111 0
0 0.869444 0 0.025 0
0 0.897222 0 0.0277778 0
0 0.920139 0 0.0263889 0
0 0.920139 0 0.0263889 0
0 0.9375 0 0.025 0
0 0.961111 0 0.0277778 0
0 0.988194 0 0.0208333 0
0 0.988194 0 0.0208333 0
0 0.988889 0 0.0194444 0
0 0.995139 0 0.00694444 0
0 0.995139 0 0.00694444 0
0 0.469444 0 0.0222222 0
0 0.468056 0 0.0222222 0
0 0.466667 0 0.0222222 0
0 0.465278 0 0.0222222 0
0 0.463889 0 0.0194444 0
0 0.461111 0 0.0222222 0
0 0.459722 0 0.0222222 0
0 0.459028 0 0.0236111 0
0 0.458333 0 0.0222222 0
0 0.458333 0 0.0222222 0
0 0.457639 0 0.0208333 0
0 0.457639 0 0.0208333 0
0 0.456944 0 0.0194444 0
0 0.45625 0 0.0208333 0
0 0.455556 0 0.0222222 0
0 0.454861 0 0.0208333 0
0 0.455556 0 0.0222222 0
0 0.45625 0 0.0208333 0
0 0.455556 0 0.0222222 0
0 0.455556 0 0.0222222 0
0 0.455556 0 0.0222222 0
0 0.455556 0 0.0222222 0
0 0.455556 0 0.0222222 0
0 0.455556 0 0.0222222 0
0 0.455556 0 0.0222222 0
0 0.455556 0 0.0222222 0
0 0.455556 0 0.0222222 0
0 0.455556 0 0.0222222 0
0 0.455556 0 0.0222222 0
0 0.455556 0 0.0222222 0
0 0.455556 0 0.0222222 0
0 0.455556 0 0.0222222 0
0 0.455556 0 0.0222222 0
0 0.455556 0 0.0222222 0
0 0.455556 0 0.0222222 0
0 0.455556 0 0.0222222 0
0 0.455556 0 0.0222222 0
0 0.455556 0 0.0222222 0
0 0.455556 0 0.0222222 0
0 0.455556 0 0.0222222 0
0 0.455556 0 0.0222222 0
0 0.455556 0 0.0222222 0
0 0.455556 0 0.0222222 0
0 0.455556 0 0.0222222 0
0 0.455556 0 0.0222222 0
0 0.455556 0 0.0222222 0
0 0.455556 0 0.0222222 0
0 0.455556 0 0.0222222 0
0 0.455556 0 0.0222222 0
0 0.455556 0 0.0222222 0
0 0.455556 0 0.0222222 0
0 0.455556 0 0.0222222 0
0 0.455556 0 0.0222222 0
0 0.455556 0 0.0222222 0
0 0.455556 0 0.0222222 0
0 0.455556 0 0.0222222 0
0 0.455556 0 0.0222222 0
0 0.455556 0 0.0222222 0
0 0.455556 0 0.0222222 0
0 0.455556 0 0.0222222 0
0 0.455556 0 0.0222222 0
0 0.455556 0 0.0222222 0
0 0.455556 0 0.0222222 0
0 0.455556 0 0.0222222 0
0 0.455556 0 0.0222222 0
0 0.455556 0 0.0222222 0
0 0.455556 0 0.0222222 0
0 0.455556 0 0.0222222 0
0 0.455556 0 0.0222222 0
0 0.455556 0 0.0222222 0
0 0.455556 0 0.0222222 0
0 0.455556 0 0.0222222 0
0 0.455556 0 0.0222222 0
0 0.455556 0 0.0222222 0
0 0.455556 0 0.0222222 0
0 0.455556 0 0.0222222 0
0 0.455556 0 0.0222222 0
0 0.455556 0 0.0222222 0
0 0.455556 0 0.0222222 0
0 0.455556 0 0.0222222 0
0 0.455556 0 0.0222222 0
0 0.455556 0 0.0222222 0
0 0.455556 0 0.0222222 0
0 0.455556 0 0.0222222 0
0 0.455556 0 0.0222222 0
0 0.455556 0 0.0222222 0
0 0.455556 0 0.0222222 0
0 0.455556 0 0.0222222 0
0 0.455556 0 0.0222222 0
0 0.455556 0 0.0222222 0
0 0.455556 0 0.0222222 0
0 0.455556 0 0.0222222 0
0 0.455556 0 0.0222222 0
0 0.455556 0 0.0222222 0
0 0.455556 0 0.0222222 0
0 0.455556 0 0.0222222 0
0 0.455556 0 0.0222222 0
0 0.455556 0 0.0222222 0
0 0.455556 0 0.0222222 0
0 0.455556 0 0.0222222 0
0 0.455556 0 0.0222222 0
0 0.455556 0 0.0222222 0
0 0.455556 0 0.0222222 0
0 0.455556 0 0.0222222 0
0 0.455556 0 0.0222222 0
0 0.455556 0 0.0222222 0
0 0.455556 0 0.0222222 0
0 0.455556 0 0.0222222 0
0 0.455556 0 0.0222222 0
0 0.455556 0 0.0222222 0
0 0.455556 0 0.0222222 0
0 0.455556 0 0.0222222 0
0 0.455556 0 0.0222222 0
0 0.455556 0 0.0222222 0
0 0.455556 0 0.0222222 0
0 0.455556 0 0.0222222 0
0 0.455556 0 0.0222222 0
0 0.455556 0 0.0222222 0
0 0.455556 0 0.0222222 0
0 0.455556 0 0.0222222 0
0 0.455556 0 0.0222222 0
0 0.455556 0 0.0222222 0
0 0.455556 0 0.0222222 0
0 0.455556 0 0.0222222 0
0 0.455556 0 0.0222222 0
0 0.455556 0 0.0222222 0
0 0.455556 0 0.0222222 0
0 0.455556 0 0.0222222 0
0 0.455556 0 0.0222222 0
0 0.455556 0 0.0222222 0
0 0.455556 0 0.0222222 0
0 0.455556 0 0.0222222 0
0 0.455556 0 0.0222222 0
0 0.455556 0 0.0222222 0
0 0.455556 0 0.0222222 0
0 0.455556 0 0.0222222 0
0 0.455556 0 0.0222222 0
0 0.455556 0 0.0222222 0
0 0.455556 0 0.0222222 0
0 0.455556 0 0.0222222 0
0 0.455556 0 0.0222222 0
0 0.455556 0 0.0222222 0
0 0.455556 0 0.0222222 0
0 0.455556 0 0.0222222 0
0 0.455556 0 0.0222222 0
0 0.455556 0 0.0222222 0
0 0.455556 0 0.0222222 0
0 0.455556 0 0.0222222 0
0 0.455556 0 0.0222222 0
0 0.455556 0 0.0222222 0
0 0.455556 0 0.0222222 0
0 0.455556 0 0.0222222 0
0 0.455556 0 0.0222222 0
0 0.455556 0 0.0222222 0
0 0.455556 0 0.0222222 0
0 0.455556 0 0.0222222 0
0 0.455556 0 0.0222222 0
0 0.455556 0 0.0222222 0
0 0.455556 0 0.0222222 0
0 0.455556 0 0.0222222 0
0 0.455556 0 0.0222222 0
0 0.455556 0 0.0222222 0
0 0.455556 0 0.0222222 0
0 0.455556 0 0.0222222 0
0 0.455556 0 0.0222222 0
0 0.455556 0 0.0222222 0
0 0.455556 0 0.0222222 0
0 0.455556 0 0.0222222 0
0 0.455556 0 0.0222222 0
0 0.455556 0 0.0222222 0
0 0.455556 0 0.0222222 0
0 0.455556 0 0.0222222 0
0 0.455556 0 0.0222222 0
0 0.455556 0 0.0222222 0
0 0.455556 0 0.0222222 0
0 0.455556 0 0.0222222 0
0 0.455556 0 0.0222222 0
0 0.455556 0 0.0222222 0
0 0.455556 0 0.0222222 0
0 0.455556 0 0.0222222 0
0 0.455556 0 0.0222222 0
0 0.455556 0 0.0222222 0
0 0.455556 0 0.0222222 0
0 0.455556 0 0.0222222 0
0 0.455556 0 0.0222222 0
0 0.455556 0 0.0222222 0
0 0.455556 0 0.0222222 0
0 0.455556 0 0.0222222 0
0 0.455556 0 0.0222222 0
0 0.455556 0 0.0222222 0
0 0.455556 0 0.0222222 0
0 0.455556 0 0.0222222 0
0 0.455556 0 0.0222222 0
0 0.455556 0 0.0222222 0
0 0.455556 0 0.0222222 0
0 0.455556 0 0.0222222 0
0 0.455556 0 0.0222222 0
0 0.455556 0 0.0222222 0
0 0.455556 0 0.0222222 0
0 0.455556 0 0.0222222 0
0 0.455556 0 0.0222222 0
0 0.455556 0 0.0222222 0
0 0.455556 0 0.0222222 0
0 0.455556 0 0.0222222 0
0 0.455556 0 0.0222222 0
0 0.455556 0 0.0222222 0
0 0.455556 0 0.0222222 0
0 0.455556 0 0.0222222 0
0 0.455556 0 0.0222222 0
0 0.455556 0 0.0222222 0
0 0.455556 0 0.0222222 0
0 0.455556 0 0.0222222 0
0 0.455556 0 0.0222222 0
0 0.455556 0 0.0222222 0
0 0.455556 0 0.0222222 0
0 0.455556 0 0.0222222 0
0 0.455556 0 0.0222222 0
0 0.455556 0 0.0222222 0
0 0.455556 0 0.0222222 0
0 0.455556 0 0.0222222 0
0 0.455556 0 0.0222222 0
0 0.455556 0 0.0222222 0
0 0.455556 0 0.0222222 0
0 0.455556 0 0.0222222 0
0 0.455556 0 0.0222222 0
0 0.455556 0 0.0222222 0
0 0.455556 0 0.0222222 0
0 0.455556 0 0.0222222 0
0 0.455556 0 0.0222222 0
0 0.455556 0 0.0222222 0
0 0.455556 0 0.0222222 0
0 0.455556 0 0.0222222 0
0 0.455556 0 0.0222222 0
0 0.455556 0 0.0222222 0
0 0.455556 0 0.0222222 0
0 0.455556 0 0.0222222 0
0 0.455556 0 0.0222222 0
0 0.455556 0 0.0222222 0
0 0.455556 0 0.0222222 0
0 0.455556 0 0.0222222 0
0 0.455556 0 0.0222222 0
0 0.455556 0 0.0222222 0
0 0.455556 0 0.0222222 0
0 0.455556 0 0.0222222 0
0 0.455556 0 0.0222222 0
0 0.455556 0 0.0222222 0
0 0.455556 0 0.0222222 0
0 0.455556 0 0.0222222 0
0 0.455556 0 0.0222222 0
0 0.455556 0 0.0222222 0
0 0.455556 0 0.0222222 0
0 0.455556 0 0.0222222 0
0 0.455556 0 0.0222222 0
0 0.455556 0 0.0222222 0
0 0.455556 0 0.0222222 0
0 0.455556 0 0.0222222 0
0 0.455556 0 0.0222222 0
0 0.455556 0 0.0222222 0
0 0.455556 0 0.0222222 0
0 0.455556 0 0.0222222 0
0 0.455556 0 0.0222222 0
0 0.455556 0 0.0222222 0
0 0.455556 0 0.0222222 0
0 0.455556 0 0.0222222 0
0 0.455556 0 0.0222222 0
0 0.455556 0 0.0222222 0
0 0.455556 0 0.0222222 0
0 0.455556 0 0.0222222 0
0 0.455556 0 0.0222222 0
0 0.455556 0 0.0222222 0
0 0.455556 0 0.0222222 0
0 0.455556 0 0.0222222 0
0 0.455556 0 0.0222222 0
0 0.455556 0 0.0222222 0
0 0.455556 0 0.0222222 0
0 0.455556 0 0.0222222 0
0 0.455556 0 0.0222222 0
0 0.455556 0 0.0222222 0
0 0.455556 0 0.0222222 0
0 0.455556 0 0.0222222 0
0 0.455556 0 0.0222222 0
0 0.455556 0 0.0222222 0
0 0.455556 0 0.0222222 0
0 0.455556 0 0.0222222 0
0 0.455556 0 0.0222222 0
0 0.455556 0 0.0222222 0
0 0.455556 0 0.0222222 0
0 0.455556 0 0.0222222 0
0 0.455556 0 0.0222222 0
0 0.455556 0 0.0222222 0
0 0.455556 0 0.0222222 0
0 0.455556 0 0.0222222 0
0 0.455556 0 0.0222222 0
0 0.455556 0 0.0222222 0
0 0.455556 0 0.0222222 0
0 0.455556 0 0.0222222 0
0 0.455556 0 0.0222222 0
0 0.455556 0 0.0222222 0
0 0.455556 0 0.0222222 0
0 0.455556 0 0.0222222 0
0 0.455556 0 0.0222222 0
0 0.455556 0 0.0222222 0
0 0.455556 0 0.0222222 0
0 0.455556 0 0.0222222 0
0 0.455556 0 0.0222222 0
0 0.455556 0 0.0222222 0
0 0.455556 0 0.0222222 0
0 0.455556 0 0.0222222 0
0 0.455556 0 0.0222222 0
0 0.455556 0 0.0222222 0
0 0.455556 0 0.0222222 0
0 0.455556 0 0.0222222 0
0 0.455556 0 0.0222222 0
0 0.455556 0 0.0222222 0
0 0.455556 0 0.0222222 0
0 0.455556 0 0.0222222 0
0 0.455556 0 0.0222222 0
0 0.455556 0 0.0222222 0
0 0.455556 0 0.0222222 0
0 0.455556 0 0.0222222 0
0 0.455556 0 0.0222222 0
0 0.455556 0 0.0222222 0
0 0.455556 0 0.0222222 0
0 0.455556 0 0.0222222 0
0 0.455556 0 0.0222222 0
0 0.455556 0 0.0222222 0
0 0.455556 0 0.0222222 0
0 0.455556 0 0.0222222 0
0 0.455556 0 0.0222222 0
0 0.455556 0 0.0222222 0
0 0.455556 0 0.0222222 0
0 0.455556 0 0.0222222 0
0 0.455556 0 0.0222222 0
0 0.455556 0 0.0222222 0
0 0.455556 0 0.0222222 0
0 0.455556 0 0.0222222 0
0 0.455556 0 0.0222222 0
0 0.455556 0 0.0222222 0
0 0.455556 0 0.0222222 0
0 0.455556 0 0.0222222 0
0 0.455556 0 0.0222222 0
0 0.455556 0 0.0222222 0
0 0.455556 0 0.0222222 0
0 0.455556 0 0.0222222 0
0 0.455556 0 0.0222222 0
0 0.455556 0 0.0222222 0
0 0.455556 0 0.0222222 0
0 0.455556 0 0.0222222 0
0 0.455556 0 0.0222222 0
0 0.455556 0 0.0222222 0
0 0.455556 0 0.0222222 0
0 0.455556 0 0.0222222 0
0 0.455556 0 0.0222222 0
0 0.455556 0 0.0222222 0
0 0.455556 0 0.0222222 0
0 0.455556 0 0.0222222 0
0 0.455556 0 0.0222222 0
0 0.455556 0 0.0222222 0
0 0.455556 0 0.0222222 0
0 0.455556 0 0.0222222 0
0 0.455556 0 0.0222222 0
0 0.455556 0 0.0222222 0
0 0.455556 0 0.0222222 0
0 0.455556 0 0.0222222 0
0 0.455556 0 0.0222222 0
0 0.455556 0 0.0222222 0
0 0.455556 0 0.0222222 0
0 0.455556 0 0.0222222 0
0 0.455556 0 0.0222222 0
0 0.455556 0 0.0222222 0
0 0.455556 0 0.0222222 0
0 0.455556 0 0.0222222 0
0 0.455556 0 0.0222222 0
0 0.455556 0 0.0222222 0
0 0.455556 0 0.0222222 0
0 0.455556 0 0.0222222 0
0 0.455556 0 0.0222222 0
0 0.455556 0 0.0222222 0
0 0.455556 0 0.0222222 0
0 0.455556 0 0.0222222 0
0 0.455556 0 0.0222222 0
0 0.455556 0 0.0222222 0
0 0.455556 0 0.0222222 0
0 0.455556 0 0.0222222 0
0 0.455556 0 0.0222222 0
0 0.455556 0 0.0222222 0
0 0.455556 0 0.0222222 0
0 0.455556 0 0.0222222 0
0 0.455556 0 0.0222222 0
0 0.455556 0 0.0222222 0
0 0.455556 0 0.0222222 0
0 0.455556 0 0.0222222 0
0 0.455556 0 0.0222222 0
0 0.455556 0 0.0222222 0
0 0.455556 0 0.0222222 0
0 0.455556 0 0.0222222 0
0 0.455556 0 0.0222222 0
0 0.455556 0 0.0222222 0
0 0.455556 0 0.0222222 0
0 0.455556 0 0.0222222 0
0 0.455556 0 0.0222222 0
0 0.455556 0 0.0222222 0
0 0.455556 0 0.0222222 0
0 0.455556 0 0.0222222 0
0 0.455556 0 0.0222222 0
0 0.455556 0 0.0222222 0
0 0.455556 0 0.0222222 0
0 0.455556 0 0.0222222 0
0 0.455556 0 0.0222222 0
0 0.455556 0 0.0222222 0
0 0.455556 0 0.0222222 0
0 0.455556 0 0.0222222 0
0 0.455556 0 0.0222222 0
0 0.455556 0 0.0222222 0
0 0.455556 0 0.0222222 0
0 0.455556 0 0.0222222 0
0 0.455556 0 0.0222222 0
0 0.455556 0 0.0222222 0
0 0.455556 0 0.0222222 0
0 0.455556 0 0.0222222 0
0 0.455556 0 0.0222222 0
0 0.455556 0 0.0222222 0
0 0.455556 0 0.0222222 0
0 0.455556 0 0.0222222 0
0 0.455556 0 0.0222222 0
0 0.455556 0 0.0222222 0
0 0.455556 0 0.0222222 0
0 0.455556 0 0.0222222 0
0 0.455556 0 0.0222222 0
0 0.455556 0 0.0222222 0
0 0.455556 0 0.0222222 0
0 0.455556 0 0.0222222 0
0 0.455556 0 0.0222222 0
0 0.455556 0 0.0222222 0
0 0.455556 0 0.0222222 0
0 0.455556 0 0.0222222 0
0 0.455556 0 0.0222222 0
0 0.455556 0 0.0222222 0
0 0.455556 0 0.0222222 0
0 0.455556 0 0.0222222 0
0 0.455556 0 0.0222222 0
0 0.455556 0 0.0222222 0
0 0.455556 0 0.0222222 0
0 0.455556 0 0.0222222 0
0 0.455556 0 0.0222222 0
0 0.455556 0 0.0222222 0
0 0.455556 0 0.0222222 0
0 0.455556 0 0.0222222 0
0 0.455556 0 0.0222222 0
0 0.455556 0 0.0222222 0
0 0.455556 0 0.0222222 0
0 0.455556 0 0.0222222 0
0 0.455556 0 0.0222222 0
0 0.455556 0 0.0222222 0
0 0.455556 0 0.0222222 0
0 0.455556 0 0.0222222 0
0 0.455556 0 0.0222222 0
0 0.455556 0 0.0222222 0
0 0.455556 0 0.0222222 0
0 0.455556 0 0.0222222 0
0 0.455556 0 0.0222222 0
0 0.455556 0 0.0222222 0
0 0.455556 0 0.0222222 0
0 0.455556 0 0.0222222 0
0 0.455556 0 0.0222222 0
0 0.455556 0 0.0222222 0
0 0.455556 0 0.0222222 0
0 0.455556 0 0.0222222 0
0 0.455556 0 0.0222222 0
0 0.455556 0 0.0222222 0
0 0.455556 0 0.0222222 0
0 0.455556 0 0.0222222 0
0 0.455556 0 0.0222222 0
0 0.455556 0 0.0222222 0
0 0.455556 0 0.0222222 0
0 0.455556 0 0.0222222 0
0 0.455556 0 0.0222222 0
0 0.455556 0 0.0222222 0
0 0.455556 0 0.0222222 0
0 0.455556 0 0.0222222 0
0 0.455556 0 0.0222222 0
0 0.455556 0 0.0222222 0
0 0.455556 0 0.0222222 0
0 0.455556 0 0.0222222 0
0 0.455556 0 0.0222222 0
0 0.455556 0 0.0222222 0
0 0.455556 0 0.0222222 0
0 0.455556 0 0.0222222 0
0 0.455556 0 0.0222222 0
0 0.455556 0 0.0222222 0
0 0.455556 0 0.0222222 0
0 0.455556 0 0.0222222 0
0 0.455556 0 0.0222222 0
0 0.455556 0 0.0222222 0
0 0.455556 0 0.0222222 0
0 0.455556 0 0.0222222 0
0 0.455556 0 0.0222222 0
0 0.455556 0 0.0222222 0
0 0.455556 0 0.0222222 0
0 0.455556 0 0.0222222 0
0 0.455556 0 0.0222222 0
0 0.455556 0 0.0222222 0
0 0.455556 0 0.0222222 0
0 0.455556 0 0.0222222 0
0 0.455556 0 0.0222222 0
0 0.455556 0 0.0222222 0
0 0.455556 0 0.0222222 0
0 0.455556 0 0.0222222 0
