0 0.442361 0.5 0.0291667 1
0 0.442361 0.5 0.0291667 1
0 0.442361 0.5 0.0291667 1
0 0.442361 0.5 0.0291667 1
0 0.442361 0.5 0.0291667 1
0 0.442361 0.5 0.0291667 1
0 0.442361 0.5 0.0291667 1
0 0.442361 0.5 0.0291667 1
0 0.442361 0.5 0.0291667 1
0 0.442361 0.5 0.0291667 1
0 0.442361 0.5 0.0291667 1
0 0.442361 0.5 0.0291667 1
0 0.442361 0.5 0.0291667 1
0 0.442361 0.5 0.0291667 1
0 0.442361 0.5 0.0291667 1
0 0.442361 0.5 0.0291667 1
0 0.442361 0.5 0.0291667 1
0 0.442361 0.5 0.0291667 1
0 0.442361 0.5 0.0291667 1
0 0.442361 0.5 0.0291667 1
0 0.442361 0.5 0.0291667 1
0 0.442361 0.5 0.0291667 1
0 0.442361 0.5 0.0291667 1
0 0.442361 0.5 0.0291667 1
0 0.442361 0.5 0.0291667 1
0 0.442361 0.5 0.0291667 1
0 0.442361 0.5 0.0291667 1
0 0.442361 0.5 0.0291667 1
0 0.442361 0.5 0.0291667 1
0 0.442361 0.5 0.0291667 1
0 0.442361 0.5 0.0291667 1
0 0.442361 0.5 0.0291667 1
0 0.442361 0.5 0.0291667 1
0 0.442361 0.5 0.0291667 1
0 0.442361 0.5 0.0291667 1
0 0.442361 0.5 0.0291667 1
0 0.442361 0.5 0.0291667 1
0 0.442361 0.5 0.0291667 1
0 0.442361 0.5 0.0291667 1
0 0.442361 0.5 0.0291667 1
0 0.442361 0.5 0.0291667 1
0 0.442361 0.5 0.0291667 1
0 0.442361 0.5 0.0291667 1
0 0.442361 0.5 0.0291667 1
0 0.442361 0.5 0.0291667 1
0 0.442361 0.5 0.0291667 1
0 0.442361 0.5 0.0291667 1
0 0.443056 0.5 0.0277778 1
0 0.568056 0 0.0111111 0
0 0.446528 0.5 0.0263889 1
0 0.382639 0 0.0125 0
0 0.570139 0 0.0125 0
0 0.449306 0.5 0.0263889 1
0 0.508333 0 0.0333333 0
0 0.454861 0.5 0.0263889 1
0 0.457639 1 0.0208333 0
0 0.574306 0 0.00972222 0
0 0.577083 0 0.00972222 0
0 0.515972 0 0.0319444 0
0 0.582639 0 0.0125 0
0 0.516667 0 0.0333333 0
0 0.519444 0 0.0333333 0
0 0.519444 0 0.0333333 0
0 0.594444 0 0.0138889 0
0 0.595833 0 0.0111111 0
0 0.595833 0 0.0111111 0
0 0.395139 0 0.0125 0
0 0.395139 0 0.0125 0
0 0.484722 0.5 0.0444444 1
0 0.394444 0 0.0138889 0
0 0.599306 0 0.0125 0
0 0.484722 0.5 0.0472222 1
0 0.600694 0 0.0125 0
0 0.601389 0 0.0111111 0
0 0.486806 0.5 0.0486111 1
0 0.602083 0 0.0125 0
0 0.486806 0.5 0.0486111 1
0 0.602778 0 0.0111111 0
0 0.488194 0.5 0.0541667 1
0 0.488194 0.5 0.0541667 1
0 0.488889 0.5 0.0555556 1
0 0.488889 0.5 0.0555556 1
0 0.488194 0.5 0.0541667 1
0 0.488889 0.5 0.0555556 1
0 0.532639 0 0.0375 0
0 0.488194 0.5 0.0541667 1
0 0.60625 0 0.0125 0
0 0.486806 0.5 0.0486111 1
0 0.606944 0 0.0138889 0
0 0.486806 0.5 0.0486111 1
0 0.720833 0 0.0138889 0
0 0.531944 0 0.0361111 0
0 0.607639 0 0.0152778 0
0 0.486111 0.5 0.0472222 1
0 0.606944 0 0.0138889 0
0 0.486111 0.5 0.0472222 1
0 0.381944 0 0.0138889 0
0 0.484722 0.5 0.0472222 1
0 0.725 0 0.0138889 0
0 0.607639 0 0.0152778 0
0 0.484028 0.5 0.0458333 1
0 0.532639 0 0.0402778 0
0 0.379861 0 0.0152778 0
0 0.531944 0 0.0388889 0
0 0.609028 0 0.0125 0
0 0.532639 0 0.0430556 0
0 0.531944 0 0.0416667 0
0 0.609028 0 0.0152778 0
0 0.532639 0 0.0402778 0
0 0.609722 0 0.0138889 0
0 0.531944 0 0.0444444 0
0 0.609722 0 0.0138889 0
0 0.609028 0 0.0152778 0
0 0.479861 0.5 0.0486111 1
0 0.609028 0 0.0152778 0
0 0.478472 0.5 0.0541667 1
0 0.477778 0.5 0.0555556 1
0 0.608333 0 0.0166667 0
0 0.477083 0.5 0.0569444 1
0 0.477083 0.5 0.0597222 1
0 0.477083 0.5 0.0597222 1
0 0.606944 0 0.0138889 0
0 0.477083 0.5 0.0625 1
0 0.725694 0 0.0125 0
0 0.606944 0 0.0138889 0
0 0.476389 0.5 0.0666667 1
0 0.60625 0 0.0125 0
0 0.475694 0.5 0.0680556 1
0 0.725694 0 0.0125 0
0 0.474306 0.5 0.0680556 1
0 0.60625 0 0.0152778 0
0 0.60625 0 0.0152778 0
0 0.476389 1 0.0666667 0
0 0.725694 0 0.0125 0
0 0.60625 0 0.0125 0
0 0.472917 1 0.0625 0
0 0.470833 1 0.05 0
0 0.60625 0 0.0125 0
0 0.372222 0 0.0138889 0
0 0.475694 1 0.0652778 0
0 0.606944 0 0.0138889 0
0 0.466667 1 0.0444444 0
0 0.475694 1 0.0652778 0
0 0.465972 1 0.0458333 0
0 0.606944 0 0.0138889 0
0 0.727778 0 0.0138889 0
0 0.475694 1 0.0625 0
0 0.371528 0 0.0152778 0
0 0.465972 1 0.0458333 0
0 0.607639 0 0.0152778 0
0 0.371528 0 0.0152778 0
0 0.727778 0 0.0138889 0
0 0.475694 1 0.0680556 0
0 0.607639 0 0.0152778 0
0 0.607639 0 0.0152778 0
0 0.370833 0 0.0138889 0
0 0.473611 0.5 0.0694444 1
0 0.370833 0 0.0138889 0
0 0.473611 0.5 0.0722222 1
0 0.473611 0.5 0.0722222 1
0 0.474306 0.5 0.0708333 1
0 0.474306 0.5 0.0708333 1
0 0.371528 0 0.0152778 0
0 0.473611 0.5 0.0694444 1
0 0.730556 0 0.0138889 0
0 0.371528 0 0.0152778 0
0 0.609028 0 0.0180556 0
0 0.474306 0.5 0.0680556 1
0 0.608333 0 0.0166667 0
0 0.474306 0.5 0.0680556 1
0 0.608333 0 0.0166667 0
0 0.474306 0.5 0.0680556 1
0 0.370833 0 0.0138889 0
0 0.609028 0 0.0152778 0
0 0.474306 0.5 0.0680556 1
0 0.370139 0 0.0152778 0
0 0.609722 0 0.0138889 0
0 0.475 0.5 0.0666667 1
0 0.610417 0 0.0152778 0
0 0.475 0.5 0.0583333 1
0 0.610417 0 0.0152778 0
0 0.475 0.5 0.0583333 1
0 0.474306 0.5 0.0597222 1
0 0.474306 0.5 0.0597222 1
0 0.738889 0 0.0138889 0
0 0.613194 0 0.0152778 0
0 0.474306 0.5 0.0597222 1
0 0.613194 0 0.0152778 0
0 0.473611 0.5 0.0611111 1
0 0.615278 0 0.0166667 0
0 0.473611 0.5 0.0611111 1
0 0.615972 0 0.0152778 0
0 0.745139 0 0.0152778 0
0 0.472917 0.5 0.0625 1
0 0.747222 0 0.0166667 0
0 0.363889 0 0.0166667 0
0 0.472222 0.5 0.0638889 1
0 0.618056 0 0.0166667 0
0 0.471528 0.5 0.0736111 1
0 0.619444 0 0.0166667 0
0 0.471528 0.5 0.0736111 1
0 0.619444 0 0.0166667 0
0 0.752083 0 0.0152778 0
0 0.46875 0.5 0.0625 1
0 0.752778 0 0.0166667 0
0 0.620833 0 0.0194444 0
0 0.468056 0.5 0.0638889 1
0 0.361111 0 0.0194444 0
0 0.622222 0 0.0166667 0
0 0.467361 0.5 0.0652778 1
0 0.360417 0 0.0180556 0
0 0.622222 0 0.0166667 0
0 0.467361 0.5 0.0652778 1
0 0.75625 0 0.0152778 0
0 0.622222 0 0.0166667 0
0 0.468056 0.5 0.0666667 1
0 0.227083 0 0.0152778 0
0 0.756944 0 0.0138889 0
0 0.622917 0 0.0152778 0
0 0.469444 0.5 0.0666667 1
0 0.227083 0 0.0152778 0
0 0.757639 0 0.0152778 0
0 0.622917 0 0.0152778 0
0 0.469444 0.5 0.0666667 1
0 0.227083 0 0.0152778 0
0 0.623611 0 0.0166667 0
0 0.757639 0 0.0152778 0
0 0.470139 0.5 0.0680556 1
0 0.226389 0 0.0166667 0
0 0.757639 0 0.0152778 0
0 0.622917 0 0.0152778 0
0 0.471528 0.5 0.0680556 1
0 0.226389 0 0.0166667 0
0 0.757639 0 0.0152778 0
0 0.623611 0 0.0166667 0
0 0.471528 0.5 0.0680556 1
0 0.226389 0 0.0166667 0
0 0.757639 0 0.0152778 0
0 0.623611 0 0.0166667 0
0 0.471528 0.5 0.0680556 1
0 0.758333 0 0.0166667 0
0 0.624306 0 0.0152778 0
0 0.471528 0.5 0.0680556 1
0 0.359722 0 0.0166667 0
0 0.759722 0 0.0166667 0
0 0.624306 0 0.0152778 0
0 0.472222 0.5 0.0694444 1
0 0.624306 0 0.0152778 0
0 0.472917 0.5 0.0708333 1
0 0.359722 0 0.0166667 0
0 0.761806 0 0.0152778 0
0 0.625694 0 0.0152778 0
0 0.472222 0.5 0.0722222 1
0 0.359028 0 0.0180556 0
0 0.626389 0 0.0166667 0
0 0.763194 0 0.0152778 0
0 0.472917 0.5 0.0736111 1
0 0.765278 0 0.0166667 0
0 0.220833 0 0.0166667 0
0 0.358333 0 0.0166667 0
0 0.627083 0 0.0180556 0
0 0.472917 0.5 0.0763889 1
0 0.767361 0 0.0180556 0
0 0.358333 0 0.0194444 0
0 0.219444 0 0.0166667 0
0 0.629167 0 0.0194444 0
0 0.472917 0.5 0.0763889 1
0 0.357639 0 0.0180556 0
0 0.768056 0 0.0166667 0
0 0.628472 0 0.0180556 0
0 0.472222 0.5 0.0777778 1
0 0.356944 0 0.0166667 0
0 0.769444 0 0.0166667 0
0 0.629861 0 0.0180556 0
0 0.472917 0.5 0.0791667 1
0 0.355556 0 0.0194444 0
0 0.771528 0 0.0180556 0
0 0.63125 0 0.0180556 0
0 0.474306 0.5 0.0847222 1
0 0.772917 0 0.0180556 0
0 0.631944 0 0.0166667 0
0 0.473611 0.5 0.0833333 1
0 0.355556 0 0.0194444 0
0 0.632639 0 0.0180556 0
0 0.474306 0.5 0.0847222 1
0 0.633333 0 0.0194444 0
0 0.474306 0.5 0.0847222 1
0 0.775694 0 0.0180556 0
0 0.634028 0 0.0180556 0
0 0.475 0.5 0.0861111 1
0 0.354167 0 0.0194444 0
0 0.777083 0 0.0180556 0
0 0.634028 0 0.0180556 0
0 0.475694 0.5 0.0875 1
0 0.354167 0 0.0194444 0
0 0.777083 0 0.0180556 0
0 0.634028 0 0.0180556 0
0 0.477083 0.5 0.0847222 1
0 0.354861 0 0.0180556 0
0 0.777083 0 0.0180556 0
0 0.634028 0 0.0180556 0
0 0.477778 0.5 0.0861111 1
0 0.354861 0 0.0180556 0
0 0.777083 0 0.0180556 0
0 0.634028 0 0.0180556 0
0 0.478472 0.5 0.0847222 1
0 0.354861 0 0.0180556 0
0 0.777083 0 0.0180556 0
0 0.634028 0 0.0180556 0
0 0.480556 0.5 0.0833333 1
0 0.776389 0 0.0166667 0
0 0.634028 0 0.0180556 0
0 0.48125 0.5 0.0847222 1
0 0.354861 0 0.0180556 0
0 0.213194 0 0.0180556 0
0 0.776389 0 0.0166667 0
0 0.634028 0 0.0180556 0
0 0.481944 0.5 0.0833333 1
0 0.355556 0 0.0166667 0
0 0.776389 0 0.0166667 0
0 0.634028 0 0.0180556 0
0 0.482639 0.5 0.0847222 1
0 0.213889 0 0.0166667 0
0 0.776389 0 0.0166667 0
0 0.355556 0 0.0166667 0
0 0.634028 0 0.0180556 0
0 0.482639 0.5 0.0819444 1
0 0.213889 0 0.0166667 0
0 0.35625 0 0.0152778 0
0 0.776389 0 0.0166667 0
0 0.634028 0 0.0180556 0
0 0.481944 0.5 0.0833333 1
0 0.356944 0 0.0166667 0
0 0.777083 0 0.0180556 0
0 0.634028 0 0.0180556 0
0 0.481944 0.5 0.0861111 1
0 0.777083 0 0.0180556 0
0 0.634028 0 0.0180556 0
0 0.48125 0.5 0.0847222 1
0 0.35625 0 0.0152778 0
0 0.777083 0 0.0180556 0
0 0.634722 0 0.0166667 0
0 0.479861 0.5 0.0847222 1
0 0.777778 0 0.0166667 0
0 0.635417 0 0.0180556 0
0 0.48125 0.5 0.0875 1
0 0.354861 0 0.0180556 0
0 0.778472 0 0.0180556 0
0 0.635417 0 0.0180556 0
0 0.48125 0.5 0.0847222 1
0 0.354861 0 0.0180556 0
0 0.778472 0 0.0180556 0
0 0.635417 0 0.0180556 0
0 0.48125 0.5 0.0847222 1
0 0.354861 0 0.0180556 0
0 0.778472 0 0.0180556 0
0 0.636111 0 0.0166667 0
0 0.481944 0.5 0.0888889 1
0 0.779861 0 0.0180556 0
0 0.636111 0 0.0166667 0
0 0.483333 0.5 0.0888889 1
0 0.780556 0 0.0166667 0
0 0.636806 0 0.0180556 0
0 0.483333 0.5 0.0888889 1
0 0.354861 0 0.0180556 0
0 0.78125 0 0.0152778 0
0 0.636111 0 0.0166667 0
0 0.485417 0.5 0.0875 1
0 0.354861 0 0.0180556 0
0 0.780556 0 0.0166667 0
0 0.636111 0 0.0166667 0
0 0.486806 0.5 0.0902778 1
0 0.354861 0 0.0180556 0
0 0.78125 0 0.0152778 0
0 0.636806 0 0.0152778 0
0 0.4875 0.5 0.0888889 1
0 0.354861 0 0.0180556 0
0 0.781944 0 0.0166667 0
0 0.6375 0 0.0166667 0
0 0.488194 0.5 0.0902778 1
0 0.354861 0 0.0180556 0
0 0.78125 0 0.0152778 0
0 0.6375 0 0.0166667 0
0 0.489583 0.5 0.0875 1
0 0.354861 0 0.0180556 0
0 0.78125 0 0.0152778 0
0 0.636806 0 0.0152778 0
0 0.490972 0.5 0.0875 1
0 0.354861 0 0.0180556 0
0 0.78125 0 0.0152778 0
0 0.636806 0 0.0152778 0
0 0.491667 0.5 0.0888889 1
0 0.355556 0 0.0194444 0
0 0.78125 0 0.0152778 0
0 0.636806 0 0.0152778 0
0 0.492361 0.5 0.0902778 1
0 0.313889 0 0.0416667 0
0 0.355556 0 0.0194444 0
0 0.78125 0 0.0152778 0
0 0.636806 0 0.0152778 0
0 0.491667 0.5 0.0916667 1
0 0.354861 0 0.0180556 0
0 0.78125 0 0.0152778 0
0 0.636806 0 0.0152778 0
0 0.489583 0.5 0.0875 1
0 0.354861 0 0.0180556 0
0 0.636111 0 0.0166667 0
0 0.781944 0 0.0166667 0
0 0.488194 0.5 0.0902778 1
0 0.781944 0 0.0166667 0
0 0.6375 0 0.0166667 0
0 0.4875 0.5 0.0888889 1
0 0.355556 0 0.0194444 0
0 0.781944 0 0.0166667 0
0 0.6375 0 0.0166667 0
0 0.4875 0.5 0.0888889 1
0 0.354861 0 0.0180556 0
0 0.781944 0 0.0166667 0
0 0.6375 0 0.0166667 0
0 0.4875 0.5 0.0888889 1
0 0.78125 0 0.0180556 0
0 0.6375 0 0.0166667 0
0 0.486806 0.5 0.0902778 1
0 0.355556 0 0.0194444 0
0 0.781944 0 0.0166667 0
0 0.6375 0 0.0166667 0
0 0.4875 0.5 0.0916667 1
0 0.354861 0 0.0180556 0
0 0.781944 0 0.0194444 0
0 0.6375 0 0.0166667 0
0 0.4875 0.5 0.0916667 1
0 0.354861 0 0.0180556 0
0 0.782639 0 0.0180556 0
0 0.6375 0 0.0166667 0
0 0.488194 0.5 0.0902778 1
0 0.354861 0 0.0180556 0
0 0.782639 0 0.0180556 0
0 0.6375 0 0.0166667 0
0 0.488889 0.5 0.0916667 1
0 0.210417 0 0.0180556 0
0 0.354861 0 0.0180556 0
0 0.782639 0 0.0180556 0
0 0.6375 0 0.0166667 0
0 0.489583 0.5 0.0902778 1
0 0.782639 0 0.0180556 0
0 0.354167 0 0.0194444 0
0 0.6375 0 0.0166667 0
0 0.492361 0.5 0.0930556 1
0 0.354167 0 0.0194444 0
0 0.782639 0 0.0180556 0
0 0.6375 0 0.0166667 0
0 0.492361 0.5 0.0930556 1
0 0.354167 0 0.0194444 0
0 0.782639 0 0.0180556 0
0 0.6375 0 0.0166667 0
0 0.493056 0.5 0.0944444 1
0 0.353472 0 0.0180556 0
0 0.782639 0 0.0180556 0
0 0.6375 0 0.0166667 0
0 0.493056 0.5 0.0944444 1
0 0.353472 0 0.0180556 0
0 0.783333 0 0.0194444 0
0 0.6375 0 0.0166667 0
0 0.493056 0.5 0.0944444 1
0 0.353472 0 0.0180556 0
0 0.782639 0 0.0180556 0
0 0.6375 0 0.0166667 0
0 0.493056 0.5 0.0944444 1
0 0.353472 0 0.0180556 0
0 0.782639 0 0.0180556 0
0 0.6375 0 0.0166667 0
0 0.491667 0.5 0.0944444 1
0 0.353472 0 0.0180556 0
0 0.782639 0 0.0180556 0
0 0.6375 0 0.0166667 0
0 0.490278 0.5 0.0944444 1
0 0.353472 0 0.0180556 0
0 0.782639 0 0.0180556 0
0 0.6375 0 0.0166667 0
0 0.489583 0.5 0.0930556 1
0 0.782639 0 0.0180556 0
0 0.6375 0 0.0166667 0
0 0.488889 0.5 0.0916667 1
0 0.353472 0 0.0180556 0
0 0.782639 0 0.0180556 0
0 0.6375 0 0.0166667 0
0 0.4875 0.5 0.0916667 1
0 0.352778 0 0.0166667 0
0 0.782639 0 0.0180556 0
0 0.6375 0 0.0166667 0
0 0.488194 0.5 0.0902778 1
0 0.783333 0 0.0194444 0
0 0.352778 0 0.0166667 0
0 0.636806 0 0.0180556 0
0 0.4875 0.5 0.0916667 1
0 0.352778 0 0.0166667 0
0 0.784028 0 0.0180556 0
0 0.636806 0 0.0180556 0
0 0.486806 0.5 0.0930556 1
0 0.352778 0 0.0166667 0
0 0.782639 0 0.0180556 0
0 0.636806 0 0.0180556 0
0 0.486806 0.5 0.0930556 1
0 0.352778 0 0.0166667 0
0 0.636806 0 0.0180556 0
0 0.782639 0 0.0180556 0
0 0.486806 0.5 0.0930556 1
0 0.784028 0 0.0180556 0
0 0.352778 0 0.0166667 0
0 0.6375 0 0.0166667 0
0 0.4875 0.5 0.0944444 1
0 0.782639 0 0.0180556 0
0 0.352778 0 0.0166667 0
0 0.6375 0 0.0166667 0
0 0.488194 0.5 0.0930556 1
0 0.352778 0 0.0166667 0
0 0.784028 0 0.0180556 0
0 0.6375 0 0.0166667 0
0 0.488194 0.5 0.0930556 1
0 0.784722 0 0.0194444 0
0 0.352778 0 0.0166667 0
0 0.6375 0 0.0166667 0
0 0.490278 0.5 0.0944444 1
0 0.352083 0 0.0180556 0
0 0.6375 0 0.0166667 0
0 0.490972 0.5 0.0958333 1
0 0.352083 0 0.0180556 0
0 0.783333 0 0.0166667 0
0 0.636806 0 0.0180556 0
0 0.490972 0.5 0.0958333 1
0 0.784722 0 0.0194444 0
0 0.352083 0 0.0180556 0
0 0.636806 0 0.0180556 0
0 0.491667 0.5 0.0972222 1
0 0.352083 0 0.0180556 0
0 0.636806 0 0.0180556 0
0 0.492361 0.5 0.0986111 1
0 0.638194 0 0.0180556 0
0 0.352083 0 0.0180556 0
0 0.492361 0.5 0.0986111 1
0 0.784028 0 0.0180556 0
0 0.6375 0 0.0166667 0
0 0.352083 0 0.0180556 0
0 0.491667 0.5 0.0972222 1
0 0.784722 0 0.0194444 0
0 0.352083 0 0.0180556 0
0 0.638194 0 0.0180556 0
0 0.491667 0.5 0.0972222 1
0 0.784722 0 0.0194444 0
0 0.352083 0 0.0180556 0
0 0.638194 0 0.0180556 0
0 0.489583 0.5 0.0958333 1
0 0.784722 0 0.0194444 0
0 0.352083 0 0.0180556 0
0 0.638194 0 0.0180556 0
0 0.488889 0.5 0.0944444 1
0 0.352083 0 0.0180556 0
0 0.638194 0 0.0180556 0
0 0.486111 0.5 0.0944444 1
0 0.784028 0 0.0180556 0
0 0.351389 0 0.0166667 0
0 0.638194 0 0.0180556 0
0 0.4875 0.5 0.0944444 1
0 0.784028 0 0.0180556 0
0 0.351389 0 0.0166667 0
0 0.638194 0 0.0180556 0
0 0.488194 0.5 0.0958333 1
0 0.784028 0 0.0180556 0
0 0.351389 0 0.0166667 0
0 0.638194 0 0.0180556 0
0 0.488194 0.5 0.0958333 1
0 0.784722 0 0.0166667 0
0 0.351389 0 0.0166667 0
0 0.638194 0 0.0180556 0
0 0.488194 0.5 0.0958333 1
0 0.784722 0 0.0194444 0
0 0.350694 0 0.0180556 0
0 0.638194 0 0.0180556 0
0 0.486806 0.5 0.0958333 1
0 0.785417 0 0.0180556 0
0 0.350694 0 0.0180556 0
0 0.638194 0 0.0180556 0
0 0.489583 0.5 0.0958333 1
0 0.784722 0 0.0194444 0
0 0.35 0 0.0166667 0
0 0.638194 0 0.0180556 0
0 0.490278 0.5 0.0972222 1
0 0.785417 0 0.0180556 0
0 0.350694 0 0.0180556 0
0 0.638194 0 0.0180556 0
0 0.490278 0.5 0.0972222 1
0 0.350694 0 0.0180556 0
0 0.785417 0 0.0180556 0
0 0.638194 0 0.0180556 0
0 0.490278 0.5 0.0972222 1
0 0.202778 0 0.0194444 0
0 0.785417 0 0.0180556 0
0 0.349306 0 0.0180556 0
0 0.638194 0 0.0180556 0
0 0.491667 0.5 0.1 1
0 0.202778 0 0.0194444 0
0 0.349306 0 0.0180556 0
0 0.785417 0 0.0180556 0
0 0.638194 0 0.0180556 0
0 0.492361 0.5 0.101389 1
0 0.202778 0 0.0194444 0
0 0.349306 0 0.0180556 0
0 0.785417 0 0.0180556 0
0 0.638194 0 0.0180556 0
0 0.493056 0.5 0.1 1
0 0.202778 0 0.0194444 0
0 0.349306 0 0.0180556 0
0 0.785417 0 0.0180556 0
0 0.638194 0 0.0180556 0
0 0.493056 0.5 0.1 1
0 0.349306 0 0.0180556 0
0 0.785417 0 0.0180556 0
0 0.638194 0 0.0180556 0
0 0.493056 0.5 0.1 1
0 0.349306 0 0.0180556 0
0 0.785417 0 0.0180556 0
0 0.638889 0 0.0166667 0
0 0.493056 0.5 0.1 1
0 0.349306 0 0.0180556 0
0 0.785417 0 0.0180556 0
0 0.638194 0 0.0180556 0
0 0.492361 0.5 0.101389 1
0 0.202083 0 0.0180556 0
0 0.349306 0 0.0180556 0
0 0.786111 0 0.0194444 0
0 0.638889 0 0.0166667 0
0 0.491667 0.5 0.1 1
0 0.202083 0 0.0180556 0
0 0.349306 0 0.0180556 0
0 0.785417 0 0.0180556 0
0 0.638889 0 0.0166667 0
0 0.491667 0.5 0.1 1
0 0.785417 0 0.0180556 0
0 0.349306 0 0.0180556 0
0 0.638194 0 0.0180556 0
0 0.490972 0.5 0.0986111 1
0 0.202083 0 0.0180556 0
0 0.785417 0 0.0180556 0
0 0.349306 0 0.0180556 0
0 0.638889 0 0.0166667 0
0 0.490972 0.5 0.0986111 1
0 0.349306 0 0.0180556 0
0 0.786111 0 0.0194444 0
0 0.638889 0 0.0166667 0
0 0.490972 0.5 0.0986111 1
0 0.349306 0 0.0180556 0
0 0.786111 0 0.0194444 0
0 0.638889 0 0.0166667 0
0 0.490972 0.5 0.0986111 1
0 0.348611 0 0.0194444 0
0 0.201389 0 0.0166667 0
0 0.786111 0 0.0194444 0
0 0.638889 0 0.0166667 0
0 0.490278 0.5 0.0972222 1
0 0.200694 0 0.0180556 0
0 0.348611 0 0.0194444 0
0 0.786111 0 0.0194444 0
0 0.638889 0 0.0166667 0
0 0.490278 0.5 0.0972222 1
0 0.349306 0 0.0180556 0
0 0.786111 0 0.0194444 0
0 0.200694 0 0.0180556 0
0 0.638889 0 0.0166667 0
0 0.490278 0.5 0.0972222 1
0 0.786111 0 0.0194444 0
0 0.200694 0 0.0180556 0
0 0.348611 0 0.0194444 0
0 0.638889 0 0.0166667 0
0 0.490278 0.5 0.0972222 1
0 0.786111 0 0.0194444 0
0 0.348611 0 0.0194444 0
0 0.200694 0 0.0180556 0
0 0.638889 0 0.0166667 0
0 0.489583 0.5 0.0986111 1
0 0.786111 0 0.0194444 0
0 0.348611 0 0.0194444 0
0 0.200694 0 0.0180556 0
0 0.638889 0 0.0166667 0
0 0.489583 0.5 0.0986111 1
0 0.200694 0 0.0180556 0
0 0.786111 0 0.0194444 0
0 0.348611 0 0.0194444 0
0 0.638889 0 0.0166667 0
0 0.489583 0.5 0.0986111 1
0 0.200694 0 0.0180556 0
0 0.348611 0 0.0194444 0
0 0.786111 0 0.0194444 0
0 0.638889 0 0.0166667 0
0 0.489583 0.5 0.0986111 1
0 0.200694 0 0.0180556 0
0 0.348611 0 0.0194444 0
0 0.786806 0 0.0180556 0
0 0.638889 0 0.0166667 0
0 0.489583 0.5 0.101389 1
0 0.348611 0 0.0194444 0
0 0.7875 0 0.0166667 0
0 0.639583 0 0.0180556 0
0 0.489583 0.5 0.101389 1
0 0.348611 0 0.0194444 0
0 0.7875 0 0.0166667 0
0 0.638194 0 0.0180556 0
0 0.489583 0.5 0.101389 1
0 0.348611 0 0.0194444 0
0 0.7875 0 0.0166667 0
0 0.638889 0 0.0166667 0
0 0.489583 0.5 0.101389 1
0 0.2 0 0.0194444 0
0 0.348611 0 0.0194444 0
0 0.7875 0 0.0166667 0
0 0.638889 0 0.0166667 0
0 0.490278 0.5 0.102778 1
0 0.348611 0 0.0194444 0
0 0.7875 0 0.0166667 0
0 0.638889 0 0.0166667 0
0 0.491667 0.5 0.102778 1
0 0.348611 0 0.0194444 0
0 0.7875 0 0.0166667 0
0 0.638194 0 0.0180556 0
0 0.492361 0.5 0.104167 1
0 0.348611 0 0.0194444 0
0 0.7875 0 0.0166667 0
0 0.638889 0 0.0166667 0
0 0.492361 0.5 0.104167 1
0 0.348611 0 0.0194444 0
0 0.7875 0 0.0166667 0
0 0.639583 0 0.0180556 0
0 0.492361 0.5 0.104167 1
0 0.347917 0 0.0208333 0
0 0.7875 0 0.0166667 0
0 0.639583 0 0.0180556 0
0 0.493056 0.5 0.102778 1
0 0.347222 0 0.0194444 0
0 0.7875 0 0.0166667 0
0 0.639583 0 0.0180556 0
0 0.492361 0.5 0.104167 1
0 0.347222 0 0.0194444 0
0 0.7875 0 0.0166667 0
0 0.638194 0 0.0180556 0
0 0.493056 0.5 0.102778 1
0 0.347222 0 0.0194444 0
0 0.7875 0 0.0166667 0
0 0.639583 0 0.0180556 0
0 0.492361 0.5 0.104167 1
0 0.7875 0 0.0166667 0
0 0.347222 0 0.0194444 0
0 0.639583 0 0.0180556 0
0 0.491667 0.5 0.102778 1
0 0.788194 0 0.0180556 0
0 0.347222 0 0.0194444 0
0 0.639583 0 0.0180556 0
0 0.491667 0.5 0.102778 1
0 0.347222 0 0.0194444 0
0 0.788194 0 0.0180556 0
0 0.639583 0 0.0180556 0
0 0.490278 0.5 0.102778 1
0 0.788194 0 0.0180556 0
0 0.347222 0 0.0194444 0
0 0.639583 0 0.0180556 0
0 0.490278 0.5 0.102778 1
0 0.788194 0 0.0180556 0
0 0.347222 0 0.0194444 0
0 0.639583 0 0.0180556 0
0 0.489583 0.5 0.104167 1
0 0.788889 0 0.0166667 0
0 0.347222 0 0.0194444 0
0 0.639583 0 0.0180556 0
0 0.490278 0.5 0.105556 1
0 0.347222 0 0.0194444 0
0 0.788194 0 0.0152778 0
0 0.639583 0 0.0180556 0
0 0.489583 0.5 0.104167 1
0 0.788194 0 0.0152778 0
0 0.347222 0 0.0194444 0
0 0.639583 0 0.0180556 0
0 0.490278 0.5 0.105556 1
0 0.788194 0 0.0152778 0
0 0.347222 0 0.0194444 0
0 0.639583 0 0.0180556 0
0 0.490278 0.5 0.105556 1
0 0.788194 0 0.0152778 0
0 0.347222 0 0.0194444 0
0 0.639583 0 0.0180556 0
0 0.490278 0.5 0.105556 1
0 0.788194 0 0.0152778 0
0 0.347222 0 0.0194444 0
0 0.639583 0 0.0180556 0
0 0.489583 0.5 0.106944 1
0 0.788194 0 0.0152778 0
0 0.347222 0 0.0194444 0
0 0.639583 0 0.0180556 0
0 0.489583 0.5 0.106944 1
0 0.788194 0 0.0152778 0
0 0.347222 0 0.0194444 0
0 0.639583 0 0.0180556 0
0 0.490278 0.5 0.105556 1
0 0.788194 0 0.0152778 0
0 0.347222 0 0.0194444 0
0 0.639583 0 0.0180556 0
0 0.490278 0.5 0.105556 1
0 0.788194 0 0.0152778 0
0 0.347222 0 0.0194444 0
0 0.639583 0 0.0180556 0
0 0.490278 0.5 0.105556 1
0 0.788194 0 0.0152778 0
0 0.347222 0 0.0194444 0
0 0.639583 0 0.0180556 0
0 0.490278 0.5 0.105556 1
0 0.788194 0 0.0152778 0
0 0.347222 0 0.0194444 0
0 0.639583 0 0.0180556 0
0 0.490278 0.5 0.105556 1
0 0.788194 0 0.0152778 0
0 0.347222 0 0.0194444 0
0 0.639583 0 0.0180556 0
0 0.489583 0.5 0.106944 1
0 0.788194 0 0.0152778 0
0 0.347222 0 0.0194444 0
0 0.639583 0 0.0180556 0
0 0.490278 0.5 0.105556 1
0 0.788194 0 0.0152778 0
0 0.347222 0 0.0194444 0
0 0.639583 0 0.0180556 0
0 0.490278 0.5 0.105556 1
0 0.788194 0 0.0152778 0
0 0.347222 0 0.0194444 0
0 0.639583 0 0.0180556 0
0 0.490278 0.5 0.105556 1
0 0.788194 0 0.0152778 0
0 0.347222 0 0.0194444 0
0 0.639583 0 0.0180556 0
0 0.489583 0.5 0.106944 1
0 0.788194 0 0.0152778 0
0 0.347222 0 0.0194444 0
0 0.639583 0 0.0180556 0
0 0.489583 0.5 0.106944 1
0 0.788194 0 0.0152778 0
0 0.347222 0 0.0194444 0
0 0.639583 0 0.0180556 0
0 0.490278 0.5 0.105556 1
0 0.788194 0 0.0152778 0
0 0.347222 0 0.0194444 0
0 0.639583 0 0.0180556 0
0 0.490278 0.5 0.105556 1
0 0.788194 0 0.0152778 0
0 0.347222 0 0.0194444 0
0 0.639583 0 0.0180556 0
0 0.490278 0.5 0.105556 1
0 0.788194 0 0.0152778 0
0 0.347222 0 0.0194444 0
0 0.639583 0 0.0180556 0
0 0.490278 0.5 0.105556 1
0 0.788194 0 0.0152778 0
0 0.347222 0 0.0194444 0
0 0.639583 0 0.0180556 0
0 0.489583 0.5 0.106944 1
0 0.788194 0 0.0152778 0
0 0.347222 0 0.0194444 0
0 0.639583 0 0.0180556 0
0 0.489583 0.5 0.106944 1
0 0.788194 0 0.0152778 0
0 0.347222 0 0.0194444 0
0 0.639583 0 0.0180556 0
0 0.489583 0.5 0.106944 1
0 0.788194 0 0.0152778 0
0 0.347222 0 0.0194444 0
0 0.639583 0 0.0180556 0
0 0.489583 0.5 0.106944 1
0 0.788194 0 0.0152778 0
0 0.347222 0 0.0194444 0
0 0.639583 0 0.0180556 0
0 0.489583 0.5 0.106944 1
0 0.788194 0 0.0152778 0
0 0.347222 0 0.0194444 0
0 0.639583 0 0.0180556 0
0 0.490278 0.5 0.105556 1
0 0.788194 0 0.0152778 0
0 0.347222 0 0.0194444 0
0 0.639583 0 0.0180556 0
0 0.489583 0.5 0.106944 1
0 0.788194 0 0.0152778 0
0 0.347222 0 0.0194444 0
0 0.639583 0 0.0180556 0
0 0.489583 0.5 0.106944 1
0 0.788194 0 0.0152778 0
0 0.347222 0 0.0194444 0
0 0.639583 0 0.0180556 0
0 0.489583 0.5 0.106944 1
0 0.788194 0 0.0152778 0
0 0.347222 0 0.0194444 0
0 0.639583 0 0.0180556 0
0 0.489583 0.5 0.106944 1
0 0.788194 0 0.0152778 0
0 0.347222 0 0.0194444 0
0 0.639583 0 0.0180556 0
0 0.489583 0.5 0.106944 1
0 0.788194 0 0.0152778 0
0 0.347222 0 0.0194444 0
0 0.639583 0 0.0180556 0
0 0.489583 0.5 0.106944 1
0 0.788889 0 0.0166667 0
0 0.347222 0 0.0194444 0
0 0.639583 0 0.0180556 0
0 0.489583 0.5 0.106944 1
0 0.347222 0 0.0194444 0
0 0.788194 0 0.0152778 0
0 0.639583 0 0.0180556 0
0 0.489583 0.5 0.106944 1
0 0.788194 0 0.0152778 0
0 0.347222 0 0.0194444 0
0 0.639583 0 0.0180556 0
0 0.489583 0.5 0.106944 1
0 0.788194 0 0.0152778 0
0 0.347222 0 0.0194444 0
0 0.639583 0 0.0180556 0
0 0.489583 0.5 0.106944 1
0 0.788194 0 0.0152778 0
0 0.347222 0 0.0194444 0
0 0.639583 0 0.0180556 0
0 0.489583 0.5 0.106944 1
0 0.788194 0 0.0152778 0
0 0.347222 0 0.0194444 0
0 0.639583 0 0.0180556 0
0 0.490278 0.5 0.105556 1
0 0.788194 0 0.0152778 0
0 0.347222 0 0.0194444 0
0 0.639583 0 0.0180556 0
0 0.489583 0.5 0.106944 1
0 0.788194 0 0.0152778 0
0 0.347222 0 0.0194444 0
0 0.639583 0 0.0180556 0
0 0.489583 0.5 0.106944 1
0 0.788194 0 0.0152778 0
0 0.347222 0 0.0194444 0
0 0.639583 0 0.0180556 0
0 0.489583 0.5 0.106944 1
0 0.788194 0 0.0152778 0
0 0.347222 0 0.0194444 0
0 0.639583 0 0.0180556 0
0 0.489583 0.5 0.106944 1
0 0.788194 0 0.0152778 0
0 0.347222 0 0.0194444 0
0 0.639583 0 0.0180556 0
0 0.489583 0.5 0.106944 1
0 0.788194 0 0.0152778 0
0 0.347222 0 0.0194444 0
0 0.639583 0 0.0180556 0
0 0.489583 0.5 0.106944 1
0 0.788194 0 0.0152778 0
0 0.347222 0 0.0194444 0
0 0.639583 0 0.0180556 0
0 0.490278 0.5 0.105556 1
0 0.788194 0 0.0152778 0
0 0.347222 0 0.0194444 0
0 0.639583 0 0.0180556 0
0 0.490278 0.5 0.105556 1
0 0.788194 0 0.0152778 0
0 0.347222 0 0.0194444 0
0 0.639583 0 0.0180556 0
0 0.490278 0.5 0.105556 1
0 0.788194 0 0.0152778 0
0 0.347222 0 0.0194444 0
0 0.639583 0 0.0180556 0
0 0.490278 0.5 0.105556 1
0 0.788194 0 0.0152778 0
0 0.347222 0 0.0194444 0
0 0.639583 0 0.0180556 0
0 0.490278 0.5 0.105556 1
0 0.788194 0 0.0152778 0
0 0.347222 0 0.0194444 0
0 0.639583 0 0.0180556 0
0 0.490278 0.5 0.105556 1
0 0.788194 0 0.0152778 0
0 0.347222 0 0.0194444 0
0 0.639583 0 0.0180556 0
0 0.490278 0.5 0.105556 1
0 0.788194 0 0.0152778 0
0 0.347222 0 0.0194444 0
0 0.639583 0 0.0180556 0
0 0.490278 0.5 0.105556 1
0 0.788194 0 0.0152778 0
0 0.347222 0 0.0194444 0
0 0.639583 0 0.0180556 0
0 0.489583 0.5 0.106944 1
0 0.788194 0 0.0152778 0
0 0.347222 0 0.0194444 0
0 0.639583 0 0.0180556 0
0 0.489583 0.5 0.106944 1
0 0.788194 0 0.0152778 0
0 0.347222 0 0.0194444 0
0 0.639583 0 0.0180556 0
0 0.489583 0.5 0.106944 1
0 0.788194 0 0.0152778 0
0 0.347222 0 0.0194444 0
0 0.639583 0 0.0180556 0
0 0.489583 0.5 0.106944 1
0 0.788194 0 0.0152778 0
0 0.347222 0 0.0194444 0
0 0.639583 0 0.0180556 0
0 0.489583 0.5 0.106944 1
0 0.788194 0 0.0152778 0
0 0.347222 0 0.0194444 0
0 0.639583 0 0.0180556 0
0 0.489583 0.5 0.106944 1
0 0.788194 0 0.0152778 0
0 0.347222 0 0.0194444 0
0 0.639583 0 0.0180556 0
0 0.489583 0.5 0.106944 1
0 0.788194 0 0.0152778 0
0 0.347222 0 0.0194444 0
0 0.639583 0 0.0180556 0
0 0.489583 0.5 0.106944 1
0 0.788194 0 0.0152778 0
0 0.347222 0 0.0194444 0
0 0.639583 0 0.0180556 0
0 0.489583 0.5 0.106944 1
0 0.788194 0 0.0152778 0
0 0.347222 0 0.0194444 0
0 0.639583 0 0.0180556 0
0 0.489583 0.5 0.106944 1
0 0.788194 0 0.0152778 0
0 0.347222 0 0.0194444 0
0 0.639583 0 0.0180556 0
0 0.489583 0.5 0.106944 1
0 0.788194 0 0.0152778 0
0 0.347222 0 0.0194444 0
0 0.639583 0 0.0180556 0
0 0.489583 0.5 0.106944 1
0 0.788194 0 0.0152778 0
0 0.347222 0 0.0194444 0
0 0.639583 0 0.0180556 0
0 0.489583 0.5 0.106944 1
0 0.788194 0 0.0152778 0
0 0.347222 0 0.0194444 0
0 0.639583 0 0.0180556 0
0 0.489583 0.5 0.106944 1
0 0.788194 0 0.0152778 0
0 0.347222 0 0.0194444 0
0 0.639583 0 0.0180556 0
0 0.489583 0.5 0.106944 1
0 0.788194 0 0.0152778 0
0 0.347222 0 0.0194444 0
0 0.639583 0 0.0180556 0
0 0.489583 0.5 0.106944 1
0 0.788194 0 0.0152778 0
0 0.347222 0 0.0194444 0
0 0.639583 0 0.0180556 0
0 0.489583 0.5 0.106944 1
0 0.788194 0 0.0152778 0
0 0.347222 0 0.0194444 0
0 0.639583 0 0.0180556 0
0 0.489583 0.5 0.106944 1
0 0.788194 0 0.0152778 0
0 0.347222 0 0.0194444 0
0 0.639583 0 0.0180556 0
0 0.489583 0.5 0.106944 1
0 0.788194 0 0.0152778 0
