0 0.504167 0 0.0333333 0
0 0.449306 0 0.0263889 0
0 0.504167 0 0.0333333 0
0 0.45 0 0.025 0
0 0.449306 0 0.0263889 0
0 0.449306 0 0.0263889 0
0 0.45 0 0.025 0
0 0.504861 0 0.0347222 0
0 0.449306 0 0.0263889 0
0 0.449306 0 0.0263889 0
0 0.504167 0 0.0333333 0
0 0.449306 0 0.0263889 0
0 0.449306 0 0.0263889 0
0 0.504167 0 0.0333333 0
0 0.449306 0 0.0263889 0
0 0.449306 0 0.0263889 0
0 0.449306 0 0.0263889 0
0 0.504167 0 0.0333333 0
0 0.449306 0 0.0263889 0
0 0.449306 0 0.0263889 0
0 0.504861 0 0.0347222 0
0 0.449306 0 0.0263889 0
0 0.449306 0 0.0263889 0
0 0.504167 0 0.0333333 0
0 0.449306 0 0.0263889 0
0 0.449306 0 0.0263889 0
0 0.504167 0 0.0333333 0
0 0.449306 0 0.0263889 0
0 0.449306 0 0.0263889 0
0 0.449306 0 0.0263889 0
0 0.504167 0 0.0333333 0
0 0.449306 0 0.0263889 0
0 0.449306 0 0.0263889 0
0 0.504167 0 0.0333333 0
0 0.45 0 0.025 0
0 0.45 0 0.025 0
0 0.504167 0 0.0333333 0
0 0.45 0 0.025 0
0 0.45 0 0.025 0
0 0.45 0 0.025 0
0 0.45 0 0.025 0
0 0.45 0 0.025 0
0 0.45 0 0.025 0
0 0.45 0 0.025 0
0 0.504167 0 0.0333333 0
0 0.45 0 0.025 0
0 0.45 0 0.025 0
0 0.504167 0 0.0333333 0
0 0.45 0 0.025 0
0 0.45 0 0.025 0
0 0.45 0 0.025 0
0 0.45 0 0.025 0
0 0.45 0 0.025 0
0 0.504167 0 0.0333333 0
0 0.449306 0 0.0263889 0
0 0.45 0 0.025 0
0 0.504861 0 0.0347222 0
0 0.449306 0 0.0263889 0
0 0.45 0 0.025 0
0 0.504167 0 0.0333333 0
0 0.45 0 0.025 0
0 0.45 0 0.025 0
0 0.504167 0 0.0333333 0
0 0.45 0 0.025 0
0 0.504167 0 0.0333333 0
0 0.45 0 0.025 0
0 0.45 0 0.025 0
0 0.449306 0 0.0263889 0
0 0.449306 0 0.0263889 0
0 0.504861 0 0.0347222 0
0 0.449306 0 0.0263889 0
0 0.504167 0 0.0333333 0
0 0.449306 0 0.0263889 0
0 0.504861 0 0.0347222 0
0 0.449306 0 0.0263889 0
0 0.449306 0 0.0263889 0
0 0.504167 0 0.0333333 0
0 0.449306 0 0.0263889 0
0 0.504167 0 0.0333333 0
0 0.449306 0 0.0263889 0
0 0.449306 0 0.0263889 0
0 0.449306 0 0.0263889 0
0 0.449306 0 0.0263889 0
0 0.504861 0 0.0347222 0
0 0.449306 0 0.0263889 0
0 0.449306 0 0.0263889 0
0 0.449306 0 0.0263889 0
0 0.449306 0 0.0263889 0
0 0.449306 0 0.0263889 0
0 0.504861 0 0.0347222 0
0 0.449306 0 0.0263889 0
0 0.45 0 0.025 0
0 0.504861 0 0.0347222 0
0 0.449306 0 0.0263889 0
0 0.45 0 0.025 0
0 0.45 0 0.025 0
0 0.45 0 0.025 0
0 0.449306 0 0.0263889 0
0 0.504167 0 0.0333333 0
0 0.449306 0 0.0263889 0
0 0.45 0 0.025 0
0 0.504861 0 0.0347222 0
0 0.449306 0 0.0263889 0
0 0.45 0 0.025 0
0 0.504167 0 0.0333333 0
0 0.449306 0 0.0263889 0
0 0.449306 0 0.0263889 0
0 0.449306 0 0.0263889 0
0 0.449306 0 0.0263889 0
0 0.449306 0 0.0263889 0
0 0.504167 0 0.0333333 0
0 0.449306 0 0.0263889 0
0 0.45 0 0.025 0
0 0.504861 0 0.0347222 0
0 0.449306 0 0.0263889 0
0 0.45 0 0.025 0
0 0.504167 0 0.0333333 0
0 0.45 0 0.025 0
0 0.45 0 0.025 0
0 0.504861 0 0.0347222 0
0 0.45 0 0.025 0
0 0.45 0 0.025 0
0 0.504167 0 0.0333333 0
0 0.45 0 0.025 0
0 0.45 0 0.025 0
0 0.45 0 0.025 0
0 0.45 0 0.025 0
0 0.45 0 0.025 0
0 0.45 0 0.025 0
0 0.504167 0 0.0333333 0
0 0.45 0 0.025 0
0 0.45 0 0.025 0
0 0.45 0 0.025 0
0 0.45 0 0.025 0
0 0.45 0 0.025 0
0 0.504167 0 0.0333333 0
0 0.45 0 0.025 0
0 0.45 0 0.025 0
0 0.504861 0 0.0347222 0
0 0.45 0 0.025 0
0 0.45 0 0.025 0
0 0.504861 0 0.0347222 0
0 0.45 0 0.025 0
0 0.504167 0 0.0333333 0
0 0.45 0 0.025 0
0 0.45 0 0.025 0
0 0.45 0 0.025 0
0 0.45 0 0.025 0
0 0.504861 0 0.0347222 0
0 0.45 0 0.025 0
0 0.45 0 0.025 0
0 0.504167 0 0.0333333 0
0 0.45 0 0.025 0
0 0.45 0 0.025 0
0 0.45 0 0.025 0
0 0.45 0 0.025 0
0 0.504861 0 0.0347222 0
0 0.45 0 0.025 0
0 0.504167 0 0.0333333 0
0 0.45 0 0.025 0
0 0.45 0 0.025 0
0 0.45 0 0.025 0
0 0.504167 0 0.0333333 0
0 0.449306 0 0.0263889 0
0 0.45 0 0.025 0
0 0.45 0 0.025 0
0 0.504861 0 0.0347222 0
0 0.45 0 0.025 0
0 0.45 0 0.025 0
0 0.45 0 0.025 0
0 0.45 0 0.025 0
0 0.45 0 0.025 0
0 0.45 0 0.025 0
0 0.504167 0 0.0333333 0
0 0.45 0 0.025 0
0 0.45 0 0.025 0
0 0.504167 0 0.0333333 0
0 0.45 0 0.025 0
0 0.45 0 0.025 0
0 0.504167 0 0.0333333 0
0 0.449306 0 0.0263889 0
0 0.45 0 0.025 0
0 0.504861 0 0.0347222 0
0 0.449306 0 0.0263889 0
0 0.504167 0 0.0361111 0
0 0.449306 0 0.0263889 0
0 0.449306 0 0.0263889 0
0 0.449306 0 0.0263889 0
0 0.449306 0 0.0263889 0
0 0.449306 0 0.0263889 0
0 0.504861 0 0.0347222 0
0 0.449306 0 0.0263889 0
0 0.449306 0 0.0263889 0
0 0.504861 0 0.0347222 0
0 0.449306 0 0.0263889 0
0 0.45 0 0.025 0
0 0.503472 0 0.0347222 0
0 0.45 0 0.025 0
0 0.449306 0 0.0263889 0
0 0.45 0 0.025 0
0 0.449306 0 0.0263889 0
0 0.449306 0 0.0263889 0
0 0.449306 0 0.0263889 0
0 0.504861 0 0.0347222 0
0 0.449306 0 0.0263889 0
0 0.45 0 0.025 0
0 0.45 0 0.025 0
0 0.449306 0 0.0263889 0
0 0.449306 0 0.0263889 0
0 0.504167 0 0.0333333 0
0 0.449306 0 0.0263889 0
0 0.449306 0 0.0263889 0
0 0.504861 0 0.0347222 0
0 0.45 0 0.025 0
0 0.449306 0 0.0263889 0
0 0.504167 0 0.0333333 0
0 0.449306 0 0.0263889 0
0 0.45 0 0.025 0
0 0.45 0 0.025 0
0 0.45 0 0.025 0
0 0.45 0 0.025 0
0 0.504167 0 0.0333333 0
0 0.449306 0 0.0263889 0
0 0.504861 0 0.0347222 0
0 0.45 0 0.025 0
0 0.45 0 0.025 0
0 0.45 0 0.025 0
0 0.45 0 0.025 0
0 0.45 0 0.025 0
0 0.504167 0 0.0333333 0
0 0.45 0 0.025 0
0 0.45 0 0.025 0
0 0.504861 0 0.0347222 0
0 0.45 0 0.025 0
0 0.45 0 0.025 0
0 0.504167 0 0.0333333 0
0 0.45 0 0.025 0
0 0.449306 0 0.0263889 0
0 0.449306 0 0.0263889 0
0 0.45 0 0.025 0
0 0.45 0 0.025 0
0 0.504167 0 0.0333333 0
0 0.449306 0 0.0263889 0
0 0.449306 0 0.0263889 0
0 0.504167 0 0.0333333 0
0 0.449306 0 0.0263889 0
0 0.45 0 0.025 0
0 0.504167 0 0.0333333 0
0 0.449306 0 0.0263889 0
0 0.449306 0 0.0263889 0
0 0.449306 0 0.0263889 0
0 0.449306 0 0.0263889 0
0 0.449306 0 0.0263889 0
0 0.449306 0 0.0263889 0
0 0.449306 0 0.0263889 0
0 0.504167 0 0.0333333 0
0 0.449306 0 0.0263889 0
0 0.449306 0 0.0263889 0
0 0.504167 0 0.0333333 0
0 0.449306 0 0.0263889 0
0 0.449306 0 0.0263889 0
0 0.449306 0 0.0263889 0
0 0.45 0 0.025 0
0 0.449306 0 0.0263889 0
0 0.449306 0 0.0263889 0
0 0.449306 0 0.0263889 0
0 0.449306 0 0.0263889 0
0 0.45 0 0.025 0
0 0.504861 0 0.0347222 0
0 0.449306 0 0.0263889 0
0 0.45 0 0.025 0
0 0.504167 0 0.0333333 0
0 0.449306 0 0.0263889 0
0 0.45 0 0.025 0
0 0.504167 0 0.0333333 0
0 0.45 0 0.025 0
0 0.449306 0 0.0263889 0
0 0.449306 0 0.0263889 0
0 0.449306 0 0.0263889 0
0 0.449306 0 0.0263889 0
0 0.503472 0 0.0347222 0
0 0.449306 0 0.0263889 0
0 0.45 0 0.025 0
0 0.504167 0 0.0333333 0
0 0.449306 0 0.0263889 0
0 0.45 0 0.025 0
0 0.504167 0 0.0333333 0
0 0.449306 0 0.0263889 0
0 0.449306 0 0.0263889 0
0 0.449306 0 0.0263889 0
0 0.449306 0 0.0263889 0
0 0.449306 0 0.0263889 0
0 0.504167 0 0.0333333 0
0 0.449306 0 0.0263889 0
0 0.449306 0 0.0263889 0
0 0.504167 0 0.0333333 0
0 0.449306 0 0.0263889 0
0 0.449306 0 0.0263889 0
0 0.504167 0 0.0333333 0
0 0.45 0 0.025 0
0 0.449306 0 0.0263889 0
0 0.449306 0 0.0263889 0
0 0.503472 0 0.0347222 0
0 0.449306 0 0.0263889 0
0 0.45 0 0.025 0
0 0.504167 0 0.0333333 0
0 0.45 0 0.025 0
0 0.45 0 0.025 0
0 0.504167 0 0.0333333 0
0 0.45 0 0.025 0
0 0.45 0 0.025 0
0 0.45 0 0.025 0
0 0.503472 0 0.0347222 0
0 0.45 0 0.025 0
0 0.45 0 0.025 0
0 0.503472 0 0.0347222 0
0 0.449306 0 0.0263889 0
0 0.449306 0 0.0263889 0
0 0.504167 0 0.0333333 0
0 0.449306 0 0.0263889 0
0 0.449306 0 0.0263889 0
0 0.504167 0 0.0333333 0
0 0.449306 0 0.0263889 0
0 0.449306 0 0.0263889 0
0 0.449306 0 0.0263889 0
0 0.503472 0 0.0347222 0
0 0.45 0 0.025 0
0 0.45 0 0.025 0
0 0.503472 0 0.0347222 0
0 0.45 0 0.025 0
0 0.45 0 0.025 0
0 0.504167 0 0.0333333 0
0 0.45 0 0.025 0
0 0.45 0 0.025 0
0 0.449306 0 0.0263889 0
0 0.449306 0 0.0263889 0
0 0.45 0 0.025 0
0 0.503472 0 0.0347222 0
0 0.45 0 0.025 0
0 0.45 0 0.025 0
0 0.503472 0 0.0347222 0
0 0.45 0 0.025 0
0 0.45 0 0.025 0
0 0.504167 0 0.0333333 0
0 0.449306 0 0.0263889 0
0 0.45 0 0.025 0
0 0.45 0 0.025 0
0 0.503472 0 0.0347222 0
0 0.45 0 0.025 0
0 0.45 0 0.025 0
0 0.503472 0 0.0347222 0
0 0.45 0 0.025 0
0 0.45 0 0.025 0
0 0.45 0 0.025 0
0 0.503472 0 0.0347222 0
0 0.45 0 0.025 0
0 0.45 0 0.025 0
0 0.504167 0 0.0333333 0
0 0.45 0 0.025 0
0 0.45 0 0.025 0
0 0.45 0 0.025 0
0 0.45 0 0.025 0
0 0.45 0 0.025 0
0 0.45 0 0.025 0
0 0.45 0 0.025 0
0 0.504167 0 0.0333333 0
0 0.45 0 0.025 0
0 0.45 0 0.025 0
0 0.504167 0 0.0333333 0
0 0.45 0 0.025 0
0 0.45 0 0.025 0
0 0.45 0 0.025 0
0 0.45 0 0.025 0
0 0.504167 0 0.0333333 0
0 0.449306 0 0.0263889 0
0 0.449306 0 0.0263889 0
0 0.449306 0 0.0263889 0
0 0.503472 0 0.0347222 0
0 0.449306 0 0.0263889 0
0 0.449306 0 0.0263889 0
0 0.449306 0 0.0263889 0
0 0.449306 0 0.0263889 0
0 0.504167 0 0.0333333 0
0 0.449306 0 0.0263889 0
0 0.449306 0 0.0263889 0
0 0.449306 0 0.0263889 0
0 0.449306 0 0.0263889 0
0 0.449306 0 0.0263889 0
0 0.449306 0 0.0263889 0
0 0.449306 0 0.0263889 0
0 0.504167 0 0.0333333 0
0 0.449306 0 0.0263889 0
0 0.449306 0 0.0263889 0
0 0.503472 0 0.0347222 0
0 0.449306 0 0.0263889 0
0 0.449306 0 0.0263889 0
0 0.504167 0 0.0333333 0
0 0.449306 0 0.0263889 0
0 0.449306 0 0.0263889 0
0 0.449306 0 0.0263889 0
0 0.504167 0 0.0333333 0
0 0.449306 0 0.0263889 0
0 0.504167 0 0.0333333 0
0 0.449306 0 0.0263889 0
0 0.449306 0 0.0263889 0
0 0.449306 0 0.0263889 0
0 0.503472 0 0.0347222 0
0 0.449306 0 0.0263889 0
0 0.449306 0 0.0263889 0
0 0.449306 0 0.0263889 0
0 0.449306 0 0.0263889 0
0 0.449306 0 0.0263889 0
0 0.449306 0 0.0263889 0
0 0.449306 0 0.0263889 0
0 0.449306 0 0.0263889 0
0 0.449306 0 0.0263889 0
0 0.504167 0 0.0333333 0
0 0.449306 0 0.0263889 0
0 0.504167 0 0.0333333 0
0 0.449306 0 0.0263889 0
0 0.449306 0 0.0263889 0
0 0.449306 0 0.0263889 0
0 0.449306 0 0.0263889 0
0 0.449306 0 0.0263889 0
0 0.449306 0 0.0263889 0
0 0.449306 0 0.0263889 0
0 0.449306 0 0.0263889 0
0 0.449306 0 0.0263889 0
0 0.449306 0 0.0263889 0
0 0.449306 0 0.0263889 0
0 0.504167 0 0.0333333 0
0 0.449306 0 0.0263889 0
0 0.449306 0 0.0263889 0
0 0.504167 0 0.0333333 0
0 0.449306 0 0.0263889 0
0 0.504167 0 0.0333333 0
0 0.449306 0 0.0263889 0
0 0.449306 0 0.0263889 0
0 0.449306 0 0.0263889 0
0 0.449306 0 0.0263889 0
0 0.503472 0 0.0347222 0
0 0.449306 0 0.0263889 0
0 0.449306 0 0.0263889 0
0 0.449306 0 0.0263889 0
0 0.504167 0 0.0333333 0
0 0.449306 0 0.0263889 0
0 0.449306 0 0.0263889 0
0 0.449306 0 0.0263889 0
0 0.449306 0 0.0263889 0
0 0.449306 0 0.0263889 0
0 0.504167 0 0.0333333 0
0 0.449306 0 0.0263889 0
0 0.449306 0 0.0263889 0
0 0.504167 0 0.0333333 0
0 0.449306 0 0.0263889 0
0 0.449306 0 0.0263889 0
0 0.449306 0 0.0263889 0
0 0.449306 0 0.0263889 0
0 0.503472 0 0.0347222 0
0 0.449306 0 0.0263889 0
0 0.504167 0 0.0333333 0
0 0.449306 0 0.0263889 0
0 0.449306 0 0.0263889 0
0 0.449306 0 0.0263889 0
0 0.504167 0 0.0333333 0
0 0.449306 0 0.0263889 0
0 0.449306 0 0.0263889 0
0 0.504167 0 0.0333333 0
0 0.449306 0 0.0263889 0
0 0.449306 0 0.0263889 0
0 0.449306 0 0.0263889 0
0 0.449306 0 0.0263889 0
0 0.449306 0 0.0263889 0
0 0.504167 0 0.0333333 0
0 0.449306 0 0.0263889 0
0 0.503472 0 0.0347222 0
0 0.449306 0 0.0263889 0
0 0.449306 0 0.0263889 0
0 0.449306 0 0.0263889 0
0 0.449306 0 0.0263889 0
0 0.503472 0 0.0347222 0
0 0.449306 0 0.0263889 0
0 0.449306 0 0.0263889 0
0 0.503472 0 0.0347222 0
0 0.449306 0 0.0263889 0
0 0.449306 0 0.0263889 0
0 0.449306 0 0.0263889 0
0 0.449306 0 0.0263889 0
0 0.503472 0 0.0347222 0
0 0.449306 0 0.0263889 0
0 0.449306 0 0.0263889 0
0 0.449306 0 0.0263889 0
0 0.449306 0 0.0263889 0
0 0.504167 0 0.0333333 0
0 0.449306 0 0.0263889 0
0 0.449306 0 0.0263889 0
0 0.504167 0 0.0333333 0
0 0.449306 0 0.0263889 0
0 0.449306 0 0.0263889 0
0 0.449306 0 0.0263889 0
0 0.449306 0 0.0263889 0
0 0.449306 0 0.0263889 0
0 0.503472 0 0.0347222 0
0 0.449306 0 0.0263889 0
0 0.449306 0 0.0263889 0
0 0.503472 0 0.0347222 0
0 0.449306 0 0.0263889 0
0 0.449306 0 0.0263889 0
0 0.504167 0 0.0333333 0
0 0.449306 0 0.0263889 0
0 0.449306 0 0.0263889 0
0 0.449306 0 0.0263889 0
0 0.503472 0 0.0347222 0
0 0.449306 0 0.0263889 0
0 0.449306 0 0.0263889 0
0 0.503472 0 0.0347222 0
0 0.449306 0 0.0263889 0
0 0.449306 0 0.0263889 0
0 0.504167 0 0.0333333 0
0 0.449306 0 0.0263889 0
0 0.449306 0 0.0263889 0
0 0.503472 0 0.0347222 0
0 0.449306 0 0.0263889 0
0 0.449306 0 0.0263889 0
0 0.503472 0 0.0347222 0
0 0.449306 0 0.0263889 0
0 0.449306 0 0.0263889 0
0 0.504167 0 0.0333333 0
0 0.45 0 0.025 0
0 0.504167 0 0.0333333 0
0 0.45 0 0.025 0
0 0.450694 0 0.0263889 0
0 0.452083 0 0.0263889 0
0 0.452083 0 0.0263889 0
0 0.453472 0 0.0263889 0
0 0.453472 0 0.0263889 0
0 0.453472 0 0.0263889 0
0 0.454167 0 0.025 0
0 0.454861 0 0.0263889 0
0 0.454861 0 0.0263889 0
0 0.45625 0 0.0236111 0
0 0.456944 0 0.025 0
0 0.456944 0 0.025 0
0 0.456944 0 0.025 0
0 0.456944 0 0.025 0
0 0.507639 0 0.0319444 0
0 0.458333 0 0.025 0
0 0.458333 0 0.025 0
0 0.508333 0 0.0333333 0
0 0.459722 0 0.025 0
0 0.507639 0 0.0319444 0
0 0.459722 0 0.025 0
0 0.508333 0 0.0333333 0
0 0.459722 0 0.025 0
0 0.460417 0 0.0263889 0
0 0.459722 0 0.025 0
0 0.461111 0 0.025 0
0 0.461806 0 0.0236111 0
0 0.461111 0 0.025 0
0 0.461806 0 0.0263889 0
0 0.461806 0 0.0263889 0
0 0.461806 0 0.0263889 0
0 0.4625 0 0.025 0
0 0.4625 0 0.025 0
0 0.510417 0 0.0347222 0
0 0.4625 0 0.025 0
0 0.4625 0 0.025 0
0 0.4625 0 0.025 0
0 0.510417 0 0.0347222 0
0 0.4625 0 0.025 0
0 0.510417 0 0.0347222 0
0 0.461111 0 0.0277778 0
0 0.510417 0 0.0347222 0
0 0.461111 0 0.0277778 0
0 0.388194 0 0.0125 0
0 0.461111 0 0.0277778 0
0 0.575 0 0.0111111 0
0 0.461111 0 0.0277778 0
0 0.461111 0 0.0277778 0
0 0.461111 0 0.0277778 0
0 0.460417 0 0.0291667 0
0 0.460417 0 0.0291667 0
0 0.460417 0 0.0291667 0
0 0.576389 0 0.0111111 0
0 0.459028 0 0.0291667 0
0 0.576389 0 0.0111111 0
0 0.459028 0 0.0291667 0
0 0.577083 0 0.00972222 0
0 0.459028 0 0.0291667 0
0 0.577083 0 0.00972222 0
0 0.458333 0 0.0277778 0
0 0.577778 0 0.0111111 0
0 0.457639 0 0.0291667 0
0 0.577778 0 0.0111111 0
0 0.457639 0 0.0291667 0
0 0.577778 0 0.0111111 0
0 0.457639 0 0.0291667 0
0 0.578472 0 0.00972222 0
0 0.457639 0 0.0291667 0
0 0.456944 0 0.0277778 0
0 0.45625 0 0.0291667 0
0 0.45625 0 0.0291667 0
0 0.45625 0 0.0291667 0
0 0.455556 0 0.0305556 0
0 0.45625 0 0.0291667 0
0 0.45625 0 0.0291667 0
0 0.455556 0 0.0305556 0
0 0.455556 0 0.0305556 0
0 0.455556 0 0.0305556 0
0 0.454861 0 0.0291667 0
0 0.454167 0 0.0305556 0
0 0.454861 0 0.0319444 0
0 0.579167 0 0.0111111 0
0 0.453472 0 0.0291667 0
0 0.580556 0 0.0111111 0
0 0.453472 0 0.0291667 0
0 0.580556 0 0.0111111 0
0 0.452778 0 0.0305556 0
0 0.580556 0 0.0111111 0
0 0.454167 0 0.0333333 0
0 0.580556 0 0.0111111 0
0 0.453472 0 0.0319444 0
0 0.58125 0 0.0125 0
0 0.453472 0 0.0319444 0
0 0.453472 0 0.0319444 0
0 0.58125 0 0.0125 0
0 0.452778 0 0.0305556 0
0 0.58125 0 0.0125 0
0 0.452778 0 0.0305556 0
0 0.452778 0 0.0305556 0
0 0.452778 0 0.0305556 0
0 0.452778 0 0.0333333 0
0 0.452083 0 0.0319444 0
0 0.451389 0 0.0305556 0
0 0.58125 0 0.0125 0
0 0.452083 0 0.0319444 0
0 0.451389 0 0.0305556 0
0 0.58125 0 0.0125 0
0 0.450694 0 0.0319444 0
0 0.451389 0 0.0333333 0
0 0.450694 0 0.0319444 0
0 0.581944 0 0.0138889 0
0 0.45 0 0.0333333 0
0 0.581944 0 0.0138889 0
0 0.45 0 0.0333333 0
0 0.581944 0 0.0138889 0
0 0.45 0 0.0333333 0
0 0.45 0 0.0333333 0
0 0.449306 0 0.0347222 0
0 0.581944 0 0.0111111 0
0 0.688194 0 0.0125 0
0 0.448611 0 0.0333333 0
0 0.447917 0 0.0347222 0
0 0.582639 0 0.0125 0
0 0.447917 0 0.0347222 0
0 0.582639 0 0.0125 0
0 0.447917 0 0.0319444 0
0 0.583333 0 0.0138889 0
0 0.447917 0 0.0347222 0
0 0.486111 0 0.0416667 0
0 0.584028 0 0.0125 0
0 0.447917 0 0.0347222 0
0 0.485417 0 0.0430556 0
0 0.447917 0 0.0347222 0
0 0.584028 0 0.0125 0
0 0.484722 0 0.0444444 0
0 0.447917 0 0.0347222 0
0 0.485417 0 0.0458333 0
0 0.447917 0 0.0347222 0
0 0.485417 0 0.0458333 0
0 0.447917 0 0.0347222 0
0 0.584028 0 0.0125 0
0 0.469444 0 0.0555556 0
0 0.485417 0 0.0458333 0
0 0.447917 0 0.0347222 0
0 0.485417 0 0.0486111 0
0 0.448611 0 0.0361111 0
0 0.470139 0 0.0541667 0
0 0.486111 0 0.0472222 0
0 0.447917 0 0.0347222 0
0 0.486111 0 0.0472222 0
0 0.447917 0 0.0347222 0
0 0.447917 0 0.0347222 0
0 0.484722 0 0.0472222 0
0 0.447917 0 0.0347222 0
0 0.485417 0 0.0458333 0
0 0.447917 0 0.0347222 0
0 0.584722 0 0.0111111 0
0 0.447917 0 0.0347222 0
0 0.485417 0 0.0458333 0
0 0.694444 0 0.0138889 0
0 0.447917 0 0.0347222 0
0 0.694444 0 0.0138889 0
0 0.447222 0 0.0333333 0
0 0.484722 0 0.0472222 0
0 0.445833 0 0.0361111 0
0 0.446528 0 0.0375 0
0 0.585417 0 0.0125 0
0 0.695139 0 0.0125 0
0 0.446528 0 0.0375 0
0 0.695139 0 0.0125 0
0 0.585417 0 0.0125 0
0 0.446528 0 0.0375 0
0 0.585417 0 0.0125 0
0 0.447222 0 0.0361111 0
0 0.585417 0 0.0125 0
0 0.446528 0 0.0375 0
0 0.585417 0 0.0125 0
0 0.446528 0 0.0347222 0
0 0.585417 0 0.0125 0
0 0.446528 0 0.0347222 0
0 0.371528 0 0.0152778 0
0 0.586111 0 0.0138889 0
0 0.446528 0 0.0347222 0
0 0.586806 0 0.0125 0
0 0.445833 0 0.0388889 0
0 0.445833 0 0.0361111 0
0 0.445139 0 0.0375 0
0 0.445833 0 0.0361111 0
0 0.445833 0 0.0388889 0
0 0.586806 0 0.0125 0
0 0.445139 0 0.0347222 0
0 0.445833 0 0.0361111 0
0 0.586806 0 0.0125 0
0 0.445139 0 0.0375 0
0 0.586806 0 0.0125 0
0 0.44375 0 0.0347222 0
0 0.5875 0 0.0138889 0
0 0.444444 0 0.0361111 0
0 0.5875 0 0.0138889 0
0 0.44375 0 0.0375 0
0 0.5875 0 0.0138889 0
0 0.44375 0 0.0375 0
0 0.5875 0 0.0138889 0
0 0.44375 0 0.0375 0
0 0.588194 0 0.0125 0
0 0.44375 0 0.0375 0
0 0.588194 0 0.0125 0
0 0.44375 0 0.0375 0
0 0.588194 0 0.0125 0
0 0.44375 0 0.0375 0
0 0.588194 0 0.0125 0
0 0.44375 0 0.0375 0
0 0.588194 0 0.0125 0
0 0.44375 0 0.0375 0
0 0.588889 0 0.0138889 0
0 0.443056 0 0.0388889 0
0 0.368056 0 0.0138889 0
0 0.588889 0 0.0138889 0
0 0.443056 0 0.0388889 0
0 0.588889 0 0.0138889 0
0 0.443056 0 0.0388889 0
0 0.588889 0 0.0138889 0
0 0.443056 0 0.0388889 0
0 0.701389 0 0.0138889 0
0 0.588889 0 0.0138889 0
0 0.443056 0 0.0416667 0
0 0.588889 0 0.0138889 0
0 0.442361 0 0.0402778 0
0 0.588889 0 0.0138889 0
0 0.442361 0 0.0402778 0
0 0.589583 0 0.0125 0
0 0.442361 0 0.0402778 0
0 0.589583 0 0.0152778 0
0 0.443056 0 0.0416667 0
0 0.589583 0 0.0125 0
0 0.442361 0 0.0430556 0
0 0.590278 0 0.0138889 0
0 0.442361 0 0.0402778 0
0 0.590278 0 0.0138889 0
0 0.441667 0 0.0416667 0
0 0.442361 0 0.0402778 0
0 0.589583 0 0.0125 0
0 0.441667 0 0.0416667 0
0 0.590278 0 0.0138889 0
0 0.441667 0 0.0416667 0
0 0.590972 0 0.0125 0
0 0.440972 0 0.0402778 0
0 0.590278 0 0.0111111 0
0 0.441667 0 0.0416667 0
0 0.590972 0 0.0125 0
0 0.440972 0 0.0402778 0
0 0.590972 0 0.0125 0
0 0.440972 0 0.0402778 0
0 0.591667 0 0.0138889 0
0 0.440972 0 0.0402778 0
0 0.590972 0 0.0125 0
0 0.440972 0 0.0402778 0
0 0.590972 0 0.0125 0
0 0.440972 0 0.0402778 0
0 0.590972 0 0.0125 0
0 0.441667 0 0.0416667 0
0 0.441667 0 0.0416667 0
0 0.590972 0 0.0125 0
0 0.440972 0 0.0402778 0
0 0.591667 0 0.0138889 0
0 0.440972 0 0.0402778 0
0 0.590972 0 0.0152778 0
0 0.441667 0 0.0416667 0
0 0.706944 0 0.0138889 0
0 0.590972 0 0.0152778 0
0 0.440278 0 0.0416667 0
0 0.590972 0 0.0125 0
0 0.440972 0 0.0402778 0
0 0.591667 0 0.0138889 0
0 0.440972 0 0.0402778 0
0 0.591667 0 0.0138889 0
0 0.440972 0 0.0402778 0
0 0.706944 0 0.0138889 0
0 0.591667 0 0.0138889 0
0 0.440278 0 0.0416667 0
0 0.707639 0 0.0152778 0
0 0.591667 0 0.0138889 0
0 0.440972 0 0.0430556 0
0 0.592361 0 0.0152778 0
0 0.707639 0 0.0152778 0
0 0.440972 0 0.0430556 0
0 0.592361 0 0.0152778 0
0 0.439583 0 0.0430556 0
0 0.592361 0 0.0125 0
0 0.440278 0 0.0416667 0
0 0.592361 0 0.0125 0
0 0.440278 0 0.0416667 0
0 0.591667 0 0.0138889 0
0 0.440278 0 0.0416667 0
0 0.440278 0 0.0416667 0
0 0.363194 0 0.0152778 0
0 0.593056 0 0.0138889 0
0 0.440972 0 0.0430556 0
0 0.484028 0 0.0458333 0
0 0.363194 0 0.0152778 0
0 0.593056 0 0.0138889 0
0 0.439583 0 0.0430556 0
0 0.592361 0 0.0125 0
0 0.440278 0 0.0444444 0
0 0.593056 0 0.0138889 0
0 0.440278 0 0.0444444 0
0 0.709722 0 0.0138889 0
0 0.59375 0 0.0152778 0
0 0.439583 0 0.0430556 0
0 0.59375 0 0.0152778 0
0 0.438889 0 0.0444444 0
0 0.363194 0 0.0152778 0
0 0.59375 0 0.0152778 0
0 0.438889 0 0.0444444 0
0 0.593056 0 0.0138889 0
0 0.439583 0 0.0430556 0
0 0.593056 0 0.0166667 0
0 0.439583 0 0.0430556 0
0 0.593056 0 0.0138889 0
0 0.438889 0 0.0444444 0
0 0.594444 0 0.0138889 0
0 0.439583 0 0.0458333 0
0 0.245139 0 0.0152778 0
0 0.59375 0 0.0152778 0
0 0.438889 0 0.0444444 0
0 0.711111 0 0.0138889 0
0 0.59375 0 0.0152778 0
0 0.438889 0 0.0444444 0
0 0.594444 0 0.0138889 0
0 0.438889 0 0.0444444 0
0 0.59375 0 0.0125 0
0 0.438889 0 0.0444444 0
0 0.515972 0 0.0347222 0
0 0.7125 0 0.0138889 0
0 0.59375 0 0.0125 0
0 0.438889 0 0.0444444 0
0 0.3625 0 0.0138889 0
0 0.594444 0 0.0138889 0
0 0.438194 0 0.0458333 0
0 0.594444 0 0.0138889 0
0 0.438194 0 0.0458333 0
0 0.713194 0 0.0152778 0
0 0.594444 0 0.0138889 0
0 0.438194 0 0.0458333 0
0 0.713889 0 0.0138889 0
0 0.595139 0 0.0152778 0
0 0.438194 0 0.0458333 0
0 0.595833 0 0.0138889 0
0 0.438194 0 0.0458333 0
0 0.595139 0 0.0152778 0
0 0.438194 0 0.0458333 0
0 0.713889 0 0.0166667 0
0 0.595139 0 0.0152778 0
0 0.4375 0 0.0444444 0
0 0.595139 0 0.0152778 0
0 0.4375 0 0.0472222 0
0 0.595833 0 0.0138889 0
0 0.4375 0 0.0444444 0
0 0.595139 0 0.0152778 0
0 0.4375 0 0.0472222 0
0 0.484028 0 0.0513889 0
0 0.713889 0 0.0138889 0
0 0.595833 0 0.0138889 0
0 0.438194 0 0.0458333 0
0 0.714583 0 0.0152778 0
0 0.596528 0 0.0152778 0
0 0.436806 0 0.0486111 0
0 0.713889 0 0.0138889 0
0 0.595833 0 0.0166667 0
0 0.4375 0 0.0527778 0
0 0.482639 0 0.0486111 0
0 0.595833 0 0.0166667 0
0 0.713889 0 0.0138889 0
0 0.438889 0 0.05 0
0 0.436806 0 0.0541667 0
0 0.595833 0 0.0138889 0
0 0.3625 0 0.0166667 0
0 0.4375 0 0.0583333 0
0 0.596528 0 0.0152778 0
0 0.438194 0 0.0597222 0
0 0.596528 0 0.0152778 0
0 0.3625 0 0.0166667 0
0 0.596528 0 0.0152778 0
0 0.597222 0 0.0138889 0
0 0.483333 0 0.05 0
0 0.596528 0 0.0125 0
0 0.484028 0 0.0486111 0
0 0.596528 0 0.0125 0
0 0.596528 0 0.0125 0
0 0.596528 0 0.0125 0
0 0.596528 0 0.0125 0
0 0.484722 0 0.0527778 0
0 0.482639 0 0.0541667 0
0 0.484028 0 0.0513889 0
0 0.442361 0 0.0263889 0
0 0.481944 0 0.0694444 0
0 0.48125 0 0.0708333 0
0 0.480556 0 0.0722222 0
0 0.479861 0 0.0680556 0
0 0.479861 0 0.0708333 0
0 0.478472 0 0.0708333 0
0 0.477778 0 0.075 0
0 0.478472 0 0.0763889 0
0 0.477083 0 0.0708333 0
0 0.478472 0 0.0680556 0
0 0.477778 0 0.0694444 0
0 0.478472 0 0.0680556 0
0 0.477083 0 0.0791667 0
0 0.477083 0 0.0791667 0
0 0.475 0 0.075 0
0 0.473611 0 0.0805556 0
0 0.499306 0 0.00972222 0
0 0.499306 0 0.00972222 0
0 0.499306 0 0.00972222 0
0 0.499306 0 0.00972222 0
