0 0.566667 0 0.0111111 0
0 0.440972 0.5 0.0291667 1
0 0.565972 0 0.00972222 0
0 0.440972 0.5 0.0291667 1
0 0.440972 0.5 0.0291667 1
0 0.440972 0.5 0.0291667 1
0 0.566667 0 0.0111111 0
0 0.440972 0.5 0.0291667 1
0 0.440972 0.5 0.0291667 1
0 0.440972 0.5 0.0291667 1
0 0.566667 0 0.0111111 0
0 0.440972 0.5 0.0291667 1
0 0.440972 0.5 0.0291667 1
0 0.440972 0.5 0.0291667 1
0 0.565972 0 0.00972222 0
0 0.440972 0.5 0.0291667 1
0 0.440972 0.5 0.0291667 1
0 0.440972 0.5 0.0291667 1
0 0.566667 0 0.0111111 0
0 0.440972 0.5 0.0291667 1
0 0.440972 0.5 0.0291667 1
0 0.440972 0.5 0.0291667 1
0 0.566667 0 0.0111111 0
0 0.440972 0.5 0.0291667 1
0 0.440972 0.5 0.0291667 1
0 0.440972 0.5 0.0291667 1
0 0.565972 0 0.00972222 0
0 0.440972 0.5 0.0291667 1
0 0.440972 0.5 0.0291667 1
0 0.440972 0.5 0.0291667 1
0 0.566667 0 0.0111111 0
0 0.440972 0.5 0.0291667 1
0 0.440972 0.5 0.0291667 1
0 0.440972 0.5 0.0291667 1
0 0.566667 0 0.0111111 0
0 0.440972 0.5 0.0291667 1
0 0.440972 0.5 0.0291667 1
0 0.440972 0.5 0.0291667 1
0 0.565972 0 0.00972222 0
0 0.440972 0.5 0.0291667 1
0 0.440972 0.5 0.0291667 1
0 0.440972 0.5 0.0291667 1
0 0.566667 0 0.0111111 0
0 0.440972 0.5 0.0291667 1
0 0.440972 0.5 0.0291667 1
0 0.440972 0.5 0.0291667 1
0 0.566667 0 0.0111111 0
0 0.440972 0.5 0.0291667 1
0 0.440972 0.5 0.0291667 1
0 0.440972 0.5 0.0291667 1
0 0.565972 0 0.00972222 0
0 0.440972 0.5 0.0291667 1
0 0.440972 0.5 0.0291667 1
0 0.440972 0.5 0.0291667 1
0 0.566667 0 0.0111111 0
0 0.440972 0.5 0.0291667 1
0 0.440972 0.5 0.0291667 1
0 0.440972 0.5 0.0291667 1
0 0.566667 0 0.0111111 0
0 0.440972 0.5 0.0291667 1
0 0.440972 0.5 0.0291667 1
0 0.440972 0.5 0.0291667 1
0 0.565972 0 0.00972222 0
0 0.440972 0.5 0.0291667 1
0 0.440972 0.5 0.0291667 1
0 0.440972 0.5 0.0291667 1
0 0.566667 0 0.0111111 0
0 0.440972 0.5 0.0291667 1
0 0.440972 0.5 0.0291667 1
0 0.440972 0.5 0.0291667 1
0 0.566667 0 0.0111111 0
0 0.440972 0.5 0.0291667 1
0 0.440972 0.5 0.0291667 1
0 0.440972 0.5 0.0291667 1
0 0.565972 0 0.00972222 0
0 0.440972 0.5 0.0291667 1
0 0.440972 0.5 0.0291667 1
0 0.440972 0.5 0.0291667 1
0 0.440972 0.5 0.0291667 1
0 0.440972 0.5 0.0291667 1
0 0.565972 0 0.00972222 0
0 0.440972 0.5 0.0291667 1
0 0.377083 0 0.0125 0
0 0.440972 0.5 0.0291667 1
0 0.440972 0.5 0.0291667 1
0 0.566667 0 0.0111111 0
0 0.440972 0.5 0.0291667 1
0 0.440972 0.5 0.0291667 1
0 0.440972 0.5 0.0291667 1
0 0.566667 0 0.0111111 0
0 0.440972 0.5 0.0291667 1
0 0.440972 0.5 0.0291667 1
0 0.440972 0.5 0.0291667 1
0 0.440972 0.5 0.0291667 1
0 0.440972 0.5 0.0291667 1
0 0.440972 0.5 0.0291667 1
0 0.440972 0.5 0.0291667 1
0 0.440972 0.5 0.0291667 1
0 0.440972 0.5 0.0291667 1
0 0.566667 0 0.0111111 0
0 0.440972 0.5 0.0291667 1
0 0.566667 0 0.0111111 0
0 0.440972 0.5 0.0291667 1
0 0.440972 0.5 0.0291667 1
0 0.440972 0.5 0.0291667 1
0 0.440972 0.5 0.0291667 1
0 0.440972 0.5 0.0291667 1
0 0.440972 0.5 0.0291667 1
0 0.440972 0.5 0.0291667 1
0 0.566667 0 0.0111111 0
0 0.440972 0.5 0.0291667 1
0 0.440972 0.5 0.0291667 1
0 0.565972 0 0.00972222 0
0 0.440972 0.5 0.0291667 1
0 0.440972 0.5 0.0291667 1
0 0.440972 0.5 0.0291667 1
0 0.566667 0 0.0111111 0
0 0.440972 0.5 0.0291667 1
0 0.440972 0.5 0.0291667 1
0 0.440972 0.5 0.0291667 1
0 0.566667 0 0.0111111 0
0 0.440972 0.5 0.0291667 1
0 0.440972 0.5 0.0291667 1
0 0.440972 0.5 0.0291667 1
0 0.565972 0 0.00972222 0
0 0.440972 0.5 0.0291667 1
0 0.440972 0.5 0.0291667 1
0 0.440972 0.5 0.0291667 1
0 0.566667 0 0.0111111 0
0 0.440972 0.5 0.0291667 1
0 0.440972 0.5 0.0291667 1
0 0.440972 0.5 0.0291667 1
0 0.440972 0.5 0.0291667 1
0 0.440972 0.5 0.0291667 1
0 0.440972 0.5 0.0291667 1
0 0.440972 0.5 0.0291667 1
0 0.440972 0.5 0.0291667 1
0 0.440972 0.5 0.0291667 1
0 0.440972 0.5 0.0291667 1
0 0.440972 0.5 0.0291667 1
0 0.566667 0 0.0111111 0
0 0.440972 0.5 0.0291667 1
0 0.566667 0 0.0111111 0
0 0.440972 0.5 0.0291667 1
0 0.566667 0 0.0111111 0
0 0.440972 0.5 0.0291667 1
0 0.440972 0.5 0.0291667 1
0 0.440972 0.5 0.0291667 1
0 0.565972 0 0.00972222 0
0 0.440972 0.5 0.0291667 1
0 0.566667 0 0.0111111 0
0 0.440972 0.5 0.0291667 1
0 0.440972 0.5 0.0291667 1
0 0.440972 0.5 0.0291667 1
0 0.440972 0.5 0.0291667 1
0 0.440972 0.5 0.0291667 1
0 0.440972 0.5 0.0291667 1
0 0.565972 0 0.00972222 0
0 0.440972 0.5 0.0291667 1
0 0.377083 0 0.0125 0
0 0.440972 0.5 0.0291667 1
0 0.566667 0 0.0111111 0
0 0.440972 0.5 0.0291667 1
0 0.566667 0 0.0111111 0
0 0.440972 0.5 0.0291667 1
0 0.440972 0.5 0.0291667 1
0 0.566667 0 0.0111111 0
0 0.440972 0.5 0.0291667 1
0 0.440972 0.5 0.0291667 1
0 0.440972 0.5 0.0291667 1
0 0.377083 0 0.0125 0
0 0.440972 0.5 0.0291667 1
0 0.566667 0 0.0111111 0
0 0.440972 0.5 0.0291667 1
0 0.566667 0 0.0111111 0
0 0.440972 0.5 0.0291667 1
0 0.440972 0.5 0.0291667 1
0 0.566667 0 0.0111111 0
0 0.440972 0.5 0.0291667 1
0 0.566667 0 0.0111111 0
0 0.440972 0.5 0.0291667 1
0 0.440972 0.5 0.0291667 1
0 0.566667 0 0.0111111 0
0 0.440972 0.5 0.0291667 1
0 0.440972 0.5 0.0291667 1
0 0.566667 0 0.0111111 0
0 0.440972 0.5 0.0291667 1
0 0.565972 0 0.00972222 0
0 0.440972 0.5 0.0291667 1
0 0.566667 0 0.0111111 0
0 0.440972 0.5 0.0291667 1
0 0.440972 0.5 0.0291667 1
0 0.566667 0 0.0111111 0
0 0.440972 0.5 0.0291667 1
0 0.566667 0 0.0111111 0
0 0.440972 0.5 0.0291667 1
0 0.440972 0.5 0.0291667 1
0 0.440972 0.5 0.0291667 1
0 0.440972 0.5 0.0291667 1
0 0.440972 0.5 0.0291667 1
0 0.440972 0.5 0.0291667 1
0 0.440972 0.5 0.0291667 1
0 0.440972 0.5 0.0291667 1
0 0.440972 0.5 0.0291667 1
0 0.440972 0.5 0.0291667 1
0 0.440972 0.5 0.0291667 1
0 0.440972 0.5 0.0291667 1
0 0.565972 0 0.00972222 0
0 0.440972 0.5 0.0291667 1
0 0.566667 0 0.0111111 0
0 0.440972 0.5 0.0291667 1
0 0.440972 0.5 0.0291667 1
0 0.566667 0 0.0111111 0
0 0.440972 0.5 0.0291667 1
0 0.440972 0.5 0.0291667 1
0 0.566667 0 0.0111111 0
0 0.440972 0.5 0.0291667 1
0 0.440972 0.5 0.0291667 1
0 0.566667 0 0.0111111 0
0 0.440972 0.5 0.0291667 1
0 0.565972 0 0.00972222 0
0 0.440972 0.5 0.0291667 1
0 0.440972 0.5 0.0291667 1
0 0.566667 0 0.0111111 0
0 0.440972 0.5 0.0291667 1
0 0.565972 0 0.00972222 0
0 0.440972 0.5 0.0291667 1
0 0.566667 0 0.0111111 0
0 0.440972 0.5 0.0291667 1
0 0.440972 0.5 0.0291667 1
0 0.566667 0 0.0111111 0
0 0.440972 0.5 0.0291667 1
0 0.566667 0 0.0111111 0
0 0.440972 0.5 0.0291667 1
0 0.566667 0 0.0111111 0
0 0.440972 0.5 0.0291667 1
0 0.566667 0 0.0111111 0
0 0.440972 0.5 0.0291667 1
0 0.566667 0 0.0111111 0
0 0.440972 0.5 0.0291667 1
0 0.440972 0.5 0.0291667 1
0 0.565972 0 0.00972222 0
0 0.440972 0.5 0.0291667 1
0 0.566667 0 0.0111111 0
0 0.440972 0.5 0.0291667 1
0 0.566667 0 0.0111111 0
0 0.440972 0.5 0.0291667 1
0 0.566667 0 0.0111111 0
0 0.440972 0.5 0.0291667 1
0 0.565972 0 0.00972222 0
0 0.440972 0.5 0.0291667 1
0 0.566667 0 0.0111111 0
0 0.440972 0.5 0.0291667 1
0 0.566667 0 0.0111111 0
0 0.440972 0.5 0.0291667 1
0 0.440972 0.5 0.0291667 1
0 0.566667 0 0.0111111 0
0 0.440972 0.5 0.0291667 1
0 0.565972 0 0.00972222 0
0 0.440972 0.5 0.0291667 1
0 0.566667 0 0.0111111 0
0 0.440972 0.5 0.0291667 1
0 0.566667 0 0.0111111 0
0 0.440972 0.5 0.0291667 1
0 0.565972 0 0.00972222 0
0 0.440972 0.5 0.0291667 1
0 0.566667 0 0.0111111 0
0 0.440972 0.5 0.0291667 1
0 0.566667 0 0.0111111 0
0 0.440972 0.5 0.0291667 1
0 0.566667 0 0.0111111 0
0 0.440972 0.5 0.0291667 1
0 0.566667 0 0.0111111 0
0 0.440972 0.5 0.0291667 1
0 0.566667 0 0.0111111 0
0 0.440972 0.5 0.0291667 1
0 0.565972 0 0.00972222 0
0 0.440972 0.5 0.0291667 1
0 0.566667 0 0.0111111 0
0 0.440972 0.5 0.0291667 1
0 0.565972 0 0.00972222 0
0 0.440972 0.5 0.0291667 1
0 0.566667 0 0.0111111 0
0 0.440972 0.5 0.0291667 1
0 0.566667 0 0.0111111 0
0 0.440972 0.5 0.0291667 1
0 0.566667 0 0.0111111 0
0 0.440972 0.5 0.0291667 1
0 0.566667 0 0.0111111 0
0 0.440972 0.5 0.0291667 1
0 0.565972 0 0.00972222 0
0 0.440972 0.5 0.0291667 1
0 0.565972 0 0.00972222 0
0 0.440972 0.5 0.0291667 1
0 0.566667 0 0.0111111 0
0 0.440972 0.5 0.0291667 1
0 0.566667 0 0.0111111 0
0 0.440972 0.5 0.0291667 1
0 0.566667 0 0.0111111 0
0 0.440972 0.5 0.0291667 1
0 0.502778 0 0.0361111 0
0 0.566667 0 0.0111111 0
0 0.440972 0.5 0.0291667 1
0 0.566667 0 0.0111111 0
0 0.440972 0.5 0.0291667 1
0 0.565972 0 0.00972222 0
0 0.440972 0.5 0.0291667 1
0 0.566667 0 0.0111111 0
0 0.440972 0.5 0.0291667 1
0 0.565972 0 0.00972222 0
0 0.440972 0.5 0.0291667 1
0 0.566667 0 0.0111111 0
0 0.440972 0.5 0.0291667 1
0 0.566667 0 0.0111111 0
0 0.440972 0.5 0.0291667 1
0 0.566667 0 0.0111111 0
0 0.440972 0.5 0.0291667 1
0 0.566667 0 0.0111111 0
0 0.440972 0.5 0.0291667 1
0 0.566667 0 0.0111111 0
0 0.440972 0.5 0.0291667 1
0 0.566667 0 0.0111111 0
0 0.440972 0.5 0.0291667 1
0 0.565972 0 0.00972222 0
0 0.440972 0.5 0.0291667 1
0 0.565972 0 0.00972222 0
0 0.440972 0.5 0.0291667 1
0 0.566667 0 0.0111111 0
0 0.440972 0.5 0.0291667 1
0 0.565972 0 0.00972222 0
0 0.440972 0.5 0.0291667 1
0 0.502778 0 0.0361111 0
0 0.566667 0 0.0111111 0
0 0.440972 0.5 0.0291667 1
0 0.566667 0 0.0111111 0
0 0.440972 0.5 0.0291667 1
0 0.502083 0 0.0347222 0
0 0.566667 0 0.0111111 0
0 0.440972 0.5 0.0291667 1
0 0.566667 0 0.0111111 0
0 0.440972 0.5 0.0291667 1
0 0.440972 0.5 0.0291667 1
0 0.441667 0.5 0.0277778 1
0 0.441667 0.5 0.0277778 1
0 0.566667 0 0.0111111 0
0 0.442361 0.5 0.0291667 1
0 0.442361 0.5 0.0291667 1
0 0.442361 0.5 0.0291667 1
0 0.442361 0.5 0.0291667 1
0 0.568056 0 0.0111111 0
0 0.44375 0.5 0.0263889 1
0 0.568056 0 0.0111111 0
0 0.444444 0.5 0.0277778 1
0 0.445139 0.5 0.0263889 1
0 0.56875 0 0.0125 0
0 0.445139 0.5 0.0263889 1
0 0.446528 0.5 0.0263889 1
0 0.446528 0.5 0.0263889 1
0 0.447222 0.5 0.0277778 1
0 0.447917 0.5 0.0291667 1
0 0.448611 0.5 0.0277778 1
0 0.570139 0 0.0125 0
0 0.450694 0.5 0.0263889 1
0 0.570833 0 0.0111111 0
0 0.451389 0.5 0.0277778 1
0 0.569444 0 0.0111111 0
0 0.451389 0.5 0.0277778 1
0 0.570833 0 0.0111111 0
0 0.451389 0.5 0.0277778 1
0 0.570833 0 0.0111111 0
0 0.452083 0.5 0.0263889 1
0 0.453472 0.5 0.0263889 1
0 0.453472 0.5 0.0263889 1
0 0.508333 0 0.0333333 0
0 0.454167 0.5 0.0277778 1
0 0.454861 0.5 0.0263889 1
0 0.456944 0.5 0.025 1
0 0.456944 0.5 0.025 1
0 0.459028 0.5 0.0263889 1
0 0.459722 0.5 0.025 1
0 0.460417 0.5 0.0263889 1
0 0.461806 0.5 0.0263889 1
0 0.576389 0 0.0111111 0
0 0.4625 0.5 0.025 1
0 0.577083 0 0.00972222 0
0 0.463194 0.5 0.0263889 1
0 0.577778 0 0.0111111 0
0 0.463889 0.5 0.025 1
0 0.465278 0.5 0.025 1
0 0.467361 0.5 0.0263889 1
0 0.467361 0.5 0.0263889 1
0 0.467361 0.5 0.0263889 1
0 0.46875 0.5 0.0263889 1
0 0.469444 0.5 0.0277778 1
0 0.472222 0 0.0277778 0
0 0.472222 0 0.0277778 0
0 0.583333 0 0.0111111 0
0 0.473611 0 0.0277778 0
0 0.475694 0 0.0291667 0
0 0.476389 0 0.0277778 0
0 0.477083 0 0.0291667 0
0 0.477083 0 0.0291667 0
0 0.478472 0 0.0291667 0
0 0.478472 0 0.0291667 0
0 0.5875 0 0.0111111 0
0 0.479167 0 0.0277778 0
0 0.39375 0 0.0125 0
0 0.588194 0 0.0125 0
0 0.479167 0 0.0277778 0
0 0.588889 0 0.0138889 0
0 0.480556 0 0.0277778 0
0 0.588889 0 0.0111111 0
0 0.48125 0 0.0263889 0
0 0.589583 0 0.00972222 0
0 0.48125 0 0.0291667 0
0 0.589583 0 0.00972222 0
0 0.482639 0 0.0263889 0
0 0.589583 0 0.00972222 0
0 0.395139 0 0.0125 0
0 0.483333 0 0.0277778 0
0 0.484028 0 0.0263889 0
0 0.590278 0 0.0111111 0
0 0.484722 0 0.0277778 0
0 0.489583 0 0.0263889 0
0 0.489583 0 0.0263889 0
0 0.489583 0 0.0291667 0
0 0.490278 0 0.0277778 0
0 0.490278 0 0.0277778 0
0 0.490278 0 0.0277778 0
0 0.490278 0 0.0277778 0
0 0.490278 0 0.0277778 0
0 0.489583 0 0.0291667 0
0 0.490972 0 0.0291667 0
0 0.490972 0 0.0291667 0
0 0.489583 0 0.0291667 0
0 0.490278 0 0.0305556 0
0 0.489583 0 0.0291667 0
0 0.490278 0 0.0305556 0
0 0.490278 0 0.0305556 0
0 0.490278 0 0.0305556 0
0 0.489583 0 0.0291667 0
0 0.489583 0 0.0291667 0
0 0.489583 0 0.0291667 0
0 0.489583 0 0.0291667 0
0 0.489583 0 0.0291667 0
0 0.489583 0 0.0291667 0
0 0.59375 0 0.0125 0
0 0.489583 0 0.0291667 0
0 0.489583 0 0.0291667 0
0 0.593056 0 0.0111111 0
0 0.489583 0 0.0291667 0
0 0.59375 0 0.0125 0
0 0.489583 0 0.0291667 0
0 0.489583 0 0.0291667 0
0 0.489583 0 0.0291667 0
0 0.489583 0 0.0291667 0
0 0.488889 0 0.0277778 0
0 0.489583 0 0.0263889 0
0 0.489583 0 0.0263889 0
0 0.488194 0.5 0.0291667 1
0 0.4875 0 0.0277778 0
0 0.486806 0 0.0291667 0
0 0.486806 0 0.0291667 0
0 0.486806 0 0.0291667 0
0 0.486806 0 0.0291667 0
0 0.486806 0 0.0291667 0
0 0.486806 0 0.0291667 0
0 0.486806 0 0.0291667 0
0 0.486111 0 0.0305556 0
0 0.486111 0 0.0305556 0
0 0.486111 0 0.0305556 0
0 0.486111 0 0.0305556 0
0 0.486111 0 0.0305556 0
0 0.486111 0 0.0305556 0
0 0.486111 0 0.0305556 0
0 0.486111 0 0.0305556 0
0 0.486111 0 0.0305556 0
0 0.486806 0 0.0291667 0
0 0.486111 0 0.0305556 0
0 0.486111 0 0.0305556 0
0 0.4875 0 0.0305556 0
0 0.4875 0 0.0305556 0
0 0.4875 0 0.0305556 0
0 0.4875 0 0.0305556 0
0 0.486806 0 0.0291667 0
0 0.486806 0 0.0291667 0
0 0.486806 0 0.0291667 0
0 0.4875 0 0.0305556 0
0 0.4875 0 0.0305556 0
0 0.4875 0 0.0305556 0
0 0.486806 0 0.0291667 0
0 0.4875 0 0.0305556 0
0 0.4875 0 0.0305556 0
0 0.4875 0 0.0277778 0
0 0.488194 0 0.0291667 0
0 0.488194 0 0.0291667 0
0 0.488194 0 0.0291667 0
0 0.488194 0 0.0291667 0
0 0.488194 0 0.0291667 0
0 0.488194 0 0.0291667 0
0 0.488194 0 0.0291667 0
0 0.488194 0 0.0291667 0
0 0.488194 0 0.0291667 0
0 0.488194 0 0.0291667 0
0 0.4875 0.5 0.0305556 1
0 0.4875 0.5 0.0305556 1
0 0.394444 0 0.0111111 0
0 0.488889 0.5 0.0305556 1
0 0.394444 0 0.0111111 0
0 0.488889 0.5 0.0305556 1
0 0.39375 0 0.0125 0
0 0.488889 0.5 0.0305556 1
0 0.488194 0.5 0.0319444 1
0 0.488889 0.5 0.0305556 1
0 0.488889 0.5 0.0305556 1
0 0.488889 0 0.0305556 0
0 0.488889 0 0.0305556 0
0 0.488889 0 0.0305556 0
0 0.488889 0 0.0305556 0
0 0.596528 0 0.0125 0
0 0.488889 0 0.0305556 0
0 0.597222 0 0.0111111 0
0 0.488889 0 0.0305556 0
0 0.596528 0 0.0125 0
0 0.488889 0 0.0305556 0
0 0.489583 0 0.0319444 0
0 0.596528 0 0.0125 0
0 0.489583 0 0.0319444 0
0 0.489583 0 0.0319444 0
0 0.489583 0 0.0319444 0
0 0.489583 0 0.0319444 0
0 0.489583 0 0.0319444 0
0 0.489583 0 0.0319444 0
0 0.489583 0 0.0319444 0
0 0.489583 0 0.0319444 0
0 0.597222 0 0.0138889 0
0 0.490278 0 0.0305556 0
0 0.597222 0 0.0111111 0
0 0.490278 0 0.0305556 0
0 0.597917 0 0.0125 0
0 0.490278 0 0.0305556 0
0 0.490278 0 0.0305556 0
0 0.490278 0 0.0305556 0
0 0.490278 0 0.0305556 0
0 0.490278 0 0.0305556 0
0 0.490278 0 0.0305556 0
0 0.491667 0.5 0.0305556 1
0 0.491667 0.5 0.0305556 1
0 0.491667 0.5 0.0305556 1
0 0.491667 0.5 0.0305556 1
0 0.395139 0 0.0125 0
0 0.491667 0.5 0.0305556 1
0 0.491667 0.5 0.0305556 1
0 0.492361 0.5 0.0291667 1
0 0.492361 0.5 0.0291667 1
0 0.492361 0.5 0.0291667 1
0 0.492361 0.5 0.0291667 1
0 0.492361 0.5 0.0291667 1
0 0.492361 0.5 0.0291667 1
0 0.492361 0.5 0.0291667 1
0 0.492361 0.5 0.0291667 1
0 0.492361 0.5 0.0291667 1
0 0.492361 0.5 0.0291667 1
0 0.492361 0.5 0.0291667 1
0 0.492361 0.5 0.0291667 1
0 0.492361 0.5 0.0291667 1
0 0.493056 0.5 0.0305556 1
0 0.493056 0.5 0.0305556 1
0 0.493056 0.5 0.0305556 1
0 0.493056 0.5 0.0305556 1
0 0.49375 0.5 0.0291667 1
0 0.493056 0.5 0.0305556 1
0 0.493056 0.5 0.0305556 1
0 0.493056 0.5 0.0305556 1
0 0.493056 0.5 0.0305556 1
0 0.493056 0.5 0.0305556 1
0 0.493056 0.5 0.0305556 1
0 0.493056 0.5 0.0305556 1
0 0.493056 0.5 0.0305556 1
0 0.493056 0.5 0.0305556 1
0 0.493056 0.5 0.0305556 1
0 0.49375 0.5 0.0291667 1
0 0.49375 0.5 0.0291667 1
0 0.49375 0.5 0.0291667 1
0 0.493056 0.5 0.0305556 1
0 0.493056 0.5 0.0305556 1
0 0.493056 0.5 0.0305556 1
0 0.49375 0.5 0.0291667 1
0 0.49375 0.5 0.0291667 1
0 0.49375 0.5 0.0291667 1
0 0.494444 0.5 0.0277778 1
0 0.495139 0.5 0.0291667 1
0 0.495139 0.5 0.0291667 1
0 0.494444 0.5 0.0277778 1
0 0.494444 0.5 0.0277778 1
0 0.495833 0.5 0.0277778 1
0 0.495833 0.5 0.0277778 1
0 0.597222 0 0.0111111 0
0 0.495139 0.5 0.0291667 1
0 0.495833 0.5 0.0277778 1
0 0.596528 0 0.0125 0
0 0.495139 0.5 0.0291667 1
0 0.495139 0.5 0.0291667 1
0 0.597222 0 0.0111111 0
0 0.595833 0 0.0111111 0
0 0.494444 0.5 0.0277778 1
0 0.595833 0 0.0111111 0
0 0.494444 0.5 0.0277778 1
0 0.596528 0 0.0125 0
0 0.495139 0.5 0.0291667 1
0 0.596528 0 0.0125 0
0 0.495139 0.5 0.0291667 1
0 0.397917 0 0.0125 0
0 0.596528 0 0.0125 0
0 0.495833 0.5 0.0277778 1
0 0.495833 0.5 0.0277778 1
0 0.596528 0 0.0125 0
0 0.495833 0.5 0.0277778 1
0 0.495833 0.5 0.0277778 1
0 0.495833 0.5 0.0277778 1
0 0.595833 0 0.0111111 0
0 0.495833 0.5 0.0277778 1
0 0.397917 0 0.0125 0
0 0.495833 0.5 0.0277778 1
0 0.595833 0 0.0111111 0
0 0.495833 0.5 0.0277778 1
0 0.495833 0.5 0.0277778 1
0 0.495833 0.5 0.0277778 1
0 0.495833 0.5 0.0277778 1
0 0.496528 0.5 0.0263889 1
0 0.595833 0 0.0111111 0
0 0.496528 0.5 0.0263889 1
0 0.595833 0 0.0111111 0
0 0.595833 0 0.0111111 0
0 0.496528 0.5 0.0263889 1
0 0.496528 0.5 0.0263889 1
0 0.595139 0 0.0125 0
0 0.495833 0.5 0.0277778 1
0 0.595833 0 0.0111111 0
0 0.495833 0.5 0.0277778 1
0 0.594444 0 0.0111111 0
0 0.495833 0.5 0.0277778 1
0 0.529167 0 0.0361111 0
0 0.495833 0.5 0.0277778 1
0 0.595833 0 0.0111111 0
0 0.496528 0.5 0.0263889 1
0 0.595833 0 0.0111111 0
0 0.595833 0 0.0111111 0
0 0.595139 0 0.00972222 0
0 0.496528 0.5 0.0263889 1
0 0.595139 0 0.00972222 0
0 0.595139 0 0.00972222 0
0 0.595139 0 0.00972222 0
0 0.595139 0 0.00972222 0
0 0.594444 0 0.0111111 0
0 0.594444 0 0.0111111 0
0 0.595139 0 0.00972222 0
0 0.594444 0 0.0111111 0
0 0.595139 0 0.0125 0
0 0.595139 0 0.0125 0
0 0.59375 0 0.0125 0
0 0.594444 0 0.0138889 0
0 0.59375 0 0.0125 0
0 0.402778 0 0.0138889 0
0 0.402778 0 0.0138889 0
0 0.592361 0 0.00972222 0
0 0.592361 0 0.00972222 0
0 0.592361 0 0.00972222 0
0 0.486806 0.5 0.0458333 1
0 0.528472 0 0.0319444 0
0 0.486806 0.5 0.0486111 1
0 0.488194 0.5 0.0486111 1
0 0.529167 0 0.0305556 0
0 0.488194 0.5 0.0486111 1
0 0.488889 0.5 0.05 1
0 0.490278 1 0.0444444 0
0 0.491667 1 0.0416667 0
0 0.499306 1 0.0263889 0
0 0.592361 0 0.00972222 0
0 0.593056 0 0.0111111 0
0 0.492361 1 0.0430556 0
0 0.407639 0 0.0125 0
0 0.499306 1 0.0263889 0
0 0.406944 0 0.0111111 0
0 0.500694 1 0.0263889 0
0 0.5 1 0.0277778 0
0 0.500694 1 0.0263889 0
0 0.59375 0 0.00972222 0
0 0.502083 1 0.0263889 0
0 0.502083 1 0.0263889 0
0 0.502083 1 0.0263889 0
0 0.59375 0 0.00972222 0
0 0.502083 1 0.0263889 0
0 0.502083 1 0.0263889 0
0 0.502083 1 0.0263889 0
0 0.502083 1 0.0263889 0
0 0.502083 1 0.0263889 0
0 0.59375 0 0.00972222 0
0 0.502083 1 0.0263889 0
0 0.59375 0 0.00972222 0
0 0.502083 1 0.0263889 0
0 0.502083 1 0.0263889 0
0 0.502083 1 0.0263889 0
0 0.502083 1 0.0263889 0
0 0.502083 1 0.0263889 0
0 0.502083 1 0.0263889 0
0 0.502083 1 0.0263889 0
0 0.502083 1 0.0263889 0
0 0.501389 1 0.0277778 0
0 0.502083 1 0.0263889 0
0 0.500694 1 0.0263889 0
0 0.501389 1 0.025 0
0 0.500694 1 0.0263889 0
0 0.5 1 0.025 0
0 0.5 1 0.025 0
0 0.5 1 0.025 0
0 0.499306 1 0.0263889 0
0 0.499306 1 0.0263889 0
0 0.409028 0 0.0125 0
0 0.498611 1 0.025 0
0 0.497917 1 0.0263889 0
0 0.588889 0 0.00833333 0
0 0.497917 1 0.0263889 0
0 0.588889 0 0.00833333 0
0 0.497917 1 0.0236111 0
0 0.497917 1 0.0236111 0
0 0.497222 1 0.025 0
0 0.496528 1 0.0236111 0
0 0.497222 1 0.0222222 0
0 0.497222 1 0.0222222 0
0 0.496528 1 0.0208333 0
0 0.495833 1 0.0222222 0
0 0.495833 1 0.0222222 0
0 0.495833 1 0.0194444 0
0 0.495833 1 0.0194444 0
0 0.495833 1 0.0194444 0
0 0.494444 1 0.0222222 0
0 0.40625 0 0.0125 0
0 0.493056 1 0.0222222 0
0 0.405556 0 0.0111111 0
0 0.494444 1 0.0166667 0
0 0.49375 1 0.0152778 0
0 0.493056 1 0.0194444 0
0 0.49375 1 0.0180556 0
0 0.493056 1 0.0166667 0
0 0.493056 1 0.0138889 0
0 0.493056 1 0.0138889 0
0 0.493056 1 0.0138889 0
0 0.492361 1 0.0125 0
0 0.492361 1 0.0125 0
0 0.491667 1 0.0111111 0
0 0.491667 1 0.0111111 0
0 0.490972 1 0.00972222 0
0 0.490972 1 0.00972222 0
0 0.490972 1 0.00972222 0
0 0.490278 1 0.0111111 0
0 0.489583 1 0.0180556 0
0 0.490278 1 0.00833333 0
0 0.489583 1 0.0180556 0
0 0.490972 1 0.00972222 0
0 0.490278 1 0.00833333 0
0 0.438889 1 0.0277778 0
0 0.566667 0 0.00833333 0
0 0.438889 1 0.0277778 0
0 0.565972 0 0.00972222 0
0 0.438889 1 0.0277778 0
0 0.565972 0 0.00972222 0
0 0.438889 1 0.0277778 0
