0 0.439583 0.5 0.0291667 1
0 0.439583 0.5 0.0291667 1
0 0.439583 0.5 0.0291667 1
0 0.439583 0.5 0.0291667 1
0 0.439583 0.5 0.0291667 1
0 0.439583 0.5 0.0291667 1
0 0.439583 0.5 0.0291667 1
0 0.439583 0.5 0.0291667 1
0 0.439583 0.5 0.0291667 1
0 0.439583 0.5 0.0291667 1
0 0.439583 0.5 0.0291667 1
0 0.439583 0.5 0.0291667 1
0 0.565972 0 0.00972222 0
0 0.439583 0.5 0.0291667 1
0 0.439583 0.5 0.0291667 1
0 0.439583 0.5 0.0291667 1
0 0.439583 0.5 0.0291667 1
0 0.439583 0.5 0.0291667 1
0 0.439583 0.5 0.0291667 1
0 0.439583 0.5 0.0291667 1
0 0.439583 0.5 0.0291667 1
0 0.439583 0.5 0.0291667 1
0 0.439583 0.5 0.0291667 1
0 0.439583 0.5 0.0291667 1
0 0.439583 0.5 0.0291667 1
0 0.439583 0.5 0.0291667 1
0 0.439583 0.5 0.0291667 1
0 0.439583 0.5 0.0291667 1
0 0.439583 0.5 0.0291667 1
0 0.439583 0.5 0.0291667 1
0 0.565972 0 0.00972222 0
0 0.439583 0.5 0.0291667 1
0 0.439583 0.5 0.0291667 1
0 0.439583 0.5 0.0291667 1
0 0.439583 0.5 0.0291667 1
0 0.567361 0 0.00972222 0
0 0.440972 0.5 0.0291667 1
0 0.441667 0.5 0.0277778 1
0 0.441667 0.5 0.0277778 1
0 0.503472 0 0.0347222 0
0 0.568056 0 0.0111111 0
0 0.445139 0.5 0.0263889 1
0 0.503472 0 0.0347222 0
0 0.446528 0.5 0.0263889 1
0 0.448611 0.5 0.0277778 1
0 0.450694 0.5 0.0263889 1
0 0.452778 0.5 0.0277778 1
0 0.572917 0 0.00972222 0
0 0.454167 0.5 0.0277778 1
0 0.455556 0.5 0.0277778 1
0 0.45625 0.5 0.0263889 1
0 0.456944 0.5 0.0277778 1
0 0.577083 0 0.0125 0
0 0.458333 0.5 0.0277778 1
0 0.460417 0.5 0.0291667 1
0 0.579167 0 0.0111111 0
0 0.461806 0 0.0291667 0
0 0.580556 0 0.0111111 0
0 0.463194 0 0.0291667 0
0 0.463194 0 0.0291667 0
0 0.465278 0 0.0305556 0
0 0.465278 0 0.0305556 0
0 0.466667 0 0.0305556 0
0 0.468056 0 0.0305556 0
0 0.468056 0 0.0305556 0
0 0.588889 0 0.0111111 0
0 0.469444 0 0.0305556 0
0 0.590972 0 0.0125 0
0 0.470139 0 0.0319444 0
0 0.522222 0 0.0388889 0
0 0.470833 0 0.0333333 0
0 0.470833 0 0.0333333 0
0 0.472222 0 0.0333333 0
0 0.594444 0 0.0138889 0
0 0.471528 0 0.0347222 0
0 0.595139 0 0.0152778 0
0 0.472222 0 0.0361111 0
0 0.472222 0 0.0361111 0
0 0.595139 0 0.0125 0
0 0.472222 0 0.0361111 0
0 0.596528 0 0.0125 0
0 0.381944 0 0.0138889 0
0 0.472222 0 0.0361111 0
0 0.597917 0 0.0125 0
0 0.38125 0 0.0125 0
0 0.473611 0 0.0388889 0
0 0.597917 0 0.0125 0
0 0.472222 0 0.0361111 0
0 0.597917 0 0.0125 0
0 0.472917 0 0.0375 0
0 0.473611 0 0.0388889 0
0 0.472917 0 0.0402778 0
0 0.472222 0 0.0388889 0
0 0.6 0 0.0138889 0
0 0.471528 0 0.0402778 0
0 0.601389 0 0.0138889 0
0 0.470139 0 0.0430556 0
0 0.602083 0 0.0125 0
0 0.46875 0 0.0430556 0
0 0.373611 0 0.0166667 0
0 0.604167 0 0.0138889 0
0 0.468056 0 0.0416667 0
0 0.371528 0 0.0152778 0
0 0.604167 0 0.0138889 0
0 0.467361 0 0.0458333 0
0 0.466667 0 0.0472222 0
0 0.606944 0 0.0138889 0
0 0.465278 0 0.0472222 0
0 0.729167 0 0.0138889 0
0 0.607639 0 0.0152778 0
0 0.463889 0 0.05 0
0 0.729167 0 0.0138889 0
0 0.607639 0 0.0152778 0
0 0.463889 0 0.05 0
0 0.731944 0 0.0138889 0
0 0.608333 0 0.0166667 0
0 0.4625 0 0.05 0
0 0.364583 0 0.0152778 0
0 0.609722 0 0.0138889 0
0 0.459722 0 0.0527778 0
0 0.738889 0 0.0138889 0
0 0.457639 0 0.0541667 0
0 0.611111 0 0.0166667 0
0 0.739583 0 0.0152778 0
0 0.457639 0 0.0541667 0
0 0.231944 0 0.0166667 0
0 0.613194 0 0.0152778 0
0 0.454861 0 0.0569444 0
0 0.74375 0 0.0152778 0
0 0.360417 0 0.0180556 0
0 0.613194 0 0.0152778 0
0 0.454167 0 0.0611111 0
0 0.745139 0 0.0152778 0
0 0.613889 0 0.0166667 0
0 0.453472 0 0.0625 0
0 0.745833 0 0.0166667 0
0 0.358333 0 0.0166667 0
0 0.615278 0 0.0194444 0
0 0.452083 0 0.0625 0
0 0.357639 0 0.0152778 0
0 0.748611 0 0.0166667 0
0 0.616667 0 0.0166667 0
0 0.451389 0 0.0638889 0
0 0.357639 0 0.0152778 0
0 0.749306 0 0.0152778 0
0 0.616667 0 0.0166667 0
0 0.451389 0 0.0638889 0
0 0.750694 0 0.0152778 0
0 0.617361 0 0.0180556 0
0 0.450694 0 0.0652778 0
0 0.618056 0 0.0166667 0
0 0.45 0 0.0666667 0
0 0.752778 0 0.0166667 0
0 0.220139 0 0.0152778 0
0 0.354861 0 0.0180556 0
0 0.61875 0 0.0152778 0
0 0.45 0 0.0694444 0
0 0.354861 0 0.0180556 0
0 0.754167 0 0.0166667 0
0 0.619444 0 0.0166667 0
0 0.449306 0 0.0708333 0
0 0.354167 0 0.0166667 0
0 0.75625 0 0.0152778 0
0 0.620139 0 0.0152778 0
0 0.449306 0 0.0708333 0
0 0.758333 0 0.0166667 0
0 0.352778 0 0.0166667 0
0 0.621528 0 0.0152778 0
0 0.448611 0 0.075 0
0 0.761111 0 0.0166667 0
0 0.352083 0 0.0152778 0
0 0.622917 0 0.0180556 0
0 0.448611 0 0.0805556 0
0 0.623611 0 0.0166667 0
0 0.352083 0 0.0152778 0
0 0.763194 0 0.0152778 0
0 0.447917 0 0.0791667 0
0 0.351389 0 0.0166667 0
0 0.764583 0 0.0180556 0
0 0.625 0 0.0166667 0
0 0.448611 0.5 0.0833333 1
0 0.351389 0 0.0166667 0
0 0.765278 0 0.0166667 0
0 0.625 0 0.0166667 0
0 0.448611 0.5 0.0833333 1
0 0.769444 0 0.0194444 0
0 0.626389 0 0.0166667 0
0 0.448611 0.5 0.0833333 1
0 0.770139 0 0.0180556 0
0 0.627778 0 0.0166667 0
0 0.449306 0.5 0.0875 1
0 0.770833 0 0.0194444 0
0 0.628472 0 0.0180556 0
0 0.449306 0.5 0.0902778 1
0 0.771528 0 0.0180556 0
0 0.629167 0 0.0194444 0
0 0.449306 0.5 0.0930556 1
0 0.630556 0 0.0194444 0
0 0.45 0.5 0.0916667 1
0 0.776389 0 0.0166667 0
0 0.631944 0 0.0194444 0
0 0.450694 0.5 0.0930556 1
0 0.777778 0 0.0166667 0
0 0.631944 0 0.0194444 0
0 0.450694 0.5 0.0930556 1
0 0.202083 0 0.0180556 0
0 0.347917 0 0.0208333 0
0 0.778472 0 0.0180556 0
0 0.633333 0 0.0194444 0
0 0.452778 0.5 0.0944444 1
0 0.347917 0 0.0208333 0
0 0.202083 0 0.0180556 0
0 0.779167 0 0.0194444 0
0 0.633333 0 0.0194444 0
0 0.452778 0.5 0.0944444 1
0 0.348611 0 0.0194444 0
0 0.201389 0 0.0166667 0
0 0.781944 0 0.0166667 0
0 0.634722 0 0.0194444 0
0 0.45625 0.5 0.101389 1
0 0.348611 0 0.0194444 0
0 0.200694 0 0.0180556 0
0 0.782639 0 0.0180556 0
0 0.635417 0 0.0180556 0
0 0.456944 0.5 0.102778 1
0 0.348611 0 0.0194444 0
0 0.200694 0 0.0180556 0
0 0.783333 0 0.0166667 0
0 0.636111 0 0.0194444 0
0 0.459722 0.5 0.105556 1
0 0.347917 0 0.0208333 0
0 0.785417 0 0.0180556 0
0 0.6375 0 0.0166667 0
0 0.4625 0.5 0.111111 1
0 0.348611 0 0.0194444 0
0 0.786111 0 0.0194444 0
0 0.636806 0 0.0180556 0
0 0.463889 0.5 0.111111 1
0 0.786111 0 0.0194444 0
0 0.347917 0 0.0180556 0
0 0.638194 0 0.0180556 0
0 0.466667 0.5 0.108333 1
0 0.347917 0 0.0180556 0
0 0.7875 0 0.0166667 0
0 0.639583 0 0.0180556 0
0 0.470139 0.5 0.1125 1
0 0.348611 0 0.0194444 0
0 0.7875 0 0.0166667 0
0 0.472222 0.5 0.108333 1
0 0.639583 0 0.0180556 0
0 0.348611 0 0.0194444 0
0 0.7875 0 0.0166667 0
0 0.472222 0.5 0.108333 1
0 0.639583 0 0.0180556 0
0 0.348611 0 0.0194444 0
0 0.7875 0 0.0166667 0
0 0.472222 0.5 0.108333 1
0 0.639583 0 0.0180556 0
0 0.347917 0 0.0180556 0
0 0.789583 0 0.0152778 0
0 0.640278 0 0.0194444 0
0 0.486111 0.5 0.113889 1
0 0.792361 0 0.0208333 0
0 0.348611 0 0.0194444 0
0 0.486806 0.5 0.1125 1
0 0.641667 0 0.0194444 0
0 0.792361 0 0.0208333 0
0 0.348611 0 0.0194444 0
0 0.641667 0 0.0194444 0
0 0.486111 0.5 0.111111 1
0 0.793056 0 0.0194444 0
0 0.348611 0 0.0166667 0
0 0.643056 0 0.0194444 0
0 0.484722 0.5 0.111111 1
0 0.793056 0 0.0194444 0
0 0.349306 0 0.0180556 0
0 0.643056 0 0.0194444 0
0 0.482639 0.5 0.1125 1
0 0.79375 0 0.0180556 0
0 0.349306 0 0.0180556 0
0 0.643056 0 0.0194444 0
0 0.479167 0.5 0.111111 1
0 0.79375 0 0.0180556 0
0 0.349306 0 0.0180556 0
0 0.643056 0 0.0194444 0
0 0.48125 0.5 0.1125 1
0 0.199306 0 0.0180556 0
0 0.794444 0 0.0166667 0
0 0.349306 0 0.0180556 0
0 0.64375 0 0.0180556 0
0 0.484722 0.5 0.113889 1
0 0.349306 0 0.0180556 0
0 0.79375 0 0.0180556 0
0 0.64375 0 0.0180556 0
0 0.488194 0.5 0.115278 1
0 0.199306 0 0.0180556 0
0 0.794444 0 0.0166667 0
0 0.35 0 0.0194444 0
0 0.644444 0 0.0194444 0
0 0.491667 0.5 0.108333 1
0 0.350694 0 0.0180556 0
0 0.644444 0 0.0194444 0
0 0.490278 0.5 0.111111 1
0 0.795139 0 0.0180556 0
0 0.351389 0 0.0194444 0
0 0.645139 0 0.0180556 0
0 0.488194 0.5 0.1125 1
0 0.795139 0 0.0180556 0
0 0.350694 0 0.0180556 0
0 0.645139 0 0.0180556 0
0 0.482639 0.5 0.1125 1
0 0.350694 0 0.0180556 0
0 0.795833 0 0.0166667 0
0 0.645139 0 0.0180556 0
0 0.483333 0.5 0.113889 1
0 0.350694 0 0.0180556 0
0 0.795833 0 0.0166667 0
0 0.645139 0 0.0180556 0
0 0.486111 0.5 0.111111 1
0 0.350694 0 0.0180556 0
0 0.795833 0 0.0166667 0
0 0.486111 0.5 0.113889 1
0 0.645139 0 0.0180556 0
0 0.795833 0 0.0166667 0
0 0.351389 0 0.0166667 0
0 0.4875 0.5 0.111111 1
0 0.645139 0 0.0180556 0
0 0.795833 0 0.0166667 0
0 0.350694 0 0.0180556 0
0 0.645833 0 0.0194444 0
0 0.488889 0.5 0.111111 1
0 0.795833 0 0.0194444 0
0 0.350694 0 0.0180556 0
0 0.645833 0 0.0194444 0
0 0.488889 0.5 0.111111 1
0 0.797222 0 0.0194444 0
0 0.35 0 0.0194444 0
0 0.646528 0 0.0208333 0
0 0.4875 0.5 0.111111 1
0 0.797222 0 0.0194444 0
0 0.350694 0 0.0180556 0
0 0.4875 0.5 0.113889 1
0 0.646528 0 0.0208333 0
0 0.797917 0 0.0180556 0
0 0.35 0 0.0194444 0
0 0.486111 0.5 0.113889 1
0 0.646528 0 0.0208333 0
0 0.797917 0 0.0180556 0
0 0.35 0 0.0194444 0
0 0.4875 0.5 0.113889 1
0 0.646528 0 0.0180556 0
0 0.797917 0 0.0180556 0
0 0.35 0 0.0194444 0
0 0.486806 0.5 0.109722 1
0 0.646528 0 0.0208333 0
0 0.797917 0 0.0180556 0
0 0.35 0 0.0194444 0
0 0.485417 0.5 0.1125 1
0 0.646528 0 0.0180556 0
0 0.35 0 0.0194444 0
0 0.797917 0 0.0180556 0
0 0.4875 0.5 0.113889 1
0 0.646528 0 0.0180556 0
0 0.552778 0 0.0388889 0
0 0.349306 0 0.0208333 0
0 0.797917 0 0.0180556 0
0 0.488889 0.5 0.113889 1
0 0.646528 0 0.0180556 0
0 0.35 0 0.0194444 0
0 0.797917 0 0.0180556 0
0 0.486806 0.5 0.109722 1
0 0.646528 0 0.0180556 0
0 0.349306 0 0.0180556 0
0 0.797917 0 0.0180556 0
0 0.488194 0.5 0.115278 1
0 0.646528 0 0.0180556 0
0 0.349306 0 0.0180556 0
0 0.797917 0 0.0180556 0
0 0.646528 0 0.0180556 0
0 0.488194 0.5 0.115278 1
0 0.797917 0 0.0180556 0
0 0.349306 0 0.0180556 0
0 0.488889 0.5 0.113889 1
0 0.645833 0 0.0166667 0
0 0.459028 0 0.0319444 0
0 0.348611 0 0.0194444 0
0 0.797917 0 0.0208333 0
0 0.645833 0 0.0166667 0
0 0.488194 0.5 0.115278 1
0 0.349306 0 0.0180556 0
0 0.797222 0 0.0194444 0
0 0.645833 0 0.0166667 0
0 0.486111 0.5 0.113889 1
0 0.197917 0 0.0180556 0
0 0.349306 0 0.0208333 0
0 0.798611 0 0.0194444 0
0 0.646528 0 0.0180556 0
0 0.488889 0.5 0.116667 1
0 0.348611 0 0.0194444 0
0 0.196528 0 0.0180556 0
0 0.798611 0 0.0194444 0
0 0.646528 0 0.0180556 0
0 0.488194 0.5 0.115278 1
0 0.348611 0 0.0194444 0
0 0.196528 0 0.0180556 0
0 0.798611 0 0.0194444 0
0 0.645833 0 0.0194444 0
0 0.4875 0.5 0.116667 1
0 0.196528 0 0.0180556 0
0 0.348611 0 0.0194444 0
0 0.798611 0 0.0194444 0
0 0.488889 0.5 0.116667 1
0 0.645833 0 0.0194444 0
0 0.196528 0 0.0180556 0
0 0.348611 0 0.0194444 0
0 0.798611 0 0.0194444 0
0 0.488194 0.5 0.115278 1
0 0.645833 0 0.0194444 0
0 0.798611 0 0.0194444 0
0 0.347917 0 0.0208333 0
0 0.484722 0.5 0.113889 1
0 0.646528 0 0.0180556 0
0 0.195833 0 0.0194444 0
0 0.347222 0 0.0194444 0
0 0.798611 0 0.0194444 0
0 0.488889 0.5 0.116667 1
0 0.646528 0 0.0180556 0
0 0.798611 0 0.0194444 0
0 0.347917 0 0.0180556 0
0 0.486806 0.5 0.115278 1
0 0.646528 0 0.0180556 0
0 0.347222 0 0.0194444 0
0 0.799306 0 0.0180556 0
0 0.646528 0 0.0180556 0
0 0.486111 0.5 0.113889 1
0 0.347917 0 0.0208333 0
0 0.799306 0 0.0180556 0
0 0.4875 0.5 0.116667 1
0 0.646528 0 0.0180556 0
0 0.798611 0 0.0194444 0
0 0.347222 0 0.0194444 0
0 0.646528 0 0.0180556 0
0 0.4875 0.5 0.116667 1
0 0.798611 0 0.0166667 0
0 0.347222 0 0.0194444 0
0 0.488194 0.5 0.115278 1
0 0.646528 0 0.0180556 0
0 0.799306 0 0.0208333 0
0 0.347222 0 0.0194444 0
0 0.646528 0 0.0180556 0
0 0.486111 0.5 0.113889 1
0 0.799306 0 0.0180556 0
0 0.347222 0 0.0194444 0
0 0.646528 0 0.0180556 0
0 0.485417 0.5 0.115278 1
0 0.799306 0 0.0180556 0
0 0.347917 0 0.0208333 0
0 0.646528 0 0.0180556 0
0 0.492361 0.5 0.109722 1
0 0.799306 0 0.0180556 0
0 0.347917 0 0.0208333 0
0 0.647222 0 0.0194444 0
0 0.492361 0.5 0.109722 1
0 0.800694 0 0.0180556 0
0 0.347222 0 0.0194444 0
0 0.647222 0 0.0194444 0
0 0.488194 0.5 0.115278 1
0 0.554167 0 0.0416667 0
0 0.195139 0 0.0180556 0
0 0.8 0 0.0194444 0
0 0.347222 0 0.0194444 0
0 0.4875 0.5 0.116667 1
0 0.647222 0 0.0194444 0
0 0.195139 0 0.0180556 0
0 0.8 0 0.0194444 0
0 0.347222 0 0.0194444 0
0 0.488194 0.5 0.118056 1
0 0.647222 0 0.0194444 0
0 0.194444 0 0.0194444 0
0 0.800694 0 0.0180556 0
0 0.347222 0 0.0194444 0
0 0.485417 0.5 0.118056 1
0 0.647222 0 0.0194444 0
0 0.194444 0 0.0194444 0
0 0.800694 0 0.0180556 0
0 0.347222 0 0.0194444 0
0 0.482639 0.5 0.118056 1
0 0.647222 0 0.0194444 0
0 0.800694 0 0.0180556 0
0 0.347222 0 0.0194444 0
0 0.479861 0.5 0.118056 1
0 0.647222 0 0.0194444 0
0 0.347222 0 0.0194444 0
0 0.800694 0 0.0180556 0
0 0.477778 0.5 0.113889 1
0 0.647222 0 0.0194444 0
0 0.347222 0 0.0194444 0
0 0.472917 0.5 0.1125 1
0 0.800694 0 0.0152778 0
0 0.647222 0 0.0194444 0
0 0.347222 0 0.0194444 0
0 0.801389 0 0.0166667 0
0 0.471528 0.5 0.1125 1
0 0.647222 0 0.0194444 0
0 0.346528 0 0.0180556 0
0 0.800694 0 0.0180556 0
0 0.647222 0 0.0194444 0
0 0.472222 0.5 0.113889 1
0 0.800694 0 0.0180556 0
0 0.346528 0 0.0180556 0
0 0.647222 0 0.0194444 0
0 0.472222 0.5 0.113889 1
0 0.800694 0 0.0180556 0
0 0.346528 0 0.0180556 0
0 0.471528 0.5 0.115278 1
0 0.647222 0 0.0194444 0
0 0.800694 0 0.0180556 0
0 0.346528 0 0.0180556 0
0 0.647222 0 0.0194444 0
0 0.472222 0.5 0.116667 1
0 0.800694 0 0.0180556 0
0 0.346528 0 0.0180556 0
0 0.647222 0 0.0194444 0
0 0.472917 0.5 0.118056 1
0 0.800694 0 0.0180556 0
0 0.346528 0 0.0180556 0
0 0.647222 0 0.0194444 0
0 0.474306 0.5 0.118056 1
0 0.458333 0 0.0361111 0
0 0.801389 0 0.0194444 0
0 0.647222 0 0.0194444 0
0 0.346528 0 0.0180556 0
0 0.475 0.5 0.119444 1
0 0.458333 0 0.0388889 0
0 0.801389 0 0.0194444 0
0 0.647222 0 0.0194444 0
0 0.346528 0 0.0180556 0
0 0.475 0.5 0.119444 1
0 0.801389 0 0.0194444 0
0 0.346528 0 0.0180556 0
0 0.647917 0 0.0180556 0
0 0.476389 0.5 0.119444 1
0 0.457639 0 0.0375 0
0 0.802083 0 0.0180556 0
0 0.346528 0 0.0180556 0
0 0.647917 0 0.0180556 0
0 0.479861 0.5 0.120833 1
0 0.456944 0 0.0388889 0
0 0.802083 0 0.0180556 0
0 0.346528 0 0.0180556 0
0 0.647917 0 0.0180556 0
0 0.480556 0.5 0.122222 1
0 0.457639 0 0.0375 0
0 0.802778 0 0.0194444 0
0 0.346528 0 0.0180556 0
0 0.647917 0 0.0180556 0
0 0.481944 0.5 0.122222 1
0 0.802778 0 0.0194444 0
0 0.346528 0 0.0180556 0
0 0.647917 0 0.0180556 0
0 0.482639 0.5 0.120833 1
0 0.802778 0 0.0194444 0
0 0.346528 0 0.0180556 0
0 0.648611 0 0.0194444 0
0 0.482639 0.5 0.120833 1
0 0.802778 0 0.0194444 0
0 0.345833 0 0.0166667 0
0 0.482639 0.5 0.120833 1
0 0.648611 0 0.0194444 0
0 0.802083 0 0.0180556 0
0 0.482639 0.5 0.120833 1
0 0.647917 0 0.0180556 0
0 0.345833 0 0.0166667 0
0 0.802778 0 0.0194444 0
0 0.480556 0.5 0.119444 1
0 0.647917 0 0.0180556 0
0 0.345833 0 0.0166667 0
0 0.802778 0 0.0194444 0
0 0.479861 0.5 0.118056 1
0 0.647917 0 0.0180556 0
0 0.345833 0 0.0166667 0
0 0.477778 0.5 0.116667 1
0 0.648611 0 0.0194444 0
0 0.346528 0 0.0180556 0
0 0.802778 0 0.0194444 0
0 0.648611 0 0.0194444 0
0 0.477083 0.5 0.118056 1
0 0.346528 0 0.0180556 0
0 0.190972 0 0.0180556 0
0 0.803472 0 0.0180556 0
0 0.649306 0 0.0180556 0
0 0.477083 0.5 0.118056 1
0 0.345833 0 0.0166667 0
0 0.803472 0 0.0180556 0
0 0.648611 0 0.0166667 0
0 0.476389 0.5 0.119444 1
0 0.345833 0 0.0166667 0
0 0.804167 0 0.0194444 0
0 0.649306 0 0.0180556 0
0 0.478472 0.5 0.120833 1
0 0.345833 0 0.0166667 0
0 0.804861 0 0.0208333 0
0 0.65 0 0.0194444 0
0 0.479861 0.5 0.123611 1
0 0.345833 0 0.0166667 0
0 0.805556 0 0.0194444 0
0 0.649306 0 0.0180556 0
0 0.479861 0.5 0.126389 1
0 0.345833 0 0.0166667 0
0 0.805556 0 0.0194444 0
0 0.483333 0.5 0.127778 1
0 0.65 0 0.0166667 0
0 0.345833 0 0.0166667 0
0 0.805556 0 0.0194444 0
0 0.484028 0.5 0.129167 1
0 0.65 0 0.0166667 0
0 0.345833 0 0.0166667 0
0 0.805556 0 0.0194444 0
0 0.484722 0.5 0.130556 1
0 0.65 0 0.0166667 0
0 0.346528 0 0.0180556 0
0 0.554861 0 0.0430556 0
0 0.805556 0 0.0194444 0
0 0.485417 0.5 0.131944 1
0 0.346528 0 0.0180556 0
0 0.65 0 0.0166667 0
0 0.554861 0 0.0430556 0
0 0.189583 0 0.0180556 0
0 0.805556 0 0.0194444 0
0 0.650694 0 0.0180556 0
0 0.486806 0.5 0.131944 1
0 0.345833 0 0.0166667 0
0 0.189583 0 0.0180556 0
0 0.805556 0 0.0194444 0
0 0.492361 0.5 0.115278 1
0 0.650694 0 0.0180556 0
0 0.346528 0 0.0180556 0
0 0.554861 0 0.0430556 0
0 0.189583 0 0.0180556 0
0 0.80625 0 0.0180556 0
0 0.486111 0.5 0.127778 1
0 0.650694 0 0.0180556 0
0 0.345833 0 0.0194444 0
0 0.188889 0 0.0194444 0
0 0.554861 0 0.0430556 0
0 0.806944 0 0.0194444 0
0 0.4875 0.5 0.127778 1
0 0.650694 0 0.0180556 0
0 0.345833 0 0.0194444 0
0 0.188889 0 0.0166667 0
0 0.806944 0 0.0194444 0
0 0.4875 0.5 0.127778 1
0 0.345139 0 0.0180556 0
0 0.651389 0 0.0194444 0
0 0.555556 0 0.0416667 0
0 0.188889 0 0.0166667 0
0 0.806944 0 0.0194444 0
0 0.486111 0.5 0.127778 1
0 0.345139 0 0.0180556 0
0 0.651389 0 0.0194444 0
0 0.188194 0 0.0180556 0
0 0.555556 0 0.0416667 0
0 0.806944 0 0.0194444 0
0 0.484722 0.5 0.127778 1
0 0.345139 0 0.0180556 0
0 0.651389 0 0.0194444 0
0 0.188194 0 0.0180556 0
0 0.555556 0 0.0416667 0
0 0.806944 0 0.0194444 0
0 0.346528 0 0.0180556 0
0 0.484722 0.5 0.127778 1
0 0.651389 0 0.0194444 0
0 0.555556 0 0.0416667 0
0 0.188194 0 0.0180556 0
0 0.806944 0 0.0194444 0
0 0.484028 0.5 0.126389 1
0 0.345139 0 0.0180556 0
0 0.651389 0 0.0194444 0
0 0.555556 0 0.0416667 0
0 0.807639 0 0.0208333 0
0 0.188194 0 0.0180556 0
0 0.484028 0.5 0.126389 1
0 0.345833 0 0.0194444 0
0 0.652083 0 0.0180556 0
0 0.555556 0 0.0416667 0
0 0.809028 0 0.0208333 0
0 0.188194 0 0.0180556 0
0 0.482639 0.5 0.126389 1
0 0.345139 0 0.0180556 0
0 0.652083 0 0.0180556 0
0 0.188194 0 0.0180556 0
0 0.555556 0 0.0416667 0
0 0.808333 0 0.0194444 0
0 0.345139 0 0.0180556 0
0 0.482639 0.5 0.126389 1
0 0.652083 0 0.0180556 0
0 0.186806 0 0.0180556 0
0 0.555556 0 0.0416667 0
0 0.808333 0 0.0194444 0
0 0.345139 0 0.0180556 0
0 0.484028 0.5 0.129167 1
0 0.652083 0 0.0180556 0
0 0.555556 0 0.0416667 0
0 0.809028 0 0.0208333 0
0 0.345833 0 0.0194444 0
0 0.484722 0.5 0.130556 1
0 0.652778 0 0.0194444 0
0 0.555556 0 0.0416667 0
0 0.809028 0 0.0208333 0
0 0.486111 0.5 0.133333 1
0 0.345833 0 0.0194444 0
0 0.652778 0 0.0194444 0
0 0.809028 0 0.0208333 0
0 0.486806 0.5 0.134722 1
0 0.345833 0 0.0194444 0
0 0.652778 0 0.0194444 0
0 0.555556 0 0.0416667 0
0 0.809028 0 0.0208333 0
0 0.345139 0 0.0180556 0
0 0.486111 0.5 0.136111 1
0 0.652778 0 0.0194444 0
0 0.809722 0 0.0194444 0
0 0.345833 0 0.0194444 0
0 0.488194 0.5 0.1375 1
0 0.653472 0 0.0208333 0
0 0.809722 0 0.0194444 0
0 0.345833 0 0.0194444 0
0 0.49375 0.5 0.120833 1
0 0.653472 0 0.0208333 0
0 0.811111 0 0.0194444 0
0 0.345139 0 0.0180556 0
0 0.49375 0.5 0.120833 1
0 0.653472 0 0.0208333 0
0 0.811111 0 0.0194444 0
0 0.345139 0 0.0208333 0
0 0.493056 0.5 0.122222 1
0 0.653472 0 0.0208333 0
0 0.811111 0 0.0194444 0
0 0.344444 0 0.0194444 0
0 0.49375 0.5 0.120833 1
0 0.653472 0 0.0208333 0
0 0.811111 0 0.0194444 0
0 0.344444 0 0.0194444 0
0 0.488194 0.5 0.1375 1
0 0.653472 0 0.0208333 0
0 0.458333 0 0.0305556 0
0 0.811806 0 0.0208333 0
0 0.344444 0 0.0194444 0
0 0.493056 0.5 0.122222 1
0 0.653472 0 0.0208333 0
0 0.8125 0 0.0194444 0
0 0.344444 0 0.0194444 0
0 0.486806 0.5 0.1375 1
0 0.653472 0 0.0208333 0
0 0.458333 0 0.0305556 0
0 0.811806 0 0.0208333 0
0 0.486806 0.5 0.1375 1
0 0.344444 0 0.0194444 0
0 0.654167 0 0.0194444 0
0 0.8125 0 0.0194444 0
0 0.345139 0 0.0180556 0
0 0.486806 0.5 0.1375 1
0 0.654167 0 0.0194444 0
0 0.8125 0 0.0194444 0
0 0.345139 0 0.0180556 0
0 0.4875 0.5 0.138889 1
0 0.654167 0 0.0222222 0
0 0.186806 0 0.0180556 0
0 0.8125 0 0.0194444 0
0 0.4875 0.5 0.141667 1
0 0.345139 0 0.0180556 0
0 0.654167 0 0.0194444 0
0 0.186806 0 0.0180556 0
0 0.459028 0 0.0319444 0
0 0.8125 0 0.0194444 0
0 0.4875 0.5 0.141667 1
0 0.345139 0 0.0180556 0
0 0.654167 0 0.0194444 0
0 0.811806 0 0.0180556 0
0 0.459028 0 0.0319444 0
0 0.186806 0 0.0180556 0
0 0.488194 0.5 0.143056 1
0 0.345139 0 0.0180556 0
0 0.654167 0 0.0194444 0
0 0.811806 0 0.0180556 0
0 0.488889 1 0.144444 0
0 0.345139 0 0.0180556 0
0 0.654167 0 0.0194444 0
0 0.186806 0 0.0180556 0
0 0.459028 0 0.0319444 0
0 0.811806 0 0.0180556 0
0 0.495139 1 0.126389 0
0 0.345139 0 0.0180556 0
0 0.654167 0 0.0194444 0
0 0.186806 0 0.0180556 0
0 0.459028 0 0.0319444 0
0 0.811806 0 0.0180556 0
0 0.495139 1 0.126389 0
0 0.345139 0 0.0180556 0
0 0.654167 0 0.0194444 0
0 0.459722 0 0.0333333 0
0 0.811806 0 0.0180556 0
0 0.495139 1 0.126389 0
0 0.345139 0 0.0180556 0
0 0.654167 0 0.0194444 0
0 0.460417 0 0.0375 0
0 0.813194 0 0.0180556 0
0 0.495139 1 0.126389 0
0 0.345139 0 0.0180556 0
0 0.654167 0 0.0194444 0
0 0.459722 0 0.0361111 0
0 0.813194 0 0.0180556 0
0 0.495833 1 0.127778 0
0 0.345139 0 0.0180556 0
0 0.654167 0 0.0194444 0
0 0.813194 0 0.0180556 0
0 0.495139 1 0.126389 0
0 0.344444 0 0.0166667 0
0 0.654167 0 0.0194444 0
0 0.557639 0 0.0430556 0
0 0.459722 0 0.0361111 0
0 0.813194 0 0.0180556 0
0 0.495139 1 0.126389 0
0 0.344444 0 0.0166667 0
0 0.654167 0 0.0194444 0
0 0.459028 0 0.0375 0
0 0.813194 0 0.0180556 0
0 0.495833 1 0.127778 0
0 0.344444 0 0.0166667 0
0 0.654167 0 0.0194444 0
0 0.459028 0 0.0347222 0
0 0.345139 0 0.0180556 0
0 0.813194 0 0.0180556 0
0 0.490972 1 0.143056 0
0 0.654861 0 0.0208333 0
0 0.813889 0 0.0194444 0
0 0.557639 0 0.0430556 0
0 0.459722 0 0.0361111 0
0 0.344444 0 0.0194444 0
0 0.488889 1 0.141667 0
0 0.654861 0 0.0208333 0
0 0.557639 0 0.0430556 0
0 0.459028 0 0.0347222 0
0 0.813889 0 0.0194444 0
0 0.344444 0 0.0194444 0
0 0.489583 1 0.143056 0
0 0.654861 0 0.0208333 0
0 0.557639 0 0.0430556 0
0 0.459028 0 0.0347222 0
0 0.34375 0 0.0180556 0
0 0.813194 0 0.0180556 0
0 0.489583 1 0.143056 0
0 0.654861 0 0.0208333 0
0 0.185417 0 0.0180556 0
0 0.558333 0 0.0444444 0
0 0.34375 0 0.0180556 0
0 0.459028 0 0.0347222 0
0 0.813889 0 0.0194444 0
0 0.489583 1 0.143056 0
0 0.654861 0 0.0208333 0
0 0.557639 0 0.0430556 0
0 0.34375 0 0.0180556 0
0 0.459028 0 0.0347222 0
0 0.813889 0 0.0194444 0
0 0.490278 1 0.144444 0
0 0.654861 0 0.0208333 0
0 0.185417 0 0.0180556 0
0 0.557639 0 0.0430556 0
0 0.458333 0 0.0333333 0
0 0.34375 0 0.0180556 0
0 0.814583 0 0.0180556 0
0 0.490278 1 0.144444 0
0 0.654861 0 0.0208333 0
0 0.185417 0 0.0180556 0
0 0.458333 0 0.0361111 0
0 0.34375 0 0.0180556 0
0 0.814583 0 0.0180556 0
0 0.558333 0 0.0444444 0
0 0.490278 1 0.144444 0
0 0.654861 0 0.0208333 0
0 0.185417 0 0.0180556 0
0 0.459028 0 0.0347222 0
0 0.34375 0 0.0180556 0
0 0.814583 0 0.0180556 0
0 0.558333 0 0.0444444 0
0 0.490278 1 0.147222 0
0 0.655556 0 0.0194444 0
0 0.185417 0 0.0180556 0
0 0.458333 0 0.0361111 0
0 0.814583 0 0.0180556 0
0 0.34375 0 0.0180556 0
0 0.490278 1 0.147222 0
0 0.558333 0 0.0444444 0
0 0.655556 0 0.0194444 0
0 0.185417 0 0.0180556 0
0 0.814583 0 0.0180556 0
0 0.34375 0 0.0180556 0
0 0.490278 1 0.147222 0
0 0.559028 0 0.0430556 0
0 0.655556 0 0.0194444 0
0 0.185417 0 0.0180556 0
0 0.499306 1 0.131944 0
0 0.815278 0 0.0194444 0
0 0.344444 0 0.0194444 0
0 0.558333 0 0.0444444 0
0 0.65625 0 0.0180556 0
0 0.185417 0 0.0180556 0
0 0.559028 0 0.0402778 0
0 0.815278 0 0.0194444 0
0 0.34375 0 0.0180556 0
0 0.5 1 0.133333 0
0 0.65625 0 0.0180556 0
0 0.185417 0 0.0180556 0
0 0.558333 0 0.0444444 0
0 0.815278 0 0.0194444 0
0 0.499306 1 0.131944 0
0 0.344444 0 0.0194444 0
0 0.65625 0 0.0180556 0
0 0.458333 0 0.0388889 0
0 0.185417 0 0.0180556 0
0 0.815278 0 0.0194444 0
0 0.34375 0 0.0180556 0
0 0.499306 1 0.131944 0
0 0.558333 0 0.0444444 0
0 0.65625 0 0.0180556 0
0 0.458333 0 0.0388889 0
0 0.185417 0 0.0180556 0
0 0.815278 0 0.0194444 0
0 0.34375 0 0.0180556 0
0 0.499306 1 0.131944 0
0 0.558333 0 0.0444444 0
0 0.65625 0 0.0180556 0
0 0.458333 0 0.0388889 0
0 0.185417 0 0.0180556 0
0 0.34375 0 0.0180556 0
0 0.815278 0 0.0194444 0
0 0.499306 1 0.131944 0
0 0.558333 0 0.0444444 0
0 0.65625 0 0.0180556 0
0 0.185417 0 0.0180556 0
0 0.558333 0 0.0444444 0
0 0.815278 0 0.0194444 0
0 0.499306 1 0.131944 0
0 0.34375 0 0.0180556 0
0 0.65625 0 0.0180556 0
0 0.459028 0 0.0375 0
0 0.185417 0 0.0180556 0
0 0.815278 0 0.0194444 0
0 0.344444 0 0.0194444 0
0 0.499306 1 0.131944 0
0 0.558333 0 0.0444444 0
0 0.65625 0 0.0180556 0
0 0.459028 0 0.0375 0
0 0.185417 0 0.0180556 0
0 0.815278 0 0.0194444 0
0 0.34375 0 0.0180556 0
0 0.499306 1 0.131944 0
0 0.559028 0 0.0430556 0
0 0.65625 0 0.0180556 0
0 0.185417 0 0.0180556 0
0 0.815278 0 0.0194444 0
0 0.499306 1 0.131944 0
0 0.558333 0 0.0444444 0
0 0.344444 0 0.0194444 0
0 0.65625 0 0.0180556 0
0 0.458333 0 0.0388889 0
0 0.185417 0 0.0180556 0
0 0.815278 0 0.0194444 0
0 0.499306 1 0.131944 0
0 0.558333 0 0.0444444 0
0 0.34375 0 0.0180556 0
0 0.65625 0 0.0180556 0
0 0.459028 0 0.0375 0
0 0.185417 0 0.0180556 0
0 0.815278 0 0.0194444 0
0 0.499306 1 0.131944 0
0 0.344444 0 0.0194444 0
0 0.558333 0 0.0444444 0
0 0.65625 0 0.0180556 0
0 0.458333 0 0.0388889 0
0 0.185417 0 0.0180556 0
0 0.815278 0 0.0194444 0
0 0.499306 1 0.131944 0
0 0.558333 0 0.0444444 0
0 0.34375 0 0.0180556 0
0 0.65625 0 0.0180556 0
0 0.185417 0 0.0180556 0
0 0.815278 0 0.0194444 0
0 0.499306 1 0.131944 0
0 0.344444 0 0.0194444 0
0 0.558333 0 0.0444444 0
0 0.65625 0 0.0180556 0
0 0.185417 0 0.0180556 0
0 0.815278 0 0.0194444 0
0 0.499306 1 0.131944 0
0 0.558333 0 0.0444444 0
0 0.34375 0 0.0180556 0
0 0.65625 0 0.0180556 0
0 0.459028 0 0.0375 0
0 0.185417 0 0.0180556 0
0 0.815278 0 0.0194444 0
0 0.558333 0 0.0416667 0
0 0.34375 0 0.0180556 0
0 0.499306 1 0.131944 0
0 0.65625 0 0.0180556 0
0 0.185417 0 0.0180556 0
0 0.815278 0 0.0194444 0
0 0.5 1 0.133333 0
0 0.558333 0 0.0444444 0
0 0.34375 0 0.0180556 0
0 0.65625 0 0.0180556 0
0 0.458333 0 0.0388889 0
0 0.815278 0 0.0194444 0
0 0.185417 0 0.0180556 0
0 0.5 1 0.133333 0
0 0.558333 0 0.0444444 0
0 0.34375 0 0.0180556 0
0 0.65625 0 0.0180556 0
0 0.458333 0 0.0388889 0
0 0.185417 0 0.0180556 0
0 0.558333 0 0.0416667 0
0 0.815278 0 0.0194444 0
0 0.34375 0 0.0180556 0
0 0.499306 1 0.131944 0
0 0.65625 0 0.0180556 0
0 0.459028 0 0.0375 0
0 0.185417 0 0.0180556 0
0 0.815278 0 0.0194444 0
0 0.558333 0 0.0416667 0
0 0.34375 0 0.0180556 0
0 0.499306 1 0.131944 0
0 0.65625 0 0.0180556 0
0 0.185417 0 0.0180556 0
0 0.558333 0 0.0416667 0
0 0.815278 0 0.0194444 0
0 0.34375 0 0.0180556 0
0 0.499306 1 0.131944 0
0 0.65625 0 0.0180556 0
0 0.459028 0 0.0375 0
0 0.815278 0 0.0194444 0
0 0.185417 0 0.0180556 0
0 0.499306 1 0.131944 0
0 0.344444 0 0.0194444 0
0 0.558333 0 0.0444444 0
0 0.65625 0 0.0180556 0
0 0.458333 0 0.0388889 0
0 0.185417 0 0.0180556 0
0 0.815278 0 0.0194444 0
0 0.34375 0 0.0180556 0
0 0.498611 1 0.133333 0
0 0.559028 0 0.0430556 0
0 0.65625 0 0.0180556 0
0 0.459028 0 0.0375 0
0 0.815278 0 0.0194444 0
0 0.185417 0 0.0180556 0
0 0.499306 1 0.131944 0
0 0.344444 0 0.0194444 0
0 0.558333 0 0.0444444 0
0 0.65625 0 0.0180556 0
0 0.459028 0 0.0375 0
0 0.185417 0 0.0180556 0
0 0.815278 0 0.0194444 0
0 0.499306 1 0.131944 0
0 0.558333 0 0.0444444 0
0 0.34375 0 0.0180556 0
0 0.65625 0 0.0180556 0
0 0.459028 0 0.0375 0
0 0.185417 0 0.0180556 0
0 0.815278 0 0.0194444 0
0 0.34375 0 0.0180556 0
0 0.498611 1 0.133333 0
0 0.559028 0 0.0430556 0
0 0.65625 0 0.0180556 0
0 0.459028 0 0.0375 0
0 0.815278 0 0.0194444 0
0 0.185417 0 0.0180556 0
0 0.499306 1 0.131944 0
0 0.344444 0 0.0194444 0
0 0.558333 0 0.0444444 0
0 0.65625 0 0.0180556 0
0 0.459028 0 0.0375 0
0 0.185417 0 0.0180556 0
0 0.815278 0 0.0194444 0
0 0.558333 0 0.0444444 0
0 0.499306 1 0.131944 0
0 0.34375 0 0.0180556 0
0 0.65625 0 0.0180556 0
0 0.459028 0 0.0375 0
0 0.185417 0 0.0180556 0
0 0.815278 0 0.0194444 0
0 0.559028 0 0.0458333 0
0 0.34375 0 0.0180556 0
0 0.499306 1 0.131944 0
0 0.65625 0 0.0180556 0
0 0.459028 0 0.0375 0
0 0.185417 0 0.0180556 0
0 0.815278 0 0.0194444 0
0 0.499306 1 0.131944 0
0 0.558333 0 0.0444444 0
0 0.34375 0 0.0180556 0
0 0.65625 0 0.0180556 0
0 0.459028 0 0.0375 0
0 0.815278 0 0.0194444 0
0 0.185417 0 0.0180556 0
0 0.498611 1 0.133333 0
0 0.344444 0 0.0194444 0
0 0.558333 0 0.0444444 0
0 0.65625 0 0.0180556 0
0 0.459028 0 0.0375 0
0 0.185417 0 0.0180556 0
0 0.815278 0 0.0194444 0
0 0.558333 0 0.0416667 0
0 0.34375 0 0.0180556 0
0 0.498611 1 0.133333 0
0 0.65625 0 0.0180556 0
0 0.185417 0 0.0180556 0
0 0.558333 0 0.0416667 0
0 0.815278 0 0.0194444 0
0 0.34375 0 0.0180556 0
0 0.499306 1 0.131944 0
0 0.65625 0 0.0180556 0
0 0.185417 0 0.0180556 0
0 0.559028 0 0.0402778 0
0 0.815278 0 0.0194444 0
0 0.34375 0 0.0180556 0
0 0.499306 1 0.131944 0
0 0.65625 0 0.0180556 0
0 0.185417 0 0.0180556 0
0 0.559028 0 0.0402778 0
0 0.815278 0 0.0194444 0
0 0.34375 0 0.0180556 0
0 0.499306 1 0.131944 0
0 0.65625 0 0.0180556 0
0 0.185417 0 0.0180556 0
0 0.815278 0 0.0194444 0
0 0.559028 0 0.0402778 0
0 0.34375 0 0.0180556 0
0 0.499306 1 0.131944 0
0 0.65625 0 0.0180556 0
0 0.458333 0 0.0388889 0
0 0.185417 0 0.0180556 0
0 0.815278 0 0.0194444 0
0 0.558333 0 0.0444444 0
0 0.5 1 0.133333 0
0 0.344444 0 0.0194444 0
0 0.65625 0 0.0208333 0
0 0.185417 0 0.0180556 0
0 0.558333 0 0.0416667 0
0 0.815278 0 0.0194444 0
0 0.34375 0 0.0180556 0
0 0.5 1 0.133333 0
0 0.65625 0 0.0180556 0
0 0.185417 0 0.0180556 0
0 0.559028 0 0.0402778 0
0 0.815278 0 0.0194444 0
0 0.344444 0 0.0194444 0
0 0.499306 1 0.131944 0
0 0.65625 0 0.0180556 0
0 0.185417 0 0.0180556 0
0 0.559028 0 0.0402778 0
0 0.815278 0 0.0194444 0
0 0.34375 0 0.0180556 0
0 0.499306 1 0.131944 0
0 0.65625 0 0.0180556 0
0 0.815278 0 0.0194444 0
0 0.459028 0 0.0375 0
0 0.185417 0 0.0180556 0
0 0.499306 1 0.131944 0
0 0.344444 0 0.0194444 0
0 0.558333 0 0.0444444 0
0 0.65625 0 0.0180556 0
0 0.815278 0 0.0194444 0
0 0.458333 0 0.0361111 0
0 0.185417 0 0.0180556 0
0 0.498611 1 0.133333 0
0 0.344444 0 0.0194444 0
0 0.558333 0 0.0444444 0
0 0.65625 0 0.0180556 0
0 0.459028 0 0.0375 0
0 0.815278 0 0.0194444 0
0 0.185417 0 0.0180556 0
0 0.5 1 0.133333 0
0 0.558333 0 0.0444444 0
0 0.34375 0 0.0180556 0
0 0.65625 0 0.0180556 0
0 0.458333 0 0.0361111 0
0 0.815278 0 0.0194444 0
0 0.185417 0 0.0180556 0
0 0.499306 1 0.131944 0
0 0.558333 0 0.0444444 0
0 0.34375 0 0.0180556 0
0 0.65625 0 0.0180556 0
0 0.458333 0 0.0388889 0
0 0.815278 0 0.0194444 0
0 0.185417 0 0.0180556 0
0 0.499306 1 0.131944 0
0 0.558333 0 0.0444444 0
0 0.34375 0 0.0180556 0
0 0.65625 0 0.0180556 0
0 0.459028 0 0.0375 0
0 0.815278 0 0.0194444 0
0 0.185417 0 0.0180556 0
0 0.499306 1 0.131944 0
0 0.558333 0 0.0444444 0
0 0.34375 0 0.0180556 0
0 0.65625 0 0.0180556 0
0 0.459028 0 0.0375 0
0 0.815278 0 0.0194444 0
0 0.185417 0 0.0180556 0
0 0.499306 1 0.131944 0
0 0.558333 0 0.0444444 0
0 0.34375 0 0.0180556 0
0 0.65625 0 0.0180556 0
0 0.458333 0 0.0388889 0
0 0.815278 0 0.0194444 0
0 0.185417 0 0.0180556 0
0 0.499306 1 0.131944 0
0 0.34375 0 0.0180556 0
0 0.558333 0 0.0444444 0
0 0.65625 0 0.0180556 0
0 0.559028 0 0.0402778 0
0 0.185417 0 0.0180556 0
0 0.815278 0 0.0194444 0
0 0.499306 1 0.131944 0
0 0.34375 0 0.0180556 0
0 0.65625 0 0.0180556 0
0 0.458333 0 0.0361111 0
0 0.815278 0 0.0194444 0
0 0.185417 0 0.0180556 0
0 0.5 1 0.133333 0
0 0.558333 0 0.0444444 0
0 0.34375 0 0.0180556 0
0 0.65625 0 0.0180556 0
0 0.459028 0 0.0375 0
0 0.559028 0 0.0402778 0
0 0.185417 0 0.0180556 0
0 0.815278 0 0.0194444 0
0 0.499306 1 0.131944 0
0 0.34375 0 0.0180556 0
0 0.65625 0 0.0180556 0
0 0.459028 0 0.0375 0
0 0.185417 0 0.0180556 0
0 0.815278 0 0.0194444 0
0 0.558333 0 0.0444444 0
0 0.499306 1 0.131944 0
0 0.34375 0 0.0180556 0
0 0.65625 0 0.0180556 0
0 0.459028 0 0.0375 0
0 0.815278 0 0.0194444 0
0 0.185417 0 0.0180556 0
0 0.558333 0 0.0444444 0
0 0.498611 1 0.133333 0
0 0.34375 0 0.0180556 0
0 0.65625 0 0.0180556 0
0 0.459028 0 0.0375 0
0 0.815278 0 0.0194444 0
0 0.185417 0 0.0180556 0
0 0.5 1 0.133333 0
0 0.558333 0 0.0444444 0
0 0.34375 0 0.0180556 0
0 0.65625 0 0.0180556 0
0 0.459028 0 0.0375 0
0 0.815278 0 0.0194444 0
0 0.185417 0 0.0180556 0
0 0.5 1 0.133333 0
0 0.558333 0 0.0444444 0
0 0.34375 0 0.0180556 0
0 0.65625 0 0.0180556 0
0 0.458333 0 0.0388889 0
0 0.558333 0 0.0444444 0
0 0.815278 0 0.0194444 0
0 0.185417 0 0.0180556 0
0 0.5 1 0.133333 0
0 0.34375 0 0.0180556 0
0 0.65625 0 0.0180556 0
0 0.459028 0 0.0375 0
0 0.815278 0 0.0194444 0
0 0.185417 0 0.0180556 0
0 0.5 1 0.133333 0
0 0.558333 0 0.0444444 0
0 0.34375 0 0.0180556 0
0 0.65625 0 0.0180556 0
0 0.459028 0 0.0375 0
0 0.815278 0 0.0194444 0
0 0.185417 0 0.0180556 0
0 0.5 1 0.133333 0
0 0.558333 0 0.0444444 0
0 0.34375 0 0.0180556 0
0 0.65625 0 0.0180556 0
0 0.459028 0 0.0375 0
0 0.815278 0 0.0194444 0
0 0.185417 0 0.0180556 0
0 0.558333 0 0.0444444 0
0 0.5 1 0.133333 0
0 0.34375 0 0.0180556 0
0 0.65625 0 0.0180556 0
0 0.458333 0 0.0388889 0
0 0.815278 0 0.0194444 0
0 0.185417 0 0.0180556 0
0 0.34375 0 0.0180556 0
0 0.5 1 0.133333 0
0 0.558333 0 0.0444444 0
0 0.65625 0 0.0180556 0
0 0.459028 0 0.0375 0
0 0.815278 0 0.0194444 0
0 0.185417 0 0.0180556 0
0 0.5 1 0.133333 0
0 0.558333 0 0.0444444 0
0 0.34375 0 0.0180556 0
0 0.65625 0 0.0180556 0
0 0.459028 0 0.0375 0
0 0.185417 0 0.0180556 0
0 0.815278 0 0.0194444 0
0 0.558333 0 0.0416667 0
0 0.5 1 0.133333 0
0 0.34375 0 0.0180556 0
0 0.65625 0 0.0180556 0
0 0.459028 0 0.0375 0
0 0.815278 0 0.0194444 0
0 0.185417 0 0.0180556 0
0 0.34375 0 0.0180556 0
0 0.498611 1 0.133333 0
0 0.558333 0 0.0444444 0
0 0.65625 0 0.0180556 0
0 0.558333 0 0.0416667 0
0 0.185417 0 0.0180556 0
0 0.34375 0 0.0180556 0
0 0.815278 0 0.0194444 0
0 0.499306 1 0.131944 0
0 0.65625 0 0.0180556 0
0 0.558333 0 0.0416667 0
0 0.185417 0 0.0180556 0
0 0.5 1 0.133333 0
0 0.815278 0 0.0194444 0
0 0.34375 0 0.0180556 0
0 0.65625 0 0.0180556 0
0 0.459028 0 0.0375 0
0 0.815278 0 0.0194444 0
0 0.185417 0 0.0180556 0
0 0.558333 0 0.0444444 0
0 0.499306 1 0.131944 0
0 0.34375 0 0.0180556 0
0 0.65625 0 0.0180556 0
0 0.458333 0 0.0361111 0
0 0.815278 0 0.0194444 0
0 0.185417 0 0.0180556 0
0 0.344444 0 0.0194444 0
0 0.499306 1 0.131944 0
0 0.558333 0 0.0444444 0
0 0.65625 0 0.0180556 0
0 0.459028 0 0.0375 0
0 0.185417 0 0.0180556 0
0 0.815278 0 0.0194444 0
0 0.499306 1 0.131944 0
0 0.559028 0 0.0430556 0
0 0.34375 0 0.0180556 0
0 0.65625 0 0.0180556 0
0 0.559028 0 0.0402778 0
0 0.185417 0 0.0180556 0
0 0.815278 0 0.0194444 0
0 0.499306 1 0.131944 0
0 0.34375 0 0.0180556 0
0 0.65625 0 0.0180556 0
0 0.185417 0 0.0180556 0
0 0.558333 0 0.0444444 0
0 0.815278 0 0.0194444 0
0 0.499306 1 0.131944 0
0 0.34375 0 0.0180556 0
0 0.65625 0 0.0180556 0
0 0.558333 0 0.0416667 0
0 0.185417 0 0.0180556 0
0 0.815278 0 0.0194444 0
0 0.499306 1 0.131944 0
0 0.34375 0 0.0180556 0
0 0.65625 0 0.0180556 0
0 0.459028 0 0.0375 0
0 0.815278 0 0.0194444 0
0 0.185417 0 0.0180556 0
0 0.499306 1 0.131944 0
0 0.558333 0 0.0444444 0
0 0.34375 0 0.0180556 0
0 0.65625 0 0.0180556 0
0 0.459028 0 0.0375 0
0 0.185417 0 0.0180556 0
0 0.815278 0 0.0194444 0
0 0.558333 0 0.0444444 0
0 0.499306 1 0.131944 0
0 0.34375 0 0.0180556 0
0 0.65625 0 0.0180556 0
0 0.459028 0 0.0375 0
0 0.185417 0 0.0180556 0
0 0.815278 0 0.0194444 0
0 0.558333 0 0.0444444 0
0 0.499306 1 0.131944 0
0 0.34375 0 0.0180556 0
0 0.65625 0 0.0180556 0
0 0.459028 0 0.0375 0
0 0.185417 0 0.0180556 0
0 0.815278 0 0.0194444 0
0 0.5 1 0.133333 0
0 0.558333 0 0.0444444 0
0 0.34375 0 0.0180556 0
0 0.65625 0 0.0180556 0
0 0.459028 0 0.0375 0
0 0.185417 0 0.0180556 0
0 0.815278 0 0.0194444 0
0 0.5 1 0.133333 0
0 0.558333 0 0.0444444 0
0 0.34375 0 0.0180556 0
0 0.65625 0 0.0180556 0
0 0.458333 0 0.0388889 0
0 0.815278 0 0.0194444 0
0 0.185417 0 0.0180556 0
0 0.5 1 0.133333 0
0 0.558333 0 0.0444444 0
0 0.34375 0 0.0180556 0
0 0.65625 0 0.0180556 0
0 0.458333 0 0.0388889 0
0 0.185417 0 0.0180556 0
0 0.815278 0 0.0194444 0
0 0.34375 0 0.0180556 0
0 0.5 1 0.133333 0
0 0.558333 0 0.0444444 0
0 0.65625 0 0.0180556 0
0 0.458333 0 0.0388889 0
0 0.185417 0 0.0180556 0
0 0.815278 0 0.0194444 0
0 0.558333 0 0.0416667 0
0 0.5 1 0.133333 0
0 0.34375 0 0.0180556 0
0 0.65625 0 0.0180556 0
0 0.459028 0 0.0375 0
0 0.815278 0 0.0194444 0
0 0.185417 0 0.0180556 0
0 0.5 1 0.133333 0
0 0.344444 0 0.0194444 0
0 0.558333 0 0.0444444 0
0 0.65625 0 0.0180556 0
0 0.459028 0 0.0375 0
0 0.815278 0 0.0194444 0
0 0.185417 0 0.0180556 0
0 0.5 1 0.133333 0
0 0.344444 0 0.0194444 0
0 0.558333 0 0.0444444 0
0 0.65625 0 0.0180556 0
0 0.459028 0 0.0375 0
0 0.815278 0 0.0194444 0
0 0.185417 0 0.0180556 0
0 0.5 1 0.133333 0
0 0.344444 0 0.0194444 0
0 0.558333 0 0.0444444 0
0 0.65625 0 0.0180556 0
0 0.459028 0 0.0375 0
0 0.815278 0 0.0194444 0
0 0.185417 0 0.0180556 0
0 0.5 1 0.133333 0
0 0.344444 0 0.0194444 0
0 0.558333 0 0.0444444 0
0 0.65625 0 0.0180556 0
0 0.459028 0 0.0375 0
0 0.815278 0 0.0194444 0
0 0.185417 0 0.0180556 0
0 0.5 1 0.133333 0
0 0.344444 0 0.0194444 0
0 0.558333 0 0.0444444 0
0 0.65625 0 0.0180556 0
0 0.459028 0 0.0375 0
0 0.815278 0 0.0194444 0
0 0.185417 0 0.0180556 0
0 0.5 1 0.133333 0
0 0.344444 0 0.0194444 0
0 0.558333 0 0.0444444 0
0 0.65625 0 0.0180556 0
0 0.459028 0 0.0375 0
0 0.815278 0 0.0194444 0
0 0.185417 0 0.0180556 0
0 0.5 1 0.133333 0
0 0.344444 0 0.0194444 0
0 0.558333 0 0.0444444 0
0 0.65625 0 0.0180556 0
0 0.459028 0 0.0375 0
0 0.815278 0 0.0194444 0
0 0.185417 0 0.0180556 0
0 0.5 1 0.133333 0
0 0.344444 0 0.0194444 0
0 0.558333 0 0.0444444 0
0 0.65625 0 0.0180556 0
0 0.459028 0 0.0375 0
0 0.815278 0 0.0194444 0
0 0.185417 0 0.0180556 0
0 0.5 1 0.133333 0
0 0.344444 0 0.0194444 0
0 0.558333 0 0.0444444 0
0 0.65625 0 0.0180556 0
0 0.459028 0 0.0375 0
0 0.815278 0 0.0194444 0
0 0.185417 0 0.0180556 0
0 0.5 1 0.133333 0
0 0.344444 0 0.0194444 0
0 0.558333 0 0.0444444 0
0 0.65625 0 0.0180556 0
0 0.459028 0 0.0375 0
0 0.815278 0 0.0194444 0
0 0.185417 0 0.0180556 0
0 0.5 1 0.133333 0
0 0.344444 0 0.0194444 0
0 0.558333 0 0.0444444 0
0 0.65625 0 0.0180556 0
0 0.459028 0 0.0375 0
0 0.815278 0 0.0194444 0
0 0.185417 0 0.0180556 0
0 0.5 1 0.133333 0
0 0.344444 0 0.0194444 0
0 0.558333 0 0.0444444 0
0 0.65625 0 0.0180556 0
0 0.459028 0 0.0375 0
0 0.815278 0 0.0194444 0
0 0.185417 0 0.0180556 0
0 0.5 1 0.133333 0
0 0.344444 0 0.0194444 0
0 0.558333 0 0.0444444 0
0 0.65625 0 0.0180556 0
0 0.459028 0 0.0375 0
0 0.815278 0 0.0194444 0
0 0.185417 0 0.0180556 0
0 0.5 1 0.133333 0
0 0.344444 0 0.0194444 0
0 0.558333 0 0.0444444 0
0 0.65625 0 0.0180556 0
0 0.459028 0 0.0375 0
0 0.815278 0 0.0194444 0
0 0.185417 0 0.0180556 0
0 0.5 1 0.133333 0
0 0.344444 0 0.0194444 0
0 0.558333 0 0.0444444 0
0 0.65625 0 0.0180556 0
0 0.459028 0 0.0375 0
0 0.815278 0 0.0194444 0
0 0.185417 0 0.0180556 0
0 0.5 1 0.133333 0
0 0.344444 0 0.0194444 0
0 0.558333 0 0.0444444 0
0 0.65625 0 0.0180556 0
0 0.459028 0 0.0375 0
0 0.815278 0 0.0194444 0
0 0.185417 0 0.0180556 0
0 0.5 1 0.133333 0
0 0.344444 0 0.0194444 0
0 0.558333 0 0.0444444 0
0 0.65625 0 0.0180556 0
0 0.459028 0 0.0375 0
0 0.815278 0 0.0194444 0
0 0.185417 0 0.0180556 0
0 0.5 1 0.133333 0
0 0.344444 0 0.0194444 0
0 0.558333 0 0.0444444 0
0 0.65625 0 0.0180556 0
0 0.459028 0 0.0375 0
0 0.815278 0 0.0194444 0
0 0.185417 0 0.0180556 0
0 0.5 1 0.133333 0
0 0.344444 0 0.0194444 0
0 0.558333 0 0.0444444 0
0 0.65625 0 0.0180556 0
0 0.459028 0 0.0375 0
0 0.815278 0 0.0194444 0
0 0.185417 0 0.0180556 0
0 0.5 1 0.133333 0
0 0.344444 0 0.0194444 0
0 0.558333 0 0.0444444 0
0 0.65625 0 0.0180556 0
0 0.459028 0 0.0375 0
0 0.815278 0 0.0194444 0
0 0.185417 0 0.0180556 0
0 0.5 1 0.133333 0
0 0.344444 0 0.0194444 0
0 0.558333 0 0.0444444 0
0 0.65625 0 0.0180556 0
0 0.459028 0 0.0375 0
0 0.815278 0 0.0194444 0
0 0.185417 0 0.0180556 0
0 0.5 1 0.133333 0
0 0.344444 0 0.0194444 0
0 0.558333 0 0.0444444 0
0 0.65625 0 0.0180556 0
0 0.459028 0 0.0375 0
0 0.815278 0 0.0194444 0
0 0.185417 0 0.0180556 0
0 0.5 1 0.133333 0
0 0.344444 0 0.0194444 0
0 0.558333 0 0.0444444 0
0 0.65625 0 0.0180556 0
0 0.459028 0 0.0375 0
0 0.815278 0 0.0194444 0
0 0.185417 0 0.0180556 0
0 0.5 1 0.133333 0
0 0.344444 0 0.0194444 0
0 0.558333 0 0.0444444 0
0 0.65625 0 0.0180556 0
0 0.459028 0 0.0375 0
0 0.815278 0 0.0194444 0
0 0.185417 0 0.0180556 0
0 0.5 1 0.133333 0
0 0.344444 0 0.0194444 0
0 0.558333 0 0.0444444 0
0 0.65625 0 0.0180556 0
0 0.459028 0 0.0375 0
0 0.815278 0 0.0194444 0
0 0.185417 0 0.0180556 0
0 0.5 1 0.133333 0
0 0.344444 0 0.0194444 0
0 0.558333 0 0.0444444 0
0 0.65625 0 0.0180556 0
