0 0.449306 0 0.0208333 0
0 0.449306 0 0.0208333 0
0 0.449306 0 0.0208333 0
0 0.449306 0 0.0208333 0
0 0.449306 0 0.0208333 0
0 0.449306 0 0.0208333 0
0 0.449306 0 0.0208333 0
0 0.449306 0 0.0208333 0
0 0.448611 0 0.0222222 0
0 0.448611 0 0.0222222 0
0 0.448611 0 0.0222222 0
0 0.449306 0 0.0208333 0
0 0.448611 0 0.0222222 0
0 0.448611 0 0.0222222 0
0 0.448611 0 0.0222222 0
0 0.448611 0 0.0222222 0
0 0.448611 0 0.0222222 0
0 0.448611 0 0.0222222 0
0 0.448611 0 0.0222222 0
0 0.448611 0 0.0222222 0
0 0.448611 0 0.0222222 0
0 0.448611 0 0.0222222 0
0 0.448611 0 0.0222222 0
0 0.448611 0 0.0222222 0
0 0.448611 0 0.0222222 0
0 0.448611 0 0.0222222 0
0 0.448611 0 0.0222222 0
0 0.448611 0 0.0222222 0
0 0.448611 0 0.0222222 0
0 0.448611 0 0.0222222 0
0 0.448611 0 0.0222222 0
0 0.448611 0 0.0222222 0
0 0.448611 0 0.0222222 0
0 0.448611 0 0.0222222 0
0 0.448611 0 0.0222222 0
0 0.448611 0 0.0222222 0
0 0.448611 0 0.0222222 0
0 0.448611 0 0.0222222 0
0 0.448611 0 0.0222222 0
0 0.449306 0 0.0208333 0
0 0.448611 0 0.0222222 0
0 0.447917 0 0.0208333 0
0 0.447222 0 0.0222222 0
0 0.447222 0 0.0222222 0
0 0.447222 0 0.0222222 0
0 0.446528 0 0.0208333 0
0 0.445833 0.5 0.0222222 1
0 0.445139 0.5 0.0208333 1
0 0.445139 0.5 0.0208333 1
0 0.445139 0.5 0.0208333 1
0 0.444444 0.5 0.0194444 1
0 0.44375 0.5 0.0208333 1
0 0.441667 0.5 0.0222222 1
0 0.441667 0.5 0.0222222 1
0 0.440278 0.5 0.0222222 1
0 0.439583 0.5 0.0208333 1
0 0.438889 0.5 0.0194444 1
0 0.438194 0.5 0.0208333 1
0 0.436111 0.5 0.0222222 1
0 0.434722 0.5 0.0222222 1
0 0.434722 0.5 0.0222222 1
0 0.432639 0.5 0.0208333 1
0 0.43125 0 0.0208333 0
0 0.429861 0 0.0208333 0
0 0.429167 0 0.0222222 0
0 0.429167 0 0.0222222 0
0 0.429167 0 0.0222222 0
0 0.429167 0 0.0222222 0
0 0.432639 0 0.0208333 0
0 0.433333 0 0.0222222 0
0 0.436111 0 0.0222222 0
0 0.439583 0 0.0208333 0
0 0.439583 0 0.0208333 0
0 0.439583 0 0.0208333 0
0 0.441667 0 0.0222222 0
0 0.442361 0 0.0208333 0
0 0.44375 0 0.0208333 0
0 0.444444 0 0.0194444 0
0 0.445139 0 0.0208333 0
0 0.445833 0 0.0222222 0
0 0.445833 0 0.0222222 0
0 0.445833 0 0.0222222 0
0 0.447222 0 0.0222222 0
0 0.447222 0 0.0222222 0
0 0.447222 0 0.0222222 0
0 0.447222 0 0.0222222 0
0 0.447917 0 0.0208333 0
0 0.448611 0 0.0222222 0
0 0.448611 0 0.0222222 0
0 0.448611 0 0.0222222 0
0 0.449306 0 0.0208333 0
0 0.45 0 0.0194444 0
0 0.451389 0 0.0194444 0
0 0.452083 0 0.0208333 0
0 0.452083 0 0.0208333 0
0 0.452083 0 0.0208333 0
0 0.452778 0 0.0222222 0
0 0.453472 0 0.0208333 0
0 0.454167 0 0.0222222 0
0 0.454167 0 0.0222222 0
0 0.455556 0 0.0222222 0
0 0.455556 0 0.0222222 0
0 0.455556 0 0.0222222 0
0 0.455556 0 0.0222222 0
0 0.455556 0 0.0222222 0
0 0.454861 0 0.0208333 0
0 0.452083 0 0.0208333 0
0 0.45 0 0.0194444 0
0 0.447917 0 0.0208333 0
0 0.445833 0 0.0222222 0
0 0.445139 0 0.0208333 0
0 0.444444 0 0.0194444 0
0 0.44375 0 0.0208333 0
0 0.443056 0 0.0222222 0
0 0.443056 0 0.0222222 0
0 0.440972 0 0.0208333 0
0 0.439583 0 0.0208333 0
0 0.439583 0 0.0208333 0
0 0.438194 0 0.0208333 0
0 0.438194 0 0.0208333 0
0 0.436806 0 0.0208333 0
0 0.436111 0 0.0222222 0
0 0.434722 0 0.0222222 0
0 0.434722 0 0.0222222 0
0 0.434722 0 0.0222222 0
0 0.434028 0 0.0208333 0
0 0.433333 0 0.0222222 0
0 0.432639 0 0.0208333 0
0 0.432639 0 0.0208333 0
0 0.431944 0 0.0194444 0
0 0.43125 0 0.0208333 0
0 0.430556 0 0.0222222 0
0 0.429167 0 0.0222222 0
0 0.429167 0 0.0222222 0
0 0.427778 0 0.0222222 0
0 0.427778 0 0.0222222 0
0 0.427083 0 0.0208333 0
0 0.427083 0 0.0208333 0
0 0.426389 0 0.0222222 0
0 0.425694 0 0.0208333 0
0 0.425 0 0.0194444 0
0 0.423611 0 0.0222222 0
0 0.422222 0 0.0222222 0
0 0.422222 0 0.0222222 0
0 0.422222 0 0.0222222 0
0 0.420833 0 0.0222222 0
0 0.420833 0 0.0222222 0
0 0.422917 0 0.0208333 0
0 0.423611 0 0.0222222 0
0 0.423611 0 0.0222222 0
0 0.425694 0 0.0208333 0
0 0.427778 0 0.0222222 0
0 0.427778 0 0.0222222 0
0 0.427778 0 0.0222222 0
0 0.427778 0 0.0222222 0
0 0.427778 0 0.0222222 0
0 0.427778 0 0.0222222 0
0 0.428472 0 0.0236111 0
0 0.429167 0 0.0222222 0
0 0.429167 0 0.0222222 0
0 0.429167 0 0.0222222 0
0 0.429167 0 0.0222222 0
0 0.429167 0 0.0222222 0
0 0.429167 0 0.0222222 0
0 0.429167 0 0.0222222 0
0 0.429167 0 0.0222222 0
0 0.429861 0 0.0236111 0
0 0.429861 0 0.0236111 0
0 0.429167 0 0.0222222 0
0 0.429167 0 0.0222222 0
0 0.429167 0 0.0222222 0
0 0.429861 0 0.0236111 0
0 0.429861 0 0.0236111 0
0 0.429861 0 0.0236111 0
0 0.430556 0 0.0222222 0
0 0.43125 0 0.0236111 0
0 0.430556 0 0.0222222 0
0 0.430556 0 0.0222222 0
0 0.430556 0 0.0222222 0
0 0.43125 0 0.0208333 0
0 0.43125 0 0.0236111 0
0 0.43125 0 0.0236111 0
0 0.43125 0 0.0208333 0
0 0.43125 0 0.0208333 0
0 0.430556 0 0.0222222 0
0 0.429861 0 0.0236111 0
0 0.429167 0 0.025 0
0 0.428472 0 0.0236111 0
0 0.427083 0 0.0236111 0
0 0.425694 0 0.0236111 0
0 0.423611 0 0.025 0
0 0.422917 0 0.0236111 0
0 0.422222 0 0.025 0
0 0.422222 0 0.025 0
0 0.422222 0 0.025 0
0 0.422222 0 0.025 0
0 0.421528 0 0.0236111 0
0 0.421528 0 0.0236111 0
0 0.420139 0 0.0236111 0
0 0.420139 0 0.0236111 0
0 0.41875 0 0.0236111 0
0 0.41875 0 0.0236111 0
0 0.41875 0 0.0236111 0
0 0.418056 0 0.0222222 0
0 0.417361 0 0.0263889 0
0 0.416667 0 0.025 0
0 0.416667 0 0.025 0
0 0.416667 0 0.025 0
0 0.416667 0 0.025 0
0 0.415278 0 0.025 0
0 0.415278 0 0.025 0
0 0.415278 0 0.025 0
0 0.413889 0 0.025 0
0 0.413889 0 0.025 0
0 0.413889 0 0.025 0
0 0.413194 0 0.0236111 0
0 0.4125 0 0.025 0
0 0.411111 0 0.025 0
0 0.411111 0 0.025 0
0 0.411111 0 0.025 0
0 0.411111 0 0.025 0
0 0.410417 0 0.0263889 0
0 0.410417 0 0.0263889 0
0 0.410417 0 0.0263889 0
0 0.411111 0 0.025 0
0 0.411111 0 0.025 0
0 0.4125 0 0.025 0
0 0.413889 0 0.025 0
0 0.414583 0 0.0263889 0
0 0.414583 0 0.0263889 0
0 0.415278 0 0.025 0
0 0.415278 0 0.025 0
0 0.415278 0 0.025 0
0 0.415972 0 0.0263889 0
0 0.415972 0 0.0263889 0
0 0.415972 0 0.0263889 0
0 0.415972 0 0.0263889 0
0 0.415972 0 0.0263889 0
0 0.417361 0 0.0263889 0
0 0.415972 0 0.0263889 0
0 0.415972 0 0.0263889 0
0 0.415972 0 0.0263889 0
0 0.415972 0 0.0263889 0
0 0.415972 0 0.0263889 0
0 0.416667 0 0.0277778 0
0 0.416667 0 0.0277778 0
0 0.417361 0 0.0263889 0
0 0.416667 0 0.0277778 0
0 0.416667 0 0.0277778 0
0 0.417361 0 0.0263889 0
0 0.417361 0 0.0263889 0
0 0.417361 0 0.0263889 0
0 0.417361 0 0.0263889 0
0 0.417361 0 0.0263889 0
0 0.417361 0 0.0263889 0
0 0.417361 0 0.0263889 0
0 0.418056 0 0.025 0
0 0.418056 0 0.025 0
0 0.418056 0 0.025 0
0 0.418056 0 0.025 0
0 0.417361 0 0.0263889 0
0 0.417361 0 0.0263889 0
0 0.417361 0 0.0263889 0
0 0.416667 0 0.025 0
0 0.416667 0 0.025 0
0 0.415972 0 0.0263889 0
0 0.415972 0 0.0263889 0
0 0.415972 0 0.0263889 0
0 0.416667 0 0.0277778 0
0 0.419444 0 0.025 0
0 0.419444 0 0.025 0
0 0.454167 0 0.0333333 0
0 0.425 0 0.025 0
0 0.427778 0 0.025 0
0 0.429861 0 0.0263889 0
0 0.433333 0 0.025 0
0 0.4375 0 0.025 0
0 0.444444 0 0.025 0
0 0.451389 0 0.025 0
0 0.451389 0 0.025 0
0 0.4625 0 0.025 0
0 0.465278 0 0.025 0
0 0.473611 0 0.025 0
0 0.48125 0 0.0236111 0
0 0.489583 0 0.0236111 0
0 0.489583 0 0.0236111 0
0 0.495833 0 0.025 0
0 0.515972 0 0.0236111 0
0 0.515972 0 0.0236111 0
0 0.522917 0 0.0236111 0
0 0.529167 0 0.025 0
0 0.539583 0 0.0236111 0
0 0.546528 0 0.0236111 0
0 0.556944 0 0.025 0
0 0.570139 0 0.0236111 0
0 0.589583 0 0.0236111 0
0 0.597917 0 0.0236111 0
0 0.604861 0 0.0236111 0
0 0.615278 0 0.025 0
0 0.624306 0 0.0236111 0
0 0.624306 0 0.0236111 0
0 0.634722 0 0.025 0
0 0.657639 0 0.0236111 0
0 0.66875 0 0.0236111 0
0 0.679167 0 0.025 0
0 0.688194 0 0.0236111 0
0 0.702778 0 0.025 0
0 0.716667 0 0.025 0
0 0.727778 0 0.025 0
0 0.727778 0 0.025 0
0 0.741667 0 0.025 0
0 0.756944 0 0.025 0
0 0.76875 0 0.0236111 0
0 0.777778 0 0.025 0
0 0.790278 0 0.025 0
0 0.805556 0 0.025 0
0 0.821528 0 0.0236111 0
0 0.838194 0 0.0236111 0
0 0.853472 0 0.0236111 0
0 0.86875 0 0.0236111 0
0 0.88125 0 0.0236111 0
0 0.886806 0 0.0236111 0
0 0.900694 0 0.0236111 0
0 0.925694 0 0.0236111 0
0 0.938194 0 0.0236111 0
0 0.944444 0 0.025 0
0 0.963889 0 0.025 0
0 0.967361 0 0.0236111 0
0 0.9875 0 0.0222222 0
0 0.993056 0 0.0138889 0
0 0.992361 0 0.0152778 0
0 0.501389 0.5 0.0472222 1
0 0.501389 0.5 0.0472222 1
0 0.501389 0.5 0.0472222 1
0 0.501389 0.5 0.0472222 1
0 0.501389 0.5 0.0472222 1
0 0.501389 0.5 0.0472222 1
0 0.501389 0.5 0.0472222 1
0 0.501389 0.5 0.0472222 1
0 0.983333 0 0.00555556 0
0 0.929861 0 0.00416667 0
0 0.946528 0 0.00416667 0
0 0.922917 0.5 0.00416667 1
0 0.940972 1 0.00416667 0
0 0.925 1 0.00555556 0
0 0.929167 1 0.00277778 0
0 0.979167 1 0.00277778 0
0 0.984028 1 0.00416667 0
0 0.891667 0 0.0111111 0
0 0.885417 0 0.0125 0
0 0.864583 0 0.0125 0
0 0.469444 0 0.0222222 0
0 0.469444 0 0.0222222 0
0 0.46875 0 0.0208333 0
0 0.466667 0 0.0222222 0
0 0.465278 0 0.0222222 0
0 0.463194 0 0.0208333 0
0 0.461111 0 0.0222222 0
0 0.459722 0 0.0222222 0
0 0.458333 0 0.0222222 0
0 0.457639 0 0.0208333 0
0 0.456944 0 0.0222222 0
0 0.455556 0 0.0222222 0
0 0.454167 0 0.0222222 0
0 0.452778 0 0.0222222 0
0 0.452778 0 0.0222222 0
0 0.452778 0 0.0222222 0
0 0.451389 0 0.0222222 0
0 0.450694 0 0.0208333 0
0 0.45 0 0.0194444 0
0 0.449306 0 0.0208333 0
0 0.449306 0 0.0208333 0
0 0.449306 0 0.0208333 0
0 0.449306 0 0.0208333 0
0 0.449306 0 0.0208333 0
0 0.449306 0 0.0208333 0
0 0.449306 0 0.0208333 0
0 0.449306 0 0.0208333 0
0 0.449306 0 0.0208333 0
0 0.449306 0 0.0208333 0
0 0.449306 0 0.0208333 0
0 0.449306 0 0.0208333 0
0 0.449306 0 0.0208333 0
0 0.449306 0 0.0208333 0
0 0.449306 0 0.0208333 0
0 0.449306 0 0.0208333 0
0 0.449306 0 0.0208333 0
0 0.449306 0 0.0208333 0
0 0.449306 0 0.0208333 0
0 0.449306 0 0.0208333 0
0 0.449306 0 0.0208333 0
0 0.449306 0 0.0208333 0
0 0.449306 0 0.0208333 0
0 0.449306 0 0.0208333 0
0 0.449306 0 0.0208333 0
0 0.449306 0 0.0208333 0
0 0.449306 0 0.0208333 0
0 0.449306 0 0.0208333 0
0 0.449306 0 0.0208333 0
0 0.449306 0 0.0208333 0
0 0.449306 0 0.0208333 0
0 0.449306 0 0.0208333 0
0 0.449306 0 0.0208333 0
0 0.449306 0 0.0208333 0
0 0.449306 0 0.0208333 0
0 0.449306 0 0.0208333 0
0 0.449306 0 0.0208333 0
0 0.449306 0 0.0208333 0
0 0.449306 0 0.0208333 0
0 0.449306 0 0.0208333 0
0 0.449306 0 0.0208333 0
0 0.449306 0 0.0208333 0
0 0.449306 0 0.0208333 0
0 0.449306 0 0.0208333 0
0 0.449306 0 0.0208333 0
0 0.449306 0 0.0208333 0
0 0.449306 0 0.0208333 0
0 0.449306 0 0.0208333 0
0 0.449306 0 0.0208333 0
0 0.449306 0 0.0208333 0
0 0.449306 0 0.0208333 0
0 0.449306 0 0.0208333 0
0 0.449306 0 0.0208333 0
0 0.449306 0 0.0208333 0
0 0.449306 0 0.0208333 0
0 0.449306 0 0.0208333 0
0 0.449306 0 0.0208333 0
0 0.449306 0 0.0208333 0
0 0.449306 0 0.0208333 0
0 0.449306 0 0.0208333 0
0 0.449306 0 0.0208333 0
0 0.449306 0 0.0208333 0
0 0.449306 0 0.0208333 0
0 0.449306 0 0.0208333 0
0 0.449306 0 0.0208333 0
0 0.449306 0 0.0208333 0
0 0.449306 0 0.0208333 0
0 0.449306 0 0.0208333 0
0 0.449306 0 0.0208333 0
0 0.449306 0 0.0208333 0
0 0.449306 0 0.0208333 0
0 0.449306 0 0.0208333 0
0 0.449306 0 0.0208333 0
0 0.449306 0 0.0208333 0
0 0.449306 0 0.0208333 0
0 0.449306 0 0.0208333 0
0 0.449306 0 0.0208333 0
0 0.449306 0 0.0208333 0
0 0.449306 0 0.0208333 0
0 0.449306 0 0.0208333 0
0 0.449306 0 0.0208333 0
0 0.449306 0 0.0208333 0
0 0.449306 0 0.0208333 0
0 0.449306 0 0.0208333 0
0 0.449306 0 0.0208333 0
0 0.449306 0 0.0208333 0
0 0.449306 0 0.0208333 0
0 0.449306 0 0.0208333 0
0 0.449306 0 0.0208333 0
0 0.449306 0 0.0208333 0
0 0.449306 0 0.0208333 0
0 0.449306 0 0.0208333 0
0 0.449306 0 0.0208333 0
0 0.449306 0 0.0208333 0
0 0.449306 0 0.0208333 0
0 0.449306 0 0.0208333 0
0 0.449306 0 0.0208333 0
0 0.449306 0 0.0208333 0
0 0.449306 0 0.0208333 0
0 0.449306 0 0.0208333 0
0 0.449306 0 0.0208333 0
0 0.449306 0 0.0208333 0
0 0.449306 0 0.0208333 0
0 0.449306 0 0.0208333 0
0 0.449306 0 0.0208333 0
0 0.449306 0 0.0208333 0
0 0.449306 0 0.0208333 0
0 0.449306 0 0.0208333 0
0 0.449306 0 0.0208333 0
0 0.449306 0 0.0208333 0
0 0.449306 0 0.0208333 0
0 0.449306 0 0.0208333 0
0 0.449306 0 0.0208333 0
0 0.449306 0 0.0208333 0
0 0.449306 0 0.0208333 0
0 0.449306 0 0.0208333 0
0 0.449306 0 0.0208333 0
0 0.449306 0 0.0208333 0
0 0.449306 0 0.0208333 0
0 0.449306 0 0.0208333 0
0 0.449306 0 0.0208333 0
0 0.449306 0 0.0208333 0
0 0.449306 0 0.0208333 0
0 0.449306 0 0.0208333 0
0 0.449306 0 0.0208333 0
0 0.449306 0 0.0208333 0
0 0.449306 0 0.0208333 0
0 0.449306 0 0.0208333 0
0 0.449306 0 0.0208333 0
0 0.449306 0 0.0208333 0
0 0.449306 0 0.0208333 0
0 0.449306 0 0.0208333 0
0 0.449306 0 0.0208333 0
0 0.449306 0 0.0208333 0
0 0.449306 0 0.0208333 0
0 0.449306 0 0.0208333 0
0 0.449306 0 0.0208333 0
0 0.449306 0 0.0208333 0
0 0.449306 0 0.0208333 0
0 0.449306 0 0.0208333 0
0 0.449306 0 0.0208333 0
0 0.449306 0 0.0208333 0
0 0.449306 0 0.0208333 0
0 0.449306 0 0.0208333 0
0 0.449306 0 0.0208333 0
0 0.449306 0 0.0208333 0
0 0.449306 0 0.0208333 0
0 0.449306 0 0.0208333 0
0 0.449306 0 0.0208333 0
0 0.449306 0 0.0208333 0
0 0.449306 0 0.0208333 0
0 0.449306 0 0.0208333 0
0 0.449306 0 0.0208333 0
0 0.449306 0 0.0208333 0
0 0.449306 0 0.0208333 0
0 0.449306 0 0.0208333 0
0 0.449306 0 0.0208333 0
0 0.449306 0 0.0208333 0
0 0.449306 0 0.0208333 0
0 0.449306 0 0.0208333 0
0 0.449306 0 0.0208333 0
0 0.449306 0 0.0208333 0
0 0.449306 0 0.0208333 0
0 0.449306 0 0.0208333 0
0 0.449306 0 0.0208333 0
0 0.449306 0 0.0208333 0
0 0.449306 0 0.0208333 0
0 0.449306 0 0.0208333 0
0 0.449306 0 0.0208333 0
0 0.449306 0 0.0208333 0
0 0.449306 0 0.0208333 0
0 0.449306 0 0.0208333 0
0 0.449306 0 0.0208333 0
0 0.449306 0 0.0208333 0
0 0.449306 0 0.0208333 0
0 0.449306 0 0.0208333 0
0 0.449306 0 0.0208333 0
0 0.449306 0 0.0208333 0
0 0.449306 0 0.0208333 0
0 0.449306 0 0.0208333 0
0 0.449306 0 0.0208333 0
0 0.449306 0 0.0208333 0
0 0.449306 0 0.0208333 0
0 0.449306 0 0.0208333 0
0 0.449306 0 0.0208333 0
0 0.449306 0 0.0208333 0
0 0.449306 0 0.0208333 0
0 0.449306 0 0.0208333 0
0 0.449306 0 0.0208333 0
0 0.449306 0 0.0208333 0
0 0.449306 0 0.0208333 0
0 0.449306 0 0.0208333 0
0 0.449306 0 0.0208333 0
0 0.449306 0 0.0208333 0
0 0.449306 0 0.0208333 0
0 0.449306 0 0.0208333 0
0 0.449306 0 0.0208333 0
0 0.449306 0 0.0208333 0
0 0.449306 0 0.0208333 0
0 0.449306 0 0.0208333 0
0 0.449306 0 0.0208333 0
0 0.449306 0 0.0208333 0
0 0.449306 0 0.0208333 0
0 0.449306 0 0.0208333 0
0 0.449306 0 0.0208333 0
0 0.449306 0 0.0208333 0
0 0.449306 0 0.0208333 0
0 0.449306 0 0.0208333 0
0 0.449306 0 0.0208333 0
0 0.449306 0 0.0208333 0
0 0.449306 0 0.0208333 0
0 0.449306 0 0.0208333 0
0 0.449306 0 0.0208333 0
0 0.449306 0 0.0208333 0
0 0.449306 0 0.0208333 0
0 0.449306 0 0.0208333 0
0 0.449306 0 0.0208333 0
0 0.449306 0 0.0208333 0
0 0.449306 0 0.0208333 0
0 0.449306 0 0.0208333 0
0 0.449306 0 0.0208333 0
0 0.449306 0 0.0208333 0
0 0.449306 0 0.0208333 0
0 0.449306 0 0.0208333 0
0 0.449306 0 0.0208333 0
0 0.449306 0 0.0208333 0
0 0.449306 0 0.0208333 0
0 0.449306 0 0.0208333 0
0 0.449306 0 0.0208333 0
0 0.449306 0 0.0208333 0
0 0.449306 0 0.0208333 0
0 0.449306 0 0.0208333 0
0 0.449306 0 0.0208333 0
0 0.449306 0 0.0208333 0
0 0.449306 0 0.0208333 0
0 0.449306 0 0.0208333 0
0 0.449306 0 0.0208333 0
0 0.449306 0 0.0208333 0
0 0.449306 0 0.0208333 0
0 0.449306 0 0.0208333 0
0 0.449306 0 0.0208333 0
0 0.449306 0 0.0208333 0
0 0.449306 0 0.0208333 0
0 0.449306 0 0.0208333 0
0 0.449306 0 0.0208333 0
0 0.449306 0 0.0208333 0
0 0.449306 0 0.0208333 0
0 0.449306 0 0.0208333 0
0 0.449306 0 0.0208333 0
0 0.449306 0 0.0208333 0
0 0.449306 0 0.0208333 0
0 0.449306 0 0.0208333 0
0 0.449306 0 0.0208333 0
0 0.449306 0 0.0208333 0
0 0.449306 0 0.0208333 0
0 0.449306 0 0.0208333 0
0 0.449306 0 0.0208333 0
0 0.449306 0 0.0208333 0
0 0.449306 0 0.0208333 0
0 0.449306 0 0.0208333 0
0 0.449306 0 0.0208333 0
0 0.449306 0 0.0208333 0
0 0.449306 0 0.0208333 0
0 0.449306 0 0.0208333 0
0 0.449306 0 0.0208333 0
0 0.449306 0 0.0208333 0
0 0.449306 0 0.0208333 0
0 0.449306 0 0.0208333 0
0 0.449306 0 0.0208333 0
0 0.449306 0 0.0208333 0
0 0.449306 0 0.0208333 0
0 0.449306 0 0.0208333 0
0 0.449306 0 0.0208333 0
