0 0.441667 0.5 0.0277778 1
0 0.441667 0.5 0.0277778 1
0 0.441667 0.5 0.0277778 1
0 0.441667 0.5 0.0277778 1
0 0.441667 0.5 0.0277778 1
0 0.441667 0.5 0.0277778 1
0 0.441667 0.5 0.0277778 1
0 0.441667 0.5 0.0277778 1
0 0.441667 0.5 0.0277778 1
0 0.441667 0.5 0.0277778 1
0 0.441667 0.5 0.0277778 1
0 0.441667 0.5 0.0277778 1
0 0.441667 0.5 0.0277778 1
0 0.441667 0.5 0.0277778 1
0 0.441667 0.5 0.0277778 1
0 0.441667 0.5 0.0277778 1
0 0.441667 0.5 0.0277778 1
0 0.441667 0.5 0.0277778 1
0 0.441667 0.5 0.0277778 1
0 0.441667 0.5 0.0277778 1
0 0.441667 0.5 0.0277778 1
0 0.441667 0.5 0.0277778 1
0 0.441667 0.5 0.0277778 1
0 0.567361 0 0.00972222 0
0 0.441667 0.5 0.0277778 1
0 0.443056 0.5 0.0277778 1
0 0.444444 0.5 0.0277778 1
0 0.567361 0 0.00972222 0
0 0.445139 0.5 0.0263889 1
0 0.447917 0.5 0.0291667 1
0 0.569444 0 0.0111111 0
0 0.448611 0.5 0.0277778 1
0 0.383333 0 0.0138889 0
0 0.451389 0.5 0.0277778 1
0 0.570833 0 0.0111111 0
0 0.452778 0.5 0.0277778 1
0 0.454861 0.5 0.0263889 1
0 0.455556 0.5 0.025 1
0 0.457639 0.5 0.0236111 1
0 0.459028 0.5 0.0236111 1
0 0.577083 0 0.00972222 0
0 0.459722 0.5 0.0222222 1
0 0.461806 0.5 0.0236111 1
0 0.578472 0 0.00972222 0
0 0.579861 0 0.00972222 0
0 0.472222 0.5 0.025 1
0 0.474306 0.5 0.0291667 1
0 0.475694 0 0.0319444 0
0 0.477778 0 0.0277778 0
0 0.589583 0 0.00972222 0
0 0.478472 0 0.0291667 0
0 0.590278 0 0.0111111 0
0 0.590972 0 0.0125 0
0 0.479167 0 0.0277778 0
0 0.596528 0 0.0125 0
0 0.597222 0 0.0111111 0
0 0.597222 0 0.0111111 0
0 0.488194 0.5 0.0319444 1
0 0.528472 0 0.0347222 0
0 0.488889 0.5 0.0305556 1
0 0.488889 0.5 0.0305556 1
0 0.488889 0.5 0.0305556 1
0 0.488194 0.5 0.0319444 1
0 0.488194 0.5 0.0319444 1
0 0.595833 0 0.0111111 0
0 0.595833 0 0.0111111 0
0 0.595833 0 0.0111111 0
0 0.595833 0 0.0111111 0
0 0.595833 0 0.0111111 0
0 0.595833 0 0.0111111 0
0 0.595833 0 0.0111111 0
0 0.595833 0 0.0111111 0
0 0.595833 0 0.0111111 0
0 0.595833 0 0.0111111 0
0 0.596528 0 0.0125 0
0 0.595833 0 0.0111111 0
0 0.595833 0 0.0111111 0
0 0.595833 0 0.0111111 0
0 0.595833 0 0.0111111 0
0 0.595833 0 0.0111111 0
0 0.595833 0 0.0111111 0
0 0.595139 0 0.0125 0
0 0.595139 0 0.0125 0
0 0.389583 0 0.0125 0
0 0.595139 0 0.0125 0
0 0.595139 0 0.0125 0
0 0.389583 0 0.0125 0
0 0.595139 0 0.0125 0
0 0.389583 0 0.0125 0
0 0.595139 0 0.0125 0
0 0.595139 0 0.0125 0
0 0.389583 0 0.0125 0
0 0.595139 0 0.0125 0
0 0.389583 0 0.0125 0
0 0.595139 0 0.0125 0
0 0.594444 0 0.0138889 0
0 0.389583 0 0.0125 0
0 0.595139 0 0.0125 0
0 0.388889 0 0.0138889 0
0 0.595139 0 0.0125 0
0 0.595139 0 0.0125 0
0 0.389583 0 0.0125 0
0 0.595139 0 0.0125 0
0 0.388889 0 0.0138889 0
0 0.595139 0 0.0125 0
0 0.388889 0 0.0138889 0
0 0.388889 0 0.0138889 0
0 0.596528 0 0.0125 0
0 0.388194 0 0.0125 0
0 0.595139 0 0.0125 0
0 0.701389 0 0.0111111 0
0 0.595833 0 0.0138889 0
0 0.388194 0 0.0125 0
0 0.595139 0 0.0125 0
0 0.595139 0 0.0125 0
0 0.595139 0 0.0125 0
0 0.388194 0 0.0125 0
0 0.595833 0 0.0111111 0
0 0.595833 0 0.0111111 0
0 0.595833 0 0.0111111 0
0 0.595833 0 0.0138889 0
0 0.701389 0 0.0111111 0
0 0.595833 0 0.0111111 0
0 0.595833 0 0.0111111 0
0 0.388194 0 0.0125 0
0 0.595833 0 0.0111111 0
0 0.596528 0 0.0125 0
0 0.595833 0 0.0111111 0
0 0.596528 0 0.0125 0
0 0.596528 0 0.0125 0
0 0.596528 0 0.0125 0
0 0.525 0 0.0388889 0
0 0.596528 0 0.0125 0
0 0.525 0 0.0388889 0
0 0.596528 0 0.0125 0
0 0.596528 0 0.0125 0
0 0.481944 0.5 0.0444444 1
0 0.481944 0.5 0.0472222 1
0 0.481944 0.5 0.05 1
0 0.481944 0.5 0.05 1
0 0.481944 0.5 0.05 1
0 0.48125 0.5 0.0486111 1
0 0.48125 0.5 0.0486111 1
0 0.481944 0.5 0.05 1
0 0.595139 0 0.0152778 0
0 0.481944 0.5 0.05 1
0 0.595833 0 0.0111111 0
0 0.481944 0.5 0.05 1
0 0.481944 0.5 0.05 1
0 0.481944 0.5 0.05 1
0 0.596528 0 0.0125 0
0 0.48125 0.5 0.0486111 1
0 0.596528 0 0.0125 0
0 0.48125 0.5 0.0486111 1
0 0.596528 0 0.0125 0
0 0.48125 0.5 0.0486111 1
0 0.596528 0 0.0125 0
0 0.48125 0.5 0.0486111 1
0 0.525 0 0.0388889 0
0 0.48125 0.5 0.0458333 1
0 0.596528 0 0.0125 0
0 0.597222 0 0.0111111 0
0 0.596528 0 0.0125 0
0 0.596528 0 0.0125 0
0 0.597222 0 0.0111111 0
0 0.597222 0 0.0111111 0
0 0.597222 0 0.0111111 0
0 0.597222 0 0.0111111 0
0 0.597222 0 0.0111111 0
0 0.597222 0 0.0111111 0
0 0.597222 0 0.0111111 0
0 0.386111 0 0.0138889 0
0 0.597917 0 0.0125 0
0 0.385417 0 0.0125 0
0 0.597917 0 0.0125 0
0 0.597917 0 0.0125 0
0 0.597917 0 0.0125 0
0 0.386111 0 0.0138889 0
0 0.597917 0 0.0125 0
0 0.597917 0 0.0125 0
0 0.597917 0 0.0125 0
0 0.597917 0 0.0125 0
0 0.707639 0 0.0125 0
0 0.707639 0 0.0125 0
0 0.707639 0 0.0125 0
0 0.707639 0 0.0125 0
0 0.386111 0 0.0138889 0
0 0.386111 0 0.0138889 0
0 0.599306 0 0.0125 0
0 0.707639 0 0.0125 0
0 0.598611 0 0.0138889 0
0 0.707639 0 0.0125 0
0 0.599306 0 0.0152778 0
0 0.6 0 0.0138889 0
0 0.599306 0 0.0125 0
0 0.6 0 0.0138889 0
0 0.599306 0 0.0125 0
0 0.6 0 0.0111111 0
0 0.6 0 0.0111111 0
0 0.6 0 0.0111111 0
0 0.6 0 0.0111111 0
0 0.6 0 0.0111111 0
0 0.6 0 0.0111111 0
0 0.6 0 0.0111111 0
0 0.6 0 0.0111111 0
0 0.6 0 0.0111111 0
0 0.6 0 0.0111111 0
0 0.6 0 0.0111111 0
0 0.6 0 0.0111111 0
0 0.6 0 0.0111111 0
0 0.6 0 0.0111111 0
0 0.6 0 0.0111111 0
0 0.6 0 0.0111111 0
0 0.6 0 0.0111111 0
0 0.6 0 0.0111111 0
0 0.6 0 0.0111111 0
0 0.6 0 0.0111111 0
0 0.6 0 0.0111111 0
0 0.6 0 0.0111111 0
0 0.6 0 0.0111111 0
0 0.6 0 0.0111111 0
0 0.6 0 0.0111111 0
0 0.6 0 0.0111111 0
0 0.6 0 0.0111111 0
0 0.6 0 0.0111111 0
0 0.6 0 0.0111111 0
0 0.6 0 0.0111111 0
0 0.6 0 0.0111111 0
0 0.6 0 0.0111111 0
0 0.6 0 0.0111111 0
0 0.386111 0 0.0138889 0
0 0.6 0 0.0111111 0
0 0.386111 0 0.0138889 0
0 0.6 0 0.0111111 0
0 0.6 0 0.0111111 0
0 0.6 0 0.0111111 0
0 0.602778 0 0.0111111 0
0 0.486111 0 0.0388889 0
0 0.385417 0 0.0152778 0
0 0.603472 0 0.0125 0
0 0.486111 0 0.0388889 0
0 0.386111 0 0.0138889 0
0 0.714583 0 0.0125 0
0 0.603472 0 0.0125 0
0 0.486806 0 0.0375 0
0 0.603472 0 0.0125 0
0 0.486806 0 0.0375 0
0 0.386111 0 0.0138889 0
0 0.603472 0 0.0125 0
0 0.486806 0 0.0375 0
0 0.603472 0 0.0125 0
0 0.714583 0 0.0125 0
0 0.486806 0 0.0375 0
0 0.603472 0 0.0125 0
0 0.714583 0 0.0125 0
0 0.486806 0 0.0375 0
0 0.4875 0 0.0388889 0
0 0.486806 0 0.0375 0
0 0.603472 0 0.0125 0
0 0.486806 0 0.0402778 0
0 0.486806 0 0.0402778 0
0 0.486806 0 0.0402778 0
0 0.486806 0 0.0402778 0
0 0.486806 0 0.0402778 0
0 0.605556 0 0.0138889 0
0 0.486806 0 0.0402778 0
0 0.605556 0 0.0138889 0
0 0.486806 0 0.0402778 0
0 0.60625 0 0.0125 0
0 0.486806 0 0.0402778 0
0 0.605556 0 0.0138889 0
0 0.486806 0 0.0402778 0
0 0.486806 0 0.0402778 0
0 0.486806 0 0.0402778 0
0 0.486806 0 0.0402778 0
0 0.486806 0 0.0402778 0
0 0.486806 0 0.0402778 0
0 0.605556 0 0.0138889 0
0 0.486806 0 0.0402778 0
0 0.60625 0 0.0125 0
0 0.486806 0 0.0402778 0
0 0.486806 0 0.0402778 0
0 0.486806 0 0.0402778 0
0 0.60625 0 0.0125 0
0 0.486806 0 0.0402778 0
0 0.486806 0 0.0402778 0
0 0.486806 0 0.0402778 0
0 0.486806 0 0.0402778 0
0 0.486806 0 0.0402778 0
0 0.486806 0 0.0402778 0
0 0.486806 0 0.0402778 0
0 0.486806 0 0.0402778 0
0 0.486806 0 0.0402778 0
0 0.486806 0 0.0402778 0
0 0.486806 0 0.0402778 0
0 0.486806 0 0.0402778 0
0 0.486806 0 0.0402778 0
0 0.486806 0 0.0402778 0
0 0.486806 0 0.0402778 0
0 0.486806 0 0.0402778 0
0 0.486806 0 0.0402778 0
0 0.486806 0 0.0402778 0
0 0.486806 0 0.0402778 0
0 0.486806 0 0.0402778 0
0 0.486806 0 0.0402778 0
0 0.486806 0 0.0402778 0
0 0.486806 0 0.0402778 0
0 0.486806 0 0.0402778 0
0 0.486806 0 0.0402778 0
0 0.486806 0 0.0402778 0
0 0.486806 0 0.0402778 0
0 0.486806 0 0.0402778 0
0 0.486806 0 0.0402778 0
0 0.486806 0 0.0402778 0
