0 0.441667 0.5 0.0277778 1
0 0.441667 0.5 0.0277778 1
0 0.441667 0.5 0.0277778 1
0 0.441667 0.5 0.0277778 1
0 0.441667 0.5 0.0277778 1
0 0.441667 0.5 0.0277778 1
0 0.441667 0.5 0.0277778 1
0 0.441667 0.5 0.0277778 1
0 0.441667 0.5 0.0277778 1
0 0.441667 0.5 0.0277778 1
0 0.441667 0.5 0.0277778 1
0 0.441667 0.5 0.0277778 1
0 0.441667 0.5 0.0277778 1
0 0.441667 0.5 0.0277778 1
0 0.441667 0.5 0.0277778 1
0 0.441667 0.5 0.0277778 1
0 0.441667 0.5 0.0277778 1
0 0.441667 0.5 0.0277778 1
0 0.441667 0.5 0.0277778 1
0 0.441667 0.5 0.0277778 1
0 0.441667 0.5 0.0277778 1
0 0.441667 0.5 0.0277778 1
0 0.441667 0.5 0.0277778 1
0 0.441667 0.5 0.0277778 1
0 0.441667 0.5 0.0277778 1
0 0.441667 0.5 0.0277778 1
0 0.441667 0.5 0.0277778 1
0 0.441667 0.5 0.0277778 1
0 0.441667 0.5 0.0277778 1
0 0.441667 0.5 0.0277778 1
0 0.441667 0.5 0.0277778 1
0 0.441667 0.5 0.0277778 1
0 0.441667 0.5 0.0277778 1
0 0.566667 0 0.0111111 0
0 0.442361 0.5 0.0291667 1
0 0.568056 0 0.0111111 0
0 0.44375 0.5 0.0263889 1
0 0.568056 0 0.0111111 0
0 0.445139 0.5 0.0263889 1
0 0.56875 0 0.0125 0
0 0.446528 0.5 0.0263889 1
0 0.448611 0.5 0.0277778 1
0 0.450694 0.5 0.0263889 1
0 0.570833 0 0.0111111 0
0 0.452778 0.5 0.0277778 1
0 0.454861 0.5 0.0263889 1
0 0.455556 0.5 0.025 1
0 0.457639 0.5 0.0236111 1
0 0.459028 0.5 0.0208333 1
0 0.577083 0 0.00972222 0
0 0.461111 0.5 0.0222222 1
0 0.389583 0 0.0125 0
0 0.578472 0 0.00972222 0
0 0.580556 0 0.0111111 0
0 0.581944 0 0.0138889 0
0 0.583333 0 0.0111111 0
0 0.477083 0 0.0319444 0
0 0.588889 0 0.0111111 0
0 0.590278 0 0.0111111 0
0 0.591667 0 0.0111111 0
0 0.392361 0 0.0125 0
0 0.59375 0 0.0125 0
0 0.594444 0 0.0111111 0
0 0.701389 0 0.0111111 0
0 0.702083 0 0.00972222 0
0 0.39375 0 0.0125 0
0 0.702083 0 0.00972222 0
0 0.491667 0.5 0.0305556 1
0 0.491667 0.5 0.0305556 1
0 0.491667 0.5 0.0305556 1
0 0.491667 0 0.0305556 0
0 0.491667 0 0.0305556 0
0 0.491667 0 0.0305556 0
0 0.491667 0.5 0.0305556 1
0 0.491667 0.5 0.0305556 1
0 0.490972 0.5 0.0291667 1
0 0.599306 0 0.0125 0
0 0.4875 0.5 0.0333333 1
0 0.486806 0.5 0.0347222 1
0 0.486806 0.5 0.0319444 1
0 0.486111 0.5 0.0305556 1
0 0.4875 0.5 0.0305556 1
0 0.597917 0 0.0125 0
0 0.389583 0 0.0125 0
0 0.599306 0 0.0152778 0
0 0.388889 0 0.0138889 0
0 0.388889 0 0.0138889 0
0 0.388889 0 0.0138889 0
0 0.388194 0 0.0125 0
0 0.525694 0 0.0347222 0
0 0.527083 0 0.0347222 0
0 0.527778 0 0.0388889 0
0 0.527778 0 0.0361111 0
0 0.388194 0 0.0125 0
0 0.6 0 0.0138889 0
0 0.598611 0 0.0111111 0
0 0.6 0 0.0138889 0
0 0.388194 0 0.0125 0
0 0.599306 0 0.0125 0
0 0.388194 0 0.0125 0
0 0.6 0 0.0111111 0
0 0.6 0 0.0111111 0
0 0.6 0 0.0111111 0
0 0.483333 0.5 0.0472222 1
0 0.483333 0.5 0.05 1
0 0.6 0 0.0138889 0
0 0.483333 0.5 0.05 1
0 0.599306 0 0.0125 0
0 0.483333 0.5 0.05 1
0 0.492361 1 0.0180556 0
0 0.484722 1 0.0305556 0
0 0.598611 0 0.0111111 0
0 0.483333 1 0.0333333 0
0 0.598611 0 0.0111111 0
0 0.482639 1 0.0319444 0
0 0.386806 0 0.0125 0
0 0.598611 0 0.0111111 0
0 0.483333 1 0.0333333 0
0 0.598611 0 0.0111111 0
0 0.482639 1 0.0319444 0
0 0.597222 0 0.0111111 0
0 0.481944 1 0.0333333 0
0 0.597917 0 0.0125 0
0 0.48125 1 0.0347222 0
0 0.481944 1 0.0333333 0
0 0.480556 1 0.0333333 0
0 0.523611 0 0.0333333 0
0 0.597917 0 0.0125 0
0 0.480556 1 0.0333333 0
0 0.597222 0 0.0111111 0
0 0.479861 1 0.0347222 0
0 0.597917 0 0.0125 0
0 0.479167 1 0.0333333 0
0 0.478472 1 0.0347222 0
0 0.478472 1 0.0347222 0
0 0.597222 0 0.0111111 0
0 0.478472 1 0.0347222 0
0 0.596528 0 0.0125 0
0 0.478472 1 0.0347222 0
0 0.596528 0 0.0125 0
0 0.478472 1 0.0347222 0
0 0.596528 0 0.0125 0
0 0.478472 1 0.0347222 0
0 0.384722 0 0.0138889 0
0 0.596528 0 0.0125 0
0 0.476389 1 0.0361111 0
0 0.476389 1 0.0333333 0
0 0.595833 0 0.0111111 0
0 0.595833 0 0.0111111 0
0 0.595139 0 0.0125 0
0 0.595139 0 0.0125 0
0 0.383333 0 0.0138889 0
0 0.595833 0 0.0138889 0
0 0.595139 0 0.0125 0
0 0.383333 0 0.0138889 0
0 0.595833 0 0.0138889 0
0 0.595139 0 0.0125 0
0 0.521528 0 0.0347222 0
0 0.595139 0 0.0125 0
0 0.460417 1 0.0180556 0
0 0.595833 0 0.0111111 0
0 0.459028 1 0.0180556 0
0 0.465278 1 0.0361111 0
0 0.521528 0 0.0347222 0
0 0.595833 0 0.0111111 0
0 0.521528 0 0.0347222 0
0 0.595833 0 0.0111111 0
0 0.465972 1 0.0375 0
0 0.377083 0 0.0125 0
0 0.520833 0 0.0333333 0
0 0.596528 0 0.0125 0
0 0.455556 1 0.0194444 0
0 0.369444 0 0.0138889 0
0 0.599306 0 0.0125 0
0 0.521528 0 0.0402778 0
0 0.71875 0 0.0125 0
0 0.521528 0 0.0402778 0
0 0.600694 0 0.0125 0
0 0.246528 0 0.0125 0
0 0.520139 0 0.0347222 0
0 0.720139 0 0.0125 0
0 0.601389 0 0.0138889 0
0 0.365972 0 0.0152778 0
0 0.520139 0 0.0375 0
0 0.720833 0 0.0138889 0
0 0.601389 0 0.0138889 0
0 0.520833 0 0.0361111 0
0 0.601389 0 0.0138889 0
0 0.364583 0 0.0152778 0
0 0.724306 0 0.0125 0
0 0.601389 0 0.0138889 0
0 0.521528 0 0.0375 0
0 0.601389 0 0.0138889 0
0 0.363194 0 0.0152778 0
0 0.521528 0 0.0375 0
0 0.724306 0 0.0125 0
0 0.601389 0 0.0138889 0
0 0.363889 0 0.0166667 0
0 0.521528 0 0.0375 0
0 0.724306 0 0.0125 0
0 0.601389 0 0.0138889 0
0 0.522222 0 0.0388889 0
0 0.363889 0 0.0166667 0
0 0.724306 0 0.0125 0
0 0.601389 0 0.0138889 0
0 0.363194 0 0.0152778 0
0 0.521528 0 0.0375 0
0 0.363889 0 0.0166667 0
0 0.601389 0 0.0138889 0
0 0.724306 0 0.0125 0
0 0.521528 0 0.0375 0
0 0.724306 0 0.0125 0
0 0.601389 0 0.0138889 0
0 0.363889 0 0.0166667 0
0 0.521528 0 0.0375 0
0 0.724306 0 0.0125 0
0 0.600694 0 0.0152778 0
0 0.363194 0 0.0152778 0
0 0.521528 0 0.0375 0
0 0.724306 0 0.0125 0
0 0.363194 0 0.0152778 0
0 0.601389 0 0.0138889 0
0 0.521528 0 0.0375 0
0 0.724306 0 0.0125 0
0 0.601389 0 0.0138889 0
0 0.363889 0 0.0166667 0
0 0.521528 0 0.0375 0
0 0.363889 0 0.0166667 0
0 0.601389 0 0.0138889 0
0 0.724306 0 0.0125 0
0 0.521528 0 0.0375 0
0 0.724306 0 0.0125 0
0 0.601389 0 0.0138889 0
0 0.521528 0 0.0375 0
0 0.723611 0 0.0138889 0
0 0.363194 0 0.0152778 0
0 0.601389 0 0.0138889 0
0 0.521528 0 0.0375 0
0 0.724306 0 0.0125 0
0 0.600694 0 0.0152778 0
0 0.363194 0 0.0152778 0
0 0.521528 0 0.0375 0
0 0.601389 0 0.0138889 0
0 0.363889 0 0.0166667 0
0 0.521528 0 0.0375 0
0 0.724306 0 0.0125 0
0 0.601389 0 0.0138889 0
0 0.363889 0 0.0166667 0
0 0.522222 0 0.0388889 0
0 0.724306 0 0.0125 0
0 0.601389 0 0.0138889 0
0 0.363194 0 0.0152778 0
0 0.521528 0 0.0375 0
0 0.724306 0 0.0125 0
0 0.601389 0 0.0138889 0
0 0.521528 0 0.0375 0
0 0.724306 0 0.0125 0
0 0.363194 0 0.0152778 0
0 0.601389 0 0.0138889 0
0 0.521528 0 0.0375 0
0 0.601389 0 0.0138889 0
0 0.724306 0 0.0125 0
0 0.521528 0 0.0375 0
0 0.724306 0 0.0125 0
0 0.363194 0 0.0152778 0
0 0.601389 0 0.0138889 0
0 0.521528 0 0.0375 0
0 0.724306 0 0.0125 0
0 0.601389 0 0.0138889 0
0 0.363889 0 0.0166667 0
0 0.521528 0 0.0375 0
0 0.725 0 0.0138889 0
0 0.601389 0 0.0138889 0
0 0.363889 0 0.0166667 0
0 0.522222 0 0.0388889 0
0 0.724306 0 0.0125 0
0 0.601389 0 0.0138889 0
0 0.521528 0 0.0375 0
0 0.724306 0 0.0125 0
0 0.601389 0 0.0138889 0
0 0.521528 0 0.0375 0
0 0.724306 0 0.0125 0
0 0.363194 0 0.0152778 0
0 0.601389 0 0.0138889 0
0 0.521528 0 0.0375 0
0 0.724306 0 0.0125 0
0 0.601389 0 0.0138889 0
0 0.363889 0 0.0166667 0
0 0.521528 0 0.0375 0
0 0.724306 0 0.0125 0
0 0.601389 0 0.0138889 0
0 0.363194 0 0.0152778 0
0 0.521528 0 0.0375 0
0 0.363889 0 0.0166667 0
0 0.724306 0 0.0125 0
0 0.601389 0 0.0138889 0
0 0.521528 0 0.0375 0
0 0.363889 0 0.0166667 0
0 0.725 0 0.0138889 0
0 0.602083 0 0.0152778 0
0 0.521528 0 0.0375 0
0 0.724306 0 0.0125 0
0 0.601389 0 0.0138889 0
0 0.521528 0 0.0375 0
0 0.724306 0 0.0125 0
0 0.601389 0 0.0138889 0
0 0.521528 0 0.0375 0
0 0.724306 0 0.0125 0
0 0.363889 0 0.0166667 0
0 0.601389 0 0.0138889 0
0 0.521528 0 0.0375 0
0 0.724306 0 0.0125 0
0 0.601389 0 0.0138889 0
0 0.521528 0 0.0375 0
0 0.724306 0 0.0125 0
0 0.601389 0 0.0138889 0
0 0.363889 0 0.0166667 0
0 0.521528 0 0.0375 0
0 0.363889 0 0.0166667 0
0 0.724306 0 0.0125 0
0 0.601389 0 0.0138889 0
0 0.521528 0 0.0375 0
0 0.363194 0 0.0152778 0
0 0.724306 0 0.0125 0
0 0.601389 0 0.0138889 0
0 0.521528 0 0.0375 0
0 0.363194 0 0.0152778 0
0 0.724306 0 0.0125 0
0 0.601389 0 0.0138889 0
0 0.521528 0 0.0375 0
0 0.724306 0 0.0125 0
0 0.601389 0 0.0138889 0
0 0.363194 0 0.0152778 0
0 0.521528 0 0.0375 0
0 0.724306 0 0.0125 0
0 0.601389 0 0.0138889 0
0 0.363194 0 0.0152778 0
0 0.521528 0 0.0375 0
0 0.364583 0 0.0152778 0
0 0.724306 0 0.0125 0
0 0.601389 0 0.0138889 0
0 0.521528 0 0.0375 0
0 0.724306 0 0.0125 0
0 0.601389 0 0.0138889 0
0 0.363889 0 0.0166667 0
0 0.522222 0 0.0388889 0
0 0.363889 0 0.0166667 0
0 0.601389 0 0.0138889 0
0 0.724306 0 0.0125 0
0 0.522222 0 0.0388889 0
0 0.724306 0 0.0125 0
0 0.363194 0 0.0152778 0
0 0.601389 0 0.0138889 0
0 0.521528 0 0.0375 0
0 0.601389 0 0.0138889 0
0 0.363889 0 0.0166667 0
0 0.521528 0 0.0375 0
0 0.724306 0 0.0125 0
0 0.601389 0 0.0138889 0
0 0.521528 0 0.0375 0
0 0.724306 0 0.0125 0
0 0.601389 0 0.0138889 0
0 0.521528 0 0.0375 0
0 0.364583 0 0.0152778 0
0 0.724306 0 0.0125 0
0 0.601389 0 0.0138889 0
0 0.521528 0 0.0375 0
0 0.724306 0 0.0125 0
0 0.601389 0 0.0138889 0
0 0.363889 0 0.0166667 0
0 0.521528 0 0.0375 0
0 0.724306 0 0.0125 0
0 0.601389 0 0.0138889 0
0 0.363194 0 0.0152778 0
0 0.521528 0 0.0375 0
0 0.724306 0 0.0125 0
0 0.601389 0 0.0138889 0
0 0.521528 0 0.0375 0
0 0.724306 0 0.0125 0
0 0.601389 0 0.0138889 0
0 0.363889 0 0.0166667 0
0 0.521528 0 0.0375 0
0 0.724306 0 0.0125 0
0 0.601389 0 0.0138889 0
0 0.521528 0 0.0375 0
0 0.724306 0 0.0125 0
0 0.601389 0 0.0138889 0
0 0.521528 0 0.0375 0
0 0.363194 0 0.0152778 0
0 0.724306 0 0.0125 0
0 0.601389 0 0.0138889 0
0 0.521528 0 0.0375 0
0 0.363194 0 0.0152778 0
0 0.724306 0 0.0125 0
0 0.601389 0 0.0138889 0
0 0.521528 0 0.0375 0
0 0.724306 0 0.0125 0
0 0.601389 0 0.0138889 0
0 0.521528 0 0.0375 0
