0 0.625 0 0.0138889 0
0 0.5125 1 0.0583333 0
0 0.625 0 0.0138889 0
0 0.513194 1 0.0597222 0
0 0.383333 0 0.0138889 0
0 0.625 0 0.0138889 0
0 0.513194 1 0.0597222 0
0 0.625 0 0.0138889 0
0 0.513194 1 0.0597222 0
0 0.383333 0 0.0138889 0
0 0.625 0 0.0138889 0
0 0.513194 1 0.0597222 0
0 0.625 0 0.0138889 0
0 0.513194 1 0.0597222 0
0 0.625 0 0.0138889 0
0 0.513194 1 0.0597222 0
0 0.383333 0 0.0138889 0
0 0.625 0 0.0138889 0
0 0.513889 1 0.0583333 0
0 0.383333 0 0.0138889 0
0 0.625 0 0.0138889 0
0 0.513889 1 0.0583333 0
0 0.383333 0 0.0138889 0
0 0.625 0 0.0138889 0
0 0.513889 1 0.0583333 0
0 0.383333 0 0.0138889 0
0 0.625 0 0.0138889 0
0 0.513889 1 0.0583333 0
0 0.383333 0 0.0138889 0
0 0.625 0 0.0138889 0
0 0.513194 1 0.0597222 0
0 0.384028 0 0.0152778 0
0 0.625 0 0.0138889 0
0 0.513889 1 0.0583333 0
0 0.625 0 0.0138889 0
0 0.513889 1 0.0583333 0
0 0.383333 0 0.0138889 0
0 0.625 0 0.0138889 0
0 0.513889 1 0.0583333 0
0 0.625 0 0.0138889 0
0 0.513889 1 0.0583333 0
0 0.625 0 0.0138889 0
0 0.513889 1 0.0583333 0
0 0.383333 0 0.0138889 0
0 0.625 0 0.0138889 0
0 0.513889 1 0.0583333 0
0 0.625 0 0.0138889 0
0 0.513889 1 0.0583333 0
0 0.384028 0 0.0152778 0
0 0.625 0 0.0138889 0
0 0.513889 1 0.0583333 0
0 0.625 0 0.0138889 0
0 0.513889 1 0.0583333 0
0 0.625 0 0.0138889 0
0 0.513889 1 0.0583333 0
0 0.625 0 0.0138889 0
0 0.513889 1 0.0583333 0
0 0.384028 0 0.0152778 0
0 0.625 0 0.0138889 0
0 0.513889 1 0.0583333 0
0 0.383333 0 0.0138889 0
0 0.625 0 0.0138889 0
0 0.513889 1 0.0583333 0
0 0.383333 0 0.0138889 0
0 0.625 0 0.0138889 0
0 0.513889 1 0.0583333 0
0 0.625 0 0.0138889 0
0 0.513889 1 0.0583333 0
0 0.384028 0 0.0152778 0
0 0.625 0 0.0138889 0
0 0.514583 1 0.0597222 0
0 0.383333 0 0.0138889 0
0 0.625 0 0.0138889 0
0 0.514583 1 0.0597222 0
0 0.625 0 0.0138889 0
0 0.514583 1 0.0513889 0
0 0.625 0 0.0138889 0
0 0.514583 1 0.0513889 0
0 0.383333 0 0.0138889 0
0 0.625 0 0.0138889 0
0 0.514583 1 0.0513889 0
0 0.625 0 0.0138889 0
0 0.514583 1 0.0513889 0
0 0.625694 0 0.0125 0
0 0.383333 0 0.0138889 0
0 0.513889 1 0.0527778 0
0 0.625 0 0.0138889 0
0 0.514583 1 0.0513889 0
0 0.383333 0 0.0138889 0
0 0.625694 0 0.0125 0
0 0.514583 1 0.0513889 0
0 0.625 0 0.0138889 0
0 0.514583 1 0.0513889 0
0 0.383333 0 0.0138889 0
0 0.625 0 0.0138889 0
0 0.514583 1 0.0513889 0
0 0.383333 0 0.0138889 0
0 0.625 0 0.0138889 0
0 0.514583 1 0.0513889 0
0 0.54375 0 0.0402778 0
0 0.625694 0 0.0125 0
0 0.383333 0 0.0138889 0
0 0.514583 1 0.0513889 0
0 0.54375 0 0.0402778 0
0 0.625 0 0.0138889 0
0 0.383333 0 0.0138889 0
0 0.514583 1 0.0513889 0
0 0.54375 0 0.0402778 0
0 0.383333 0 0.0138889 0
0 0.625 0 0.0138889 0
0 0.514583 1 0.0513889 0
0 0.625 0 0.0138889 0
0 0.515278 1 0.05 0
0 0.383333 0 0.0138889 0
0 0.625 0 0.0138889 0
0 0.515278 1 0.05 0
0 0.383333 0 0.0138889 0
0 0.625 0 0.0138889 0
0 0.515278 1 0.05 0
0 0.384028 0 0.0152778 0
0 0.625694 0 0.0125 0
0 0.515278 1 0.05 0
0 0.626389 0 0.0138889 0
0 0.383333 0 0.0138889 0
0 0.515278 1 0.05 0
0 0.383333 0 0.0138889 0
0 0.625694 0 0.0125 0
0 0.515278 1 0.05 0
0 0.625 0 0.0138889 0
0 0.515278 1 0.05 0
0 0.54375 0 0.0402778 0
0 0.384028 0 0.0152778 0
0 0.625 0 0.0138889 0
0 0.515278 1 0.05 0
0 0.544444 0 0.0388889 0
0 0.625 0 0.0138889 0
0 0.515278 1 0.05 0
0 0.54375 0 0.0402778 0
0 0.625 0 0.0138889 0
0 0.515278 1 0.05 0
0 0.384028 0 0.0152778 0
0 0.544444 0 0.0416667 0
0 0.625 0 0.0138889 0
0 0.515278 1 0.05 0
0 0.54375 0 0.0402778 0
0 0.625 0 0.0138889 0
0 0.515278 1 0.05 0
0 0.625 0 0.0138889 0
0 0.544444 0 0.0416667 0
0 0.515278 1 0.05 0
0 0.54375 0 0.0402778 0
0 0.625 0 0.0138889 0
0 0.515278 1 0.05 0
0 0.384028 0 0.0152778 0
0 0.544444 0 0.0416667 0
0 0.625 0 0.0138889 0
0 0.515278 1 0.05 0
0 0.54375 0 0.0402778 0
0 0.625694 0 0.0152778 0
0 0.515278 1 0.05 0
0 0.54375 0 0.0402778 0
0 0.625694 0 0.0152778 0
0 0.515278 1 0.05 0
0 0.544444 0 0.0416667 0
0 0.384028 0 0.0152778 0
0 0.625 0 0.0138889 0
0 0.515278 1 0.05 0
0 0.544444 0 0.0416667 0
0 0.625 0 0.0138889 0
0 0.384028 0 0.0152778 0
0 0.515278 1 0.05 0
0 0.54375 0 0.0402778 0
0 0.384722 0 0.0138889 0
0 0.625 0 0.0138889 0
0 0.515278 1 0.05 0
0 0.544444 0 0.0416667 0
0 0.384028 0 0.0152778 0
0 0.625 0 0.0138889 0
0 0.515278 1 0.05 0
0 0.54375 0 0.0402778 0
0 0.384028 0 0.0152778 0
0 0.625 0 0.0138889 0
0 0.515278 1 0.05 0
0 0.625 0 0.0138889 0
0 0.515278 1 0.05 0
0 0.384028 0 0.0152778 0
0 0.625 0 0.0138889 0
0 0.515278 1 0.05 0
0 0.384028 0 0.0152778 0
0 0.625 0 0.0138889 0
0 0.515278 1 0.05 0
0 0.625 0 0.0138889 0
0 0.515278 1 0.05 0
0 0.384028 0 0.0152778 0
0 0.625 0 0.0138889 0
0 0.515278 1 0.05 0
0 0.384028 0 0.0152778 0
0 0.625 0 0.0138889 0
0 0.515278 1 0.05 0
0 0.625 0 0.0138889 0
0 0.515278 1 0.05 0
0 0.384028 0 0.0152778 0
0 0.625 0 0.0138889 0
0 0.515278 1 0.05 0
0 0.384028 0 0.0152778 0
0 0.625 0 0.0138889 0
0 0.515278 1 0.05 0
0 0.625 0 0.0138889 0
0 0.514583 1 0.0513889 0
0 0.384028 0 0.0152778 0
0 0.625694 0 0.0125 0
0 0.514583 1 0.0513889 0
0 0.625694 0 0.0125 0
0 0.514583 1 0.0513889 0
0 0.384028 0 0.0152778 0
0 0.625 0 0.0138889 0
0 0.514583 1 0.0513889 0
0 0.625 0 0.0138889 0
0 0.514583 1 0.0513889 0
0 0.384028 0 0.0152778 0
0 0.625 0 0.0138889 0
0 0.514583 1 0.0513889 0
0 0.544444 0 0.0416667 0
0 0.384028 0 0.0152778 0
0 0.625 0 0.0138889 0
0 0.514583 1 0.0513889 0
0 0.384028 0 0.0152778 0
0 0.54375 0 0.0402778 0
0 0.625 0 0.0138889 0
0 0.514583 1 0.0513889 0
0 0.543056 0 0.0416667 0
0 0.625 0 0.0138889 0
0 0.514583 1 0.0513889 0
0 0.54375 0 0.0430556 0
0 0.384028 0 0.0152778 0
0 0.625 0 0.0138889 0
0 0.514583 1 0.0513889 0
0 0.384028 0 0.0152778 0
0 0.544444 0 0.0416667 0
0 0.625 0 0.0138889 0
0 0.514583 1 0.0513889 0
0 0.54375 0 0.0430556 0
0 0.384028 0 0.0152778 0
0 0.625 0 0.0138889 0
0 0.514583 1 0.0513889 0
0 0.54375 0 0.0430556 0
0 0.383333 0 0.0138889 0
0 0.625 0 0.0138889 0
0 0.514583 1 0.0513889 0
0 0.54375 0 0.0430556 0
0 0.625 0 0.0138889 0
0 0.383333 0 0.0138889 0
0 0.514583 1 0.0513889 0
0 0.542361 0 0.0402778 0
0 0.384028 0 0.0152778 0
0 0.625 0 0.0138889 0
0 0.514583 1 0.0513889 0
0 0.54375 0 0.0430556 0
0 0.383333 0 0.0138889 0
0 0.625 0 0.0138889 0
0 0.514583 1 0.0513889 0
0 0.543056 0 0.0416667 0
0 0.625 0 0.0138889 0
0 0.383333 0 0.0138889 0
0 0.514583 1 0.0597222 0
0 0.542361 0 0.0402778 0
0 0.625 0 0.0138889 0
0 0.513889 1 0.0583333 0
0 0.543056 0 0.0416667 0
0 0.384028 0 0.0152778 0
0 0.625 0 0.0138889 0
0 0.513889 1 0.0583333 0
0 0.543056 0 0.0416667 0
0 0.625 0 0.0138889 0
0 0.513889 1 0.0583333 0
0 0.54375 0 0.0430556 0
0 0.625 0 0.0138889 0
0 0.384028 0 0.0152778 0
0 0.513889 1 0.0583333 0
0 0.625 0 0.0138889 0
0 0.513889 1 0.0583333 0
0 0.543056 0 0.0416667 0
0 0.625 0 0.0138889 0
0 0.513889 1 0.0583333 0
0 0.383333 0 0.0138889 0
0 0.625 0 0.0138889 0
0 0.513889 1 0.0583333 0
0 0.383333 0 0.0138889 0
0 0.625 0 0.0138889 0
0 0.513889 1 0.0583333 0
0 0.383333 0 0.0138889 0
0 0.625 0 0.0138889 0
0 0.513889 1 0.0583333 0
0 0.383333 0 0.0138889 0
0 0.625 0 0.0138889 0
0 0.513889 1 0.0583333 0
0 0.383333 0 0.0138889 0
0 0.625 0 0.0138889 0
0 0.513889 1 0.0583333 0
0 0.383333 0 0.0138889 0
0 0.625 0 0.0138889 0
0 0.513889 1 0.0583333 0
0 0.624306 0 0.0125 0
0 0.383333 0 0.0138889 0
0 0.513889 1 0.0583333 0
0 0.383333 0 0.0138889 0
0 0.624306 0 0.0152778 0
0 0.513889 1 0.0583333 0
0 0.624306 0 0.0152778 0
0 0.513889 1 0.0583333 0
0 0.383333 0 0.0138889 0
0 0.54375 0 0.0402778 0
0 0.625 0 0.0138889 0
0 0.513889 1 0.0583333 0
0 0.544444 0 0.0416667 0
0 0.624306 0 0.0125 0
0 0.383333 0 0.0138889 0
0 0.513889 1 0.0583333 0
0 0.54375 0 0.0402778 0
0 0.625 0 0.0138889 0
0 0.513889 1 0.0583333 0
0 0.624306 0 0.0125 0
0 0.544444 0 0.0416667 0
0 0.383333 0 0.0138889 0
0 0.513889 1 0.0583333 0
0 0.54375 0 0.0402778 0
0 0.625 0 0.0138889 0
0 0.513889 1 0.0583333 0
0 0.54375 0 0.0402778 0
0 0.625 0 0.0138889 0
0 0.513889 1 0.0583333 0
0 0.544444 0 0.0416667 0
0 0.383333 0 0.0138889 0
0 0.513194 1 0.0597222 0
0 0.383333 0 0.0138889 0
0 0.513889 1 0.0583333 0
0 0.625 0 0.0138889 0
0 0.383333 0 0.0138889 0
0 0.513889 1 0.0583333 0
0 0.383333 0 0.0138889 0
0 0.513889 1 0.0583333 0
0 0.383333 0 0.0138889 0
0 0.513194 1 0.0597222 0
0 0.625 0 0.0138889 0
0 0.5125 1 0.0583333 0
0 0.625 0 0.0138889 0
0 0.383333 0 0.0138889 0
0 0.5125 1 0.0583333 0
0 0.625 0 0.0138889 0
0 0.5125 1 0.0583333 0
0 0.383333 0 0.0138889 0
0 0.625 0 0.0138889 0
0 0.5125 1 0.0583333 0
0 0.383333 0 0.0138889 0
0 0.5125 1 0.0583333 0
0 0.5125 1 0.0583333 0
0 0.54375 0 0.0402778 0
0 0.383333 0 0.0138889 0
0 0.5125 1 0.0583333 0
0 0.624306 0 0.0152778 0
0 0.5125 1 0.0583333 0
0 0.383333 0 0.0138889 0
0 0.5125 1 0.0583333 0
0 0.623611 0 0.0138889 0
0 0.5125 1 0.0583333 0
0 0.625 0 0.0138889 0
0 0.5125 1 0.0583333 0
0 0.54375 0 0.0402778 0
0 0.383333 0 0.0138889 0
0 0.625 0 0.0138889 0
0 0.5125 1 0.0583333 0
0 0.383333 0 0.0138889 0
0 0.625 0 0.0138889 0
0 0.5125 1 0.0583333 0
0 0.625 0 0.0138889 0
0 0.5125 1 0.0583333 0
0 0.625 0 0.0138889 0
0 0.5125 1 0.0583333 0
0 0.383333 0 0.0138889 0
0 0.625 0 0.0138889 0
0 0.5125 1 0.0583333 0
0 0.383333 0 0.0138889 0
0 0.625 0 0.0138889 0
0 0.5125 1 0.0583333 0
0 0.624306 0 0.0125 0
0 0.5125 1 0.0583333 0
0 0.383333 0 0.0138889 0
0 0.625 0 0.0138889 0
0 0.5125 1 0.0583333 0
0 0.383333 0 0.0138889 0
0 0.624306 0 0.0125 0
0 0.5125 1 0.0583333 0
0 0.383333 0 0.0138889 0
0 0.625 0 0.0138889 0
0 0.5125 1 0.0583333 0
0 0.383333 0 0.0138889 0
0 0.625 0 0.0138889 0
0 0.5125 1 0.0583333 0
0 0.624306 0 0.0125 0
0 0.511806 1 0.0569444 0
0 0.624306 0 0.0125 0
0 0.511806 1 0.0569444 0
0 0.383333 0 0.0138889 0
0 0.625 0 0.0138889 0
0 0.511806 1 0.0569444 0
0 0.624306 0 0.0125 0
0 0.511806 1 0.0569444 0
0 0.624306 0 0.0125 0
0 0.511806 1 0.0569444 0
0 0.625 0 0.0138889 0
0 0.383333 0 0.0138889 0
0 0.511806 1 0.0569444 0
0 0.54375 0 0.0402778 0
0 0.383333 0 0.0138889 0
0 0.625 0 0.0138889 0
0 0.511806 1 0.0569444 0
0 0.623611 0 0.0138889 0
0 0.511806 1 0.0569444 0
0 0.383333 0 0.0138889 0
0 0.625 0 0.0138889 0
0 0.511806 1 0.0569444 0
0 0.543056 0 0.0416667 0
0 0.383333 0 0.0138889 0
0 0.511806 1 0.0569444 0
0 0.624306 0 0.0125 0
0 0.542361 0 0.0402778 0
0 0.511806 1 0.0569444 0
0 0.623611 0 0.0138889 0
0 0.542361 0 0.0402778 0
0 0.511806 1 0.0569444 0
0 0.383333 0 0.0138889 0
0 0.542361 0 0.0402778 0
0 0.511806 1 0.0569444 0
0 0.542361 0 0.0402778 0
0 0.624306 0 0.0125 0
0 0.511806 1 0.0569444 0
0 0.542361 0 0.0402778 0
0 0.383333 0 0.0138889 0
0 0.624306 0 0.0125 0
0 0.511806 1 0.0569444 0
0 0.543056 0 0.0416667 0
0 0.383333 0 0.0138889 0
0 0.511806 1 0.0569444 0
0 0.623611 0 0.0138889 0
0 0.543056 0 0.0416667 0
0 0.383333 0 0.0138889 0
0 0.511806 1 0.0569444 0
0 0.623611 0 0.0138889 0
0 0.543056 0 0.0416667 0
0 0.383333 0 0.0138889 0
0 0.511806 1 0.0569444 0
0 0.623611 0 0.0138889 0
0 0.543056 0 0.0416667 0
0 0.383333 0 0.0138889 0
0 0.511806 1 0.0569444 0
0 0.623611 0 0.0138889 0
0 0.511806 1 0.0486111 0
0 0.383333 0 0.0138889 0
0 0.623611 0 0.0138889 0
0 0.511806 1 0.0486111 0
0 0.623611 0 0.0138889 0
0 0.511806 1 0.0486111 0
0 0.623611 0 0.0138889 0
0 0.383333 0 0.0138889 0
0 0.511806 1 0.0486111 0
0 0.623611 0 0.0138889 0
0 0.511806 1 0.0486111 0
0 0.623611 0 0.0138889 0
0 0.383333 0 0.0138889 0
0 0.511806 1 0.0486111 0
0 0.54375 0 0.0402778 0
0 0.383333 0 0.0138889 0
0 0.623611 0 0.0138889 0
0 0.511806 1 0.0513889 0
0 0.623611 0 0.0138889 0
0 0.511806 1 0.0513889 0
0 0.623611 0 0.0138889 0
0 0.383333 0 0.0138889 0
0 0.511806 1 0.0513889 0
0 0.623611 0 0.0138889 0
0 0.383333 0 0.0138889 0
0 0.511806 1 0.0513889 0
0 0.383333 0 0.0138889 0
0 0.623611 0 0.0138889 0
0 0.511806 1 0.0513889 0
0 0.623611 0 0.0138889 0
0 0.383333 0 0.0138889 0
0 0.511806 1 0.0513889 0
0 0.623611 0 0.0138889 0
0 0.383333 0 0.0138889 0
0 0.511806 1 0.0486111 0
0 0.623611 0 0.0138889 0
0 0.383333 0 0.0138889 0
0 0.511806 1 0.0486111 0
0 0.623611 0 0.0138889 0
0 0.383333 0 0.0138889 0
0 0.511806 1 0.0486111 0
0 0.623611 0 0.0138889 0
0 0.383333 0 0.0138889 0
0 0.511806 1 0.0486111 0
0 0.623611 0 0.0138889 0
0 0.511806 1 0.0486111 0
0 0.623611 0 0.0138889 0
0 0.383333 0 0.0138889 0
0 0.511806 1 0.0486111 0
0 0.383333 0 0.0138889 0
0 0.623611 0 0.0138889 0
0 0.511806 1 0.0486111 0
0 0.623611 0 0.0138889 0
0 0.383333 0 0.0138889 0
0 0.511806 1 0.0486111 0
0 0.383333 0 0.0138889 0
0 0.623611 0 0.0138889 0
0 0.511806 1 0.0486111 0
0 0.623611 0 0.0138889 0
0 0.383333 0 0.0138889 0
0 0.511806 1 0.0486111 0
0 0.623611 0 0.0138889 0
0 0.383333 0 0.0138889 0
0 0.511806 1 0.0486111 0
0 0.383333 0 0.0138889 0
0 0.623611 0 0.0138889 0
0 0.511806 1 0.0486111 0
0 0.623611 0 0.0138889 0
0 0.383333 0 0.0138889 0
0 0.511806 1 0.0486111 0
0 0.623611 0 0.0138889 0
0 0.383333 0 0.0138889 0
0 0.511806 1 0.0486111 0
0 0.623611 0 0.0138889 0
0 0.383333 0 0.0138889 0
0 0.511806 1 0.0486111 0
0 0.383333 0 0.0138889 0
0 0.623611 0 0.0138889 0
0 0.511806 1 0.0486111 0
0 0.623611 0 0.0138889 0
0 0.383333 0 0.0138889 0
0 0.511806 1 0.0486111 0
0 0.623611 0 0.0138889 0
0 0.383333 0 0.0138889 0
0 0.5125 1 0.0527778 0
0 0.623611 0 0.0138889 0
0 0.383333 0 0.0138889 0
0 0.5125 1 0.0527778 0
0 0.383333 0 0.0138889 0
0 0.623611 0 0.0138889 0
0 0.511806 1 0.0486111 0
0 0.383333 0 0.0138889 0
0 0.623611 0 0.0138889 0
0 0.511806 1 0.0486111 0
0 0.623611 0 0.0138889 0
0 0.383333 0 0.0138889 0
0 0.511806 1 0.0486111 0
0 0.542361 0 0.0402778 0
0 0.623611 0 0.0138889 0
0 0.383333 0 0.0138889 0
0 0.511806 1 0.0486111 0
0 0.383333 0 0.0138889 0
0 0.542361 0 0.0402778 0
0 0.623611 0 0.0138889 0
0 0.511806 1 0.0486111 0
0 0.543056 0 0.0416667 0
0 0.623611 0 0.0138889 0
0 0.382639 0 0.0125 0
0 0.511806 1 0.0486111 0
0 0.542361 0 0.0402778 0
0 0.623611 0 0.0138889 0
0 0.511806 1 0.0486111 0
0 0.542361 0 0.0402778 0
0 0.623611 0 0.0138889 0
0 0.383333 0 0.0138889 0
0 0.511806 1 0.0486111 0
0 0.623611 0 0.0138889 0
0 0.383333 0 0.0138889 0
0 0.542361 0 0.0430556 0
0 0.5125 1 0.0583333 0
0 0.383333 0 0.0138889 0
0 0.542361 0 0.0402778 0
0 0.623611 0 0.0138889 0
0 0.5125 1 0.0583333 0
0 0.623611 0 0.0138889 0
0 0.543056 0 0.0416667 0
0 0.383333 0 0.0138889 0
0 0.5125 1 0.0583333 0
0 0.383333 0 0.0138889 0
0 0.542361 0 0.0402778 0
0 0.623611 0 0.0138889 0
0 0.5125 1 0.0583333 0
0 0.623611 0 0.0138889 0
0 0.383333 0 0.0138889 0
0 0.543056 0 0.0416667 0
0 0.5125 1 0.0583333 0
0 0.543056 0 0.0416667 0
0 0.383333 0 0.0138889 0
0 0.623611 0 0.0138889 0
0 0.5125 1 0.0583333 0
0 0.543056 0 0.0388889 0
0 0.623611 0 0.0138889 0
0 0.383333 0 0.0138889 0
0 0.5125 1 0.0583333 0
0 0.543056 0 0.0416667 0
0 0.623611 0 0.0138889 0
0 0.382639 0 0.0152778 0
0 0.5125 1 0.0583333 0
0 0.543056 0 0.0388889 0
0 0.623611 0 0.0138889 0
0 0.383333 0 0.0138889 0
0 0.5125 1 0.0583333 0
0 0.543056 0 0.0388889 0
0 0.383333 0 0.0138889 0
0 0.623611 0 0.0138889 0
0 0.5125 1 0.0583333 0
0 0.623611 0 0.0138889 0
0 0.543056 0 0.0388889 0
0 0.5125 1 0.0583333 0
0 0.624306 0 0.0152778 0
0 0.383333 0 0.0138889 0
0 0.54375 0 0.0402778 0
0 0.5125 1 0.0583333 0
0 0.542361 0 0.0402778 0
0 0.5125 1 0.0583333 0
0 0.54375 0 0.0430556 0
0 0.5125 1 0.0583333 0
0 0.54375 0 0.0402778 0
0 0.5125 1 0.0583333 0
0 0.383333 0 0.0138889 0
0 0.544444 0 0.0416667 0
0 0.5125 1 0.0583333 0
0 0.383333 0 0.0138889 0
0 0.54375 0 0.0430556 0
0 0.5125 1 0.0583333 0
0 0.54375 0 0.0402778 0
0 0.624306 0 0.0152778 0
0 0.5125 1 0.0583333 0
0 0.624306 0 0.0152778 0
0 0.383333 0 0.0138889 0
0 0.544444 0 0.0416667 0
0 0.5125 1 0.0583333 0
0 0.54375 0 0.0402778 0
0 0.624306 0 0.0152778 0
0 0.5125 1 0.0583333 0
0 0.624306 0 0.0125 0
0 0.544444 0 0.0416667 0
0 0.5125 1 0.0583333 0
0 0.54375 0 0.0402778 0
0 0.625 0 0.0138889 0
0 0.5125 1 0.0583333 0
0 0.624306 0 0.0152778 0
0 0.5125 1 0.0583333 0
0 0.625 0 0.0138889 0
0 0.382639 0 0.0152778 0
0 0.5125 1 0.05 0
0 0.383333 0 0.0138889 0
0 0.625 0 0.0138889 0
0 0.5125 1 0.05 0
0 0.383333 0 0.0138889 0
0 0.625 0 0.0138889 0
0 0.5125 1 0.05 0
0 0.625 0 0.0138889 0
0 0.383333 0 0.0138889 0
0 0.5125 1 0.05 0
0 0.624306 0 0.0152778 0
0 0.5125 1 0.0583333 0
0 0.383333 0 0.0138889 0
0 0.625 0 0.0138889 0
0 0.5125 1 0.0583333 0
0 0.625 0 0.0138889 0
0 0.5125 1 0.0583333 0
0 0.384028 0 0.0152778 0
0 0.625 0 0.0138889 0
0 0.5125 1 0.0583333 0
0 0.624306 0 0.0152778 0
0 0.5125 1 0.0583333 0
0 0.625 0 0.0138889 0
0 0.5125 1 0.0583333 0
0 0.382639 0 0.0152778 0
0 0.625 0 0.0138889 0
0 0.5125 1 0.0583333 0
0 0.383333 0 0.0138889 0
0 0.625 0 0.0138889 0
0 0.5125 1 0.0583333 0
0 0.625 0 0.0138889 0
0 0.382639 0 0.0152778 0
0 0.5125 1 0.0583333 0
0 0.382639 0 0.0152778 0
0 0.625 0 0.0138889 0
0 0.5125 1 0.0583333 0
0 0.625 0 0.0138889 0
0 0.5125 1 0.0583333 0
0 0.383333 0 0.0138889 0
0 0.625 0 0.0138889 0
0 0.5125 1 0.0583333 0
0 0.384028 0 0.0152778 0
0 0.625 0 0.0138889 0
0 0.5125 1 0.0583333 0
0 0.383333 0 0.0138889 0
0 0.625 0 0.0138889 0
0 0.5125 1 0.0583333 0
0 0.383333 0 0.0138889 0
0 0.625 0 0.0138889 0
0 0.5125 1 0.0583333 0
0 0.384028 0 0.0152778 0
0 0.625 0 0.0138889 0
0 0.5125 1 0.0583333 0
0 0.384028 0 0.0152778 0
0 0.625 0 0.0138889 0
0 0.5125 1 0.0583333 0
0 0.384028 0 0.0152778 0
0 0.625 0 0.0138889 0
0 0.513889 1 0.0583333 0
0 0.625 0 0.0138889 0
0 0.513889 1 0.0583333 0
0 0.625 0 0.0138889 0
0 0.513889 1 0.0583333 0
0 0.625694 0 0.0125 0
0 0.513194 1 0.0597222 0
0 0.384028 0 0.0152778 0
0 0.625694 0 0.0125 0
0 0.513194 1 0.0597222 0
0 0.625694 0 0.0125 0
0 0.513889 1 0.0583333 0
0 0.384028 0 0.0152778 0
0 0.625694 0 0.0125 0
0 0.513889 1 0.0583333 0
0 0.625694 0 0.0125 0
0 0.513889 1 0.0583333 0
0 0.384028 0 0.0152778 0
0 0.625694 0 0.0125 0
0 0.513889 1 0.0583333 0
0 0.384028 0 0.0152778 0
0 0.625694 0 0.0125 0
0 0.513889 1 0.0583333 0
0 0.544444 0 0.0416667 0
0 0.384028 0 0.0152778 0
0 0.625 0 0.0138889 0
0 0.513889 1 0.0583333 0
0 0.384028 0 0.0152778 0
0 0.544444 0 0.0416667 0
0 0.625694 0 0.0125 0
0 0.513889 1 0.0583333 0
0 0.625694 0 0.0125 0
0 0.513889 1 0.0583333 0
0 0.384028 0 0.0152778 0
0 0.544444 0 0.0416667 0
0 0.625694 0 0.0125 0
0 0.513889 1 0.0583333 0
0 0.544444 0 0.0416667 0
0 0.383333 0 0.0138889 0
0 0.625 0 0.0138889 0
0 0.513889 1 0.0583333 0
0 0.544444 0 0.0416667 0
0 0.384028 0 0.0152778 0
0 0.625 0 0.0138889 0
0 0.513889 1 0.0583333 0
0 0.544444 0 0.0416667 0
0 0.384028 0 0.0152778 0
0 0.625 0 0.0138889 0
0 0.513889 1 0.0583333 0
0 0.625 0 0.0138889 0
0 0.513889 1 0.0583333 0
0 0.544444 0 0.0416667 0
0 0.383333 0 0.0138889 0
0 0.625 0 0.0138889 0
0 0.513889 1 0.0583333 0
0 0.54375 0 0.0430556 0
0 0.383333 0 0.0138889 0
0 0.625 0 0.0138889 0
0 0.513889 1 0.0583333 0
0 0.54375 0 0.0402778 0
0 0.383333 0 0.0138889 0
0 0.625 0 0.0138889 0
0 0.513889 1 0.0583333 0
0 0.544444 0 0.0416667 0
0 0.383333 0 0.0138889 0
0 0.625 0 0.0138889 0
0 0.513889 1 0.0583333 0
0 0.625 0 0.0138889 0
0 0.513889 1 0.0583333 0
0 0.54375 0 0.0402778 0
0 0.383333 0 0.0138889 0
0 0.625 0 0.0138889 0
0 0.513889 1 0.0583333 0
0 0.544444 0 0.0416667 0
0 0.383333 0 0.0138889 0
0 0.625 0 0.0138889 0
0 0.515278 1 0.0583333 0
0 0.544444 0 0.0416667 0
0 0.383333 0 0.0138889 0
0 0.625 0 0.0138889 0
0 0.515278 1 0.0583333 0
0 0.543056 0 0.0416667 0
0 0.383333 0 0.0138889 0
0 0.625 0 0.0138889 0
0 0.515278 1 0.0583333 0
0 0.54375 0 0.0430556 0
0 0.384028 0 0.0152778 0
0 0.625 0 0.0138889 0
0 0.515278 1 0.0583333 0
0 0.543056 0 0.0416667 0
0 0.383333 0 0.0138889 0
0 0.625 0 0.0138889 0
0 0.515278 1 0.0583333 0
0 0.543056 0 0.0416667 0
0 0.625 0 0.0138889 0
0 0.384028 0 0.0152778 0
0 0.515278 1 0.0583333 0
0 0.54375 0 0.0402778 0
0 0.383333 0 0.0138889 0
0 0.625 0 0.0138889 0
0 0.515278 1 0.0583333 0
0 0.54375 0 0.0402778 0
0 0.625 0 0.0138889 0
0 0.383333 0 0.0138889 0
0 0.515278 1 0.0583333 0
0 0.54375 0 0.0402778 0
0 0.383333 0 0.0138889 0
0 0.625 0 0.0138889 0
0 0.515278 1 0.0583333 0
0 0.54375 0 0.0402778 0
0 0.383333 0 0.0138889 0
0 0.625 0 0.0138889 0
0 0.515278 1 0.0583333 0
0 0.543056 0 0.0388889 0
0 0.625 0 0.0138889 0
0 0.515278 1 0.0583333 0
0 0.54375 0 0.0402778 0
0 0.384028 0 0.0152778 0
0 0.625 0 0.0138889 0
0 0.514583 1 0.0513889 0
0 0.625 0 0.0138889 0
0 0.514583 1 0.0513889 0
0 0.54375 0 0.0402778 0
0 0.625 0 0.0138889 0
0 0.384028 0 0.0152778 0
0 0.514583 1 0.0513889 0
0 0.54375 0 0.0402778 0
0 0.384028 0 0.0152778 0
0 0.625 0 0.0138889 0
0 0.514583 1 0.0513889 0
0 0.54375 0 0.0402778 0
0 0.625 0 0.0138889 0
0 0.384028 0 0.0152778 0
0 0.514583 1 0.0513889 0
0 0.54375 0 0.0402778 0
0 0.625 0 0.0138889 0
0 0.514583 1 0.0513889 0
0 0.54375 0 0.0402778 0
0 0.383333 0 0.0138889 0
0 0.625 0 0.0138889 0
0 0.514583 1 0.0513889 0
0 0.54375 0 0.0402778 0
0 0.384028 0 0.0152778 0
0 0.625 0 0.0138889 0
0 0.514583 1 0.0513889 0
0 0.54375 0 0.0402778 0
0 0.625 0 0.0138889 0
0 0.384028 0 0.0152778 0
0 0.514583 1 0.0513889 0
0 0.625 0 0.0138889 0
0 0.514583 1 0.0513889 0
0 0.383333 0 0.0138889 0
0 0.625 0 0.0138889 0
0 0.515278 1 0.05 0
0 0.383333 0 0.0138889 0
0 0.625 0 0.0138889 0
0 0.515278 1 0.05 0
0 0.384028 0 0.0152778 0
0 0.625 0 0.0138889 0
0 0.515278 1 0.05 0
0 0.625 0 0.0138889 0
0 0.515278 1 0.05 0
0 0.384028 0 0.0152778 0
0 0.625 0 0.0138889 0
0 0.515278 1 0.05 0
0 0.383333 0 0.0138889 0
0 0.625 0 0.0138889 0
0 0.515278 1 0.05 0
0 0.625 0 0.0138889 0
0 0.515278 1 0.05 0
0 0.384028 0 0.0152778 0
0 0.625 0 0.0138889 0
0 0.515278 1 0.05 0
0 0.383333 0 0.0138889 0
0 0.625 0 0.0138889 0
0 0.514583 1 0.0513889 0
0 0.383333 0 0.0138889 0
0 0.625 0 0.0138889 0
0 0.514583 1 0.0513889 0
0 0.625 0 0.0138889 0
0 0.514583 1 0.0513889 0
0 0.383333 0 0.0138889 0
0 0.625694 0 0.0125 0
0 0.514583 1 0.0513889 0
0 0.625 0 0.0138889 0
0 0.514583 1 0.0513889 0
0 0.383333 0 0.0138889 0
0 0.625694 0 0.0125 0
0 0.515278 1 0.0583333 0
0 0.384028 0 0.0152778 0
0 0.625694 0 0.0125 0
0 0.515278 1 0.0583333 0
0 0.383333 0 0.0138889 0
0 0.625 0 0.0111111 0
0 0.515278 1 0.0583333 0
0 0.625 0 0.0138889 0
0 0.515278 1 0.0583333 0
0 0.625 0 0.0138889 0
0 0.515278 1 0.0583333 0
0 0.383333 0 0.0138889 0
0 0.625694 0 0.0125 0
0 0.514583 1 0.0486111 0
0 0.625 0 0.0138889 0
0 0.514583 1 0.0486111 0
0 0.383333 0 0.0138889 0
0 0.625694 0 0.0125 0
0 0.514583 1 0.0486111 0
0 0.383333 0 0.0138889 0
0 0.625694 0 0.0125 0
0 0.514583 1 0.0486111 0
0 0.625 0 0.0138889 0
0 0.514583 1 0.0486111 0
0 0.383333 0 0.0138889 0
0 0.625 0 0.0138889 0
0 0.513889 1 0.05 0
0 0.625 0 0.0138889 0
0 0.384028 0 0.0125 0
0 0.513889 1 0.05 0
0 0.625 0 0.0138889 0
0 0.513889 1 0.05 0
0 0.625 0 0.0138889 0
0 0.513889 1 0.05 0
0 0.625 0 0.0138889 0
0 0.513889 1 0.05 0
0 0.625 0 0.0138889 0
0 0.513889 1 0.05 0
0 0.625 0 0.0138889 0
0 0.513889 1 0.05 0
0 0.625 0 0.0138889 0
0 0.513889 1 0.05 0
0 0.625694 0 0.0125 0
0 0.513889 1 0.0583333 0
0 0.625694 0 0.0125 0
0 0.513889 1 0.0583333 0
0 0.383333 0 0.0138889 0
0 0.625 0 0.0138889 0
0 0.513889 1 0.05 0
0 0.383333 0 0.0138889 0
0 0.625 0 0.0138889 0
0 0.513889 1 0.05 0
0 0.625 0 0.0138889 0
0 0.513889 1 0.05 0
0 0.625 0 0.0138889 0
0 0.513889 1 0.05 0
0 0.624306 0 0.0125 0
0 0.513889 1 0.0583333 0
0 0.625 0 0.0138889 0
0 0.513889 1 0.0583333 0
0 0.624306 0 0.0125 0
0 0.513889 1 0.0583333 0
0 0.624306 0 0.0152778 0
0 0.513889 1 0.0583333 0
0 0.625 0 0.0138889 0
0 0.513889 1 0.0583333 0
0 0.624306 0 0.0125 0
0 0.513889 1 0.0583333 0
0 0.383333 0 0.0138889 0
0 0.624306 0 0.0125 0
0 0.513889 1 0.0583333 0
0 0.625 0 0.0138889 0
0 0.513889 1 0.0583333 0
0 0.624306 0 0.0125 0
0 0.513889 1 0.0583333 0
0 0.625 0 0.0138889 0
0 0.513889 1 0.0583333 0
0 0.384028 0 0.0125 0
0 0.625 0 0.0138889 0
0 0.513889 1 0.0583333 0
0 0.624306 0 0.0125 0
0 0.383333 0 0.0138889 0
0 0.513889 1 0.0583333 0
0 0.383333 0 0.0138889 0
0 0.625 0 0.0138889 0
0 0.513889 1 0.0583333 0
0 0.625 0 0.0138889 0
0 0.513889 1 0.0583333 0
0 0.384028 0 0.0125 0
0 0.625 0 0.0138889 0
0 0.513889 1 0.0583333 0
0 0.384028 0 0.0125 0
0 0.625 0 0.0138889 0
0 0.513889 1 0.0583333 0
0 0.625 0 0.0138889 0
0 0.513889 1 0.0583333 0
0 0.383333 0 0.0138889 0
0 0.625 0 0.0138889 0
0 0.513889 1 0.0583333 0
0 0.625 0 0.0138889 0
0 0.513889 1 0.0583333 0
0 0.383333 0 0.0138889 0
0 0.625 0 0.0138889 0
0 0.513889 1 0.0583333 0
0 0.625 0 0.0138889 0
0 0.513889 1 0.0583333 0
0 0.625 0 0.0138889 0
0 0.383333 0 0.0138889 0
0 0.513889 1 0.0583333 0
0 0.383333 0 0.0138889 0
0 0.625 0 0.0138889 0
0 0.513889 1 0.0583333 0
0 0.54375 0 0.0402778 0
0 0.624306 0 0.0125 0
0 0.383333 0 0.0138889 0
0 0.513889 1 0.0583333 0
0 0.383333 0 0.0138889 0
0 0.625 0 0.0138889 0
0 0.513889 1 0.0583333 0
0 0.54375 0 0.0402778 0
0 0.625 0 0.0138889 0
0 0.383333 0 0.0138889 0
0 0.513889 1 0.0583333 0
0 0.625 0 0.0138889 0
0 0.513889 1 0.0583333 0
0 0.54375 0 0.0402778 0
0 0.383333 0 0.0138889 0
0 0.625 0 0.0138889 0
0 0.513889 1 0.0583333 0
0 0.624306 0 0.0125 0
0 0.383333 0 0.0138889 0
0 0.544444 0 0.0416667 0
0 0.513889 1 0.0583333 0
0 0.624306 0 0.0152778 0
0 0.513889 1 0.0583333 0
0 0.54375 0 0.0402778 0
0 0.624306 0 0.0125 0
0 0.383333 0 0.0138889 0
0 0.513889 1 0.0583333 0
0 0.624306 0 0.0125 0
0 0.383333 0 0.0138889 0
0 0.513889 1 0.0583333 0
0 0.54375 0 0.0402778 0
0 0.624306 0 0.0125 0
0 0.383333 0 0.0138889 0
0 0.513889 1 0.0583333 0
0 0.544444 0 0.0416667 0
0 0.624306 0 0.0125 0
0 0.383333 0 0.0138889 0
0 0.513889 1 0.0583333 0
0 0.625 0 0.0138889 0
0 0.513889 1 0.0583333 0
0 0.625 0 0.0138889 0
0 0.513889 1 0.0583333 0
0 0.625 0 0.0138889 0
0 0.513889 1 0.0583333 0
0 0.383333 0 0.0138889 0
0 0.625 0 0.0138889 0
0 0.513889 1 0.0583333 0
0 0.625 0 0.0138889 0
0 0.513889 1 0.0583333 0
0 0.625 0 0.0138889 0
0 0.513889 1 0.0583333 0
0 0.625 0 0.0138889 0
0 0.513889 1 0.0583333 0
0 0.383333 0 0.0138889 0
0 0.625 0 0.0138889 0
0 0.513889 1 0.0583333 0
0 0.625 0 0.0138889 0
0 0.513889 1 0.0583333 0
0 0.625 0 0.0138889 0
0 0.513889 1 0.0583333 0
0 0.625 0 0.0138889 0
0 0.513889 1 0.0583333 0
0 0.625 0 0.0138889 0
0 0.513889 1 0.0583333 0
0 0.383333 0 0.0138889 0
0 0.625 0 0.0138889 0
0 0.513889 1 0.0583333 0
0 0.625 0 0.0138889 0
0 0.513889 1 0.0583333 0
0 0.384028 0 0.0152778 0
0 0.625 0 0.0138889 0
0 0.513889 1 0.0583333 0
0 0.384028 0 0.0152778 0
0 0.625 0 0.0138889 0
0 0.513889 1 0.0583333 0
0 0.384028 0 0.0152778 0
0 0.625 0 0.0138889 0
0 0.513889 1 0.0583333 0
0 0.625 0 0.0138889 0
0 0.513889 1 0.0583333 0
0 0.624306 0 0.0152778 0
0 0.384028 0 0.0152778 0
0 0.513889 1 0.0583333 0
0 0.624306 0 0.0152778 0
0 0.513889 1 0.0583333 0
0 0.54375 0 0.0430556 0
0 0.625 0 0.0138889 0
0 0.383333 0 0.0138889 0
0 0.513889 1 0.0583333 0
0 0.625 0 0.0138889 0
0 0.513889 1 0.0583333 0
0 0.543056 0 0.0416667 0
0 0.383333 0 0.0138889 0
0 0.625 0 0.0138889 0
0 0.513889 1 0.0583333 0
0 0.543056 0 0.0416667 0
0 0.625 0 0.0138889 0
0 0.513889 1 0.0583333 0
0 0.383333 0 0.0138889 0
0 0.625 0 0.0138889 0
0 0.513889 1 0.0583333 0
0 0.54375 0 0.0402778 0
0 0.625 0 0.0138889 0
0 0.383333 0 0.0138889 0
0 0.513889 1 0.0583333 0
0 0.54375 0 0.0402778 0
0 0.625 0 0.0138889 0
0 0.383333 0 0.0138889 0
0 0.513889 1 0.0583333 0
0 0.54375 0 0.0402778 0
0 0.383333 0 0.0138889 0
0 0.625 0 0.0138889 0
0 0.513889 1 0.0583333 0
0 0.383333 0 0.0138889 0
0 0.625 0 0.0138889 0
0 0.513889 1 0.0583333 0
0 0.383333 0 0.0138889 0
0 0.625 0 0.0138889 0
0 0.513889 1 0.0583333 0
0 0.625 0 0.0138889 0
0 0.383333 0 0.0138889 0
0 0.513889 1 0.0583333 0
0 0.383333 0 0.0138889 0
0 0.625 0 0.0138889 0
0 0.513889 1 0.0583333 0
0 0.54375 0 0.0402778 0
0 0.625 0 0.0138889 0
0 0.383333 0 0.0138889 0
0 0.513889 1 0.0583333 0
0 0.625 0 0.0138889 0
0 0.513889 1 0.0583333 0
0 0.383333 0 0.0138889 0
0 0.625 0 0.0138889 0
0 0.513889 1 0.0583333 0
0 0.383333 0 0.0138889 0
0 0.625 0 0.0138889 0
0 0.513889 1 0.0583333 0
0 0.625 0 0.0138889 0
0 0.383333 0 0.0138889 0
0 0.513889 1 0.0583333 0
0 0.625 0 0.0138889 0
0 0.513889 1 0.0583333 0
0 0.383333 0 0.0166667 0
0 0.625 0 0.0138889 0
0 0.513889 1 0.0583333 0
0 0.383333 0 0.0166667 0
0 0.625 0 0.0138889 0
0 0.513889 1 0.0583333 0
0 0.625 0 0.0138889 0
0 0.513889 1 0.0583333 0
0 0.383333 0 0.0138889 0
0 0.625 0 0.0138889 0
0 0.513889 1 0.0583333 0
0 0.383333 0 0.0166667 0
0 0.625 0 0.0138889 0
0 0.513889 1 0.0583333 0
0 0.624306 0 0.0152778 0
0 0.513889 1 0.0583333 0
0 0.383333 0 0.0138889 0
0 0.625 0 0.0138889 0
0 0.513889 1 0.0583333 0
0 0.384028 0 0.0152778 0
0 0.625 0 0.0138889 0
0 0.513194 1 0.0597222 0
0 0.625 0 0.0138889 0
0 0.513194 1 0.0597222 0
0 0.384028 0 0.0152778 0
0 0.625 0 0.0138889 0
0 0.513889 1 0.0583333 0
0 0.383333 0 0.0138889 0
0 0.624306 0 0.0152778 0
0 0.513194 1 0.0597222 0
0 0.383333 0 0.0138889 0
0 0.5125 1 0.0583333 0
0 0.624306 0 0.0152778 0
0 0.5125 1 0.0583333 0
0 0.383333 0 0.0166667 0
0 0.5125 1 0.0583333 0
0 0.624306 0 0.0152778 0
0 0.5125 1 0.0583333 0
0 0.382639 0 0.0152778 0
0 0.625 0 0.0138889 0
0 0.5125 1 0.0583333 0
0 0.624306 0 0.0125 0
0 0.5125 1 0.05 0
0 0.625 0 0.0138889 0
0 0.5125 1 0.05 0
0 0.54375 0 0.0402778 0
0 0.624306 0 0.0125 0
0 0.5125 1 0.05 0
0 0.625 0 0.0138889 0
0 0.5125 1 0.05 0
0 0.625 0 0.0138889 0
0 0.5125 1 0.05 0
0 0.625 0 0.0138889 0
0 0.5125 1 0.05 0
0 0.54375 0 0.0402778 0
0 0.624306 0 0.0125 0
0 0.5125 1 0.0583333 0
0 0.54375 0 0.0402778 0
0 0.624306 0 0.0125 0
0 0.5125 1 0.0583333 0
0 0.54375 0 0.0402778 0
0 0.625 0 0.0138889 0
0 0.5125 1 0.0583333 0
0 0.54375 0 0.0402778 0
0 0.625 0 0.0138889 0
0 0.5125 1 0.0583333 0
0 0.544444 0 0.0416667 0
0 0.624306 0 0.0125 0
0 0.5125 1 0.0583333 0
0 0.383333 0 0.0138889 0
0 0.54375 0 0.0402778 0
0 0.624306 0 0.0125 0
0 0.5125 1 0.0583333 0
0 0.624306 0 0.0125 0
0 0.5125 1 0.05 0
0 0.383333 0 0.0138889 0
0 0.624306 0 0.0125 0
0 0.5125 1 0.0583333 0
0 0.625 0 0.0138889 0
0 0.5125 1 0.0583333 0
0 0.383333 0 0.0138889 0
0 0.624306 0 0.0125 0
0 0.5125 1 0.0583333 0
0 0.624306 0 0.0152778 0
0 0.5125 1 0.0583333 0
0 0.383333 0 0.0138889 0
0 0.624306 0 0.0125 0
0 0.5125 1 0.0583333 0
0 0.624306 0 0.0152778 0
0 0.5125 1 0.0583333 0
0 0.624306 0 0.0125 0
0 0.383333 0 0.0138889 0
0 0.5125 1 0.0583333 0
0 0.624306 0 0.0125 0
0 0.383333 0 0.0138889 0
0 0.5125 1 0.0583333 0
0 0.624306 0 0.0152778 0
0 0.5125 1 0.0583333 0
0 0.544444 0 0.0416667 0
0 0.624306 0 0.0125 0
0 0.383333 0 0.0138889 0
0 0.5125 1 0.0583333 0
0 0.624306 0 0.0152778 0
0 0.5125 1 0.0583333 0
0 0.544444 0 0.0416667 0
0 0.624306 0 0.0125 0
0 0.383333 0 0.0138889 0
0 0.5125 1 0.0583333 0
0 0.624306 0 0.0125 0
0 0.383333 0 0.0138889 0
0 0.5125 1 0.0583333 0
0 0.54375 0 0.0402778 0
0 0.383333 0 0.0138889 0
0 0.624306 0 0.0125 0
0 0.5125 1 0.0583333 0
0 0.54375 0 0.0402778 0
0 0.383333 0 0.0138889 0
0 0.624306 0 0.0152778 0
0 0.5125 1 0.0583333 0
0 0.383333 0 0.0138889 0
0 0.54375 0 0.0402778 0
0 0.625 0 0.0138889 0
0 0.5125 1 0.0583333 0
0 0.544444 0 0.0416667 0
0 0.383333 0 0.0138889 0
0 0.624306 0 0.0125 0
0 0.5125 1 0.05 0
0 0.54375 0 0.0402778 0
0 0.624306 0 0.0152778 0
0 0.5125 1 0.0583333 0
0 0.383333 0 0.0138889 0
0 0.624306 0 0.0125 0
0 0.5125 1 0.0583333 0
0 0.625 0 0.0138889 0
0 0.5125 1 0.0583333 0
0 0.383333 0 0.0138889 0
0 0.624306 0 0.0125 0
0 0.5125 1 0.0583333 0
0 0.383333 0 0.0138889 0
0 0.624306 0 0.0125 0
0 0.5125 1 0.0583333 0
0 0.624306 0 0.0152778 0
0 0.5125 1 0.0583333 0
0 0.54375 0 0.0402778 0
0 0.625 0 0.0138889 0
0 0.383333 0 0.0138889 0
0 0.5125 1 0.0583333 0
0 0.624306 0 0.0152778 0
0 0.5125 1 0.0583333 0
0 0.383333 0 0.0138889 0
0 0.624306 0 0.0152778 0
0 0.5125 1 0.0583333 0
0 0.625 0 0.0138889 0
0 0.5125 1 0.0583333 0
0 0.383333 0 0.0138889 0
0 0.625 0 0.0138889 0
0 0.5125 1 0.0583333 0
0 0.54375 0 0.0402778 0
0 0.383333 0 0.0138889 0
0 0.625 0 0.0138889 0
0 0.5125 1 0.0583333 0
0 0.383333 0 0.0138889 0
0 0.625 0 0.0138889 0
0 0.5125 1 0.0583333 0
