0 0.447222 0.5 0.0277778 1
0 0.447222 0.5 0.0277778 1
0 0.447222 0.5 0.0277778 1
0 0.447222 0.5 0.0277778 1
0 0.447222 0.5 0.0277778 1
0 0.447222 0.5 0.0277778 1
0 0.447222 0.5 0.0277778 1
0 0.447222 0.5 0.0277778 1
0 0.447222 0.5 0.0277778 1
0 0.447222 0.5 0.0277778 1
0 0.447222 0.5 0.0277778 1
0 0.568056 0 0.0111111 0
0 0.447222 0.5 0.0277778 1
0 0.568056 0 0.0111111 0
0 0.447222 0.5 0.0277778 1
0 0.447222 0.5 0.0277778 1
0 0.447222 0.5 0.0277778 1
0 0.447222 0.5 0.0277778 1
0 0.447222 0.5 0.0277778 1
0 0.447222 0.5 0.0277778 1
0 0.447222 0.5 0.0277778 1
0 0.447222 0.5 0.0277778 1
0 0.447222 0.5 0.0277778 1
0 0.447222 0.5 0.0277778 1
0 0.447222 0.5 0.0277778 1
0 0.447222 0.5 0.0277778 1
0 0.447222 0.5 0.0277778 1
0 0.568056 0 0.0111111 0
0 0.447222 0.5 0.0277778 1
0 0.447222 0.5 0.0277778 1
0 0.447222 0.5 0.0277778 1
0 0.447222 0.5 0.0277778 1
0 0.568056 0 0.0111111 0
0 0.447222 0.5 0.0277778 1
0 0.447222 0.5 0.0277778 1
0 0.447222 0.5 0.0277778 1
0 0.447222 0.5 0.0277778 1
0 0.447222 0.5 0.0277778 1
0 0.447222 0.5 0.0277778 1
0 0.447222 0.5 0.0277778 1
0 0.447222 0.5 0.0277778 1
0 0.447222 0.5 0.0277778 1
0 0.447222 0.5 0.0277778 1
0 0.447222 0.5 0.0277778 1
0 0.447222 0.5 0.0277778 1
0 0.447222 0.5 0.0277778 1
0 0.568056 0 0.0111111 0
0 0.447222 0.5 0.0277778 1
0 0.447222 0.5 0.0277778 1
0 0.447222 0.5 0.0277778 1
0 0.447222 0.5 0.0277778 1
0 0.447222 0.5 0.0277778 1
0 0.447222 0.5 0.0277778 1
0 0.447222 0.5 0.0277778 1
0 0.447222 0.5 0.0277778 1
0 0.447222 0.5 0.0277778 1
0 0.447222 0.5 0.0277778 1
0 0.447222 0.5 0.0277778 1
0 0.447222 0.5 0.0277778 1
0 0.447222 0.5 0.0277778 1
0 0.447222 0.5 0.0277778 1
0 0.447222 0.5 0.0277778 1
0 0.447222 0.5 0.0277778 1
0 0.447222 0.5 0.0277778 1
0 0.447222 0.5 0.0277778 1
0 0.568056 0 0.0111111 0
0 0.447222 0.5 0.0277778 1
0 0.447222 0.5 0.0277778 1
0 0.447222 0.5 0.0277778 1
0 0.447222 0.5 0.0277778 1
0 0.447222 0.5 0.0277778 1
0 0.447222 0.5 0.0277778 1
0 0.447222 0.5 0.0277778 1
0 0.447222 0.5 0.0277778 1
0 0.447222 0.5 0.0277778 1
0 0.447222 0.5 0.0277778 1
0 0.447222 0.5 0.0277778 1
0 0.447222 0.5 0.0277778 1
0 0.447222 0.5 0.0277778 1
0 0.447222 0.5 0.0277778 1
0 0.447222 0.5 0.0277778 1
0 0.447222 0.5 0.0277778 1
0 0.447222 0.5 0.0277778 1
0 0.447222 0.5 0.0277778 1
0 0.447222 0.5 0.0277778 1
0 0.447222 0.5 0.0277778 1
0 0.447222 0.5 0.0277778 1
0 0.447222 0.5 0.0277778 1
0 0.447222 0.5 0.0277778 1
0 0.568056 0 0.0111111 0
0 0.447222 0.5 0.0277778 1
0 0.447222 0.5 0.0277778 1
0 0.447222 0.5 0.0277778 1
0 0.447222 0.5 0.0277778 1
0 0.568056 0 0.0111111 0
0 0.447222 0.5 0.0277778 1
0 0.447222 0.5 0.0277778 1
0 0.447222 0.5 0.0277778 1
0 0.447222 0.5 0.0277778 1
0 0.447222 0.5 0.0277778 1
0 0.447222 0.5 0.0277778 1
0 0.568056 0 0.0111111 0
0 0.447222 0.5 0.0277778 1
0 0.447222 0.5 0.0277778 1
0 0.447222 0.5 0.0277778 1
0 0.568056 0 0.0111111 0
0 0.447222 0.5 0.0277778 1
0 0.447222 0.5 0.0277778 1
0 0.447222 0.5 0.0277778 1
0 0.56875 0 0.0125 0
0 0.447222 0.5 0.0277778 1
0 0.447222 0.5 0.0277778 1
0 0.447222 0.5 0.0277778 1
0 0.447222 0.5 0.0277778 1
0 0.447222 0.5 0.0277778 1
0 0.447222 0.5 0.0277778 1
0 0.447222 0.5 0.0277778 1
0 0.56875 0 0.0125 0
0 0.447222 0.5 0.0277778 1
0 0.56875 0 0.0125 0
0 0.447222 0.5 0.0277778 1
0 0.568056 0 0.0111111 0
0 0.447222 0.5 0.0277778 1
0 0.56875 0 0.0125 0
0 0.447222 0.5 0.0277778 1
0 0.568056 0 0.0111111 0
0 0.447222 0.5 0.0277778 1
0 0.56875 0 0.0125 0
0 0.447222 0.5 0.0277778 1
0 0.447222 0.5 0.0277778 1
0 0.447222 0.5 0.0277778 1
0 0.568056 0 0.0111111 0
0 0.447222 0.5 0.0277778 1
0 0.447222 0.5 0.0277778 1
0 0.447222 0.5 0.0277778 1
0 0.56875 0 0.0125 0
0 0.447222 0.5 0.0277778 1
0 0.568056 0 0.0111111 0
0 0.447222 0.5 0.0277778 1
0 0.447222 0.5 0.0277778 1
0 0.56875 0 0.0125 0
0 0.447222 0.5 0.0277778 1
0 0.447222 0.5 0.0277778 1
0 0.56875 0 0.0125 0
0 0.447222 0.5 0.0277778 1
0 0.447222 0.5 0.0277778 1
0 0.56875 0 0.0125 0
0 0.447222 0.5 0.0277778 1
0 0.447222 0.5 0.0277778 1
0 0.56875 0 0.0125 0
0 0.447222 0.5 0.0277778 1
0 0.568056 0 0.0111111 0
0 0.447222 0.5 0.0277778 1
0 0.56875 0 0.0125 0
0 0.447222 0.5 0.0277778 1
0 0.56875 0 0.0125 0
0 0.447222 0.5 0.0277778 1
0 0.56875 0 0.0125 0
0 0.447222 0.5 0.0277778 1
0 0.568056 0 0.0111111 0
0 0.447222 0.5 0.0277778 1
0 0.56875 0 0.0125 0
0 0.447222 0.5 0.0277778 1
0 0.447222 0.5 0.0277778 1
0 0.56875 0 0.0125 0
0 0.447222 0.5 0.0277778 1
0 0.568056 0 0.0111111 0
0 0.447222 0.5 0.0277778 1
0 0.447222 0.5 0.0277778 1
0 0.56875 0 0.0125 0
0 0.447222 0.5 0.0277778 1
0 0.568056 0 0.0111111 0
0 0.447222 0.5 0.0277778 1
0 0.447222 0.5 0.0277778 1
0 0.447222 0.5 0.0277778 1
0 0.447222 0.5 0.0277778 1
0 0.56875 0 0.0125 0
0 0.447222 0.5 0.0277778 1
0 0.56875 0 0.0125 0
0 0.447222 0.5 0.0277778 1
0 0.568056 0 0.0111111 0
0 0.447222 0.5 0.0277778 1
0 0.56875 0 0.0125 0
0 0.447222 0.5 0.0277778 1
0 0.447222 0.5 0.0277778 1
0 0.447222 0.5 0.0277778 1
0 0.447222 0.5 0.0277778 1
0 0.56875 0 0.0125 0
0 0.447222 0.5 0.0277778 1
0 0.568056 0 0.0111111 0
0 0.447222 0.5 0.0277778 1
0 0.447222 0.5 0.0277778 1
0 0.447222 0.5 0.0277778 1
0 0.447222 0.5 0.0277778 1
0 0.568056 0 0.0111111 0
0 0.447222 0.5 0.0277778 1
0 0.447222 0.5 0.0277778 1
0 0.447222 0.5 0.0277778 1
0 0.447222 0.5 0.0277778 1
0 0.568056 0 0.0111111 0
0 0.447222 0.5 0.0277778 1
0 0.56875 0 0.0125 0
0 0.447222 0.5 0.0277778 1
0 0.568056 0 0.0111111 0
0 0.447222 0.5 0.0277778 1
0 0.56875 0 0.0125 0
0 0.447222 0.5 0.0277778 1
0 0.447222 0.5 0.0277778 1
0 0.447222 0.5 0.0277778 1
0 0.447222 0.5 0.0277778 1
0 0.56875 0 0.0125 0
0 0.447222 0.5 0.0277778 1
0 0.448611 0.5 0.0277778 1
0 0.449306 0.5 0.0263889 1
0 0.452083 0.5 0.0263889 1
0 0.452083 0.5 0.0263889 1
0 0.570833 0 0.0111111 0
0 0.453472 0.5 0.0263889 1
0 0.508333 0 0.0333333 0
0 0.455556 0.5 0.025 1
0 0.45625 0.5 0.0236111 1
0 0.45625 0.5 0.0236111 1
0 0.456944 0.5 0.025 1
0 0.473611 0.5 0.0527778 1
0 0.459722 1 0.0222222 0
0 0.475694 0.5 0.0513889 1
0 0.510417 0 0.0347222 0
0 0.478472 0.5 0.0541667 1
0 0.477778 0.5 0.0527778 1
0 0.479861 0.5 0.0513889 1
0 0.394444 0 0.0111111 0
0 0.577083 0 0.00972222 0
0 0.480556 0.5 0.05 1
0 0.480556 0.5 0.0472222 1
0 0.480556 0.5 0.0444444 1
0 0.584028 0 0.00972222 0
0 0.483333 0.5 0.0444444 1
0 0.484722 0.5 0.0472222 1
0 0.484722 0.5 0.0472222 1
0 0.589583 0 0.00972222 0
0 0.484722 0.5 0.0472222 1
0 0.590972 0 0.00972222 0
0 0.485417 0.5 0.0486111 1
0 0.404167 0 0.0111111 0
0 0.592361 0 0.00972222 0
0 0.4875 1 0.0444444 0
0 0.490278 1 0.0444444 0
0 0.497917 1 0.0263889 0
0 0.491667 1 0.0444444 0
0 0.498611 1 0.0277778 0
0 0.49375 1 0.0430556 0
0 0.5 1 0.0277778 0
0 0.530556 0 0.0305556 0
0 0.597222 0 0.0111111 0
0 0.502083 1 0.0291667 0
0 0.503472 1 0.0291667 0
0 0.504167 1 0.0305556 0
0 0.532639 0 0.0319444 0
0 0.504861 1 0.0291667 0
0 0.6 0 0.0111111 0
0 0.534028 0 0.0347222 0
0 0.505556 1 0.0277778 0
0 0.600694 0 0.00972222 0
0 0.506944 1 0.0277778 0
0 0.602778 0 0.0111111 0
0 0.509028 1 0.0291667 0
0 0.404167 0 0.0111111 0
0 0.536111 0 0.0361111 0
0 0.602778 0 0.0111111 0
0 0.509028 1 0.0291667 0
0 0.536111 0 0.0361111 0
0 0.511111 1 0.0305556 0
0 0.536111 0 0.0361111 0
0 0.511111 1 0.0305556 0
0 0.536111 0 0.0361111 0
0 0.511111 1 0.0305556 0
0 0.5375 0 0.0361111 0
0 0.511806 1 0.0291667 0
0 0.511806 1 0.0291667 0
0 0.60625 0 0.0125 0
0 0.5125 1 0.0277778 0
0 0.606944 0 0.0138889 0
0 0.514583 1 0.0291667 0
0 0.514583 1 0.0291667 0
0 0.607639 0 0.0125 0
0 0.515278 0.5 0.0277778 1
0 0.515278 0.5 0.0277778 1
0 0.607639 0 0.0125 0
0 0.515278 0.5 0.0305556 1
0 0.607639 0 0.0125 0
0 0.402083 0 0.0125 0
0 0.514583 0.5 0.0291667 1
0 0.608333 0 0.0138889 0
0 0.401389 0 0.0138889 0
0 0.515278 0.5 0.0305556 1
0 0.608333 0 0.0138889 0
0 0.401389 0 0.0138889 0
0 0.515278 0.5 0.0305556 1
0 0.608333 0 0.0111111 0
0 0.513889 0.5 0.0305556 1
0 0.401389 0 0.0138889 0
0 0.609028 0 0.0125 0
0 0.514583 0.5 0.0319444 1
0 0.514583 0.5 0.0319444 1
0 0.514583 0.5 0.0319444 1
0 0.513889 0.5 0.0333333 1
0 0.5125 0.5 0.0333333 1
0 0.610417 0 0.0125 0
0 0.5125 0.5 0.0333333 1
0 0.5125 0.5 0.0333333 1
0 0.511806 0.5 0.0347222 1
0 0.511806 0.5 0.0347222 1
0 0.396528 0 0.0125 0
0 0.611111 0 0.0111111 0
0 0.511111 0.5 0.0333333 1
0 0.511111 0.5 0.0333333 1
0 0.395833 0 0.0138889 0
0 0.6125 0 0.0138889 0
0 0.511111 0.5 0.0333333 1
0 0.510417 0.5 0.0347222 1
0 0.509722 0.5 0.0361111 1
0 0.6125 0 0.0111111 0
0 0.509028 0.5 0.0347222 1
0 0.6125 0 0.0138889 0
0 0.509722 0.5 0.0361111 1
0 0.6125 0 0.0138889 0
0 0.390972 0 0.0152778 0
0 0.508333 0.5 0.0361111 1
0 0.726389 0 0.0138889 0
0 0.613194 0 0.0125 0
0 0.507639 0.5 0.0375 1
0 0.613194 0 0.0152778 0
0 0.50625 0.5 0.0375 1
0 0.613194 0 0.0125 0
0 0.505556 0.5 0.0361111 1
0 0.3875 0 0.0138889 0
0 0.614583 0 0.0125 0
0 0.505556 0.5 0.0388889 1
0 0.386806 0 0.0152778 0
0 0.614583 0 0.0125 0
0 0.504167 0.5 0.0388889 1
0 0.386806 0 0.0152778 0
0 0.614583 0 0.0125 0
0 0.504167 0.5 0.0388889 1
0 0.615278 0 0.0138889 0
0 0.502778 0.5 0.0416667 1
0 0.384722 0 0.0138889 0
0 0.615972 0 0.0125 0
0 0.502083 0.5 0.0430556 1
0 0.615972 0 0.0125 0
0 0.500694 0.5 0.0430556 1
0 0.615972 0 0.0152778 0
0 0.500694 0.5 0.0430556 1
0 0.616667 0 0.0138889 0
0 0.499306 0.5 0.0430556 1
0 0.498611 0.5 0.0472222 1
0 0.738194 0 0.0125 0
0 0.498611 0.5 0.05 1
0 0.617361 0 0.0152778 0
0 0.738889 0 0.0138889 0
0 0.497917 0.5 0.0486111 1
0 0.379861 0 0.0152778 0
0 0.617361 0 0.0125 0
0 0.497222 0.5 0.05 1
0 0.618056 0 0.0138889 0
0 0.496528 0 0.0486111 0
0 0.378472 0 0.0152778 0
0 0.61875 0 0.0152778 0
0 0.495833 0 0.05 0
0 0.743056 0 0.0138889 0
0 0.61875 0 0.0152778 0
0 0.495139 0 0.0486111 0
0 0.494444 0 0.05 0
0 0.745139 0 0.0152778 0
0 0.49375 0 0.0513889 0
0 0.745139 0 0.0152778 0
0 0.620139 0 0.0152778 0
0 0.493056 0 0.0527778 0
0 0.620833 0 0.0166667 0
0 0.747222 0 0.0166667 0
0 0.492361 0 0.0569444 0
0 0.746528 0 0.0152778 0
0 0.620833 0 0.0166667 0
0 0.492361 0 0.0569444 0
0 0.620833 0 0.0166667 0
0 0.490278 0 0.0555556 0
0 0.621528 0 0.0152778 0
0 0.489583 0 0.0569444 0
0 0.370833 0 0.0166667 0
0 0.750694 0 0.0152778 0
0 0.621528 0 0.0152778 0
0 0.488889 0 0.0583333 0
0 0.370833 0 0.0138889 0
0 0.752083 0 0.0152778 0
0 0.622917 0 0.0152778 0
0 0.488889 0 0.0583333 0
0 0.752778 0 0.0166667 0
0 0.488194 0 0.0597222 0
0 0.754861 0 0.0180556 0
0 0.4875 0 0.0611111 0
0 0.368056 0 0.0166667 0
0 0.624306 0 0.0152778 0
0 0.4875 0 0.0611111 0
0 0.366667 0 0.0166667 0
0 0.757639 0 0.0152778 0
0 0.625694 0 0.0152778 0
0 0.486806 0 0.0625 0
0 0.365278 0 0.0166667 0
0 0.758333 0 0.0166667 0
0 0.625694 0 0.0152778 0
0 0.486111 0 0.0638889 0
0 0.231944 0 0.0166667 0
0 0.365278 0 0.0166667 0
0 0.626389 0 0.0166667 0
0 0.759028 0 0.0180556 0
0 0.485417 0 0.0652778 0
0 0.760417 0 0.0180556 0
0 0.626389 0 0.0166667 0
0 0.365278 0 0.0166667 0
0 0.484722 0 0.0666667 0
0 0.627083 0 0.0152778 0
0 0.364583 0 0.0180556 0
0 0.484722 0 0.0666667 0
0 0.363889 0 0.0166667 0
0 0.627778 0 0.0166667 0
0 0.484028 0 0.0680556 0
0 0.363194 0 0.0152778 0
0 0.628472 0 0.0152778 0
0 0.764583 0 0.0152778 0
0 0.483333 0 0.0722222 0
0 0.3625 0 0.0166667 0
0 0.765278 0 0.0166667 0
0 0.628472 0 0.0180556 0
0 0.483333 0 0.0722222 0
0 0.3625 0 0.0166667 0
0 0.630556 0 0.0166667 0
0 0.767361 0 0.0180556 0
0 0.481944 0 0.075 0
0 0.768056 0 0.0166667 0
0 0.666667 0 0.0388889 0
0 0.630556 0 0.0166667 0
0 0.481944 0 0.075 0
0 0.769444 0 0.0166667 0
0 0.630556 0 0.0194444 0
0 0.48125 0 0.0763889 0
0 0.359028 0 0.0180556 0
0 0.220139 0 0.0152778 0
0 0.770833 0 0.0166667 0
0 0.631944 0 0.0166667 0
0 0.480556 0 0.0777778 0
0 0.771528 0 0.0180556 0
0 0.359028 0 0.0180556 0
0 0.631944 0 0.0166667 0
0 0.480556 0 0.0805556 0
0 0.775 0 0.0166667 0
0 0.634028 0 0.0180556 0
0 0.479167 0 0.0861111 0
0 0.777083 0 0.0180556 0
0 0.634722 0 0.0194444 0
0 0.478472 0 0.0875 0
0 0.354861 0 0.0180556 0
0 0.778472 0 0.0180556 0
0 0.635417 0 0.0180556 0
0 0.478472 0 0.0875 0
0 0.780556 0 0.0166667 0
0 0.636111 0 0.0166667 0
0 0.478472 0 0.0902778 0
0 0.352778 0 0.0166667 0
0 0.781944 0 0.0166667 0
0 0.6375 0 0.0166667 0
0 0.478472 0 0.0930556 0
0 0.636806 0 0.0180556 0
0 0.784028 0 0.0180556 0
0 0.352778 0 0.0166667 0
0 0.479167 0 0.0944444 0
0 0.785417 0 0.0180556 0
0 0.352083 0 0.0180556 0
0 0.639583 0 0.0180556 0
0 0.479167 0 0.0972222 0
0 0.786806 0 0.0180556 0
0 0.351389 0 0.0194444 0
0 0.639583 0 0.0180556 0
0 0.479861 0 0.0986111 0
0 0.350694 0 0.0180556 0
0 0.788889 0 0.0166667 0
0 0.640278 0 0.0194444 0
0 0.479861 0 0.101389 0
0 0.790972 0 0.0180556 0
0 0.349306 0 0.0180556 0
0 0.642361 0 0.0180556 0
0 0.481944 0.5 0.108333 1
0 0.794444 0 0.0194444 0
0 0.348611 0 0.0194444 0
0 0.64375 0 0.0208333 0
0 0.485417 0.5 0.115278 1
0 0.794444 0 0.0194444 0
0 0.348611 0 0.0194444 0
0 0.64375 0 0.0208333 0
0 0.485417 0.5 0.115278 1
0 0.549306 0 0.0347222 0
0 0.345833 0 0.0194444 0
0 0.797917 0 0.0208333 0
0 0.645139 0 0.0180556 0
0 0.494444 0.5 0.113889 1
0 0.55 0 0.0361111 0
0 0.798611 0 0.0194444 0
0 0.493056 0.5 0.122222 1
0 0.345833 0 0.0166667 0
0 0.645139 0 0.0180556 0
0 0.800694 0 0.0180556 0
0 0.455556 0 0.0361111 0
0 0.345139 0 0.0180556 0
0 0.646528 0 0.0180556 0
0 0.523611 1 0.0805556 0
0 0.455556 0 0.0361111 0
0 0.1875 0 0.0194444 0
0 0.344444 0 0.0166667 0
0 0.802778 0 0.0194444 0
0 0.647222 0 0.0194444 0
0 0.526389 1 0.0888889 0
0 0.454861 0 0.0375 0
0 0.344444 0 0.0194444 0
0 0.804167 0 0.0194444 0
0 0.648611 0 0.0194444 0
0 0.528472 1 0.0958333 0
0 0.343056 0 0.0194444 0
0 0.805556 0 0.0222222 0
0 0.648611 0 0.0194444 0
0 0.535417 1 0.104167 0
0 0.455556 0 0.0388889 0
0 0.185417 0 0.0180556 0
0 0.341667 0 0.0194444 0
0 0.80625 0 0.0180556 0
0 0.649306 0 0.0180556 0
0 0.536806 1 0.1125 0
0 0.184722 0 0.0194444 0
0 0.341667 0 0.0194444 0
0 0.807639 0 0.0180556 0
0 0.536806 1 0.1125 0
0 0.650694 0 0.0180556 0
0 0.183333 0 0.0194444 0
0 0.808333 0 0.0194444 0
0 0.340278 0 0.0194444 0
0 0.525 0.5 0.119444 1
0 0.650694 0 0.0180556 0
0 0.810417 0 0.0180556 0
0 0.5 0 0.125 0
0 0.340278 0 0.0194444 0
0 0.651389 0 0.0194444 0
0 0.181944 0 0.0194444 0
0 0.811111 0 0.0222222 0
0 0.472917 0 0.129167 0
0 0.339583 0 0.0180556 0
0 0.652083 0 0.0180556 0
0 0.180556 0 0.0194444 0
0 0.497222 0 0.0666667 0
0 0.811806 0 0.0208333 0
0 0.4625 0 0.144444 0
0 0.339583 0 0.0180556 0
0 0.652778 0 0.0194444 0
0 0.425 0 0.125 0
0 0.8125 0 0.0194444 0
0 0.497222 0 0.0666667 0
0 0.340278 0 0.0194444 0
0 0.652778 0 0.0194444 0
0 0.179167 0 0.0194444 0
0 0.813889 0 0.0194444 0
0 0.497222 0 0.0666667 0
0 0.652778 0 0.0194444 0
0 0.339583 0 0.0180556 0
0 0.554861 0 0.0430556 0
0 0.497222 0 0.0666667 0
0 0.814583 0 0.0208333 0
0 0.339583 0 0.0180556 0
0 0.653472 0 0.0208333 0
0 0.554861 0 0.0430556 0
0 0.496528 0 0.0652778 0
0 0.814583 0 0.0208333 0
0 0.338889 0 0.0194444 0
0 0.654167 0 0.0222222 0
0 0.496528 0 0.0680556 0
0 0.815972 0 0.0208333 0
0 0.338889 0 0.0194444 0
0 0.654861 0 0.0208333 0
0 0.554861 0 0.0402778 0
0 0.175694 0 0.0180556 0
0 0.496528 0 0.0680556 0
0 0.815972 0 0.0208333 0
0 0.338889 0 0.0194444 0
0 0.654861 0 0.0208333 0
0 0.554861 0 0.0430556 0
0 0.175694 0 0.0180556 0
0 0.815972 0 0.0208333 0
0 0.496528 0 0.0708333 0
0 0.338889 0 0.0194444 0
0 0.654861 0 0.0208333 0
0 0.176389 0 0.0194444 0
0 0.497917 0 0.0708333 0
0 0.815972 0 0.0208333 0
0 0.338889 0 0.0194444 0
0 0.654861 0 0.0208333 0
0 0.176389 0 0.0194444 0
0 0.817361 0 0.0208333 0
0 0.495833 0 0.0722222 0
0 0.338194 0 0.0180556 0
0 0.655556 0 0.0222222 0
0 0.176389 0 0.0194444 0
0 0.555556 0 0.0444444 0
0 0.496528 0 0.0680556 0
0 0.817361 0 0.0208333 0
0 0.338194 0 0.0180556 0
0 0.654861 0 0.0208333 0
0 0.176389 0 0.0194444 0
0 0.497222 0 0.0694444 0
0 0.817361 0 0.0208333 0
0 0.338194 0 0.0180556 0
0 0.654861 0 0.0208333 0
0 0.175694 0 0.0180556 0
0 0.496528 0 0.0680556 0
0 0.818056 0 0.0222222 0
0 0.338889 0 0.0194444 0
0 0.655556 0 0.0222222 0
0 0.175 0 0.0194444 0
0 0.497917 0 0.0680556 0
0 0.818056 0 0.0194444 0
0 0.3375 0 0.0194444 0
0 0.655556 0 0.0222222 0
0 0.498611 0 0.0611111 0
0 0.175 0 0.0194444 0
0 0.818056 0 0.0194444 0
0 0.3375 0 0.0194444 0
0 0.655556 0 0.0222222 0
0 0.497917 0 0.0680556 0
0 0.817361 0 0.0208333 0
0 0.3375 0 0.0194444 0
0 0.65625 0 0.0208333 0
0 0.555556 0 0.0416667 0
0 0.499306 0 0.0680556 0
0 0.817361 0 0.0208333 0
0 0.336806 0 0.0208333 0
0 0.655556 0 0.0222222 0
0 0.496528 0 0.0708333 0
0 0.818056 0 0.0222222 0
0 0.336806 0 0.0208333 0
0 0.655556 0 0.0222222 0
0 0.819444 0 0.0222222 0
0 0.495139 0 0.0736111 0
0 0.173611 0 0.0194444 0
0 0.336806 0 0.0180556 0
0 0.655556 0 0.0222222 0
0 0.819444 0 0.0222222 0
0 0.174306 0 0.0208333 0
0 0.336806 0 0.0208333 0
0 0.495139 0 0.0708333 0
0 0.65625 0 0.0208333 0
0 0.538194 0 0.0319444 0
0 0.81875 0 0.0208333 0
0 0.173611 0 0.0194444 0
0 0.496528 0 0.0708333 0
0 0.654861 0 0.0208333 0
0 0.172917 0 0.0180556 0
0 0.336111 0 0.0222222 0
0 0.81875 0 0.0180556 0
0 0.495833 0 0.0722222 0
0 0.655556 0 0.0222222 0
0 0.81875 0 0.0208333 0
0 0.336111 0 0.0194444 0
0 0.495139 0 0.0763889 0
0 0.655556 0 0.0222222 0
0 0.81875 0 0.0180556 0
0 0.336111 0 0.0194444 0
0 0.656944 0 0.0222222 0
0 0.494444 0 0.0777778 0
0 0.655556 0 0.0222222 0
0 0.334722 0 0.0194444 0
0 0.494444 0 0.0777778 0
0 0.335417 0 0.0208333 0
0 0.655556 0 0.0222222 0
0 0.495139 0 0.0763889 0
0 0.335417 0 0.0208333 0
0 0.655556 0 0.0222222 0
0 0.495139 0 0.0763889 0
0 0.335417 0 0.0208333 0
0 0.495139 0 0.0680556 0
0 0.452778 0 0.0361111 0
0 0.654861 0 0.0208333 0
0 0.495833 0 0.0638889 0
0 0.654167 0 0.0194444 0
0 0.5375 0 0.0305556 0
0 0.653472 0 0.0208333 0
0 0.495139 0 0.0680556 0
0 0.494444 0 0.0694444 0
0 0.495833 0 0.0722222 0
0 0.495833 0 0.0694444 0
0 0.495139 0 0.0708333 0
0 0.49375 0 0.0708333 0
0 0.495139 0 0.0680556 0
0 0.495833 0 0.0722222 0
0 0.496528 0 0.0708333 0
0 0.495139 0 0.0680556 0
0 0.495139 0 0.0680556 0
0 0.495833 0 0.0694444 0
0 0.495833 0 0.0666667 0
0 0.494444 0 0.0694444 0
0 0.493056 0 0.0694444 0
0 0.493056 0 0.0666667 0
0 0.49375 0 0.0680556 0
0 0.495833 0 0.0638889 0
0 0.495833 0 0.0694444 0
0 0.489583 0 0.0736111 0
0 0.449306 0 0.0458333 0
0 0.447917 0 0.0402778 0
0 0.490278 0 0.075 0
0 0.492361 0 0.0680556 0
0 0.446528 0 0.0402778 0
0 0.492361 0 0.0680556 0
0 0.446528 0 0.0402778 0
0 0.490278 0 0.075 0
0 0.490278 0 0.0722222 0
0 0.489583 0 0.0680556 0
0 0.488889 0 0.0722222 0
0 0.489583 0 0.0708333 0
0 0.489583 0 0.0680556 0
0 0.490278 0 0.0694444 0
0 0.490278 0 0.0722222 0
0 0.488889 0 0.075 0
0 0.488194 0 0.0708333 0
0 0.488194 0 0.0708333 0
0 0.486806 0 0.0708333 0
0 0.4875 0 0.0666667 0
0 0.488194 0 0.0680556 0
0 0.488194 0 0.0625 0
0 0.488194 0 0.0597222 0
0 0.4875 0 0.0666667 0
0 0.486111 0 0.0666667 0
0 0.486806 0 0.0625 0
0 0.486806 0 0.0597222 0
0 0.486111 0 0.0583333 0
0 0.443056 0 0.0444444 0
0 0.486111 0 0.0666667 0
0 0.483333 0 0.0694444 0
0 0.484028 0 0.0708333 0
0 0.483333 0 0.0638889 0
0 0.435417 0 0.0402778 0
0 0.434722 0 0.0361111 0
0 0.213194 0 0.00694444 0
0 0.429167 0 0.0361111 0
0 0.428472 0 0.0319444 0
0 0.429167 0 0.0333333 0
0 0.428472 0 0.0291667 0
0 0.425 0 0.0416667 0
0 0.470139 0 0.0680556 0
0 0.492361 0 0.00972222 0
