0 0.484722 0 0.0194444 0
0 0.484722 0 0.0194444 0
0 0.484722 0 0.0194444 0
0 0.484722 0 0.0194444 0
0 0.484722 0 0.0194444 0
0 0.484722 0 0.0194444 0
0 0.484722 0 0.0194444 0
0 0.484722 0 0.0194444 0
0 0.484722 0 0.0194444 0
0 0.484722 0 0.0194444 0
0 0.484722 0 0.0194444 0
0 0.484722 0 0.0194444 0
0 0.484722 0 0.0194444 0
0 0.484722 0 0.0194444 0
0 0.484722 0 0.0194444 0
0 0.484722 0 0.0194444 0
0 0.484722 0 0.0194444 0
0 0.484722 0 0.0194444 0
0 0.484722 0 0.0194444 0
0 0.484722 0 0.0194444 0
0 0.484722 0 0.0194444 0
0 0.484722 0 0.0194444 0
0 0.484722 0 0.0194444 0
0 0.484722 0 0.0194444 0
0 0.484722 0 0.0194444 0
0 0.484722 0 0.0194444 0
0 0.484722 0 0.0194444 0
0 0.484722 0 0.0194444 0
0 0.484722 0 0.0194444 0
0 0.484722 0 0.0194444 0
0 0.484722 0 0.0194444 0
0 0.484722 0 0.0194444 0
0 0.484722 0 0.0194444 0
0 0.484722 0 0.0194444 0
0 0.484722 0 0.0194444 0
0 0.484722 0 0.0194444 0
0 0.484722 0 0.0194444 0
0 0.484722 0 0.0194444 0
0 0.484722 0 0.0194444 0
0 0.484722 0 0.0194444 0
0 0.484722 0 0.0194444 0
0 0.484722 0 0.0194444 0
0 0.484722 0 0.0194444 0
0 0.484722 0 0.0194444 0
0 0.484722 0 0.0194444 0
0 0.484722 0 0.0194444 0
0 0.484722 0 0.0194444 0
0 0.484722 0 0.0194444 0
0 0.484722 0 0.0194444 0
0 0.484722 0 0.0194444 0
0 0.484722 0 0.0194444 0
0 0.484722 0 0.0194444 0
0 0.484722 0 0.0194444 0
0 0.484722 0 0.0194444 0
0 0.484722 0 0.0194444 0
0 0.484722 0 0.0194444 0
0 0.484722 0 0.0194444 0
0 0.484722 0 0.0194444 0
0 0.484722 0 0.0194444 0
0 0.484722 0 0.0194444 0
0 0.484722 0 0.0194444 0
0 0.484722 0 0.0194444 0
0 0.484722 0 0.0194444 0
0 0.484722 0 0.0194444 0
0 0.484722 0 0.0194444 0
0 0.484722 0 0.0194444 0
0 0.484722 0 0.0194444 0
0 0.484722 0 0.0194444 0
0 0.484722 0 0.0194444 0
0 0.484722 0 0.0194444 0
0 0.484722 0 0.0194444 0
0 0.484722 0 0.0194444 0
0 0.484722 0 0.0194444 0
0 0.484722 0 0.0194444 0
0 0.484722 0 0.0194444 0
0 0.484722 0 0.0194444 0
0 0.484722 0 0.0194444 0
0 0.484722 0 0.0194444 0
0 0.484722 0 0.0194444 0
0 0.484722 0 0.0194444 0
0 0.484722 0 0.0194444 0
0 0.484722 0 0.0194444 0
0 0.484722 0 0.0194444 0
0 0.484722 0 0.0194444 0
0 0.484722 0 0.0194444 0
0 0.484722 0 0.0194444 0
0 0.484722 0 0.0194444 0
0 0.484722 0 0.0194444 0
0 0.484722 0 0.0194444 0
0 0.484722 0 0.0194444 0
0 0.484722 0 0.0194444 0
0 0.484722 0 0.0194444 0
0 0.484722 0 0.0194444 0
0 0.484722 0 0.0194444 0
0 0.484722 0 0.0194444 0
0 0.484722 0 0.0194444 0
0 0.484722 0 0.0194444 0
0 0.484722 0 0.0194444 0
0 0.484722 0 0.0194444 0
0 0.484722 0 0.0194444 0
0 0.484722 0 0.0194444 0
0 0.484722 0 0.0194444 0
0 0.484722 0 0.0194444 0
0 0.484722 0 0.0194444 0
0 0.484722 0 0.0194444 0
0 0.484722 0 0.0194444 0
0 0.484722 0 0.0194444 0
0 0.484722 0 0.0194444 0
0 0.484722 0 0.0194444 0
0 0.484722 0 0.0194444 0
0 0.484722 0 0.0194444 0
0 0.484722 0 0.0194444 0
0 0.484722 0 0.0194444 0
0 0.484722 0 0.0194444 0
0 0.484722 0 0.0194444 0
0 0.484722 0 0.0194444 0
0 0.484722 0 0.0194444 0
0 0.484722 0 0.0194444 0
0 0.484722 0 0.0194444 0
0 0.484722 0 0.0194444 0
0 0.484722 0 0.0194444 0
0 0.484722 0 0.0194444 0
0 0.484722 0 0.0194444 0
0 0.484722 0 0.0194444 0
0 0.484722 0 0.0194444 0
0 0.484722 0 0.0194444 0
0 0.484722 0 0.0194444 0
0 0.484722 0 0.0194444 0
0 0.484722 0 0.0194444 0
0 0.484722 0 0.0194444 0
0 0.484722 0 0.0194444 0
0 0.484722 0 0.0194444 0
0 0.484722 0 0.0194444 0
0 0.484722 0 0.0194444 0
0 0.484722 0 0.0194444 0
0 0.484722 0 0.0194444 0
0 0.484722 0 0.0194444 0
0 0.484722 0 0.0194444 0
0 0.484722 0 0.0194444 0
0 0.484722 0 0.0194444 0
0 0.484722 0 0.0194444 0
0 0.484722 0 0.0194444 0
0 0.484722 0 0.0194444 0
0 0.484722 0 0.0194444 0
0 0.484722 0 0.0194444 0
0 0.484722 0 0.0194444 0
0 0.484722 0 0.0194444 0
0 0.484722 0 0.0194444 0
0 0.484722 0 0.0194444 0
0 0.484722 0 0.0194444 0
0 0.484722 0 0.0194444 0
0 0.484722 0 0.0194444 0
0 0.484722 0 0.0194444 0
0 0.484722 0 0.0194444 0
0 0.484722 0 0.0194444 0
0 0.484722 0 0.0194444 0
0 0.484722 0 0.0194444 0
0 0.484722 0 0.0194444 0
0 0.484722 0 0.0194444 0
0 0.484722 0 0.0194444 0
0 0.484722 0 0.0194444 0
0 0.484722 0 0.0194444 0
0 0.484722 0 0.0194444 0
0 0.484722 0 0.0194444 0
0 0.484722 0 0.0194444 0
0 0.484722 0 0.0194444 0
0 0.484722 0 0.0194444 0
0 0.484722 0 0.0194444 0
0 0.484722 0 0.0194444 0
0 0.484722 0 0.0194444 0
0 0.484722 0 0.0194444 0
0 0.484722 0 0.0194444 0
0 0.484722 0 0.0194444 0
0 0.484722 0 0.0194444 0
0 0.484722 0 0.0194444 0
0 0.484722 0 0.0194444 0
0 0.484722 0 0.0194444 0
0 0.484722 0 0.0194444 0
0 0.484722 0 0.0194444 0
0 0.484722 0 0.0194444 0
0 0.484722 0 0.0194444 0
0 0.484722 0 0.0194444 0
0 0.484722 0 0.0194444 0
0 0.484722 0 0.0194444 0
0 0.484722 0 0.0194444 0
0 0.484722 0 0.0194444 0
0 0.484722 0 0.0194444 0
0 0.484722 0 0.0194444 0
0 0.484722 0 0.0194444 0
0 0.484722 0 0.0194444 0
0 0.484722 0 0.0194444 0
0 0.484722 0 0.0194444 0
0 0.484722 0 0.0194444 0
0 0.484722 0 0.0194444 0
0 0.484722 0 0.0194444 0
0 0.484722 0 0.0194444 0
0 0.484722 0 0.0194444 0
0 0.484722 0 0.0194444 0
0 0.484722 0 0.0194444 0
0 0.484722 0 0.0194444 0
0 0.484722 0 0.0194444 0
0 0.484722 0 0.0194444 0
0 0.484722 0 0.0194444 0
0 0.484722 0 0.0194444 0
0 0.484722 0 0.0194444 0
0 0.484722 0 0.0194444 0
0 0.484722 0 0.0194444 0
0 0.484722 0 0.0194444 0
0 0.484722 0 0.0194444 0
0 0.484722 0 0.0194444 0
0 0.484722 0 0.0194444 0
0 0.484722 0 0.0194444 0
0 0.484722 0 0.0194444 0
0 0.484722 0 0.0194444 0
0 0.484722 0 0.0194444 0
0 0.484722 0 0.0194444 0
0 0.484722 0 0.0194444 0
0 0.484722 0 0.0194444 0
0 0.484722 0 0.0194444 0
0 0.484722 0 0.0194444 0
0 0.484722 0 0.0194444 0
0 0.530556 0.5 0.0194444 1
0 0.530556 0.5 0.0194444 1
0 0.534722 0.5 0.0194444 1
0 0.539583 0.5 0.0208333 1
0 0.545139 0.5 0.0208333 1
0 0.551389 0.5 0.0194444 1
0 0.554861 0.5 0.0208333 1
0 0.559028 0.5 0.0208333 1
0 0.559028 0.5 0.0208333 1
0 0.563194 0 0.0208333 0
0 0.566667 0 0.0222222 0
0 0.573611 0 0.0222222 0
0 0.582639 0 0.0208333 0
0 0.593056 0 0.0222222 0
0 0.604861 0 0.0208333 0
0 0.616667 0 0.0222222 0
0 0.627083 0 0.0208333 0
0 0.63125 0 0.0208333 0
0 0.640278 0 0.0222222 0
0 0.648611 0 0.0222222 0
0 0.657639 0 0.0208333 0
0 0.670139 0 0.0208333 0
0 0.682639 0 0.0208333 0
0 0.695139 0 0.0208333 0
0 0.707639 0 0.0208333 0
0 0.715278 0 0.0222222 0
0 0.727778 0 0.0222222 0
0 0.727778 0 0.0222222 0
0 0.753472 0 0.0236111 0
0 0.753472 0 0.0236111 0
0 0.777778 0 0.0222222 0
0 0.788194 0 0.0208333 0
0 0.801389 0 0.0222222 0
0 0.810417 0 0.0208333 0
0 0.810417 0 0.0208333 0
0 0.824306 0 0.0208333 0
0 0.838194 0 0.0208333 0
0 0.852083 0 0.0236111 0
0 0.866667 0 0.0222222 0
0 0.88125 0 0.0236111 0
0 0.895139 0 0.0236111 0
0 0.911111 0 0.0222222 0
0 0.920139 0 0.0236111 0
0 0.920139 0 0.0236111 0
0 0.920139 0 0.0236111 0
0 0.920139 0 0.0236111 0
0 0.920139 0 0.0236111 0
0 0.920139 0 0.0236111 0
0 0.920139 0 0.0236111 0
0 0.920139 0 0.0236111 0
0 0.920139 0 0.0236111 0
0 0.920139 0 0.0236111 0
0 0.920139 0 0.0236111 0
0 0.920139 0 0.0236111 0
0 0.920139 0 0.0236111 0
0 0.920139 0 0.0236111 0
0 0.920139 0 0.0236111 0
0 0.920139 0 0.0236111 0
0 0.920139 0 0.0236111 0
0 0.920139 0 0.0236111 0
0 0.920139 0 0.0236111 0
0 0.920139 0 0.0236111 0
0 0.920139 0 0.0236111 0
0 0.920139 0 0.0236111 0
0 0.920139 0 0.0236111 0
0 0.920139 0 0.0236111 0
0 0.920139 0 0.0236111 0
0 0.920139 0 0.0236111 0
0 0.920139 0 0.0236111 0
0 0.920139 0 0.0236111 0
0 0.920139 0 0.0236111 0
0 0.920139 0 0.0236111 0
0 0.920139 0 0.0236111 0
0 0.920139 0 0.0236111 0
0 0.920139 0 0.0236111 0
0 0.920139 0 0.0236111 0
0 0.920139 0 0.0236111 0
0 0.920139 0 0.0236111 0
0 0.920139 0 0.0236111 0
0 0.920139 0 0.0236111 0
0 0.920139 0 0.0236111 0
0 0.920139 0 0.0236111 0
0 0.920139 0 0.0236111 0
0 0.920139 0 0.0236111 0
0 0.920139 0 0.0236111 0
0 0.920139 0 0.0236111 0
0 0.920139 0 0.0236111 0
0 0.920139 0 0.0236111 0
0 0.920139 0 0.0236111 0
0 0.920139 0 0.0236111 0
0 0.920139 0 0.0236111 0
0 0.920139 0 0.0236111 0
0 0.920139 0 0.0236111 0
0 0.920139 0 0.0236111 0
0 0.920139 0 0.0236111 0
0 0.920139 0 0.0236111 0
0 0.920139 0 0.0236111 0
0 0.920139 0 0.0236111 0
0 0.920139 0 0.0236111 0
0 0.920139 0 0.0236111 0
0 0.920139 0 0.0236111 0
0 0.920139 0 0.0236111 0
0 0.920139 0 0.0236111 0
0 0.920139 0 0.0236111 0
0 0.920139 0 0.0236111 0
0 0.920139 0 0.0236111 0
0 0.920139 0 0.0236111 0
0 0.920139 0 0.0236111 0
0 0.920139 0 0.0236111 0
0 0.920139 0 0.0236111 0
0 0.920139 0 0.0236111 0
0 0.920139 0 0.0236111 0
0 0.920139 0 0.0236111 0
0 0.920139 0 0.0236111 0
0 0.920139 0 0.0236111 0
0 0.920139 0 0.0236111 0
0 0.920139 0 0.0236111 0
0 0.920139 0 0.0236111 0
0 0.920139 0 0.0236111 0
0 0.920139 0 0.0236111 0
0 0.920139 0 0.0236111 0
0 0.920139 0 0.0236111 0
0 0.920139 0 0.0236111 0
0 0.920139 0 0.0236111 0
0 0.920139 0 0.0236111 0
0 0.920139 0 0.0236111 0
0 0.931944 0 0.0222222 0
0 0.951389 0 0.0222222 0
0 0.966667 0 0.0222222 0
0 0.966667 0 0.0222222 0
0 0.980556 0 0.0222222 0
0 0.99375 0 0.0125 0
