0 0.566667 0 0.0111111 0
0 0.440278 0.5 0.0277778 1
0 0.565972 0 0.00972222 0
0 0.440278 0.5 0.0277778 1
0 0.566667 0 0.0111111 0
0 0.440278 0.5 0.0277778 1
0 0.565972 0 0.00972222 0
0 0.440278 0.5 0.0277778 1
0 0.566667 0 0.0111111 0
0 0.440278 0.5 0.0277778 1
0 0.566667 0 0.0111111 0
0 0.440278 0.5 0.0277778 1
0 0.566667 0 0.0111111 0
0 0.440278 0.5 0.0277778 1
0 0.566667 0 0.0111111 0
0 0.440278 0.5 0.0277778 1
0 0.565972 0 0.00972222 0
0 0.440278 0.5 0.0277778 1
0 0.566667 0 0.0111111 0
0 0.440278 0.5 0.0277778 1
0 0.565972 0 0.00972222 0
0 0.440278 0.5 0.0277778 1
0 0.565972 0 0.00972222 0
0 0.440278 0.5 0.0277778 1
0 0.566667 0 0.0111111 0
0 0.440278 0.5 0.0277778 1
0 0.566667 0 0.0111111 0
0 0.440278 0.5 0.0277778 1
0 0.566667 0 0.0111111 0
0 0.440278 0.5 0.0277778 1
0 0.566667 0 0.0111111 0
0 0.440278 0.5 0.0277778 1
0 0.566667 0 0.0111111 0
0 0.440278 0.5 0.0277778 1
0 0.565972 0 0.00972222 0
0 0.440278 0.5 0.0277778 1
0 0.566667 0 0.0111111 0
0 0.440278 0.5 0.0277778 1
0 0.566667 0 0.0111111 0
0 0.440278 0.5 0.0277778 1
0 0.566667 0 0.0111111 0
0 0.440278 0.5 0.0277778 1
0 0.566667 0 0.0111111 0
0 0.440278 0.5 0.0277778 1
0 0.565972 0 0.00972222 0
0 0.440278 0.5 0.0277778 1
0 0.566667 0 0.0111111 0
0 0.440278 0.5 0.0277778 1
0 0.565972 0 0.00972222 0
0 0.440278 0.5 0.0277778 1
0 0.566667 0 0.0111111 0
0 0.440278 0.5 0.0277778 1
0 0.566667 0 0.0111111 0
0 0.440278 0.5 0.0277778 1
0 0.566667 0 0.0111111 0
0 0.440278 0.5 0.0277778 1
0 0.566667 0 0.0111111 0
0 0.440278 0.5 0.0277778 1
0 0.566667 0 0.0111111 0
0 0.440278 0.5 0.0277778 1
0 0.565972 0 0.00972222 0
0 0.440278 0.5 0.0277778 1
0 0.566667 0 0.0111111 0
0 0.440278 0.5 0.0277778 1
0 0.565972 0 0.00972222 0
0 0.440278 0.5 0.0277778 1
0 0.566667 0 0.0111111 0
0 0.440278 0.5 0.0277778 1
0 0.565972 0 0.00972222 0
0 0.440278 0.5 0.0277778 1
0 0.566667 0 0.0111111 0
0 0.440278 0.5 0.0277778 1
0 0.566667 0 0.0111111 0
0 0.440278 0.5 0.0277778 1
0 0.566667 0 0.0111111 0
0 0.440278 0.5 0.0277778 1
0 0.566667 0 0.0111111 0
0 0.440278 0.5 0.0277778 1
0 0.566667 0 0.0111111 0
0 0.440278 0.5 0.0277778 1
0 0.566667 0 0.0111111 0
0 0.440278 0.5 0.0277778 1
0 0.566667 0 0.0111111 0
0 0.440278 0.5 0.0277778 1
0 0.566667 0 0.0111111 0
0 0.440278 0.5 0.0277778 1
0 0.566667 0 0.0111111 0
0 0.440278 0.5 0.0277778 1
0 0.565972 0 0.00972222 0
0 0.440278 0.5 0.0277778 1
0 0.566667 0 0.0111111 0
0 0.440278 0.5 0.0277778 1
0 0.566667 0 0.0111111 0
0 0.440278 0.5 0.0277778 1
0 0.566667 0 0.0111111 0
0 0.440278 0.5 0.0277778 1
0 0.566667 0 0.0111111 0
0 0.440278 0.5 0.0277778 1
0 0.440972 0.5 0.0291667 1
0 0.566667 0 0.0111111 0
0 0.440972 0.5 0.0291667 1
0 0.567361 0 0.00972222 0
0 0.442361 0.5 0.0291667 1
0 0.567361 0 0.00972222 0
0 0.443056 0 0.0277778 0
0 0.443056 0 0.0277778 0
0 0.443056 0 0.0277778 0
0 0.44375 0 0.0263889 0
0 0.502778 0 0.0333333 0
0 0.44375 0 0.0263889 0
0 0.504167 0 0.0361111 0
0 0.445833 0 0.0277778 0
0 0.446528 0 0.0291667 0
0 0.448611 0 0.0277778 0
0 0.449306 0 0.0291667 0
0 0.450694 0 0.0291667 0
0 0.450694 0 0.0291667 0
0 0.450694 0 0.0291667 0
0 0.450694 0 0.0291667 0
0 0.453472 0 0.0291667 0
0 0.454861 0 0.0291667 0
0 0.45625 0 0.0291667 0
0 0.458333 0 0.0305556 0
0 0.580556 0 0.0111111 0
0 0.459722 0 0.0305556 0
0 0.58125 0 0.0125 0
0 0.460417 0 0.0319444 0
0 0.58125 0 0.0125 0
0 0.460417 0 0.0319444 0
0 0.461806 0 0.0319444 0
0 0.384722 0 0.0138889 0
0 0.4625 0 0.0305556 0
0 0.463889 0 0.0305556 0
0 0.465278 0 0.0305556 0
0 0.5875 0 0.0111111 0
0 0.46875 0 0.0319444 0
0 0.384722 0 0.0138889 0
0 0.588194 0 0.0125 0
0 0.469444 0 0.0305556 0
0 0.590278 0 0.0111111 0
0 0.471528 0 0.0319444 0
0 0.590278 0 0.0111111 0
0 0.471528 0 0.0319444 0
0 0.590972 0 0.0125 0
0 0.473611 0 0.0333333 0
0 0.593056 0 0.0111111 0
0 0.475694 0 0.0347222 0
0 0.595139 0 0.0125 0
0 0.478472 0 0.0347222 0
0 0.479167 0 0.0333333 0
0 0.595833 0 0.0111111 0
0 0.386806 0 0.0125 0
0 0.480556 0 0.0333333 0
0 0.388194 0 0.0125 0
0 0.484028 0 0.0347222 0
0 0.3875 0 0.0138889 0
0 0.6 0 0.0138889 0
0 0.485417 0 0.0347222 0
0 0.3875 0 0.0138889 0
0 0.6 0 0.0138889 0
0 0.485417 0 0.0347222 0
0 0.388889 0 0.0138889 0
0 0.603472 0 0.0125 0
0 0.490278 0.5 0.0333333 1
0 0.388889 0 0.0138889 0
0 0.603472 0 0.0125 0
0 0.490278 0.5 0.0333333 1
0 0.530556 0 0.0361111 0
0 0.49375 0.5 0.0347222 1
0 0.497222 0.5 0.0333333 1
0 0.606944 0 0.0138889 0
0 0.497917 0.5 0.0347222 1
0 0.498611 0.5 0.0388889 1
0 0.50625 0.5 0.0347222 1
0 0.50625 0.5 0.0347222 1
0 0.392361 0 0.0125 0
0 0.6125 0 0.0138889 0
0 0.508333 0.5 0.0361111 1
0 0.393056 0 0.0138889 0
0 0.613194 0 0.0125 0
0 0.509722 0.5 0.0361111 1
0 0.393056 0 0.0138889 0
0 0.613194 0 0.0125 0
0 0.509722 0.5 0.0361111 1
0 0.613194 0 0.0125 0
0 0.511111 0.5 0.0361111 1
0 0.615278 0 0.0138889 0
0 0.513889 0.5 0.0388889 1
0 0.515278 0.5 0.0388889 1
0 0.618056 0 0.0138889 0
0 0.517361 0.5 0.0375 1
0 0.394444 0 0.0138889 0
0 0.619444 0 0.0138889 0
0 0.51875 0.5 0.0402778 1
0 0.394444 0 0.0138889 0
0 0.620139 0 0.0125 0
0 0.519444 0.5 0.0416667 1
0 0.620833 0 0.0138889 0
0 0.395139 0 0.0152778 0
0 0.522222 0.5 0.0416667 1
0 0.395139 0 0.0152778 0
0 0.739583 0 0.0125 0
0 0.622917 0 0.0125 0
0 0.525 0.5 0.0416667 1
0 0.395139 0 0.0152778 0
0 0.739583 0 0.0125 0
0 0.622917 0 0.0125 0
0 0.525 0.5 0.0416667 1
0 0.527083 0.5 0.0430556 1
0 0.625 0 0.0138889 0
0 0.529167 0.5 0.0444444 1
0 0.626389 0 0.0138889 0
0 0.530556 0.5 0.0444444 1
0 0.531944 0 0.0444444 0
0 0.627778 0 0.0138889 0
0 0.532639 0 0.0458333 0
0 0.629167 0 0.0138889 0
0 0.533333 0 0.0472222 0
0 0.751389 0 0.0138889 0
0 0.535417 0 0.0513889 0
0 0.751389 0 0.0138889 0
0 0.535417 0 0.0513889 0
0 0.63125 0 0.0152778 0
0 0.5375 0 0.05 0
0 0.631944 0 0.0138889 0
0 0.538889 0 0.05 0
0 0.390972 0 0.0152778 0
0 0.632639 0 0.0152778 0
0 0.539583 0 0.0513889 0
0 0.389583 0 0.0152778 0
0 0.632639 0 0.0152778 0
0 0.538889 0.5 0.0527778 1
0 0.389583 0 0.0152778 0
0 0.633333 0 0.0166667 0
0 0.539583 0.5 0.0513889 1
0 0.634722 0 0.0166667 0
0 0.540278 0.5 0.0527778 1
0 0.634722 0 0.0166667 0
0 0.540278 0.5 0.0527778 1
0 0.635417 0 0.0180556 0
0 0.540278 0.5 0.0527778 1
0 0.386806 0 0.0152778 0
0 0.635417 0 0.0180556 0
0 0.540278 0.5 0.0527778 1
0 0.7625 0 0.0138889 0
0 0.636111 0 0.0138889 0
0 0.539583 0.5 0.0541667 1
0 0.635417 0 0.0152778 0
0 0.763889 0 0.0138889 0
0 0.539583 0.5 0.0569444 1
0 0.635417 0 0.0180556 0
0 0.763889 0 0.0138889 0
0 0.538889 0.5 0.0583333 1
0 0.538194 0.5 0.0597222 1
0 0.635417 0 0.0180556 0
0 0.384722 0 0.0166667 0
0 0.538194 0.5 0.0597222 1
0 0.384028 0 0.0152778 0
0 0.5375 0.5 0.0583333 1
0 0.384028 0 0.0152778 0
0 0.5375 0.5 0.0583333 1
0 0.636806 0 0.0180556 0
0 0.383333 0 0.0166667 0
0 0.536806 0.5 0.0597222 1
0 0.636806 0 0.0152778 0
0 0.383333 0 0.0166667 0
0 0.536806 0.5 0.0597222 1
0 0.382639 0 0.0152778 0
0 0.636806 0 0.0152778 0
0 0.535417 0.5 0.0597222 1
0 0.768056 0 0.0166667 0
0 0.636806 0 0.0152778 0
0 0.381944 0 0.0138889 0
0 0.534028 0.5 0.0597222 1
0 0.636806 0 0.0152778 0
0 0.76875 0 0.0152778 0
0 0.531944 0.5 0.0611111 1
0 0.636806 0 0.0152778 0
0 0.76875 0 0.0152778 0
0 0.531944 0.5 0.0611111 1
0 0.76875 0 0.0152778 0
0 0.636806 0 0.0152778 0
0 0.53125 0.5 0.0625 1
0 0.379861 0 0.0180556 0
0 0.636806 0 0.0152778 0
0 0.76875 0 0.0152778 0
0 0.530556 0 0.0611111 0
0 0.76875 0 0.0152778 0
0 0.636806 0 0.0152778 0
0 0.529861 0 0.0625 0
0 0.76875 0 0.0152778 0
0 0.636806 0 0.0152778 0
0 0.529861 0 0.0625 0
0 0.76875 0 0.0152778 0
0 0.527083 0 0.0652778 0
0 0.769444 0 0.0166667 0
0 0.526389 0 0.0638889 0
0 0.769444 0 0.0166667 0
0 0.526389 0 0.0638889 0
0 0.769444 0 0.0166667 0
0 0.526389 0 0.0638889 0
0 0.377778 0 0.0166667 0
0 0.770139 0 0.0152778 0
0 0.245139 0 0.0152778 0
0 0.525694 0 0.0652778 0
0 0.377778 0 0.0166667 0
0 0.636806 0 0.0180556 0
0 0.770139 0 0.0152778 0
0 0.524306 0 0.0652778 0
0 0.770139 0 0.0152778 0
0 0.636806 0 0.0180556 0
0 0.522917 0 0.0652778 0
0 0.770139 0 0.0152778 0
0 0.636806 0 0.0180556 0
0 0.522917 0 0.0652778 0
0 0.770139 0 0.0152778 0
0 0.635417 0 0.0180556 0
0 0.522222 0 0.0666667 0
0 0.770139 0 0.0152778 0
0 0.636111 0 0.0166667 0
0 0.522222 0 0.0666667 0
0 0.373611 0 0.0166667 0
0 0.770139 0 0.0152778 0
0 0.636111 0 0.0138889 0
0 0.521528 0 0.0680556 0
0 0.636111 0 0.0166667 0
0 0.770139 0 0.0152778 0
0 0.521528 0 0.0680556 0
0 0.240278 0 0.0166667 0
0 0.374306 0 0.0180556 0
0 0.770139 0 0.0152778 0
0 0.636111 0 0.0166667 0
0 0.521528 0 0.0680556 0
0 0.240278 0 0.0166667 0
0 0.770139 0 0.0152778 0
0 0.374306 0 0.0180556 0
0 0.636111 0 0.0166667 0
0 0.520833 0 0.0694444 0
0 0.238889 0 0.0166667 0
0 0.770139 0 0.0152778 0
0 0.636111 0 0.0166667 0
0 0.519444 0 0.0694444 0
0 0.238194 0 0.0152778 0
0 0.372917 0 0.0180556 0
0 0.770139 0 0.0152778 0
0 0.636111 0 0.0166667 0
0 0.51875 0 0.0708333 0
0 0.770833 0 0.0166667 0
0 0.636111 0 0.0166667 0
0 0.518056 0 0.0694444 0
0 0.770833 0 0.0166667 0
0 0.636111 0 0.0166667 0
0 0.518056 0 0.0694444 0
0 0.372222 0 0.0166667 0
0 0.770833 0 0.0166667 0
0 0.636111 0 0.0166667 0
0 0.518056 0.5 0.0666667 1
0 0.370833 0 0.0166667 0
0 0.635417 0 0.0180556 0
0 0.516667 0.5 0.0694444 1
0 0.235417 0 0.0180556 0
0 0.636111 0 0.0166667 0
0 0.370833 0 0.0166667 0
0 0.515972 0.5 0.0708333 1
0 0.235417 0 0.0180556 0
0 0.636111 0 0.0166667 0
0 0.370833 0 0.0166667 0
0 0.515972 0.5 0.0708333 1
0 0.370833 0 0.0166667 0
0 0.635417 0 0.0180556 0
0 0.515278 0.5 0.0694444 1
0 0.233333 0 0.0166667 0
0 0.635417 0 0.0180556 0
0 0.515278 0.5 0.0694444 1
0 0.233333 0 0.0166667 0
0 0.635417 0 0.0180556 0
0 0.513194 0.5 0.0708333 1
0 0.369444 0 0.0166667 0
0 0.233333 0 0.0166667 0
0 0.635417 0 0.0152778 0
0 0.513194 0.5 0.0708333 1
0 0.233333 0 0.0166667 0
0 0.635417 0 0.0180556 0
0 0.5125 0.5 0.0722222 1
0 0.231944 0 0.0166667 0
0 0.636111 0 0.0166667 0
0 0.5125 0.5 0.0722222 1
0 0.771528 0 0.0180556 0
0 0.636111 0 0.0166667 0
0 0.511111 0.5 0.0722222 1
0 0.771528 0 0.0180556 0
0 0.636111 0 0.0166667 0
0 0.511111 0.5 0.0722222 1
0 0.772222 0 0.0166667 0
0 0.636111 0 0.0166667 0
0 0.511111 0.5 0.0722222 1
0 0.772222 0 0.0166667 0
0 0.635417 0 0.0152778 0
0 0.511111 0.5 0.0722222 1
0 0.772222 0 0.0166667 0
0 0.367361 0 0.0180556 0
0 0.635417 0 0.0180556 0
0 0.510417 0.5 0.0736111 1
0 0.772917 0 0.0180556 0
0 0.367361 0 0.0180556 0
0 0.636111 0 0.0194444 0
0 0.509722 0.5 0.0722222 1
0 0.773611 0 0.0166667 0
0 0.367361 0 0.0180556 0
0 0.636806 0 0.0180556 0
0 0.509028 0.5 0.0736111 1
0 0.367361 0 0.0180556 0
0 0.773611 0 0.0166667 0
0 0.636806 0 0.0180556 0
0 0.509028 0.5 0.0736111 1
0 0.367361 0 0.0180556 0
0 0.773611 0 0.0166667 0
0 0.636111 0 0.0166667 0
0 0.509028 0.5 0.0736111 1
0 0.367361 0 0.0180556 0
0 0.774306 0 0.0152778 0
0 0.636111 0 0.0166667 0
0 0.509028 0.5 0.0736111 1
0 0.774306 0 0.0152778 0
0 0.367361 0 0.0180556 0
0 0.636806 0 0.0180556 0
0 0.509028 0.5 0.0736111 1
0 0.367361 0 0.0180556 0
0 0.774306 0 0.0152778 0
0 0.636806 0 0.0152778 0
0 0.509722 0.5 0.075 1
0 0.551389 0 0.0388889 0
0 0.367361 0 0.0180556 0
0 0.774306 0 0.0152778 0
0 0.636806 0 0.0180556 0
0 0.510417 0.5 0.0736111 1
0 0.367361 0 0.0180556 0
0 0.774306 0 0.0152778 0
0 0.636806 0 0.0152778 0
0 0.510417 0.5 0.0736111 1
0 0.368056 0 0.0166667 0
0 0.774306 0 0.0152778 0
0 0.636111 0 0.0166667 0
0 0.510417 0.5 0.0736111 1
0 0.36875 0 0.0180556 0
0 0.774306 0 0.0152778 0
0 0.6375 0 0.0166667 0
0 0.511111 0.5 0.075 1
0 0.774306 0 0.0152778 0
0 0.6375 0 0.0166667 0
0 0.511806 0.5 0.0736111 1
0 0.23125 0 0.0180556 0
0 0.775 0 0.0166667 0
0 0.6375 0 0.0166667 0
0 0.5125 0.5 0.075 1
0 0.775 0 0.0166667 0
0 0.6375 0 0.0166667 0
0 0.513194 0.5 0.0736111 1
0 0.231944 0 0.0166667 0
0 0.6375 0 0.0166667 0
0 0.514583 0.5 0.0736111 1
0 0.775 0 0.0166667 0
0 0.6375 0 0.0166667 0
0 0.515972 0.5 0.0736111 1
0 0.553472 0 0.0347222 0
0 0.775 0 0.0166667 0
0 0.6375 0 0.0166667 0
0 0.516667 0.5 0.0722222 1
0 0.775 0 0.0166667 0
0 0.370139 0 0.0180556 0
0 0.6375 0 0.0166667 0
0 0.516667 0.5 0.0722222 1
0 0.775 0 0.0166667 0
0 0.369444 0 0.0166667 0
0 0.6375 0 0.0166667 0
0 0.518056 0.5 0.0722222 1
0 0.232639 0 0.0152778 0
0 0.553472 0 0.0347222 0
0 0.775 0 0.0166667 0
0 0.6375 0 0.0194444 0
0 0.370139 0 0.0152778 0
0 0.51875 0.5 0.0736111 1
0 0.775694 0 0.0152778 0
0 0.370833 0 0.0166667 0
0 0.6375 0 0.0194444 0
0 0.232639 0 0.0180556 0
0 0.51875 0.5 0.0736111 1
0 0.232639 0 0.0152778 0
0 0.6375 0 0.0194444 0
0 0.370833 0 0.0166667 0
0 0.775694 0 0.0152778 0
0 0.520139 0.5 0.0736111 1
0 0.775694 0 0.0152778 0
0 0.232639 0 0.0152778 0
0 0.370833 0 0.0166667 0
0 0.638194 0 0.0180556 0
0 0.521528 0.5 0.0736111 1
0 0.776389 0 0.0166667 0
0 0.232639 0 0.0152778 0
0 0.371528 0 0.0180556 0
0 0.638889 0 0.0166667 0
0 0.521528 0.5 0.0736111 1
0 0.233333 0 0.0166667 0
0 0.370833 0 0.0166667 0
0 0.776389 0 0.0166667 0
0 0.638889 0 0.0166667 0
0 0.522222 0.5 0.0722222 1
0 0.554167 0 0.0361111 0
0 0.638194 0 0.0180556 0
0 0.370833 0 0.0166667 0
0 0.523611 0.5 0.0722222 1
0 0.554167 0 0.0361111 0
0 0.638194 0 0.0180556 0
0 0.370833 0 0.0166667 0
0 0.523611 0.5 0.0722222 1
0 0.554861 0 0.0375 0
0 0.776389 0 0.0166667 0
0 0.371528 0 0.0180556 0
0 0.524306 0.5 0.0736111 1
0 0.776389 0 0.0166667 0
0 0.639583 0 0.0180556 0
0 0.370833 0 0.0166667 0
0 0.525 0.5 0.075 1
0 0.777778 0 0.0166667 0
0 0.234028 0 0.0180556 0
0 0.640278 0 0.0166667 0
0 0.371528 0 0.0180556 0
0 0.526389 0.5 0.075 1
0 0.640278 0 0.0194444 0
0 0.777778 0 0.0166667 0
0 0.234028 0 0.0180556 0
0 0.371528 0 0.0180556 0
0 0.527083 0.5 0.0736111 1
0 0.234028 0 0.0180556 0
0 0.640278 0 0.0194444 0
0 0.371528 0 0.0180556 0
0 0.527778 0.5 0.0722222 1
0 0.372917 0 0.0180556 0
0 0.640972 0 0.0180556 0
0 0.528472 0.5 0.0736111 1
0 0.372917 0 0.0180556 0
0 0.640972 0 0.0180556 0
0 0.528472 0.5 0.0736111 1
0 0.372917 0 0.0180556 0
0 0.640972 0 0.0180556 0
0 0.529167 0.5 0.0722222 1
0 0.372917 0 0.0180556 0
0 0.640972 0 0.0180556 0
0 0.529167 0.5 0.0722222 1
0 0.372917 0 0.0180556 0
0 0.642361 0 0.0180556 0
0 0.529861 0.5 0.0736111 1
0 0.372917 0 0.0180556 0
0 0.642361 0 0.0180556 0
0 0.530556 0.5 0.075 1
0 0.372917 0 0.0180556 0
0 0.642361 0 0.0180556 0
0 0.530556 0.5 0.075 1
0 0.372917 0 0.0180556 0
0 0.642361 0 0.0180556 0
0 0.530556 0.5 0.075 1
0 0.372917 0 0.0180556 0
0 0.642361 0 0.0180556 0
0 0.530556 0.5 0.075 1
0 0.779167 0 0.0166667 0
0 0.642361 0 0.0180556 0
0 0.53125 0.5 0.0736111 1
0 0.373611 0 0.0166667 0
0 0.642361 0 0.0180556 0
0 0.53125 0.5 0.0736111 1
0 0.372917 0 0.0180556 0
0 0.642361 0 0.0208333 0
0 0.53125 0.5 0.0736111 1
0 0.374306 0 0.0180556 0
0 0.643056 0 0.0194444 0
0 0.531944 0.5 0.075 1
0 0.373611 0 0.0194444 0
0 0.643056 0 0.0194444 0
0 0.532639 0.5 0.0736111 1
0 0.643056 0 0.0194444 0
0 0.373611 0 0.0194444 0
0 0.533333 0.5 0.0722222 1
0 0.373611 0 0.0194444 0
0 0.643056 0 0.0194444 0
0 0.534028 0.5 0.0736111 1
0 0.373611 0 0.0194444 0
0 0.643056 0 0.0194444 0
0 0.534028 0.5 0.0736111 1
0 0.374306 0 0.0180556 0
0 0.643056 0 0.0194444 0
0 0.534028 0.5 0.0736111 1
0 0.373611 0 0.0166667 0
0 0.643056 0 0.0166667 0
0 0.536111 0.5 0.0722222 1
0 0.374306 0 0.0180556 0
0 0.643056 0 0.0166667 0
0 0.536111 0.5 0.0722222 1
0 0.374306 0 0.0180556 0
0 0.643056 0 0.0166667 0
0 0.536806 0.5 0.0736111 1
0 0.374306 0 0.0180556 0
0 0.643056 0 0.0166667 0
0 0.536806 0.5 0.0736111 1
0 0.374306 0 0.0180556 0
0 0.64375 0 0.0180556 0
0 0.536806 0.5 0.0736111 1
0 0.375 0 0.0166667 0
0 0.64375 0 0.0180556 0
0 0.5375 0.5 0.0722222 1
0 0.375 0 0.0166667 0
0 0.643056 0 0.0194444 0
0 0.5375 0.5 0.0722222 1
0 0.375 0 0.0166667 0
0 0.643056 0 0.0194444 0
0 0.5375 0.5 0.0722222 1
0 0.375694 0 0.0152778 0
0 0.643056 0 0.0166667 0
0 0.538194 0.5 0.0736111 1
0 0.64375 0 0.0180556 0
0 0.375 0 0.0166667 0
0 0.538194 0.5 0.0736111 1
0 0.643056 0 0.0194444 0
0 0.375 0 0.0166667 0
0 0.5375 0.5 0.0722222 1
0 0.64375 0 0.0180556 0
0 0.375 0 0.0166667 0
0 0.5375 0.5 0.0722222 1
0 0.643056 0 0.0194444 0
0 0.375 0 0.0166667 0
0 0.5375 0.5 0.0722222 1
0 0.375 0 0.0166667 0
0 0.643056 0 0.0194444 0
0 0.5375 0.5 0.0722222 1
0 0.779167 0 0.0166667 0
0 0.375 0 0.0166667 0
0 0.643056 0 0.0194444 0
0 0.536806 0.5 0.0736111 1
0 0.643056 0 0.0194444 0
0 0.779861 0 0.0180556 0
0 0.536806 0.5 0.0736111 1
0 0.780556 0 0.0166667 0
0 0.64375 0 0.0180556 0
0 0.536111 0.5 0.0722222 1
0 0.779167 0 0.0166667 0
0 0.643056 0 0.0194444 0
0 0.535417 0.5 0.0736111 1
0 0.374306 0 0.0180556 0
0 0.643056 0 0.0194444 0
0 0.779861 0 0.0152778 0
0 0.535417 0.5 0.0736111 1
0 0.375 0 0.0166667 0
0 0.779861 0 0.0152778 0
0 0.643056 0 0.0166667 0
0 0.534722 0.5 0.0722222 1
0 0.374306 0 0.0180556 0
0 0.779861 0 0.0152778 0
0 0.643056 0 0.0166667 0
0 0.534028 0.5 0.0736111 1
0 0.779861 0 0.0152778 0
0 0.375 0 0.0166667 0
0 0.64375 0 0.0180556 0
0 0.533333 0.5 0.0722222 1
0 0.779861 0 0.0152778 0
0 0.374306 0 0.0180556 0
0 0.643056 0 0.0166667 0
0 0.533333 0.5 0.0722222 1
0 0.779861 0 0.0152778 0
0 0.374306 0 0.0180556 0
0 0.643056 0 0.0166667 0
0 0.532639 0.5 0.0736111 1
0 0.779167 0 0.0166667 0
0 0.374306 0 0.0180556 0
0 0.643056 0 0.0166667 0
0 0.532639 0.5 0.0736111 1
0 0.779167 0 0.0166667 0
0 0.373611 0 0.0166667 0
0 0.642361 0 0.0180556 0
0 0.531944 0.5 0.075 1
0 0.374306 0 0.0180556 0
0 0.642361 0 0.0180556 0
0 0.53125 0.5 0.0736111 1
0 0.374306 0 0.0180556 0
0 0.642361 0 0.0180556 0
0 0.53125 0.5 0.0736111 1
0 0.373611 0 0.0166667 0
0 0.641667 0 0.0166667 0
0 0.53125 0.5 0.0736111 1
0 0.779167 0 0.0166667 0
0 0.374306 0 0.0180556 0
0 0.641667 0 0.0166667 0
0 0.530556 0.5 0.075 1
0 0.778472 0 0.0180556 0
0 0.373611 0 0.0194444 0
0 0.641667 0 0.0166667 0
0 0.530556 0.5 0.075 1
0 0.779167 0 0.0166667 0
0 0.372917 0 0.0180556 0
0 0.642361 0 0.0180556 0
0 0.530556 0.5 0.075 1
0 0.372917 0 0.0180556 0
0 0.778472 0 0.0180556 0
0 0.642361 0 0.0180556 0
0 0.530556 0.5 0.075 1
0 0.557639 0 0.0375 0
0 0.374306 0 0.0180556 0
0 0.778472 0 0.0180556 0
0 0.641667 0 0.0166667 0
0 0.529861 0.5 0.0736111 1
0 0.374306 0 0.0180556 0
0 0.778472 0 0.0180556 0
0 0.641667 0 0.0166667 0
0 0.529861 0.5 0.0736111 1
0 0.374306 0 0.0180556 0
0 0.778472 0 0.0180556 0
0 0.641667 0 0.0166667 0
0 0.529861 0.5 0.0736111 1
0 0.374306 0 0.0180556 0
0 0.778472 0 0.0180556 0
0 0.641667 0 0.0166667 0
0 0.529861 0.5 0.0736111 1
0 0.372917 0 0.0180556 0
0 0.778472 0 0.0180556 0
0 0.641667 0 0.0166667 0
0 0.529861 0.5 0.0736111 1
0 0.778472 0 0.0180556 0
0 0.374306 0 0.0180556 0
0 0.641667 0 0.0166667 0
0 0.529861 0.5 0.0736111 1
0 0.372917 0 0.0180556 0
0 0.777778 0 0.0166667 0
0 0.641667 0 0.0166667 0
0 0.529861 0.5 0.0736111 1
0 0.372917 0 0.0180556 0
0 0.778472 0 0.0180556 0
0 0.640972 0 0.0180556 0
0 0.529861 0.5 0.0736111 1
0 0.372917 0 0.0180556 0
0 0.778472 0 0.0180556 0
0 0.641667 0 0.0166667 0
0 0.529861 0.5 0.0736111 1
0 0.372917 0 0.0180556 0
0 0.778472 0 0.0180556 0
0 0.641667 0 0.0166667 0
0 0.529167 0.5 0.0722222 1
0 0.374306 0 0.0180556 0
0 0.777778 0 0.0166667 0
0 0.640972 0 0.0180556 0
0 0.529167 0.5 0.0722222 1
0 0.372917 0 0.0180556 0
0 0.777778 0 0.0166667 0
0 0.641667 0 0.0166667 0
0 0.529167 0.5 0.0722222 1
0 0.372917 0 0.0180556 0
0 0.777778 0 0.0166667 0
0 0.641667 0 0.0166667 0
0 0.529167 0.5 0.0722222 1
0 0.372917 0 0.0180556 0
0 0.641667 0 0.0166667 0
0 0.777778 0 0.0166667 0
0 0.529167 0.5 0.0722222 1
0 0.374306 0 0.0180556 0
0 0.640972 0 0.0208333 0
0 0.777778 0 0.0166667 0
0 0.529167 0.5 0.0722222 1
0 0.640972 0 0.0180556 0
0 0.777778 0 0.0166667 0
0 0.528472 0.5 0.0736111 1
0 0.777778 0 0.0166667 0
0 0.640972 0 0.0180556 0
0 0.528472 0.5 0.0736111 1
0 0.372917 0 0.0180556 0
0 0.777778 0 0.0166667 0
0 0.640972 0 0.0180556 0
0 0.529167 0.5 0.0722222 1
0 0.640972 0 0.0180556 0
0 0.777778 0 0.0166667 0
0 0.528472 0.5 0.0736111 1
0 0.641667 0 0.0166667 0
0 0.528472 0.5 0.0736111 1
0 0.372917 0 0.0180556 0
0 0.641667 0 0.0166667 0
0 0.528472 0.5 0.0736111 1
0 0.372917 0 0.0180556 0
0 0.640972 0 0.0180556 0
0 0.528472 0.5 0.0736111 1
0 0.641667 0 0.0166667 0
0 0.528472 0.5 0.0736111 1
0 0.641667 0 0.0166667 0
0 0.528472 0.5 0.0736111 1
0 0.372917 0 0.0180556 0
0 0.640972 0 0.0180556 0
0 0.528472 0.5 0.0736111 1
0 0.372917 0 0.0180556 0
0 0.640278 0 0.0166667 0
0 0.528472 0.5 0.0736111 1
0 0.372917 0 0.0180556 0
0 0.640278 0 0.0166667 0
0 0.528472 0.5 0.0736111 1
0 0.372917 0 0.0180556 0
0 0.640278 0 0.0166667 0
0 0.528472 0.5 0.0736111 1
0 0.372917 0 0.0180556 0
0 0.640278 0 0.0166667 0
0 0.528472 0.5 0.0736111 1
0 0.372917 0 0.0180556 0
0 0.640972 0 0.0180556 0
0 0.527778 0.5 0.0722222 1
0 0.640278 0 0.0166667 0
0 0.527778 0.5 0.0722222 1
0 0.640278 0 0.0166667 0
0 0.527778 0.5 0.0722222 1
0 0.640278 0 0.0166667 0
0 0.527778 0.5 0.0722222 1
0 0.372222 0 0.0166667 0
0 0.640278 0 0.0166667 0
0 0.527778 0.5 0.0722222 1
0 0.777083 0 0.0180556 0
0 0.640278 0 0.0166667 0
0 0.527778 0.5 0.0722222 1
0 0.372222 0 0.0166667 0
0 0.777083 0 0.0180556 0
0 0.640278 0 0.0194444 0
0 0.527778 0.5 0.0722222 1
0 0.372222 0 0.0166667 0
0 0.777083 0 0.0180556 0
0 0.640278 0 0.0166667 0
0 0.527778 0.5 0.0722222 1
0 0.777083 0 0.0180556 0
0 0.640278 0 0.0166667 0
0 0.527778 0.5 0.0722222 1
0 0.372222 0 0.0166667 0
0 0.777083 0 0.0180556 0
0 0.640278 0 0.0166667 0
0 0.527778 0.5 0.0722222 1
0 0.372917 0 0.0180556 0
0 0.639583 0 0.0180556 0
0 0.776389 0 0.0166667 0
0 0.527083 0.5 0.0708333 1
0 0.372222 0 0.0166667 0
0 0.640278 0 0.0194444 0
0 0.776389 0 0.0166667 0
0 0.526389 0.5 0.0722222 1
0 0.638889 0 0.0194444 0
0 0.372222 0 0.0166667 0
0 0.776389 0 0.0166667 0
0 0.526389 0.5 0.0722222 1
0 0.372222 0 0.0166667 0
0 0.639583 0 0.0180556 0
0 0.776389 0 0.0166667 0
0 0.526389 0.5 0.0722222 1
0 0.372222 0 0.0166667 0
0 0.640278 0 0.0194444 0
0 0.776389 0 0.0166667 0
0 0.526389 0.5 0.0722222 1
0 0.372222 0 0.0166667 0
0 0.777083 0 0.0180556 0
0 0.640278 0 0.0166667 0
0 0.526389 0.5 0.0722222 1
0 0.638889 0 0.0166667 0
0 0.776389 0 0.0166667 0
0 0.525 0.5 0.0722222 1
0 0.640278 0 0.0166667 0
0 0.776389 0 0.0166667 0
0 0.525 0.5 0.0722222 1
0 0.638889 0 0.0194444 0
0 0.776389 0 0.0166667 0
0 0.525 0.5 0.0722222 1
0 0.640278 0 0.0166667 0
0 0.776389 0 0.0166667 0
0 0.525 0.5 0.0722222 1
0 0.372222 0 0.0166667 0
0 0.639583 0 0.0152778 0
0 0.776389 0 0.0166667 0
0 0.525 0.5 0.0722222 1
0 0.371528 0 0.0180556 0
0 0.776389 0 0.0166667 0
0 0.638889 0 0.0166667 0
0 0.525 0.5 0.0722222 1
0 0.371528 0 0.0180556 0
0 0.638889 0 0.0166667 0
0 0.776389 0 0.0166667 0
0 0.525 0.5 0.0722222 1
0 0.371528 0 0.0180556 0
0 0.638889 0 0.0166667 0
0 0.776389 0 0.0166667 0
0 0.525 0.5 0.0722222 1
0 0.371528 0 0.0180556 0
0 0.776389 0 0.0166667 0
0 0.639583 0 0.0152778 0
0 0.525 0.5 0.0722222 1
0 0.776389 0 0.0166667 0
0 0.638889 0 0.0166667 0
0 0.524306 0.5 0.0736111 1
0 0.776389 0 0.0166667 0
0 0.371528 0 0.0180556 0
0 0.638889 0 0.0166667 0
0 0.523611 0.5 0.0722222 1
0 0.371528 0 0.0180556 0
0 0.638889 0 0.0166667 0
0 0.523611 0.5 0.0722222 1
0 0.372222 0 0.0166667 0
0 0.639583 0 0.0152778 0
0 0.523611 0.5 0.0722222 1
0 0.371528 0 0.0180556 0
0 0.775694 0 0.0152778 0
0 0.638889 0 0.0166667 0
0 0.522917 0.5 0.0736111 1
0 0.371528 0 0.0180556 0
0 0.775694 0 0.0152778 0
0 0.638889 0 0.0166667 0
0 0.522917 0.5 0.0736111 1
0 0.371528 0 0.0180556 0
0 0.775694 0 0.0152778 0
0 0.638889 0 0.0166667 0
0 0.522917 0.5 0.0736111 1
0 0.371528 0 0.0180556 0
0 0.638889 0 0.0166667 0
0 0.775694 0 0.0152778 0
0 0.522917 0.5 0.0736111 1
0 0.371528 0 0.0180556 0
0 0.775694 0 0.0152778 0
0 0.638889 0 0.0166667 0
0 0.522917 0.5 0.0736111 1
0 0.638889 0 0.0166667 0
0 0.371528 0 0.0152778 0
0 0.775694 0 0.0152778 0
0 0.522222 0.5 0.0722222 1
0 0.371528 0 0.0152778 0
0 0.638889 0 0.0166667 0
0 0.775694 0 0.0152778 0
0 0.522222 0.5 0.0722222 1
0 0.372222 0 0.0166667 0
0 0.638889 0 0.0166667 0
0 0.775694 0 0.0152778 0
0 0.522222 0.5 0.0722222 1
0 0.372222 0 0.0166667 0
0 0.775694 0 0.0152778 0
0 0.638889 0 0.0166667 0
0 0.522222 0.5 0.0722222 1
0 0.775694 0 0.0152778 0
0 0.370833 0 0.0166667 0
0 0.638889 0 0.0166667 0
0 0.522222 0.5 0.0722222 1
0 0.775694 0 0.0152778 0
0 0.370833 0 0.0166667 0
0 0.638889 0 0.0166667 0
0 0.521528 0.5 0.0736111 1
0 0.775694 0 0.0152778 0
0 0.370833 0 0.0166667 0
0 0.638889 0 0.0166667 0
0 0.522222 0.5 0.0722222 1
0 0.775694 0 0.0152778 0
0 0.370833 0 0.0166667 0
0 0.638889 0 0.0166667 0
0 0.521528 0.5 0.0708333 1
0 0.775694 0 0.0152778 0
0 0.370833 0 0.0166667 0
0 0.638889 0 0.0166667 0
0 0.520833 0.5 0.0722222 1
0 0.638889 0 0.0166667 0
0 0.775694 0 0.0152778 0
0 0.370833 0 0.0166667 0
0 0.520833 0.5 0.0722222 1
0 0.775694 0 0.0152778 0
0 0.370833 0 0.0166667 0
0 0.638889 0 0.0166667 0
0 0.520833 0.5 0.0722222 1
0 0.775694 0 0.0152778 0
0 0.638889 0 0.0166667 0
0 0.370833 0 0.0166667 0
0 0.520833 0.5 0.0722222 1
0 0.775694 0 0.0152778 0
0 0.370833 0 0.0166667 0
0 0.638889 0 0.0166667 0
0 0.520833 0.5 0.0722222 1
0 0.775694 0 0.0152778 0
0 0.638889 0 0.0166667 0
0 0.370833 0 0.0166667 0
0 0.520833 0.5 0.0722222 1
0 0.555556 0 0.0361111 0
0 0.638194 0 0.0152778 0
0 0.370833 0 0.0166667 0
0 0.775694 0 0.0152778 0
0 0.520139 0.5 0.0736111 1
0 0.370833 0 0.0166667 0
0 0.775694 0 0.0152778 0
0 0.638194 0 0.0152778 0
0 0.520139 0.5 0.0736111 1
0 0.370833 0 0.0166667 0
0 0.775694 0 0.0152778 0
0 0.638194 0 0.0152778 0
0 0.520139 0.5 0.0736111 1
0 0.555556 0 0.0361111 0
0 0.370833 0 0.0166667 0
0 0.775694 0 0.0152778 0
0 0.638194 0 0.0152778 0
0 0.520139 0.5 0.0736111 1
0 0.370833 0 0.0166667 0
0 0.775694 0 0.0152778 0
0 0.638889 0 0.0166667 0
0 0.520139 0.5 0.0736111 1
0 0.370833 0 0.0166667 0
0 0.775694 0 0.0152778 0
0 0.638889 0 0.0166667 0
0 0.519444 0.5 0.0722222 1
0 0.370833 0 0.0166667 0
0 0.638889 0 0.0166667 0
0 0.775694 0 0.0152778 0
0 0.519444 0.5 0.0722222 1
0 0.370833 0 0.0166667 0
0 0.775694 0 0.0152778 0
0 0.638889 0 0.0166667 0
0 0.519444 0.5 0.0722222 1
0 0.775694 0 0.0152778 0
0 0.370833 0 0.0166667 0
0 0.638889 0 0.0166667 0
0 0.519444 0.5 0.0722222 1
0 0.554861 0 0.0347222 0
0 0.370833 0 0.0166667 0
0 0.775694 0 0.0152778 0
0 0.638889 0 0.0166667 0
0 0.519444 0.5 0.0722222 1
0 0.370833 0 0.0166667 0
0 0.775694 0 0.0152778 0
0 0.638889 0 0.0166667 0
0 0.519444 0.5 0.0722222 1
0 0.370833 0 0.0166667 0
0 0.775694 0 0.0152778 0
0 0.638889 0 0.0166667 0
0 0.519444 0.5 0.0722222 1
0 0.370833 0 0.0166667 0
0 0.775694 0 0.0152778 0
0 0.638194 0 0.0152778 0
0 0.519444 0.5 0.0722222 1
0 0.370833 0 0.0166667 0
0 0.775 0 0.0166667 0
0 0.638889 0 0.0166667 0
0 0.519444 0.5 0.0722222 1
0 0.370833 0 0.0166667 0
0 0.775 0 0.0166667 0
0 0.638194 0 0.0152778 0
0 0.519444 0.5 0.0722222 1
0 0.775 0 0.0166667 0
0 0.370833 0 0.0166667 0
0 0.638194 0 0.0152778 0
0 0.51875 0.5 0.0736111 1
0 0.775 0 0.0166667 0
0 0.370833 0 0.0166667 0
0 0.638194 0 0.0152778 0
0 0.51875 0.5 0.0736111 1
0 0.775 0 0.0166667 0
0 0.370833 0 0.0166667 0
0 0.638194 0 0.0152778 0
0 0.51875 0.5 0.0736111 1
0 0.775 0 0.0166667 0
0 0.370833 0 0.0166667 0
0 0.638194 0 0.0152778 0
0 0.51875 0.5 0.0736111 1
0 0.775 0 0.0166667 0
0 0.370833 0 0.0166667 0
0 0.638194 0 0.0152778 0
0 0.51875 0.5 0.0736111 1
0 0.775 0 0.0166667 0
0 0.370833 0 0.0166667 0
0 0.638194 0 0.0152778 0
0 0.51875 0.5 0.0736111 1
0 0.775 0 0.0166667 0
0 0.370833 0 0.0166667 0
0 0.638194 0 0.0152778 0
0 0.51875 0.5 0.0736111 1
0 0.370833 0 0.0166667 0
0 0.775 0 0.0166667 0
0 0.6375 0 0.0166667 0
0 0.51875 0.5 0.0736111 1
0 0.775 0 0.0166667 0
0 0.370833 0 0.0166667 0
0 0.638194 0 0.0152778 0
0 0.51875 0.5 0.0736111 1
0 0.775 0 0.0166667 0
0 0.370833 0 0.0166667 0
0 0.638194 0 0.0152778 0
0 0.51875 0.5 0.0736111 1
0 0.232639 0 0.0180556 0
0 0.775 0 0.0166667 0
0 0.370833 0 0.0166667 0
0 0.638194 0 0.0152778 0
0 0.51875 0.5 0.0736111 1
0 0.232639 0 0.0180556 0
0 0.370833 0 0.0166667 0
0 0.775694 0 0.0152778 0
0 0.638194 0 0.0152778 0
0 0.518056 0.5 0.0722222 1
0 0.370833 0 0.0166667 0
0 0.775694 0 0.0152778 0
0 0.638194 0 0.0152778 0
0 0.518056 0.5 0.0722222 1
0 0.232639 0 0.0180556 0
0 0.370833 0 0.0166667 0
0 0.6375 0 0.0166667 0
0 0.775694 0 0.0152778 0
0 0.518056 0.5 0.0722222 1
0 0.370833 0 0.0166667 0
0 0.775694 0 0.0152778 0
0 0.638194 0 0.0152778 0
0 0.518056 0.5 0.0722222 1
0 0.232639 0 0.0180556 0
0 0.370833 0 0.0166667 0
0 0.775694 0 0.0152778 0
0 0.638194 0 0.0152778 0
0 0.518056 0.5 0.0722222 1
0 0.233333 0 0.0166667 0
0 0.370833 0 0.0166667 0
0 0.6375 0 0.0166667 0
0 0.775694 0 0.0152778 0
0 0.51875 0.5 0.0736111 1
0 0.370833 0 0.0166667 0
0 0.775694 0 0.0152778 0
0 0.638194 0 0.0152778 0
0 0.51875 0.5 0.0736111 1
0 0.232639 0 0.0180556 0
0 0.370833 0 0.0166667 0
0 0.775694 0 0.0152778 0
0 0.6375 0 0.0166667 0
0 0.51875 0.5 0.0736111 1
0 0.232639 0 0.0180556 0
0 0.370833 0 0.0166667 0
0 0.775694 0 0.0152778 0
0 0.6375 0 0.0166667 0
0 0.51875 0.5 0.0736111 1
0 0.232639 0 0.0180556 0
0 0.370833 0 0.0166667 0
0 0.775694 0 0.0152778 0
0 0.6375 0 0.0166667 0
0 0.51875 0.5 0.0736111 1
0 0.370833 0 0.0166667 0
0 0.775694 0 0.0152778 0
0 0.638194 0 0.0152778 0
0 0.51875 0.5 0.0736111 1
0 0.232639 0 0.0180556 0
0 0.370833 0 0.0166667 0
0 0.775694 0 0.0152778 0
0 0.6375 0 0.0166667 0
0 0.51875 0.5 0.0736111 1
0 0.370833 0 0.0166667 0
0 0.775694 0 0.0152778 0
0 0.638889 0 0.0166667 0
0 0.51875 0.5 0.0736111 1
0 0.232639 0 0.0180556 0
0 0.370833 0 0.0166667 0
0 0.775694 0 0.0152778 0
0 0.638194 0 0.0152778 0
0 0.51875 0.5 0.0736111 1
0 0.370833 0 0.0166667 0
0 0.775694 0 0.0152778 0
0 0.638889 0 0.0166667 0
0 0.51875 0.5 0.0736111 1
0 0.232639 0 0.0180556 0
0 0.370833 0 0.0166667 0
0 0.775694 0 0.0152778 0
0 0.638194 0 0.0152778 0
0 0.51875 0.5 0.0736111 1
0 0.775694 0 0.0152778 0
0 0.370833 0 0.0166667 0
0 0.6375 0 0.0166667 0
0 0.51875 0.5 0.0736111 1
0 0.370833 0 0.0166667 0
0 0.775694 0 0.0152778 0
0 0.638194 0 0.0152778 0
0 0.518056 0.5 0.0722222 1
0 0.775694 0 0.0152778 0
0 0.370833 0 0.0166667 0
0 0.6375 0 0.0166667 0
0 0.51875 0.5 0.0736111 1
0 0.775694 0 0.0152778 0
0 0.370833 0 0.0166667 0
0 0.6375 0 0.0166667 0
0 0.51875 0.5 0.0736111 1
0 0.233333 0 0.0166667 0
0 0.370833 0 0.0166667 0
0 0.6375 0 0.0166667 0
0 0.775694 0 0.0152778 0
0 0.518056 0.5 0.0722222 1
0 0.775694 0 0.0152778 0
0 0.6375 0 0.0166667 0
0 0.370833 0 0.0166667 0
0 0.518056 0.5 0.0722222 1
0 0.775694 0 0.0152778 0
0 0.370833 0 0.0166667 0
0 0.6375 0 0.0166667 0
0 0.518056 0.5 0.0722222 1
0 0.370833 0 0.0166667 0
0 0.775694 0 0.0152778 0
0 0.6375 0 0.0166667 0
0 0.518056 0.5 0.0722222 1
0 0.370833 0 0.0166667 0
0 0.775694 0 0.0152778 0
0 0.6375 0 0.0166667 0
0 0.518056 0.5 0.0722222 1
0 0.554167 0 0.0361111 0
0 0.6375 0 0.0166667 0
0 0.775694 0 0.0152778 0
0 0.370833 0 0.0166667 0
0 0.51875 0.5 0.0736111 1
0 0.775694 0 0.0152778 0
0 0.638194 0 0.0152778 0
0 0.370833 0 0.0166667 0
0 0.51875 0.5 0.0736111 1
0 0.554167 0 0.0361111 0
0 0.775694 0 0.0152778 0
0 0.370833 0 0.0166667 0
0 0.6375 0 0.0166667 0
0 0.51875 0.5 0.0736111 1
0 0.775 0 0.0166667 0
0 0.638194 0 0.0152778 0
0 0.370833 0 0.0166667 0
0 0.51875 0.5 0.0736111 1
0 0.775694 0 0.0152778 0
0 0.370833 0 0.0166667 0
0 0.638889 0 0.0166667 0
0 0.519444 0.5 0.0722222 1
0 0.775694 0 0.0152778 0
0 0.370833 0 0.0166667 0
0 0.638889 0 0.0166667 0
0 0.519444 0.5 0.0722222 1
0 0.775694 0 0.0152778 0
0 0.370833 0 0.0166667 0
0 0.638889 0 0.0166667 0
0 0.519444 0.5 0.0722222 1
0 0.775694 0 0.0152778 0
0 0.370833 0 0.0166667 0
0 0.638889 0 0.0166667 0
0 0.519444 0.5 0.0722222 1
0 0.370833 0 0.0166667 0
0 0.775694 0 0.0152778 0
0 0.638889 0 0.0166667 0
0 0.51875 0.5 0.0736111 1
0 0.370833 0 0.0166667 0
0 0.775694 0 0.0152778 0
0 0.638889 0 0.0166667 0
0 0.519444 0.5 0.0722222 1
0 0.638194 0 0.0180556 0
0 0.370833 0 0.0166667 0
0 0.775694 0 0.0152778 0
0 0.519444 0.5 0.0722222 1
0 0.638889 0 0.0166667 0
0 0.370833 0 0.0166667 0
0 0.775694 0 0.0152778 0
0 0.519444 0.5 0.0722222 1
0 0.638194 0 0.0152778 0
0 0.775694 0 0.0152778 0
0 0.370833 0 0.0166667 0
0 0.519444 0.5 0.0722222 1
0 0.775694 0 0.0152778 0
0 0.370833 0 0.0166667 0
0 0.638889 0 0.0166667 0
0 0.519444 0.5 0.0722222 1
0 0.370833 0 0.0166667 0
0 0.775694 0 0.0152778 0
0 0.638194 0 0.0152778 0
0 0.519444 0.5 0.0722222 1
0 0.370833 0 0.0166667 0
0 0.775694 0 0.0152778 0
0 0.638889 0 0.0166667 0
0 0.519444 0.5 0.0722222 1
0 0.775694 0 0.0152778 0
0 0.370833 0 0.0166667 0
0 0.638889 0 0.0166667 0
0 0.519444 0.5 0.0722222 1
0 0.775694 0 0.0152778 0
0 0.370833 0 0.0166667 0
0 0.638889 0 0.0166667 0
0 0.519444 0.5 0.0722222 1
0 0.370833 0 0.0166667 0
0 0.775694 0 0.0152778 0
0 0.638889 0 0.0166667 0
0 0.519444 0.5 0.0722222 1
0 0.370833 0 0.0166667 0
0 0.775694 0 0.0152778 0
0 0.638889 0 0.0166667 0
0 0.519444 0.5 0.0722222 1
0 0.638194 0 0.0180556 0
0 0.371528 0 0.0152778 0
0 0.775694 0 0.0152778 0
0 0.520139 0.5 0.0736111 1
0 0.638194 0 0.0180556 0
0 0.371528 0 0.0152778 0
0 0.775694 0 0.0152778 0
0 0.520139 0.5 0.0736111 1
0 0.371528 0 0.0152778 0
0 0.775694 0 0.0152778 0
0 0.638889 0 0.0166667 0
0 0.520139 0.5 0.0736111 1
0 0.371528 0 0.0152778 0
0 0.638889 0 0.0166667 0
0 0.775694 0 0.0152778 0
0 0.520139 0.5 0.0736111 1
0 0.371528 0 0.0180556 0
0 0.638194 0 0.0180556 0
0 0.775694 0 0.0152778 0
0 0.520139 0.5 0.0736111 1
0 0.371528 0 0.0152778 0
0 0.638889 0 0.0166667 0
0 0.775694 0 0.0152778 0
0 0.520833 0.5 0.0722222 1
0 0.371528 0 0.0152778 0
0 0.638889 0 0.0166667 0
0 0.775694 0 0.0152778 0
0 0.520833 0.5 0.0722222 1
0 0.371528 0 0.0180556 0
0 0.638889 0 0.0166667 0
0 0.775694 0 0.0152778 0
0 0.520833 0.5 0.0722222 1
0 0.371528 0 0.0152778 0
0 0.638889 0 0.0166667 0
0 0.775694 0 0.0152778 0
0 0.520833 0.5 0.0722222 1
0 0.371528 0 0.0152778 0
0 0.775694 0 0.0152778 0
0 0.638889 0 0.0166667 0
0 0.520833 0.5 0.0722222 1
0 0.370833 0 0.0166667 0
0 0.775694 0 0.0152778 0
0 0.638889 0 0.0166667 0
0 0.520833 0.5 0.0722222 1
0 0.234722 0 0.0166667 0
0 0.775694 0 0.0152778 0
0 0.370833 0 0.0166667 0
0 0.638889 0 0.0166667 0
0 0.520833 0.5 0.0722222 1
0 0.234722 0 0.0166667 0
0 0.370833 0 0.0166667 0
0 0.775694 0 0.0152778 0
0 0.638889 0 0.0166667 0
0 0.520833 0.5 0.0722222 1
0 0.234722 0 0.0166667 0
0 0.371528 0 0.0152778 0
0 0.775694 0 0.0152778 0
0 0.638889 0 0.0166667 0
0 0.520833 0.5 0.0722222 1
0 0.370833 0 0.0166667 0
0 0.775694 0 0.0152778 0
0 0.638889 0 0.0166667 0
0 0.521528 0.5 0.0708333 1
0 0.370833 0 0.0166667 0
0 0.775694 0 0.0152778 0
0 0.638889 0 0.0166667 0
0 0.521528 0.5 0.0708333 1
0 0.775694 0 0.0152778 0
0 0.370833 0 0.0166667 0
0 0.638889 0 0.0166667 0
0 0.521528 0.5 0.0708333 1
0 0.370833 0 0.0166667 0
0 0.638889 0 0.0166667 0
0 0.775694 0 0.0152778 0
0 0.521528 0.5 0.0708333 1
0 0.370833 0 0.0166667 0
0 0.775694 0 0.0152778 0
0 0.638889 0 0.0166667 0
0 0.521528 0.5 0.0708333 1
0 0.370833 0 0.0166667 0
0 0.775694 0 0.0152778 0
0 0.638889 0 0.0166667 0
0 0.521528 0.5 0.0708333 1
0 0.638889 0 0.0166667 0
0 0.775694 0 0.0152778 0
0 0.370833 0 0.0166667 0
0 0.522222 0.5 0.0722222 1
0 0.370833 0 0.0166667 0
0 0.775694 0 0.0152778 0
0 0.638889 0 0.0166667 0
0 0.522222 0.5 0.0722222 1
0 0.370833 0 0.0166667 0
0 0.638889 0 0.0166667 0
0 0.775694 0 0.0152778 0
0 0.522222 0.5 0.0722222 1
0 0.370833 0 0.0166667 0
0 0.775694 0 0.0152778 0
0 0.638889 0 0.0166667 0
0 0.522222 0.5 0.0722222 1
0 0.370833 0 0.0166667 0
0 0.638889 0 0.0166667 0
0 0.775694 0 0.0152778 0
0 0.522222 0.5 0.0722222 1
0 0.370833 0 0.0166667 0
0 0.776389 0 0.0138889 0
0 0.638889 0 0.0166667 0
0 0.522917 0.5 0.0736111 1
0 0.776389 0 0.0166667 0
0 0.370833 0 0.0166667 0
0 0.638889 0 0.0166667 0
0 0.522917 0.5 0.0736111 1
0 0.776389 0 0.0166667 0
0 0.370833 0 0.0166667 0
0 0.638889 0 0.0166667 0
0 0.522917 0.5 0.0736111 1
0 0.776389 0 0.0166667 0
0 0.370833 0 0.0166667 0
0 0.638889 0 0.0166667 0
0 0.522917 0.5 0.0736111 1
0 0.776389 0 0.0166667 0
0 0.370833 0 0.0166667 0
0 0.638889 0 0.0166667 0
0 0.522222 0.5 0.0722222 1
0 0.370833 0 0.0166667 0
0 0.776389 0 0.0166667 0
0 0.638889 0 0.0166667 0
0 0.522222 0.5 0.0722222 1
0 0.777083 0 0.0180556 0
0 0.370833 0 0.0166667 0
0 0.233333 0 0.0166667 0
0 0.638889 0 0.0166667 0
0 0.523611 0.5 0.0722222 1
0 0.370833 0 0.0166667 0
0 0.777083 0 0.0180556 0
0 0.233333 0 0.0166667 0
0 0.639583 0 0.0180556 0
0 0.523611 0.5 0.0722222 1
0 0.777083 0 0.0180556 0
0 0.370833 0 0.0166667 0
0 0.233333 0 0.0166667 0
0 0.638889 0 0.0166667 0
0 0.523611 0.5 0.0722222 1
0 0.370833 0 0.0166667 0
0 0.777083 0 0.0180556 0
0 0.233333 0 0.0166667 0
0 0.639583 0 0.0180556 0
0 0.523611 0.5 0.0722222 1
0 0.370833 0 0.0166667 0
0 0.233333 0 0.0166667 0
0 0.639583 0 0.0180556 0
0 0.524306 0.5 0.0708333 1
0 0.371528 0 0.0180556 0
0 0.638194 0 0.0180556 0
0 0.233333 0 0.0166667 0
0 0.525 0.5 0.0722222 1
0 0.777778 0 0.0166667 0
0 0.232639 0 0.0180556 0
0 0.370833 0 0.0166667 0
0 0.639583 0 0.0152778 0
0 0.525 0.5 0.0722222 1
0 0.232639 0 0.0152778 0
0 0.370833 0 0.0166667 0
0 0.639583 0 0.0152778 0
0 0.525 0.5 0.0722222 1
0 0.555556 0 0.0361111 0
0 0.232639 0 0.0152778 0
0 0.777778 0 0.0166667 0
0 0.370833 0 0.0166667 0
0 0.639583 0 0.0152778 0
0 0.525694 0.5 0.0819444 1
0 0.231944 0 0.0166667 0
0 0.639583 0 0.0180556 0
0 0.370139 0 0.0152778 0
0 0.778472 0 0.0180556 0
0 0.526389 0.5 0.0694444 1
0 0.639583 0 0.0180556 0
0 0.778472 0 0.0180556 0
0 0.370833 0 0.0166667 0
0 0.527083 0.5 0.0708333 1
0 0.638889 0 0.0166667 0
0 0.778472 0 0.0180556 0
0 0.370833 0 0.0166667 0
0 0.527083 0.5 0.0708333 1
0 0.639583 0 0.0180556 0
0 0.778472 0 0.0180556 0
0 0.370139 0 0.0152778 0
0 0.527083 0.5 0.0708333 1
0 0.23125 0 0.0180556 0
0 0.370139 0 0.0152778 0
0 0.640278 0 0.0166667 0
0 0.778472 0 0.0180556 0
0 0.527083 0.5 0.0708333 1
0 0.778472 0 0.0180556 0
0 0.370139 0 0.0152778 0
0 0.640972 0 0.0180556 0
0 0.527083 0.5 0.0708333 1
0 0.369444 0 0.0166667 0
0 0.640972 0 0.0180556 0
0 0.527083 0.5 0.0819444 1
0 0.369444 0 0.0166667 0
0 0.780556 0 0.0166667 0
0 0.641667 0 0.0166667 0
0 0.527083 0.5 0.0736111 1
0 0.780556 0 0.0166667 0
0 0.640972 0 0.0180556 0
0 0.527083 0.5 0.0736111 1
0 0.369444 0 0.0166667 0
0 0.780556 0 0.0166667 0
0 0.640972 0 0.0180556 0
0 0.527083 0.5 0.0736111 1
0 0.780556 0 0.0166667 0
0 0.640972 0 0.0180556 0
0 0.527083 0.5 0.0736111 1
0 0.370139 0 0.0152778 0
0 0.780556 0 0.0166667 0
0 0.641667 0 0.0166667 0
0 0.527083 0.5 0.0736111 1
0 0.369444 0 0.0166667 0
0 0.78125 0 0.0152778 0
0 0.641667 0 0.0166667 0
0 0.527778 1 0.075 0
0 0.78125 0 0.0180556 0
0 0.641667 0 0.0166667 0
0 0.528472 1 0.0736111 0
0 0.78125 0 0.0180556 0
0 0.641667 0 0.0166667 0
0 0.528472 1 0.0736111 0
0 0.78125 0 0.0180556 0
0 0.641667 0 0.0166667 0
0 0.528472 1 0.0736111 0
0 0.78125 0 0.0180556 0
0 0.641667 0 0.0166667 0
0 0.528472 1 0.0736111 0
0 0.36875 0 0.0180556 0
0 0.642361 0 0.0180556 0
0 0.526389 1 0.0805556 0
0 0.782639 0 0.0180556 0
0 0.642361 0 0.0180556 0
0 0.526389 1 0.0805556 0
0 0.783333 0 0.0194444 0
0 0.642361 0 0.0180556 0
0 0.526389 1 0.0805556 0
0 0.783333 0 0.0194444 0
0 0.643056 0 0.0166667 0
0 0.526389 1 0.0805556 0
0 0.783333 0 0.0194444 0
0 0.643056 0 0.0166667 0
0 0.526389 1 0.0805556 0
0 0.368056 0 0.0194444 0
0 0.783333 0 0.0194444 0
0 0.642361 0 0.0152778 0
0 0.527083 1 0.0791667 0
0 0.64375 0 0.0152778 0
0 0.527083 1 0.0791667 0
0 0.784722 0 0.0194444 0
0 0.64375 0 0.0152778 0
0 0.526389 1 0.0833333 0
0 0.784722 0 0.0166667 0
0 0.64375 0 0.0152778 0
0 0.526389 1 0.0833333 0
0 0.784722 0 0.0194444 0
0 0.64375 0 0.0152778 0
0 0.526389 1 0.0833333 0
0 0.64375 0 0.0152778 0
0 0.526389 1 0.0833333 0
0 0.784722 0 0.0194444 0
0 0.64375 0 0.0152778 0
0 0.526389 1 0.0833333 0
0 0.64375 0 0.0208333 0
0 0.366667 0 0.0194444 0
0 0.527083 1 0.0847222 0
0 0.365972 0 0.0180556 0
0 0.644444 0 0.0194444 0
0 0.526389 1 0.0833333 0
0 0.365972 0 0.0180556 0
0 0.645139 0 0.0180556 0
0 0.526389 1 0.0833333 0
0 0.365972 0 0.0180556 0
0 0.645139 0 0.0180556 0
0 0.527083 1 0.0819444 0
0 0.7875 0 0.0166667 0
0 0.365972 0 0.0180556 0
0 0.64375 0 0.0180556 0
0 0.526389 1 0.0861111 0
0 0.788194 0 0.0180556 0
0 0.365278 0 0.0166667 0
0 0.645139 0 0.0180556 0
0 0.526389 1 0.0861111 0
0 0.365278 0 0.0166667 0
0 0.645139 0 0.0180556 0
0 0.788889 0 0.0166667 0
0 0.527083 1 0.0847222 0
0 0.645139 0 0.0208333 0
0 0.365278 0 0.0166667 0
0 0.788889 0 0.0166667 0
0 0.527083 1 0.0847222 0
0 0.365278 0 0.0166667 0
0 0.645139 0 0.0180556 0
0 0.788889 0 0.0166667 0
0 0.527083 1 0.0847222 0
0 0.365278 0 0.0166667 0
0 0.645833 0 0.0194444 0
0 0.788889 0 0.0166667 0
0 0.527083 1 0.0847222 0
0 0.788889 0 0.0166667 0
0 0.645139 0 0.0180556 0
0 0.365278 0 0.0166667 0
0 0.527083 1 0.0847222 0
0 0.365278 0 0.0166667 0
0 0.790972 0 0.0180556 0
0 0.645833 0 0.0166667 0
0 0.527778 1 0.0861111 0
0 0.364583 0 0.0180556 0
0 0.790972 0 0.0180556 0
0 0.646528 0 0.0180556 0
0 0.527778 1 0.0888889 0
0 0.790972 0 0.0180556 0
0 0.646528 0 0.0180556 0
0 0.527778 1 0.0888889 0
0 0.364583 0 0.0180556 0
0 0.646528 0 0.0180556 0
0 0.790972 0 0.0180556 0
0 0.527778 1 0.0888889 0
0 0.364583 0 0.0180556 0
0 0.790972 0 0.0180556 0
0 0.646528 0 0.0180556 0
0 0.527778 1 0.0888889 0
0 0.364583 0 0.0180556 0
0 0.790972 0 0.0180556 0
0 0.646528 0 0.0180556 0
0 0.529167 1 0.0861111 0
0 0.647222 0 0.0194444 0
0 0.531944 1 0.0916667 0
0 0.647917 0 0.0180556 0
0 0.531944 1 0.0916667 0
0 0.793056 0 0.0194444 0
0 0.647222 0 0.0194444 0
0 0.531944 1 0.0916667 0
0 0.793056 0 0.0194444 0
0 0.647222 0 0.0194444 0
0 0.533333 1 0.0944444 0
0 0.648611 0 0.0194444 0
0 0.5375 1 0.0944444 0
0 0.648611 0 0.0194444 0
0 0.538194 1 0.0930556 0
0 0.3625 0 0.0194444 0
0 0.648611 0 0.0194444 0
0 0.538194 1 0.0930556 0
0 0.648611 0 0.0194444 0
0 0.538194 1 0.0930556 0
0 0.648611 0 0.0194444 0
0 0.538194 1 0.0930556 0
0 0.214583 0 0.0180556 0
0 0.3625 0 0.0194444 0
0 0.648611 0 0.0194444 0
0 0.541667 1 0.0944444 0
0 0.795833 0 0.0194444 0
0 0.213889 0 0.0166667 0
0 0.648611 0 0.0194444 0
0 0.548611 1 0.1 0
0 0.213194 0 0.0180556 0
0 0.648611 0 0.0194444 0
0 0.552778 1 0.0972222 0
0 0.648611 0 0.0194444 0
0 0.552778 1 0.0972222 0
0 0.648611 0 0.0194444 0
0 0.213194 0 0.0180556 0
0 0.552778 1 0.0972222 0
0 0.648611 0 0.0194444 0
0 0.55625 1 0.0986111 0
0 0.649306 0 0.0180556 0
0 0.559722 1 0.1 0
0 0.65 0 0.0166667 0
0 0.359722 0 0.0194444 0
0 0.575694 1 0.101389 0
0 0.359722 0 0.0194444 0
0 0.649306 0 0.0180556 0
0 0.583333 1 0.102778 0
0 0.359722 0 0.0194444 0
0 0.649306 0 0.0180556 0
0 0.588889 1 0.1 0
0 0.359028 0 0.0180556 0
0 0.649306 0 0.0180556 0
0 0.588889 1 0.1 0
0 0.359722 0 0.0194444 0
0 0.649306 0 0.0180556 0
0 0.588889 1 0.1 0
0 0.798611 0 0.0194444 0
0 0.359028 0 0.0180556 0
0 0.649306 0 0.0180556 0
0 0.596528 1 0.101389 0
0 0.209028 0 0.0180556 0
0 0.358333 0 0.0194444 0
0 0.65 0 0.0166667 0
0 0.615278 1 0.105556 0
0 0.358333 0 0.0194444 0
0 0.65 0 0.0166667 0
0 0.619444 1 0.105556 0
0 0.358333 0 0.0194444 0
0 0.65 0 0.0166667 0
0 0.619444 1 0.105556 0
0 0.209028 0 0.0180556 0
0 0.359028 0 0.0180556 0
0 0.65 0 0.0166667 0
0 0.620833 1 0.105556 0
0 0.357639 0 0.0180556 0
0 0.65 0 0.0166667 0
0 0.638194 1 0.1125 0
0 0.207639 0 0.0180556 0
0 0.358333 0 0.0166667 0
0 0.650694 0 0.0180556 0
0 0.647917 1 0.106944 0
0 0.207639 0 0.0180556 0
0 0.357639 0 0.0180556 0
0 0.650694 0 0.0180556 0
0 0.647917 1 0.106944 0
0 0.207639 0 0.0180556 0
0 0.358333 0 0.0166667 0
0 0.650694 0 0.0180556 0
0 0.647917 1 0.106944 0
0 0.207639 0 0.0180556 0
0 0.357639 0 0.0180556 0
0 0.650694 0 0.0180556 0
0 0.647917 1 0.106944 0
0 0.206944 0 0.0194444 0
0 0.802083 0 0.0180556 0
0 0.357639 0 0.0180556 0
0 0.650694 0 0.0180556 0
0 0.659028 1 0.109722 0
0 0.802778 0 0.0194444 0
0 0.35625 0 0.0180556 0
0 0.652083 0 0.0180556 0
0 0.672917 1 0.109722 0
0 0.802083 0 0.0180556 0
0 0.356944 0 0.0166667 0
0 0.650694 0 0.0180556 0
0 0.672917 1 0.109722 0
0 0.802083 0 0.0180556 0
0 0.356944 0 0.0166667 0
0 0.652083 0 0.0180556 0
0 0.672917 1 0.109722 0
0 0.357639 0 0.0180556 0
0 0.802778 0 0.0194444 0
0 0.652083 0 0.0180556 0
0 0.677778 1 0.113889 0
0 0.357639 0 0.0180556 0
0 0.802778 0 0.0194444 0
0 0.652083 0 0.0180556 0
0 0.677778 1 0.113889 0
0 0.804167 0 0.0194444 0
0 0.652083 0 0.0180556 0
0 0.688889 1 0.116667 0
0 0.804167 0 0.0194444 0
0 0.652083 0 0.0180556 0
0 0.688889 1 0.116667 0
0 0.803472 0 0.0180556 0
0 0.652083 0 0.0180556 0
0 0.688889 1 0.116667 0
0 0.804167 0 0.0194444 0
0 0.652778 0 0.0194444 0
0 0.692361 1 0.104167 0
0 0.804167 0 0.0194444 0
0 0.652778 0 0.0194444 0
0 0.692361 1 0.104167 0
0 0.804167 0 0.0194444 0
0 0.652778 0 0.0194444 0
0 0.695139 1 0.1125 0
0 0.804167 0 0.0194444 0
0 0.652778 0 0.0194444 0
0 0.695139 1 0.1125 0
0 0.804167 0 0.0194444 0
0 0.652778 0 0.0194444 0
0 0.695139 1 0.1125 0
0 0.804861 0 0.0208333 0
0 0.652778 0 0.0194444 0
0 0.695139 1 0.1125 0
0 0.354167 0 0.0194444 0
0 0.804861 0 0.0208333 0
0 0.652778 0 0.0194444 0
0 0.689583 1 0.120833 0
0 0.804861 0 0.0208333 0
0 0.652778 0 0.0194444 0
0 0.689583 1 0.120833 0
0 0.804861 0 0.0208333 0
0 0.652778 0 0.0194444 0
0 0.689583 1 0.120833 0
0 0.804861 0 0.0208333 0
0 0.653472 0 0.0208333 0
0 0.686806 1 0.123611 0
0 0.805556 0 0.0194444 0
0 0.653472 0 0.0208333 0
0 0.679167 1 0.122222 0
0 0.80625 0 0.0208333 0
0 0.353472 0 0.0208333 0
0 0.653472 0 0.0208333 0
0 0.672917 1 0.118056 0
0 0.80625 0 0.0208333 0
0 0.352778 0 0.0194444 0
0 0.653472 0 0.0208333 0
0 0.656944 1 0.122222 0
0 0.80625 0 0.0208333 0
0 0.352778 0 0.0194444 0
0 0.653472 0 0.0208333 0
0 0.648611 1 0.116667 0
0 0.352778 0 0.0194444 0
0 0.80625 0 0.0208333 0
0 0.653472 0 0.0208333 0
0 0.644444 1 0.111111 0
0 0.80625 0 0.0208333 0
0 0.352778 0 0.0194444 0
0 0.653472 0 0.0208333 0
0 0.636111 1 0.122222 0
0 0.80625 0 0.0208333 0
0 0.653472 0 0.0208333 0
0 0.627778 1 0.119444 0
0 0.351389 0 0.0194444 0
0 0.80625 0 0.0208333 0
0 0.653472 0 0.0208333 0
0 0.625 1 0.116667 0
0 0.80625 0 0.0208333 0
0 0.351389 0 0.0194444 0
0 0.653472 0 0.0208333 0
0 0.621528 1 0.115278 0
0 0.80625 0 0.0208333 0
0 0.197917 0 0.0180556 0
0 0.350694 0 0.0180556 0
0 0.652778 0 0.0194444 0
0 0.621528 1 0.115278 0
0 0.351389 0 0.0194444 0
0 0.652778 0 0.0194444 0
0 0.625694 1 0.120833 0
0 0.807639 0 0.0208333 0
0 0.35 0 0.0194444 0
0 0.652778 0 0.0194444 0
0 0.632639 1 0.126389 0
0 0.807639 0 0.0208333 0
0 0.35 0 0.0194444 0
0 0.652778 0 0.0194444 0
0 0.635417 1 0.126389 0
0 0.349306 0 0.0180556 0
0 0.807639 0 0.0208333 0
0 0.652778 0 0.0194444 0
0 0.646528 1 0.118056 0
0 0.807639 0 0.0208333 0
0 0.652778 0 0.0194444 0
0 0.654861 1 0.126389 0
0 0.807639 0 0.0208333 0
0 0.66875 1 0.115278 0
0 0.652083 0 0.0180556 0
0 0.195139 0 0.0180556 0
0 0.807639 0 0.0208333 0
0 0.675 1 0.138889 0
0 0.652778 0 0.0194444 0
0 0.808333 0 0.0194444 0
0 0.684722 1 0.130556 0
0 0.652083 0 0.0180556 0
0 0.692361 1 0.131944 0
0 0.809028 0 0.0208333 0
0 0.652778 0 0.0194444 0
0 0.809028 0 0.0208333 0
0 0.652778 0 0.0194444 0
0 0.809722 0 0.0194444 0
0 0.348611 0 0.0194444 0
0 0.652778 0 0.0194444 0
0 0.809028 0 0.0208333 0
0 0.347917 0 0.0208333 0
0 0.652778 0 0.0194444 0
0 0.347917 0 0.0180556 0
0 0.652778 0 0.0194444 0
0 0.347917 0 0.0180556 0
0 0.810417 0 0.0208333 0
0 0.652778 0 0.0194444 0
0 0.809722 0 0.0222222 0
0 0.347917 0 0.0180556 0
0 0.652778 0 0.0194444 0
0 0.347222 0 0.0194444 0
0 0.652778 0 0.0194444 0
0 0.810417 0 0.0208333 0
0 0.346528 0 0.0180556 0
0 0.653472 0 0.0180556 0
0 0.810417 0 0.0208333 0
0 0.346528 0 0.0180556 0
0 0.652778 0 0.0194444 0
0 0.810417 0 0.0208333 0
0 0.346528 0 0.0180556 0
0 0.652778 0 0.0194444 0
0 0.811806 0 0.0208333 0
0 0.654167 0 0.0194444 0
0 0.811111 0 0.0194444 0
0 0.654167 0 0.0194444 0
0 0.345833 0 0.0194444 0
0 0.1875 0 0.0194444 0
0 0.811111 0 0.0194444 0
0 0.653472 0 0.0180556 0
0 0.1875 0 0.0194444 0
0 0.811806 0 0.0208333 0
0 0.654167 0 0.0194444 0
0 0.1875 0 0.0194444 0
0 0.811111 0 0.0194444 0
0 0.654167 0 0.0194444 0
0 0.345833 0 0.0194444 0
0 0.811111 0 0.0194444 0
0 0.654167 0 0.0194444 0
0 0.811806 0 0.0208333 0
0 0.345139 0 0.0180556 0
0 0.654167 0 0.0194444 0
0 0.811806 0 0.0208333 0
0 0.345139 0 0.0180556 0
0 0.654167 0 0.0194444 0
0 0.811806 0 0.0208333 0
0 0.345139 0 0.0180556 0
0 0.654167 0 0.0194444 0
0 0.811806 0 0.0208333 0
0 0.345139 0 0.0180556 0
0 0.654167 0 0.0194444 0
0 0.344444 0 0.0194444 0
0 0.654861 0 0.0208333 0
0 0.344444 0 0.0194444 0
0 0.654861 0 0.0208333 0
0 0.344444 0 0.0194444 0
0 0.654861 0 0.0208333 0
0 0.344444 0 0.0194444 0
0 0.654861 0 0.0208333 0
0 0.813889 0 0.0194444 0
0 0.344444 0 0.0194444 0
0 0.654861 0 0.0208333 0
0 0.185417 0 0.0180556 0
0 0.344444 0 0.0194444 0
0 0.813889 0 0.0194444 0
0 0.654861 0 0.0208333 0
0 0.344444 0 0.0194444 0
0 0.813889 0 0.0194444 0
0 0.654861 0 0.0208333 0
0 0.344444 0 0.0194444 0
0 0.814583 0 0.0208333 0
0 0.654861 0 0.0208333 0
0 0.344444 0 0.0194444 0
0 0.814583 0 0.0208333 0
0 0.654861 0 0.0208333 0
0 0.34375 0 0.0208333 0
0 0.815278 0 0.0194444 0
0 0.185417 0 0.0180556 0
0 0.654861 0 0.0208333 0
0 0.184028 0 0.0180556 0
0 0.815278 0 0.0194444 0
0 0.654861 0 0.0208333 0
0 0.184028 0 0.0180556 0
0 0.815278 0 0.0194444 0
0 0.655556 0 0.0194444 0
0 0.183333 0 0.0194444 0
0 0.343056 0 0.0194444 0
0 0.815972 0 0.0208333 0
0 0.655556 0 0.0194444 0
0 0.182639 0 0.0180556 0
0 0.815972 0 0.0208333 0
0 0.654861 0 0.0208333 0
0 0.815972 0 0.0208333 0
0 0.182639 0 0.0180556 0
0 0.65625 0 0.0180556 0
0 0.342361 0 0.0208333 0
0 0.815972 0 0.0208333 0
0 0.65625 0 0.0180556 0
0 0.815972 0 0.0208333 0
0 0.65625 0 0.0180556 0
0 0.342361 0 0.0208333 0
0 0.655556 0 0.0194444 0
0 0.342361 0 0.0208333 0
0 0.655556 0 0.0194444 0
0 0.340972 0 0.0208333 0
0 0.655556 0 0.0194444 0
0 0.340972 0 0.0208333 0
0 0.65625 0 0.0180556 0
0 0.340972 0 0.0208333 0
0 0.817361 0 0.0208333 0
0 0.65625 0 0.0180556 0
0 0.817361 0 0.0208333 0
0 0.340972 0 0.0208333 0
0 0.65625 0 0.0180556 0
0 0.817361 0 0.0208333 0
0 0.341667 0 0.0194444 0
0 0.65625 0 0.0180556 0
0 0.817361 0 0.0208333 0
0 0.340972 0 0.0208333 0
0 0.65625 0 0.0180556 0
0 0.817361 0 0.0208333 0
0 0.341667 0 0.0194444 0
0 0.65625 0 0.0180556 0
0 0.577083 1 0.00694444 0
0 0.817361 0 0.0208333 0
0 0.340972 0 0.0208333 0
0 0.65625 0 0.0180556 0
0 0.816667 0 0.0194444 0
0 0.340972 0 0.0180556 0
0 0.65625 0 0.0180556 0
0 0.817361 0 0.0208333 0
0 0.340972 0 0.0180556 0
0 0.65625 0 0.0180556 0
0 0.816667 0 0.0194444 0
0 0.340972 0 0.0180556 0
0 0.65625 0 0.0180556 0
0 0.817361 0 0.0208333 0
0 0.340972 0 0.0180556 0
0 0.65625 0 0.0180556 0
0 0.817361 0 0.0208333 0
0 0.340278 0 0.0194444 0
0 0.65625 0 0.0180556 0
0 0.340278 0 0.0194444 0
0 0.817361 0 0.0208333 0
0 0.65625 0 0.0180556 0
0 0.817361 0 0.0208333 0
0 0.340278 0 0.0194444 0
0 0.65625 0 0.0180556 0
0 0.340278 0 0.0194444 0
0 0.817361 0 0.0208333 0
0 0.65625 0 0.0180556 0
0 0.340278 0 0.0194444 0
0 0.817361 0 0.0208333 0
0 0.65625 0 0.0180556 0
0 0.340278 0 0.0194444 0
0 0.817361 0 0.0208333 0
0 0.656944 0 0.0194444 0
0 0.340278 0 0.0194444 0
0 0.817361 0 0.0208333 0
0 0.65625 0 0.0180556 0
0 0.340278 0 0.0194444 0
0 0.817361 0 0.0208333 0
0 0.65625 0 0.0180556 0
0 0.340278 0 0.0194444 0
0 0.817361 0 0.0208333 0
0 0.65625 0 0.0180556 0
0 0.818056 0 0.0194444 0
0 0.340972 0 0.0208333 0
0 0.656944 0 0.0194444 0
0 0.516667 1 0.0111111 0
0 0.818056 0 0.0194444 0
0 0.340972 0 0.0208333 0
0 0.656944 0 0.0194444 0
0 0.516667 1 0.0111111 0
0 0.818056 0 0.0194444 0
0 0.340972 0 0.0208333 0
0 0.656944 0 0.0194444 0
0 0.516667 1 0.0111111 0
0 0.818056 0 0.0194444 0
0 0.340278 0 0.0194444 0
0 0.65625 0 0.0208333 0
0 0.818056 0 0.0194444 0
0 0.340972 0 0.0208333 0
0 0.656944 0 0.0194444 0
0 0.818056 0 0.0194444 0
0 0.340278 0 0.0194444 0
0 0.721528 1 0.131944 0
0 0.65625 0 0.0180556 0
0 0.818056 0 0.0194444 0
0 0.340972 0 0.0208333 0
0 0.767361 1 0.151389 0
0 0.656944 0 0.0194444 0
0 0.818056 0 0.0194444 0
0 0.340972 0 0.0208333 0
0 0.767361 1 0.151389 0
0 0.65625 0 0.0180556 0
0 0.818056 0 0.0194444 0
0 0.340278 0 0.0194444 0
0 0.767361 1 0.151389 0
0 0.65625 0 0.0180556 0
0 0.340972 0 0.0208333 0
0 0.818056 0 0.0194444 0
0 0.850694 1 0.151389 0
0 0.656944 0 0.0194444 0
0 0.340972 0 0.0208333 0
0 0.818056 0 0.0194444 0
