0 0.469444 0 0.0222222 0
0 0.469444 0 0.0222222 0
0 0.469444 0 0.0222222 0
0 0.469444 0 0.0222222 0
0 0.469444 0 0.0222222 0
0 0.469444 0 0.0222222 0
0 0.469444 0 0.0222222 0
0 0.469444 0 0.0222222 0
0 0.469444 0 0.0222222 0
0 0.469444 0 0.0222222 0
0 0.469444 0 0.0222222 0
0 0.469444 0 0.0222222 0
0 0.469444 0 0.0222222 0
0 0.469444 0 0.0222222 0
0 0.469444 0 0.0222222 0
0 0.469444 0 0.0222222 0
0 0.469444 0 0.0222222 0
0 0.469444 0 0.0222222 0
0 0.469444 0 0.0222222 0
0 0.469444 0 0.0222222 0
0 0.469444 0 0.0222222 0
0 0.469444 0 0.0222222 0
0 0.46875 0 0.0208333 0
0 0.46875 0 0.0208333 0
0 0.46875 0 0.0208333 0
0 0.46875 0 0.0208333 0
0 0.46875 0 0.0208333 0
0 0.46875 0 0.0208333 0
0 0.46875 0 0.0208333 0
0 0.46875 0 0.0208333 0
0 0.46875 0 0.0208333 0
0 0.46875 0 0.0208333 0
0 0.46875 0 0.0208333 0
0 0.46875 0 0.0208333 0
0 0.46875 0 0.0208333 0
0 0.46875 0 0.0208333 0
0 0.46875 0 0.0208333 0
0 0.46875 0 0.0208333 0
0 0.46875 0 0.0208333 0
0 0.46875 0 0.0208333 0
0 0.46875 0 0.0208333 0
0 0.46875 0 0.0208333 0
0 0.46875 0 0.0208333 0
0 0.46875 0 0.0208333 0
0 0.46875 0 0.0208333 0
0 0.46875 0 0.0208333 0
0 0.46875 0 0.0208333 0
0 0.46875 0 0.0208333 0
0 0.46875 0 0.0208333 0
0 0.46875 0 0.0208333 0
0 0.46875 0 0.0208333 0
0 0.46875 0 0.0208333 0
0 0.46875 0 0.0208333 0
0 0.46875 0 0.0208333 0
0 0.46875 0 0.0208333 0
0 0.46875 0 0.0208333 0
0 0.46875 0 0.0208333 0
0 0.46875 0 0.0208333 0
0 0.46875 0 0.0208333 0
0 0.46875 0 0.0208333 0
0 0.46875 0 0.0208333 0
0 0.46875 0 0.0208333 0
0 0.46875 0 0.0208333 0
0 0.46875 0 0.0208333 0
0 0.46875 0 0.0208333 0
0 0.46875 0 0.0208333 0
0 0.46875 0 0.0208333 0
0 0.46875 0 0.0208333 0
0 0.46875 0 0.0208333 0
0 0.46875 0 0.0208333 0
0 0.46875 0 0.0208333 0
0 0.46875 0 0.0208333 0
0 0.46875 0 0.0208333 0
0 0.46875 0 0.0208333 0
0 0.46875 0 0.0208333 0
0 0.46875 0 0.0208333 0
0 0.46875 0 0.0208333 0
0 0.46875 0 0.0208333 0
0 0.466667 0 0.0222222 0
0 0.465278 0 0.0222222 0
0 0.463194 0 0.0208333 0
0 0.461111 0 0.0222222 0
0 0.459722 0 0.0222222 0
0 0.459028 0 0.0236111 0
0 0.458333 0 0.0222222 0
0 0.457639 0 0.0208333 0
0 0.456944 0 0.0222222 0
0 0.45625 0 0.0208333 0
0 0.45625 0 0.0208333 0
0 0.45625 0 0.0208333 0
0 0.455556 0 0.0222222 0
0 0.45625 0 0.0208333 0
0 0.45625 0 0.0208333 0
0 0.457639 0 0.0208333 0
0 0.457639 0 0.0208333 0
0 0.459028 0 0.0208333 0
0 0.461111 0 0.0222222 0
0 0.463194 0 0.0208333 0
0 0.464583 0 0.0208333 0
0 0.468056 0.5 0.0222222 1
0 0.476389 0.5 0.0305556 1
0 0.469444 0.5 0.0194444 1
0 0.480556 0.5 0.0333333 1
0 0.470833 0.5 0.0194444 1
0 0.472222 0.5 0.0166667 1
0 0.504861 0.5 0.0513889 1
0 0.504167 0.5 0.05 1
0 0.525 0 0.0166667 0
0 0.533333 0 0.0194444 0
0 0.539583 0 0.0208333 0
0 0.547917 0 0.0208333 0
0 0.557639 0 0.0208333 0
0 0.564583 0 0.0208333 0
0 0.573611 0 0.0222222 0
0 0.583333 0 0.0222222 0
0 0.591667 0 0.0222222 0
0 0.598611 0 0.0222222 0
0 0.611806 0 0.0208333 0
0 0.618056 0 0.0194444 0
0 0.618056 0 0.0194444 0
0 0.638194 0 0.0208333 0
0 0.646528 0 0.0208333 0
0 0.646528 0 0.0208333 0
0 0.670833 0 0.0222222 0
0 0.679167 0 0.0222222 0
0 0.688194 0 0.0208333 0
0 0.688194 0 0.0208333 0
0 0.709722 0 0.0222222 0
0 0.709722 0 0.0222222 0
0 0.721528 0 0.0208333 0
0 0.731944 0 0.0222222 0
0 0.744444 0 0.0222222 0
0 0.759722 0 0.0222222 0
0 0.768056 0 0.0222222 0
0 0.792361 0 0.0236111 0
0 0.80625 0 0.0236111 0
0 0.80625 0 0.0236111 0
0 0.835417 0 0.0236111 0
0 0.851389 0 0.0222222 0
0 0.866667 0 0.0222222 0
0 0.872222 0 0.0222222 0
0 0.884028 0 0.0236111 0
0 0.899306 0 0.0208333 0
0 0.911806 0 0.0208333 0
0 0.925 0 0.0222222 0
0 0.935417 0 0.0208333 0
0 0.945833 0 0.0222222 0
0 0.956944 0 0.0222222 0
0 0.956944 0 0.0222222 0
0 0.970833 0 0.0222222 0
0 0.986806 0 0.0208333 0
0 0.995139 0 0.00694444 0
0 0.997222 0 0.00277778 0
0 0.46875 0 0.0208333 0
0 0.466667 0 0.0222222 0
0 0.464583 0 0.0208333 0
0 0.464583 0 0.0208333 0
0 0.461806 0 0.0208333 0
0 0.459722 0 0.0222222 0
0 0.457639 0 0.0208333 0
0 0.457639 0 0.0208333 0
0 0.456944 0 0.0222222 0
0 0.456944 0 0.0222222 0
0 0.456944 0 0.0222222 0
0 0.456944 0 0.0222222 0
0 0.456944 0 0.0222222 0
0 0.456944 0 0.0222222 0
0 0.45625 0 0.0208333 0
0 0.45625 0 0.0208333 0
0 0.455556 0 0.0222222 0
0 0.45625 0 0.0208333 0
0 0.457639 0 0.0208333 0
0 0.458333 0 0.0222222 0
0 0.459028 0 0.0236111 0
0 0.461111 0 0.0222222 0
0 0.4625 0 0.0194444 0
0 0.464583 0 0.0208333 0
0 0.465278 0.5 0.0222222 1
0 0.468056 0.5 0.0222222 1
0 0.477083 0.5 0.0319444 1
0 0.470139 0.5 0.0208333 1
0 0.470139 0.5 0.0208333 1
0 0.470139 0.5 0.0208333 1
0 0.470139 0.5 0.0208333 1
0 0.477083 0.5 0.0319444 1
0 0.470139 0.5 0.0208333 1
0 0.477083 0.5 0.0319444 1
0 0.470139 0.5 0.0208333 1
0 0.476389 0.5 0.0305556 1
0 0.469444 0.5 0.0194444 1
0 0.471528 0.5 0.0180556 1
0 0.472917 0.5 0.0152778 1
0 0.504167 0.5 0.0527778 1
0 0.504167 0.5 0.05 1
0 0.502778 0.5 0.0444444 1
0 0.527083 0 0.0180556 0
0 0.533333 0 0.0194444 0
0 0.540278 0 0.0333333 0
0 0.540972 0 0.0208333 0
0 0.547917 0 0.0208333 0
0 0.554861 0 0.0208333 0
0 0.561806 0 0.0208333 0
0 0.56875 0 0.0208333 0
0 0.56875 0 0.0208333 0
0 0.573611 0 0.0222222 0
0 0.573611 0 0.0222222 0
0 0.573611 0 0.0222222 0
0 0.573611 0 0.0222222 0
0 0.583333 0 0.0222222 0
0 0.583333 0 0.0222222 0
0 0.600694 0 0.0208333 0
0 0.607639 0 0.0208333 0
0 0.61875 0 0.0208333 0
0 0.627083 0 0.0208333 0
0 0.636111 0 0.0222222 0
0 0.645139 0 0.0208333 0
0 0.645139 0 0.0208333 0
0 0.652778 0 0.0222222 0
0 0.652778 0 0.0222222 0
0 0.652778 0 0.0222222 0
0 0.652778 0 0.0222222 0
0 0.652778 0 0.0222222 0
0 0.66875 0 0.0208333 0
0 0.66875 0 0.0208333 0
0 0.679167 0 0.0222222 0
0 0.693056 0 0.0222222 0
0 0.704861 0 0.0208333 0
0 0.716667 0 0.0222222 0
0 0.729167 0 0.0222222 0
0 0.741667 0 0.0222222 0
0 0.746528 0 0.0236111 0
0 0.746528 0 0.0236111 0
0 0.746528 0 0.0236111 0
0 0.746528 0 0.0236111 0
0 0.746528 0 0.0236111 0
0 0.751389 0 0.0222222 0
0 0.765278 0 0.0222222 0
0 0.78125 0 0.0208333 0
0 0.794444 0 0.0222222 0
0 0.808333 0 0.025 0
0 0.823611 0 0.0222222 0
0 0.838194 0 0.0236111 0
0 0.85625 0 0.0236111 0
0 0.859028 0 0.0236111 0
0 0.859028 0 0.0236111 0
0 0.859028 0 0.0236111 0
0 0.859028 0 0.0236111 0
0 0.859028 0 0.0236111 0
0 0.875 0 0.0222222 0
0 0.888889 0 0.0222222 0
0 0.900694 0 0.0208333 0
0 0.9125 0 0.0222222 0
0 0.926389 0 0.0222222 0
0 0.942361 0 0.0236111 0
0 0.958333 0 0.0222222 0
0 0.972222 0 0.0222222 0
0 0.501389 0.5 0.0472222 1
0 0.972222 0 0.0222222 0
0 0.972222 0 0.0222222 0
0 0.972222 0 0.0222222 0
0 0.972222 0 0.0222222 0
0 0.972222 0 0.0222222 0
0 0.986806 0 0.0208333 0
0 0.501389 0.5 0.0472222 1
0 0.501389 0.5 0.0472222 1
0 0.501389 0.5 0.0472222 1
0 0.501389 0.5 0.0472222 1
0 0.501389 0.5 0.0472222 1
0 0.501389 0.5 0.0472222 1
0 0.501389 0.5 0.0472222 1
0 0.501389 0.5 0.0472222 1
0 0.989583 0 0.0208333 0
0 0.46875 0 0.0208333 0
0 0.46875 0 0.0208333 0
0 0.467361 0 0.0208333 0
0 0.464583 0 0.0208333 0
0 0.463194 0 0.0208333 0
0 0.459722 0 0.0222222 0
0 0.459722 0 0.0222222 0
0 0.458333 0 0.0222222 0
0 0.457639 0 0.0208333 0
0 0.457639 0 0.0208333 0
0 0.456944 0 0.0222222 0
0 0.456944 0 0.0222222 0
0 0.456944 0 0.0222222 0
0 0.45625 0 0.0208333 0
0 0.45625 0 0.0208333 0
0 0.455556 0 0.0222222 0
0 0.45625 0 0.0208333 0
0 0.45625 0 0.0208333 0
0 0.457639 0 0.0208333 0
0 0.457639 0 0.0208333 0
0 0.458333 0 0.0222222 0
0 0.458333 0 0.0222222 0
0 0.458333 0 0.0222222 0
0 0.458333 0 0.0222222 0
0 0.458333 0 0.0222222 0
0 0.458333 0 0.0222222 0
0 0.458333 0 0.0222222 0
0 0.458333 0 0.0222222 0
0 0.458333 0 0.0222222 0
0 0.458333 0 0.0222222 0
0 0.458333 0 0.0222222 0
0 0.458333 0 0.0222222 0
0 0.458333 0 0.0222222 0
0 0.458333 0 0.0222222 0
0 0.458333 0 0.0222222 0
0 0.458333 0 0.0222222 0
0 0.458333 0 0.0222222 0
0 0.458333 0 0.0222222 0
0 0.458333 0 0.0222222 0
0 0.458333 0 0.0222222 0
0 0.458333 0 0.0222222 0
0 0.458333 0 0.0222222 0
0 0.458333 0 0.0222222 0
0 0.458333 0 0.0222222 0
0 0.458333 0 0.0222222 0
0 0.458333 0 0.0222222 0
0 0.458333 0 0.0222222 0
0 0.458333 0 0.0222222 0
0 0.458333 0 0.0222222 0
0 0.458333 0 0.0222222 0
0 0.458333 0 0.0222222 0
0 0.458333 0 0.0222222 0
0 0.458333 0 0.0222222 0
0 0.458333 0 0.0222222 0
0 0.458333 0 0.0222222 0
0 0.458333 0 0.0222222 0
0 0.458333 0 0.0222222 0
0 0.458333 0 0.0222222 0
0 0.458333 0 0.0222222 0
0 0.458333 0 0.0222222 0
0 0.458333 0 0.0222222 0
0 0.458333 0 0.0222222 0
0 0.458333 0 0.0222222 0
0 0.458333 0 0.0222222 0
0 0.458333 0 0.0222222 0
0 0.458333 0 0.0222222 0
0 0.458333 0 0.0222222 0
0 0.458333 0 0.0222222 0
0 0.458333 0 0.0222222 0
0 0.458333 0 0.0222222 0
0 0.458333 0 0.0222222 0
0 0.458333 0 0.0222222 0
0 0.458333 0 0.0222222 0
0 0.458333 0 0.0222222 0
0 0.458333 0 0.0222222 0
0 0.458333 0 0.0222222 0
0 0.458333 0 0.0222222 0
0 0.458333 0 0.0222222 0
0 0.458333 0 0.0222222 0
0 0.458333 0 0.0222222 0
0 0.458333 0 0.0222222 0
0 0.458333 0 0.0222222 0
0 0.458333 0 0.0222222 0
0 0.458333 0 0.0222222 0
0 0.458333 0 0.0222222 0
0 0.458333 0 0.0222222 0
0 0.458333 0 0.0222222 0
0 0.458333 0 0.0222222 0
0 0.458333 0 0.0222222 0
0 0.458333 0 0.0222222 0
0 0.458333 0 0.0222222 0
0 0.458333 0 0.0222222 0
0 0.458333 0 0.0222222 0
0 0.458333 0 0.0222222 0
0 0.458333 0 0.0222222 0
0 0.458333 0 0.0222222 0
0 0.458333 0 0.0222222 0
0 0.458333 0 0.0222222 0
0 0.458333 0 0.0222222 0
0 0.458333 0 0.0222222 0
0 0.458333 0 0.0222222 0
0 0.458333 0 0.0222222 0
0 0.458333 0 0.0222222 0
0 0.458333 0 0.0222222 0
0 0.458333 0 0.0222222 0
0 0.458333 0 0.0222222 0
0 0.458333 0 0.0222222 0
0 0.458333 0 0.0222222 0
0 0.458333 0 0.0222222 0
0 0.458333 0 0.0222222 0
0 0.458333 0 0.0222222 0
0 0.458333 0 0.0222222 0
0 0.458333 0 0.0222222 0
0 0.458333 0 0.0222222 0
0 0.458333 0 0.0222222 0
0 0.458333 0 0.0222222 0
0 0.458333 0 0.0222222 0
0 0.458333 0 0.0222222 0
0 0.458333 0 0.0222222 0
0 0.458333 0 0.0222222 0
0 0.458333 0 0.0222222 0
0 0.458333 0 0.0222222 0
0 0.458333 0 0.0222222 0
0 0.458333 0 0.0222222 0
0 0.458333 0 0.0222222 0
0 0.458333 0 0.0222222 0
0 0.458333 0 0.0222222 0
0 0.458333 0 0.0222222 0
0 0.458333 0 0.0222222 0
0 0.458333 0 0.0222222 0
0 0.458333 0 0.0222222 0
0 0.458333 0 0.0222222 0
0 0.458333 0 0.0222222 0
0 0.458333 0 0.0222222 0
0 0.458333 0 0.0222222 0
0 0.458333 0 0.0222222 0
0 0.458333 0 0.0222222 0
0 0.458333 0 0.0222222 0
0 0.458333 0 0.0222222 0
0 0.458333 0 0.0222222 0
0 0.458333 0 0.0222222 0
0 0.458333 0 0.0222222 0
0 0.458333 0 0.0222222 0
0 0.458333 0 0.0222222 0
0 0.458333 0 0.0222222 0
0 0.458333 0 0.0222222 0
0 0.458333 0 0.0222222 0
0 0.458333 0 0.0222222 0
0 0.458333 0 0.0222222 0
0 0.458333 0 0.0222222 0
0 0.458333 0 0.0222222 0
0 0.458333 0 0.0222222 0
0 0.458333 0 0.0222222 0
0 0.458333 0 0.0222222 0
0 0.458333 0 0.0222222 0
0 0.458333 0 0.0222222 0
0 0.458333 0 0.0222222 0
0 0.458333 0 0.0222222 0
0 0.458333 0 0.0222222 0
0 0.458333 0 0.0222222 0
0 0.458333 0 0.0222222 0
0 0.458333 0 0.0222222 0
0 0.458333 0 0.0222222 0
0 0.458333 0 0.0222222 0
0 0.458333 0 0.0222222 0
0 0.458333 0 0.0222222 0
0 0.458333 0 0.0222222 0
0 0.458333 0 0.0222222 0
0 0.458333 0 0.0222222 0
0 0.458333 0 0.0222222 0
0 0.458333 0 0.0222222 0
0 0.458333 0 0.0222222 0
0 0.458333 0 0.0222222 0
0 0.458333 0 0.0222222 0
0 0.458333 0 0.0222222 0
0 0.458333 0 0.0222222 0
0 0.458333 0 0.0222222 0
0 0.458333 0 0.0222222 0
0 0.458333 0 0.0222222 0
0 0.458333 0 0.0222222 0
0 0.458333 0 0.0222222 0
0 0.458333 0 0.0222222 0
0 0.458333 0 0.0222222 0
0 0.458333 0 0.0222222 0
0 0.458333 0 0.0222222 0
0 0.458333 0 0.0222222 0
0 0.458333 0 0.0222222 0
0 0.458333 0 0.0222222 0
0 0.458333 0 0.0222222 0
0 0.458333 0 0.0222222 0
0 0.458333 0 0.0222222 0
0 0.458333 0 0.0222222 0
0 0.458333 0 0.0222222 0
0 0.458333 0 0.0222222 0
0 0.458333 0 0.0222222 0
0 0.458333 0 0.0222222 0
0 0.458333 0 0.0222222 0
0 0.458333 0 0.0222222 0
0 0.458333 0 0.0222222 0
0 0.458333 0 0.0222222 0
0 0.458333 0 0.0222222 0
0 0.458333 0 0.0222222 0
0 0.458333 0 0.0222222 0
0 0.458333 0 0.0222222 0
0 0.458333 0 0.0222222 0
0 0.458333 0 0.0222222 0
0 0.458333 0 0.0222222 0
0 0.458333 0 0.0222222 0
0 0.458333 0 0.0222222 0
0 0.458333 0 0.0222222 0
0 0.458333 0 0.0222222 0
0 0.458333 0 0.0222222 0
0 0.458333 0 0.0222222 0
0 0.458333 0 0.0222222 0
0 0.458333 0 0.0222222 0
0 0.458333 0 0.0222222 0
0 0.458333 0 0.0222222 0
0 0.458333 0 0.0222222 0
0 0.458333 0 0.0222222 0
0 0.458333 0 0.0222222 0
0 0.458333 0 0.0222222 0
0 0.458333 0 0.0222222 0
0 0.458333 0 0.0222222 0
0 0.458333 0 0.0222222 0
0 0.458333 0 0.0222222 0
0 0.458333 0 0.0222222 0
0 0.458333 0 0.0222222 0
0 0.458333 0 0.0222222 0
0 0.458333 0 0.0222222 0
0 0.458333 0 0.0222222 0
0 0.458333 0 0.0222222 0
0 0.458333 0 0.0222222 0
0 0.458333 0 0.0222222 0
0 0.458333 0 0.0222222 0
0 0.458333 0 0.0222222 0
0 0.458333 0 0.0222222 0
0 0.458333 0 0.0222222 0
0 0.458333 0 0.0222222 0
0 0.458333 0 0.0222222 0
0 0.458333 0 0.0222222 0
0 0.458333 0 0.0222222 0
0 0.458333 0 0.0222222 0
0 0.458333 0 0.0222222 0
0 0.458333 0 0.0222222 0
0 0.458333 0 0.0222222 0
0 0.458333 0 0.0222222 0
0 0.458333 0 0.0222222 0
0 0.458333 0 0.0222222 0
0 0.458333 0 0.0222222 0
0 0.458333 0 0.0222222 0
0 0.458333 0 0.0222222 0
0 0.458333 0 0.0222222 0
0 0.458333 0 0.0222222 0
0 0.458333 0 0.0222222 0
0 0.458333 0 0.0222222 0
0 0.458333 0 0.0222222 0
0 0.458333 0 0.0222222 0
0 0.458333 0 0.0222222 0
0 0.458333 0 0.0222222 0
0 0.458333 0 0.0222222 0
0 0.458333 0 0.0222222 0
0 0.458333 0 0.0222222 0
0 0.458333 0 0.0222222 0
0 0.458333 0 0.0222222 0
0 0.458333 0 0.0222222 0
0 0.458333 0 0.0222222 0
0 0.458333 0 0.0222222 0
0 0.458333 0 0.0222222 0
0 0.458333 0 0.0222222 0
0 0.458333 0 0.0222222 0
0 0.458333 0 0.0222222 0
0 0.458333 0 0.0222222 0
0 0.458333 0 0.0222222 0
0 0.458333 0 0.0222222 0
0 0.458333 0 0.0222222 0
0 0.458333 0 0.0222222 0
0 0.458333 0 0.0222222 0
0 0.458333 0 0.0222222 0
0 0.458333 0 0.0222222 0
0 0.458333 0 0.0222222 0
0 0.458333 0 0.0222222 0
0 0.458333 0 0.0222222 0
0 0.458333 0 0.0222222 0
0 0.458333 0 0.0222222 0
0 0.458333 0 0.0222222 0
0 0.458333 0 0.0222222 0
0 0.458333 0 0.0222222 0
0 0.458333 0 0.0222222 0
0 0.458333 0 0.0222222 0
0 0.458333 0 0.0222222 0
0 0.458333 0 0.0222222 0
0 0.458333 0 0.0222222 0
0 0.458333 0 0.0222222 0
0 0.458333 0 0.0222222 0
0 0.458333 0 0.0222222 0
0 0.458333 0 0.0222222 0
0 0.458333 0 0.0222222 0
0 0.458333 0 0.0222222 0
0 0.458333 0 0.0222222 0
0 0.458333 0 0.0222222 0
0 0.458333 0 0.0222222 0
0 0.458333 0 0.0222222 0
0 0.458333 0 0.0222222 0
0 0.458333 0 0.0222222 0
0 0.458333 0 0.0222222 0
0 0.458333 0 0.0222222 0
0 0.458333 0 0.0222222 0
0 0.458333 0 0.0222222 0
0 0.458333 0 0.0222222 0
0 0.458333 0 0.0222222 0
0 0.458333 0 0.0222222 0
0 0.458333 0 0.0222222 0
0 0.458333 0 0.0222222 0
0 0.458333 0 0.0222222 0
0 0.458333 0 0.0222222 0
0 0.458333 0 0.0222222 0
0 0.458333 0 0.0222222 0
0 0.458333 0 0.0222222 0
0 0.458333 0 0.0222222 0
0 0.458333 0 0.0222222 0
0 0.458333 0 0.0222222 0
0 0.458333 0 0.0222222 0
0 0.458333 0 0.0222222 0
0 0.458333 0 0.0222222 0
0 0.458333 0 0.0222222 0
0 0.458333 0 0.0222222 0
0 0.458333 0 0.0222222 0
0 0.458333 0 0.0222222 0
0 0.458333 0 0.0222222 0
0 0.458333 0 0.0222222 0
0 0.458333 0 0.0222222 0
0 0.458333 0 0.0222222 0
0 0.458333 0 0.0222222 0
0 0.458333 0 0.0222222 0
0 0.458333 0 0.0222222 0
0 0.458333 0 0.0222222 0
0 0.458333 0 0.0222222 0
0 0.458333 0 0.0222222 0
0 0.458333 0 0.0222222 0
0 0.458333 0 0.0222222 0
0 0.458333 0 0.0222222 0
0 0.458333 0 0.0222222 0
0 0.458333 0 0.0222222 0
0 0.458333 0 0.0222222 0
0 0.458333 0 0.0222222 0
0 0.458333 0 0.0222222 0
0 0.458333 0 0.0222222 0
0 0.458333 0 0.0222222 0
0 0.458333 0 0.0222222 0
0 0.458333 0 0.0222222 0
0 0.458333 0 0.0222222 0
0 0.458333 0 0.0222222 0
0 0.458333 0 0.0222222 0
0 0.458333 0 0.0222222 0
0 0.458333 0 0.0222222 0
0 0.458333 0 0.0222222 0
0 0.458333 0 0.0222222 0
0 0.458333 0 0.0222222 0
0 0.458333 0 0.0222222 0
0 0.458333 0 0.0222222 0
0 0.458333 0 0.0222222 0
0 0.458333 0 0.0222222 0
0 0.458333 0 0.0222222 0
0 0.458333 0 0.0222222 0
0 0.458333 0 0.0222222 0
0 0.458333 0 0.0222222 0
0 0.458333 0 0.0222222 0
0 0.458333 0 0.0222222 0
0 0.458333 0 0.0222222 0
0 0.458333 0 0.0222222 0
0 0.458333 0 0.0222222 0
0 0.458333 0 0.0222222 0
0 0.458333 0 0.0222222 0
0 0.458333 0 0.0222222 0
0 0.458333 0 0.0222222 0
0 0.458333 0 0.0222222 0
0 0.458333 0 0.0222222 0
0 0.458333 0 0.0222222 0
0 0.458333 0 0.0222222 0
0 0.458333 0 0.0222222 0
0 0.458333 0 0.0222222 0
0 0.458333 0 0.0222222 0
0 0.458333 0 0.0222222 0
0 0.458333 0 0.0222222 0
0 0.458333 0 0.0222222 0
0 0.458333 0 0.0222222 0
0 0.458333 0 0.0222222 0
0 0.458333 0 0.0222222 0
0 0.458333 0 0.0222222 0
0 0.458333 0 0.0222222 0
0 0.458333 0 0.0222222 0
0 0.458333 0 0.0222222 0
0 0.458333 0 0.0222222 0
0 0.458333 0 0.0222222 0
0 0.458333 0 0.0222222 0
0 0.458333 0 0.0222222 0
0 0.458333 0 0.0222222 0
0 0.458333 0 0.0222222 0
0 0.458333 0 0.0222222 0
0 0.458333 0 0.0222222 0
0 0.458333 0 0.0222222 0
0 0.458333 0 0.0222222 0
0 0.458333 0 0.0222222 0
0 0.458333 0 0.0222222 0
0 0.458333 0 0.0222222 0
0 0.458333 0 0.0222222 0
0 0.458333 0 0.0222222 0
0 0.458333 0 0.0222222 0
0 0.458333 0 0.0222222 0
0 0.458333 0 0.0222222 0
0 0.458333 0 0.0222222 0
0 0.458333 0 0.0222222 0
0 0.458333 0 0.0222222 0
0 0.458333 0 0.0222222 0
0 0.458333 0 0.0222222 0
0 0.458333 0 0.0222222 0
0 0.458333 0 0.0222222 0
0 0.458333 0 0.0222222 0
0 0.458333 0 0.0222222 0
0 0.458333 0 0.0222222 0
0 0.458333 0 0.0222222 0
0 0.458333 0 0.0222222 0
0 0.458333 0 0.0222222 0
0 0.458333 0 0.0222222 0
0 0.458333 0 0.0222222 0
0 0.458333 0 0.0222222 0
0 0.458333 0 0.0222222 0
0 0.458333 0 0.0222222 0
0 0.458333 0 0.0222222 0
0 0.458333 0 0.0222222 0
0 0.458333 0 0.0222222 0
0 0.458333 0 0.0222222 0
0 0.458333 0 0.0222222 0
0 0.458333 0 0.0222222 0
0 0.458333 0 0.0222222 0
0 0.458333 0 0.0222222 0
0 0.458333 0 0.0222222 0
0 0.458333 0 0.0222222 0
0 0.458333 0 0.0222222 0
0 0.458333 0 0.0222222 0
0 0.458333 0 0.0222222 0
0 0.458333 0 0.0222222 0
0 0.458333 0 0.0222222 0
0 0.458333 0 0.0222222 0
0 0.458333 0 0.0222222 0
0 0.458333 0 0.0222222 0
0 0.458333 0 0.0222222 0
0 0.458333 0 0.0222222 0
0 0.458333 0 0.0222222 0
0 0.458333 0 0.0222222 0
0 0.458333 0 0.0222222 0
0 0.458333 0 0.0222222 0
0 0.458333 0 0.0222222 0
0 0.458333 0 0.0222222 0
0 0.458333 0 0.0222222 0
0 0.458333 0 0.0222222 0
0 0.458333 0 0.0222222 0
0 0.458333 0 0.0222222 0
0 0.458333 0 0.0222222 0
0 0.458333 0 0.0222222 0
0 0.458333 0 0.0222222 0
0 0.458333 0 0.0222222 0
0 0.458333 0 0.0222222 0
0 0.458333 0 0.0222222 0
0 0.458333 0 0.0222222 0
0 0.458333 0 0.0222222 0
0 0.458333 0 0.0222222 0
0 0.458333 0 0.0222222 0
0 0.458333 0 0.0222222 0
0 0.458333 0 0.0222222 0
0 0.458333 0 0.0222222 0
0 0.458333 0 0.0222222 0
0 0.458333 0 0.0222222 0
0 0.458333 0 0.0222222 0
0 0.458333 0 0.0222222 0
0 0.458333 0 0.0222222 0
0 0.458333 0 0.0222222 0
0 0.458333 0 0.0222222 0
0 0.458333 0 0.0222222 0
0 0.458333 0 0.0222222 0
0 0.458333 0 0.0222222 0
0 0.458333 0 0.0222222 0
