0 0.568056 0 0.0111111 0
0 0.445833 0.5 0.0277778 1
0 0.568056 0 0.0111111 0
0 0.445833 0.5 0.0277778 1
0 0.568056 0 0.0111111 0
0 0.445833 0.5 0.0277778 1
0 0.568056 0 0.0111111 0
0 0.445833 0.5 0.0277778 1
0 0.56875 0 0.0125 0
0 0.445833 0.5 0.0277778 1
0 0.568056 0 0.0111111 0
0 0.445833 0.5 0.0277778 1
0 0.568056 0 0.0111111 0
0 0.445833 0.5 0.0277778 1
0 0.568056 0 0.0111111 0
0 0.445833 0.5 0.0277778 1
0 0.568056 0 0.0111111 0
0 0.445833 0.5 0.0277778 1
0 0.568056 0 0.0111111 0
0 0.445833 0.5 0.0277778 1
0 0.568056 0 0.0111111 0
0 0.445833 0.5 0.0277778 1
0 0.568056 0 0.0111111 0
0 0.445833 0.5 0.0277778 1
0 0.568056 0 0.0111111 0
0 0.445833 0.5 0.0277778 1
0 0.568056 0 0.0111111 0
0 0.445833 0.5 0.0277778 1
0 0.568056 0 0.0111111 0
0 0.445833 0.5 0.0277778 1
0 0.568056 0 0.0111111 0
0 0.445833 0.5 0.0277778 1
0 0.567361 0 0.00972222 0
0 0.445833 0.5 0.0277778 1
0 0.568056 0 0.0111111 0
0 0.445833 0.5 0.0277778 1
0 0.568056 0 0.0111111 0
0 0.445833 0.5 0.0277778 1
0 0.568056 0 0.0111111 0
0 0.445833 0.5 0.0277778 1
0 0.56875 0 0.0125 0
0 0.445833 0.5 0.0277778 1
0 0.568056 0 0.0111111 0
0 0.445833 0.5 0.0277778 1
0 0.568056 0 0.0111111 0
0 0.445833 0.5 0.0277778 1
0 0.568056 0 0.0111111 0
0 0.445833 0.5 0.0277778 1
0 0.568056 0 0.0111111 0
0 0.445833 0.5 0.0277778 1
0 0.568056 0 0.0111111 0
0 0.445833 0.5 0.0277778 1
0 0.568056 0 0.0111111 0
0 0.445833 0.5 0.0277778 1
0 0.568056 0 0.0111111 0
0 0.445833 0.5 0.0277778 1
0 0.568056 0 0.0111111 0
0 0.445833 0.5 0.0277778 1
0 0.568056 0 0.0111111 0
0 0.445833 0.5 0.0277778 1
0 0.56875 0 0.0125 0
0 0.445833 0.5 0.0277778 1
0 0.568056 0 0.0111111 0
0 0.445833 0.5 0.0277778 1
0 0.56875 0 0.0125 0
0 0.445833 0.5 0.0277778 1
0 0.568056 0 0.0111111 0
0 0.445833 0.5 0.0277778 1
0 0.568056 0 0.0111111 0
0 0.445833 0.5 0.0277778 1
0 0.568056 0 0.0111111 0
0 0.445833 0.5 0.0277778 1
0 0.568056 0 0.0111111 0
0 0.445833 0.5 0.0277778 1
0 0.568056 0 0.0111111 0
0 0.445833 0.5 0.0277778 1
0 0.568056 0 0.0111111 0
0 0.445833 0.5 0.0277778 1
0 0.568056 0 0.0111111 0
0 0.445833 0.5 0.0277778 1
0 0.568056 0 0.0111111 0
0 0.445833 0.5 0.0277778 1
0 0.568056 0 0.0111111 0
0 0.445833 0.5 0.0277778 1
0 0.568056 0 0.0111111 0
0 0.445833 0.5 0.0277778 1
0 0.568056 0 0.0111111 0
0 0.445833 0.5 0.0277778 1
0 0.568056 0 0.0111111 0
0 0.445833 0.5 0.0277778 1
0 0.568056 0 0.0111111 0
0 0.445833 0.5 0.0277778 1
0 0.568056 0 0.0111111 0
0 0.445833 0.5 0.0277778 1
0 0.568056 0 0.0111111 0
0 0.445833 0.5 0.0277778 1
0 0.568056 0 0.0111111 0
0 0.445833 0.5 0.0277778 1
0 0.568056 0 0.0111111 0
0 0.445833 0.5 0.0277778 1
0 0.568056 0 0.0111111 0
0 0.445833 0.5 0.0277778 1
0 0.568056 0 0.0111111 0
0 0.445833 0.5 0.0277778 1
0 0.568056 0 0.0111111 0
0 0.445833 0.5 0.0277778 1
0 0.56875 0 0.0125 0
0 0.445833 0.5 0.0277778 1
0 0.56875 0 0.0125 0
0 0.445833 0.5 0.0277778 1
0 0.56875 0 0.0125 0
0 0.445833 0.5 0.0277778 1
0 0.56875 0 0.0125 0
0 0.445833 0.5 0.0277778 1
0 0.56875 0 0.0125 0
0 0.445833 0.5 0.0277778 1
0 0.56875 0 0.0125 0
0 0.445833 0.5 0.0277778 1
0 0.56875 0 0.0125 0
0 0.445833 0.5 0.0277778 1
0 0.56875 0 0.0125 0
0 0.445833 0.5 0.0277778 1
0 0.568056 0 0.0111111 0
0 0.445833 0.5 0.0277778 1
0 0.568056 0 0.0111111 0
0 0.445833 0.5 0.0277778 1
0 0.568056 0 0.0111111 0
0 0.445833 0.5 0.0277778 1
0 0.56875 0 0.0125 0
0 0.445833 0.5 0.0277778 1
0 0.568056 0 0.0111111 0
0 0.445833 0.5 0.0277778 1
0 0.56875 0 0.0125 0
0 0.445833 0.5 0.0277778 1
0 0.568056 0 0.0111111 0
0 0.445833 0.5 0.0277778 1
0 0.56875 0 0.0125 0
0 0.445833 0.5 0.0277778 1
0 0.56875 0 0.0125 0
0 0.448611 0.5 0.0277778 1
0 0.570139 0 0.0125 0
0 0.449306 0.5 0.0263889 1
0 0.383333 0 0.0138889 0
0 0.450694 0.5 0.0263889 1
0 0.454861 0.5 0.0236111 1
0 0.45625 0.5 0.0236111 1
0 0.467361 0.5 0.0430556 1
0 0.458333 1 0.0222222 0
0 0.509722 0 0.0333333 0
0 0.474306 0.5 0.0569444 1
0 0.477778 0.5 0.0555556 1
0 0.477778 0.5 0.0555556 1
0 0.580556 0 0.0111111 0
0 0.480556 0.5 0.05 1
0 0.580556 0 0.0111111 0
0 0.480556 0.5 0.05 1
0 0.527778 0 0.0361111 0
0 0.485417 0.5 0.0458333 1
0 0.597222 0 0.0111111 0
0 0.488194 0.5 0.0513889 1
0 0.488194 0.5 0.0513889 1
0 0.530556 0 0.0333333 0
0 0.491667 0.5 0.0527778 1
0 0.601389 0 0.0138889 0
0 0.493056 0.5 0.0527778 1
0 0.497917 1 0.0430556 0
0 0.604167 0 0.0111111 0
0 0.503472 1 0.0347222 0
0 0.4 0 0.0138889 0
0 0.605556 0 0.0111111 0
0 0.505556 1 0.0333333 0
0 0.606944 0 0.0138889 0
0 0.509028 1 0.0291667 0
0 0.606944 0 0.0138889 0
0 0.510417 1 0.0291667 0
0 0.511806 0.5 0.0291667 1
0 0.511806 0.5 0.0319444 1
0 0.397917 0 0.0125 0
0 0.609028 0 0.0125 0
0 0.511806 0.5 0.0319444 1
0 0.511111 0.5 0.0333333 1
0 0.611111 0 0.0111111 0
0 0.511806 0.5 0.0347222 1
0 0.6125 0 0.0138889 0
0 0.511806 0.5 0.0347222 1
0 0.6125 0 0.0111111 0
0 0.511806 0.5 0.0375 1
0 0.511806 0.5 0.0375 1
0 0.613194 0 0.0125 0
0 0.510417 0.5 0.0375 1
0 0.510417 0.5 0.0402778 1
0 0.510417 0.5 0.0402778 1
0 0.615972 0 0.0125 0
0 0.509722 0.5 0.0416667 1
0 0.616667 0 0.0138889 0
0 0.508333 0.5 0.0416667 1
0 0.506944 0.5 0.0416667 1
0 0.61875 0 0.0152778 0
0 0.738889 0 0.0138889 0
0 0.50625 0.5 0.0430556 1
0 0.381944 0 0.0138889 0
0 0.620139 0 0.0152778 0
0 0.504167 0.5 0.0472222 1
0 0.620139 0 0.0152778 0
0 0.503472 0.5 0.0486111 1
0 0.380556 0 0.0138889 0
0 0.620833 0 0.0138889 0
0 0.502083 0.5 0.0486111 1
0 0.622222 0 0.0166667 0
0 0.499306 0.5 0.0541667 1
0 0.622222 0 0.0166667 0
0 0.75 0 0.0138889 0
0 0.497222 0 0.0555556 0
0 0.622222 0 0.0166667 0
0 0.751389 0 0.0138889 0
0 0.497222 0 0.0555556 0
0 0.245139 0 0.0152778 0
0 0.623611 0 0.0166667 0
0 0.495833 0 0.0555556 0
0 0.752778 0 0.0166667 0
0 0.371528 0 0.0152778 0
0 0.625 0 0.0138889 0
0 0.495833 0 0.0583333 0
0 0.370139 0 0.0152778 0
0 0.755556 0 0.0166667 0
0 0.625694 0 0.0152778 0
0 0.493056 0 0.0611111 0
0 0.626389 0 0.0166667 0
0 0.490972 0 0.0625 0
0 0.367361 0 0.0180556 0
0 0.626389 0 0.0166667 0
0 0.489583 0 0.0652778 0
0 0.7625 0 0.0166667 0
0 0.365278 0 0.0166667 0
0 0.627778 0 0.0166667 0
0 0.488194 0 0.0652778 0
0 0.363194 0 0.0152778 0
0 0.629861 0 0.0180556 0
0 0.486111 0 0.0722222 0
0 0.765278 0 0.0166667 0
0 0.3625 0 0.0166667 0
0 0.629861 0 0.0152778 0
0 0.485417 0 0.0736111 0
0 0.361111 0 0.0166667 0
0 0.76875 0 0.0152778 0
0 0.629861 0 0.0152778 0
0 0.484722 0 0.075 0
0 0.76875 0 0.0152778 0
0 0.63125 0 0.0152778 0
0 0.484028 0 0.0763889 0
0 0.359722 0 0.0166667 0
0 0.770833 0 0.0166667 0
0 0.631944 0 0.0166667 0
0 0.483333 0 0.0777778 0
0 0.359722 0 0.0166667 0
0 0.631944 0 0.0166667 0
0 0.483333 0 0.0777778 0
0 0.21875 0 0.0180556 0
0 0.772917 0 0.0180556 0
0 0.359722 0 0.0166667 0
0 0.632639 0 0.0152778 0
0 0.482639 0.5 0.0791667 1
0 0.773611 0 0.0166667 0
0 0.358333 0 0.0166667 0
0 0.633333 0 0.0166667 0
0 0.482639 0.5 0.0819444 1
0 0.358333 0 0.0166667 0
0 0.775 0 0.0166667 0
0 0.633333 0 0.0166667 0
0 0.481944 0 0.0833333 0
0 0.775 0 0.0166667 0
0 0.358333 0 0.0166667 0
0 0.633333 0 0.0166667 0
0 0.481944 0 0.0833333 0
0 0.776389 0 0.0166667 0
0 0.357639 0 0.0152778 0
0 0.634722 0 0.0166667 0
0 0.48125 0 0.0847222 0
0 0.778472 0 0.0180556 0
0 0.635417 0 0.0180556 0
0 0.479861 0.5 0.0902778 1
0 0.779861 0 0.0180556 0
0 0.636806 0 0.0180556 0
0 0.479861 0.5 0.0902778 1
0 0.78125 0 0.0180556 0
0 0.636806 0 0.0180556 0
0 0.479167 0.5 0.0916667 1
0 0.354167 0 0.0194444 0
0 0.781944 0 0.0166667 0
0 0.636806 0 0.0152778 0
0 0.479167 0.5 0.0944444 1
0 0.353472 0 0.0180556 0
0 0.783333 0 0.0166667 0
0 0.636806 0 0.0180556 0
0 0.479167 0.5 0.0972222 1
0 0.208333 0 0.0166667 0
0 0.353472 0 0.0180556 0
0 0.784028 0 0.0180556 0
0 0.6375 0 0.0166667 0
0 0.479167 0.5 0.0944444 1
0 0.352778 0 0.0194444 0
0 0.784028 0 0.0180556 0
0 0.638889 0 0.0166667 0
0 0.479167 0.5 0.1 1
0 0.786111 0 0.0194444 0
0 0.352778 0 0.0166667 0
0 0.638889 0 0.0166667 0
0 0.479167 0.5 0.102778 1
0 0.7875 0 0.0166667 0
0 0.351389 0 0.0166667 0
0 0.639583 0 0.0180556 0
0 0.478472 0.5 0.106944 1
0 0.788889 0 0.0166667 0
0 0.350694 0 0.0180556 0
0 0.640972 0 0.0180556 0
0 0.479861 0.5 0.106944 1
0 0.351389 0 0.0166667 0
0 0.479167 0.5 0.111111 1
0 0.641667 0 0.0194444 0
0 0.350694 0 0.0180556 0
0 0.641667 0 0.0194444 0
0 0.479167 0.5 0.111111 1
0 0.350694 0 0.0180556 0
0 0.641667 0 0.0194444 0
0 0.479861 0.5 0.1125 1
0 0.791667 0 0.0194444 0
0 0.349306 0 0.0180556 0
0 0.642361 0 0.0180556 0
0 0.486111 0.5 0.111111 1
0 0.792361 0 0.0208333 0
0 0.349306 0 0.0180556 0
0 0.642361 0 0.0180556 0
0 0.488194 0.5 0.1125 1
0 0.79375 0 0.0180556 0
0 0.348611 0 0.0194444 0
0 0.643056 0 0.0194444 0
0 0.488194 0.5 0.115278 1
0 0.347917 0 0.0180556 0
0 0.794444 0 0.0166667 0
0 0.64375 0 0.0180556 0
0 0.486111 0.5 0.113889 1
0 0.349306 0 0.0180556 0
0 0.644444 0 0.0194444 0
0 0.485417 0.5 0.115278 1
0 0.795139 0 0.0180556 0
0 0.347917 0 0.0180556 0
0 0.644444 0 0.0194444 0
0 0.484722 0.5 0.113889 1
0 0.348611 0 0.0194444 0
0 0.796528 0 0.0180556 0
0 0.645139 0 0.0180556 0
0 0.485417 0.5 0.1125 1
0 0.348611 0 0.0194444 0
0 0.796528 0 0.0180556 0
0 0.4875 0.5 0.113889 1
0 0.645139 0 0.0180556 0
0 0.796528 0 0.0180556 0
0 0.348611 0 0.0194444 0
0 0.486806 0.5 0.1125 1
0 0.645139 0 0.0180556 0
0 0.348611 0 0.0194444 0
0 0.797222 0 0.0194444 0
0 0.488889 0.5 0.113889 1
0 0.645139 0 0.0180556 0
0 0.797222 0 0.0194444 0
0 0.348611 0 0.0194444 0
0 0.488194 0.5 0.1125 1
0 0.645139 0 0.0180556 0
0 0.796528 0 0.0180556 0
0 0.348611 0 0.0194444 0
0 0.486806 0.5 0.1125 1
0 0.645833 0 0.0194444 0
0 0.348611 0 0.0194444 0
0 0.797917 0 0.0180556 0
0 0.486806 0.5 0.1125 1
0 0.646528 0 0.0208333 0
0 0.458333 0 0.0361111 0
0 0.348611 0 0.0194444 0
0 0.797917 0 0.0180556 0
0 0.485417 0.5 0.1125 1
0 0.647222 0 0.0194444 0
0 0.552778 0 0.0388889 0
0 0.348611 0 0.0194444 0
0 0.798611 0 0.0194444 0
0 0.486806 0.5 0.1125 1
0 0.646528 0 0.0208333 0
0 0.799306 0 0.0180556 0
0 0.348611 0 0.0194444 0
0 0.486806 0.5 0.1125 1
0 0.646528 0 0.0180556 0
0 0.799306 0 0.0180556 0
0 0.348611 0 0.0194444 0
0 0.486806 0.5 0.1125 1
0 0.645833 0 0.0194444 0
0 0.348611 0 0.0194444 0
0 0.798611 0 0.0194444 0
0 0.4875 0.5 0.113889 1
0 0.646528 0 0.0180556 0
0 0.348611 0 0.0194444 0
0 0.798611 0 0.0194444 0
0 0.4875 0.5 0.113889 1
0 0.646528 0 0.0180556 0
0 0.799306 0 0.0180556 0
0 0.488194 0.5 0.115278 1
0 0.646528 0 0.0180556 0
0 0.799306 0 0.0180556 0
0 0.646528 0 0.0180556 0
0 0.488194 0.5 0.115278 1
0 0.348611 0 0.0194444 0
0 0.799306 0 0.0180556 0
0 0.4875 0.5 0.113889 1
0 0.646528 0 0.0180556 0
0 0.348611 0 0.0194444 0
0 0.799306 0 0.0180556 0
0 0.646528 0 0.0180556 0
0 0.4875 0.5 0.113889 1
0 0.348611 0 0.0194444 0
0 0.799306 0 0.0180556 0
0 0.486806 0.5 0.1125 1
0 0.646528 0 0.0180556 0
0 0.348611 0 0.0194444 0
0 0.799306 0 0.0180556 0
0 0.646528 0 0.0180556 0
0 0.486806 0.5 0.1125 1
0 0.798611 0 0.0194444 0
0 0.348611 0 0.0194444 0
0 0.646528 0 0.0180556 0
0 0.486806 0.5 0.1125 1
0 0.798611 0 0.0194444 0
0 0.348611 0 0.0194444 0
0 0.646528 0 0.0180556 0
0 0.4875 0.5 0.113889 1
0 0.798611 0 0.0194444 0
0 0.349306 0 0.0180556 0
0 0.646528 0 0.0180556 0
0 0.4875 0.5 0.113889 1
0 0.798611 0 0.0194444 0
0 0.349306 0 0.0180556 0
0 0.646528 0 0.0180556 0
0 0.4875 0.5 0.113889 1
0 0.798611 0 0.0194444 0
0 0.349306 0 0.0180556 0
0 0.646528 0 0.0180556 0
0 0.4875 0.5 0.113889 1
0 0.798611 0 0.0194444 0
0 0.349306 0 0.0180556 0
0 0.646528 0 0.0180556 0
0 0.4875 0.5 0.113889 1
0 0.348611 0 0.0194444 0
0 0.798611 0 0.0194444 0
0 0.646528 0 0.0180556 0
0 0.486806 0.5 0.1125 1
0 0.459028 0 0.0347222 0
0 0.348611 0 0.0194444 0
0 0.798611 0 0.0194444 0
0 0.646528 0 0.0180556 0
0 0.486806 0.5 0.1125 1
0 0.458333 0 0.0333333 0
0 0.348611 0 0.0194444 0
0 0.799306 0 0.0180556 0
0 0.647222 0 0.0194444 0
0 0.4875 0.5 0.113889 1
0 0.458333 0 0.0333333 0
0 0.348611 0 0.0194444 0
0 0.799306 0 0.0180556 0
0 0.647222 0 0.0194444 0
0 0.4875 0.5 0.113889 1
0 0.196528 0 0.0180556 0
0 0.458333 0 0.0333333 0
0 0.798611 0 0.0194444 0
0 0.348611 0 0.0194444 0
0 0.647917 0 0.0208333 0
0 0.4875 0.5 0.113889 1
0 0.195833 0 0.0194444 0
0 0.8 0 0.0194444 0
0 0.348611 0 0.0194444 0
0 0.647222 0 0.0194444 0
0 0.488194 0.5 0.115278 1
0 0.194444 0 0.0166667 0
0 0.348611 0 0.0194444 0
0 0.799306 0 0.0180556 0
0 0.647222 0 0.0194444 0
0 0.488889 0.5 0.116667 1
0 0.194444 0 0.0166667 0
0 0.799306 0 0.0180556 0
0 0.348611 0 0.0194444 0
0 0.488889 0.5 0.116667 1
0 0.647222 0 0.0194444 0
0 0.459028 0 0.0347222 0
0 0.194444 0 0.0166667 0
0 0.8 0 0.0194444 0
0 0.347917 0 0.0208333 0
0 0.489583 0.5 0.118056 1
0 0.647222 0 0.0194444 0
0 0.800694 0 0.0180556 0
0 0.347917 0 0.0208333 0
0 0.490278 0.5 0.119444 1
0 0.647222 0 0.0194444 0
0 0.460417 0 0.0375 0
0 0.347917 0 0.0208333 0
0 0.800694 0 0.0180556 0
0 0.490278 0.5 0.119444 1
0 0.647222 0 0.0194444 0
0 0.459722 0 0.0361111 0
0 0.347222 0 0.0194444 0
0 0.8 0 0.0166667 0
0 0.490278 0.5 0.119444 1
0 0.647222 0 0.0194444 0
0 0.347222 0 0.0194444 0
0 0.490972 0.5 0.120833 1
0 0.8 0 0.0166667 0
0 0.647222 0 0.0194444 0
0 0.347222 0 0.0194444 0
0 0.8 0 0.0166667 0
0 0.490972 0.5 0.120833 1
0 0.647222 0 0.0194444 0
0 0.347222 0 0.0194444 0
0 0.8 0 0.0166667 0
0 0.490972 0.5 0.120833 1
0 0.647222 0 0.0194444 0
0 0.347222 0 0.0194444 0
0 0.8 0 0.0166667 0
0 0.490972 0.5 0.120833 1
0 0.647222 0 0.0194444 0
0 0.347222 0 0.0194444 0
0 0.8 0 0.0166667 0
0 0.647222 0 0.0194444 0
0 0.492361 0.5 0.109722 1
0 0.800694 0 0.0180556 0
0 0.347222 0 0.0194444 0
0 0.647222 0 0.0194444 0
0 0.493056 0.5 0.111111 1
0 0.800694 0 0.0180556 0
0 0.647222 0 0.0194444 0
0 0.347222 0 0.0194444 0
0 0.493056 0.5 0.111111 1
0 0.800694 0 0.0180556 0
0 0.347222 0 0.0194444 0
0 0.647222 0 0.0194444 0
0 0.492361 0.5 0.109722 1
0 0.800694 0 0.0180556 0
0 0.347222 0 0.0194444 0
0 0.647222 0 0.0194444 0
0 0.492361 0.5 0.109722 1
0 0.800694 0 0.0180556 0
0 0.347222 0 0.0194444 0
0 0.647222 0 0.0194444 0
0 0.491667 0.5 0.111111 1
0 0.800694 0 0.0180556 0
0 0.347222 0 0.0194444 0
0 0.647222 0 0.0194444 0
0 0.491667 0.5 0.111111 1
0 0.800694 0 0.0180556 0
0 0.347222 0 0.0194444 0
0 0.491667 0.5 0.111111 1
0 0.647917 0 0.0180556 0
0 0.800694 0 0.0180556 0
0 0.347222 0 0.0194444 0
0 0.647222 0 0.0194444 0
0 0.491667 0.5 0.111111 1
0 0.800694 0 0.0180556 0
0 0.347222 0 0.0194444 0
0 0.647917 0 0.0208333 0
0 0.488194 0.5 0.120833 1
0 0.802083 0 0.0180556 0
0 0.347222 0 0.0194444 0
0 0.486806 0.5 0.120833 1
0 0.647917 0 0.0208333 0
0 0.802083 0 0.0180556 0
0 0.347222 0 0.0194444 0
0 0.486806 0.5 0.120833 1
0 0.647917 0 0.0208333 0
0 0.347222 0 0.0194444 0
0 0.802083 0 0.0180556 0
0 0.486806 0.5 0.120833 1
0 0.647917 0 0.0208333 0
0 0.802083 0 0.0180556 0
0 0.347222 0 0.0194444 0
0 0.486806 0.5 0.120833 1
0 0.647917 0 0.0208333 0
0 0.802083 0 0.0180556 0
0 0.346528 0 0.0180556 0
0 0.485417 0.5 0.120833 1
0 0.647917 0 0.0208333 0
0 0.802083 0 0.0180556 0
0 0.346528 0 0.0180556 0
0 0.647917 0 0.0208333 0
0 0.485417 0.5 0.120833 1
0 0.346528 0 0.0180556 0
0 0.802778 0 0.0194444 0
0 0.647917 0 0.0208333 0
0 0.485417 0.5 0.120833 1
0 0.346528 0 0.0180556 0
0 0.802778 0 0.0194444 0
0 0.647917 0 0.0208333 0
0 0.485417 0.5 0.120833 1
0 0.802778 0 0.0194444 0
0 0.346528 0 0.0180556 0
0 0.486111 0.5 0.122222 1
0 0.647917 0 0.0208333 0
0 0.346528 0 0.0180556 0
0 0.802778 0 0.0194444 0
0 0.485417 0.5 0.120833 1
0 0.647917 0 0.0208333 0
0 0.802778 0 0.0194444 0
0 0.345833 0 0.0194444 0
0 0.485417 0.5 0.120833 1
0 0.647917 0 0.0208333 0
0 0.802083 0 0.0180556 0
0 0.346528 0 0.0180556 0
0 0.486111 0.5 0.119444 1
0 0.648611 0 0.0194444 0
0 0.346528 0 0.0180556 0
0 0.802778 0 0.0194444 0
0 0.486111 0.5 0.119444 1
0 0.648611 0 0.0194444 0
0 0.802778 0 0.0194444 0
0 0.346528 0 0.0180556 0
0 0.486806 0.5 0.120833 1
0 0.647917 0 0.0208333 0
0 0.802778 0 0.0194444 0
0 0.345833 0 0.0166667 0
0 0.4875 0.5 0.122222 1
0 0.648611 0 0.0194444 0
0 0.802083 0 0.0180556 0
0 0.486806 0.5 0.120833 1
0 0.345833 0 0.0166667 0
0 0.648611 0 0.0194444 0
0 0.802778 0 0.0194444 0
0 0.647917 0 0.0208333 0
0 0.486806 0.5 0.120833 1
0 0.345833 0 0.0166667 0
0 0.802778 0 0.0194444 0
0 0.345139 0 0.0180556 0
0 0.485417 0.5 0.120833 1
0 0.648611 0 0.0194444 0
0 0.802778 0 0.0194444 0
0 0.345139 0 0.0180556 0
0 0.485417 0.5 0.120833 1
0 0.648611 0 0.0194444 0
0 0.802778 0 0.0194444 0
0 0.345139 0 0.0180556 0
0 0.648611 0 0.0194444 0
0 0.485417 0.5 0.123611 1
0 0.802778 0 0.0194444 0
0 0.485417 0.5 0.126389 1
0 0.345139 0 0.0180556 0
0 0.648611 0 0.0194444 0
0 0.802778 0 0.0194444 0
0 0.648611 0 0.0194444 0
0 0.484722 0.5 0.125 1
0 0.345139 0 0.0180556 0
0 0.803472 0 0.0208333 0
0 0.345139 0 0.0180556 0
0 0.647917 0 0.0208333 0
0 0.484028 0.5 0.126389 1
0 0.803472 0 0.0180556 0
0 0.647917 0 0.0208333 0
0 0.345139 0 0.0180556 0
0 0.484028 0.5 0.126389 1
0 0.457639 0 0.0319444 0
0 0.803472 0 0.0180556 0
0 0.345139 0 0.0180556 0
0 0.648611 0 0.0194444 0
0 0.483333 0.5 0.127778 1
0 0.803472 0 0.0180556 0
0 0.345139 0 0.0180556 0
0 0.648611 0 0.0194444 0
0 0.484028 0.5 0.129167 1
0 0.45625 0 0.0319444 0
0 0.803472 0 0.0180556 0
0 0.345139 0 0.0180556 0
0 0.648611 0 0.0194444 0
0 0.484028 0.5 0.129167 1
0 0.456944 0 0.0333333 0
0 0.804167 0 0.0194444 0
0 0.648611 0 0.0194444 0
0 0.345139 0 0.0180556 0
0 0.483333 0.5 0.130556 1
0 0.456944 0 0.0333333 0
0 0.804167 0 0.0194444 0
0 0.345139 0 0.0180556 0
0 0.483333 0.5 0.130556 1
0 0.648611 0 0.0166667 0
0 0.456944 0 0.0333333 0
0 0.804167 0 0.0194444 0
0 0.484028 0.5 0.131944 1
0 0.648611 0 0.0194444 0
0 0.345139 0 0.0180556 0
0 0.456944 0 0.0333333 0
0 0.804861 0 0.0208333 0
0 0.345139 0 0.0180556 0
0 0.648611 0 0.0194444 0
0 0.484028 0.5 0.131944 1
0 0.456944 0 0.0333333 0
0 0.804167 0 0.0194444 0
0 0.648611 0 0.0194444 0
0 0.484028 0.5 0.131944 1
0 0.345139 0 0.0180556 0
0 0.804861 0 0.0208333 0
0 0.345139 0 0.0180556 0
0 0.649306 0 0.0208333 0
0 0.484028 0.5 0.131944 1
0 0.804861 0 0.0208333 0
0 0.345139 0 0.0180556 0
0 0.649306 0 0.0208333 0
0 0.484722 0.5 0.130556 1
0 0.805556 0 0.0194444 0
0 0.345139 0 0.0180556 0
0 0.649306 0 0.0208333 0
0 0.484722 0.5 0.130556 1
0 0.805556 0 0.0194444 0
0 0.345139 0 0.0180556 0
0 0.649306 0 0.0208333 0
0 0.484722 0.5 0.130556 1
0 0.456944 0 0.0361111 0
0 0.345139 0 0.0180556 0
0 0.805556 0 0.0194444 0
0 0.649306 0 0.0208333 0
0 0.485417 0.5 0.129167 1
0 0.805556 0 0.0194444 0
0 0.344444 0 0.0194444 0
0 0.649306 0 0.0208333 0
0 0.484722 0.5 0.127778 1
0 0.805556 0 0.0194444 0
0 0.344444 0 0.0194444 0
0 0.484722 0.5 0.130556 1
0 0.650694 0 0.0180556 0
0 0.805556 0 0.0194444 0
0 0.344444 0 0.0194444 0
0 0.485417 0.5 0.129167 1
0 0.650694 0 0.0180556 0
0 0.186806 0 0.0180556 0
0 0.80625 0 0.0180556 0
0 0.34375 0 0.0180556 0
0 0.486111 0.5 0.133333 1
0 0.650694 0 0.0180556 0
0 0.806944 0 0.0194444 0
0 0.65 0 0.0194444 0
0 0.34375 0 0.0180556 0
0 0.486111 0.5 0.133333 1
0 0.806944 0 0.0194444 0
0 0.34375 0 0.0180556 0
0 0.486111 0.5 0.138889 1
0 0.65 0 0.0166667 0
0 0.807639 0 0.0208333 0
0 0.34375 0 0.0180556 0
0 0.486111 0.5 0.138889 1
0 0.650694 0 0.0180556 0
0 0.808333 0 0.0194444 0
0 0.485417 0.5 0.1375 1
0 0.34375 0 0.0180556 0
0 0.650694 0 0.0180556 0
0 0.809028 0 0.0208333 0
0 0.34375 0 0.0180556 0
0 0.486111 0.5 0.138889 1
0 0.650694 0 0.0180556 0
0 0.806944 0 0.0194444 0
0 0.34375 0 0.0180556 0
0 0.486111 0.5 0.138889 1
0 0.650694 0 0.0180556 0
0 0.554167 0 0.0388889 0
0 0.809028 0 0.0208333 0
0 0.34375 0 0.0180556 0
0 0.486111 0.5 0.138889 1
0 0.650694 0 0.0180556 0
0 0.809028 0 0.0208333 0
0 0.34375 0 0.0180556 0
0 0.486111 0.5 0.138889 1
0 0.650694 0 0.0180556 0
0 0.45625 0 0.0375 0
0 0.186806 0 0.0180556 0
0 0.809028 0 0.0208333 0
0 0.34375 0 0.0180556 0
0 0.486806 0.5 0.140278 1
0 0.650694 0 0.0180556 0
0 0.809028 0 0.0208333 0
0 0.34375 0 0.0180556 0
0 0.486806 0.5 0.140278 1
0 0.650694 0 0.0180556 0
0 0.186111 0 0.0194444 0
0 0.809028 0 0.0208333 0
0 0.34375 0 0.0180556 0
0 0.486806 0.5 0.140278 1
0 0.650694 0 0.0180556 0
0 0.554861 0 0.0375 0
0 0.34375 0 0.0180556 0
0 0.809028 0 0.0208333 0
0 0.486806 0.5 0.140278 1
0 0.650694 0 0.0180556 0
0 0.809028 0 0.0208333 0
0 0.34375 0 0.0180556 0
0 0.486806 0.5 0.140278 1
0 0.650694 0 0.0180556 0
0 0.554861 0 0.0375 0
0 0.809028 0 0.0208333 0
0 0.34375 0 0.0180556 0
0 0.4875 0.5 0.141667 1
0 0.650694 0 0.0180556 0
0 0.554167 0 0.0388889 0
0 0.809028 0 0.0208333 0
0 0.34375 0 0.0180556 0
0 0.4875 0.5 0.141667 1
0 0.650694 0 0.0180556 0
0 0.185417 0 0.0180556 0
0 0.554861 0 0.0402778 0
0 0.343056 0 0.0194444 0
0 0.810417 0 0.0208333 0
0 0.4875 0.5 0.141667 1
0 0.650694 0 0.0180556 0
0 0.554861 0 0.0375 0
0 0.809028 0 0.0208333 0
0 0.343056 0 0.0194444 0
0 0.486806 0.5 0.143056 1
0 0.651389 0 0.0166667 0
0 0.555556 0 0.0388889 0
0 0.809722 0 0.0222222 0
0 0.343056 0 0.0194444 0
0 0.4875 0.5 0.141667 1
0 0.652083 0 0.0180556 0
0 0.555556 0 0.0388889 0
0 0.342361 0 0.0180556 0
0 0.810417 0 0.0208333 0
0 0.4875 0.5 0.141667 1
0 0.651389 0 0.0194444 0
0 0.810417 0 0.0208333 0
0 0.342361 0 0.0180556 0
0 0.486806 0.5 0.143056 1
0 0.652083 0 0.0180556 0
0 0.555556 0 0.0388889 0
0 0.342361 0 0.0180556 0
0 0.810417 0 0.0208333 0
0 0.486806 0.5 0.143056 1
0 0.651389 0 0.0194444 0
0 0.554861 0 0.0375 0
0 0.342361 0 0.0180556 0
0 0.810417 0 0.0208333 0
0 0.486111 0.5 0.141667 1
0 0.652083 0 0.0180556 0
0 0.554861 0 0.0375 0
0 0.342361 0 0.0180556 0
0 0.810417 0 0.0208333 0
0 0.486806 0.5 0.140278 1
0 0.652083 0 0.0180556 0
0 0.555556 0 0.0388889 0
0 0.342361 0 0.0180556 0
0 0.810417 0 0.0208333 0
0 0.486806 0.5 0.140278 1
0 0.652083 0 0.0180556 0
0 0.555556 0 0.0388889 0
0 0.342361 0 0.0180556 0
0 0.810417 0 0.0208333 0
0 0.486806 0.5 0.140278 1
0 0.652083 0 0.0180556 0
0 0.555556 0 0.0388889 0
0 0.809028 0 0.0208333 0
0 0.342361 0 0.0180556 0
0 0.486806 0.5 0.140278 1
0 0.652083 0 0.0180556 0
0 0.555556 0 0.0388889 0
0 0.809722 0 0.0194444 0
0 0.342361 0 0.0180556 0
0 0.486806 0.5 0.140278 1
0 0.652083 0 0.0180556 0
0 0.184028 0 0.0180556 0
0 0.809722 0 0.0194444 0
0 0.342361 0 0.0180556 0
0 0.486111 0.5 0.141667 1
0 0.652083 0 0.0180556 0
0 0.555556 0 0.0388889 0
0 0.184722 0 0.0194444 0
0 0.810417 0 0.0208333 0
0 0.342361 0 0.0180556 0
0 0.485417 0.5 0.140278 1
0 0.652083 0 0.0180556 0
0 0.555556 0 0.0388889 0
0 0.184722 0 0.0194444 0
0 0.809722 0 0.0194444 0
0 0.342361 0 0.0180556 0
0 0.486111 0.5 0.141667 1
0 0.652083 0 0.0180556 0
0 0.555556 0 0.0388889 0
0 0.184722 0 0.0194444 0
0 0.809722 0 0.0194444 0
0 0.341667 0 0.0194444 0
0 0.486111 0.5 0.141667 1
0 0.652083 0 0.0180556 0
0 0.184028 0 0.0180556 0
0 0.809722 0 0.0194444 0
0 0.341667 0 0.0194444 0
0 0.486111 0.5 0.141667 1
0 0.652083 0 0.0180556 0
0 0.184028 0 0.0180556 0
0 0.809722 0 0.0194444 0
0 0.341667 0 0.0194444 0
0 0.486111 0.5 0.141667 1
0 0.652083 0 0.0180556 0
0 0.554861 0 0.0375 0
0 0.184028 0 0.0180556 0
0 0.809722 0 0.0194444 0
0 0.341667 0 0.0194444 0
0 0.486111 0.5 0.141667 1
0 0.652083 0 0.0180556 0
0 0.184028 0 0.0180556 0
0 0.810417 0 0.0208333 0
0 0.341667 0 0.0194444 0
0 0.486111 0.5 0.141667 1
0 0.652083 0 0.0180556 0
0 0.184028 0 0.0180556 0
0 0.809722 0 0.0194444 0
0 0.341667 0 0.0194444 0
0 0.485417 0.5 0.143056 1
0 0.652083 0 0.0180556 0
0 0.555556 0 0.0388889 0
0 0.184028 0 0.0180556 0
0 0.809722 0 0.0194444 0
0 0.341667 0 0.0194444 0
0 0.486806 0.5 0.143056 1
0 0.652083 0 0.0180556 0
0 0.184028 0 0.0180556 0
0 0.810417 0 0.0208333 0
0 0.342361 0 0.0208333 0
0 0.486111 0.5 0.141667 1
0 0.652083 0 0.0180556 0
0 0.554861 0 0.0375 0
0 0.184028 0 0.0180556 0
0 0.810417 0 0.0208333 0
0 0.341667 0 0.0194444 0
0 0.486111 0.5 0.141667 1
0 0.652083 0 0.0180556 0
0 0.55625 0 0.0375 0
0 0.184028 0 0.0180556 0
0 0.810417 0 0.0208333 0
0 0.341667 0 0.0194444 0
0 0.486111 0.5 0.141667 1
0 0.652083 0 0.0180556 0
0 0.184722 0 0.0194444 0
0 0.810417 0 0.0208333 0
0 0.341667 0 0.0194444 0
0 0.486111 0.5 0.141667 1
0 0.652083 0 0.0180556 0
0 0.55625 0 0.0375 0
0 0.184722 0 0.0194444 0
0 0.810417 0 0.0208333 0
0 0.341667 0 0.0194444 0
0 0.486806 0.5 0.140278 1
0 0.652083 0 0.0180556 0
0 0.341667 0 0.0194444 0
0 0.811806 0 0.0208333 0
0 0.486806 0.5 0.143056 1
0 0.652778 0 0.0194444 0
0 0.811806 0 0.0208333 0
0 0.486806 0.5 0.143056 1
0 0.341667 0 0.0194444 0
0 0.652778 0 0.0194444 0
0 0.811806 0 0.0208333 0
0 0.341667 0 0.0194444 0
0 0.486806 0.5 0.143056 1
0 0.652778 0 0.0194444 0
0 0.811806 0 0.0208333 0
0 0.486806 0.5 0.143056 1
0 0.341667 0 0.0194444 0
0 0.652778 0 0.0194444 0
0 0.811806 0 0.0208333 0
0 0.341667 0 0.0194444 0
0 0.4875 0.5 0.141667 1
0 0.652778 0 0.0194444 0
0 0.811806 0 0.0208333 0
0 0.486806 0.5 0.143056 1
0 0.341667 0 0.0194444 0
0 0.652778 0 0.0194444 0
0 0.811806 0 0.0208333 0
0 0.486806 0.5 0.145833 1
0 0.341667 0 0.0194444 0
0 0.652778 0 0.0194444 0
0 0.811806 0 0.0208333 0
0 0.486806 0.5 0.145833 1
0 0.341667 0 0.0194444 0
0 0.652778 0 0.0194444 0
0 0.811806 0 0.0208333 0
0 0.486806 0.5 0.145833 1
0 0.341667 0 0.0194444 0
0 0.652778 0 0.0194444 0
0 0.55625 0 0.0375 0
0 0.811806 0 0.0208333 0
0 0.486806 0.5 0.145833 1
0 0.341667 0 0.0194444 0
0 0.652778 0 0.0194444 0
0 0.8125 0 0.0194444 0
0 0.486111 0.5 0.147222 1
0 0.341667 0 0.0194444 0
0 0.652778 0 0.0194444 0
0 0.8125 0 0.0194444 0
0 0.486806 0.5 0.148611 1
0 0.340972 0 0.0180556 0
0 0.652778 0 0.0194444 0
0 0.55625 0 0.0375 0
0 0.8125 0 0.0194444 0
0 0.486806 0.5 0.148611 1
0 0.340972 0 0.0180556 0
0 0.652778 0 0.0194444 0
0 0.55625 0 0.0375 0
0 0.8125 0 0.0194444 0
0 0.486806 0.5 0.148611 1
0 0.340972 0 0.0180556 0
0 0.652778 0 0.0194444 0
0 0.813194 0 0.0180556 0
0 0.486806 0.5 0.148611 1
0 0.340972 0 0.0180556 0
0 0.653472 0 0.0208333 0
0 0.813889 0 0.0194444 0
0 0.486806 0.5 0.148611 1
0 0.340972 0 0.0180556 0
0 0.652778 0 0.0194444 0
0 0.55625 0 0.0375 0
0 0.813194 0 0.0180556 0
0 0.486111 0.5 0.15 1
0 0.340972 0 0.0180556 0
0 0.652778 0 0.0194444 0
0 0.8125 0 0.0194444 0
0 0.486111 0.5 0.15 1
0 0.340278 0 0.0194444 0
0 0.652778 0 0.0194444 0
0 0.813194 0 0.0180556 0
0 0.486111 0.5 0.15 1
0 0.340278 0 0.0194444 0
0 0.653472 0 0.0208333 0
0 0.813194 0 0.0180556 0
0 0.485417 0.5 0.151389 1
0 0.340278 0 0.0194444 0
0 0.653472 0 0.0208333 0
0 0.55625 0 0.0375 0
0 0.813194 0 0.0180556 0
0 0.486111 0.5 0.15 1
0 0.340972 0 0.0180556 0
0 0.653472 0 0.0208333 0
0 0.55625 0 0.0375 0
0 0.486111 0.5 0.15 1
0 0.813194 0 0.0180556 0
0 0.340972 0 0.0180556 0
0 0.653472 0 0.0208333 0
0 0.55625 0 0.0375 0
0 0.486806 0.5 0.151389 1
0 0.813194 0 0.0180556 0
0 0.340278 0 0.0194444 0
0 0.653472 0 0.0208333 0
0 0.55625 0 0.0375 0
0 0.813194 0 0.0180556 0
0 0.485417 0.5 0.151389 1
0 0.340278 0 0.0194444 0
0 0.653472 0 0.0208333 0
0 0.813889 0 0.0194444 0
0 0.485417 0.5 0.151389 1
0 0.340972 0 0.0180556 0
0 0.653472 0 0.0208333 0
0 0.55625 0 0.0375 0
0 0.813889 0 0.0194444 0
0 0.485417 0.5 0.151389 1
0 0.340972 0 0.0180556 0
0 0.654167 0 0.0194444 0
0 0.55625 0 0.0375 0
0 0.813889 0 0.0194444 0
0 0.485417 0.5 0.151389 1
0 0.340972 0 0.0180556 0
0 0.653472 0 0.0208333 0
0 0.55625 0 0.0375 0
0 0.813889 0 0.0194444 0
0 0.486111 0.5 0.152778 1
0 0.340972 0 0.0180556 0
0 0.653472 0 0.0208333 0
0 0.55625 0 0.0375 0
0 0.813889 0 0.0194444 0
0 0.486111 0.5 0.152778 1
0 0.340972 0 0.0180556 0
0 0.653472 0 0.0208333 0
0 0.55625 0 0.0375 0
0 0.486111 0.5 0.152778 1
0 0.813889 0 0.0194444 0
0 0.340972 0 0.0180556 0
0 0.653472 0 0.0208333 0
0 0.813889 0 0.0194444 0
0 0.486111 0.5 0.152778 1
0 0.340972 0 0.0180556 0
0 0.653472 0 0.0208333 0
0 0.555556 0 0.0388889 0
0 0.486111 0.5 0.152778 1
0 0.813889 0 0.0194444 0
0 0.340972 0 0.0180556 0
0 0.653472 0 0.0208333 0
0 0.555556 0 0.0388889 0
0 0.486111 0.5 0.152778 1
0 0.813889 0 0.0194444 0
0 0.340278 0 0.0194444 0
0 0.653472 0 0.0208333 0
0 0.55625 0 0.0402778 0
0 0.486111 0.5 0.152778 1
0 0.813889 0 0.0194444 0
0 0.340278 0 0.0194444 0
0 0.653472 0 0.0208333 0
0 0.55625 0 0.0375 0
0 0.486111 0.5 0.152778 1
0 0.813889 0 0.0194444 0
0 0.340278 0 0.0194444 0
0 0.653472 0 0.0208333 0
0 0.555556 0 0.0416667 0
0 0.485417 0.5 0.154167 1
0 0.813889 0 0.0194444 0
0 0.340278 0 0.0194444 0
0 0.653472 0 0.0208333 0
0 0.556944 0 0.0388889 0
0 0.486111 0.5 0.152778 1
0 0.813889 0 0.0194444 0
0 0.340278 0 0.0194444 0
0 0.653472 0 0.0208333 0
0 0.55625 0 0.0402778 0
0 0.486111 0.5 0.152778 1
0 0.813889 0 0.0194444 0
0 0.340278 0 0.0194444 0
0 0.654167 0 0.0194444 0
0 0.55625 0 0.0375 0
0 0.486111 0.5 0.152778 1
0 0.813889 0 0.0194444 0
0 0.340278 0 0.0194444 0
0 0.654167 0 0.0194444 0
0 0.556944 0 0.0388889 0
0 0.486111 0.5 0.152778 1
0 0.813889 0 0.0194444 0
0 0.340278 0 0.0194444 0
0 0.654167 0 0.0194444 0
0 0.556944 0 0.0388889 0
0 0.486111 0.5 0.152778 1
0 0.813889 0 0.0194444 0
0 0.340278 0 0.0194444 0
0 0.654167 0 0.0194444 0
0 0.55625 0 0.0402778 0
0 0.485417 0.5 0.154167 1
0 0.813889 0 0.0194444 0
0 0.340278 0 0.0194444 0
0 0.654167 0 0.0194444 0
0 0.556944 0 0.0388889 0
0 0.484722 0.5 0.152778 1
0 0.813889 0 0.0194444 0
0 0.340278 0 0.0194444 0
0 0.654167 0 0.0194444 0
0 0.55625 0 0.0402778 0
0 0.484722 0.5 0.152778 1
0 0.813889 0 0.0194444 0
0 0.340278 0 0.0194444 0
0 0.654167 0 0.0194444 0
0 0.485417 0.5 0.154167 1
0 0.814583 0 0.0180556 0
0 0.340278 0 0.0194444 0
0 0.654167 0 0.0194444 0
0 0.55625 0 0.0402778 0
0 0.486111 0.5 0.155556 1
0 0.814583 0 0.0180556 0
0 0.340278 0 0.0194444 0
0 0.653472 0 0.0208333 0
0 0.55625 0 0.0402778 0
0 0.485417 0.5 0.154167 1
0 0.814583 0 0.0180556 0
0 0.340278 0 0.0194444 0
0 0.653472 0 0.0208333 0
0 0.55625 0 0.0402778 0
0 0.485417 0.5 0.154167 1
0 0.813889 0 0.0194444 0
0 0.340278 0 0.0194444 0
0 0.653472 0 0.0208333 0
0 0.55625 0 0.0402778 0
0 0.485417 0.5 0.154167 1
0 0.815278 0 0.0194444 0
0 0.340278 0 0.0194444 0
0 0.654167 0 0.0194444 0
0 0.55625 0 0.0402778 0
0 0.485417 0.5 0.154167 1
0 0.815278 0 0.0194444 0
0 0.340278 0 0.0194444 0
0 0.654167 0 0.0194444 0
0 0.55625 0 0.0402778 0
0 0.485417 0.5 0.154167 1
0 0.814583 0 0.0208333 0
0 0.340278 0 0.0194444 0
0 0.654167 0 0.0194444 0
0 0.55625 0 0.0402778 0
0 0.485417 0.5 0.154167 1
0 0.815278 0 0.0194444 0
0 0.340278 0 0.0194444 0
0 0.654167 0 0.0194444 0
0 0.55625 0 0.0402778 0
0 0.486111 0.5 0.152778 1
0 0.814583 0 0.0208333 0
0 0.340278 0 0.0194444 0
0 0.654167 0 0.0194444 0
0 0.55625 0 0.0375 0
0 0.486111 0.5 0.152778 1
0 0.814583 0 0.0208333 0
0 0.340278 0 0.0194444 0
0 0.654167 0 0.0194444 0
0 0.55625 0 0.0402778 0
0 0.486111 0.5 0.152778 1
0 0.814583 0 0.0208333 0
0 0.340278 0 0.0194444 0
0 0.654167 0 0.0194444 0
0 0.55625 0 0.0375 0
0 0.486111 0.5 0.152778 1
0 0.814583 0 0.0208333 0
0 0.340278 0 0.0194444 0
0 0.654167 0 0.0194444 0
0 0.55625 0 0.0402778 0
0 0.486111 0.5 0.152778 1
0 0.813889 0 0.0194444 0
0 0.340278 0 0.0194444 0
0 0.654167 0 0.0194444 0
0 0.55625 0 0.0375 0
0 0.813889 0 0.0194444 0
0 0.486111 0.5 0.152778 1
0 0.340278 0 0.0194444 0
0 0.654167 0 0.0194444 0
0 0.55625 0 0.0402778 0
0 0.486111 0.5 0.152778 1
0 0.814583 0 0.0208333 0
0 0.340278 0 0.0194444 0
0 0.654167 0 0.0194444 0
0 0.556944 0 0.0388889 0
0 0.486111 0.5 0.152778 1
0 0.813889 0 0.0194444 0
0 0.340278 0 0.0194444 0
0 0.654167 0 0.0194444 0
0 0.55625 0 0.0375 0
0 0.486111 0.5 0.152778 1
0 0.814583 0 0.0208333 0
0 0.340278 0 0.0194444 0
0 0.654167 0 0.0194444 0
0 0.55625 0 0.0402778 0
0 0.486111 0.5 0.152778 1
0 0.814583 0 0.0208333 0
0 0.340278 0 0.0194444 0
0 0.654861 0 0.0208333 0
0 0.55625 0 0.0402778 0
0 0.486111 0.5 0.152778 1
0 0.814583 0 0.0208333 0
0 0.340278 0 0.0194444 0
0 0.654167 0 0.0194444 0
0 0.55625 0 0.0375 0
0 0.486111 0.5 0.152778 1
0 0.814583 0 0.0208333 0
0 0.339583 0 0.0180556 0
0 0.654167 0 0.0194444 0
0 0.55625 0 0.0402778 0
0 0.814583 0 0.0208333 0
0 0.486111 0.5 0.152778 1
0 0.339583 0 0.0180556 0
0 0.654167 0 0.0194444 0
0 0.55625 0 0.0402778 0
0 0.486111 0.5 0.152778 1
0 0.815278 0 0.0194444 0
0 0.340278 0 0.0194444 0
0 0.654167 0 0.0194444 0
0 0.814583 0 0.0208333 0
0 0.486806 0.5 0.154167 1
0 0.340278 0 0.0194444 0
0 0.654861 0 0.0208333 0
0 0.55625 0 0.0375 0
0 0.814583 0 0.0208333 0
0 0.486111 0.5 0.155556 1
0 0.340278 0 0.0194444 0
0 0.654167 0 0.0194444 0
0 0.555556 0 0.0444444 0
0 0.814583 0 0.0208333 0
0 0.486111 0.5 0.155556 1
0 0.340278 0 0.0194444 0
0 0.654167 0 0.0194444 0
0 0.456944 0 0.0361111 0
0 0.815278 0 0.0194444 0
0 0.55625 0 0.0402778 0
0 0.486111 0.5 0.155556 1
0 0.340278 0 0.0194444 0
0 0.654861 0 0.0208333 0
0 0.456944 0 0.0361111 0
0 0.815278 0 0.0194444 0
0 0.55625 0 0.0402778 0
0 0.486111 0.5 0.155556 1
0 0.340278 0 0.0194444 0
0 0.654861 0 0.0208333 0
0 0.815278 0 0.0194444 0
0 0.55625 0 0.0402778 0
0 0.486111 0.5 0.155556 1
0 0.340278 0 0.0194444 0
0 0.654861 0 0.0208333 0
0 0.55625 0 0.0402778 0
0 0.815278 0 0.0194444 0
0 0.486111 0.5 0.155556 1
0 0.340278 0 0.0194444 0
0 0.654861 0 0.0208333 0
0 0.456944 0 0.0361111 0
0 0.55625 0 0.0402778 0
0 0.815278 0 0.0194444 0
0 0.486111 0.5 0.155556 1
0 0.340278 0 0.0194444 0
0 0.654861 0 0.0208333 0
0 0.45625 0 0.0347222 0
0 0.55625 0 0.0402778 0
0 0.815278 0 0.0194444 0
0 0.486111 0.5 0.155556 1
0 0.340278 0 0.0194444 0
0 0.654861 0 0.0208333 0
0 0.45625 0 0.0347222 0
0 0.55625 0 0.0402778 0
0 0.815278 0 0.0194444 0
0 0.486111 0.5 0.155556 1
0 0.340278 0 0.0194444 0
0 0.654861 0 0.0208333 0
0 0.55625 0 0.0402778 0
0 0.815278 0 0.0194444 0
0 0.486111 0.5 0.155556 1
0 0.340278 0 0.0194444 0
0 0.654861 0 0.0208333 0
0 0.45625 0 0.0347222 0
0 0.55625 0 0.0402778 0
0 0.815278 0 0.0194444 0
0 0.486111 0.5 0.155556 1
0 0.340278 0 0.0194444 0
0 0.654861 0 0.0208333 0
0 0.45625 0 0.0347222 0
0 0.815278 0 0.0194444 0
0 0.556944 0 0.0416667 0
0 0.486111 0.5 0.155556 1
0 0.340278 0 0.0194444 0
0 0.654861 0 0.0208333 0
0 0.45625 0 0.0347222 0
0 0.55625 0 0.0402778 0
0 0.815278 0 0.0194444 0
0 0.486111 0.5 0.155556 1
0 0.340278 0 0.0194444 0
0 0.654861 0 0.0208333 0
0 0.456944 0 0.0361111 0
0 0.251389 0 0.00555556 0
0 0.55625 0 0.0402778 0
0 0.815278 0 0.0194444 0
0 0.486111 0.5 0.155556 1
0 0.340278 0 0.0194444 0
0 0.654861 0 0.0208333 0
0 0.456944 0 0.0361111 0
0 0.55625 0 0.0402778 0
0 0.486111 0.5 0.155556 1
0 0.815278 0 0.0194444 0
0 0.340278 0 0.0194444 0
0 0.654861 0 0.0208333 0
0 0.456944 0 0.0361111 0
0 0.55625 0 0.0402778 0
0 0.485417 0.5 0.156944 1
0 0.815278 0 0.0194444 0
0 0.340278 0 0.0194444 0
0 0.654861 0 0.0208333 0
0 0.45625 0 0.0347222 0
0 0.55625 0 0.0402778 0
0 0.485417 0.5 0.156944 1
0 0.815278 0 0.0194444 0
0 0.340278 0 0.0194444 0
0 0.654861 0 0.0208333 0
0 0.55625 0 0.0402778 0
0 0.486111 0.5 0.155556 1
0 0.815278 0 0.0194444 0
0 0.340278 0 0.0194444 0
0 0.654861 0 0.0208333 0
0 0.55625 0 0.0402778 0
0 0.815278 0 0.0194444 0
0 0.486111 0.5 0.155556 1
0 0.340278 0 0.0194444 0
0 0.654861 0 0.0208333 0
0 0.55625 0 0.0402778 0
0 0.815278 0 0.0194444 0
0 0.485417 0.5 0.156944 1
0 0.340278 0 0.0194444 0
0 0.654861 0 0.0208333 0
0 0.55625 0 0.0402778 0
0 0.815278 0 0.0194444 0
0 0.486111 0.5 0.158333 1
0 0.340278 0 0.0194444 0
0 0.654861 0 0.0208333 0
0 0.55625 0 0.0402778 0
0 0.815278 0 0.0194444 0
0 0.486111 0.5 0.158333 1
0 0.340278 0 0.0194444 0
0 0.654861 0 0.0208333 0
0 0.55625 0 0.0402778 0
0 0.815278 0 0.0194444 0
0 0.486111 0.5 0.158333 1
0 0.340278 0 0.0194444 0
0 0.654861 0 0.0208333 0
0 0.55625 0 0.0402778 0
0 0.486111 0.5 0.158333 1
0 0.815278 0 0.0194444 0
0 0.340278 0 0.0194444 0
0 0.654861 0 0.0208333 0
0 0.55625 0 0.0402778 0
0 0.486111 0.5 0.158333 1
0 0.815278 0 0.0194444 0
0 0.339583 0 0.0180556 0
0 0.654861 0 0.0208333 0
0 0.55625 0 0.0402778 0
0 0.485417 0.5 0.156944 1
0 0.815278 0 0.0194444 0
0 0.654861 0 0.0208333 0
0 0.339583 0 0.0180556 0
0 0.55625 0 0.0402778 0
0 0.486111 0.5 0.155556 1
0 0.815278 0 0.0194444 0
0 0.654861 0 0.0208333 0
0 0.339583 0 0.0180556 0
0 0.55625 0 0.0402778 0
0 0.486111 0.5 0.155556 1
0 0.815278 0 0.0194444 0
0 0.339583 0 0.0180556 0
0 0.654861 0 0.0208333 0
0 0.55625 0 0.0402778 0
0 0.486111 0.5 0.155556 1
0 0.815278 0 0.0194444 0
0 0.339583 0 0.0180556 0
0 0.654861 0 0.0208333 0
0 0.556944 0 0.0416667 0
0 0.486111 0.5 0.155556 1
0 0.815278 0 0.0194444 0
0 0.339583 0 0.0180556 0
0 0.654861 0 0.0208333 0
0 0.556944 0 0.0416667 0
0 0.486111 0.5 0.155556 1
0 0.815278 0 0.0194444 0
0 0.654861 0 0.0208333 0
0 0.339583 0 0.0180556 0
0 0.55625 0 0.0402778 0
0 0.486111 0.5 0.155556 1
0 0.815278 0 0.0194444 0
0 0.339583 0 0.0180556 0
0 0.654861 0 0.0208333 0
0 0.55625 0 0.0402778 0
0 0.486111 0.5 0.155556 1
0 0.815972 0 0.0208333 0
0 0.339583 0 0.0180556 0
0 0.654861 0 0.0208333 0
0 0.55625 0 0.0402778 0
0 0.486111 0.5 0.158333 1
0 0.815972 0 0.0208333 0
0 0.339583 0 0.0180556 0
0 0.654861 0 0.0208333 0
0 0.557639 0 0.0402778 0
0 0.486111 0.5 0.158333 1
0 0.815972 0 0.0208333 0
0 0.654861 0 0.0208333 0
0 0.339583 0 0.0180556 0
0 0.556944 0 0.0416667 0
0 0.486111 0.5 0.158333 1
0 0.815972 0 0.0208333 0
0 0.654861 0 0.0208333 0
0 0.339583 0 0.0180556 0
0 0.486111 0.5 0.158333 1
0 0.815972 0 0.0208333 0
0 0.654861 0 0.0208333 0
0 0.339583 0 0.0180556 0
0 0.486111 0.5 0.158333 1
0 0.815972 0 0.0208333 0
0 0.339583 0 0.0180556 0
0 0.654861 0 0.0208333 0
0 0.55625 0 0.0458333 0
0 0.486111 0.5 0.158333 1
0 0.815972 0 0.0208333 0
0 0.654861 0 0.0208333 0
0 0.339583 0 0.0180556 0
0 0.486806 0.5 0.156944 1
0 0.815972 0 0.0208333 0
0 0.654861 0 0.0208333 0
0 0.339583 0 0.0180556 0
0 0.486806 0.5 0.156944 1
0 0.815972 0 0.0208333 0
0 0.339583 0 0.0180556 0
0 0.654861 0 0.0208333 0
0 0.486111 0.5 0.158333 1
0 0.815972 0 0.0208333 0
0 0.339583 0 0.0180556 0
0 0.654861 0 0.0208333 0
0 0.177083 0 0.0180556 0
0 0.486111 0.5 0.158333 1
0 0.815972 0 0.0208333 0
0 0.654861 0 0.0208333 0
0 0.339583 0 0.0180556 0
0 0.177083 0 0.0180556 0
0 0.486111 0.5 0.158333 1
0 0.815972 0 0.0208333 0
0 0.654861 0 0.0208333 0
0 0.339583 0 0.0180556 0
0 0.486806 0.5 0.156944 1
0 0.815972 0 0.0208333 0
0 0.654861 0 0.0208333 0
0 0.339583 0 0.0180556 0
0 0.177083 0 0.0180556 0
0 0.486111 0.5 0.158333 1
0 0.815972 0 0.0208333 0
0 0.654861 0 0.0208333 0
0 0.339583 0 0.0180556 0
0 0.556944 0 0.0388889 0
0 0.486111 0.5 0.158333 1
0 0.815972 0 0.0208333 0
0 0.654861 0 0.0208333 0
0 0.339583 0 0.0180556 0
0 0.556944 0 0.0388889 0
0 0.486111 0.5 0.158333 1
0 0.815972 0 0.0208333 0
0 0.654861 0 0.0208333 0
0 0.339583 0 0.0180556 0
0 0.486111 0.5 0.158333 1
0 0.815972 0 0.0208333 0
0 0.654861 0 0.0208333 0
0 0.339583 0 0.0180556 0
0 0.177083 0 0.0180556 0
0 0.486111 0.5 0.158333 1
0 0.815972 0 0.0208333 0
0 0.654861 0 0.0208333 0
0 0.339583 0 0.0180556 0
0 0.55625 0 0.0375 0
0 0.486111 0.5 0.158333 1
0 0.815972 0 0.0208333 0
0 0.654861 0 0.0208333 0
0 0.339583 0 0.0180556 0
0 0.55625 0 0.0375 0
0 0.486111 0.5 0.158333 1
0 0.815972 0 0.0208333 0
0 0.654861 0 0.0208333 0
0 0.339583 0 0.0180556 0
0 0.55625 0 0.0375 0
0 0.486111 0.5 0.158333 1
0 0.815972 0 0.0208333 0
0 0.654861 0 0.0208333 0
0 0.339583 0 0.0180556 0
0 0.55625 0 0.0375 0
0 0.486111 0.5 0.158333 1
0 0.815972 0 0.0208333 0
0 0.654861 0 0.0208333 0
0 0.339583 0 0.0180556 0
0 0.55625 0 0.0375 0
0 0.486111 0.5 0.158333 1
0 0.815972 0 0.0208333 0
0 0.654861 0 0.0208333 0
0 0.339583 0 0.0180556 0
0 0.55625 0 0.0375 0
0 0.486111 0.5 0.158333 1
0 0.815972 0 0.0208333 0
0 0.654861 0 0.0208333 0
0 0.339583 0 0.0180556 0
0 0.55625 0 0.0375 0
0 0.486111 0.5 0.158333 1
0 0.815972 0 0.0208333 0
0 0.654861 0 0.0208333 0
0 0.339583 0 0.0180556 0
0 0.55625 0 0.0375 0
0 0.486111 0.5 0.158333 1
0 0.815972 0 0.0208333 0
0 0.654861 0 0.0208333 0
0 0.339583 0 0.0180556 0
0 0.55625 0 0.0375 0
0 0.486111 0.5 0.158333 1
0 0.815972 0 0.0208333 0
0 0.654861 0 0.0208333 0
0 0.339583 0 0.0180556 0
0 0.486111 0.5 0.158333 1
0 0.815972 0 0.0208333 0
0 0.654861 0 0.0208333 0
0 0.339583 0 0.0180556 0
0 0.177083 0 0.0180556 0
0 0.486111 0.5 0.161111 1
0 0.817361 0 0.0208333 0
0 0.654861 0 0.0208333 0
0 0.338889 0 0.0194444 0
0 0.177083 0 0.0180556 0
0 0.486111 0.5 0.161111 1
0 0.817361 0 0.0208333 0
0 0.654861 0 0.0208333 0
0 0.338889 0 0.0194444 0
0 0.177083 0 0.0180556 0
0 0.486111 0.5 0.161111 1
0 0.817361 0 0.0208333 0
0 0.654861 0 0.0208333 0
0 0.338889 0 0.0194444 0
0 0.177083 0 0.0180556 0
0 0.486111 0.5 0.161111 1
0 0.817361 0 0.0208333 0
0 0.654861 0 0.0208333 0
0 0.338889 0 0.0194444 0
0 0.486111 0.5 0.161111 1
0 0.176389 0 0.0194444 0
0 0.817361 0 0.0208333 0
0 0.655556 0 0.0222222 0
0 0.338889 0 0.0194444 0
0 0.485417 0.5 0.1625 1
0 0.176389 0 0.0194444 0
0 0.817361 0 0.0208333 0
0 0.655556 0 0.0222222 0
0 0.338889 0 0.0194444 0
0 0.485417 0.5 0.1625 1
0 0.176389 0 0.0194444 0
0 0.817361 0 0.0208333 0
0 0.655556 0 0.0222222 0
0 0.338889 0 0.0194444 0
0 0.485417 0.5 0.1625 1
0 0.176389 0 0.0194444 0
0 0.817361 0 0.0208333 0
0 0.655556 0 0.0222222 0
0 0.338889 0 0.0194444 0
0 0.485417 0.5 0.1625 1
0 0.176389 0 0.0194444 0
0 0.817361 0 0.0208333 0
0 0.655556 0 0.0222222 0
0 0.338889 0 0.0194444 0
0 0.485417 0.5 0.1625 1
0 0.176389 0 0.0194444 0
0 0.817361 0 0.0208333 0
0 0.655556 0 0.0222222 0
0 0.338889 0 0.0194444 0
0 0.485417 0.5 0.1625 1
0 0.176389 0 0.0194444 0
0 0.817361 0 0.0208333 0
0 0.655556 0 0.0222222 0
0 0.338889 0 0.0194444 0
0 0.485417 0.5 0.1625 1
0 0.176389 0 0.0194444 0
0 0.817361 0 0.0208333 0
0 0.655556 0 0.0222222 0
0 0.338889 0 0.0194444 0
0 0.485417 0.5 0.1625 1
0 0.176389 0 0.0194444 0
0 0.817361 0 0.0208333 0
0 0.655556 0 0.0222222 0
0 0.338889 0 0.0194444 0
0 0.486806 0.5 0.159722 1
0 0.176389 0 0.0194444 0
0 0.817361 0 0.0208333 0
0 0.654861 0 0.0208333 0
0 0.338889 0 0.0194444 0
0 0.486111 0.5 0.161111 1
0 0.176389 0 0.0194444 0
0 0.817361 0 0.0208333 0
0 0.655556 0 0.0222222 0
0 0.338889 0 0.0194444 0
0 0.486806 0.5 0.159722 1
0 0.176389 0 0.0194444 0
0 0.817361 0 0.0208333 0
0 0.655556 0 0.0222222 0
0 0.338889 0 0.0194444 0
0 0.177083 0 0.0180556 0
0 0.486806 0.5 0.159722 1
0 0.817361 0 0.0208333 0
0 0.655556 0 0.0222222 0
0 0.338889 0 0.0194444 0
0 0.176389 0 0.0194444 0
0 0.486806 0.5 0.159722 1
0 0.817361 0 0.0208333 0
0 0.655556 0 0.0222222 0
0 0.338889 0 0.0194444 0
0 0.486806 0.5 0.159722 1
0 0.176389 0 0.0194444 0
0 0.817361 0 0.0208333 0
0 0.655556 0 0.0222222 0
0 0.338889 0 0.0194444 0
0 0.486806 0.5 0.1625 1
0 0.176389 0 0.0194444 0
0 0.817361 0 0.0208333 0
0 0.655556 0 0.0222222 0
0 0.338889 0 0.0194444 0
0 0.177083 0 0.0208333 0
0 0.486806 0.5 0.1625 1
0 0.817361 0 0.0208333 0
0 0.655556 0 0.0222222 0
0 0.338889 0 0.0194444 0
0 0.176389 0 0.0194444 0
0 0.486806 0.5 0.1625 1
0 0.817361 0 0.0208333 0
0 0.655556 0 0.0222222 0
0 0.338889 0 0.0194444 0
0 0.176389 0 0.0194444 0
0 0.486806 0.5 0.1625 1
0 0.817361 0 0.0208333 0
0 0.655556 0 0.0222222 0
0 0.338889 0 0.0194444 0
0 0.176389 0 0.0194444 0
0 0.486806 0.5 0.1625 1
0 0.817361 0 0.0208333 0
0 0.655556 0 0.0222222 0
0 0.338889 0 0.0194444 0
0 0.176389 0 0.0194444 0
0 0.486806 0.5 0.1625 1
0 0.817361 0 0.0208333 0
0 0.655556 0 0.0222222 0
0 0.338889 0 0.0194444 0
0 0.176389 0 0.0194444 0
0 0.486806 0.5 0.1625 1
0 0.817361 0 0.0208333 0
0 0.655556 0 0.0222222 0
0 0.338889 0 0.0194444 0
0 0.176389 0 0.0194444 0
0 0.486806 0.5 0.1625 1
0 0.817361 0 0.0208333 0
0 0.655556 0 0.0222222 0
0 0.338889 0 0.0194444 0
0 0.176389 0 0.0194444 0
0 0.486806 0.5 0.1625 1
0 0.817361 0 0.0208333 0
0 0.655556 0 0.0222222 0
0 0.338889 0 0.0194444 0
0 0.176389 0 0.0194444 0
0 0.486806 0.5 0.1625 1
0 0.817361 0 0.0208333 0
0 0.655556 0 0.0222222 0
0 0.338889 0 0.0194444 0
0 0.176389 0 0.0194444 0
0 0.486806 0.5 0.1625 1
0 0.817361 0 0.0208333 0
0 0.655556 0 0.0222222 0
0 0.338889 0 0.0194444 0
0 0.176389 0 0.0194444 0
0 0.486806 0.5 0.1625 1
0 0.817361 0 0.0208333 0
0 0.655556 0 0.0222222 0
0 0.338889 0 0.0194444 0
0 0.176389 0 0.0194444 0
0 0.486806 0.5 0.1625 1
0 0.817361 0 0.0208333 0
0 0.655556 0 0.0222222 0
0 0.338889 0 0.0194444 0
0 0.176389 0 0.0194444 0
0 0.486806 0.5 0.1625 1
0 0.817361 0 0.0208333 0
0 0.655556 0 0.0222222 0
0 0.338889 0 0.0194444 0
0 0.176389 0 0.0194444 0
0 0.486806 0.5 0.1625 1
0 0.817361 0 0.0208333 0
0 0.655556 0 0.0222222 0
0 0.338889 0 0.0194444 0
0 0.176389 0 0.0194444 0
0 0.486806 0.5 0.1625 1
0 0.817361 0 0.0208333 0
0 0.655556 0 0.0222222 0
0 0.338889 0 0.0194444 0
0 0.176389 0 0.0194444 0
0 0.486806 0.5 0.1625 1
0 0.817361 0 0.0208333 0
0 0.655556 0 0.0222222 0
0 0.338889 0 0.0194444 0
0 0.176389 0 0.0194444 0
0 0.486806 0.5 0.1625 1
0 0.817361 0 0.0208333 0
0 0.655556 0 0.0222222 0
0 0.338889 0 0.0194444 0
0 0.176389 0 0.0194444 0
0 0.486806 0.5 0.1625 1
0 0.817361 0 0.0208333 0
0 0.655556 0 0.0222222 0
0 0.338889 0 0.0194444 0
0 0.176389 0 0.0194444 0
0 0.486806 0.5 0.1625 1
0 0.817361 0 0.0208333 0
0 0.655556 0 0.0222222 0
0 0.338889 0 0.0194444 0
0 0.176389 0 0.0194444 0
0 0.486806 0.5 0.1625 1
0 0.817361 0 0.0208333 0
0 0.655556 0 0.0222222 0
0 0.338889 0 0.0194444 0
0 0.176389 0 0.0194444 0
0 0.486806 0.5 0.1625 1
0 0.817361 0 0.0208333 0
0 0.655556 0 0.0222222 0
0 0.338889 0 0.0194444 0
0 0.176389 0 0.0194444 0
0 0.486806 0.5 0.1625 1
0 0.817361 0 0.0208333 0
0 0.655556 0 0.0222222 0
0 0.338889 0 0.0194444 0
0 0.176389 0 0.0194444 0
0 0.486806 0.5 0.1625 1
0 0.817361 0 0.0208333 0
0 0.655556 0 0.0222222 0
0 0.338889 0 0.0194444 0
0 0.176389 0 0.0194444 0
0 0.486806 0.5 0.1625 1
0 0.817361 0 0.0208333 0
0 0.655556 0 0.0222222 0
0 0.338889 0 0.0194444 0
0 0.176389 0 0.0194444 0
0 0.486806 0.5 0.1625 1
0 0.817361 0 0.0208333 0
0 0.655556 0 0.0222222 0
0 0.338889 0 0.0194444 0
0 0.176389 0 0.0194444 0
0 0.486806 0.5 0.1625 1
0 0.817361 0 0.0208333 0
0 0.655556 0 0.0222222 0
0 0.338889 0 0.0194444 0
0 0.176389 0 0.0194444 0
0 0.486806 0.5 0.1625 1
0 0.817361 0 0.0208333 0
0 0.655556 0 0.0222222 0
0 0.338889 0 0.0194444 0
0 0.176389 0 0.0194444 0
0 0.486806 0.5 0.1625 1
0 0.817361 0 0.0208333 0
0 0.655556 0 0.0222222 0
0 0.338889 0 0.0194444 0
0 0.176389 0 0.0194444 0
0 0.486806 0.5 0.1625 1
0 0.817361 0 0.0208333 0
0 0.655556 0 0.0222222 0
0 0.338889 0 0.0194444 0
0 0.176389 0 0.0194444 0
0 0.486806 0.5 0.1625 1
0 0.817361 0 0.0208333 0
0 0.655556 0 0.0222222 0
0 0.338889 0 0.0194444 0
0 0.176389 0 0.0194444 0
0 0.486806 0.5 0.1625 1
0 0.817361 0 0.0208333 0
0 0.655556 0 0.0222222 0
0 0.338889 0 0.0194444 0
0 0.176389 0 0.0194444 0
0 0.486806 0.5 0.1625 1
0 0.817361 0 0.0208333 0
0 0.655556 0 0.0222222 0
0 0.338889 0 0.0194444 0
0 0.176389 0 0.0194444 0
0 0.486806 0.5 0.1625 1
0 0.817361 0 0.0208333 0
0 0.655556 0 0.0222222 0
0 0.338889 0 0.0194444 0
0 0.176389 0 0.0194444 0
0 0.486806 0.5 0.1625 1
0 0.817361 0 0.0208333 0
0 0.655556 0 0.0222222 0
0 0.338889 0 0.0194444 0
0 0.176389 0 0.0194444 0
0 0.486806 0.5 0.1625 1
0 0.817361 0 0.0208333 0
0 0.655556 0 0.0222222 0
0 0.338889 0 0.0194444 0
0 0.176389 0 0.0194444 0
0 0.486806 0.5 0.1625 1
0 0.817361 0 0.0208333 0
0 0.655556 0 0.0222222 0
0 0.338889 0 0.0194444 0
0 0.176389 0 0.0194444 0
0 0.486806 0.5 0.1625 1
0 0.817361 0 0.0208333 0
0 0.655556 0 0.0222222 0
0 0.338889 0 0.0194444 0
0 0.176389 0 0.0194444 0
0 0.486806 0.5 0.1625 1
0 0.817361 0 0.0208333 0
0 0.655556 0 0.0222222 0
0 0.338889 0 0.0194444 0
0 0.176389 0 0.0194444 0
0 0.486806 0.5 0.1625 1
0 0.817361 0 0.0208333 0
0 0.655556 0 0.0222222 0
0 0.338889 0 0.0194444 0
0 0.176389 0 0.0194444 0
0 0.486806 0.5 0.1625 1
0 0.817361 0 0.0208333 0
0 0.655556 0 0.0222222 0
0 0.338889 0 0.0194444 0
0 0.486806 0.5 0.1625 1
0 0.176389 0 0.0194444 0
0 0.817361 0 0.0208333 0
0 0.655556 0 0.0222222 0
0 0.338889 0 0.0194444 0
0 0.486806 0.5 0.1625 1
0 0.177083 0 0.0208333 0
0 0.817361 0 0.0208333 0
0 0.655556 0 0.0222222 0
0 0.338889 0 0.0194444 0
0 0.486806 0.5 0.1625 1
0 0.176389 0 0.0194444 0
0 0.817361 0 0.0208333 0
0 0.655556 0 0.0222222 0
0 0.338889 0 0.0194444 0
0 0.486806 0.5 0.1625 1
0 0.176389 0 0.0194444 0
0 0.817361 0 0.0208333 0
0 0.655556 0 0.0222222 0
0 0.338889 0 0.0194444 0
0 0.176389 0 0.0194444 0
0 0.486806 0.5 0.1625 1
0 0.817361 0 0.0208333 0
0 0.655556 0 0.0222222 0
0 0.338889 0 0.0194444 0
0 0.176389 0 0.0194444 0
0 0.486806 0.5 0.1625 1
0 0.817361 0 0.0208333 0
0 0.655556 0 0.0222222 0
0 0.338889 0 0.0194444 0
0 0.486806 0.5 0.1625 1
0 0.176389 0 0.0194444 0
0 0.817361 0 0.0208333 0
0 0.655556 0 0.0222222 0
0 0.338889 0 0.0194444 0
0 0.177083 0 0.0208333 0
0 0.486806 0.5 0.1625 1
0 0.817361 0 0.0208333 0
0 0.655556 0 0.0222222 0
0 0.338889 0 0.0194444 0
0 0.486806 0.5 0.1625 1
0 0.176389 0 0.0194444 0
0 0.817361 0 0.0208333 0
0 0.655556 0 0.0222222 0
0 0.338889 0 0.0194444 0
0 0.486806 0.5 0.1625 1
0 0.176389 0 0.0194444 0
0 0.817361 0 0.0208333 0
0 0.655556 0 0.0222222 0
0 0.338889 0 0.0194444 0
0 0.486806 0.5 0.1625 1
0 0.176389 0 0.0194444 0
0 0.817361 0 0.0208333 0
0 0.655556 0 0.0222222 0
0 0.338889 0 0.0194444 0
0 0.177083 0 0.0208333 0
0 0.486806 0.5 0.1625 1
0 0.817361 0 0.0208333 0
0 0.655556 0 0.0222222 0
0 0.338889 0 0.0194444 0
0 0.486806 0.5 0.1625 1
0 0.176389 0 0.0194444 0
0 0.817361 0 0.0208333 0
0 0.655556 0 0.0222222 0
0 0.338889 0 0.0194444 0
0 0.486806 0.5 0.1625 1
0 0.176389 0 0.0194444 0
0 0.817361 0 0.0208333 0
0 0.655556 0 0.0222222 0
0 0.338889 0 0.0194444 0
0 0.486806 0.5 0.1625 1
0 0.176389 0 0.0194444 0
0 0.817361 0 0.0208333 0
0 0.655556 0 0.0222222 0
0 0.338889 0 0.0194444 0
0 0.486806 0.5 0.1625 1
0 0.176389 0 0.0194444 0
0 0.817361 0 0.0208333 0
0 0.655556 0 0.0222222 0
0 0.338889 0 0.0194444 0
0 0.176389 0 0.0194444 0
0 0.486806 0.5 0.1625 1
0 0.817361 0 0.0208333 0
0 0.655556 0 0.0222222 0
0 0.338889 0 0.0194444 0
0 0.486806 0.5 0.1625 1
0 0.176389 0 0.0194444 0
0 0.817361 0 0.0208333 0
0 0.655556 0 0.0222222 0
0 0.338889 0 0.0194444 0
0 0.486806 0.5 0.1625 1
0 0.176389 0 0.0194444 0
0 0.817361 0 0.0208333 0
0 0.655556 0 0.0222222 0
0 0.338889 0 0.0194444 0
0 0.177083 0 0.0208333 0
0 0.486806 0.5 0.1625 1
0 0.817361 0 0.0208333 0
0 0.655556 0 0.0222222 0
0 0.338889 0 0.0194444 0
