0 0.509722 1 0.025 0
0 0.509722 1 0.025 0
0 0.509722 1 0.025 0
0 0.509722 1 0.025 0
0 0.509722 1 0.025 0
0 0.509722 1 0.025 0
0 0.509722 1 0.025 0
0 0.509722 1 0.025 0
0 0.509722 1 0.025 0
0 0.509722 1 0.025 0
0 0.509722 1 0.025 0
0 0.509722 1 0.025 0
0 0.509722 1 0.025 0
0 0.509722 1 0.025 0
0 0.509722 1 0.025 0
0 0.509722 1 0.025 0
0 0.509722 1 0.025 0
0 0.509722 1 0.025 0
0 0.509722 1 0.025 0
0 0.509722 1 0.025 0
0 0.509722 1 0.025 0
0 0.509722 1 0.025 0
0 0.509722 1 0.025 0
0 0.509722 1 0.025 0
0 0.509722 1 0.025 0
0 0.509722 1 0.025 0
0 0.509722 1 0.025 0
0 0.509722 1 0.025 0
0 0.509722 1 0.025 0
0 0.509722 1 0.025 0
0 0.509722 1 0.025 0
0 0.509722 1 0.025 0
0 0.509722 1 0.025 0
0 0.509722 1 0.025 0
0 0.509722 1 0.025 0
0 0.509722 1 0.025 0
0 0.509722 1 0.025 0
0 0.509722 1 0.025 0
0 0.509722 1 0.025 0
0 0.509722 1 0.025 0
0 0.509722 1 0.025 0
0 0.509722 1 0.025 0
0 0.509722 1 0.025 0
0 0.509722 1 0.025 0
0 0.509722 1 0.025 0
0 0.509722 1 0.025 0
0 0.509722 1 0.025 0
0 0.509722 1 0.025 0
0 0.509722 1 0.025 0
0 0.509722 1 0.025 0
0 0.509722 1 0.025 0
0 0.509722 1 0.025 0
0 0.509722 1 0.025 0
0 0.509722 1 0.025 0
0 0.509722 1 0.025 0
0 0.509722 1 0.025 0
0 0.509722 1 0.025 0
0 0.515278 1 0.025 0
0 0.520139 1 0.0236111 0
0 0.520833 1 0.025 0
0 0.528472 1 0.0236111 0
0 0.430556 0 0.0111111 0
0 0.534028 1 0.0236111 0
0 0.540972 1 0.0236111 0
0 0.547917 1 0.0236111 0
0 0.552083 1 0.0236111 0
0 0.556944 1 0.0222222 0
0 0.559028 1 0.0236111 0
0 0.567361 1 0.0236111 0
0 0.571528 1 0.0236111 0
0 0.576389 1 0.0222222 0
0 0.582639 1 0.0236111 0
0 0.588194 1 0.0236111 0
0 0.590972 1 0.0236111 0
0 0.591667 1 0.025 0
0 0.597222 1 0.025 0
0 0.597222 1 0.025 0
0 0.456944 0 0.0111111 0
0 0.597917 1 0.0263889 0
0 0.598611 1 0.0277778 0
0 0.454861 0 0.00972222 0
0 0.598611 1 0.0277778 0
0 0.598611 1 0.0277778 0
0 0.598611 1 0.0277778 0
0 0.639583 0 0.00972222 0
0 0.597917 1 0.0263889 0
0 0.639583 0 0.00972222 0
0 0.596528 1 0.0263889 0
0 0.45 0 0.0111111 0
0 0.594444 1 0.0277778 0
0 0.594444 1 0.0277778 0
0 0.446528 0 0.0125 0
0 0.591667 1 0.0277778 0
0 0.590972 1 0.0291667 0
0 0.589583 1 0.0291667 0
0 0.588194 1 0.0291667 0
0 0.586806 1 0.0291667 0
0 0.584028 1 0.0291667 0
0 0.58125 1 0.0291667 0
0 0.580556 1 0.0305556 0
0 0.434028 0 0.0125 0
0 0.579167 1 0.0305556 0
0 0.634028 0 0.0152778 0
0 0.579167 1 0.0305556 0
0 0.578472 1 0.0319444 0
0 0.633333 0 0.0111111 0
0 0.575694 1 0.0319444 0
0 0.633333 0 0.0111111 0
0 0.574306 1 0.0319444 0
0 0.634028 0 0.0125 0
0 0.427083 0 0.0125 0
0 0.573611 1 0.0333333 0
0 0.422917 0 0.0152778 0
0 0.633333 0 0.0111111 0
0 0.564583 0 0.0402778 0
0 0.572222 1 0.0333333 0
0 0.633333 0 0.0111111 0
0 0.570833 1 0.0333333 0
0 0.633333 0 0.0111111 0
0 0.420833 0 0.0138889 0
0 0.568056 1 0.0361111 0
0 0.419444 0 0.0138889 0
0 0.634028 0 0.0125 0
0 0.566667 1 0.0361111 0
0 0.565972 1 0.0375 0
0 0.565278 1 0.0388889 0
0 0.634028 0 0.0125 0
0 0.564583 1 0.0375 0
0 0.634028 0 0.0125 0
0 0.413194 0 0.0125 0
0 0.563889 1 0.0388889 0
0 0.411806 0 0.0125 0
0 0.634722 0 0.0138889 0
0 0.563194 0.5 0.0402778 1
0 0.561111 0.5 0.0416667 1
0 0.40625 0 0.0125 0
0 0.560417 0.5 0.0430556 1
0 0.403472 0 0.0152778 0
0 0.636111 0 0.0138889 0
0 0.559028 0.5 0.0458333 1
0 0.6375 0 0.0138889 0
0 0.558333 0.5 0.0472222 1
0 0.761111 0 0.0138889 0
0 0.638194 0 0.0152778 0
0 0.558333 0.5 0.05 1
0 0.638889 0 0.0138889 0
0 0.558333 0.5 0.05 1
0 0.394444 0 0.0138889 0
0 0.640972 0 0.0152778 0
0 0.558333 0.5 0.0555556 1
0 0.257639 0 0.0152778 0
0 0.774306 0 0.0152778 0
0 0.64375 0 0.0152778 0
0 0.559028 0 0.0597222 0
0 0.384028 0 0.0180556 0
0 0.647222 0 0.0194444 0
0 0.559722 0 0.0694444 0
0 0.381944 0 0.0166667 0
0 0.647917 0 0.0152778 0
0 0.560417 0 0.0736111 0
0 0.379861 0 0.0180556 0
0 0.649306 0 0.0152778 0
0 0.561111 0 0.075 0
0 0.789583 0 0.0152778 0
0 0.377778 0 0.0166667 0
0 0.239583 0 0.0152778 0
0 0.561111 0 0.0777778 0
0 0.791667 0 0.0166667 0
0 0.651389 0 0.0166667 0
0 0.376389 0 0.0166667 0
0 0.5625 0 0.0861111 0
0 0.795139 0 0.0180556 0
0 0.565972 0 0.0375 0
0 0.372917 0 0.0180556 0
0 0.652778 0 0.0194444 0
0 0.5625 0 0.0861111 0
0 0.797917 0 0.0180556 0
0 0.653472 0 0.0180556 0
0 0.371528 0 0.0180556 0
0 0.563194 0 0.0930556 0
0 0.367361 0 0.0180556 0
0 0.220833 0 0.0166667 0
0 0.802083 0 0.0180556 0
0 0.655556 0 0.0194444 0
0 0.563194 0 0.101389 0
0 0.568056 0 0.0388889 0
0 0.805556 0 0.0194444 0
0 0.656944 0 0.0194444 0
0 0.365278 0 0.0166667 0
0 0.554167 0 0.111111 0
0 0.213194 0 0.0180556 0
0 0.567361 0 0.0402778 0
0 0.808333 0 0.0194444 0
0 0.363194 0 0.0180556 0
0 0.515278 0.5 0.116667 1
0 0.658333 0 0.0194444 0
0 0.202778 0 0.0194444 0
0 0.813889 0 0.0194444 0
0 0.659722 0 0.0194444 0
0 0.357639 0 0.0180556 0
0 0.423611 1 0.102778 0
0 0.505556 0 0.0583333 0
0 0.2 0 0.0194444 0
0 0.354861 0 0.0180556 0
0 0.815972 0 0.0208333 0
0 0.49375 0.5 0.118056 1
0 0.659722 0 0.0194444 0
0 0.197917 0 0.0180556 0
0 0.816667 0 0.0194444 0
0 0.530556 0.5 0.130556 1
0 0.354167 0 0.0194444 0
0 0.660417 0 0.0180556 0
0 0.195833 0 0.0194444 0
0 0.81875 0 0.0208333 0
0 0.636806 0 0.151389 0
0 0.660417 0 0.0180556 0
0 0.352083 0 0.0180556 0
0 0.7125 0 0.155556 0
0 0.81875 0 0.0208333 0
0 0.352083 0 0.0180556 0
0 0.503472 0 0.0736111 0
0 0.503472 0 0.0708333 0
0 0.350694 0 0.0180556 0
0 0.659722 0 0.0194444 0
0 0.503472 0 0.0708333 0
0 0.350694 0 0.0180556 0
0 0.659722 0 0.0194444 0
0 0.503472 0 0.0708333 0
0 0.350694 0 0.0180556 0
0 0.659722 0 0.0194444 0
0 0.503472 0 0.0708333 0
0 0.350694 0 0.0180556 0
0 0.659722 0 0.0194444 0
0 0.503472 0 0.0708333 0
0 0.350694 0 0.0180556 0
0 0.659722 0 0.0194444 0
0 0.503472 0 0.0708333 0
0 0.350694 0 0.0180556 0
0 0.659722 0 0.0194444 0
0 0.503472 0 0.0708333 0
0 0.350694 0 0.0180556 0
0 0.659722 0 0.0194444 0
0 0.503472 0 0.0708333 0
0 0.350694 0 0.0180556 0
0 0.659722 0 0.0194444 0
0 0.503472 0 0.0708333 0
0 0.350694 0 0.0180556 0
0 0.659722 0 0.0194444 0
0 0.503472 0 0.0708333 0
0 0.350694 0 0.0180556 0
0 0.659722 0 0.0194444 0
0 0.503472 0 0.0708333 0
0 0.350694 0 0.0180556 0
0 0.659722 0 0.0194444 0
0 0.820139 0 0.0208333 0
0 0.503472 0 0.0708333 0
0 0.659722 0 0.0194444 0
0 0.350694 0 0.0180556 0
0 0.816667 0 0.0194444 0
0 0.340278 0 0.0194444 0
0 0.765278 0 0.0583333 0
0 0.339583 0 0.0180556 0
0 0.654861 0 0.0208333 0
0 0.456944 0 0.0361111 0
0 0.761111 0 0.155556 0
0 0.654861 0 0.0208333 0
0 0.338194 0 0.0180556 0
0 0.817361 0 0.0208333 0
0 0.69375 0 0.170833 0
0 0.3375 0 0.0194444 0
0 0.654167 0 0.0222222 0
0 0.617361 0.5 0.170833 1
0 0.174306 0 0.0208333 0
0 0.3375 0 0.0194444 0
0 0.817361 0 0.0208333 0
0 0.654861 0 0.0208333 0
0 0.552083 1 0.1625 0
0 0.4875 0 0.0472222 0
0 0.336111 0 0.0194444 0
0 0.654167 0 0.0194444 0
0 0.4875 0 0.0472222 0
0 0.545833 1 0.147222 0
0 0.336111 0 0.0194444 0
0 0.654861 0 0.0208333 0
0 0.817361 0 0.0208333 0
0 0.334722 0 0.0194444 0
0 0.540972 1 0.129167 0
0 0.654861 0 0.0208333 0
0 0.169444 0 0.0194444 0
0 0.561806 1 0.176389 0
0 0.334028 0 0.0180556 0
0 0.81875 0 0.0208333 0
0 0.655556 0 0.0222222 0
0 0.169444 0 0.0194444 0
0 0.561806 1 0.176389 0
0 0.334028 0 0.0180556 0
0 0.81875 0 0.0208333 0
0 0.655556 0 0.0222222 0
0 0.452778 0 0.0361111 0
0 0.331944 0 0.0194444 0
0 0.820833 0 0.0194444 0
0 0.655556 0 0.0194444 0
0 0.164583 0 0.0208333 0
0 0.689583 0.5 0.0708333 1
0 0.822222 0 0.0222222 0
0 0.65625 0 0.0180556 0
0 0.330556 0 0.0222222 0
0 0.161806 0 0.0180556 0
0 0.820139 0 0.0708333 0
0 0.656944 0 0.0194444 0
0 0.327083 0 0.0208333 0
0 0.158333 0 0.0194444 0
0 0.829167 0 0.0222222 0
0 0.659028 0 0.0208333 0
0 0.157639 0 0.0208333 0
0 0.326389 0 0.0222222 0
0 0.829167 0 0.0222222 0
0 0.659028 0 0.0208333 0
0 0.495139 0 0.0736111 0
0 0.15 0 0.0194444 0
0 0.322917 0 0.0208333 0
0 0.661111 0 0.0222222 0
0 0.31875 0 0.0208333 0
0 0.557639 0 0.0486111 0
0 0.665278 0 0.0222222 0
0 0.1375 0 0.0194444 0
0 0.318056 0 0.0222222 0
0 0.557639 0 0.0486111 0
0 0.666667 0 0.0222222 0
0 0.557639 0 0.0486111 0
0 0.134722 0 0.0194444 0
0 0.315278 0 0.0222222 0
0 0.66875 0 0.0236111 0
0 0.719444 0 0.0722222 0
0 0.496528 0 0.0708333 0
0 0.313194 0 0.0208333 0
0 0.558333 0 0.05 0
0 0.670139 0 0.0208333 0
0 0.124306 0 0.0208333 0
0 0.857639 0 0.0236111 0
0 0.559722 0 0.0527778 0
0 0.311111 0 0.0222222 0
0 0.672917 0 0.0236111 0
0 0.861806 0 0.0236111 0
0 0.559722 0 0.0527778 0
0 0.497222 0 0.075 0
0 0.308333 0 0.0222222 0
0 0.674306 0 0.0236111 0
0 0.305556 0 0.0222222 0
0 0.865972 0 0.0236111 0
0 0.676389 0 0.0222222 0
0 0.561111 0 0.0555556 0
0 0.304861 0 0.0236111 0
0 0.113194 0 0.0236111 0
0 0.677778 0 0.0222222 0
0 0.1125 0 0.0222222 0
0 0.5625 0 0.0555556 0
0 0.86875 0 0.0236111 0
0 0.304861 0 0.0236111 0
0 0.678472 0 0.0236111 0
0 0.877778 0 0.0277778 0
0 0.3 0 0.0222222 0
0 0.681944 0 0.0222222 0
0 0.879861 0 0.0263889 0
0 0.298611 0 0.0222222 0
0 0.682639 0 0.0236111 0
0 0.296528 0 0.0236111 0
0 0.884722 0 0.0277778 0
0 0.685417 0 0.0236111 0
0 0.567361 0 0.0569444 0
0 0.293056 0 0.025 0
0 0.890278 0 0.0277778 0
0 0.688194 0 0.0236111 0
0 0.569444 0 0.0555556 0
0 0.895139 0 0.0263889 0
0 0.290278 0 0.025 0
0 0.690972 0 0.0263889 0
0 0.286806 0 0.0236111 0
0 0.569444 0 0.0583333 0
0 0.693056 0 0.025 0
0 0.545139 1 0.0152778 0
0 0.570833 0 0.0583333 0
0 0.902778 0 0.0277778 0
0 0.286111 0 0.025 0
0 0.695833 0 0.025 0
0 0.568056 1 0.0166667 0
0 0.570139 0 0.0597222 0
0 0.907639 0 0.0263889 0
0 0.284028 0 0.0263889 0
0 0.697222 0 0.025 0
0 0.911111 0 0.0277778 0
0 0.572222 0 0.0638889 0
0 0.279861 0 0.0263889 0
0 0.698611 0 0.0277778 0
0 0.921528 0 0.0291667 0
0 0.574306 0 0.0652778 0
0 0.275694 0 0.0263889 0
0 0.702083 0 0.0263889 0
0 0.492361 0 0.0708333 0
0 0.929861 0 0.0291667 0
0 0.271528 0 0.0263889 0
0 0.576389 0 0.0666667 0
0 0.706944 0 0.025 0
0 0.577778 0 0.0722222 0
0 0.266667 0 0.0277778 0
0 0.711111 0 0.0277778 0
0 0.945139 0 0.0319444 0
0 0.389583 0 0.0680556 0
0 0.578472 0 0.0680556 0
0 0.2625 0 0.0277778 0
0 0.714583 0 0.0291667 0
0 0.581944 0 0.075 0
0 0.252778 0 0.0277778 0
0 0.721528 0 0.0291667 0
0 0.38125 0 0.0819444 0
0 0.582639 0 0.0763889 0
0 0.248611 0 0.0305556 0
0 0.725 0 0.0305556 0
0 0.585417 0 0.0791667 0
0 0.377778 0 0.0833333 0
0 0.24375 0 0.0291667 0
0 0.729167 0 0.0305556 0
0 0.591667 0 0.0888889 0
0 0.369444 0 0.0916667 0
0 0.231944 0 0.0305556 0
0 0.738889 0 0.0305556 0
0 0.990278 0 0.0194444 0
0 0.368056 0 0.0972222 0
0 0.223611 0 0.0333333 0
0 0.59375 0 0.0930556 0
0 0.745139 0 0.0319444 0
0 0.548611 1 0.00833333 0
0 0.360417 0 0.106944 0
0 0.570139 1 0.0125 0
0 0.654167 1 0.025 0
0 0.597917 0 0.0986111 0
0 0.211806 0 0.0347222 0
0 0.754861 0 0.0347222 0
0 0.547222 1 0.0111111 0
0 0.602083 0 0.104167 0
0 0.470833 0 0.0138889 0
0 0.199306 0 0.0347222 0
0 0.765278 0 0.0361111 0
0 0.338194 0 0.1125 0
0 0.606944 0 0.111111 0
0 0.192361 0 0.0347222 0
0 0.770139 0 0.0347222 0
0 0.613194 0 0.123611 0
0 0.329861 0 0.118056 0
0 0.465972 0 0.0180556 0
0 0.779861 0 0.0347222 0
0 0.170139 0 0.0458333 0
0 0.525 1 0.0138889 0
0 0.786806 0 0.0375 0
0 0.4625 0 0.0194444 0
0 0.520139 1 0.0125 0
0 0.539583 1 0.0152778 0
0 0.460417 0 0.0180556 0
0 0.620833 0 0.0833333 0
0 0.299306 0 0.129167 0
0 0.616667 1 0.0277778 0
0 0.533333 1 0.0138889 0
0 0.563194 1 0.0180556 0
0 0.456944 0 0.0194444 0
0 0.724306 0 0.0986111 0
0 0.630556 0 0.127778 0
0 0.514583 1 0.00972222 0
0 0.622222 0 0.0861111 0
0 0.454861 0 0.0208333 0
0 0.575694 1 0.0208333 0
0 0.646528 1 0.0319444 0
0 0.538194 1 0.0152778 0
0 0.283333 0 0.136111 0
0 0.450694 0 0.0208333 0
0 0.549306 1 0.0180556 0
0 0.627083 0 0.0875 0
0 0.599306 1 0.0236111 0
0 0.520139 1 0.0125 0
0 0.279167 0 0.136111 0
0 0.545139 1 0.0180556 0
0 0.629167 0 0.0888889 0
0 0.447917 0 0.0208333 0
0 0.599306 1 0.0291667 0
0 0.51875 1 0.0152778 0
0 0.270139 0 0.143056 0
0 0.634028 0 0.0958333 0
0 0.559028 1 0.0208333 0
0 0.267361 0 0.143056 0
0 0.580556 1 0.0222222 0
0 0.530556 1 0.0138889 0
0 0.640278 0 0.102778 0
0 0.574306 1 0.0180556 0
0 0.523611 1 0.0138889 0
0 0.667361 1 0.0291667 0
0 0.946528 0 0.101389 0
0 0.688889 1 0.0361111 0
0 0.575 1 0.0194444 0
0 0.520139 1 0.0152778 0
0 0.566667 1 0.0222222 0
0 0.513194 1 0.0152778 0
0 0.688194 1 0.0402778 0
0 0.504861 1 0.0152778 0
0 0.554861 1 0.0236111 0
0 0.95 0 0.0944444 0
0 0.504861 1 0.0152778 0
0 0.554861 1 0.0236111 0
0 0.95 0 0.0944444 0
0 0.0243056 0 0.0486111 0
0 0.504861 1 0.0152778 0
0 0.554861 1 0.0236111 0
0 0.504861 1 0.0152778 0
0 0.554861 1 0.0236111 0
0 0.504861 1 0.0152778 0
0 0.554861 1 0.0236111 0
0 0.504861 1 0.0152778 0
0 0.554861 1 0.0236111 0
0 0.504861 1 0.0152778 0
0 0.554861 1 0.0236111 0
0 0.504861 1 0.0152778 0
0 0.554861 1 0.0236111 0
0 0.504861 1 0.0152778 0
0 0.554861 1 0.0236111 0
0 0.504861 1 0.0152778 0
0 0.554167 1 0.025 0
0 0.504861 1 0.0152778 0
0 0.554167 1 0.025 0
0 0.504861 1 0.0152778 0
0 0.554167 1 0.025 0
0 0.950694 0 0.0930556 0
0 0.504861 1 0.0152778 0
0 0.0256944 0 0.0513889 0
0 0.554167 1 0.025 0
0 0.504861 1 0.0152778 0
0 0.554167 1 0.025 0
0 0.951389 0 0.0916667 0
0 0.504861 1 0.0152778 0
0 0.0256944 0 0.0513889 0
0 0.554167 1 0.025 0
0 0.504861 1 0.0152778 0
0 0.554167 1 0.025 0
0 0.504861 1 0.0152778 0
0 0.554167 1 0.025 0
0 0.95 0 0.0944444 0
0 0.504861 1 0.0152778 0
0 0.554167 1 0.025 0
0 0.504861 1 0.0152778 0
0 0.554861 1 0.0236111 0
0 0.504861 1 0.0152778 0
0 0.554861 1 0.0236111 0
0 0.504861 1 0.0152778 0
0 0.554861 1 0.0236111 0
0 0.504861 1 0.0152778 0
0 0.554861 1 0.0236111 0
0 0.504861 1 0.0152778 0
0 0.554861 1 0.0236111 0
0 0.504861 1 0.0152778 0
0 0.554861 1 0.0236111 0
0 0.504861 1 0.0152778 0
0 0.554861 1 0.0236111 0
0 0.504861 1 0.0152778 0
0 0.554861 1 0.0236111 0
0 0.504861 1 0.0152778 0
0 0.554861 1 0.0236111 0
0 0.504861 1 0.0152778 0
0 0.0243056 0 0.0458333 0
0 0.554861 1 0.0236111 0
0 0.504861 1 0.0152778 0
0 0.0256944 0 0.0513889 0
0 0.554861 1 0.0236111 0
0 0.504861 1 0.0152778 0
0 0.554167 1 0.025 0
0 0.504861 1 0.0152778 0
0 0.554167 1 0.025 0
0 0.504861 1 0.0152778 0
0 0.554167 1 0.025 0
0 0.504861 1 0.0152778 0
0 0.554167 1 0.025 0
0 0.0256944 0 0.0513889 0
0 0.504861 1 0.0152778 0
0 0.554167 1 0.025 0
0 0.504861 1 0.0152778 0
0 0.554167 1 0.025 0
0 0.504861 1 0.0152778 0
0 0.554167 1 0.025 0
0 0.504861 1 0.0152778 0
0 0.554167 1 0.025 0
0 0.0256944 0 0.0513889 0
0 0.504861 1 0.0152778 0
0 0.554167 1 0.025 0
0 0.504861 1 0.0152778 0
0 0.554167 1 0.025 0
0 0.504861 1 0.0152778 0
0 0.554167 1 0.025 0
0 0.0256944 0 0.0513889 0
0 0.504861 1 0.0152778 0
0 0.554167 1 0.025 0
0 0.0256944 0 0.0513889 0
0 0.504861 1 0.0152778 0
0 0.554167 1 0.025 0
0 0.504861 1 0.0152778 0
0 0.554167 1 0.025 0
0 0.504861 1 0.0152778 0
0 0.554167 1 0.025 0
0 0.95 0 0.0944444 0
0 0.0243056 0 0.0458333 0
0 0.504861 1 0.0152778 0
0 0.554167 1 0.025 0
0 0.0256944 0 0.0513889 0
0 0.504861 1 0.0152778 0
0 0.554167 1 0.025 0
0 0.504861 1 0.0152778 0
0 0.554167 1 0.025 0
0 0.95 0 0.0944444 0
0 0.504861 1 0.0152778 0
0 0.554167 1 0.025 0
0 0.504861 1 0.0152778 0
0 0.554167 1 0.025 0
0 0.504861 1 0.0152778 0
0 0.554167 1 0.025 0
0 0.504861 1 0.0152778 0
0 0.554167 1 0.025 0
0 0.0256944 0 0.0513889 0
0 0.504861 1 0.0152778 0
0 0.554167 1 0.025 0
0 0.504861 1 0.0152778 0
0 0.554167 1 0.025 0
0 0.949306 0 0.0958333 0
0 0.504861 1 0.0152778 0
0 0.554167 1 0.025 0
0 0.504861 1 0.0152778 0
0 0.554167 1 0.025 0
0 0.504861 1 0.0152778 0
0 0.554167 1 0.025 0
0 0.504861 1 0.0152778 0
0 0.554167 1 0.025 0
0 0.95 0 0.0944444 0
0 0.504861 1 0.0152778 0
0 0.554167 1 0.025 0
