0 0.488194 0 0.0402778 0
0 0.478472 0 0.0430556 0
0 0.472917 0 0.0430556 0
0 0.469444 0 0.0416667 0
0 0.468056 0 0.0416667 0
0 0.465278 0 0.0416667 0
0 0.461806 0 0.0430556 0
0 0.459028 0 0.0430556 0
0 0.456944 0 0.0416667 0
0 0.455556 0 0.0388889 0
0 0.454167 0 0.0388889 0
0 0.454167 0 0.0388889 0
0 0.452083 0 0.0402778 0
0 0.452083 0 0.0402778 0
0 0.544444 0 0.0138889 0
0 0.45 0 0.0416667 0
0 0.449306 0 0.0402778 0
0 0.448611 0 0.0388889 0
0 0.447917 0 0.0402778 0
0 0.446528 0 0.0402778 0
0 0.446528 0 0.0402778 0
0 0.445139 0 0.0402778 0
0 0.336111 0 0.0166667 0
0 0.442361 0 0.0402778 0
0 0.441667 0 0.0388889 0
0 0.440278 0 0.0388889 0
0 0.440278 0 0.0388889 0
0 0.436806 0 0.0402778 0
0 0.435417 0 0.0402778 0
0 0.430556 0 0.0388889 0
0 0.429167 0 0.0388889 0
0 0.429167 0 0.0388889 0
0 0.55 0 0.0138889 0
0 0.427083 0 0.0402778 0
0 0.422917 0 0.0402778 0
0 0.420833 0 0.0416667 0
0 0.420833 0 0.0416667 0
0 0.340278 0 0.0138889 0
0 0.423611 0 0.0388889 0
0 0.340278 0 0.0138889 0
0 0.423611 0 0.0388889 0
0 0.429167 0 0.0388889 0
0 0.440278 0 0.0416667 0
0 0.342361 0 0.0152778 0
0 0.553472 0 0.0125 0
0 0.443056 0 0.0388889 0
0 0.341667 0 0.0138889 0
0 0.445833 0 0.0416667 0
0 0.341667 0 0.0138889 0
0 0.445833 0 0.0416667 0
0 0.449306 0 0.0458333 0
0 0.454861 0 0.0402778 0
0 0.459028 0 0.0402778 0
0 0.4625 0 0.0472222 0
0 0.4625 0 0.0472222 0
0 0.466667 0 0.0416667 0
0 0.469444 0 0.0416667 0
0 0.471528 0 0.0402778 0
0 0.558333 0 0.0138889 0
0 0.474306 0 0.0430556 0
0 0.558333 0 0.0138889 0
0 0.474306 0 0.0430556 0
0 0.476389 0 0.0416667 0
0 0.478472 0 0.0402778 0
0 0.48125 0 0.0402778 0
0 0.48125 0 0.0402778 0
0 0.484722 0 0.0444444 0
0 0.4875 0 0.0416667 0
0 0.490972 0 0.0430556 0
0 0.493056 0 0.0416667 0
0 0.454167 0 0.0472222 0
0 0.497917 0 0.0430556 0
0 0.454167 0 0.0472222 0
0 0.497917 0 0.0430556 0
0 0.455556 0 0.05 0
0 0.501389 0 0.0416667 0
0 0.504167 0 0.0416667 0
0 0.509028 0 0.0402778 0
0 0.456944 0 0.0472222 0
0 0.513194 0 0.0402778 0
0 0.458333 0 0.0472222 0
0 0.516667 0 0.0416667 0
0 0.521528 0 0.0430556 0
0 0.521528 0 0.0430556 0
0 0.522917 0 0.0402778 0
0 0.524306 0 0.0402778 0
0 0.523611 0 0.0416667 0
0 0.519444 0 0.0416667 0
0 0.519444 0 0.0416667 0
0 0.517361 0 0.0402778 0
0 0.515278 0 0.0416667 0
0 0.515278 0 0.0416667 0
0 0.515972 0 0.0402778 0
0 0.515972 0 0.0402778 0
0 0.516667 0 0.0416667 0
0 0.515278 0 0.0416667 0
0 0.515972 0 0.0402778 0
0 0.515972 0 0.0402778 0
0 0.518056 0 0.0388889 0
0 0.51875 0 0.0402778 0
0 0.520139 0 0.0375 0
0 0.522917 0 0.0375 0
0 0.524306 0 0.0375 0
0 0.524306 0 0.0375 0
0 0.5 0.5 0.05 1
0 0.5 0.5 0.05 1
0 0.500694 0.5 0.0486111 1
0 0.493056 0 0.0388889 0
0 0.486806 0 0.0402778 0
0 0.335417 0 0.0152778 0
0 0.484028 0 0.0402778 0
0 0.484028 0 0.0402778 0
0 0.480556 0 0.0416667 0
0 0.477778 0 0.0416667 0
0 0.477778 0 0.0416667 0
0 0.473611 0 0.0416667 0
0 0.469444 0 0.0416667 0
0 0.465972 0 0.0402778 0
0 0.4625 0 0.0416667 0
0 0.4625 0 0.0416667 0
0 0.334028 0 0.0152778 0
0 0.459722 0 0.0416667 0
0 0.455556 0 0.0388889 0
0 0.455556 0 0.0388889 0
0 0.454861 0 0.0402778 0
0 0.454167 0 0.0416667 0
0 0.454167 0 0.0416667 0
0 0.452778 0 0.0416667 0
0 0.543056 0 0.0138889 0
0 0.450694 0 0.0430556 0
0 0.334722 0 0.0138889 0
0 0.45 0 0.0416667 0
0 0.334722 0 0.0138889 0
0 0.45 0 0.0416667 0
0 0.447917 0 0.0458333 0
0 0.447917 0 0.0402778 0
0 0.446528 0 0.0402778 0
0 0.545833 0 0.0111111 0
0 0.445139 0 0.0402778 0
0 0.545833 0 0.0111111 0
0 0.445139 0 0.0402778 0
0 0.546528 0 0.0125 0
0 0.335417 0 0.0152778 0
0 0.44375 0 0.0402778 0
0 0.442361 0 0.0402778 0
0 0.440278 0 0.0388889 0
0 0.440278 0 0.0388889 0
0 0.438194 0 0.0402778 0
0 0.434722 0 0.0388889 0
0 0.43125 0 0.0402778 0
0 0.427778 0 0.0388889 0
0 0.427778 0 0.0388889 0
0 0.422917 0 0.0402778 0
0 0.422917 0 0.0402778 0
0 0.418056 0 0.0416667 0
0 0.418056 0 0.0416667 0
0 0.417361 0 0.0402778 0
0 0.419444 0 0.0388889 0
0 0.427778 0 0.0416667 0
0 0.427778 0 0.0416667 0
0 0.434028 0 0.0430556 0
0 0.436111 0 0.0416667 0
0 0.439583 0 0.0430556 0
0 0.442361 0 0.0430556 0
0 0.442361 0 0.0430556 0
0 0.444444 0 0.0444444 0
0 0.445139 0 0.0458333 0
0 0.446528 0 0.0458333 0
0 0.448611 0 0.05 0
0 0.448611 0 0.05 0
0 0.45 0 0.05 0
0 0.448611 0 0.0527778 0
0 0.447917 0 0.0541667 0
0 0.446528 0 0.0541667 0
0 0.446528 0 0.0541667 0
0 0.447222 0 0.0555556 0
0 0.447917 0 0.0513889 0
0 0.447917 0 0.0569444 0
0 0.447917 0 0.0569444 0
0 0.447917 0 0.0569444 0
0 0.445833 0 0.0583333 0
0 0.444444 0 0.0583333 0
0 0.443056 0 0.0583333 0
0 0.443056 0 0.0583333 0
0 0.435417 0 0.0902778 0
0 0.434028 0 0.0875 0
0 0.426389 0 0.05 0
0 0.420139 0 0.0625 0
0 0.417361 0 0.0597222 0
0 0.417361 0 0.0597222 0
0 0.414583 0 0.0569444 0
0 0.392361 0 0.0652778 0
0 0.392361 0 0.0652778 0
0 0.389583 0 0.0708333 0
0 0.386111 0 0.0694444 0
0 0.381944 0 0.0666667 0
0 0.375 0 0.0777778 0
0 0.502778 0.5 0.0555556 1
0 0.502778 0.5 0.0555556 1
0 0.502778 0.5 0.0555556 1
0 0.502778 0.5 0.0555556 1
0 0.502778 0.5 0.0555556 1
0 0.502778 0.5 0.0555556 1
0 0.502778 0.5 0.0555556 1
0 0.502778 0.5 0.0555556 1
0 0.502778 0.5 0.0555556 1
0 0.502778 0.5 0.0555556 1
0 0.502778 0.5 0.0555556 1
0 0.502778 0.5 0.0555556 1
0 0.502778 0.5 0.0555556 1
0 0.502778 0.5 0.0555556 1
0 0.502778 0.5 0.0555556 1
0 0.502778 0.5 0.0555556 1
0 0.502778 0.5 0.0555556 1
0 0.502778 0.5 0.0555556 1
0 0.502778 0.5 0.0555556 1
0 0.502778 0.5 0.0555556 1
0 0.502778 0.5 0.0555556 1
0 0.502778 0.5 0.0555556 1
0 0.502778 0.5 0.0555556 1
0 0.502778 0.5 0.0555556 1
0 0.502778 0.5 0.0555556 1
0 0.502778 0.5 0.0555556 1
0 0.503472 0.5 0.0541667 1
0 0.502778 0.5 0.0527778 1
0 0.502778 0.5 0.0527778 1
0 0.503472 0.5 0.0541667 1
0 0.503472 0.5 0.0541667 1
0 0.502778 0.5 0.0527778 1
0 0.502778 0.5 0.0527778 1
0 0.502778 0.5 0.0527778 1
0 0.502778 0.5 0.0527778 1
0 0.502778 0.5 0.0527778 1
0 0.502778 0.5 0.0527778 1
0 0.502778 0.5 0.0527778 1
0 0.502778 0.5 0.0527778 1
0 0.502778 0.5 0.0527778 1
0 0.502778 0.5 0.0527778 1
0 0.502778 0.5 0.0527778 1
0 0.502778 0.5 0.0527778 1
0 0.502778 0.5 0.0527778 1
0 0.502778 0.5 0.0527778 1
0 0.502778 0.5 0.0527778 1
0 0.502778 0.5 0.0527778 1
0 0.502083 0.5 0.0486111 1
0 0.502778 0.5 0.0527778 1
0 0.502778 0.5 0.0527778 1
0 0.503472 0.5 0.0541667 1
0 0.502778 0.5 0.0527778 1
0 0.502778 0.5 0.0527778 1
0 0.502778 0.5 0.0527778 1
0 0.502778 0.5 0.0527778 1
0 0.503472 0.5 0.0541667 1
0 0.503472 0.5 0.0541667 1
0 0.503472 0.5 0.0541667 1
0 0.503472 0.5 0.0541667 1
0 0.503472 0.5 0.0541667 1
