0 0.502083 0.5 0.0486111 1
0 0.500694 0.5 0.0486111 1
0 0.500694 0.5 0.0486111 1
0 0.501389 0.5 0.0583333 1
0 0.493056 0 0.0388889 0
0 0.4875 0 0.0416667 0
0 0.484028 0 0.0402778 0
0 0.480556 0 0.0416667 0
0 0.480556 0 0.0416667 0
0 0.476389 0 0.0416667 0
0 0.472917 0 0.0402778 0
0 0.470139 0 0.0430556 0
0 0.467361 0 0.0402778 0
0 0.464583 0 0.0402778 0
0 0.464583 0 0.0402778 0
0 0.464583 0 0.0402778 0
0 0.464583 0 0.0402778 0
0 0.464583 0 0.0402778 0
0 0.464583 0 0.0402778 0
0 0.4625 0 0.0416667 0
0 0.459722 0 0.0416667 0
0 0.456944 0 0.0416667 0
0 0.338889 0 0.0138889 0
0 0.454861 0 0.0402778 0
0 0.454167 0 0.0388889 0
0 0.452083 0.5 0.0402778 1
0 0.451389 0.5 0.0388889 1
0 0.451389 0.5 0.0388889 1
0 0.45 0.5 0.0388889 1
0 0.45 0.5 0.0388889 1
0 0.449306 0.5 0.0402778 1
0 0.341667 0 0.0138889 0
0 0.448611 1 0.0444444 0
0 0.448611 1 0.0444444 0
0 0.448611 1 0.0444444 0
0 0.448611 1 0.0444444 0
0 0.341667 0 0.0138889 0
0 0.448611 1 0.0444444 0
0 0.447917 1 0.0402778 0
0 0.343056 0 0.0138889 0
0 0.446528 1 0.0402778 0
0 0.446528 1 0.0402778 0
0 0.444444 1 0.0388889 0
0 0.44375 1 0.0402778 0
0 0.44375 1 0.0402778 0
0 0.441667 1 0.0388889 0
0 0.440278 1 0.0388889 0
0 0.438889 1 0.0388889 0
0 0.4375 1 0.0388889 0
0 0.4375 1 0.0388889 0
0 0.4375 1 0.0388889 0
0 0.4375 1 0.0388889 0
0 0.4375 1 0.0388889 0
0 0.436111 1 0.0444444 0
0 0.432639 1 0.0375 0
0 0.429167 1 0.0388889 0
0 0.427778 1 0.0388889 0
0 0.424306 1 0.0402778 0
0 0.424306 1 0.0402778 0
0 0.421528 1 0.0375 0
0 0.421528 1 0.0375 0
0 0.421528 1 0.0375 0
0 0.421528 1 0.0375 0
0 0.421528 1 0.0375 0
0 0.422222 1 0.0388889 0
0 0.422222 1 0.0388889 0
0 0.435417 0.5 0.0402778 1
0 0.435417 0.5 0.0402778 1
0 0.440972 0.5 0.0402778 1
0 0.444444 0.5 0.0388889 1
0 0.445139 0.5 0.0402778 1
0 0.445139 0.5 0.0402778 1
0 0.445139 0.5 0.0402778 1
0 0.445833 0.5 0.0388889 1
0 0.445833 0.5 0.0388889 1
0 0.447917 0.5 0.0375 1
0 0.452778 0.5 0.0388889 1
0 0.455556 0.5 0.0388889 1
0 0.460417 0 0.0402778 0
0 0.460417 0 0.0402778 0
0 0.4625 0 0.0416667 0
0 0.465278 0 0.0388889 0
0 0.467361 0 0.0402778 0
0 0.46875 0 0.0402778 0
0 0.469444 0 0.0388889 0
0 0.469444 0 0.0388889 0
0 0.470139 0 0.0402778 0
0 0.472222 0 0.0388889 0
0 0.474306 0 0.0402778 0
0 0.476389 0 0.0388889 0
0 0.477778 0 0.0388889 0
0 0.477778 0 0.0388889 0
0 0.479861 0 0.0375 0
0 0.482639 0 0.0375 0
0 0.484722 0 0.0388889 0
0 0.4875 0 0.0388889 0
0 0.488889 0 0.0388889 0
0 0.489583 0 0.0402778 0
0 0.489583 0 0.0402778 0
0 0.489583 0 0.0402778 0
0 0.489583 0 0.0402778 0
0 0.491667 0 0.0388889 0
0 0.495139 0 0.0375 0
0 0.498611 0 0.0388889 0
0 0.502083 0 0.0402778 0
0 0.505556 0 0.0388889 0
0 0.50625 0 0.0375 0
0 0.50625 0 0.0375 0
0 0.50625 0 0.0375 0
0 0.50625 0 0.0375 0
0 0.50625 0 0.0375 0
0 0.509722 0 0.0361111 0
0 0.509722 0 0.0361111 0
0 0.513889 0 0.0388889 0
0 0.518056 0 0.0361111 0
0 0.522222 0 0.0361111 0
0 0.524306 0 0.0375 0
0 0.524306 0 0.0375 0
0 0.524306 0 0.0375 0
0 0.524306 0 0.0375 0
0 0.524306 0 0.0375 0
0 0.524306 0 0.0375 0
0 0.524306 0 0.0375 0
0 0.521528 0 0.0375 0
0 0.51875 0 0.0347222 0
0 0.516667 0 0.0361111 0
0 0.516667 0 0.0361111 0
0 0.516667 0 0.0388889 0
0 0.517361 0 0.0375 0
0 0.465278 0 0.0527778 0
0 0.517361 0 0.0375 0
0 0.465278 0 0.0527778 0
0 0.517361 0 0.0375 0
0 0.465278 0 0.0527778 0
0 0.517361 0 0.0375 0
0 0.465278 0 0.0527778 0
0 0.517361 0 0.0375 0
0 0.465278 0 0.0527778 0
0 0.517361 0 0.0375 0
0 0.515972 0 0.0375 0
0 0.515972 0 0.0375 0
0 0.515972 0 0.0375 0
0 0.468056 0 0.05 0
0 0.517361 0 0.0375 0
0 0.518056 0 0.0361111 0
0 0.51875 0 0.0347222 0
0 0.51875 0 0.0347222 0
0 0.51875 0 0.0375 0
0 0.520139 0 0.0375 0
0 0.522222 0 0.0361111 0
0 0.522222 0 0.0361111 0
0 0.522222 0 0.0361111 0
0 0.522222 0 0.0361111 0
0 0.522222 0 0.0361111 0
0 0.522222 0 0.0361111 0
0 0.522917 0 0.0458333 0
0 0.525 0 0.0361111 0
0 0.525 0 0.0361111 0
0 0.527083 0 0.0375 0
0 0.528472 0 0.0375 0
0 0.528472 0 0.0375 0
0 0.528472 0 0.0375 0
0 0.528472 0 0.0375 0
0 0.528472 0 0.0375 0
0 0.528472 0 0.0375 0
0 0.528472 0 0.0375 0
0 0.529861 0 0.0375 0
0 0.53125 0 0.0347222 0
0 0.53125 0 0.0347222 0
0 0.531944 0 0.0361111 0
0 0.533333 0 0.0361111 0
0 0.535417 0 0.0347222 0
0 0.984028 1 0.0319444 0
0 0.984028 0 0.0263889 0
0 0.967361 1 0.0625 0
0 0.997222 0 0.00555556 0
0 0.500694 0.5 0.0513889 1
0 0.493056 0 0.0416667 0
0 0.4875 0 0.0416667 0
0 0.484028 0 0.0402778 0
0 0.480556 0 0.0416667 0
0 0.477778 0 0.0416667 0
0 0.473611 0 0.0416667 0
0 0.470833 0 0.0416667 0
0 0.467361 0 0.0402778 0
0 0.465972 0 0.0402778 0
0 0.464583 0 0.0402778 0
0 0.4625 0 0.0416667 0
0 0.461111 0 0.0388889 0
0 0.459722 0 0.0416667 0
0 0.456944 0 0.0416667 0
0 0.454167 0 0.0388889 0
0 0.454167 0 0.0388889 0
0 0.454167 0 0.0388889 0
0 0.454167 0 0.0388889 0
0 0.338889 0 0.0138889 0
0 0.454167 0 0.0388889 0
0 0.453472 0.5 0.0402778 1
0 0.453472 0.5 0.0402778 1
0 0.340278 0 0.0138889 0
0 0.452083 0.5 0.0402778 1
0 0.451389 0.5 0.0388889 1
0 0.45 0.5 0.0388889 1
0 0.449306 0.5 0.0402778 1
0 0.341667 0 0.0138889 0
0 0.448611 1 0.0416667 0
0 0.447222 1 0.0388889 0
0 0.343056 0 0.0138889 0
0 0.445833 1 0.0416667 0
0 0.343056 0 0.0138889 0
0 0.445833 1 0.0416667 0
0 0.44375 1 0.0402778 0
0 0.44375 1 0.0402778 0
0 0.443056 1 0.0388889 0
0 0.441667 1 0.0388889 0
0 0.440972 1 0.0375 0
0 0.440972 1 0.0375 0
0 0.440972 1 0.0375 0
0 0.440972 1 0.0375 0
0 0.440278 1 0.0388889 0
0 0.438194 1 0.0402778 0
0 0.345139 0 0.0125 0
0 0.436111 1 0.0444444 0
0 0.434028 1 0.0375 0
0 0.434028 1 0.0375 0
0 0.429861 1 0.0375 0
0 0.427778 1 0.0388889 0
0 0.425 1 0.0388889 0
0 0.423611 1 0.0388889 0
0 0.421528 1 0.0375 0
0 0.421528 1 0.0375 0
0 0.421528 1 0.0375 0
0 0.421528 1 0.0375 0
0 0.422222 1 0.0388889 0
0 0.422917 1 0.0402778 0
0 0.427778 1 0.0388889 0
0 0.434028 0.5 0.0402778 1
0 0.436806 0.5 0.0402778 1
0 0.440972 0.5 0.0402778 1
0 0.444444 0.5 0.0388889 1
0 0.445833 0.5 0.0416667 1
0 0.447917 0.5 0.0375 1
0 0.450694 0.5 0.0402778 1
0 0.450694 0.5 0.0402778 1
0 0.459028 0.5 0.0402778 1
0 0.459028 0.5 0.0402778 1
0 0.460417 0 0.0402778 0
0 0.4625 0 0.0416667 0
0 0.4625 0 0.0416667 0
0 0.4625 0 0.0416667 0
0 0.4625 0 0.0416667 0
0 0.464583 0 0.0402778 0
0 0.466667 0 0.0388889 0
0 0.46875 0 0.0402778 0
0 0.472222 0 0.0388889 0
0 0.473611 0 0.0416667 0
0 0.473611 0 0.0416667 0
0 0.476389 0 0.0388889 0
0 0.480556 0 0.0388889 0
0 0.480556 0 0.0388889 0
0 0.483333 0 0.0388889 0
0 0.484028 0 0.0375 0
0 0.484028 0 0.0375 0
0 0.358333 0 0.0138889 0
0 0.484028 0 0.0375 0
0 0.484722 0 0.0388889 0
0 0.486806 0 0.0402778 0
0 0.489583 0 0.0402778 0
0 0.492361 0 0.0375 0
0 0.495833 0 0.0388889 0
0 0.495833 0 0.0388889 0
0 0.498611 0 0.0388889 0
0 0.5 0 0.0388889 0
0 0.5 0 0.0388889 0
0 0.5 0 0.0388889 0
0 0.5 0 0.0388889 0
0 0.5 0 0.0388889 0
0 0.502778 0 0.0388889 0
0 0.507639 0 0.0375 0
0 0.510417 0 0.0375 0
0 0.513889 0 0.0388889 0
0 0.517361 0 0.0375 0
0 0.520833 0 0.0388889 0
0 0.523611 0 0.0361111 0
0 0.524306 0 0.0375 0
0 0.524306 0 0.0375 0
0 0.524306 0 0.0375 0
0 0.524306 0 0.0375 0
0 0.524306 0 0.0375 0
0 0.523611 0 0.0388889 0
0 0.523611 0 0.0388889 0
0 0.520139 0 0.0347222 0
0 0.517361 0 0.0375 0
0 0.516667 0 0.0361111 0
0 0.515972 0 0.0375 0
0 0.516667 0 0.0361111 0
0 0.518056 0 0.0361111 0
0 0.516667 0 0.0388889 0
0 0.465278 0 0.0527778 0
0 0.516667 0 0.0361111 0
0 0.465278 0 0.0527778 0
0 0.516667 0 0.0361111 0
0 0.465278 0 0.0527778 0
0 0.516667 0 0.0361111 0
0 0.465278 0 0.05 0
0 0.516667 0 0.0361111 0
0 0.516667 0 0.0361111 0
0 0.515972 0 0.0375 0
0 0.517361 0 0.0375 0
0 0.517361 0 0.0375 0
0 0.466667 0 0.05 0
0 0.517361 0 0.0375 0
0 0.51875 0 0.0347222 0
0 0.51875 0 0.0375 0
0 0.470139 0 0.0513889 0
0 0.519444 0 0.0361111 0
0 0.520139 0 0.0347222 0
0 0.522917 0 0.0375 0
0 0.523611 0 0.0361111 0
0 0.524306 0 0.0375 0
0 0.524306 0 0.0375 0
0 0.524306 0 0.0375 0
0 0.524306 0 0.0375 0
0 0.524306 0 0.0375 0
0 0.524306 0 0.0375 0
0 0.525 0 0.0361111 0
0 0.527083 0 0.0375 0
0 0.527778 0 0.0361111 0
0 0.528472 0 0.0375 0
0 0.529167 0 0.0361111 0
0 0.530556 0 0.0361111 0
0 0.530556 0 0.0361111 0
0 0.531944 0 0.0361111 0
0 0.531944 0 0.0361111 0
0 0.531944 0 0.0361111 0
0 0.531944 0 0.0361111 0
0 0.531944 0 0.0361111 0
0 0.532639 0 0.0347222 0
0 0.534028 0 0.0375 0
0 0.536806 0 0.0430556 0
0 0.422917 0 0.0569444 0
0 0.495833 0 0.0388889 0
0 0.490278 0 0.0416667 0
0 0.485417 0 0.0402778 0
0 0.485417 0 0.0402778 0
0 0.485417 0 0.0402778 0
0 0.482639 0 0.0402778 0
0 0.478472 0 0.0402778 0
0 0.478472 0 0.0402778 0
0 0.475 0 0.0416667 0
0 0.471528 0 0.0430556 0
0 0.465972 0 0.0402778 0
0 0.464583 0 0.0402778 0
0 0.464583 0 0.0402778 0
0 0.463889 0 0.0416667 0
0 0.463889 0 0.0416667 0
0 0.4625 0 0.0416667 0
0 0.461111 0 0.0416667 0
0 0.459028 0 0.0402778 0
0 0.45625 0 0.0402778 0
0 0.454861 0 0.0402778 0
0 0.453472 0.5 0.0402778 1
0 0.451389 0.5 0.0388889 1
0 0.450694 0.5 0.0402778 1
0 0.45 0.5 0.0416667 1
0 0.449306 0.5 0.0402778 1
0 0.448611 1 0.0444444 0
0 0.341667 0 0.0138889 0
0 0.448611 1 0.0416667 0
0 0.446528 1 0.0402778 0
0 0.343056 0 0.0138889 0
0 0.445833 1 0.0416667 0
0 0.343056 0 0.0138889 0
0 0.445833 1 0.0416667 0
0 0.44375 1 0.0402778 0
0 0.44375 1 0.0402778 0
0 0.44375 1 0.0402778 0
0 0.44375 1 0.0402778 0
0 0.44375 1 0.0402778 0
0 0.443056 1 0.0388889 0
0 0.441667 1 0.0388889 0
0 0.440278 1 0.0388889 0
0 0.440278 1 0.0388889 0
0 0.438194 1 0.0402778 0
0 0.436111 1 0.0444444 0
0 0.345833 0 0.0138889 0
0 0.433333 1 0.0388889 0
0 0.430556 1 0.0388889 0
0 0.429167 1 0.0388889 0
0 0.422917 1 0.0402778 0
0 0.422917 1 0.0402778 0
0 0.421528 1 0.0375 0
0 0.421528 1 0.0375 0
0 0.421528 1 0.0375 0
0 0.421528 1 0.0375 0
0 0.421528 1 0.0375 0
0 0.422222 1 0.0388889 0
0 0.423611 1 0.0388889 0
0 0.423611 1 0.0388889 0
0 0.430556 0.5 0.0388889 1
0 0.438194 0.5 0.0402778 1
0 0.441667 0.5 0.0416667 1
0 0.445139 0.5 0.0402778 1
0 0.447222 0.5 0.0388889 1
0 0.45 0.5 0.0388889 1
0 0.45 0.5 0.0388889 1
0 0.45 0.5 0.0388889 1
0 0.45 0.5 0.0388889 1
0 0.45 0.5 0.0388889 1
0 0.454167 0.5 0.0388889 1
0 0.456944 0.5 0.0416667 1
0 0.461111 0 0.0416667 0
0 0.4625 0 0.0416667 0
0 0.465278 0 0.0388889 0
0 0.467361 0 0.0402778 0
0 0.470139 0 0.0375 0
0 0.472222 0 0.0388889 0
0 0.473611 0 0.0416667 0
0 0.473611 0 0.0416667 0
0 0.477083 0 0.0402778 0
0 0.479167 0 0.0388889 0
0 0.478472 0 0.0375 0
0 0.478472 0 0.0375 0
0 0.478472 0 0.0375 0
0 0.479861 0 0.0375 0
0 0.48125 0 0.0375 0
0 0.484722 0 0.0388889 0
0 0.484722 0 0.0388889 0
0 0.486806 0 0.0402778 0
0 0.489583 0 0.0402778 0
0 0.492361 0 0.0375 0
0 0.495139 0 0.0375 0
0 0.498611 0 0.0388889 0
0 0.5 0 0.0388889 0
0 0.5 0 0.0388889 0
0 0.5 0 0.0388889 0
0 0.5 0 0.0388889 0
0 0.500694 0 0.0402778 0
0 0.500694 0 0.0402778 0
0 0.503472 0 0.0375 0
0 0.50625 0 0.0402778 0
0 0.509722 0 0.0361111 0
0 0.513889 0 0.0388889 0
0 0.517361 0 0.0375 0
0 0.520833 0 0.0388889 0
0 0.522917 0 0.0375 0
0 0.524306 0 0.0375 0
0 0.524306 0 0.0375 0
0 0.524306 0 0.0375 0
0 0.524306 0 0.0375 0
0 0.523611 0 0.0388889 0
0 0.522917 0 0.0375 0
0 0.519444 0 0.0361111 0
0 0.516667 0 0.0361111 0
0 0.516667 0 0.0361111 0
0 0.516667 0 0.0361111 0
0 0.515972 0 0.0375 0
0 0.516667 0 0.0361111 0
0 0.516667 0 0.0361111 0
0 0.516667 0 0.0361111 0
0 0.517361 0 0.0375 0
0 0.517361 0 0.0375 0
0 0.465278 0 0.05 0
0 0.517361 0 0.0347222 0
0 0.516667 0 0.0361111 0
0 0.515972 0 0.0375 0
0 0.466667 0 0.05 0
0 0.517361 0 0.0375 0
0 0.518056 0 0.0361111 0
0 0.519444 0 0.0361111 0
0 0.51875 0 0.0347222 0
0 0.51875 0 0.0347222 0
0 0.518056 0 0.0361111 0
0 0.51875 0 0.0375 0
0 0.518056 0 0.0361111 0
0 0.519444 0 0.0361111 0
0 0.520139 0 0.0347222 0
0 0.522917 0 0.0347222 0
0 0.522917 0 0.0347222 0
0 0.522222 0 0.0472222 0
0 0.524306 0 0.0375 0
0 0.525 0 0.0361111 0
0 0.526389 0 0.0361111 0
0 0.527778 0 0.0361111 0
0 0.528472 0 0.0375 0
0 0.529167 0 0.0388889 0
0 0.529861 0 0.0375 0
0 0.529861 0 0.0375 0
0 0.530556 0 0.0361111 0
0 0.530556 0 0.0361111 0
0 0.530556 0 0.0361111 0
0 0.530556 0 0.0361111 0
0 0.53125 0 0.0347222 0
0 0.531944 0 0.0361111 0
0 0.531944 0 0.0361111 0
0 0.531944 0 0.0361111 0
0 0.535417 0 0.0375 0
0 0.496528 0 0.0513889 0
0 0.496528 0 0.0513889 0
0 0.496528 0 0.0513889 0
0 0.496528 0 0.0513889 0
0 0.496528 0 0.0513889 0
0 0.496528 0 0.0513889 0
0 0.496528 0 0.0569444 0
0 0.496528 0 0.0541667 0
