0 0.639583 0 0.00972222 0
0 0.584722 1 0.0361111 0
0 0.639583 0 0.00972222 0
0 0.584722 1 0.0361111 0
0 0.424306 0 0.0125 0
0 0.584722 1 0.0361111 0
0 0.639583 0 0.00972222 0
0 0.584722 1 0.0361111 0
0 0.639583 0 0.00972222 0
0 0.584722 1 0.0361111 0
0 0.424306 0 0.0125 0
0 0.583333 1 0.0361111 0
0 0.424306 0 0.0125 0
0 0.583333 1 0.0361111 0
0 0.583333 1 0.0361111 0
0 0.424306 0 0.0125 0
0 0.583333 1 0.0361111 0
0 0.638889 0 0.0111111 0
0 0.581944 1 0.0361111 0
0 0.638889 0 0.0111111 0
0 0.580556 1 0.0361111 0
0 0.638889 0 0.0111111 0
0 0.580556 1 0.0361111 0
0 0.638889 0 0.0111111 0
0 0.580556 1 0.0361111 0
0 0.638889 0 0.0111111 0
0 0.580556 1 0.0361111 0
0 0.638889 0 0.0111111 0
0 0.580556 1 0.0361111 0
0 0.638194 0 0.00972222 0
0 0.579167 1 0.0361111 0
0 0.638194 0 0.00972222 0
0 0.579167 1 0.0361111 0
0 0.638194 0 0.00972222 0
0 0.422917 0 0.0125 0
0 0.579167 1 0.0361111 0
0 0.423611 0 0.0138889 0
0 0.638194 0 0.00972222 0
0 0.579167 1 0.0361111 0
0 0.638194 0 0.00972222 0
0 0.422917 0 0.0125 0
0 0.579167 1 0.0361111 0
0 0.6375 0 0.0111111 0
0 0.577778 1 0.0361111 0
0 0.6375 0 0.0111111 0
0 0.577778 1 0.0361111 0
0 0.423611 0 0.0138889 0
0 0.6375 0 0.0111111 0
0 0.577778 1 0.0361111 0
0 0.6375 0 0.0111111 0
0 0.577778 1 0.0361111 0
0 0.6375 0 0.0111111 0
0 0.422917 0 0.0125 0
0 0.577778 1 0.0361111 0
0 0.6375 0 0.0111111 0
0 0.422917 0 0.0125 0
0 0.577083 1 0.0375 0
0 0.422917 0 0.0125 0
0 0.576389 1 0.0361111 0
0 0.422917 0 0.0152778 0
0 0.6375 0 0.0111111 0
0 0.576389 1 0.0361111 0
0 0.422917 0 0.0152778 0
0 0.6375 0 0.0111111 0
0 0.576389 1 0.0361111 0
0 0.423611 0 0.0138889 0
0 0.6375 0 0.0111111 0
0 0.576389 1 0.0361111 0
0 0.6375 0 0.0138889 0
0 0.576389 1 0.0361111 0
0 0.636806 0 0.0125 0
0 0.573611 1 0.0388889 0
0 0.422222 0 0.0138889 0
0 0.636111 0 0.0111111 0
0 0.573611 1 0.0416667 0
0 0.636806 0 0.0125 0
0 0.573611 1 0.0416667 0
0 0.636806 0 0.0125 0
0 0.573611 1 0.0416667 0
0 0.422222 0 0.0138889 0
0 0.573611 1 0.0416667 0
0 0.636111 0 0.0111111 0
0 0.422222 0 0.0138889 0
0 0.573611 1 0.0361111 0
0 0.636111 0 0.0111111 0
0 0.422222 0 0.0138889 0
0 0.572222 1 0.0361111 0
0 0.636111 0 0.0111111 0
0 0.422222 0 0.0138889 0
0 0.572222 1 0.0361111 0
0 0.422222 0 0.0138889 0
0 0.636111 0 0.0111111 0
0 0.572222 1 0.0361111 0
0 0.636111 0 0.0111111 0
0 0.422222 0 0.0138889 0
0 0.572222 1 0.0361111 0
0 0.422222 0 0.0138889 0
0 0.636111 0 0.0111111 0
0 0.572222 1 0.0361111 0
0 0.634722 0 0.0111111 0
0 0.421528 0 0.0125 0
0 0.572222 1 0.0361111 0
0 0.634722 0 0.0111111 0
0 0.421528 0 0.0125 0
0 0.572222 1 0.0361111 0
0 0.634722 0 0.0111111 0
0 0.421528 0 0.0125 0
0 0.572222 1 0.0361111 0
0 0.634722 0 0.0111111 0
0 0.421528 0 0.0125 0
0 0.572222 1 0.0361111 0
0 0.634722 0 0.0111111 0
0 0.420833 0 0.0138889 0
0 0.570833 1 0.0361111 0
0 0.634722 0 0.0111111 0
0 0.420833 0 0.0138889 0
0 0.570833 1 0.0361111 0
0 0.420833 0 0.0138889 0
0 0.570833 1 0.0361111 0
0 0.634722 0 0.0111111 0
0 0.420833 0 0.0138889 0
0 0.570833 1 0.0361111 0
0 0.420833 0 0.0138889 0
0 0.570833 1 0.0361111 0
0 0.420139 0 0.0125 0
0 0.569444 1 0.0361111 0
0 0.634028 0 0.00972222 0
0 0.420139 0 0.0125 0
0 0.56875 1 0.0347222 0
0 0.634028 0 0.00972222 0
0 0.420139 0 0.0125 0
0 0.56875 1 0.0347222 0
0 0.633333 0 0.0111111 0
0 0.420139 0 0.0125 0
0 0.56875 1 0.0347222 0
0 0.634722 0 0.0111111 0
0 0.420139 0 0.0125 0
0 0.56875 1 0.0347222 0
0 0.419444 0 0.0111111 0
0 0.567361 1 0.0347222 0
0 0.419444 0 0.0111111 0
0 0.633333 0 0.0111111 0
0 0.567361 1 0.0347222 0
0 0.633333 0 0.0111111 0
0 0.419444 0 0.0111111 0
0 0.567361 1 0.0347222 0
0 0.419444 0 0.0111111 0
0 0.633333 0 0.0111111 0
0 0.567361 1 0.0347222 0
0 0.633333 0 0.0111111 0
0 0.419444 0 0.0111111 0
0 0.567361 1 0.0347222 0
0 0.634028 0 0.0125 0
0 0.419444 0 0.0111111 0
0 0.567361 1 0.0347222 0
0 0.634028 0 0.0125 0
0 0.41875 0 0.0125 0
0 0.566667 1 0.0361111 0
0 0.633333 0 0.0111111 0
0 0.41875 0 0.0125 0
0 0.566667 1 0.0361111 0
0 0.633333 0 0.0111111 0
0 0.41875 0 0.0125 0
0 0.566667 1 0.0361111 0
0 0.633333 0 0.0111111 0
0 0.41875 0 0.0125 0
0 0.566667 1 0.0361111 0
0 0.632639 0 0.0125 0
0 0.41875 0 0.0125 0
0 0.565972 1 0.0347222 0
0 0.633333 0 0.0111111 0
0 0.41875 0 0.0125 0
0 0.565972 1 0.0347222 0
0 0.633333 0 0.0111111 0
0 0.418056 0 0.0111111 0
0 0.565972 1 0.0347222 0
0 0.633333 0 0.0111111 0
0 0.41875 0 0.0125 0
0 0.565972 1 0.0347222 0
0 0.633333 0 0.0111111 0
0 0.41875 0 0.0125 0
0 0.565972 1 0.0347222 0
0 0.633333 0 0.0111111 0
0 0.41875 0 0.0125 0
0 0.565972 1 0.0347222 0
0 0.41875 0 0.0125 0
0 0.566667 1 0.0361111 0
0 0.418056 0 0.0111111 0
0 0.633333 0 0.0111111 0
0 0.565972 1 0.0347222 0
0 0.418056 0 0.0111111 0
0 0.633333 0 0.0111111 0
0 0.565972 1 0.0347222 0
0 0.418056 0 0.0111111 0
0 0.565972 1 0.0375 0
0 0.565972 1 0.0347222 0
0 0.418056 0 0.0111111 0
0 0.565972 1 0.0347222 0
0 0.418056 0 0.0111111 0
0 0.565972 1 0.0347222 0
0 0.565972 1 0.0347222 0
0 0.566667 1 0.0361111 0
0 0.632639 0 0.0125 0
0 0.41875 0 0.0125 0
0 0.565972 1 0.0347222 0
0 0.565972 1 0.0347222 0
0 0.41875 0 0.0125 0
0 0.565972 1 0.0347222 0
0 0.418056 0 0.0111111 0
0 0.565972 1 0.0347222 0
0 0.41875 0 0.0125 0
0 0.565972 1 0.0347222 0
0 0.41875 0 0.0125 0
0 0.565972 1 0.0347222 0
0 0.418056 0 0.0111111 0
0 0.632639 0 0.0125 0
0 0.565972 1 0.0347222 0
0 0.632639 0 0.0125 0
0 0.565972 1 0.0347222 0
0 0.418056 0 0.0111111 0
0 0.633333 0 0.0111111 0
0 0.565972 1 0.0347222 0
0 0.565972 1 0.0347222 0
0 0.633333 0 0.0111111 0
0 0.41875 0 0.0125 0
0 0.566667 1 0.0361111 0
0 0.418056 0 0.0111111 0
0 0.566667 1 0.0361111 0
0 0.633333 0 0.0111111 0
0 0.41875 0 0.0125 0
0 0.566667 1 0.0361111 0
0 0.41875 0 0.0125 0
0 0.566667 1 0.0361111 0
0 0.632639 0 0.0125 0
0 0.41875 0 0.0125 0
0 0.565972 1 0.0347222 0
0 0.632639 0 0.0125 0
0 0.41875 0 0.0125 0
0 0.565972 1 0.0347222 0
0 0.41875 0 0.0125 0
0 0.632639 0 0.0125 0
0 0.565972 1 0.0347222 0
0 0.41875 0 0.0125 0
0 0.632639 0 0.0125 0
0 0.565972 1 0.0347222 0
0 0.41875 0 0.0125 0
0 0.632639 0 0.0125 0
0 0.565972 1 0.0347222 0
0 0.41875 0 0.0125 0
0 0.632639 0 0.0125 0
0 0.565972 1 0.0347222 0
0 0.41875 0 0.0125 0
0 0.633333 0 0.0111111 0
0 0.566667 1 0.0361111 0
0 0.41875 0 0.0125 0
0 0.633333 0 0.0111111 0
0 0.566667 1 0.0361111 0
0 0.41875 0 0.0125 0
0 0.633333 0 0.0111111 0
0 0.566667 1 0.0361111 0
0 0.633333 0 0.0111111 0
0 0.41875 0 0.0125 0
0 0.566667 1 0.0361111 0
0 0.41875 0 0.0125 0
0 0.633333 0 0.0111111 0
0 0.566667 1 0.0361111 0
0 0.634028 0 0.0125 0
0 0.41875 0 0.0125 0
0 0.566667 1 0.0361111 0
0 0.633333 0 0.0111111 0
0 0.419444 0 0.0111111 0
0 0.566667 1 0.0361111 0
0 0.633333 0 0.0111111 0
0 0.41875 0 0.0125 0
0 0.566667 1 0.0361111 0
0 0.419444 0 0.0111111 0
0 0.633333 0 0.0111111 0
0 0.566667 1 0.0361111 0
0 0.633333 0 0.0111111 0
0 0.41875 0 0.0125 0
0 0.566667 1 0.0361111 0
0 0.634028 0 0.0125 0
0 0.419444 0 0.0111111 0
0 0.566667 1 0.0361111 0
0 0.633333 0 0.0111111 0
0 0.419444 0 0.0111111 0
0 0.566667 1 0.0361111 0
0 0.632639 0 0.0125 0
0 0.419444 0 0.0111111 0
0 0.566667 1 0.0361111 0
0 0.634028 0 0.0125 0
0 0.419444 0 0.0111111 0
0 0.566667 1 0.0361111 0
0 0.634028 0 0.0125 0
0 0.419444 0 0.0111111 0
0 0.566667 1 0.0361111 0
0 0.420139 0 0.0125 0
0 0.633333 0 0.0111111 0
0 0.566667 1 0.0361111 0
0 0.420139 0 0.0125 0
0 0.633333 0 0.0111111 0
0 0.566667 1 0.0361111 0
0 0.420139 0 0.0125 0
0 0.633333 0 0.0111111 0
0 0.566667 1 0.0361111 0
0 0.633333 0 0.0111111 0
0 0.420139 0 0.0125 0
0 0.566667 1 0.0361111 0
0 0.633333 0 0.0111111 0
0 0.419444 0 0.0111111 0
0 0.566667 1 0.0361111 0
0 0.420139 0 0.0125 0
0 0.634028 0 0.0125 0
0 0.567361 1 0.0347222 0
0 0.634028 0 0.0125 0
0 0.420139 0 0.0125 0
0 0.567361 1 0.0347222 0
0 0.634028 0 0.0125 0
0 0.420139 0 0.0125 0
0 0.567361 1 0.0347222 0
0 0.420139 0 0.0125 0
0 0.567361 1 0.0347222 0
0 0.633333 0 0.0111111 0
0 0.420139 0 0.0125 0
0 0.567361 1 0.0347222 0
0 0.634028 0 0.0125 0
0 0.420139 0 0.0125 0
0 0.568056 1 0.0333333 0
0 0.634028 0 0.0125 0
0 0.420139 0 0.0125 0
0 0.568056 1 0.0333333 0
0 0.420139 0 0.0125 0
0 0.568056 1 0.0333333 0
0 0.420139 0 0.0125 0
0 0.568056 1 0.0333333 0
0 0.634028 0 0.0125 0
0 0.420139 0 0.0125 0
0 0.56875 1 0.0347222 0
0 0.634028 0 0.0125 0
0 0.420833 0 0.0138889 0
0 0.56875 1 0.0347222 0
0 0.634028 0 0.0125 0
0 0.420139 0 0.0125 0
0 0.56875 1 0.0347222 0
0 0.634028 0 0.0125 0
0 0.420833 0 0.0138889 0
0 0.56875 1 0.0347222 0
0 0.634028 0 0.0125 0
0 0.420139 0 0.0125 0
0 0.56875 1 0.0347222 0
0 0.634028 0 0.0125 0
0 0.420139 0 0.0125 0
0 0.569444 1 0.0333333 0
0 0.634028 0 0.0125 0
0 0.420139 0 0.0125 0
0 0.569444 1 0.0333333 0
0 0.420139 0 0.0125 0
0 0.569444 1 0.0333333 0
0 0.634028 0 0.0125 0
0 0.420139 0 0.0125 0
0 0.569444 1 0.0333333 0
0 0.634028 0 0.0125 0
0 0.420139 0 0.0125 0
0 0.569444 1 0.0333333 0
0 0.420139 0 0.0125 0
0 0.569444 1 0.0333333 0
0 0.420139 0 0.0125 0
0 0.569444 1 0.0333333 0
0 0.634028 0 0.0125 0
0 0.420833 0 0.0138889 0
0 0.570139 1 0.0347222 0
0 0.634722 0 0.0111111 0
0 0.420833 0 0.0138889 0
0 0.570139 1 0.0347222 0
0 0.634028 0 0.0125 0
0 0.420833 0 0.0138889 0
0 0.570139 1 0.0347222 0
0 0.634722 0 0.0111111 0
0 0.420833 0 0.0138889 0
0 0.570139 1 0.0347222 0
0 0.634722 0 0.0111111 0
0 0.420833 0 0.0138889 0
0 0.570139 1 0.0347222 0
0 0.634722 0 0.0111111 0
0 0.421528 0 0.0125 0
0 0.570139 1 0.0347222 0
0 0.634722 0 0.0111111 0
0 0.420833 0 0.0138889 0
0 0.570139 1 0.0347222 0
0 0.634722 0 0.0111111 0
0 0.421528 0 0.0125 0
0 0.570139 1 0.0347222 0
0 0.634722 0 0.0111111 0
0 0.420833 0 0.0138889 0
0 0.570139 1 0.0347222 0
0 0.634722 0 0.0111111 0
0 0.420833 0 0.0138889 0
0 0.570833 1 0.0361111 0
0 0.634722 0 0.0111111 0
0 0.420833 0 0.0138889 0
0 0.571528 1 0.0347222 0
0 0.420833 0 0.0138889 0
0 0.571528 1 0.0347222 0
0 0.635417 0 0.0125 0
0 0.421528 0 0.0125 0
0 0.571528 1 0.0347222 0
0 0.634722 0 0.0111111 0
0 0.420833 0 0.0138889 0
0 0.571528 1 0.0347222 0
0 0.421528 0 0.0125 0
0 0.634722 0 0.0111111 0
0 0.571528 1 0.0347222 0
0 0.422222 0 0.0138889 0
0 0.634722 0 0.0111111 0
0 0.572222 1 0.0361111 0
0 0.422222 0 0.0138889 0
0 0.634722 0 0.0111111 0
0 0.572222 1 0.0361111 0
0 0.422222 0 0.0138889 0
0 0.634722 0 0.0111111 0
0 0.572222 1 0.0361111 0
0 0.422222 0 0.0138889 0
0 0.634722 0 0.0111111 0
0 0.572222 1 0.0361111 0
0 0.422222 0 0.0138889 0
0 0.634722 0 0.0111111 0
0 0.572222 1 0.0361111 0
0 0.572917 1 0.0347222 0
0 0.635417 0 0.0125 0
0 0.422222 0 0.0138889 0
0 0.572917 1 0.0347222 0
0 0.422222 0 0.0138889 0
0 0.572917 1 0.0347222 0
0 0.635417 0 0.0125 0
0 0.422222 0 0.0138889 0
0 0.572917 1 0.0347222 0
0 0.635417 0 0.0125 0
0 0.422222 0 0.0138889 0
0 0.572917 1 0.0347222 0
0 0.635417 0 0.0125 0
0 0.422222 0 0.0138889 0
0 0.573611 1 0.0361111 0
0 0.422222 0 0.0138889 0
0 0.635417 0 0.0125 0
0 0.572917 1 0.0402778 0
0 0.635417 0 0.0125 0
0 0.573611 1 0.0361111 0
0 0.422222 0 0.0138889 0
0 0.635417 0 0.0125 0
0 0.573611 1 0.0361111 0
0 0.422222 0 0.0138889 0
0 0.635417 0 0.0125 0
0 0.573611 1 0.0361111 0
0 0.635417 0 0.0125 0
0 0.573611 1 0.0361111 0
0 0.636111 0 0.0111111 0
0 0.574306 1 0.0375 0
0 0.636111 0 0.0111111 0
0 0.574306 1 0.0375 0
0 0.636111 0 0.0111111 0
0 0.422222 0 0.0138889 0
0 0.574306 1 0.0375 0
0 0.422222 0 0.0138889 0
0 0.636111 0 0.0111111 0
0 0.574306 1 0.0375 0
0 0.636111 0 0.0111111 0
0 0.422917 0 0.0152778 0
0 0.575 1 0.0361111 0
0 0.636806 0 0.0125 0
0 0.422222 0 0.0138889 0
0 0.575 1 0.0361111 0
0 0.636806 0 0.0125 0
0 0.422222 0 0.0138889 0
0 0.575 1 0.0361111 0
0 0.636111 0 0.0111111 0
0 0.575 1 0.0361111 0
0 0.636111 0 0.0111111 0
0 0.575 1 0.0361111 0
0 0.422917 0 0.0152778 0
0 0.636111 0 0.0111111 0
0 0.575 1 0.0361111 0
0 0.422917 0 0.0152778 0
0 0.636111 0 0.0111111 0
0 0.575694 1 0.0375 0
0 0.422917 0 0.0152778 0
0 0.636111 0 0.0111111 0
0 0.575694 1 0.0375 0
0 0.636806 0 0.0125 0
0 0.575694 1 0.0375 0
0 0.636806 0 0.0125 0
0 0.575694 1 0.0375 0
0 0.422917 0 0.0152778 0
0 0.636111 0 0.0111111 0
0 0.575694 1 0.0375 0
0 0.422917 0 0.0125 0
0 0.6375 0 0.0138889 0
0 0.576389 1 0.0361111 0
0 0.422917 0 0.0125 0
0 0.576389 1 0.0361111 0
0 0.422917 0 0.0125 0
0 0.576389 1 0.0361111 0
0 0.576389 1 0.0361111 0
0 0.422917 0 0.0125 0
0 0.576389 1 0.0361111 0
0 0.6375 0 0.0138889 0
0 0.422917 0 0.0125 0
0 0.576389 1 0.0361111 0
0 0.422917 0 0.0125 0
0 0.576389 1 0.0361111 0
0 0.422917 0 0.0125 0
0 0.576389 1 0.0361111 0
0 0.636806 0 0.0125 0
0 0.422917 0 0.0125 0
0 0.576389 1 0.0361111 0
0 0.6375 0 0.0138889 0
0 0.576389 1 0.0361111 0
0 0.422917 0 0.0125 0
0 0.576389 1 0.0361111 0
0 0.6375 0 0.0138889 0
0 0.576389 1 0.0361111 0
0 0.422917 0 0.0125 0
0 0.576389 1 0.0361111 0
0 0.636806 0 0.0125 0
0 0.422917 0 0.0125 0
0 0.576389 1 0.0361111 0
0 0.636806 0 0.0125 0
0 0.422917 0 0.0125 0
0 0.576389 1 0.0361111 0
0 0.576389 1 0.0361111 0
0 0.422917 0 0.0125 0
0 0.576389 1 0.0361111 0
0 0.576389 1 0.0361111 0
0 0.6375 0 0.0138889 0
0 0.576389 1 0.0361111 0
0 0.422917 0 0.0125 0
0 0.576389 1 0.0361111 0
0 0.636806 0 0.0125 0
0 0.422917 0 0.0125 0
0 0.576389 1 0.0361111 0
0 0.636806 0 0.0125 0
0 0.422917 0 0.0125 0
0 0.576389 1 0.0361111 0
0 0.422917 0 0.0125 0
0 0.576389 1 0.0361111 0
0 0.422917 0 0.0125 0
0 0.576389 1 0.0361111 0
0 0.576389 1 0.0361111 0
0 0.422917 0 0.0125 0
0 0.576389 1 0.0361111 0
0 0.576389 1 0.0361111 0
0 0.576389 1 0.0361111 0
0 0.576389 1 0.0361111 0
0 0.422917 0 0.0125 0
0 0.576389 1 0.0361111 0
0 0.422917 0 0.0125 0
0 0.576389 1 0.0361111 0
0 0.422917 0 0.0125 0
0 0.576389 1 0.0361111 0
0 0.576389 1 0.0361111 0
0 0.422917 0 0.0125 0
0 0.576389 1 0.0361111 0
0 0.6375 0 0.0138889 0
0 0.422917 0 0.0125 0
0 0.576389 1 0.0361111 0
0 0.422917 0 0.0125 0
0 0.576389 1 0.0361111 0
0 0.422917 0 0.0125 0
0 0.576389 1 0.0361111 0
0 0.422917 0 0.0125 0
0 0.576389 1 0.0361111 0
0 0.422917 0 0.0125 0
0 0.576389 1 0.0361111 0
0 0.6375 0 0.0138889 0
0 0.422917 0 0.0125 0
0 0.576389 1 0.0361111 0
0 0.422917 0 0.0125 0
0 0.576389 1 0.0361111 0
0 0.636806 0 0.0125 0
0 0.422917 0 0.0125 0
0 0.576389 1 0.0361111 0
0 0.422917 0 0.0125 0
0 0.576389 1 0.0361111 0
0 0.576389 1 0.0361111 0
0 0.422917 0 0.0125 0
0 0.576389 1 0.0361111 0
0 0.422917 0 0.0125 0
0 0.576389 1 0.0361111 0
0 0.422917 0 0.0125 0
0 0.576389 1 0.0361111 0
0 0.6375 0 0.0138889 0
0 0.422917 0 0.0125 0
0 0.576389 1 0.0361111 0
0 0.422917 0 0.0125 0
0 0.576389 1 0.0361111 0
0 0.576389 1 0.0361111 0
0 0.6375 0 0.0138889 0
0 0.422917 0 0.0125 0
0 0.576389 1 0.0361111 0
0 0.636806 0 0.0125 0
0 0.422917 0 0.0125 0
0 0.576389 1 0.0361111 0
0 0.576389 1 0.0361111 0
0 0.422917 0 0.0125 0
0 0.576389 1 0.0361111 0
0 0.6375 0 0.0138889 0
0 0.422917 0 0.0125 0
0 0.576389 1 0.0361111 0
0 0.6375 0 0.0138889 0
0 0.576389 1 0.0361111 0
0 0.422917 0 0.0125 0
0 0.576389 1 0.0361111 0
0 0.422917 0 0.0125 0
0 0.576389 1 0.0361111 0
0 0.6375 0 0.0138889 0
0 0.422917 0 0.0125 0
0 0.576389 1 0.0361111 0
0 0.422917 0 0.0125 0
0 0.576389 1 0.0361111 0
0 0.576389 1 0.0361111 0
0 0.422917 0 0.0125 0
0 0.576389 1 0.0361111 0
0 0.6375 0 0.0138889 0
0 0.422917 0 0.0125 0
0 0.576389 1 0.0361111 0
0 0.6375 0 0.0138889 0
0 0.422917 0 0.0125 0
0 0.576389 1 0.0361111 0
0 0.6375 0 0.0138889 0
0 0.422917 0 0.0125 0
0 0.576389 1 0.0361111 0
0 0.576389 1 0.0361111 0
0 0.422917 0 0.0125 0
0 0.576389 1 0.0361111 0
0 0.422917 0 0.0125 0
0 0.576389 1 0.0361111 0
0 0.422917 0 0.0125 0
0 0.576389 1 0.0361111 0
0 0.422917 0 0.0125 0
0 0.576389 1 0.0361111 0
0 0.422917 0 0.0125 0
0 0.576389 1 0.0361111 0
0 0.6375 0 0.0138889 0
0 0.422917 0 0.0125 0
0 0.576389 1 0.0361111 0
0 0.422917 0 0.0125 0
0 0.576389 1 0.0361111 0
0 0.576389 1 0.0361111 0
0 0.422917 0 0.0125 0
0 0.576389 1 0.0361111 0
0 0.6375 0 0.0138889 0
0 0.422917 0 0.0125 0
0 0.576389 1 0.0361111 0
0 0.422917 0 0.0125 0
0 0.576389 1 0.0361111 0
0 0.422917 0 0.0125 0
0 0.576389 1 0.0361111 0
0 0.636806 0 0.0125 0
0 0.422917 0 0.0125 0
0 0.576389 1 0.0361111 0
0 0.576389 1 0.0361111 0
0 0.422917 0 0.0125 0
0 0.576389 1 0.0361111 0
0 0.576389 1 0.0361111 0
0 0.576389 1 0.0361111 0
0 0.422917 0 0.0125 0
0 0.576389 1 0.0361111 0
0 0.422917 0 0.0125 0
0 0.576389 1 0.0361111 0
0 0.6375 0 0.0138889 0
0 0.422917 0 0.0125 0
0 0.576389 1 0.0361111 0
0 0.576389 1 0.0361111 0
0 0.6375 0 0.0138889 0
0 0.422917 0 0.0125 0
0 0.576389 1 0.0361111 0
0 0.422917 0 0.0125 0
0 0.576389 1 0.0361111 0
0 0.6375 0 0.0138889 0
0 0.422917 0 0.0125 0
0 0.576389 1 0.0361111 0
0 0.422917 0 0.0125 0
0 0.576389 1 0.0361111 0
0 0.576389 1 0.0361111 0
0 0.422917 0 0.0125 0
0 0.576389 1 0.0361111 0
0 0.422917 0 0.0125 0
0 0.576389 1 0.0361111 0
0 0.6375 0 0.0138889 0
0 0.422917 0 0.0125 0
0 0.576389 1 0.0361111 0
0 0.576389 1 0.0361111 0
