0 0.565972 0 0.00972222 0
0 0.438889 1 0.0277778 0
0 0.566667 0 0.0111111 0
0 0.438889 1 0.0277778 0
0 0.566667 0 0.0111111 0
0 0.438889 1 0.0277778 0
0 0.565972 0 0.00972222 0
0 0.438889 1 0.0277778 0
0 0.565972 0 0.00972222 0
0 0.438889 1 0.0277778 0
0 0.565972 0 0.00972222 0
0 0.438889 1 0.0277778 0
0 0.566667 0 0.0111111 0
0 0.438889 1 0.0277778 0
0 0.565972 0 0.00972222 0
0 0.438889 1 0.0277778 0
0 0.566667 0 0.0111111 0
0 0.438889 1 0.0277778 0
0 0.566667 0 0.0111111 0
0 0.438889 1 0.0277778 0
0 0.565972 0 0.00972222 0
0 0.438889 1 0.0277778 0
0 0.566667 0 0.0111111 0
0 0.438889 1 0.0277778 0
0 0.565972 0 0.00972222 0
0 0.438889 1 0.0277778 0
0 0.565972 0 0.00972222 0
0 0.438889 1 0.0277778 0
0 0.565972 0 0.00972222 0
0 0.438889 1 0.0277778 0
0 0.565972 0 0.00972222 0
0 0.438889 1 0.0277778 0
0 0.566667 0 0.0111111 0
0 0.438889 1 0.0277778 0
0 0.565972 0 0.00972222 0
0 0.438889 1 0.0277778 0
0 0.566667 0 0.0111111 0
0 0.438889 1 0.0277778 0
0 0.566667 0 0.0111111 0
0 0.438889 1 0.0277778 0
0 0.565972 0 0.00972222 0
0 0.438889 1 0.0277778 0
0 0.566667 0 0.0111111 0
0 0.438889 1 0.0277778 0
0 0.565972 0 0.00972222 0
0 0.438889 1 0.0277778 0
0 0.566667 0 0.0111111 0
0 0.438889 1 0.0277778 0
0 0.566667 0 0.0111111 0
0 0.438889 1 0.0277778 0
0 0.565972 0 0.00972222 0
0 0.438889 1 0.0277778 0
0 0.565972 0 0.00972222 0
0 0.438889 1 0.0277778 0
0 0.566667 0 0.0111111 0
0 0.438889 1 0.0277778 0
0 0.566667 0 0.0111111 0
0 0.438889 1 0.0277778 0
0 0.565972 0 0.00972222 0
0 0.438889 1 0.0277778 0
0 0.565972 0 0.00972222 0
0 0.438889 1 0.0277778 0
0 0.377083 0 0.0125 0
0 0.565972 0 0.00972222 0
0 0.438889 1 0.0277778 0
0 0.438889 1 0.0277778 0
0 0.438889 1 0.0277778 0
0 0.565972 0 0.00972222 0
0 0.439583 0.5 0.0291667 1
0 0.440278 0.5 0.0277778 1
0 0.440972 0.5 0.0291667 1
0 0.440972 0.5 0.0291667 1
0 0.441667 0.5 0.0277778 1
0 0.441667 0.5 0.0277778 1
0 0.443056 0.5 0.0277778 1
0 0.44375 0 0.0263889 0
0 0.44375 0 0.0263889 0
0 0.444444 0 0.0277778 0
0 0.445139 0 0.0263889 0
0 0.504167 0 0.0333333 0
0 0.445833 0 0.0277778 0
0 0.504167 0 0.0333333 0
0 0.447222 0 0.0277778 0
0 0.447222 0 0.0277778 0
0 0.447917 0 0.0291667 0
0 0.447917 0 0.0291667 0
0 0.45 0 0.0277778 0
0 0.450694 0 0.0291667 0
0 0.450694 0 0.0291667 0
0 0.451389 0 0.0277778 0
0 0.452083 0 0.0291667 0
0 0.576389 0 0.0111111 0
0 0.380556 0 0.0138889 0
0 0.452778 0 0.0305556 0
0 0.379861 0 0.0125 0
0 0.576389 0 0.0111111 0
0 0.452778 0 0.0305556 0
0 0.379861 0 0.0125 0
0 0.576389 0 0.0111111 0
0 0.452778 0 0.0305556 0
0 0.452778 0 0.0305556 0
0 0.578472 0 0.00972222 0
0 0.453472 0 0.0319444 0
0 0.454167 0 0.0305556 0
0 0.580556 0 0.0111111 0
0 0.454167 0 0.0305556 0
0 0.454861 0 0.0319444 0
0 0.454861 0 0.0319444 0
0 0.454861 0 0.0319444 0
0 0.584028 0 0.0125 0
0 0.454167 0 0.0333333 0
0 0.584722 0 0.0111111 0
0 0.454167 0 0.0333333 0
0 0.455556 0 0.0333333 0
0 0.586111 0 0.0111111 0
0 0.455556 0 0.0333333 0
0 0.376389 0 0.0138889 0
0 0.586806 0 0.0125 0
0 0.455556 0 0.0333333 0
0 0.588194 0 0.0125 0
0 0.455556 0 0.0333333 0
0 0.376389 0 0.0138889 0
0 0.588889 0 0.0138889 0
0 0.45625 0 0.0347222 0
0 0.588194 0 0.0125 0
0 0.45625 0 0.0347222 0
0 0.588889 0 0.0111111 0
0 0.455556 0 0.0361111 0
0 0.590278 0 0.0111111 0
0 0.455556 0 0.0361111 0
0 0.590278 0 0.0111111 0
0 0.455556 0 0.0361111 0
0 0.591667 0 0.0111111 0
0 0.45625 0 0.0375 0
0 0.45625 0 0.0375 0
0 0.45625 0 0.0375 0
0 0.45625 0 0.0375 0
0 0.45625 0 0.0375 0
0 0.705556 0 0.0111111 0
0 0.593056 0 0.0138889 0
0 0.455556 0 0.0388889 0
0 0.707639 0 0.0125 0
0 0.455556 0 0.0388889 0
0 0.594444 0 0.0166667 0
0 0.707639 0 0.0125 0
0 0.455556 0 0.0388889 0
0 0.594444 0 0.0138889 0
0 0.454861 0 0.0375 0
0 0.595139 0 0.0125 0
0 0.454861 0 0.0402778 0
0 0.595139 0 0.0152778 0
0 0.370833 0 0.0138889 0
0 0.454861 0 0.0402778 0
0 0.595833 0 0.0138889 0
0 0.370833 0 0.0138889 0
0 0.454861 0 0.0402778 0
0 0.370139 0 0.0152778 0
0 0.597222 0 0.0138889 0
0 0.454167 0 0.0444444 0
0 0.597222 0 0.0138889 0
0 0.453472 0 0.0430556 0
0 0.597222 0 0.0138889 0
0 0.453472 0 0.0430556 0
0 0.453472 0 0.0430556 0
0 0.452083 0 0.0458333 0
0 0.6 0 0.0138889 0
0 0.720139 0 0.0152778 0
0 0.451389 0 0.0472222 0
0 0.6 0 0.0138889 0
0 0.720139 0 0.0152778 0
0 0.451389 0 0.0472222 0
0 0.363889 0 0.0138889 0
0 0.602083 0 0.0152778 0
0 0.45 0 0.05 0
0 0.602778 0 0.0138889 0
0 0.448611 0 0.0527778 0
0 0.603472 0 0.0152778 0
0 0.447917 0 0.0541667 0
0 0.603472 0 0.0152778 0
0 0.447222 0 0.0527778 0
0 0.727778 0 0.0138889 0
0 0.604167 0 0.0138889 0
0 0.446528 0 0.0513889 0
0 0.728472 0 0.0152778 0
0 0.604861 0 0.0152778 0
0 0.447222 0 0.0555556 0
0 0.728472 0 0.0152778 0
0 0.604861 0 0.0152778 0
0 0.446528 0 0.0541667 0
0 0.604861 0 0.0152778 0
0 0.446528 0 0.0541667 0
0 0.445833 0 0.0527778 0
0 0.60625 0 0.0180556 0
0 0.445833 0 0.0527778 0
0 0.606944 0 0.0166667 0
0 0.73125 0 0.0152778 0
0 0.445833 0 0.0527778 0
0 0.732639 0 0.0152778 0
0 0.607639 0 0.0180556 0
0 0.445139 0 0.0541667 0
0 0.359028 0 0.0152778 0
0 0.232639 0 0.0152778 0
0 0.607639 0 0.0180556 0
0 0.444444 0 0.0527778 0
0 0.359028 0 0.0152778 0
0 0.232639 0 0.0152778 0
0 0.606944 0 0.0166667 0
0 0.444444 0 0.0527778 0
0 0.609028 0 0.0180556 0
0 0.358333 0 0.0166667 0
0 0.443056 0 0.0555556 0
0 0.609028 0 0.0180556 0
0 0.358333 0 0.0166667 0
0 0.443056 0 0.0555556 0
0 0.607639 0 0.0180556 0
0 0.358333 0 0.0166667 0
0 0.443056 0 0.0555556 0
0 0.609028 0 0.0180556 0
0 0.738194 0 0.0152778 0
0 0.442361 0 0.0597222 0
0 0.738194 0 0.0152778 0
0 0.608333 0 0.0166667 0
0 0.440972 0 0.0597222 0
0 0.739583 0 0.0152778 0
0 0.609722 0 0.0166667 0
0 0.440972 0 0.0597222 0
0 0.739583 0 0.0152778 0
0 0.609722 0 0.0166667 0
0 0.440972 0 0.0597222 0
0 0.609722 0 0.0194444 0
0 0.740278 0 0.0166667 0
0 0.440278 0 0.0611111 0
0 0.611111 0 0.0166667 0
0 0.741667 0 0.0166667 0
0 0.439583 0 0.0625 0
0 0.354861 0 0.0180556 0
0 0.743056 0 0.0138889 0
0 0.611111 0 0.0166667 0
0 0.439583 0 0.0625 0
0 0.354167 0 0.0166667 0
0 0.74375 0 0.0152778 0
0 0.611806 0 0.0180556 0
0 0.439583 0 0.0652778 0
0 0.353472 0 0.0180556 0
0 0.745833 0 0.0166667 0
0 0.220139 0 0.0152778 0
0 0.6125 0 0.0194444 0
0 0.438889 0 0.0638889 0
0 0.752778 0 0.0166667 0
0 0.352778 0 0.0166667 0
0 0.616667 0 0.0166667 0
0 0.438194 0 0.0680556 0
0 0.755556 0 0.0138889 0
0 0.351389 0 0.0166667 0
0 0.61875 0 0.0152778 0
0 0.438889 0 0.0694444 0
0 0.759028 0 0.0180556 0
0 0.620833 0 0.0166667 0
0 0.439583 0 0.0763889 0
0 0.349306 0 0.0180556 0
0 0.761806 0 0.0152778 0
0 0.622222 0 0.0166667 0
0 0.440278 0 0.0777778 0
0 0.497917 0 0.0430556 0
0 0.763889 0 0.0166667 0
0 0.623611 0 0.0166667 0
0 0.440972 0.5 0.0819444 1
0 0.497917 0 0.0430556 0
0 0.763889 0 0.0166667 0
0 0.623611 0 0.0166667 0
0 0.440972 0.5 0.0819444 1
0 0.497917 0 0.0430556 0
0 0.763889 0 0.0166667 0
0 0.622917 0 0.0180556 0
0 0.440972 0.5 0.0819444 1
0 0.497917 0 0.0430556 0
0 0.763889 0 0.0166667 0
0 0.622917 0 0.0180556 0
0 0.440972 0.5 0.0819444 1
0 0.497917 0 0.0430556 0
0 0.763889 0 0.0166667 0
0 0.623611 0 0.0166667 0
0 0.440972 0.5 0.0819444 1
0 0.763889 0 0.0166667 0
0 0.622917 0 0.0180556 0
0 0.440972 0.5 0.0819444 1
0 0.763889 0 0.0166667 0
0 0.622917 0 0.0180556 0
0 0.440972 0.5 0.0819444 1
0 0.497917 0 0.0430556 0
0 0.622917 0 0.0180556 0
0 0.763889 0 0.0166667 0
0 0.440972 0.5 0.0819444 1
0 0.497917 0 0.0430556 0
0 0.763889 0 0.0166667 0
0 0.623611 0 0.0166667 0
0 0.440972 0.5 0.0819444 1
0 0.497917 0 0.0430556 0
0 0.763889 0 0.0166667 0
0 0.623611 0 0.0166667 0
0 0.440972 0.5 0.0819444 1
0 0.497917 0 0.0430556 0
0 0.622917 0 0.0180556 0
0 0.763889 0 0.0166667 0
0 0.440972 0.5 0.0819444 1
0 0.497917 0 0.0430556 0
0 0.763889 0 0.0166667 0
0 0.623611 0 0.0166667 0
0 0.440278 0.5 0.0805556 1
0 0.497917 0 0.0430556 0
0 0.763889 0 0.0166667 0
0 0.622917 0 0.0180556 0
0 0.440278 0.5 0.0805556 1
0 0.497917 0 0.0430556 0
0 0.622917 0 0.0180556 0
0 0.763889 0 0.0166667 0
0 0.440278 0.5 0.0805556 1
0 0.497917 0 0.0430556 0
0 0.763889 0 0.0166667 0
0 0.623611 0 0.0166667 0
0 0.440278 0.5 0.0805556 1
0 0.497917 0 0.0430556 0
0 0.763889 0 0.0166667 0
0 0.623611 0 0.0166667 0
0 0.440278 0.5 0.0805556 1
0 0.497917 0 0.0430556 0
0 0.763889 0 0.0166667 0
0 0.623611 0 0.0166667 0
0 0.440278 0.5 0.0805556 1
0 0.497917 0 0.0430556 0
0 0.622917 0 0.0180556 0
0 0.763889 0 0.0166667 0
0 0.440278 0.5 0.0805556 1
0 0.497917 0 0.0430556 0
0 0.763889 0 0.0166667 0
0 0.623611 0 0.0166667 0
0 0.440278 0.5 0.0805556 1
0 0.497917 0 0.0430556 0
0 0.763889 0 0.0166667 0
0 0.622917 0 0.0180556 0
0 0.440278 0.5 0.0805556 1
0 0.497917 0 0.0430556 0
0 0.623611 0 0.0194444 0
0 0.763889 0 0.0166667 0
0 0.440278 0.5 0.0805556 1
0 0.497917 0 0.0430556 0
0 0.763889 0 0.0166667 0
0 0.623611 0 0.0166667 0
0 0.440278 0.5 0.0805556 1
0 0.497917 0 0.0430556 0
0 0.763889 0 0.0166667 0
0 0.623611 0 0.0166667 0
0 0.440278 0.5 0.0805556 1
0 0.497917 0 0.0430556 0
0 0.763889 0 0.0166667 0
0 0.623611 0 0.0166667 0
0 0.440278 0.5 0.0805556 1
0 0.497917 0 0.0430556 0
0 0.763889 0 0.0166667 0
0 0.623611 0 0.0166667 0
0 0.440278 0.5 0.0805556 1
0 0.497917 0 0.0430556 0
0 0.623611 0 0.0194444 0
0 0.763889 0 0.0166667 0
0 0.440278 0.5 0.0805556 1
0 0.497917 0 0.0430556 0
0 0.763889 0 0.0166667 0
0 0.623611 0 0.0166667 0
0 0.440278 0.5 0.0805556 1
0 0.497917 0 0.0430556 0
0 0.763889 0 0.0166667 0
0 0.622917 0 0.0180556 0
0 0.440278 0.5 0.0805556 1
0 0.497917 0 0.0430556 0
0 0.763889 0 0.0166667 0
0 0.622917 0 0.0180556 0
0 0.440278 0.5 0.0805556 1
0 0.497917 0 0.0430556 0
0 0.763889 0 0.0166667 0
0 0.622917 0 0.0180556 0
0 0.440278 0.5 0.0805556 1
0 0.497917 0 0.0430556 0
0 0.763889 0 0.0166667 0
0 0.623611 0 0.0166667 0
0 0.440278 0.5 0.0805556 1
0 0.497917 0 0.0430556 0
0 0.763889 0 0.0166667 0
0 0.623611 0 0.0166667 0
0 0.440278 0.5 0.0805556 1
0 0.497917 0 0.0430556 0
0 0.623611 0 0.0194444 0
0 0.763889 0 0.0166667 0
0 0.440278 0.5 0.0805556 1
0 0.497917 0 0.0430556 0
0 0.763889 0 0.0166667 0
0 0.622917 0 0.0180556 0
0 0.440278 0.5 0.0805556 1
0 0.497917 0 0.0430556 0
0 0.763889 0 0.0166667 0
0 0.623611 0 0.0166667 0
0 0.440278 0.5 0.0805556 1
0 0.497917 0 0.0430556 0
0 0.763889 0 0.0166667 0
0 0.623611 0 0.0166667 0
0 0.440278 0.5 0.0805556 1
0 0.497917 0 0.0430556 0
0 0.763889 0 0.0166667 0
0 0.622917 0 0.0180556 0
0 0.440278 0.5 0.0805556 1
0 0.497917 0 0.0430556 0
0 0.763889 0 0.0166667 0
0 0.623611 0 0.0166667 0
0 0.440278 0.5 0.0805556 1
0 0.497917 0 0.0430556 0
0 0.763889 0 0.0166667 0
0 0.622917 0 0.0180556 0
0 0.440278 0.5 0.0805556 1
0 0.497917 0 0.0430556 0
0 0.623611 0 0.0194444 0
0 0.763889 0 0.0166667 0
0 0.440278 0.5 0.0805556 1
0 0.497917 0 0.0430556 0
0 0.623611 0 0.0194444 0
0 0.763889 0 0.0166667 0
0 0.440278 0.5 0.0805556 1
0 0.497917 0 0.0430556 0
0 0.763889 0 0.0166667 0
0 0.622917 0 0.0180556 0
0 0.440278 0.5 0.0805556 1
0 0.497917 0 0.0430556 0
0 0.622917 0 0.0180556 0
0 0.763889 0 0.0166667 0
0 0.440278 0.5 0.0805556 1
0 0.497917 0 0.0430556 0
0 0.763889 0 0.0166667 0
0 0.622917 0 0.0180556 0
0 0.440278 0.5 0.0805556 1
0 0.497917 0 0.0430556 0
0 0.763889 0 0.0166667 0
0 0.623611 0 0.0166667 0
0 0.440278 0.5 0.0805556 1
0 0.497917 0 0.0430556 0
0 0.622917 0 0.0180556 0
0 0.763889 0 0.0166667 0
0 0.440278 0.5 0.0805556 1
0 0.497917 0 0.0430556 0
0 0.763889 0 0.0166667 0
0 0.623611 0 0.0166667 0
0 0.440278 0.5 0.0805556 1
0 0.497917 0 0.0430556 0
0 0.763889 0 0.0166667 0
0 0.623611 0 0.0166667 0
0 0.440278 0.5 0.0805556 1
0 0.497917 0 0.0430556 0
0 0.623611 0 0.0194444 0
0 0.763889 0 0.0166667 0
0 0.440278 0.5 0.0805556 1
0 0.497917 0 0.0430556 0
0 0.763889 0 0.0166667 0
0 0.623611 0 0.0166667 0
0 0.440278 0.5 0.0805556 1
0 0.497917 0 0.0430556 0
0 0.763889 0 0.0166667 0
0 0.623611 0 0.0166667 0
0 0.440278 0.5 0.0805556 1
0 0.497917 0 0.0430556 0
0 0.763889 0 0.0166667 0
0 0.622917 0 0.0180556 0
0 0.440278 0.5 0.0805556 1
0 0.497917 0 0.0430556 0
0 0.763889 0 0.0166667 0
0 0.622917 0 0.0180556 0
0 0.440278 0.5 0.0805556 1
0 0.497917 0 0.0430556 0
0 0.623611 0 0.0194444 0
0 0.763889 0 0.0166667 0
0 0.440278 0.5 0.0805556 1
0 0.497917 0 0.0430556 0
0 0.763889 0 0.0166667 0
0 0.623611 0 0.0166667 0
0 0.440278 0.5 0.0805556 1
0 0.497917 0 0.0430556 0
0 0.763889 0 0.0166667 0
0 0.623611 0 0.0166667 0
0 0.440278 0.5 0.0805556 1
0 0.497917 0 0.0430556 0
0 0.623611 0 0.0194444 0
0 0.763889 0 0.0166667 0
0 0.440278 0.5 0.0805556 1
0 0.497917 0 0.0430556 0
0 0.763889 0 0.0166667 0
0 0.623611 0 0.0166667 0
0 0.440278 0.5 0.0805556 1
0 0.497917 0 0.0430556 0
0 0.763889 0 0.0166667 0
0 0.622917 0 0.0180556 0
0 0.440278 0.5 0.0805556 1
0 0.497917 0 0.0430556 0
0 0.763889 0 0.0166667 0
0 0.622917 0 0.0180556 0
0 0.440278 0.5 0.0805556 1
0 0.497917 0 0.0430556 0
0 0.763889 0 0.0166667 0
0 0.622917 0 0.0180556 0
0 0.440278 0.5 0.0805556 1
0 0.497917 0 0.0430556 0
0 0.763889 0 0.0166667 0
0 0.623611 0 0.0166667 0
0 0.440278 0.5 0.0805556 1
0 0.497917 0 0.0430556 0
0 0.763889 0 0.0166667 0
0 0.622917 0 0.0180556 0
0 0.440278 0.5 0.0805556 1
0 0.497917 0 0.0430556 0
0 0.763889 0 0.0166667 0
0 0.623611 0 0.0166667 0
0 0.440278 0.5 0.0805556 1
0 0.497917 0 0.0430556 0
0 0.763889 0 0.0166667 0
0 0.623611 0 0.0166667 0
0 0.440278 0.5 0.0805556 1
0 0.497917 0 0.0430556 0
0 0.622917 0 0.0180556 0
0 0.763889 0 0.0166667 0
0 0.440972 0.5 0.0819444 1
0 0.622917 0 0.0180556 0
0 0.763889 0 0.0166667 0
0 0.440972 0.5 0.0819444 1
0 0.498611 0 0.0444444 0
0 0.763889 0 0.0166667 0
0 0.623611 0 0.0166667 0
0 0.440972 0.5 0.0819444 1
0 0.622917 0 0.0180556 0
0 0.763889 0 0.0166667 0
0 0.440972 0.5 0.0819444 1
0 0.763889 0 0.0166667 0
0 0.623611 0 0.0166667 0
0 0.440972 0.5 0.0819444 1
0 0.622917 0 0.0180556 0
0 0.763889 0 0.0166667 0
0 0.440972 0.5 0.0819444 1
0 0.622917 0 0.0180556 0
0 0.763889 0 0.0166667 0
0 0.440972 0.5 0.0819444 1
0 0.763889 0 0.0166667 0
0 0.623611 0 0.0166667 0
0 0.440972 0.5 0.0819444 1
0 0.623611 0 0.0166667 0
0 0.763889 0 0.0166667 0
0 0.440972 0.5 0.0819444 1
0 0.763889 0 0.0166667 0
0 0.623611 0 0.0166667 0
0 0.440972 0.5 0.0819444 1
0 0.623611 0 0.0166667 0
0 0.763889 0 0.0166667 0
0 0.440972 0.5 0.0819444 1
0 0.763889 0 0.0166667 0
0 0.623611 0 0.0166667 0
0 0.440972 0.5 0.0819444 1
0 0.763889 0 0.0166667 0
0 0.623611 0 0.0166667 0
0 0.440278 0.5 0.0805556 1
0 0.763889 0 0.0166667 0
0 0.623611 0 0.0166667 0
0 0.440278 0.5 0.0805556 1
0 0.763889 0 0.0166667 0
0 0.623611 0 0.0166667 0
0 0.440278 0.5 0.0805556 1
0 0.763889 0 0.0166667 0
0 0.623611 0 0.0166667 0
0 0.440278 0.5 0.0805556 1
0 0.763889 0 0.0166667 0
0 0.623611 0 0.0166667 0
0 0.440278 0.5 0.0805556 1
0 0.763889 0 0.0166667 0
0 0.623611 0 0.0166667 0
0 0.440278 0.5 0.0805556 1
0 0.763889 0 0.0166667 0
0 0.623611 0 0.0166667 0
0 0.440278 0.5 0.0805556 1
0 0.763889 0 0.0166667 0
0 0.623611 0 0.0166667 0
0 0.440278 0.5 0.0805556 1
0 0.763889 0 0.0166667 0
0 0.623611 0 0.0166667 0
0 0.440278 0.5 0.0805556 1
0 0.763889 0 0.0166667 0
0 0.623611 0 0.0166667 0
0 0.440278 0.5 0.0805556 1
0 0.763889 0 0.0166667 0
0 0.623611 0 0.0166667 0
0 0.440278 0.5 0.0805556 1
0 0.763889 0 0.0166667 0
0 0.623611 0 0.0166667 0
0 0.440278 0.5 0.0805556 1
0 0.763889 0 0.0166667 0
0 0.623611 0 0.0166667 0
0 0.440278 0.5 0.0805556 1
0 0.763889 0 0.0166667 0
0 0.623611 0 0.0166667 0
0 0.440278 0.5 0.0805556 1
0 0.763889 0 0.0166667 0
0 0.623611 0 0.0166667 0
0 0.440278 0.5 0.0805556 1
0 0.763889 0 0.0166667 0
0 0.623611 0 0.0166667 0
0 0.440278 0.5 0.0805556 1
0 0.763889 0 0.0166667 0
0 0.623611 0 0.0166667 0
0 0.440278 0.5 0.0805556 1
0 0.763889 0 0.0166667 0
0 0.623611 0 0.0166667 0
0 0.440278 0.5 0.0805556 1
0 0.763889 0 0.0166667 0
0 0.623611 0 0.0166667 0
0 0.440278 0.5 0.0805556 1
0 0.763889 0 0.0166667 0
0 0.623611 0 0.0166667 0
0 0.440278 0.5 0.0805556 1
0 0.763889 0 0.0166667 0
0 0.623611 0 0.0166667 0
0 0.440278 0.5 0.0805556 1
0 0.763889 0 0.0166667 0
0 0.623611 0 0.0166667 0
0 0.440278 0.5 0.0805556 1
0 0.763889 0 0.0166667 0
0 0.623611 0 0.0166667 0
0 0.440278 0.5 0.0805556 1
0 0.763889 0 0.0166667 0
0 0.623611 0 0.0166667 0
0 0.440278 0.5 0.0805556 1
0 0.763889 0 0.0166667 0
0 0.623611 0 0.0166667 0
0 0.440278 0.5 0.0805556 1
0 0.763889 0 0.0166667 0
0 0.623611 0 0.0166667 0
0 0.440278 0.5 0.0805556 1
0 0.763889 0 0.0166667 0
0 0.623611 0 0.0166667 0
0 0.440278 0.5 0.0805556 1
0 0.763889 0 0.0166667 0
0 0.623611 0 0.0166667 0
0 0.440278 0.5 0.0805556 1
0 0.763889 0 0.0166667 0
0 0.623611 0 0.0166667 0
0 0.440278 0.5 0.0805556 1
0 0.763889 0 0.0166667 0
0 0.623611 0 0.0166667 0
0 0.440278 0.5 0.0805556 1
0 0.763889 0 0.0166667 0
0 0.623611 0 0.0166667 0
0 0.440278 0.5 0.0805556 1
0 0.763889 0 0.0166667 0
0 0.623611 0 0.0166667 0
0 0.440278 0.5 0.0805556 1
0 0.763889 0 0.0166667 0
0 0.623611 0 0.0166667 0
0 0.440278 0.5 0.0805556 1
0 0.763889 0 0.0166667 0
0 0.623611 0 0.0166667 0
0 0.440278 0.5 0.0805556 1
0 0.763889 0 0.0166667 0
0 0.623611 0 0.0166667 0
0 0.440278 0.5 0.0805556 1
0 0.763889 0 0.0166667 0
0 0.623611 0 0.0166667 0
0 0.440278 0.5 0.0805556 1
0 0.763889 0 0.0166667 0
0 0.623611 0 0.0166667 0
0 0.440278 0.5 0.0805556 1
0 0.763889 0 0.0166667 0
0 0.623611 0 0.0166667 0
0 0.440278 0.5 0.0805556 1
0 0.763889 0 0.0166667 0
0 0.623611 0 0.0166667 0
0 0.440278 0.5 0.0805556 1
0 0.763889 0 0.0166667 0
0 0.623611 0 0.0166667 0
0 0.440278 0.5 0.0805556 1
0 0.763889 0 0.0166667 0
0 0.623611 0 0.0166667 0
0 0.440278 0.5 0.0805556 1
0 0.763889 0 0.0166667 0
0 0.623611 0 0.0166667 0
0 0.440278 0.5 0.0805556 1
0 0.763889 0 0.0166667 0
0 0.623611 0 0.0166667 0
0 0.440278 0.5 0.0805556 1
0 0.763889 0 0.0166667 0
0 0.623611 0 0.0166667 0
0 0.440278 0.5 0.0805556 1
0 0.763889 0 0.0166667 0
0 0.623611 0 0.0166667 0
0 0.440278 0.5 0.0805556 1
0 0.763889 0 0.0166667 0
0 0.623611 0 0.0166667 0
0 0.440278 0.5 0.0805556 1
0 0.763889 0 0.0166667 0
0 0.623611 0 0.0166667 0
0 0.440278 0.5 0.0805556 1
0 0.763889 0 0.0166667 0
0 0.623611 0 0.0166667 0
0 0.440278 0.5 0.0805556 1
0 0.763889 0 0.0166667 0
0 0.623611 0 0.0166667 0
0 0.440278 0.5 0.0805556 1
0 0.763889 0 0.0166667 0
0 0.623611 0 0.0166667 0
0 0.440278 0.5 0.0805556 1
0 0.763889 0 0.0166667 0
0 0.623611 0 0.0166667 0
0 0.440278 0.5 0.0805556 1
0 0.763889 0 0.0166667 0
0 0.623611 0 0.0166667 0
0 0.440278 0.5 0.0805556 1
0 0.763889 0 0.0166667 0
0 0.623611 0 0.0166667 0
0 0.440278 0.5 0.0805556 1
0 0.763889 0 0.0166667 0
0 0.623611 0 0.0166667 0
0 0.440278 0.5 0.0805556 1
0 0.763889 0 0.0166667 0
0 0.623611 0 0.0166667 0
0 0.440278 0.5 0.0805556 1
0 0.763889 0 0.0166667 0
0 0.623611 0 0.0166667 0
0 0.440278 0.5 0.0805556 1
0 0.763889 0 0.0166667 0
0 0.623611 0 0.0166667 0
0 0.440278 0.5 0.0805556 1
0 0.763889 0 0.0166667 0
0 0.623611 0 0.0166667 0
0 0.440278 0.5 0.0805556 1
0 0.763889 0 0.0166667 0
0 0.623611 0 0.0166667 0
0 0.440278 0.5 0.0805556 1
0 0.763889 0 0.0166667 0
0 0.623611 0 0.0166667 0
0 0.440278 0.5 0.0805556 1
0 0.763889 0 0.0166667 0
0 0.623611 0 0.0166667 0
0 0.440278 0.5 0.0805556 1
0 0.763889 0 0.0166667 0
0 0.623611 0 0.0166667 0
0 0.440278 0.5 0.0805556 1
0 0.763889 0 0.0166667 0
0 0.623611 0 0.0166667 0
0 0.440278 0.5 0.0805556 1
0 0.763889 0 0.0166667 0
0 0.623611 0 0.0166667 0
0 0.440278 0.5 0.0805556 1
0 0.763889 0 0.0166667 0
0 0.623611 0 0.0166667 0
0 0.440278 0.5 0.0805556 1
0 0.763889 0 0.0166667 0
0 0.623611 0 0.0166667 0
0 0.440278 0.5 0.0805556 1
0 0.763889 0 0.0166667 0
0 0.623611 0 0.0166667 0
0 0.440278 0.5 0.0805556 1
0 0.763889 0 0.0166667 0
0 0.623611 0 0.0166667 0
0 0.440278 0.5 0.0805556 1
0 0.763889 0 0.0166667 0
0 0.623611 0 0.0166667 0
0 0.440278 0.5 0.0805556 1
0 0.763889 0 0.0166667 0
0 0.623611 0 0.0166667 0
0 0.440278 0.5 0.0805556 1
0 0.763889 0 0.0166667 0
0 0.623611 0 0.0166667 0
0 0.440278 0.5 0.0805556 1
0 0.763889 0 0.0166667 0
0 0.623611 0 0.0166667 0
0 0.440278 0.5 0.0805556 1
0 0.763889 0 0.0166667 0
0 0.623611 0 0.0166667 0
0 0.440278 0.5 0.0805556 1
0 0.763889 0 0.0166667 0
0 0.623611 0 0.0166667 0
0 0.440278 0.5 0.0805556 1
0 0.763889 0 0.0166667 0
0 0.623611 0 0.0166667 0
0 0.440278 0.5 0.0805556 1
0 0.763889 0 0.0166667 0
0 0.623611 0 0.0166667 0
0 0.440278 0.5 0.0805556 1
0 0.763889 0 0.0166667 0
0 0.623611 0 0.0166667 0
0 0.440278 0.5 0.0805556 1
0 0.763889 0 0.0166667 0
0 0.623611 0 0.0166667 0
0 0.440278 0.5 0.0805556 1
0 0.763889 0 0.0166667 0
0 0.623611 0 0.0166667 0
0 0.440278 0.5 0.0805556 1
0 0.763889 0 0.0166667 0
0 0.623611 0 0.0166667 0
0 0.440278 0.5 0.0805556 1
0 0.763889 0 0.0166667 0
0 0.623611 0 0.0166667 0
0 0.440278 0.5 0.0805556 1
0 0.763889 0 0.0166667 0
0 0.623611 0 0.0166667 0
0 0.440278 0.5 0.0805556 1
0 0.763889 0 0.0166667 0
0 0.623611 0 0.0166667 0
0 0.440278 0.5 0.0805556 1
0 0.763889 0 0.0166667 0
0 0.623611 0 0.0166667 0
0 0.440278 0.5 0.0805556 1
0 0.763889 0 0.0166667 0
0 0.623611 0 0.0166667 0
0 0.440278 0.5 0.0805556 1
0 0.763889 0 0.0166667 0
0 0.623611 0 0.0166667 0
0 0.440278 0.5 0.0805556 1
0 0.763889 0 0.0166667 0
0 0.623611 0 0.0166667 0
0 0.440278 0.5 0.0805556 1
0 0.763889 0 0.0166667 0
0 0.623611 0 0.0166667 0
0 0.440278 0.5 0.0805556 1
0 0.763889 0 0.0166667 0
0 0.623611 0 0.0166667 0
0 0.440278 0.5 0.0805556 1
0 0.763889 0 0.0166667 0
0 0.623611 0 0.0166667 0
0 0.440278 0.5 0.0805556 1
0 0.763889 0 0.0166667 0
0 0.623611 0 0.0166667 0
0 0.440278 0.5 0.0805556 1
0 0.763889 0 0.0166667 0
0 0.623611 0 0.0166667 0
0 0.440278 0.5 0.0805556 1
0 0.763889 0 0.0166667 0
0 0.623611 0 0.0166667 0
0 0.440278 0.5 0.0805556 1
0 0.763889 0 0.0166667 0
0 0.623611 0 0.0166667 0
0 0.440278 0.5 0.0805556 1
0 0.763889 0 0.0166667 0
0 0.623611 0 0.0166667 0
0 0.440278 0.5 0.0805556 1
0 0.763889 0 0.0166667 0
0 0.623611 0 0.0166667 0
0 0.440278 0.5 0.0805556 1
0 0.763889 0 0.0166667 0
0 0.623611 0 0.0166667 0
0 0.440278 0.5 0.0805556 1
0 0.763889 0 0.0166667 0
0 0.623611 0 0.0166667 0
0 0.440278 0.5 0.0805556 1
0 0.763889 0 0.0166667 0
0 0.623611 0 0.0166667 0
0 0.440278 0.5 0.0805556 1
0 0.763889 0 0.0166667 0
0 0.623611 0 0.0166667 0
0 0.440278 0.5 0.0805556 1
0 0.763889 0 0.0166667 0
0 0.623611 0 0.0166667 0
0 0.440278 0.5 0.0805556 1
0 0.763889 0 0.0166667 0
0 0.623611 0 0.0166667 0
0 0.440278 0.5 0.0805556 1
0 0.763889 0 0.0166667 0
0 0.623611 0 0.0166667 0
0 0.440278 0.5 0.0805556 1
0 0.763889 0 0.0166667 0
0 0.623611 0 0.0166667 0
0 0.440278 0.5 0.0805556 1
0 0.763889 0 0.0166667 0
0 0.623611 0 0.0166667 0
0 0.440278 0.5 0.0805556 1
0 0.763889 0 0.0166667 0
0 0.623611 0 0.0166667 0
0 0.440278 0.5 0.0805556 1
0 0.763889 0 0.0166667 0
0 0.623611 0 0.0166667 0
0 0.440278 0.5 0.0805556 1
0 0.763889 0 0.0166667 0
0 0.623611 0 0.0166667 0
0 0.440278 0.5 0.0805556 1
0 0.763889 0 0.0166667 0
0 0.623611 0 0.0166667 0
0 0.440278 0.5 0.0805556 1
0 0.763889 0 0.0166667 0
0 0.623611 0 0.0166667 0
0 0.440278 0.5 0.0805556 1
0 0.763889 0 0.0166667 0
0 0.623611 0 0.0166667 0
0 0.440278 0.5 0.0805556 1
0 0.763889 0 0.0166667 0
0 0.623611 0 0.0166667 0
0 0.440278 0.5 0.0805556 1
0 0.763889 0 0.0166667 0
0 0.623611 0 0.0166667 0
0 0.440278 0.5 0.0805556 1
0 0.763889 0 0.0166667 0
0 0.623611 0 0.0166667 0
0 0.440278 0.5 0.0805556 1
0 0.763889 0 0.0166667 0
0 0.623611 0 0.0166667 0
0 0.440278 0.5 0.0805556 1
0 0.763889 0 0.0166667 0
0 0.623611 0 0.0166667 0
0 0.440278 0.5 0.0805556 1
0 0.763889 0 0.0166667 0
0 0.623611 0 0.0166667 0
0 0.440278 0.5 0.0805556 1
0 0.763889 0 0.0166667 0
0 0.623611 0 0.0166667 0
0 0.440278 0.5 0.0805556 1
0 0.763889 0 0.0166667 0
0 0.623611 0 0.0166667 0
0 0.440278 0.5 0.0805556 1
0 0.763889 0 0.0166667 0
0 0.623611 0 0.0166667 0
0 0.440278 0.5 0.0805556 1
0 0.763889 0 0.0166667 0
0 0.623611 0 0.0166667 0
0 0.440278 0.5 0.0805556 1
0 0.763889 0 0.0166667 0
0 0.623611 0 0.0166667 0
0 0.440278 0.5 0.0805556 1
0 0.763889 0 0.0166667 0
0 0.623611 0 0.0166667 0
0 0.440278 0.5 0.0805556 1
0 0.763889 0 0.0166667 0
0 0.623611 0 0.0166667 0
0 0.440278 0.5 0.0805556 1
0 0.763889 0 0.0166667 0
0 0.623611 0 0.0166667 0
0 0.440278 0.5 0.0805556 1
0 0.763889 0 0.0166667 0
0 0.623611 0 0.0166667 0
0 0.440278 0.5 0.0805556 1
0 0.763889 0 0.0166667 0
0 0.623611 0 0.0166667 0
0 0.440278 0.5 0.0805556 1
0 0.763889 0 0.0166667 0
0 0.623611 0 0.0166667 0
0 0.440278 0.5 0.0805556 1
0 0.763889 0 0.0166667 0
0 0.623611 0 0.0166667 0
0 0.440278 0.5 0.0805556 1
0 0.763889 0 0.0166667 0
0 0.623611 0 0.0166667 0
0 0.440278 0.5 0.0805556 1
0 0.763889 0 0.0166667 0
0 0.623611 0 0.0166667 0
0 0.440278 0.5 0.0805556 1
0 0.763889 0 0.0166667 0
0 0.623611 0 0.0166667 0
0 0.440278 0.5 0.0805556 1
0 0.763889 0 0.0166667 0
0 0.623611 0 0.0166667 0
0 0.440278 0.5 0.0805556 1
0 0.763889 0 0.0166667 0
0 0.623611 0 0.0166667 0
0 0.440278 0.5 0.0805556 1
0 0.763889 0 0.0166667 0
0 0.623611 0 0.0166667 0
0 0.440278 0.5 0.0805556 1
0 0.763889 0 0.0166667 0
0 0.623611 0 0.0166667 0
0 0.440278 0.5 0.0805556 1
0 0.763889 0 0.0166667 0
0 0.623611 0 0.0166667 0
0 0.440278 0.5 0.0805556 1
0 0.763889 0 0.0166667 0
0 0.623611 0 0.0166667 0
0 0.440278 0.5 0.0805556 1
0 0.763889 0 0.0166667 0
0 0.623611 0 0.0166667 0
0 0.440278 0.5 0.0805556 1
0 0.763889 0 0.0166667 0
0 0.623611 0 0.0166667 0
0 0.440278 0.5 0.0805556 1
0 0.763889 0 0.0166667 0
0 0.623611 0 0.0166667 0
0 0.440278 0.5 0.0805556 1
0 0.763889 0 0.0166667 0
0 0.623611 0 0.0166667 0
0 0.440278 0.5 0.0805556 1
0 0.763889 0 0.0166667 0
0 0.623611 0 0.0166667 0
0 0.440278 0.5 0.0805556 1
0 0.763889 0 0.0166667 0
0 0.623611 0 0.0166667 0
0 0.440278 0.5 0.0805556 1
0 0.763889 0 0.0166667 0
0 0.623611 0 0.0166667 0
0 0.440278 0.5 0.0805556 1
0 0.763889 0 0.0166667 0
0 0.623611 0 0.0166667 0
0 0.440278 0.5 0.0805556 1
0 0.763889 0 0.0166667 0
0 0.623611 0 0.0166667 0
0 0.440278 0.5 0.0805556 1
0 0.763889 0 0.0166667 0
0 0.623611 0 0.0166667 0
0 0.440278 0.5 0.0805556 1
0 0.763889 0 0.0166667 0
0 0.623611 0 0.0166667 0
0 0.440278 0.5 0.0805556 1
0 0.763889 0 0.0166667 0
0 0.623611 0 0.0166667 0
0 0.440278 0.5 0.0805556 1
0 0.763889 0 0.0166667 0
0 0.623611 0 0.0166667 0
0 0.440278 0.5 0.0805556 1
0 0.763889 0 0.0166667 0
0 0.623611 0 0.0166667 0
0 0.440278 0.5 0.0805556 1
0 0.763889 0 0.0166667 0
0 0.623611 0 0.0166667 0
0 0.440278 0.5 0.0805556 1
0 0.763889 0 0.0166667 0
0 0.623611 0 0.0166667 0
0 0.440278 0.5 0.0805556 1
0 0.763889 0 0.0166667 0
0 0.623611 0 0.0166667 0
0 0.440278 0.5 0.0805556 1
0 0.763889 0 0.0166667 0
0 0.623611 0 0.0166667 0
0 0.440278 0.5 0.0805556 1
0 0.763889 0 0.0166667 0
0 0.623611 0 0.0166667 0
0 0.440278 0.5 0.0805556 1
0 0.763889 0 0.0166667 0
0 0.623611 0 0.0166667 0
0 0.440278 0.5 0.0805556 1
0 0.763889 0 0.0166667 0
0 0.623611 0 0.0166667 0
0 0.440278 0.5 0.0805556 1
0 0.763889 0 0.0166667 0
0 0.623611 0 0.0166667 0
0 0.440278 0.5 0.0805556 1
0 0.763889 0 0.0166667 0
0 0.623611 0 0.0166667 0
0 0.440278 0.5 0.0805556 1
0 0.763889 0 0.0166667 0
0 0.623611 0 0.0166667 0
0 0.440278 0.5 0.0805556 1
0 0.763889 0 0.0166667 0
0 0.623611 0 0.0166667 0
0 0.440278 0.5 0.0805556 1
0 0.763889 0 0.0166667 0
0 0.623611 0 0.0166667 0
0 0.440278 0.5 0.0805556 1
0 0.763889 0 0.0166667 0
0 0.623611 0 0.0166667 0
0 0.440278 0.5 0.0805556 1
0 0.763889 0 0.0166667 0
0 0.623611 0 0.0166667 0
0 0.440278 0.5 0.0805556 1
0 0.763889 0 0.0166667 0
0 0.623611 0 0.0166667 0
0 0.440278 0.5 0.0805556 1
0 0.763889 0 0.0166667 0
0 0.623611 0 0.0166667 0
0 0.440278 0.5 0.0805556 1
0 0.763889 0 0.0166667 0
0 0.623611 0 0.0166667 0
0 0.440278 0.5 0.0805556 1
0 0.763889 0 0.0166667 0
0 0.623611 0 0.0166667 0
0 0.440278 0.5 0.0805556 1
0 0.763889 0 0.0166667 0
0 0.623611 0 0.0166667 0
0 0.440278 0.5 0.0805556 1
0 0.763889 0 0.0166667 0
0 0.623611 0 0.0166667 0
0 0.440278 0.5 0.0805556 1
0 0.763889 0 0.0166667 0
0 0.623611 0 0.0166667 0
0 0.440278 0.5 0.0805556 1
0 0.763889 0 0.0166667 0
0 0.623611 0 0.0166667 0
0 0.440278 0.5 0.0805556 1
0 0.763889 0 0.0166667 0
0 0.623611 0 0.0166667 0
0 0.440278 0.5 0.0805556 1
0 0.763889 0 0.0166667 0
0 0.623611 0 0.0166667 0
0 0.440278 0.5 0.0805556 1
0 0.763889 0 0.0166667 0
0 0.623611 0 0.0166667 0
0 0.440278 0.5 0.0805556 1
0 0.763889 0 0.0166667 0
0 0.623611 0 0.0166667 0
0 0.440278 0.5 0.0805556 1
0 0.763889 0 0.0166667 0
0 0.623611 0 0.0166667 0
0 0.440278 0.5 0.0805556 1
0 0.763889 0 0.0166667 0
0 0.623611 0 0.0166667 0
0 0.440278 0.5 0.0805556 1
0 0.763889 0 0.0166667 0
0 0.623611 0 0.0166667 0
0 0.440278 0.5 0.0805556 1
0 0.763889 0 0.0166667 0
0 0.623611 0 0.0166667 0
0 0.440278 0.5 0.0805556 1
0 0.763889 0 0.0166667 0
0 0.623611 0 0.0166667 0
0 0.440278 0.5 0.0805556 1
0 0.763889 0 0.0166667 0
0 0.623611 0 0.0166667 0
0 0.440278 0.5 0.0805556 1
0 0.763889 0 0.0166667 0
0 0.623611 0 0.0166667 0
0 0.440278 0.5 0.0805556 1
0 0.763889 0 0.0166667 0
0 0.623611 0 0.0166667 0
0 0.440278 0.5 0.0805556 1
0 0.763889 0 0.0166667 0
0 0.623611 0 0.0166667 0
0 0.440278 0.5 0.0805556 1
0 0.763889 0 0.0166667 0
0 0.623611 0 0.0166667 0
0 0.440278 0.5 0.0805556 1
0 0.763889 0 0.0166667 0
0 0.623611 0 0.0166667 0
0 0.440278 0.5 0.0805556 1
0 0.763889 0 0.0166667 0
0 0.623611 0 0.0166667 0
0 0.440278 0.5 0.0805556 1
0 0.763889 0 0.0166667 0
0 0.623611 0 0.0166667 0
0 0.440278 0.5 0.0805556 1
0 0.763889 0 0.0166667 0
0 0.623611 0 0.0166667 0
0 0.440278 0.5 0.0805556 1
0 0.763889 0 0.0166667 0
0 0.623611 0 0.0166667 0
0 0.440278 0.5 0.0805556 1
0 0.763889 0 0.0166667 0
0 0.623611 0 0.0166667 0
0 0.440278 0.5 0.0805556 1
0 0.763889 0 0.0166667 0
0 0.623611 0 0.0166667 0
0 0.440278 0.5 0.0805556 1
0 0.763889 0 0.0166667 0
0 0.623611 0 0.0166667 0
0 0.440278 0.5 0.0805556 1
0 0.763889 0 0.0166667 0
0 0.623611 0 0.0166667 0
0 0.440278 0.5 0.0805556 1
0 0.763889 0 0.0166667 0
0 0.623611 0 0.0166667 0
0 0.440278 0.5 0.0805556 1
0 0.763889 0 0.0166667 0
0 0.623611 0 0.0166667 0
0 0.440278 0.5 0.0805556 1
0 0.763889 0 0.0166667 0
0 0.623611 0 0.0166667 0
0 0.440278 0.5 0.0805556 1
0 0.763889 0 0.0166667 0
0 0.623611 0 0.0166667 0
0 0.440278 0.5 0.0805556 1
0 0.763889 0 0.0166667 0
0 0.623611 0 0.0166667 0
0 0.440278 0.5 0.0805556 1
0 0.763889 0 0.0166667 0
0 0.623611 0 0.0166667 0
0 0.440278 0.5 0.0805556 1
0 0.763889 0 0.0166667 0
0 0.623611 0 0.0166667 0
0 0.440278 0.5 0.0805556 1
0 0.763889 0 0.0166667 0
0 0.623611 0 0.0166667 0
0 0.440278 0.5 0.0805556 1
0 0.763889 0 0.0166667 0
0 0.623611 0 0.0166667 0
0 0.440278 0.5 0.0805556 1
0 0.763889 0 0.0166667 0
0 0.623611 0 0.0166667 0
0 0.440278 0.5 0.0805556 1
0 0.763889 0 0.0166667 0
0 0.623611 0 0.0166667 0
0 0.440278 0.5 0.0805556 1
0 0.763889 0 0.0166667 0
0 0.623611 0 0.0166667 0
0 0.440278 0.5 0.0805556 1
0 0.763889 0 0.0166667 0
0 0.623611 0 0.0166667 0
0 0.440278 0.5 0.0805556 1
0 0.763889 0 0.0166667 0
0 0.623611 0 0.0166667 0
0 0.440278 0.5 0.0805556 1
0 0.763889 0 0.0166667 0
0 0.623611 0 0.0166667 0
0 0.440278 0.5 0.0805556 1
0 0.763889 0 0.0166667 0
0 0.623611 0 0.0166667 0
0 0.440278 0.5 0.0805556 1
0 0.763889 0 0.0166667 0
0 0.623611 0 0.0166667 0
0 0.440278 0.5 0.0805556 1
0 0.763889 0 0.0166667 0
0 0.623611 0 0.0166667 0
0 0.440278 0.5 0.0805556 1
0 0.763889 0 0.0166667 0
0 0.623611 0 0.0166667 0
0 0.440278 0.5 0.0805556 1
0 0.763889 0 0.0166667 0
0 0.623611 0 0.0166667 0
0 0.440278 0.5 0.0805556 1
0 0.763889 0 0.0166667 0
0 0.623611 0 0.0166667 0
0 0.440278 0.5 0.0805556 1
0 0.763889 0 0.0166667 0
0 0.623611 0 0.0166667 0
0 0.440278 0.5 0.0805556 1
0 0.763889 0 0.0166667 0
0 0.623611 0 0.0166667 0
0 0.440278 0.5 0.0805556 1
0 0.763889 0 0.0166667 0
0 0.623611 0 0.0166667 0
0 0.440278 0.5 0.0805556 1
0 0.763889 0 0.0166667 0
0 0.623611 0 0.0166667 0
0 0.440278 0.5 0.0805556 1
0 0.763889 0 0.0166667 0
0 0.623611 0 0.0166667 0
0 0.440278 0.5 0.0805556 1
0 0.763889 0 0.0166667 0
0 0.623611 0 0.0166667 0
0 0.440278 0.5 0.0805556 1
0 0.763889 0 0.0166667 0
0 0.623611 0 0.0166667 0
0 0.440278 0.5 0.0805556 1
0 0.763889 0 0.0166667 0
0 0.623611 0 0.0166667 0
0 0.440278 0.5 0.0805556 1
0 0.763889 0 0.0166667 0
0 0.623611 0 0.0166667 0
0 0.440278 0.5 0.0805556 1
0 0.763889 0 0.0166667 0
0 0.623611 0 0.0166667 0
0 0.440278 0.5 0.0805556 1
0 0.763889 0 0.0166667 0
0 0.623611 0 0.0166667 0
0 0.440278 0.5 0.0805556 1
0 0.763889 0 0.0166667 0
0 0.623611 0 0.0166667 0
0 0.440278 0.5 0.0805556 1
0 0.763889 0 0.0166667 0
0 0.623611 0 0.0166667 0
0 0.440278 0.5 0.0805556 1
0 0.763889 0 0.0166667 0
0 0.623611 0 0.0166667 0
0 0.440278 0.5 0.0805556 1
0 0.763889 0 0.0166667 0
0 0.623611 0 0.0166667 0
0 0.440278 0.5 0.0805556 1
0 0.763889 0 0.0166667 0
0 0.623611 0 0.0166667 0
0 0.440278 0.5 0.0805556 1
0 0.763889 0 0.0166667 0
0 0.623611 0 0.0166667 0
0 0.440278 0.5 0.0805556 1
0 0.763889 0 0.0166667 0
0 0.623611 0 0.0166667 0
0 0.440278 0.5 0.0805556 1
0 0.763889 0 0.0166667 0
0 0.623611 0 0.0166667 0
0 0.440278 0.5 0.0805556 1
0 0.763889 0 0.0166667 0
0 0.623611 0 0.0166667 0
0 0.440278 0.5 0.0805556 1
0 0.763889 0 0.0166667 0
0 0.623611 0 0.0166667 0
0 0.440278 0.5 0.0805556 1
0 0.763889 0 0.0166667 0
0 0.623611 0 0.0166667 0
0 0.440278 0.5 0.0805556 1
0 0.763889 0 0.0166667 0
0 0.623611 0 0.0166667 0
0 0.440278 0.5 0.0805556 1
0 0.763889 0 0.0166667 0
0 0.623611 0 0.0166667 0
0 0.440278 0.5 0.0805556 1
0 0.763889 0 0.0166667 0
0 0.623611 0 0.0166667 0
0 0.440278 0.5 0.0805556 1
0 0.763889 0 0.0166667 0
0 0.623611 0 0.0166667 0
0 0.440278 0.5 0.0805556 1
0 0.763889 0 0.0166667 0
0 0.623611 0 0.0166667 0
0 0.440278 0.5 0.0805556 1
0 0.763889 0 0.0166667 0
0 0.623611 0 0.0166667 0
0 0.440278 0.5 0.0805556 1
0 0.763889 0 0.0166667 0
0 0.623611 0 0.0166667 0
0 0.440278 0.5 0.0805556 1
0 0.763889 0 0.0166667 0
0 0.623611 0 0.0166667 0
0 0.440278 0.5 0.0805556 1
0 0.763889 0 0.0166667 0
0 0.623611 0 0.0166667 0
0 0.440278 0.5 0.0805556 1
0 0.763889 0 0.0166667 0
0 0.623611 0 0.0166667 0
0 0.440278 0.5 0.0805556 1
0 0.763889 0 0.0166667 0
0 0.623611 0 0.0166667 0
0 0.440278 0.5 0.0805556 1
0 0.763889 0 0.0166667 0
0 0.623611 0 0.0166667 0
0 0.440278 0.5 0.0805556 1
0 0.763889 0 0.0166667 0
0 0.623611 0 0.0166667 0
0 0.440278 0.5 0.0805556 1
0 0.763889 0 0.0166667 0
0 0.623611 0 0.0166667 0
0 0.440278 0.5 0.0805556 1
0 0.763889 0 0.0166667 0
0 0.623611 0 0.0166667 0
0 0.440278 0.5 0.0805556 1
0 0.763889 0 0.0166667 0
0 0.623611 0 0.0166667 0
0 0.440278 0.5 0.0805556 1
0 0.763889 0 0.0166667 0
0 0.623611 0 0.0166667 0
0 0.440278 0.5 0.0805556 1
0 0.763889 0 0.0166667 0
0 0.623611 0 0.0166667 0
0 0.440278 0.5 0.0805556 1
0 0.763889 0 0.0166667 0
0 0.623611 0 0.0166667 0
0 0.440278 0.5 0.0805556 1
0 0.763889 0 0.0166667 0
0 0.623611 0 0.0166667 0
0 0.440278 0.5 0.0805556 1
0 0.763889 0 0.0166667 0
0 0.623611 0 0.0166667 0
0 0.440278 0.5 0.0805556 1
0 0.763889 0 0.0166667 0
0 0.623611 0 0.0166667 0
0 0.440278 0.5 0.0805556 1
0 0.763889 0 0.0166667 0
0 0.623611 0 0.0166667 0
0 0.440278 0.5 0.0805556 1
0 0.763889 0 0.0166667 0
0 0.623611 0 0.0166667 0
0 0.440278 0.5 0.0805556 1
0 0.763889 0 0.0166667 0
0 0.623611 0 0.0166667 0
0 0.440278 0.5 0.0805556 1
0 0.763889 0 0.0166667 0
0 0.623611 0 0.0166667 0
0 0.440278 0.5 0.0805556 1
0 0.763889 0 0.0166667 0
0 0.623611 0 0.0166667 0
0 0.440278 0.5 0.0805556 1
0 0.763889 0 0.0166667 0
0 0.623611 0 0.0166667 0
0 0.440278 0.5 0.0805556 1
0 0.763889 0 0.0166667 0
0 0.623611 0 0.0166667 0
0 0.440278 0.5 0.0805556 1
0 0.763889 0 0.0166667 0
0 0.623611 0 0.0166667 0
0 0.440278 0.5 0.0805556 1
0 0.763889 0 0.0166667 0
0 0.623611 0 0.0166667 0
0 0.440278 0.5 0.0805556 1
0 0.763889 0 0.0166667 0
0 0.623611 0 0.0166667 0
0 0.440278 0.5 0.0805556 1
0 0.763889 0 0.0166667 0
0 0.623611 0 0.0166667 0
0 0.440278 0.5 0.0805556 1
0 0.763889 0 0.0166667 0
0 0.623611 0 0.0166667 0
0 0.440278 0.5 0.0805556 1
0 0.763889 0 0.0166667 0
0 0.623611 0 0.0166667 0
0 0.440278 0.5 0.0805556 1
0 0.763889 0 0.0166667 0
0 0.623611 0 0.0166667 0
0 0.440278 0.5 0.0805556 1
0 0.763889 0 0.0166667 0
0 0.623611 0 0.0166667 0
0 0.440278 0.5 0.0805556 1
0 0.763889 0 0.0166667 0
0 0.623611 0 0.0166667 0
0 0.440278 0.5 0.0805556 1
0 0.763889 0 0.0166667 0
0 0.623611 0 0.0166667 0
0 0.440278 0.5 0.0805556 1
0 0.763889 0 0.0166667 0
0 0.623611 0 0.0166667 0
0 0.440278 0.5 0.0805556 1
0 0.763889 0 0.0166667 0
0 0.623611 0 0.0166667 0
0 0.440278 0.5 0.0805556 1
0 0.763889 0 0.0166667 0
0 0.623611 0 0.0166667 0
0 0.440278 0.5 0.0805556 1
0 0.763889 0 0.0166667 0
0 0.623611 0 0.0166667 0
0 0.440278 0.5 0.0805556 1
0 0.763889 0 0.0166667 0
0 0.623611 0 0.0166667 0
0 0.440278 0.5 0.0805556 1
0 0.763889 0 0.0166667 0
0 0.623611 0 0.0166667 0
0 0.440278 0.5 0.0805556 1
0 0.763889 0 0.0166667 0
0 0.623611 0 0.0166667 0
0 0.440278 0.5 0.0805556 1
0 0.763889 0 0.0166667 0
0 0.623611 0 0.0166667 0
0 0.440278 0.5 0.0805556 1
0 0.763889 0 0.0166667 0
0 0.623611 0 0.0166667 0
0 0.440278 0.5 0.0805556 1
0 0.763889 0 0.0166667 0
0 0.623611 0 0.0166667 0
0 0.440278 0.5 0.0805556 1
0 0.763889 0 0.0166667 0
0 0.623611 0 0.0166667 0
0 0.440278 0.5 0.0805556 1
0 0.763889 0 0.0166667 0
0 0.623611 0 0.0166667 0
0 0.440278 0.5 0.0805556 1
0 0.763889 0 0.0166667 0
0 0.623611 0 0.0166667 0
0 0.440278 0.5 0.0805556 1
0 0.763889 0 0.0166667 0
0 0.623611 0 0.0166667 0
0 0.440278 0.5 0.0805556 1
0 0.763889 0 0.0166667 0
0 0.623611 0 0.0166667 0
0 0.440278 0.5 0.0805556 1
0 0.763889 0 0.0166667 0
0 0.623611 0 0.0166667 0
0 0.440278 0.5 0.0805556 1
0 0.763889 0 0.0166667 0
0 0.623611 0 0.0166667 0
0 0.440278 0.5 0.0805556 1
0 0.763889 0 0.0166667 0
0 0.623611 0 0.0166667 0
0 0.440278 0.5 0.0805556 1
0 0.763889 0 0.0166667 0
0 0.623611 0 0.0166667 0
0 0.440278 0.5 0.0805556 1
0 0.763889 0 0.0166667 0
0 0.623611 0 0.0166667 0
0 0.440278 0.5 0.0805556 1
0 0.763889 0 0.0166667 0
0 0.623611 0 0.0166667 0
0 0.440278 0.5 0.0805556 1
0 0.763889 0 0.0166667 0
0 0.623611 0 0.0166667 0
0 0.440278 0.5 0.0805556 1
0 0.763889 0 0.0166667 0
0 0.623611 0 0.0166667 0
0 0.440278 0.5 0.0805556 1
0 0.763889 0 0.0166667 0
0 0.623611 0 0.0166667 0
0 0.440278 0.5 0.0805556 1
0 0.763889 0 0.0166667 0
0 0.623611 0 0.0166667 0
0 0.440278 0.5 0.0805556 1
0 0.763889 0 0.0166667 0
0 0.623611 0 0.0166667 0
0 0.440278 0.5 0.0805556 1
0 0.763889 0 0.0166667 0
0 0.623611 0 0.0166667 0
0 0.440278 0.5 0.0805556 1
0 0.763889 0 0.0166667 0
0 0.623611 0 0.0166667 0
0 0.440278 0.5 0.0805556 1
0 0.763889 0 0.0166667 0
0 0.623611 0 0.0166667 0
0 0.440278 0.5 0.0805556 1
0 0.763889 0 0.0166667 0
0 0.623611 0 0.0166667 0
0 0.440278 0.5 0.0805556 1
0 0.763889 0 0.0166667 0
0 0.623611 0 0.0166667 0
0 0.440278 0.5 0.0805556 1
0 0.763889 0 0.0166667 0
0 0.623611 0 0.0166667 0
0 0.440278 0.5 0.0805556 1
0 0.763889 0 0.0166667 0
0 0.623611 0 0.0166667 0
0 0.440278 0.5 0.0805556 1
0 0.763889 0 0.0166667 0
0 0.623611 0 0.0166667 0
0 0.440278 0.5 0.0805556 1
0 0.763889 0 0.0166667 0
0 0.623611 0 0.0166667 0
0 0.440278 0.5 0.0805556 1
0 0.763889 0 0.0166667 0
0 0.623611 0 0.0166667 0
0 0.440278 0.5 0.0805556 1
0 0.763889 0 0.0166667 0
0 0.623611 0 0.0166667 0
0 0.440278 0.5 0.0805556 1
0 0.763889 0 0.0166667 0
0 0.623611 0 0.0166667 0
0 0.440278 0.5 0.0805556 1
0 0.763889 0 0.0166667 0
0 0.623611 0 0.0166667 0
0 0.440278 0.5 0.0805556 1
0 0.763889 0 0.0166667 0
0 0.623611 0 0.0166667 0
0 0.440278 0.5 0.0805556 1
0 0.763889 0 0.0166667 0
0 0.623611 0 0.0166667 0
0 0.440278 0.5 0.0805556 1
0 0.763889 0 0.0166667 0
0 0.623611 0 0.0166667 0
0 0.440278 0.5 0.0805556 1
0 0.763889 0 0.0166667 0
0 0.623611 0 0.0166667 0
0 0.440278 0.5 0.0805556 1
0 0.763889 0 0.0166667 0
0 0.623611 0 0.0166667 0
0 0.440278 0.5 0.0805556 1
0 0.763889 0 0.0166667 0
0 0.623611 0 0.0166667 0
0 0.440278 0.5 0.0805556 1
0 0.763889 0 0.0166667 0
0 0.623611 0 0.0166667 0
0 0.440278 0.5 0.0805556 1
0 0.763889 0 0.0166667 0
0 0.623611 0 0.0166667 0
0 0.440278 0.5 0.0805556 1
0 0.763889 0 0.0166667 0
0 0.623611 0 0.0166667 0
0 0.440278 0.5 0.0805556 1
0 0.763889 0 0.0166667 0
0 0.623611 0 0.0166667 0
0 0.440278 0.5 0.0805556 1
0 0.763889 0 0.0166667 0
0 0.623611 0 0.0166667 0
0 0.440278 0.5 0.0805556 1
0 0.763889 0 0.0166667 0
0 0.623611 0 0.0166667 0
0 0.440278 0.5 0.0805556 1
0 0.763889 0 0.0166667 0
0 0.623611 0 0.0166667 0
0 0.440278 0.5 0.0805556 1
0 0.763889 0 0.0166667 0
0 0.623611 0 0.0166667 0
0 0.440278 0.5 0.0805556 1
0 0.763889 0 0.0166667 0
0 0.623611 0 0.0166667 0
0 0.440278 0.5 0.0805556 1
0 0.763889 0 0.0166667 0
0 0.623611 0 0.0166667 0
0 0.440278 0.5 0.0805556 1
0 0.763889 0 0.0166667 0
0 0.623611 0 0.0166667 0
0 0.440278 0.5 0.0805556 1
0 0.763889 0 0.0166667 0
0 0.623611 0 0.0166667 0
0 0.440278 0.5 0.0805556 1
0 0.763889 0 0.0166667 0
0 0.623611 0 0.0166667 0
0 0.440278 0.5 0.0805556 1
0 0.763889 0 0.0166667 0
0 0.623611 0 0.0166667 0
0 0.440278 0.5 0.0805556 1
0 0.763889 0 0.0166667 0
0 0.623611 0 0.0166667 0
0 0.440278 0.5 0.0805556 1
0 0.763889 0 0.0166667 0
0 0.623611 0 0.0166667 0
0 0.440278 0.5 0.0805556 1
0 0.763889 0 0.0166667 0
0 0.623611 0 0.0166667 0
0 0.440278 0.5 0.0805556 1
0 0.763889 0 0.0166667 0
0 0.623611 0 0.0166667 0
0 0.440278 0.5 0.0805556 1
0 0.763889 0 0.0166667 0
0 0.623611 0 0.0166667 0
0 0.440278 0.5 0.0805556 1
0 0.763889 0 0.0166667 0
0 0.623611 0 0.0166667 0
0 0.440278 0.5 0.0805556 1
0 0.763889 0 0.0166667 0
0 0.623611 0 0.0166667 0
0 0.440278 0.5 0.0805556 1
0 0.763889 0 0.0166667 0
0 0.623611 0 0.0166667 0
0 0.440278 0.5 0.0805556 1
0 0.763889 0 0.0166667 0
0 0.623611 0 0.0166667 0
0 0.440278 0.5 0.0805556 1
0 0.763889 0 0.0166667 0
0 0.623611 0 0.0166667 0
0 0.440278 0.5 0.0805556 1
0 0.763889 0 0.0166667 0
0 0.623611 0 0.0166667 0
0 0.440278 0.5 0.0805556 1
0 0.763889 0 0.0166667 0
0 0.623611 0 0.0166667 0
0 0.440278 0.5 0.0805556 1
0 0.763889 0 0.0166667 0
0 0.623611 0 0.0166667 0
0 0.440278 0.5 0.0805556 1
0 0.763889 0 0.0166667 0
0 0.623611 0 0.0166667 0
0 0.440278 0.5 0.0805556 1
0 0.763889 0 0.0166667 0
0 0.623611 0 0.0166667 0
0 0.440278 0.5 0.0805556 1
0 0.763889 0 0.0166667 0
0 0.623611 0 0.0166667 0
0 0.440278 0.5 0.0805556 1
0 0.763889 0 0.0166667 0
0 0.623611 0 0.0166667 0
0 0.440278 0.5 0.0805556 1
0 0.763889 0 0.0166667 0
0 0.623611 0 0.0166667 0
0 0.440278 0.5 0.0805556 1
0 0.763889 0 0.0166667 0
0 0.623611 0 0.0166667 0
0 0.440278 0.5 0.0805556 1
0 0.763889 0 0.0166667 0
0 0.623611 0 0.0166667 0
0 0.440278 0.5 0.0805556 1
0 0.763889 0 0.0166667 0
0 0.623611 0 0.0166667 0
0 0.440278 0.5 0.0805556 1
0 0.763889 0 0.0166667 0
0 0.623611 0 0.0166667 0
0 0.440278 0.5 0.0805556 1
0 0.763889 0 0.0166667 0
0 0.623611 0 0.0166667 0
0 0.440278 0.5 0.0805556 1
0 0.763889 0 0.0166667 0
0 0.623611 0 0.0166667 0
0 0.440278 0.5 0.0805556 1
0 0.763889 0 0.0166667 0
0 0.623611 0 0.0166667 0
0 0.440278 0.5 0.0805556 1
0 0.763889 0 0.0166667 0
0 0.623611 0 0.0166667 0
0 0.440278 0.5 0.0805556 1
0 0.763889 0 0.0166667 0
0 0.623611 0 0.0166667 0
0 0.440278 0.5 0.0805556 1
0 0.763889 0 0.0166667 0
0 0.623611 0 0.0166667 0
0 0.440278 0.5 0.0805556 1
0 0.763889 0 0.0166667 0
0 0.623611 0 0.0166667 0
0 0.440278 0.5 0.0805556 1
0 0.763889 0 0.0166667 0
0 0.623611 0 0.0166667 0
0 0.440278 0.5 0.0805556 1
0 0.763889 0 0.0166667 0
0 0.623611 0 0.0166667 0
0 0.440278 0.5 0.0805556 1
0 0.763889 0 0.0166667 0
0 0.623611 0 0.0166667 0
0 0.440278 0.5 0.0805556 1
0 0.763889 0 0.0166667 0
0 0.623611 0 0.0166667 0
0 0.440278 0.5 0.0805556 1
0 0.763889 0 0.0166667 0
0 0.623611 0 0.0166667 0
0 0.440278 0.5 0.0805556 1
0 0.763889 0 0.0166667 0
0 0.623611 0 0.0166667 0
0 0.440278 0.5 0.0805556 1
0 0.763889 0 0.0166667 0
0 0.623611 0 0.0166667 0
0 0.440278 0.5 0.0805556 1
0 0.763889 0 0.0166667 0
0 0.623611 0 0.0166667 0
0 0.440278 0.5 0.0805556 1
0 0.763889 0 0.0166667 0
0 0.623611 0 0.0166667 0
0 0.440278 0.5 0.0805556 1
0 0.763889 0 0.0166667 0
0 0.623611 0 0.0166667 0
0 0.440278 0.5 0.0805556 1
0 0.763889 0 0.0166667 0
0 0.623611 0 0.0166667 0
0 0.440278 0.5 0.0805556 1
0 0.763889 0 0.0166667 0
0 0.623611 0 0.0166667 0
0 0.440278 0.5 0.0805556 1
0 0.763889 0 0.0166667 0
0 0.623611 0 0.0166667 0
0 0.440278 0.5 0.0805556 1
0 0.763889 0 0.0166667 0
0 0.623611 0 0.0166667 0
0 0.440278 0.5 0.0805556 1
0 0.763889 0 0.0166667 0
0 0.623611 0 0.0166667 0
0 0.440278 0.5 0.0805556 1
0 0.763889 0 0.0166667 0
0 0.623611 0 0.0166667 0
0 0.440278 0.5 0.0805556 1
0 0.763889 0 0.0166667 0
0 0.623611 0 0.0166667 0
0 0.440278 0.5 0.0805556 1
0 0.763889 0 0.0166667 0
0 0.623611 0 0.0166667 0
0 0.440278 0.5 0.0805556 1
0 0.763889 0 0.0166667 0
0 0.623611 0 0.0166667 0
0 0.440278 0.5 0.0805556 1
0 0.763889 0 0.0166667 0
0 0.623611 0 0.0166667 0
0 0.440278 0.5 0.0805556 1
0 0.763889 0 0.0166667 0
0 0.623611 0 0.0166667 0
0 0.440278 0.5 0.0805556 1
0 0.763889 0 0.0166667 0
0 0.623611 0 0.0166667 0
0 0.440278 0.5 0.0805556 1
0 0.763889 0 0.0166667 0
0 0.623611 0 0.0166667 0
0 0.440278 0.5 0.0805556 1
0 0.763889 0 0.0166667 0
0 0.623611 0 0.0166667 0
0 0.440278 0.5 0.0805556 1
0 0.763889 0 0.0166667 0
0 0.623611 0 0.0166667 0
0 0.440278 0.5 0.0805556 1
0 0.763889 0 0.0166667 0
0 0.623611 0 0.0166667 0
0 0.440278 0.5 0.0805556 1
0 0.763889 0 0.0166667 0
0 0.623611 0 0.0166667 0
0 0.440278 0.5 0.0805556 1
0 0.763889 0 0.0166667 0
0 0.623611 0 0.0166667 0
0 0.440278 0.5 0.0805556 1
0 0.763889 0 0.0166667 0
0 0.623611 0 0.0166667 0
0 0.440278 0.5 0.0805556 1
0 0.763889 0 0.0166667 0
0 0.623611 0 0.0166667 0
0 0.440278 0.5 0.0805556 1
0 0.763889 0 0.0166667 0
0 0.623611 0 0.0166667 0
0 0.440278 0.5 0.0805556 1
0 0.763889 0 0.0166667 0
0 0.623611 0 0.0166667 0
0 0.440278 0.5 0.0805556 1
0 0.763889 0 0.0166667 0
0 0.623611 0 0.0166667 0
0 0.440278 0.5 0.0805556 1
0 0.763889 0 0.0166667 0
0 0.623611 0 0.0166667 0
0 0.440278 0.5 0.0805556 1
0 0.763889 0 0.0166667 0
0 0.623611 0 0.0166667 0
0 0.440278 0.5 0.0805556 1
0 0.763889 0 0.0166667 0
0 0.623611 0 0.0166667 0
0 0.440278 0.5 0.0805556 1
0 0.763889 0 0.0166667 0
0 0.623611 0 0.0166667 0
0 0.440278 0.5 0.0805556 1
0 0.763889 0 0.0166667 0
0 0.623611 0 0.0166667 0
0 0.440278 0.5 0.0805556 1
0 0.763889 0 0.0166667 0
0 0.623611 0 0.0166667 0
0 0.440278 0.5 0.0805556 1
0 0.763889 0 0.0166667 0
0 0.623611 0 0.0166667 0
0 0.440278 0.5 0.0805556 1
0 0.763889 0 0.0166667 0
0 0.623611 0 0.0166667 0
0 0.440278 0.5 0.0805556 1
0 0.763889 0 0.0166667 0
0 0.623611 0 0.0166667 0
0 0.440278 0.5 0.0805556 1
0 0.763889 0 0.0166667 0
0 0.623611 0 0.0166667 0
0 0.440278 0.5 0.0805556 1
0 0.763889 0 0.0166667 0
0 0.623611 0 0.0166667 0
0 0.440278 0.5 0.0805556 1
0 0.763889 0 0.0166667 0
0 0.623611 0 0.0166667 0
0 0.440278 0.5 0.0805556 1
0 0.763889 0 0.0166667 0
0 0.623611 0 0.0166667 0
0 0.440278 0.5 0.0805556 1
0 0.763889 0 0.0166667 0
0 0.623611 0 0.0166667 0
0 0.440278 0.5 0.0805556 1
0 0.763889 0 0.0166667 0
0 0.623611 0 0.0166667 0
0 0.440278 0.5 0.0805556 1
0 0.763889 0 0.0166667 0
0 0.623611 0 0.0166667 0
0 0.440278 0.5 0.0805556 1
0 0.763889 0 0.0166667 0
0 0.623611 0 0.0166667 0
0 0.440278 0.5 0.0805556 1
0 0.763889 0 0.0166667 0
0 0.623611 0 0.0166667 0
0 0.440278 0.5 0.0805556 1
0 0.763889 0 0.0166667 0
0 0.623611 0 0.0166667 0
0 0.440278 0.5 0.0805556 1
0 0.763889 0 0.0166667 0
0 0.623611 0 0.0166667 0
0 0.440278 0.5 0.0805556 1
0 0.763889 0 0.0166667 0
0 0.623611 0 0.0166667 0
0 0.440278 0.5 0.0805556 1
0 0.763889 0 0.0166667 0
0 0.623611 0 0.0166667 0
0 0.440278 0.5 0.0805556 1
0 0.763889 0 0.0166667 0
0 0.623611 0 0.0166667 0
0 0.440278 0.5 0.0805556 1
0 0.763889 0 0.0166667 0
0 0.623611 0 0.0166667 0
0 0.440278 0.5 0.0805556 1
0 0.763889 0 0.0166667 0
0 0.623611 0 0.0166667 0
0 0.440278 0.5 0.0805556 1
0 0.763889 0 0.0166667 0
0 0.623611 0 0.0166667 0
0 0.440278 0.5 0.0805556 1
0 0.763889 0 0.0166667 0
0 0.623611 0 0.0166667 0
0 0.440278 0.5 0.0805556 1
0 0.763889 0 0.0166667 0
0 0.623611 0 0.0166667 0
0 0.440278 0.5 0.0805556 1
0 0.763889 0 0.0166667 0
0 0.623611 0 0.0166667 0
0 0.440278 0.5 0.0805556 1
0 0.763889 0 0.0166667 0
0 0.623611 0 0.0166667 0
0 0.440278 0.5 0.0805556 1
0 0.763889 0 0.0166667 0
0 0.623611 0 0.0166667 0
0 0.440278 0.5 0.0805556 1
0 0.763889 0 0.0166667 0
0 0.623611 0 0.0166667 0
0 0.440278 0.5 0.0805556 1
0 0.763889 0 0.0166667 0
0 0.623611 0 0.0166667 0
0 0.440278 0.5 0.0805556 1
0 0.763889 0 0.0166667 0
0 0.623611 0 0.0166667 0
0 0.440278 0.5 0.0805556 1
0 0.763889 0 0.0166667 0
0 0.623611 0 0.0166667 0
0 0.440278 0.5 0.0805556 1
0 0.763889 0 0.0166667 0
0 0.623611 0 0.0166667 0
0 0.440278 0.5 0.0805556 1
0 0.763889 0 0.0166667 0
0 0.623611 0 0.0166667 0
0 0.440278 0.5 0.0805556 1
0 0.763889 0 0.0166667 0
0 0.623611 0 0.0166667 0
0 0.440278 0.5 0.0805556 1
0 0.763889 0 0.0166667 0
0 0.623611 0 0.0166667 0
0 0.440278 0.5 0.0805556 1
0 0.763889 0 0.0166667 0
0 0.623611 0 0.0166667 0
0 0.440278 0.5 0.0805556 1
0 0.763889 0 0.0166667 0
0 0.623611 0 0.0166667 0
0 0.440278 0.5 0.0805556 1
0 0.763889 0 0.0166667 0
0 0.623611 0 0.0166667 0
0 0.440278 0.5 0.0805556 1
0 0.763889 0 0.0166667 0
0 0.623611 0 0.0166667 0
0 0.440278 0.5 0.0805556 1
0 0.763889 0 0.0166667 0
0 0.623611 0 0.0166667 0
0 0.440278 0.5 0.0805556 1
0 0.763889 0 0.0166667 0
0 0.623611 0 0.0166667 0
0 0.440278 0.5 0.0805556 1
0 0.763889 0 0.0166667 0
0 0.623611 0 0.0166667 0
0 0.440278 0.5 0.0805556 1
0 0.763889 0 0.0166667 0
0 0.623611 0 0.0166667 0
0 0.440278 0.5 0.0805556 1
0 0.763889 0 0.0166667 0
0 0.623611 0 0.0166667 0
0 0.440278 0.5 0.0805556 1
0 0.763889 0 0.0166667 0
0 0.623611 0 0.0166667 0
0 0.440278 0.5 0.0805556 1
0 0.763889 0 0.0166667 0
0 0.623611 0 0.0166667 0
0 0.440278 0.5 0.0805556 1
0 0.763889 0 0.0166667 0
0 0.623611 0 0.0166667 0
0 0.440278 0.5 0.0805556 1
0 0.763889 0 0.0166667 0
0 0.623611 0 0.0166667 0
0 0.440278 0.5 0.0805556 1
0 0.763889 0 0.0166667 0
0 0.623611 0 0.0166667 0
0 0.440278 0.5 0.0805556 1
0 0.763889 0 0.0166667 0
0 0.623611 0 0.0166667 0
0 0.440278 0.5 0.0805556 1
0 0.763889 0 0.0166667 0
0 0.623611 0 0.0166667 0
0 0.440278 0.5 0.0805556 1
0 0.763889 0 0.0166667 0
0 0.623611 0 0.0166667 0
0 0.440278 0.5 0.0805556 1
0 0.763889 0 0.0166667 0
0 0.623611 0 0.0166667 0
0 0.440278 0.5 0.0805556 1
0 0.763889 0 0.0166667 0
0 0.623611 0 0.0166667 0
0 0.440278 0.5 0.0805556 1
0 0.763889 0 0.0166667 0
0 0.623611 0 0.0166667 0
0 0.440278 0.5 0.0805556 1
0 0.763889 0 0.0166667 0
0 0.623611 0 0.0166667 0
0 0.440278 0.5 0.0805556 1
0 0.763889 0 0.0166667 0
0 0.623611 0 0.0166667 0
0 0.440278 0.5 0.0805556 1
0 0.763889 0 0.0166667 0
0 0.623611 0 0.0166667 0
0 0.440278 0.5 0.0805556 1
0 0.763889 0 0.0166667 0
0 0.623611 0 0.0166667 0
0 0.440278 0.5 0.0805556 1
0 0.763889 0 0.0166667 0
0 0.623611 0 0.0166667 0
0 0.440278 0.5 0.0805556 1
0 0.763889 0 0.0166667 0
0 0.623611 0 0.0166667 0
0 0.440278 0.5 0.0805556 1
0 0.763889 0 0.0166667 0
0 0.623611 0 0.0166667 0
0 0.440278 0.5 0.0805556 1
0 0.763889 0 0.0166667 0
0 0.623611 0 0.0166667 0
0 0.440278 0.5 0.0805556 1
0 0.763889 0 0.0166667 0
0 0.623611 0 0.0166667 0
0 0.440278 0.5 0.0805556 1
0 0.763889 0 0.0166667 0
0 0.623611 0 0.0166667 0
0 0.440278 0.5 0.0805556 1
0 0.763889 0 0.0166667 0
0 0.623611 0 0.0166667 0
0 0.440278 0.5 0.0805556 1
0 0.763889 0 0.0166667 0
0 0.623611 0 0.0166667 0
0 0.440278 0.5 0.0805556 1
0 0.763889 0 0.0166667 0
0 0.623611 0 0.0166667 0
0 0.440278 0.5 0.0805556 1
0 0.763889 0 0.0166667 0
0 0.623611 0 0.0166667 0
0 0.440278 0.5 0.0805556 1
0 0.763889 0 0.0166667 0
0 0.623611 0 0.0166667 0
0 0.440278 0.5 0.0805556 1
0 0.763889 0 0.0166667 0
0 0.623611 0 0.0166667 0
0 0.440278 0.5 0.0805556 1
0 0.763889 0 0.0166667 0
0 0.623611 0 0.0166667 0
0 0.440278 0.5 0.0805556 1
0 0.763889 0 0.0166667 0
0 0.623611 0 0.0166667 0
0 0.440278 0.5 0.0805556 1
0 0.763889 0 0.0166667 0
0 0.623611 0 0.0166667 0
0 0.440278 0.5 0.0805556 1
0 0.763889 0 0.0166667 0
0 0.623611 0 0.0166667 0
0 0.440278 0.5 0.0805556 1
0 0.763889 0 0.0166667 0
0 0.623611 0 0.0166667 0
0 0.440278 0.5 0.0805556 1
0 0.763889 0 0.0166667 0
0 0.623611 0 0.0166667 0
0 0.440278 0.5 0.0805556 1
0 0.763889 0 0.0166667 0
0 0.623611 0 0.0166667 0
0 0.440278 0.5 0.0805556 1
0 0.763889 0 0.0166667 0
0 0.623611 0 0.0166667 0
0 0.440278 0.5 0.0805556 1
0 0.763889 0 0.0166667 0
0 0.623611 0 0.0166667 0
0 0.440278 0.5 0.0805556 1
0 0.763889 0 0.0166667 0
0 0.623611 0 0.0166667 0
0 0.440278 0.5 0.0805556 1
0 0.763889 0 0.0166667 0
0 0.623611 0 0.0166667 0
0 0.440278 0.5 0.0805556 1
0 0.763889 0 0.0166667 0
0 0.623611 0 0.0166667 0
0 0.440278 0.5 0.0805556 1
0 0.763889 0 0.0166667 0
0 0.623611 0 0.0166667 0
0 0.440278 0.5 0.0805556 1
0 0.763889 0 0.0166667 0
0 0.623611 0 0.0166667 0
0 0.440278 0.5 0.0805556 1
0 0.763889 0 0.0166667 0
0 0.623611 0 0.0166667 0
0 0.440278 0.5 0.0805556 1
0 0.763889 0 0.0166667 0
0 0.623611 0 0.0166667 0
0 0.440278 0.5 0.0805556 1
0 0.763889 0 0.0166667 0
0 0.623611 0 0.0166667 0
0 0.440278 0.5 0.0805556 1
0 0.763889 0 0.0166667 0
0 0.623611 0 0.0166667 0
0 0.440278 0.5 0.0805556 1
0 0.763889 0 0.0166667 0
0 0.623611 0 0.0166667 0
0 0.440278 0.5 0.0805556 1
0 0.763889 0 0.0166667 0
0 0.623611 0 0.0166667 0
0 0.440278 0.5 0.0805556 1
0 0.763889 0 0.0166667 0
0 0.623611 0 0.0166667 0
0 0.440278 0.5 0.0805556 1
0 0.763889 0 0.0166667 0
0 0.623611 0 0.0166667 0
0 0.440278 0.5 0.0805556 1
0 0.763889 0 0.0166667 0
0 0.623611 0 0.0166667 0
0 0.440278 0.5 0.0805556 1
0 0.763889 0 0.0166667 0
0 0.623611 0 0.0166667 0
0 0.440278 0.5 0.0805556 1
0 0.763889 0 0.0166667 0
0 0.623611 0 0.0166667 0
0 0.440278 0.5 0.0805556 1
0 0.763889 0 0.0166667 0
0 0.623611 0 0.0166667 0
0 0.440278 0.5 0.0805556 1
0 0.763889 0 0.0166667 0
0 0.623611 0 0.0166667 0
0 0.440278 0.5 0.0805556 1
0 0.763889 0 0.0166667 0
0 0.623611 0 0.0166667 0
0 0.440278 0.5 0.0805556 1
0 0.763889 0 0.0166667 0
0 0.623611 0 0.0166667 0
0 0.440278 0.5 0.0805556 1
0 0.763889 0 0.0166667 0
0 0.623611 0 0.0166667 0
0 0.440278 0.5 0.0805556 1
0 0.763889 0 0.0166667 0
0 0.623611 0 0.0166667 0
0 0.440278 0.5 0.0805556 1
0 0.763889 0 0.0166667 0
0 0.623611 0 0.0166667 0
0 0.440278 0.5 0.0805556 1
0 0.763889 0 0.0166667 0
0 0.623611 0 0.0166667 0
0 0.440278 0.5 0.0805556 1
0 0.763889 0 0.0166667 0
0 0.623611 0 0.0166667 0
0 0.440278 0.5 0.0805556 1
0 0.763889 0 0.0166667 0
0 0.623611 0 0.0166667 0
0 0.440278 0.5 0.0805556 1
0 0.763889 0 0.0166667 0
0 0.623611 0 0.0166667 0
0 0.440278 0.5 0.0805556 1
0 0.763889 0 0.0166667 0
0 0.623611 0 0.0166667 0
0 0.440278 0.5 0.0805556 1
0 0.763889 0 0.0166667 0
0 0.623611 0 0.0166667 0
0 0.440278 0.5 0.0805556 1
0 0.763889 0 0.0166667 0
0 0.623611 0 0.0166667 0
0 0.440278 0.5 0.0805556 1
0 0.763889 0 0.0166667 0
0 0.623611 0 0.0166667 0
0 0.440278 0.5 0.0805556 1
0 0.763889 0 0.0166667 0
0 0.623611 0 0.0166667 0
0 0.440278 0.5 0.0805556 1
0 0.763889 0 0.0166667 0
0 0.623611 0 0.0166667 0
0 0.440278 0.5 0.0805556 1
0 0.763889 0 0.0166667 0
0 0.623611 0 0.0166667 0
0 0.440278 0.5 0.0805556 1
0 0.763889 0 0.0166667 0
0 0.623611 0 0.0166667 0
0 0.440278 0.5 0.0805556 1
0 0.763889 0 0.0166667 0
0 0.623611 0 0.0166667 0
0 0.440278 0.5 0.0805556 1
0 0.763889 0 0.0166667 0
0 0.623611 0 0.0166667 0
0 0.440278 0.5 0.0805556 1
0 0.763889 0 0.0166667 0
0 0.623611 0 0.0166667 0
0 0.440278 0.5 0.0805556 1
0 0.763889 0 0.0166667 0
0 0.623611 0 0.0166667 0
0 0.440278 0.5 0.0805556 1
0 0.763889 0 0.0166667 0
0 0.623611 0 0.0166667 0
0 0.440278 0.5 0.0805556 1
0 0.763889 0 0.0166667 0
0 0.623611 0 0.0166667 0
0 0.440278 0.5 0.0805556 1
0 0.763889 0 0.0166667 0
0 0.623611 0 0.0166667 0
0 0.440278 0.5 0.0805556 1
0 0.763889 0 0.0166667 0
0 0.623611 0 0.0166667 0
0 0.440278 0.5 0.0805556 1
0 0.763889 0 0.0166667 0
0 0.623611 0 0.0166667 0
0 0.440278 0.5 0.0805556 1
0 0.763889 0 0.0166667 0
0 0.623611 0 0.0166667 0
0 0.440278 0.5 0.0805556 1
0 0.763889 0 0.0166667 0
0 0.623611 0 0.0166667 0
0 0.440278 0.5 0.0805556 1
0 0.763889 0 0.0166667 0
0 0.623611 0 0.0166667 0
0 0.440278 0.5 0.0805556 1
0 0.763889 0 0.0166667 0
0 0.623611 0 0.0166667 0
0 0.440278 0.5 0.0805556 1
0 0.763889 0 0.0166667 0
0 0.623611 0 0.0166667 0
0 0.440278 0.5 0.0805556 1
0 0.763889 0 0.0166667 0
0 0.623611 0 0.0166667 0
0 0.440278 0.5 0.0805556 1
0 0.763889 0 0.0166667 0
0 0.623611 0 0.0166667 0
0 0.440278 0.5 0.0805556 1
0 0.763889 0 0.0166667 0
0 0.623611 0 0.0166667 0
0 0.440278 0.5 0.0805556 1
0 0.763889 0 0.0166667 0
0 0.623611 0 0.0166667 0
0 0.440278 0.5 0.0805556 1
0 0.763889 0 0.0166667 0
0 0.623611 0 0.0166667 0
0 0.440278 0.5 0.0805556 1
0 0.763889 0 0.0166667 0
0 0.623611 0 0.0166667 0
0 0.440278 0.5 0.0805556 1
0 0.763889 0 0.0166667 0
0 0.623611 0 0.0166667 0
0 0.440278 0.5 0.0805556 1
0 0.763889 0 0.0166667 0
0 0.623611 0 0.0166667 0
0 0.440278 0.5 0.0805556 1
