0 0.972222 1 0.0472222 0
0 0.972917 1 0.0458333 0
0 0.975 1 0.0472222 0
0 0.975 1 0.0472222 0
0 0.975694 1 0.0458333 0
0 0.975694 1 0.0458333 0
0 0.976389 1 0.0444444 0
0 0.977778 1 0.0444444 0
0 0.978472 1 0.0430556 0
0 0.978472 1 0.0402778 0
0 0.978472 1 0.0430556 0
0 0.979167 1 0.0388889 0
0 0.979167 1 0.0388889 0
0 0.979167 1 0.0388889 0
0 0.979861 1 0.0375 0
0 0.981944 1 0.0333333 0
0 0.981944 1 0.0333333 0
0 0.981944 1 0.0333333 0
0 0.981944 1 0.0333333 0
0 0.984028 1 0.0319444 0
0 0.984028 1 0.0319444 0
0 0.984028 1 0.0319444 0
0 0.985417 1 0.0291667 0
0 0.985417 1 0.0291667 0
0 0.986111 1 0.0277778 0
0 0.986111 1 0.0277778 0
0 0.986806 1 0.0263889 0
0 0.9875 1 0.025 0
0 0.988194 1 0.0236111 0
0 0.988889 1 0.0222222 0
0 0.988889 1 0.0222222 0
0 0.990278 1 0.0194444 0
0 0.990972 1 0.0180556 0
0 0.990972 1 0.0180556 0
0 0.990972 1 0.0180556 0
0 0.991667 1 0.0166667 0
0 0.991667 1 0.0166667 0
0 0.993056 1 0.0138889 0
0 0.993056 1 0.0138889 0
0 0.99375 1 0.0125 0
0 0.995139 1 0.00972222 0
0 0.58125 0 0.0402778 0
0 0.579167 0 0.0416667 0
0 0.573611 0 0.0416667 0
0 0.567361 0 0.0430556 0
0 0.565972 0 0.0430556 0
0 0.563194 0 0.0402778 0
0 0.559028 0 0.0402778 0
0 0.555556 0 0.0416667 0
0 0.552083 0 0.0430556 0
0 0.55 0 0.0416667 0
0 0.55 0 0.0416667 0
0 0.55 0 0.0416667 0
0 0.55 0 0.0416667 0
0 0.55 0 0.0416667 0
0 0.55 0 0.0416667 0
0 0.548611 0 0.0416667 0
0 0.545833 0 0.0416667 0
0 0.543056 0 0.0416667 0
0 0.541667 0 0.0416667 0
0 0.541667 0 0.0444444 0
0 0.540278 0 0.0416667 0
0 0.538194 0 0.0402778 0
0 0.536111 0 0.0388889 0
0 0.535417 0 0.0375 0
0 0.535417 0 0.0375 0
0 0.535417 0 0.0375 0
0 0.534722 0.5 0.0361111 1
0 0.534028 0.5 0.0375 1
0 0.532639 0.5 0.0347222 1
0 0.532639 0.5 0.0347222 1
0 0.532639 0.5 0.0347222 1
0 0.532639 0.5 0.0347222 1
0 0.532639 0.5 0.0347222 1
0 0.532639 0.5 0.0347222 1
0 0.532639 0.5 0.0347222 1
0 0.531944 0.5 0.0333333 1
0 0.530556 0.5 0.0333333 1
0 0.615278 0 0.0111111 0
0 0.529861 0.5 0.0319444 1
0 0.529861 0.5 0.0319444 1
0 0.527778 0.5 0.0305556 1
0 0.527083 0.5 0.0319444 1
0 0.527083 0.5 0.0319444 1
0 0.519444 0.5 0.0472222 1
0 0.516667 0.5 0.05 1
0 0.514583 0 0.0375 0
0 0.514583 0 0.0375 0
0 0.506944 0.5 0.0527778 1
0 0.511806 0 0.0375 0
0 0.509028 0 0.0375 0
0 0.504861 0 0.0375 0
0 0.504861 0 0.0375 0
0 0.506944 0 0.0388889 0
0 0.619444 0 0.0138889 0
0 0.506944 0 0.0388889 0
0 0.506944 0 0.0388889 0
0 0.506944 0 0.0388889 0
0 0.507639 0 0.0402778 0
0 0.513889 0 0.0388889 0
0 0.521528 0 0.0375 0
0 0.620139 0 0.0152778 0
0 0.526389 0 0.0388889 0
0 0.527778 0 0.0388889 0
0 0.527778 0 0.0388889 0
0 0.529861 0 0.0402778 0
0 0.534028 0 0.0402778 0
0 0.534028 0 0.0402778 0
0 0.534028 0 0.0402778 0
0 0.534028 0 0.0402778 0
0 0.539583 0 0.0402778 0
0 0.540278 0 0.0416667 0
0 0.542361 0 0.0402778 0
0 0.545833 0 0.0416667 0
0 0.548611 0 0.0388889 0
0 0.548611 0 0.0388889 0
0 0.552778 0 0.0416667 0
0 0.554167 0 0.0416667 0
0 0.556944 0 0.0388889 0
0 0.557639 0 0.0402778 0
0 0.557639 0 0.0402778 0
0 0.557639 0 0.0402778 0
0 0.557639 0 0.0402778 0
0 0.561111 0 0.0416667 0
0 0.561111 0 0.0416667 0
0 0.563194 0 0.0402778 0
0 0.563889 0 0.0416667 0
0 0.568056 0 0.0416667 0
0 0.570139 0 0.0402778 0
0 0.572917 0 0.0402778 0
0 0.572917 0 0.0402778 0
0 0.572917 0 0.0402778 0
0 0.572917 0 0.0402778 0
0 0.575694 0 0.0430556 0
0 0.579167 0 0.0416667 0
0 0.58125 0 0.0402778 0
0 0.585417 0 0.0402778 0
0 0.588194 0 0.0402778 0
0 0.588194 0 0.0402778 0
0 0.590972 0 0.0402778 0
0 0.590972 0 0.0402778 0
0 0.590972 0 0.0402778 0
0 0.590972 0 0.0402778 0
0 0.59375 0 0.0402778 0
0 0.522917 0 0.0486111 0
0 0.597917 0 0.0402778 0
0 0.600694 0 0.0402778 0
0 0.603472 0 0.0402778 0
0 0.606944 0 0.0388889 0
0 0.608333 0 0.0416667 0
0 0.609028 0 0.0402778 0
0 0.607639 0 0.0402778 0
0 0.604861 0 0.0402778 0
0 0.604861 0 0.0402778 0
0 0.604861 0 0.0402778 0
0 0.604861 0 0.0402778 0
0 0.604861 0 0.0402778 0
0 0.602083 0 0.0402778 0
0 0.527778 0 0.05 0
0 0.6 0 0.0388889 0
0 0.527778 0 0.05 0
0 0.598611 0 0.0472222 0
0 0.639583 0 0.0125 0
0 0.6 0 0.0388889 0
0 0.639583 0 0.0125 0
0 0.6 0 0.0388889 0
0 0.599306 0 0.0402778 0
0 0.599306 0 0.0402778 0
0 0.599306 0 0.0402778 0
0 0.599306 0 0.0402778 0
0 0.599306 0 0.0430556 0
0 0.532639 0 0.0541667 0
0 0.597917 0 0.0430556 0
0 0.53125 0 0.0541667 0
0 0.598611 0 0.0416667 0
0 0.53125 0 0.0541667 0
0 0.598611 0 0.0416667 0
0 0.600694 0 0.0458333 0
0 0.600694 0 0.0458333 0
0 0.601389 0 0.0416667 0
0 0.534028 0 0.0541667 0
0 0.602778 0 0.0416667 0
0 0.604167 0 0.0388889 0
0 0.533333 0 0.0555556 0
0 0.604167 0 0.0388889 0
0 0.534028 0 0.0569444 0
0 0.604861 0 0.0402778 0
0 0.534028 0 0.0569444 0
0 0.604167 0 0.0388889 0
0 0.604167 0 0.0388889 0
0 0.604167 0 0.0388889 0
0 0.60625 0 0.0402778 0
0 0.606944 0 0.0361111 0
0 0.609722 0 0.0416667 0
0 0.610417 0 0.0402778 0
0 0.548611 0 0.0583333 0
0 0.549306 0 0.0569444 0
0 0.550694 0 0.0541667 0
0 0.580556 0 0.0416667 0
0 0.576389 0 0.0416667 0
0 0.571528 0 0.0402778 0
0 0.566667 0 0.0416667 0
0 0.565278 0 0.0416667 0
0 0.561111 0 0.0416667 0
0 0.557639 0 0.0402778 0
0 0.554167 0 0.0416667 0
0 0.554167 0 0.0416667 0
0 0.55 0 0.0416667 0
0 0.55 0 0.0416667 0
0 0.55 0 0.0416667 0
0 0.55 0 0.0416667 0
0 0.55 0 0.0416667 0
0 0.548611 0 0.0416667 0
0 0.546528 0 0.0402778 0
0 0.544444 0 0.0416667 0
0 0.542361 0 0.0402778 0
0 0.540972 0 0.0430556 0
0 0.539583 0 0.0402778 0
0 0.538194 0 0.0402778 0
0 0.613194 0 0.0125 0
0 0.536806 0 0.0402778 0
0 0.535417 0 0.0402778 0
0 0.535417 0.5 0.0375 1
0 0.535417 0.5 0.0375 1
0 0.534028 0.5 0.0375 1
0 0.534028 0.5 0.0375 1
0 0.534028 0.5 0.0375 1
0 0.534028 0.5 0.0375 1
0 0.534028 0.5 0.0375 1
0 0.532639 0.5 0.0347222 1
0 0.531944 0.5 0.0361111 1
0 0.532639 0.5 0.0347222 1
0 0.532639 0.5 0.0347222 1
0 0.532639 0.5 0.0347222 1
0 0.532639 0.5 0.0347222 1
0 0.532639 0.5 0.0347222 1
0 0.532639 0.5 0.0347222 1
0 0.532639 0.5 0.0347222 1
0 0.532639 0.5 0.0347222 1
0 0.532639 0.5 0.0347222 1
0 0.532639 0.5 0.0347222 1
0 0.532639 0.5 0.0347222 1
0 0.532639 0.5 0.0347222 1
0 0.532639 0.5 0.0347222 1
0 0.532639 0.5 0.0347222 1
0 0.532639 0.5 0.0347222 1
0 0.532639 0.5 0.0347222 1
0 0.532639 0.5 0.0347222 1
0 0.532639 0.5 0.0347222 1
0 0.532639 0.5 0.0347222 1
0 0.532639 0.5 0.0347222 1
0 0.532639 0.5 0.0347222 1
0 0.532639 0.5 0.0347222 1
0 0.532639 0.5 0.0347222 1
0 0.532639 0.5 0.0347222 1
0 0.532639 0.5 0.0347222 1
0 0.532639 0.5 0.0347222 1
0 0.532639 0.5 0.0347222 1
0 0.532639 0.5 0.0347222 1
0 0.532639 0.5 0.0347222 1
0 0.532639 0.5 0.0347222 1
0 0.532639 0.5 0.0347222 1
0 0.532639 0.5 0.0347222 1
0 0.532639 0.5 0.0347222 1
0 0.532639 0.5 0.0347222 1
0 0.532639 0.5 0.0347222 1
0 0.532639 0.5 0.0347222 1
0 0.532639 0.5 0.0347222 1
0 0.532639 0.5 0.0347222 1
0 0.532639 0.5 0.0347222 1
0 0.532639 0.5 0.0347222 1
0 0.532639 0.5 0.0347222 1
0 0.532639 0.5 0.0347222 1
0 0.532639 0.5 0.0347222 1
0 0.532639 0.5 0.0347222 1
0 0.532639 0.5 0.0347222 1
0 0.532639 0.5 0.0347222 1
0 0.532639 0.5 0.0347222 1
0 0.532639 0.5 0.0347222 1
0 0.532639 0.5 0.0347222 1
0 0.532639 0.5 0.0347222 1
0 0.532639 0.5 0.0347222 1
0 0.532639 0.5 0.0347222 1
0 0.532639 0.5 0.0347222 1
0 0.532639 0.5 0.0347222 1
0 0.532639 0.5 0.0347222 1
0 0.532639 0.5 0.0347222 1
0 0.532639 0.5 0.0347222 1
0 0.532639 0.5 0.0347222 1
0 0.532639 0.5 0.0347222 1
0 0.532639 0.5 0.0347222 1
0 0.532639 0.5 0.0347222 1
0 0.532639 0.5 0.0347222 1
0 0.532639 0.5 0.0347222 1
0 0.532639 0.5 0.0347222 1
0 0.532639 0.5 0.0347222 1
0 0.532639 0.5 0.0347222 1
0 0.532639 0.5 0.0347222 1
0 0.532639 0.5 0.0347222 1
0 0.532639 0.5 0.0347222 1
0 0.532639 0.5 0.0347222 1
0 0.532639 0.5 0.0347222 1
0 0.532639 0.5 0.0347222 1
0 0.532639 0.5 0.0347222 1
0 0.532639 0.5 0.0347222 1
0 0.532639 0.5 0.0347222 1
0 0.532639 0.5 0.0347222 1
0 0.532639 0.5 0.0347222 1
0 0.532639 0.5 0.0347222 1
0 0.532639 0.5 0.0347222 1
0 0.532639 0.5 0.0347222 1
0 0.532639 0.5 0.0347222 1
0 0.532639 0.5 0.0347222 1
0 0.532639 0.5 0.0347222 1
0 0.532639 0.5 0.0347222 1
0 0.532639 0.5 0.0347222 1
0 0.532639 0.5 0.0347222 1
0 0.532639 0.5 0.0347222 1
0 0.532639 0.5 0.0347222 1
0 0.532639 0.5 0.0347222 1
0 0.532639 0.5 0.0347222 1
0 0.532639 0.5 0.0347222 1
0 0.532639 0.5 0.0347222 1
0 0.532639 0.5 0.0347222 1
0 0.532639 0.5 0.0347222 1
0 0.532639 0.5 0.0347222 1
0 0.532639 0.5 0.0347222 1
0 0.532639 0.5 0.0347222 1
0 0.532639 0.5 0.0347222 1
0 0.532639 0.5 0.0347222 1
0 0.532639 0.5 0.0347222 1
0 0.532639 0.5 0.0347222 1
0 0.532639 0.5 0.0347222 1
0 0.532639 0.5 0.0347222 1
0 0.532639 0.5 0.0347222 1
0 0.532639 0.5 0.0347222 1
0 0.532639 0.5 0.0347222 1
0 0.532639 0.5 0.0347222 1
0 0.532639 0.5 0.0347222 1
0 0.532639 0.5 0.0347222 1
0 0.532639 0.5 0.0347222 1
0 0.532639 0.5 0.0347222 1
0 0.532639 0.5 0.0347222 1
0 0.532639 0.5 0.0347222 1
0 0.532639 0.5 0.0347222 1
0 0.532639 0.5 0.0347222 1
0 0.532639 0.5 0.0347222 1
0 0.532639 0.5 0.0347222 1
0 0.532639 0.5 0.0347222 1
0 0.532639 0.5 0.0347222 1
0 0.532639 0.5 0.0347222 1
0 0.532639 0.5 0.0347222 1
0 0.532639 0.5 0.0347222 1
0 0.532639 0.5 0.0347222 1
0 0.532639 0.5 0.0347222 1
0 0.532639 0.5 0.0347222 1
0 0.532639 0.5 0.0347222 1
0 0.532639 0.5 0.0347222 1
0 0.532639 0.5 0.0347222 1
0 0.532639 0.5 0.0347222 1
0 0.532639 0.5 0.0347222 1
0 0.532639 0.5 0.0347222 1
0 0.532639 0.5 0.0347222 1
0 0.532639 0.5 0.0347222 1
0 0.532639 0.5 0.0347222 1
0 0.532639 0.5 0.0347222 1
0 0.532639 0.5 0.0347222 1
0 0.532639 0.5 0.0347222 1
0 0.532639 0.5 0.0347222 1
0 0.532639 0.5 0.0347222 1
0 0.532639 0.5 0.0347222 1
0 0.532639 0.5 0.0347222 1
0 0.532639 0.5 0.0347222 1
0 0.532639 0.5 0.0347222 1
0 0.532639 0.5 0.0347222 1
0 0.532639 0.5 0.0347222 1
0 0.532639 0.5 0.0347222 1
0 0.532639 0.5 0.0347222 1
0 0.532639 0.5 0.0347222 1
0 0.532639 0.5 0.0347222 1
0 0.532639 0.5 0.0347222 1
0 0.532639 0.5 0.0347222 1
0 0.532639 0.5 0.0347222 1
0 0.532639 0.5 0.0347222 1
0 0.532639 0.5 0.0347222 1
0 0.532639 0.5 0.0347222 1
0 0.532639 0.5 0.0347222 1
0 0.532639 0.5 0.0347222 1
0 0.532639 0.5 0.0347222 1
0 0.532639 0.5 0.0347222 1
0 0.532639 0.5 0.0347222 1
0 0.532639 0.5 0.0347222 1
0 0.532639 0.5 0.0347222 1
0 0.532639 0.5 0.0347222 1
0 0.532639 0.5 0.0347222 1
0 0.532639 0.5 0.0347222 1
0 0.532639 0.5 0.0347222 1
0 0.532639 0.5 0.0347222 1
0 0.532639 0.5 0.0347222 1
0 0.532639 0.5 0.0347222 1
0 0.532639 0.5 0.0347222 1
0 0.532639 0.5 0.0347222 1
0 0.532639 0.5 0.0347222 1
0 0.532639 0.5 0.0347222 1
0 0.532639 0.5 0.0347222 1
0 0.532639 0.5 0.0347222 1
0 0.532639 0.5 0.0347222 1
0 0.532639 0.5 0.0347222 1
0 0.532639 0.5 0.0347222 1
0 0.532639 0.5 0.0347222 1
0 0.532639 0.5 0.0347222 1
0 0.532639 0.5 0.0347222 1
0 0.532639 0.5 0.0347222 1
0 0.532639 0.5 0.0347222 1
0 0.532639 0.5 0.0347222 1
0 0.532639 0.5 0.0347222 1
0 0.532639 0.5 0.0347222 1
0 0.532639 0.5 0.0347222 1
0 0.532639 0.5 0.0347222 1
0 0.532639 0.5 0.0347222 1
0 0.532639 0.5 0.0347222 1
0 0.532639 0.5 0.0347222 1
0 0.532639 0.5 0.0347222 1
0 0.532639 0.5 0.0347222 1
0 0.532639 0.5 0.0347222 1
0 0.532639 0.5 0.0347222 1
0 0.532639 0.5 0.0347222 1
0 0.532639 0.5 0.0347222 1
0 0.532639 0.5 0.0347222 1
0 0.532639 0.5 0.0347222 1
0 0.532639 0.5 0.0347222 1
0 0.532639 0.5 0.0347222 1
0 0.532639 0.5 0.0347222 1
0 0.532639 0.5 0.0347222 1
0 0.532639 0.5 0.0347222 1
0 0.532639 0.5 0.0347222 1
0 0.532639 0.5 0.0347222 1
0 0.532639 0.5 0.0347222 1
0 0.532639 0.5 0.0347222 1
0 0.532639 0.5 0.0347222 1
0 0.532639 0.5 0.0347222 1
0 0.532639 0.5 0.0347222 1
0 0.532639 0.5 0.0347222 1
0 0.532639 0.5 0.0347222 1
0 0.532639 0.5 0.0347222 1
0 0.532639 0.5 0.0347222 1
0 0.532639 0.5 0.0347222 1
0 0.532639 0.5 0.0347222 1
0 0.532639 0.5 0.0347222 1
0 0.532639 0.5 0.0347222 1
0 0.532639 0.5 0.0347222 1
0 0.532639 0.5 0.0347222 1
0 0.532639 0.5 0.0347222 1
0 0.532639 0.5 0.0347222 1
0 0.532639 0.5 0.0347222 1
0 0.532639 0.5 0.0347222 1
0 0.532639 0.5 0.0347222 1
0 0.532639 0.5 0.0347222 1
0 0.532639 0.5 0.0347222 1
0 0.532639 0.5 0.0347222 1
0 0.532639 0.5 0.0347222 1
0 0.532639 0.5 0.0347222 1
0 0.532639 0.5 0.0347222 1
0 0.532639 0.5 0.0347222 1
0 0.532639 0.5 0.0347222 1
0 0.532639 0.5 0.0347222 1
0 0.532639 0.5 0.0347222 1
0 0.532639 0.5 0.0347222 1
0 0.532639 0.5 0.0347222 1
0 0.532639 0.5 0.0347222 1
0 0.532639 0.5 0.0347222 1
0 0.532639 0.5 0.0347222 1
0 0.532639 0.5 0.0347222 1
0 0.532639 0.5 0.0347222 1
0 0.532639 0.5 0.0347222 1
0 0.532639 0.5 0.0347222 1
