0 0.43125 0 0.0236111 0
0 0.434028 0 0.0236111 0
0 0.434722 0 0.025 0
0 0.436111 0 0.025 0
0 0.436111 0 0.025 0
0 0.436806 0 0.0263889 0
0 0.438194 0 0.0236111 0
0 0.438194 0 0.0236111 0
0 0.438889 0 0.025 0
0 0.438889 0 0.025 0
0 0.438889 0 0.025 0
0 0.438889 0 0.025 0
0 0.438889 0 0.025 0
0 0.4375 0 0.025 0
0 0.436111 0 0.025 0
0 0.435417 0 0.0263889 0
0 0.432639 0 0.0263889 0
0 0.429861 0 0.0291667 0
0 0.427083 0 0.0263889 0
0 0.423611 0 0.0277778 0
0 0.420833 0 0.0277778 0
0 0.41875 0 0.0263889 0
0 0.417361 0 0.0291667 0
0 0.413889 0 0.0277778 0
0 0.413889 0 0.0277778 0
0 0.410417 0 0.0291667 0
0 0.406944 0 0.0277778 0
0 0.404167 0 0.0277778 0
0 0.400694 0 0.0291667 0
0 0.397917 0 0.0291667 0
0 0.395139 0 0.0291667 0
0 0.392361 0 0.0319444 0
0 0.388889 0 0.0305556 0
0 0.388889 0 0.0305556 0
0 0.385417 0 0.0319444 0
0 0.382639 0 0.0319444 0
0 0.379861 0 0.0319444 0
0 0.376389 0 0.0333333 0
0 0.374306 0 0.0319444 0
0 0.371528 0 0.0319444 0
0 0.211111 0 0.0805556 0
0 0.368056 0 0.0333333 0
0 0.364583 0 0.0347222 0
0 0.363194 0 0.0347222 0
0 0.476389 0 0.0111111 0
0 0.361111 0 0.0361111 0
0 0.359028 0 0.0375 0
0 0.357639 0 0.0375 0
0 0.478472 0 0.0125 0
0 0.355556 0 0.0361111 0
0 0.478472 0 0.0125 0
0 0.355556 0 0.0361111 0
0 0.354167 0 0.0388889 0
0 0.353472 0 0.0375 0
0 0.353472 0 0.0402778 0
0 0.484028 0 0.0125 0
0 0.354861 0 0.0402778 0
0 0.354861 0 0.0402778 0
0 0.35625 0 0.0402778 0
0 0.423611 0 0.05 0
0 0.35625 0 0.0430556 0
0 0.359028 0 0.0430556 0
0 0.491667 0 0.0138889 0
0 0.359722 0 0.0444444 0
0 0.494444 0 0.0138889 0
0 0.361111 0 0.0444444 0
0 0.496528 0 0.0125 0
0 0.361111 0 0.0472222 0
0 0.361806 0 0.0486111 0
0 0.361111 0 0.05 0
0 0.361806 0 0.0513889 0
0 0.361806 0 0.0513889 0
0 0.361806 0 0.0513889 0
0 0.361806 0 0.0513889 0
0 0.361111 0 0.0555556 0
0 0.359722 0 0.0555556 0
0 0.434028 0 0.0513889 0
0 0.359028 0 0.0569444 0
0 0.509722 0 0.0138889 0
0 0.358333 0 0.0555556 0
0 0.509722 0 0.0138889 0
0 0.358333 0 0.0555556 0
0 0.356944 0 0.0555556 0
0 0.272222 0 0.0222222 0
0 0.356944 0 0.0555556 0
0 0.356944 0 0.0555556 0
0 0.356944 0 0.0555556 0
0 0.356944 0 0.0555556 0
0 0.356944 0 0.0555556 0
0 0.356944 0 0.0555556 0
0 0.356944 0 0.0555556 0
0 0.356944 0 0.0555556 0
0 0.356944 0 0.0555556 0
0 0.272222 0 0.0222222 0
0 0.356944 0 0.0555556 0
0 0.356944 0 0.0555556 0
0 0.356944 0 0.0555556 0
0 0.356944 0 0.0555556 0
0 0.356944 0 0.0555556 0
0 0.356944 0 0.0555556 0
0 0.356944 0 0.0555556 0
0 0.356944 0 0.0555556 0
0 0.356944 0 0.0555556 0
0 0.356944 0 0.0555556 0
0 0.356944 0 0.0555556 0
0 0.356944 0 0.0555556 0
0 0.356944 0 0.0555556 0
0 0.356944 0 0.0555556 0
0 0.356944 0 0.0555556 0
0 0.356944 0 0.0555556 0
0 0.356944 0 0.0555556 0
0 0.356944 0 0.0555556 0
0 0.356944 0 0.0555556 0
0 0.356944 0 0.0555556 0
0 0.356944 0 0.0555556 0
0 0.356944 0 0.0555556 0
0 0.356944 0 0.0555556 0
0 0.356944 0 0.0555556 0
0 0.356944 0 0.0555556 0
0 0.356944 0 0.0555556 0
0 0.356944 0 0.0555556 0
0 0.356944 0 0.0555556 0
0 0.356944 0 0.0555556 0
0 0.356944 0 0.0555556 0
0 0.356944 0 0.0555556 0
0 0.356944 0 0.0555556 0
0 0.356944 0 0.0555556 0
0 0.356944 0 0.0555556 0
0 0.356944 0 0.0555556 0
0 0.356944 0 0.0555556 0
0 0.356944 0 0.0555556 0
0 0.356944 0 0.0555556 0
0 0.356944 0 0.0555556 0
0 0.356944 0 0.0555556 0
0 0.356944 0 0.0555556 0
0 0.356944 0 0.0555556 0
0 0.356944 0 0.0555556 0
0 0.356944 0 0.0555556 0
0 0.356944 0 0.0555556 0
0 0.356944 0 0.0555556 0
0 0.356944 0 0.0555556 0
0 0.356944 0 0.0555556 0
0 0.356944 0 0.0555556 0
0 0.356944 0 0.0555556 0
0 0.356944 0 0.0555556 0
0 0.356944 0 0.0555556 0
0 0.356944 0 0.0555556 0
0 0.356944 0 0.0555556 0
0 0.356944 0 0.0555556 0
0 0.356944 0 0.0555556 0
0 0.356944 0 0.0555556 0
0 0.356944 0 0.0555556 0
0 0.356944 0 0.0555556 0
0 0.356944 0 0.0555556 0
0 0.356944 0 0.0555556 0
0 0.356944 0 0.0555556 0
0 0.356944 0 0.0555556 0
0 0.356944 0 0.0555556 0
0 0.356944 0 0.0555556 0
0 0.356944 0 0.0555556 0
0 0.356944 0 0.0555556 0
0 0.356944 0 0.0555556 0
0 0.356944 0 0.0555556 0
0 0.356944 0 0.0555556 0
0 0.356944 0 0.0555556 0
0 0.356944 0 0.0555556 0
0 0.356944 0 0.0555556 0
0 0.356944 0 0.0555556 0
0 0.356944 0 0.0555556 0
0 0.356944 0 0.0555556 0
0 0.356944 0 0.0555556 0
0 0.356944 0 0.0555556 0
0 0.356944 0 0.0555556 0
0 0.356944 0 0.0555556 0
0 0.356944 0 0.0555556 0
0 0.356944 0 0.0555556 0
0 0.356944 0 0.0555556 0
0 0.356944 0 0.0555556 0
0 0.356944 0 0.0555556 0
0 0.356944 0 0.0555556 0
0 0.356944 0 0.0555556 0
0 0.356944 0 0.0555556 0
0 0.356944 0 0.0555556 0
0 0.356944 0 0.0555556 0
0 0.356944 0 0.0555556 0
0 0.356944 0 0.0555556 0
0 0.356944 0 0.0555556 0
0 0.356944 0 0.0555556 0
0 0.356944 0 0.0555556 0
0 0.356944 0 0.0555556 0
0 0.356944 0 0.0555556 0
0 0.356944 0 0.0555556 0
0 0.356944 0 0.0555556 0
0 0.356944 0 0.0555556 0
0 0.356944 0 0.0555556 0
0 0.356944 0 0.0555556 0
0 0.356944 0 0.0555556 0
0 0.356944 0 0.0555556 0
0 0.356944 0 0.0555556 0
0 0.356944 0 0.0555556 0
0 0.356944 0 0.0555556 0
0 0.356944 0 0.0555556 0
0 0.356944 0 0.0555556 0
0 0.356944 0 0.0555556 0
0 0.356944 0 0.0555556 0
0 0.356944 0 0.0555556 0
0 0.356944 0 0.0555556 0
0 0.356944 0 0.0555556 0
0 0.356944 0 0.0555556 0
0 0.356944 0 0.0555556 0
0 0.356944 0 0.0555556 0
0 0.356944 0 0.0555556 0
0 0.356944 0 0.0555556 0
0 0.356944 0 0.0555556 0
0 0.356944 0 0.0555556 0
0 0.356944 0 0.0555556 0
0 0.356944 0 0.0555556 0
0 0.356944 0 0.0555556 0
0 0.356944 0 0.0555556 0
0 0.272917 0 0.0208333 0
0 0.356944 0 0.0555556 0
0 0.356944 0 0.0555556 0
0 0.356944 0 0.0555556 0
0 0.356944 0 0.0555556 0
0 0.356944 0 0.0555556 0
0 0.356944 0 0.0555556 0
0 0.356944 0 0.0555556 0
0 0.356944 0 0.0555556 0
0 0.356944 0 0.0555556 0
0 0.356944 0 0.0555556 0
0 0.356944 0 0.0555556 0
0 0.272917 0 0.0208333 0
0 0.356944 0 0.0555556 0
0 0.356944 0 0.0555556 0
0 0.356944 0 0.0555556 0
0 0.356944 0 0.0555556 0
0 0.510417 0 0.0152778 0
0 0.434028 0 0.0541667 0
0 0.35625 0 0.0569444 0
0 0.510417 0 0.0152778 0
0 0.354167 0 0.0583333 0
0 0.511111 0 0.0138889 0
0 0.352083 0 0.0597222 0
0 0.511806 0 0.0152778 0
0 0.350694 0 0.0625 0
0 0.511806 0 0.0152778 0
0 0.350694 0 0.0625 0
0 0.266667 0 0.0194444 0
0 0.347222 0 0.0611111 0
0 0.34375 0 0.0625 0
0 0.340972 0 0.0652778 0
0 0.626389 0 0.0138889 0
0 0.336111 0 0.0666667 0
0 0.509722 0 0.0138889 0
0 0.335417 0 0.0652778 0
0 0.509722 0 0.0166667 0
0 0.335417 0 0.0652778 0
0 0.626389 0 0.0138889 0
0 0.509028 0 0.0152778 0
0 0.332639 0 0.0680556 0
0 0.254861 0 0.0208333 0
0 0.508333 0 0.0166667 0
0 0.329861 0 0.0680556 0
0 0.508333 0 0.0138889 0
0 0.324306 0 0.0708333 0
0 0.506944 0 0.0166667 0
0 0.320139 0 0.0736111 0
0 0.504861 0 0.0180556 0
0 0.313889 0 0.075 0
0 0.30625 0 0.0791667 0
0 0.399306 0 0.0513889 0
0 0.298611 0 0.0833333 0
0 0.399306 0 0.0513889 0
0 0.298611 0 0.0833333 0
0 0.398611 0 0.0527778 0
0 0.298611 0 0.0833333 0
0 0.397917 0 0.0486111 0
0 0.295139 0 0.0819444 0
0 0.396528 0 0.0486111 0
0 0.2875 0 0.0861111 0
0 0.395833 0 0.05 0
0 0.279167 0 0.0861111 0
0 0.265972 0 0.0875 0
0 0.393056 0 0.0527778 0
0 0.252778 0 0.0888889 0
0 0.236806 0 0.0958333 0
0 0.236806 0 0.0958333 0
0 0.220833 0 0.1 0
0 0.202778 0 0.111111 0
0 0.390278 0 0.0583333 0
0 0.199306 0 0.109722 0
0 0.3875 0 0.05 0
0 0.196528 0 0.106944 0
0 0.409722 0 0.0638889 0
0 0.388194 0 0.0597222 0
0 0.182639 0 0.115278 0
0 0.170139 0 0.109722 0
0 0.3875 0 0.0583333 0
0 0.163194 0 0.123611 0
0 0.3875 0 0.0583333 0
0 0.163194 0 0.126389 0
0 0.3875 0 0.0583333 0
0 0.150694 0 0.120833 0
0 0.386111 0 0.0611111 0
0 0.386806 0 0.0597222 0
0 0.135417 0 0.129167 0
0 0.122222 0 0.125 0
0 0.122222 0 0.125 0
0 0.119444 0 0.122222 0
0 0.388194 0 0.0569444 0
0 0.104167 0 0.136111 0
0 0.3875 0 0.0583333 0
0 0.0861111 0 0.15 0
0 0.0694444 0 0.138889 0
0 0.413889 0 0.0444444 0
0 0.386806 0 0.0569444 0
0 0.0631944 0 0.126389 0
0 0.414583 0 0.0458333 0
0 0.0555556 0 0.111111 0
0 0.388194 0 0.0569444 0
0 0.04375 0 0.0875 0
0 0.388194 0 0.0625 0
0 0.388889 0 0.0638889 0
0 0.388889 0 0.0638889 0
0 0.386111 0 0.0638889 0
0 0.385417 0 0.0708333 0
0 0.384722 0 0.0694444 0
0 0.384722 0 0.0694444 0
0 0.359722 0 0.0861111 0
0 0.358333 0 0.0888889 0
0 0.360417 0 0.0819444 0
0 0.360417 0 0.0875 0
0 0.359722 0 0.0861111 0
0 0.360417 0 0.0875 0
0 0.364583 0 0.0763889 0
0 0.359722 0 0.0888889 0
0 0.3625 0 0.0861111 0
0 0.363194 0 0.0819444 0
0 0.363194 0 0.0819444 0
0 0.363194 0 0.0847222 0
0 0.363889 0 0.0888889 0
0 0.377083 0 0.0875 0
0 0.377778 0 0.0888889 0
0 0.377778 0 0.0888889 0
0 0.377083 0 0.0902778 0
0 0.377083 0 0.0902778 0
0 0.373611 0 0.0916667 0
0 0.373611 0 0.0944444 0
0 0.374306 0 0.0930556 0
0 0.375694 0 0.0930556 0
0 0.373611 0 0.0944444 0
0 0.373611 0 0.0972222 0
0 0.373611 0 0.0972222 0
0 0.374306 0 0.0986111 0
0 0.379861 0 0.0930556 0
0 0.374306 0 0.0958333 0
0 0.374306 0 0.0958333 0
0 0.372222 0 0.1 0
0 0.372222 0 0.1 0
0 0.373611 0 0.102778 0
0 0.372917 0 0.101389 0
0 0.372917 0 0.0986111 0
0 0.373611 0 0.1 0
0 0.372917 0 0.0986111 0
0 0.373611 0 0.0972222 0
0 0.373611 0 0.0972222 0
0 0.373611 0 0.0972222 0
0 0.372222 0 0.0944444 0
0 0.369444 0 0.0916667 0
0 0.370139 0 0.0958333 0
0 0.370139 0 0.0958333 0
0 0.370139 0 0.0958333 0
0 0.370833 0 0.0944444 0
0 0.372222 0 0.0944444 0
0 0.372917 0 0.0986111 0
0 0.374306 0 0.0986111 0
0 0.376389 0 0.0916667 0
0 0.376389 0 0.0916667 0
0 0.377778 0 0.0944444 0
0 0.376389 0 0.0944444 0
0 0.375694 0 0.0986111 0
0 0.375694 0 0.0958333 0
0 0.375694 0 0.0958333 0
0 0.376389 0 0.0944444 0
0 0.377083 0 0.0986111 0
0 0.380556 0 0.102778 0
0 0.38125 0 0.106944 0
0 0.38125 0 0.106944 0
0 0.38125 0 0.106944 0
0 0.383333 0 0.0944444 0
0 0.386806 0 0.0930556 0
0 0.385417 0 0.0958333 0
0 0.385417 0 0.0958333 0
0 0.386111 0 0.0972222 0
0 0.385417 0 0.0986111 0
0 0.385417 0 0.0986111 0
0 0.386806 0 0.0986111 0
0 0.384722 0 0.0944444 0
0 0.38125 0 0.104167 0
0 0.38125 0 0.0986111 0
0 0.384722 0 0.0916667 0
0 0.384722 0 0.0916667 0
0 0.381944 0 0.1 0
0 0.384722 0 0.0944444 0
0 0.384028 0 0.0958333 0
0 0.379167 0 0.105556 0
0 0.379861 0 0.104167 0
0 0.379861 0 0.104167 0
0 0.384028 0 0.0958333 0
0 0.379861 0 0.0986111 0
0 0.382639 0 0.0930556 0
0 0.383333 0 0.0861111 0
0 0.383333 0 0.0916667 0
0 0.382639 0 0.0902778 0
0 0.384028 0 0.0902778 0
0 0.383333 0 0.0944444 0
0 0.383333 0 0.0916667 0
0 0.383333 0 0.0916667 0
0 0.385417 0 0.0902778 0
0 0.384722 0 0.0944444 0
0 0.386806 0 0.0930556 0
0 0.327778 0 0.0444444 0
0 0.388889 0 0.0833333 0
0 0.3875 0 0.0833333 0
0 0.388194 0 0.0875 0
0 0.3875 0 0.0888889 0
0 0.3875 0 0.0888889 0
0 0.388889 0 0.0916667 0
0 0.392361 0 0.0847222 0
0 0.394444 0 0.0861111 0
0 0.394444 0 0.0861111 0
0 0.395139 0 0.0875 0
0 0.395139 0 0.0902778 0
0 0.395139 0 0.0875 0
0 0.397917 0 0.0902778 0
0 0.399306 0 0.0847222 0
0 0.398611 0 0.0861111 0
0 0.398611 0 0.0861111 0
0 0.4 0 0.0861111 0
0 0.401389 0 0.0861111 0
0 0.401389 0 0.0861111 0
0 0.402083 0 0.0847222 0
0 0.404861 0 0.0791667 0
0 0.402778 0 0.0805556 0
0 0.402778 0 0.0805556 0
0 0.359028 0 0.0513889 0
0 0.403472 0 0.0875 0
0 0.404861 0 0.0847222 0
0 0.359722 0 0.05 0
0 0.407639 0 0.0791667 0
0 0.225 0 0.00555556 0
0 0.408333 0 0.075 0
0 0.409028 0 0.0708333 0
0 0.224306 0 0.00694444 0
0 0.224306 0 0.00694444 0
0 0.409028 0 0.0708333 0
0 0.408333 0 0.0722222 0
0 0.411806 0 0.0652778 0
0 0.410417 0 0.0708333 0
0 0.373611 0 0.127778 0
0 0.411111 0 0.0694444 0
0 0.373611 0 0.127778 0
0 0.411111 0 0.0694444 0
0 0.411111 0 0.0694444 0
0 0.434722 0 0.0666667 0
0 0.379167 0 0.130556 0
0 0.381944 0 0.133333 0
0 0.381944 0 0.133333 0
0 0.388194 0 0.140278 0
0 0.390278 0 0.136111 0
0 0.391667 0 0.130556 0
0 0.395833 0 0.119444 0
0 0.397917 0 0.118056 0
0 0.397917 0 0.118056 0
0 0.40625 0 0.1125 0
0 0.406944 0 0.108333 0
0 0.406944 0 0.108333 0
0 0.409722 0 0.102778 0
0 0.411806 0 0.101389 0
0 0.411806 0 0.0958333 0
0 0.413889 0 0.0944444 0
0 0.413889 0 0.0916667 0
0 0.416667 0 0.0861111 0
0 0.416667 0 0.0861111 0
0 0.419444 0 0.0861111 0
0 0.421528 0 0.0819444 0
0 0.422917 0 0.0791667 0
0 0.424306 0 0.0763889 0
0 0.425694 0 0.0736111 0
0 0.426389 0 0.0722222 0
0 0.282639 0 0.0180556 0
0 0.535417 0 0.0152778 0
0 0.427778 0 0.0694444 0
0 0.535417 0 0.0152778 0
0 0.428472 0 0.0680556 0
0 0.535417 0 0.0152778 0
0 0.430556 0 0.0638889 0
0 0.535417 0 0.0152778 0
0 0.430556 0 0.0638889 0
0 0.432639 0 0.0652778 0
0 0.538194 0 0.0152778 0
0 0.434028 0 0.0625 0
0 0.541667 0 0.0138889 0
0 0.4375 0 0.0611111 0
0 0.439583 0 0.0597222 0
0 0.444444 0 0.0555556 0
0 0.446528 0 0.0541667 0
0 0.446528 0 0.0541667 0
0 0.447222 0 0.0555556 0
0 0.447222 0 0.0555556 0
0 0.448611 0 0.0527778 0
0 0.454167 0 0.05 0
0 0.460417 0 0.0513889 0
0 0.475 0 0.05 0
0 0.498611 0 0.05 0
0 0.498611 0 0.05 0
0 0.536111 0 0.05 0
0 0.585417 0 0.0486111 0
0 0.640972 0 0.0486111 0
0 0.689583 0 0.0486111 0
0 0.501389 0.5 0.05 1
0 0.743056 0 0.0472222 0
0 0.502778 0.5 0.0527778 1
0 0.779861 0 0.0486111 0
0 0.502778 0.5 0.0527778 1
0 0.779861 0 0.0486111 0
0 0.502083 0.5 0.0541667 1
0 0.805556 0 0.0472222 0
0 0.809722 0.5 0.0666667 1
0 0.815972 0.5 0.0652778 1
0 0.502778 0.5 0.0527778 1
0 0.81875 1 0.0486111 0
0 0.802083 1 0.0791667 0
0 0.809028 1 0.0541667 0
0 0.502778 0.5 0.0555556 1
0 0.802778 1 0.0777778 0
0 0.809722 1 0.0527778 0
0 0.502778 0.5 0.0555556 1
0 0.802778 1 0.0777778 0
0 0.809722 1 0.0527778 0
0 0.502778 0.5 0.0555556 1
0 0.802778 1 0.0777778 0
0 0.810417 1 0.0486111 0
0 0.502778 0.5 0.0555556 1
0 0.802778 1 0.0777778 0
0 0.809722 1 0.0527778 0
0 0.502778 0.5 0.0555556 1
0 0.802778 1 0.0777778 0
0 0.809722 1 0.0527778 0
0 0.502778 0.5 0.0555556 1
0 0.802083 1 0.0791667 0
0 0.809722 1 0.0527778 0
0 0.502778 0.5 0.0555556 1
0 0.802778 1 0.0777778 0
0 0.809722 1 0.0527778 0
0 0.502778 0.5 0.0555556 1
0 0.802778 1 0.0777778 0
0 0.809722 1 0.0527778 0
0 0.502778 0.5 0.0555556 1
0 0.802778 1 0.0777778 0
0 0.809722 1 0.0527778 0
0 0.502778 0.5 0.0555556 1
0 0.802083 1 0.0791667 0
0 0.809722 1 0.0527778 0
0 0.502778 0.5 0.0555556 1
0 0.802778 1 0.0777778 0
0 0.810417 1 0.0486111 0
0 0.502778 0.5 0.0555556 1
0 0.802778 1 0.0777778 0
0 0.809722 1 0.0527778 0
0 0.502778 0.5 0.0555556 1
0 0.802778 1 0.0777778 0
0 0.809722 1 0.0527778 0
0 0.502778 0.5 0.0555556 1
0 0.802778 1 0.0777778 0
0 0.809722 1 0.0527778 0
0 0.502778 0.5 0.0555556 1
0 0.802083 1 0.0791667 0
0 0.809722 1 0.0527778 0
0 0.502778 0.5 0.0555556 1
0 0.802083 1 0.0791667 0
0 0.809722 1 0.0527778 0
0 0.502778 0.5 0.0555556 1
0 0.802778 1 0.0777778 0
0 0.809722 1 0.0527778 0
0 0.502778 0.5 0.0555556 1
0 0.802778 1 0.0777778 0
0 0.809722 1 0.0527778 0
0 0.502778 0.5 0.0555556 1
0 0.802778 1 0.0777778 0
0 0.809722 1 0.0527778 0
0 0.502778 0.5 0.0555556 1
0 0.802083 1 0.0791667 0
0 0.809722 1 0.0527778 0
0 0.502778 0.5 0.0555556 1
0 0.802778 1 0.0777778 0
0 0.810417 1 0.0486111 0
0 0.502778 0.5 0.0555556 1
0 0.802778 1 0.0777778 0
0 0.809722 1 0.0527778 0
0 0.502778 0.5 0.0555556 1
0 0.802778 1 0.0777778 0
0 0.809722 1 0.0527778 0
0 0.502778 0.5 0.0555556 1
0 0.802778 1 0.0777778 0
0 0.809722 1 0.0527778 0
0 0.502778 0.5 0.0555556 1
0 0.802083 1 0.0791667 0
0 0.809722 1 0.0527778 0
0 0.502778 0.5 0.0555556 1
0 0.802778 1 0.0777778 0
0 0.809722 1 0.0527778 0
0 0.502778 0.5 0.0555556 1
0 0.802778 1 0.0777778 0
0 0.809722 1 0.0527778 0
0 0.502778 0.5 0.0555556 1
0 0.802778 1 0.0777778 0
0 0.809722 1 0.0527778 0
0 0.502778 0.5 0.0555556 1
0 0.802778 1 0.0777778 0
0 0.809722 1 0.0527778 0
0 0.502778 0.5 0.0555556 1
0 0.802083 1 0.0791667 0
0 0.809722 1 0.0527778 0
0 0.502778 0.5 0.0555556 1
0 0.802778 1 0.0777778 0
0 0.810417 1 0.0486111 0
0 0.502778 0.5 0.0555556 1
0 0.802778 1 0.0777778 0
0 0.809722 1 0.0527778 0
0 0.502778 0.5 0.0555556 1
0 0.802778 1 0.0777778 0
0 0.809722 1 0.0527778 0
0 0.502778 0.5 0.0555556 1
0 0.802778 1 0.0777778 0
0 0.809722 1 0.0527778 0
0 0.502778 0.5 0.0555556 1
0 0.802083 1 0.0791667 0
0 0.809722 1 0.0527778 0
0 0.502778 0.5 0.0555556 1
0 0.802778 1 0.0777778 0
0 0.809722 1 0.0527778 0
0 0.502778 0.5 0.0555556 1
0 0.802778 1 0.0777778 0
0 0.809722 1 0.0527778 0
0 0.502778 0.5 0.0555556 1
0 0.802778 1 0.0777778 0
0 0.809722 1 0.0527778 0
0 0.502778 0.5 0.0555556 1
0 0.802778 1 0.0777778 0
0 0.809722 1 0.0527778 0
0 0.502778 0.5 0.0555556 1
0 0.802778 1 0.0777778 0
0 0.502778 0.5 0.0555556 1
0 0.810417 1 0.0486111 0
0 0.802778 1 0.0777778 0
0 0.502778 0.5 0.0555556 1
0 0.810417 1 0.0486111 0
0 0.802778 1 0.0777778 0
0 0.809722 1 0.0527778 0
0 0.502778 0.5 0.0555556 1
0 0.802778 1 0.0777778 0
0 0.809722 1 0.0527778 0
0 0.502778 0.5 0.0555556 1
0 0.802778 1 0.0777778 0
0 0.809722 1 0.0527778 0
0 0.502778 0.5 0.0555556 1
0 0.802778 1 0.0777778 0
0 0.809722 1 0.0527778 0
0 0.502778 0.5 0.0555556 1
0 0.802778 1 0.0777778 0
0 0.809722 1 0.0527778 0
0 0.502778 0.5 0.0555556 1
0 0.802778 1 0.0777778 0
0 0.809722 1 0.0527778 0
0 0.502778 0.5 0.0555556 1
0 0.802778 1 0.0777778 0
0 0.809722 1 0.0527778 0
0 0.502778 0.5 0.0555556 1
0 0.802778 1 0.0777778 0
0 0.809722 1 0.0527778 0
0 0.502778 0.5 0.0555556 1
0 0.802778 1 0.0777778 0
0 0.809722 1 0.0527778 0
0 0.502778 0.5 0.0555556 1
0 0.803472 1 0.0763889 0
0 0.502778 0.5 0.0555556 1
0 0.810417 1 0.0486111 0
0 0.802778 1 0.0777778 0
0 0.809722 1 0.0527778 0
0 0.502778 0.5 0.0555556 1
0 0.802778 1 0.0777778 0
0 0.809722 1 0.0527778 0
0 0.502778 0.5 0.0555556 1
0 0.802778 1 0.0777778 0
0 0.809722 1 0.0527778 0
0 0.502778 0.5 0.0555556 1
0 0.802778 1 0.0777778 0
0 0.809722 1 0.0527778 0
0 0.502778 0.5 0.0555556 1
0 0.802778 1 0.0777778 0
0 0.809722 1 0.0527778 0
0 0.502778 0.5 0.0555556 1
0 0.802778 1 0.0777778 0
0 0.809722 1 0.0527778 0
0 0.502778 0.5 0.0555556 1
0 0.802778 1 0.0777778 0
0 0.809722 1 0.0527778 0
0 0.502778 0.5 0.0555556 1
0 0.802778 1 0.0777778 0
0 0.809722 1 0.0527778 0
0 0.502778 0.5 0.0555556 1
0 0.802778 1 0.0777778 0
0 0.809722 1 0.0527778 0
0 0.502778 0.5 0.0555556 1
0 0.803472 1 0.0763889 0
0 0.502778 0.5 0.0555556 1
0 0.810417 1 0.0486111 0
0 0.802778 1 0.0777778 0
0 0.809722 1 0.0527778 0
0 0.502778 0.5 0.0555556 1
0 0.802778 1 0.0777778 0
0 0.809722 1 0.0527778 0
0 0.502778 0.5 0.0555556 1
0 0.802778 1 0.0777778 0
0 0.809722 1 0.0527778 0
0 0.502778 0.5 0.0555556 1
0 0.802778 1 0.0777778 0
0 0.809722 1 0.0527778 0
0 0.502778 0.5 0.0555556 1
0 0.802778 1 0.0777778 0
0 0.809722 1 0.0527778 0
0 0.502778 0.5 0.0555556 1
0 0.802778 1 0.0777778 0
0 0.809722 1 0.0527778 0
0 0.502778 0.5 0.0555556 1
0 0.802778 1 0.0777778 0
0 0.809722 1 0.05 0
0 0.502778 0.5 0.0555556 1
0 0.802778 1 0.0777778 0
0 0.809722 1 0.0527778 0
0 0.502778 0.5 0.0555556 1
0 0.802778 1 0.0777778 0
0 0.809722 1 0.0527778 0
0 0.502778 0.5 0.0555556 1
0 0.802778 1 0.0777778 0
0 0.809722 1 0.0527778 0
0 0.502778 0.5 0.0555556 1
0 0.802778 1 0.0777778 0
0 0.809722 1 0.0527778 0
0 0.502778 0.5 0.0555556 1
0 0.802778 1 0.0777778 0
0 0.809722 1 0.0527778 0
0 0.502778 0.5 0.0555556 1
0 0.802778 1 0.0777778 0
0 0.809722 1 0.0527778 0
0 0.502778 0.5 0.0555556 1
0 0.802778 1 0.0777778 0
0 0.809722 1 0.0527778 0
0 0.502778 0.5 0.0555556 1
0 0.802778 1 0.0777778 0
0 0.809722 1 0.0527778 0
0 0.502778 0.5 0.0555556 1
0 0.802778 1 0.0777778 0
0 0.809722 1 0.0527778 0
0 0.502778 0.5 0.0555556 1
0 0.802778 1 0.0777778 0
0 0.809722 1 0.05 0
0 0.502778 0.5 0.0555556 1
0 0.802778 1 0.0777778 0
0 0.809722 1 0.0527778 0
0 0.502778 0.5 0.0555556 1
0 0.802778 1 0.0777778 0
0 0.809722 1 0.0527778 0
0 0.502778 0.5 0.0555556 1
0 0.802778 1 0.0777778 0
0 0.809722 1 0.0527778 0
0 0.502778 0.5 0.0555556 1
0 0.802778 1 0.0777778 0
0 0.809722 1 0.0527778 0
0 0.502778 0.5 0.0555556 1
0 0.802778 1 0.0777778 0
0 0.809722 1 0.0527778 0
0 0.502778 0.5 0.0555556 1
0 0.802778 1 0.0777778 0
0 0.809722 1 0.0527778 0
0 0.502778 0.5 0.0555556 1
0 0.802778 1 0.0777778 0
0 0.809722 1 0.0527778 0
0 0.502778 0.5 0.0555556 1
0 0.802778 1 0.0777778 0
0 0.809722 1 0.0527778 0
0 0.502778 0.5 0.0555556 1
0 0.802778 1 0.0777778 0
0 0.809722 1 0.0527778 0
0 0.502778 0.5 0.0555556 1
0 0.802778 1 0.0777778 0
0 0.809722 1 0.0527778 0
0 0.502778 0.5 0.0555556 1
0 0.802778 1 0.0777778 0
0 0.809722 1 0.05 0
0 0.502778 0.5 0.0555556 1
0 0.802778 1 0.0777778 0
0 0.809722 1 0.0527778 0
0 0.502778 0.5 0.0555556 1
0 0.802778 1 0.0777778 0
0 0.809722 1 0.0527778 0
0 0.502778 0.5 0.0555556 1
0 0.802778 1 0.0777778 0
0 0.809722 1 0.0527778 0
0 0.502778 0.5 0.0555556 1
0 0.802778 1 0.0777778 0
0 0.809722 1 0.0527778 0
0 0.502778 0.5 0.0555556 1
0 0.802778 1 0.0777778 0
0 0.809722 1 0.0527778 0
0 0.502778 0.5 0.0555556 1
0 0.802778 1 0.0777778 0
0 0.809722 1 0.0527778 0
0 0.502778 0.5 0.0555556 1
0 0.802778 1 0.0777778 0
0 0.809722 1 0.0527778 0
0 0.502778 0.5 0.0555556 1
0 0.802778 1 0.0777778 0
0 0.809722 1 0.05 0
0 0.502778 0.5 0.0555556 1
0 0.802778 1 0.0777778 0
0 0.809722 1 0.0527778 0
0 0.502778 0.5 0.0555556 1
0 0.802778 1 0.0777778 0
0 0.809722 1 0.0527778 0
0 0.502778 0.5 0.0555556 1
0 0.802778 1 0.0777778 0
0 0.809722 1 0.0527778 0
0 0.502778 0.5 0.0555556 1
0 0.802778 1 0.0777778 0
0 0.809722 1 0.0527778 0
0 0.502778 0.5 0.0555556 1
0 0.802778 1 0.0777778 0
0 0.809722 1 0.0527778 0
0 0.502778 0.5 0.0555556 1
0 0.802778 1 0.0777778 0
0 0.809722 1 0.0527778 0
0 0.502778 0.5 0.0555556 1
0 0.802778 1 0.0777778 0
0 0.809722 1 0.0527778 0
0 0.502778 0.5 0.0555556 1
0 0.802778 1 0.0777778 0
0 0.809722 1 0.0527778 0
0 0.502778 0.5 0.0555556 1
0 0.802778 1 0.0777778 0
0 0.809722 1 0.05 0
0 0.502778 0.5 0.0555556 1
0 0.802778 1 0.0777778 0
0 0.809722 1 0.0527778 0
0 0.502778 0.5 0.0555556 1
0 0.802778 1 0.0777778 0
0 0.809722 1 0.0527778 0
0 0.502778 0.5 0.0555556 1
0 0.802778 1 0.0777778 0
0 0.809722 1 0.0527778 0
0 0.502778 0.5 0.0555556 1
0 0.802778 1 0.0777778 0
0 0.809722 1 0.0527778 0
0 0.502778 0.5 0.0555556 1
0 0.802778 1 0.0777778 0
0 0.809722 1 0.0527778 0
0 0.502778 0.5 0.0555556 1
0 0.802778 1 0.0777778 0
0 0.809722 1 0.0527778 0
0 0.502778 0.5 0.0555556 1
0 0.802778 1 0.0777778 0
0 0.809722 1 0.0527778 0
0 0.502778 0.5 0.0555556 1
0 0.802778 1 0.0777778 0
0 0.809722 1 0.0527778 0
0 0.502778 0.5 0.0555556 1
0 0.802778 1 0.0777778 0
0 0.810417 1 0.0486111 0
0 0.502778 0.5 0.0555556 1
0 0.802778 1 0.0777778 0
0 0.809722 1 0.0527778 0
0 0.502778 0.5 0.0555556 1
0 0.802778 1 0.0777778 0
0 0.809722 1 0.0527778 0
0 0.502778 0.5 0.0555556 1
0 0.802778 1 0.0777778 0
0 0.809722 1 0.0527778 0
0 0.502778 0.5 0.0555556 1
0 0.802778 1 0.0777778 0
0 0.809722 1 0.0527778 0
0 0.502778 0.5 0.0555556 1
0 0.802778 1 0.0777778 0
0 0.809722 1 0.0527778 0
0 0.502778 0.5 0.0555556 1
0 0.802778 1 0.0777778 0
0 0.809722 1 0.0527778 0
0 0.502778 0.5 0.0555556 1
0 0.802778 1 0.0777778 0
0 0.809722 1 0.0527778 0
0 0.502778 0.5 0.0555556 1
0 0.803472 1 0.0763889 0
0 0.502778 0.5 0.0555556 1
0 0.810417 1 0.0486111 0
0 0.802778 1 0.0777778 0
0 0.809722 1 0.0527778 0
0 0.502778 0.5 0.0555556 1
0 0.802778 1 0.0777778 0
0 0.809722 1 0.0527778 0
0 0.502778 0.5 0.0555556 1
0 0.802778 1 0.0777778 0
0 0.809722 1 0.0527778 0
0 0.502778 0.5 0.0555556 1
0 0.802778 1 0.0777778 0
0 0.809722 1 0.0527778 0
0 0.502778 0.5 0.0555556 1
0 0.802778 1 0.0777778 0
0 0.809722 1 0.0527778 0
0 0.502778 0.5 0.0555556 1
0 0.802778 1 0.0777778 0
0 0.809722 1 0.0527778 0
0 0.502778 0.5 0.0555556 1
0 0.802778 1 0.0777778 0
0 0.809722 1 0.0527778 0
0 0.502778 0.5 0.0555556 1
0 0.802778 1 0.0777778 0
0 0.809722 1 0.0527778 0
0 0.502778 0.5 0.0555556 1
0 0.802778 1 0.0777778 0
0 0.809722 1 0.0527778 0
0 0.502778 0.5 0.0555556 1
0 0.802778 1 0.0777778 0
0 0.809722 1 0.0527778 0
0 0.502778 0.5 0.0555556 1
0 0.803472 1 0.0763889 0
0 0.502778 0.5 0.0555556 1
0 0.810417 1 0.0486111 0
0 0.802778 1 0.0777778 0
0 0.809722 1 0.0527778 0
0 0.502778 0.5 0.0555556 1
0 0.802778 1 0.0777778 0
0 0.809722 1 0.0527778 0
0 0.502778 0.5 0.0555556 1
0 0.802778 1 0.0777778 0
0 0.809722 1 0.0527778 0
0 0.502778 0.5 0.0555556 1
0 0.802778 1 0.0777778 0
0 0.809722 1 0.0527778 0
0 0.502778 0.5 0.0555556 1
0 0.802778 1 0.0777778 0
0 0.809722 1 0.0527778 0
0 0.502778 0.5 0.0555556 1
0 0.802778 1 0.0777778 0
0 0.809722 1 0.0527778 0
0 0.502778 0.5 0.0555556 1
0 0.802778 1 0.0777778 0
0 0.809722 1 0.0527778 0
0 0.502778 0.5 0.0555556 1
0 0.802778 1 0.0777778 0
0 0.809722 1 0.0527778 0
0 0.502778 0.5 0.0555556 1
0 0.802778 1 0.0777778 0
0 0.809722 1 0.0527778 0
0 0.502778 0.5 0.0555556 1
0 0.803472 1 0.0763889 0
0 0.502778 0.5 0.0555556 1
0 0.810417 1 0.0486111 0
0 0.803472 1 0.0763889 0
0 0.502778 0.5 0.0555556 1
0 0.810417 1 0.0486111 0
0 0.802778 1 0.0777778 0
0 0.809722 1 0.0527778 0
0 0.502778 0.5 0.0555556 1
0 0.802778 1 0.0777778 0
0 0.809722 1 0.0527778 0
0 0.502778 0.5 0.0555556 1
0 0.802778 1 0.0777778 0
0 0.809722 1 0.0527778 0
0 0.502778 0.5 0.0555556 1
0 0.802778 1 0.0777778 0
0 0.809722 1 0.0527778 0
0 0.502778 0.5 0.0555556 1
0 0.802778 1 0.0777778 0
0 0.809722 1 0.0527778 0
0 0.502778 0.5 0.0555556 1
0 0.802778 1 0.0777778 0
0 0.809722 1 0.0527778 0
0 0.502778 0.5 0.0555556 1
0 0.802778 1 0.0777778 0
0 0.809722 1 0.0527778 0
0 0.502778 0.5 0.0555556 1
0 0.802778 1 0.0777778 0
0 0.809722 1 0.0527778 0
0 0.502778 0.5 0.0555556 1
0 0.802778 1 0.0777778 0
0 0.809722 1 0.0527778 0
0 0.502778 0.5 0.0555556 1
0 0.803472 1 0.0763889 0
0 0.502778 0.5 0.0555556 1
0 0.810417 1 0.0486111 0
0 0.802778 1 0.0777778 0
0 0.809722 1 0.0527778 0
0 0.502778 0.5 0.0555556 1
0 0.802778 1 0.0777778 0
0 0.809722 1 0.0527778 0
0 0.502778 0.5 0.0555556 1
0 0.802778 1 0.0777778 0
0 0.809722 1 0.0527778 0
0 0.502778 0.5 0.0555556 1
0 0.802778 1 0.0777778 0
0 0.809722 1 0.0527778 0
0 0.502778 0.5 0.0555556 1
0 0.802778 1 0.0777778 0
0 0.809722 1 0.0527778 0
0 0.502778 0.5 0.0555556 1
0 0.802778 1 0.0777778 0
0 0.809722 1 0.0527778 0
0 0.502778 0.5 0.0555556 1
0 0.802778 1 0.0777778 0
0 0.809722 1 0.0527778 0
0 0.502778 0.5 0.0555556 1
0 0.802778 1 0.0777778 0
0 0.809722 1 0.0527778 0
0 0.502778 0.5 0.0555556 1
0 0.803472 1 0.0763889 0
0 0.502778 0.5 0.0555556 1
0 0.810417 1 0.0486111 0
0 0.802778 1 0.0777778 0
0 0.809722 1 0.0527778 0
0 0.502778 0.5 0.0555556 1
0 0.802778 1 0.0777778 0
0 0.809722 1 0.0527778 0
0 0.502778 0.5 0.0555556 1
0 0.802778 1 0.0777778 0
0 0.809722 1 0.0527778 0
0 0.502778 0.5 0.0555556 1
0 0.802778 1 0.0777778 0
0 0.809722 1 0.0527778 0
0 0.502778 0.5 0.0555556 1
0 0.802778 1 0.0777778 0
0 0.809722 1 0.0527778 0
0 0.502778 0.5 0.0555556 1
0 0.802778 1 0.0777778 0
0 0.809722 1 0.0527778 0
0 0.502778 0.5 0.0555556 1
0 0.802778 1 0.0777778 0
0 0.809722 1 0.0527778 0
0 0.502778 0.5 0.0555556 1
0 0.802778 1 0.0777778 0
0 0.809722 1 0.0527778 0
0 0.502778 0.5 0.0555556 1
0 0.803472 1 0.0763889 0
0 0.502778 0.5 0.0555556 1
0 0.810417 1 0.0486111 0
0 0.802778 1 0.0777778 0
0 0.809722 1 0.0527778 0
0 0.502778 0.5 0.0555556 1
0 0.802778 1 0.0777778 0
0 0.809722 1 0.0527778 0
0 0.502778 0.5 0.0555556 1
0 0.802778 1 0.0777778 0
0 0.809722 1 0.0527778 0
0 0.502778 0.5 0.0555556 1
0 0.802778 1 0.0777778 0
0 0.809722 1 0.0527778 0
0 0.502778 0.5 0.0555556 1
0 0.802778 1 0.0777778 0
0 0.809722 1 0.0527778 0
0 0.502778 0.5 0.0555556 1
0 0.802778 1 0.0777778 0
0 0.809722 1 0.05 0
0 0.502778 0.5 0.0555556 1
0 0.802778 1 0.0777778 0
0 0.809722 1 0.0527778 0
0 0.502778 0.5 0.0555556 1
0 0.802778 1 0.0777778 0
0 0.809722 1 0.0527778 0
0 0.502778 0.5 0.0555556 1
0 0.802778 1 0.0777778 0
0 0.809722 1 0.0527778 0
0 0.502778 0.5 0.0555556 1
0 0.802778 1 0.0777778 0
0 0.809722 1 0.0527778 0
0 0.502778 0.5 0.0555556 1
0 0.802778 1 0.0777778 0
0 0.809722 1 0.0527778 0
0 0.502778 0.5 0.0555556 1
0 0.802778 1 0.0777778 0
0 0.809722 1 0.0527778 0
0 0.502778 0.5 0.0555556 1
0 0.802778 1 0.0777778 0
0 0.809722 1 0.0527778 0
0 0.502778 0.5 0.0555556 1
0 0.802778 1 0.0777778 0
0 0.809722 1 0.0527778 0
0 0.502778 0.5 0.0555556 1
0 0.802778 1 0.0777778 0
0 0.809722 1 0.0527778 0
0 0.502778 0.5 0.0555556 1
0 0.802778 1 0.0777778 0
0 0.810417 1 0.0486111 0
0 0.502778 0.5 0.0555556 1
0 0.802778 1 0.0777778 0
0 0.809722 1 0.0527778 0
0 0.502778 0.5 0.0555556 1
0 0.802778 1 0.0777778 0
0 0.809722 1 0.0527778 0
0 0.502778 0.5 0.0555556 1
0 0.802778 1 0.0777778 0
0 0.809722 1 0.0527778 0
0 0.502778 0.5 0.0555556 1
0 0.802778 1 0.0777778 0
0 0.809722 1 0.0527778 0
0 0.502778 0.5 0.0555556 1
0 0.802778 1 0.0777778 0
0 0.809722 1 0.0527778 0
0 0.502778 0.5 0.0555556 1
0 0.802778 1 0.0777778 0
0 0.809722 1 0.0527778 0
0 0.502778 0.5 0.0555556 1
0 0.802778 1 0.0777778 0
0 0.809722 1 0.0527778 0
0 0.502778 0.5 0.0555556 1
0 0.802778 1 0.0777778 0
0 0.809722 1 0.0527778 0
0 0.502778 0.5 0.0555556 1
0 0.802778 1 0.0777778 0
0 0.809722 1 0.0527778 0
0 0.502778 0.5 0.0555556 1
0 0.802778 1 0.0777778 0
0 0.809722 1 0.0527778 0
0 0.502778 0.5 0.0555556 1
0 0.802778 1 0.0777778 0
0 0.810417 1 0.0486111 0
0 0.502778 0.5 0.0555556 1
0 0.802778 1 0.0777778 0
0 0.809722 1 0.0527778 0
0 0.502778 0.5 0.0555556 1
0 0.802778 1 0.0777778 0
0 0.809722 1 0.0527778 0
0 0.502778 0.5 0.0555556 1
0 0.802778 1 0.0777778 0
0 0.809722 1 0.0527778 0
0 0.502778 0.5 0.0555556 1
0 0.802778 1 0.0777778 0
0 0.809722 1 0.0527778 0
0 0.502778 0.5 0.0555556 1
0 0.802778 1 0.0777778 0
0 0.809722 1 0.0527778 0
0 0.502778 0.5 0.0555556 1
0 0.802778 1 0.0777778 0
0 0.809722 1 0.0527778 0
0 0.502778 0.5 0.0555556 1
0 0.802778 1 0.0777778 0
0 0.809722 1 0.0527778 0
0 0.502778 0.5 0.0555556 1
0 0.802778 1 0.0777778 0
0 0.809722 1 0.0527778 0
0 0.502778 0.5 0.0555556 1
0 0.802778 1 0.0777778 0
0 0.809722 1 0.0527778 0
0 0.502778 0.5 0.0555556 1
0 0.802778 1 0.0777778 0
0 0.809722 1 0.0527778 0
0 0.502778 0.5 0.0555556 1
0 0.802778 1 0.0777778 0
0 0.809722 1 0.05 0
0 0.502778 0.5 0.0555556 1
0 0.802778 1 0.0777778 0
0 0.809722 1 0.0527778 0
0 0.502778 0.5 0.0555556 1
0 0.802778 1 0.0777778 0
0 0.809722 1 0.0527778 0
0 0.502778 0.5 0.0555556 1
0 0.802778 1 0.0777778 0
0 0.809722 1 0.0527778 0
0 0.502778 0.5 0.0555556 1
0 0.802778 1 0.0777778 0
0 0.809722 1 0.0527778 0
0 0.502778 0.5 0.0555556 1
0 0.802778 1 0.0777778 0
0 0.809722 1 0.0527778 0
0 0.502778 0.5 0.0555556 1
0 0.802778 1 0.0777778 0
0 0.809722 1 0.0527778 0
0 0.502778 0.5 0.0555556 1
0 0.802778 1 0.0777778 0
0 0.809722 1 0.0527778 0
0 0.502778 0.5 0.0555556 1
0 0.469444 0 0.0222222 0
0 0.465278 0 0.0222222 0
0 0.465278 0 0.0222222 0
0 0.465278 0 0.0222222 0
0 0.464583 0 0.0208333 0
0 0.461806 0 0.0208333 0
0 0.458333 0 0.0222222 0
0 0.45625 0 0.0208333 0
0 0.45625 0 0.0208333 0
0 0.452778 0 0.0222222 0
0 0.450694 0 0.0208333 0
0 0.448611 0 0.0222222 0
0 0.448611 0 0.0222222 0
0 0.448611 0 0.0222222 0
0 0.447222 0 0.0222222 0
0 0.44375 0 0.0208333 0
0 0.441667 0 0.0222222 0
0 0.439583 0 0.0208333 0
0 0.436806 0 0.0208333 0
0 0.434722 0 0.0222222 0
0 0.433333 0 0.0222222 0
0 0.432639 0 0.0208333 0
0 0.432639 0 0.0208333 0
0 0.432639 0 0.0208333 0
0 0.433333 0 0.0222222 0
0 0.432639 0 0.0208333 0
0 0.43125 0 0.0208333 0
0 0.430556 0 0.0222222 0
0 0.430556 0 0.0222222 0
0 0.429167 0 0.0222222 0
0 0.5 0.5 0.05 1
0 0.430556 0 0.0222222 0
0 0.5 0.5 0.05 1
0 0.430556 0 0.0222222 0
0 0.430556 0 0.0222222 0
0 0.430556 0 0.0222222 0
0 0.430556 0 0.0222222 0
0 0.5 0.5 0.05 1
0 0.430556 0 0.0222222 0
0 0.430556 0 0.0222222 0
0 0.430556 0 0.0222222 0
0 0.5 0.5 0.05 1
0 0.43125 0 0.0208333 0
0 0.5 0.5 0.05 1
0 0.43125 0 0.0208333 0
0 0.500694 0.5 0.0513889 1
0 0.432639 0 0.0208333 0
0 0.432639 0 0.0208333 0
0 0.432639 0 0.0208333 0
0 0.500694 0.5 0.0513889 1
0 0.432639 0 0.0208333 0
0 0.5 0.5 0.05 1
0 0.433333 0 0.0222222 0
0 0.500694 0.5 0.0513889 1
0 0.434722 0 0.0222222 0
0 0.500694 0.5 0.0513889 1
0 0.434722 0 0.0222222 0
0 0.500694 0.5 0.0513889 1
0 0.434722 0 0.0222222 0
0 0.500694 0.5 0.0513889 1
0 0.434722 0 0.0222222 0
0 0.500694 0.5 0.0513889 1
0 0.434722 0 0.0222222 0
0 0.500694 0.5 0.0513889 1
0 0.434722 0 0.0222222 0
0 0.500694 0.5 0.0513889 1
0 0.434722 0 0.0222222 0
0 0.500694 0.5 0.0513889 1
0 0.434722 0 0.0222222 0
0 0.500694 0.5 0.0513889 1
0 0.434722 0 0.0222222 0
0 0.500694 0.5 0.0513889 1
0 0.434722 0 0.0222222 0
0 0.500694 0.5 0.0513889 1
0 0.434722 0 0.0222222 0
0 0.500694 0.5 0.0513889 1
0 0.434722 0 0.0222222 0
0 0.500694 0.5 0.0513889 1
0 0.434722 0 0.0222222 0
0 0.500694 0.5 0.0513889 1
0 0.434722 0 0.0222222 0
0 0.500694 0.5 0.0513889 1
0 0.434722 0 0.0222222 0
0 0.500694 0.5 0.0513889 1
0 0.434722 0 0.0222222 0
0 0.500694 0.5 0.0513889 1
0 0.434722 0 0.0222222 0
0 0.500694 0.5 0.0513889 1
0 0.434722 0 0.0222222 0
0 0.500694 0.5 0.0513889 1
0 0.434722 0 0.0222222 0
0 0.500694 0.5 0.0513889 1
0 0.434722 0 0.0222222 0
0 0.500694 0.5 0.0513889 1
0 0.434722 0 0.0222222 0
0 0.500694 0.5 0.0513889 1
0 0.434722 0 0.0222222 0
0 0.500694 0.5 0.0513889 1
0 0.434722 0 0.0222222 0
0 0.500694 0.5 0.0513889 1
0 0.434722 0 0.0222222 0
0 0.500694 0.5 0.0513889 1
0 0.434722 0 0.0222222 0
0 0.500694 0.5 0.0513889 1
0 0.434722 0 0.0222222 0
0 0.500694 0.5 0.0513889 1
0 0.434722 0 0.0222222 0
0 0.500694 0.5 0.0513889 1
0 0.434722 0 0.0222222 0
0 0.500694 0.5 0.0513889 1
0 0.434722 0 0.0222222 0
0 0.500694 0.5 0.0513889 1
0 0.434722 0 0.0222222 0
0 0.500694 0.5 0.0513889 1
0 0.434722 0 0.0222222 0
0 0.500694 0.5 0.0513889 1
0 0.434722 0 0.0222222 0
0 0.500694 0.5 0.0513889 1
0 0.434722 0 0.0222222 0
0 0.500694 0.5 0.0513889 1
0 0.434722 0 0.0222222 0
0 0.500694 0.5 0.0513889 1
0 0.434722 0 0.0222222 0
0 0.500694 0.5 0.0513889 1
0 0.434722 0 0.0222222 0
0 0.500694 0.5 0.0513889 1
0 0.434722 0 0.0222222 0
0 0.500694 0.5 0.0513889 1
0 0.434722 0 0.0222222 0
0 0.500694 0.5 0.0513889 1
0 0.434722 0 0.0222222 0
0 0.500694 0.5 0.0513889 1
0 0.434722 0 0.0222222 0
0 0.500694 0.5 0.0513889 1
0 0.434722 0 0.0222222 0
0 0.500694 0.5 0.0513889 1
0 0.434722 0 0.0222222 0
0 0.500694 0.5 0.0513889 1
0 0.434722 0 0.0222222 0
0 0.500694 0.5 0.0513889 1
0 0.434722 0 0.0222222 0
0 0.500694 0.5 0.0513889 1
0 0.434722 0 0.0222222 0
0 0.500694 0.5 0.0513889 1
0 0.434722 0 0.0222222 0
0 0.500694 0.5 0.0513889 1
0 0.434722 0 0.0222222 0
0 0.500694 0.5 0.0513889 1
0 0.434722 0 0.0222222 0
0 0.500694 0.5 0.0513889 1
0 0.434722 0 0.0222222 0
0 0.500694 0.5 0.0513889 1
0 0.434722 0 0.0222222 0
0 0.500694 0.5 0.0513889 1
0 0.434722 0 0.0222222 0
0 0.500694 0.5 0.0513889 1
0 0.434722 0 0.0222222 0
0 0.500694 0.5 0.0513889 1
0 0.434722 0 0.0222222 0
0 0.500694 0.5 0.0513889 1
0 0.434722 0 0.0222222 0
0 0.500694 0.5 0.0513889 1
0 0.434722 0 0.0222222 0
0 0.500694 0.5 0.0513889 1
0 0.434722 0 0.0222222 0
0 0.500694 0.5 0.0513889 1
0 0.434722 0 0.0222222 0
0 0.500694 0.5 0.0513889 1
0 0.434722 0 0.0222222 0
0 0.500694 0.5 0.0513889 1
0 0.434722 0 0.0222222 0
0 0.500694 0.5 0.0513889 1
0 0.434722 0 0.0222222 0
0 0.500694 0.5 0.0513889 1
0 0.434722 0 0.0222222 0
0 0.500694 0.5 0.0513889 1
0 0.434722 0 0.0222222 0
0 0.500694 0.5 0.0513889 1
0 0.434722 0 0.0222222 0
0 0.500694 0.5 0.0513889 1
0 0.434722 0 0.0222222 0
0 0.500694 0.5 0.0513889 1
0 0.434722 0 0.0222222 0
0 0.500694 0.5 0.0513889 1
0 0.434722 0 0.0222222 0
0 0.500694 0.5 0.0513889 1
0 0.434722 0 0.0222222 0
0 0.500694 0.5 0.0513889 1
0 0.434722 0 0.0222222 0
0 0.500694 0.5 0.0513889 1
0 0.434722 0 0.0222222 0
0 0.500694 0.5 0.0513889 1
0 0.434722 0 0.0222222 0
0 0.500694 0.5 0.0513889 1
0 0.434722 0 0.0222222 0
0 0.500694 0.5 0.0513889 1
0 0.434722 0 0.0222222 0
0 0.500694 0.5 0.0513889 1
0 0.434722 0 0.0222222 0
0 0.500694 0.5 0.0513889 1
0 0.434722 0 0.0222222 0
0 0.500694 0.5 0.0513889 1
0 0.434722 0 0.0222222 0
0 0.500694 0.5 0.0513889 1
0 0.434722 0 0.0222222 0
0 0.500694 0.5 0.0513889 1
0 0.434722 0 0.0222222 0
0 0.500694 0.5 0.0513889 1
0 0.434722 0 0.0222222 0
0 0.500694 0.5 0.0513889 1
0 0.434722 0 0.0222222 0
0 0.500694 0.5 0.0513889 1
0 0.434722 0 0.0222222 0
0 0.500694 0.5 0.0513889 1
0 0.434722 0 0.0222222 0
0 0.500694 0.5 0.0513889 1
0 0.434722 0 0.0222222 0
0 0.500694 0.5 0.0513889 1
0 0.434722 0 0.0222222 0
0 0.500694 0.5 0.0513889 1
0 0.434722 0 0.0222222 0
0 0.500694 0.5 0.0513889 1
0 0.434722 0 0.0222222 0
0 0.500694 0.5 0.0513889 1
0 0.434722 0 0.0222222 0
0 0.500694 0.5 0.0513889 1
0 0.434722 0 0.0222222 0
0 0.500694 0.5 0.0513889 1
0 0.434722 0 0.0222222 0
0 0.500694 0.5 0.0513889 1
0 0.434722 0 0.0222222 0
0 0.500694 0.5 0.0513889 1
0 0.434722 0 0.0222222 0
0 0.500694 0.5 0.0513889 1
0 0.434722 0 0.0222222 0
0 0.500694 0.5 0.0513889 1
0 0.434722 0 0.0222222 0
0 0.500694 0.5 0.0513889 1
0 0.434722 0 0.0222222 0
0 0.500694 0.5 0.0513889 1
0 0.434722 0 0.0222222 0
0 0.500694 0.5 0.0513889 1
0 0.434722 0 0.0222222 0
0 0.500694 0.5 0.0513889 1
0 0.434722 0 0.0222222 0
0 0.500694 0.5 0.0513889 1
0 0.434722 0 0.0222222 0
0 0.500694 0.5 0.0513889 1
0 0.434722 0 0.0222222 0
0 0.500694 0.5 0.0513889 1
0 0.434722 0 0.0222222 0
0 0.500694 0.5 0.0513889 1
0 0.434722 0 0.0222222 0
0 0.500694 0.5 0.0513889 1
0 0.434722 0 0.0222222 0
0 0.500694 0.5 0.0513889 1
0 0.434722 0 0.0222222 0
0 0.500694 0.5 0.0513889 1
0 0.434722 0 0.0222222 0
0 0.500694 0.5 0.0513889 1
0 0.434722 0 0.0222222 0
0 0.500694 0.5 0.0513889 1
0 0.434722 0 0.0222222 0
0 0.500694 0.5 0.0513889 1
0 0.434722 0 0.0222222 0
0 0.500694 0.5 0.0513889 1
0 0.434722 0 0.0222222 0
0 0.500694 0.5 0.0513889 1
0 0.434722 0 0.0222222 0
0 0.500694 0.5 0.0513889 1
0 0.434722 0 0.0222222 0
0 0.500694 0.5 0.0513889 1
0 0.434722 0 0.0222222 0
0 0.500694 0.5 0.0513889 1
0 0.434722 0 0.0222222 0
0 0.500694 0.5 0.0513889 1
0 0.434722 0 0.0222222 0
0 0.500694 0.5 0.0513889 1
0 0.434722 0 0.0222222 0
0 0.500694 0.5 0.0513889 1
0 0.434722 0 0.0222222 0
0 0.500694 0.5 0.0513889 1
0 0.434722 0 0.0222222 0
0 0.500694 0.5 0.0513889 1
0 0.434722 0 0.0222222 0
0 0.500694 0.5 0.0513889 1
0 0.434722 0 0.0222222 0
0 0.500694 0.5 0.0513889 1
0 0.434722 0 0.0222222 0
0 0.500694 0.5 0.0513889 1
0 0.434722 0 0.0222222 0
0 0.500694 0.5 0.0513889 1
0 0.434722 0 0.0222222 0
0 0.500694 0.5 0.0513889 1
0 0.434722 0 0.0222222 0
0 0.500694 0.5 0.0513889 1
0 0.434722 0 0.0222222 0
0 0.500694 0.5 0.0513889 1
0 0.434722 0 0.0222222 0
0 0.500694 0.5 0.0513889 1
0 0.434722 0 0.0222222 0
0 0.500694 0.5 0.0513889 1
0 0.434722 0 0.0222222 0
0 0.500694 0.5 0.0513889 1
0 0.434722 0 0.0222222 0
0 0.500694 0.5 0.0513889 1
0 0.434722 0 0.0222222 0
0 0.500694 0.5 0.0513889 1
0 0.434722 0 0.0222222 0
0 0.500694 0.5 0.0513889 1
0 0.434722 0 0.0222222 0
0 0.500694 0.5 0.0513889 1
0 0.434722 0 0.0222222 0
0 0.500694 0.5 0.0513889 1
0 0.434722 0 0.0222222 0
0 0.500694 0.5 0.0513889 1
0 0.434722 0 0.0222222 0
0 0.500694 0.5 0.0513889 1
0 0.434722 0 0.0222222 0
0 0.500694 0.5 0.0513889 1
0 0.434722 0 0.0222222 0
0 0.500694 0.5 0.0513889 1
0 0.434722 0 0.0222222 0
0 0.500694 0.5 0.0513889 1
0 0.434722 0 0.0222222 0
0 0.500694 0.5 0.0513889 1
0 0.434722 0 0.0222222 0
0 0.500694 0.5 0.0513889 1
0 0.434722 0 0.0222222 0
0 0.500694 0.5 0.0513889 1
0 0.434722 0 0.0222222 0
0 0.500694 0.5 0.0513889 1
0 0.434722 0 0.0222222 0
0 0.500694 0.5 0.0513889 1
0 0.434722 0 0.0222222 0
0 0.500694 0.5 0.0513889 1
0 0.434722 0 0.0222222 0
0 0.500694 0.5 0.0513889 1
0 0.434722 0 0.0222222 0
0 0.500694 0.5 0.0513889 1
0 0.434722 0 0.0222222 0
0 0.500694 0.5 0.0513889 1
0 0.434722 0 0.0222222 0
0 0.5 0.5 0.05 1
0 0.434722 0 0.0222222 0
0 0.5 0.5 0.05 1
0 0.434722 0 0.0222222 0
0 0.5 0.5 0.05 1
0 0.434722 0 0.0222222 0
0 0.5 0.5 0.05 1
0 0.434722 0 0.0222222 0
0 0.5 0.5 0.05 1
0 0.434722 0 0.0222222 0
0 0.5 0.5 0.05 1
0 0.434722 0 0.0222222 0
0 0.5 0.5 0.05 1
0 0.434722 0 0.0222222 0
0 0.5 0.5 0.05 1
0 0.434722 0 0.0222222 0
0 0.5 0.5 0.05 1
0 0.434722 0 0.0222222 0
0 0.434722 0 0.0222222 0
0 0.434722 0 0.0222222 0
0 0.434722 0 0.0222222 0
0 0.434722 0 0.0222222 0
0 0.434722 0 0.0222222 0
0 0.434722 0 0.0222222 0
0 0.434722 0 0.0222222 0
0 0.434722 0 0.0222222 0
0 0.434722 0 0.0222222 0
0 0.434722 0 0.0222222 0
0 0.434722 0 0.0222222 0
0 0.434722 0 0.0222222 0
0 0.434722 0 0.0222222 0
0 0.434722 0 0.0222222 0
0 0.434722 0 0.0222222 0
0 0.434722 0 0.0222222 0
0 0.434722 0 0.0222222 0
0 0.434722 0 0.0222222 0
0 0.434722 0 0.0222222 0
0 0.434722 0 0.0222222 0
0 0.434722 0 0.0222222 0
0 0.434722 0 0.0222222 0
0 0.434722 0 0.0222222 0
0 0.434722 0 0.0222222 0
0 0.434722 0 0.0222222 0
0 0.434722 0 0.0222222 0
0 0.434722 0 0.0222222 0
0 0.434722 0 0.0222222 0
0 0.434722 0 0.0222222 0
0 0.434722 0 0.0222222 0
0 0.434722 0 0.0222222 0
0 0.434722 0 0.0222222 0
0 0.434722 0 0.0222222 0
0 0.434722 0 0.0222222 0
0 0.434722 0 0.0222222 0
0 0.434722 0 0.0222222 0
0 0.434722 0 0.0222222 0
0 0.434722 0 0.0222222 0
0 0.434722 0 0.0222222 0
0 0.434722 0 0.0222222 0
0 0.434722 0 0.0222222 0
0 0.434722 0 0.0222222 0
0 0.434722 0 0.0222222 0
0 0.434722 0 0.0222222 0
0 0.434722 0 0.0222222 0
0 0.434722 0 0.0222222 0
0 0.434722 0 0.0222222 0
0 0.434722 0 0.0222222 0
0 0.434722 0 0.0222222 0
0 0.434722 0 0.0222222 0
0 0.434722 0 0.0222222 0
0 0.434722 0 0.0222222 0
0 0.434722 0 0.0222222 0
0 0.434722 0 0.0222222 0
0 0.434722 0 0.0222222 0
0 0.434722 0 0.0222222 0
0 0.434722 0 0.0222222 0
0 0.434722 0 0.0222222 0
0 0.434722 0 0.0222222 0
0 0.434722 0 0.0222222 0
0 0.434722 0 0.0222222 0
0 0.434722 0 0.0222222 0
0 0.434722 0 0.0222222 0
0 0.434722 0 0.0222222 0
0 0.5 0.5 0.05 1
0 0.434722 0 0.0222222 0
0 0.434722 0 0.0222222 0
0 0.434722 0 0.0222222 0
0 0.434722 0 0.0222222 0
0 0.434722 0 0.0222222 0
0 0.434722 0 0.0222222 0
0 0.434722 0 0.0222222 0
0 0.434722 0 0.0222222 0
0 0.434722 0 0.0222222 0
0 0.434722 0 0.0222222 0
0 0.434722 0 0.0222222 0
0 0.434722 0 0.0222222 0
0 0.434722 0 0.0222222 0
0 0.5 0.5 0.05 1
0 0.434722 0 0.0222222 0
0 0.434722 0 0.0222222 0
0 0.434722 0 0.0222222 0
0 0.5 0.5 0.05 1
0 0.434722 0 0.0222222 0
0 0.434722 0 0.0222222 0
0 0.434722 0 0.0222222 0
0 0.434722 0 0.0222222 0
0 0.434722 0 0.0222222 0
0 0.434722 0 0.0222222 0
0 0.434722 0 0.0222222 0
0 0.434722 0 0.0222222 0
0 0.434722 0 0.0222222 0
0 0.434722 0 0.0222222 0
0 0.5 0.5 0.05 1
0 0.434722 0 0.0222222 0
0 0.434722 0 0.0222222 0
0 0.434722 0 0.0222222 0
0 0.434722 0 0.0222222 0
0 0.434722 0 0.0222222 0
0 0.434722 0 0.0222222 0
0 0.434722 0 0.0222222 0
0 0.434722 0 0.0222222 0
0 0.434722 0 0.0222222 0
0 0.434722 0 0.0222222 0
0 0.434722 0 0.0222222 0
0 0.434722 0 0.0222222 0
0 0.434722 0 0.0222222 0
0 0.434722 0 0.0222222 0
0 0.434722 0 0.0222222 0
0 0.434722 0 0.0222222 0
0 0.434722 0 0.0222222 0
0 0.434722 0 0.0222222 0
0 0.434722 0 0.0222222 0
0 0.434722 0 0.0222222 0
0 0.434722 0 0.0222222 0
0 0.434722 0 0.0222222 0
0 0.434722 0 0.0222222 0
0 0.434722 0 0.0222222 0
0 0.434722 0 0.0222222 0
0 0.434722 0 0.0222222 0
0 0.434722 0 0.0222222 0
0 0.434722 0 0.0222222 0
0 0.434722 0 0.0222222 0
0 0.434722 0 0.0222222 0
0 0.434722 0 0.0222222 0
0 0.434722 0 0.0222222 0
0 0.434722 0 0.0222222 0
0 0.434722 0 0.0222222 0
0 0.434722 0 0.0222222 0
0 0.434722 0 0.0222222 0
0 0.434722 0 0.0222222 0
0 0.434722 0 0.0222222 0
0 0.434722 0 0.0222222 0
0 0.434722 0 0.0222222 0
0 0.434722 0 0.0222222 0
0 0.434722 0 0.0222222 0
0 0.5 0.5 0.05 1
0 0.434722 0 0.0222222 0
0 0.5 0.5 0.05 1
0 0.434722 0 0.0222222 0
0 0.5 0.5 0.05 1
0 0.434722 0 0.0222222 0
0 0.5 0.5 0.05 1
0 0.434722 0 0.0222222 0
0 0.434722 0 0.0222222 0
0 0.434722 0 0.0222222 0
0 0.434722 0 0.0222222 0
0 0.434722 0 0.0222222 0
0 0.434722 0 0.0222222 0
0 0.434722 0 0.0222222 0
0 0.434722 0 0.0222222 0
0 0.434722 0 0.0222222 0
0 0.434722 0 0.0222222 0
0 0.434722 0 0.0222222 0
0 0.434722 0 0.0222222 0
0 0.5 0.5 0.05 1
0 0.434722 0 0.0222222 0
0 0.5 0.5 0.05 1
0 0.434722 0 0.0222222 0
0 0.434722 0 0.0222222 0
0 0.5 0.5 0.05 1
0 0.434722 0 0.0222222 0
0 0.5 0.5 0.05 1
0 0.434722 0 0.0222222 0
0 0.5 0.5 0.05 1
0 0.434722 0 0.0222222 0
0 0.5 0.5 0.05 1
0 0.434722 0 0.0222222 0
0 0.5 0.5 0.05 1
0 0.434722 0 0.0222222 0
0 0.5 0.5 0.05 1
0 0.434722 0 0.0222222 0
0 0.5 0.5 0.05 1
0 0.434722 0 0.0222222 0
0 0.5 0.5 0.05 1
0 0.434722 0 0.0222222 0
0 0.5 0.5 0.05 1
0 0.434722 0 0.0222222 0
0 0.5 0.5 0.05 1
0 0.434722 0 0.0222222 0
0 0.5 0.5 0.05 1
0 0.434722 0 0.0222222 0
0 0.5 0.5 0.05 1
0 0.434722 0 0.0222222 0
0 0.5 0.5 0.05 1
0 0.434722 0 0.0222222 0
0 0.5 0.5 0.05 1
0 0.434722 0 0.0222222 0
0 0.5 0.5 0.05 1
0 0.434722 0 0.0222222 0
0 0.5 0.5 0.05 1
0 0.434722 0 0.0222222 0
0 0.5 0.5 0.05 1
0 0.434722 0 0.0222222 0
0 0.5 0.5 0.05 1
0 0.434722 0 0.0222222 0
0 0.5 0.5 0.05 1
0 0.434722 0 0.0222222 0
0 0.434722 0 0.0222222 0
0 0.434722 0 0.0222222 0
0 0.434722 0 0.0222222 0
0 0.434722 0 0.0222222 0
0 0.5 0.5 0.05 1
0 0.434722 0 0.0222222 0
0 0.434722 0 0.0222222 0
0 0.434722 0 0.0222222 0
0 0.5 0.5 0.05 1
0 0.434722 0 0.0222222 0
0 0.434722 0 0.0222222 0
0 0.5 0.5 0.05 1
0 0.434722 0 0.0222222 0
0 0.5 0.5 0.05 1
0 0.434722 0 0.0222222 0
0 0.5 0.5 0.05 1
0 0.434722 0 0.0222222 0
0 0.5 0.5 0.05 1
0 0.434722 0 0.0222222 0
0 0.5 0.5 0.05 1
0 0.434722 0 0.0222222 0
0 0.5 0.5 0.05 1
0 0.434722 0 0.0222222 0
0 0.434722 0 0.0222222 0
0 0.434722 0 0.0222222 0
0 0.434722 0 0.0222222 0
0 0.434722 0 0.0222222 0
0 0.434722 0 0.0222222 0
0 0.5 0.5 0.05 1
0 0.434722 0 0.0222222 0
0 0.434722 0 0.0222222 0
0 0.434722 0 0.0222222 0
0 0.434722 0 0.0222222 0
0 0.434722 0 0.0222222 0
0 0.434722 0 0.0222222 0
0 0.434722 0 0.0222222 0
0 0.5 0.5 0.05 1
0 0.434722 0 0.0222222 0
0 0.5 0.5 0.05 1
0 0.434722 0 0.0222222 0
0 0.5 0.5 0.05 1
0 0.434722 0 0.0222222 0
0 0.5 0.5 0.05 1
0 0.434722 0 0.0222222 0
0 0.5 0.5 0.05 1
0 0.434722 0 0.0222222 0
0 0.5 0.5 0.05 1
0 0.434722 0 0.0222222 0
0 0.5 0.5 0.05 1
0 0.434722 0 0.0222222 0
0 0.5 0.5 0.05 1
0 0.434722 0 0.0222222 0
0 0.5 0.5 0.05 1
0 0.434722 0 0.0222222 0
0 0.5 0.5 0.05 1
0 0.434722 0 0.0222222 0
0 0.5 0.5 0.05 1
0 0.434722 0 0.0222222 0
0 0.5 0.5 0.05 1
0 0.434722 0 0.0222222 0
0 0.5 0.5 0.05 1
0 0.434722 0 0.0222222 0
0 0.5 0.5 0.05 1
0 0.434722 0 0.0222222 0
0 0.5 0.5 0.05 1
0 0.434722 0 0.0222222 0
0 0.5 0.5 0.05 1
0 0.434722 0 0.0222222 0
0 0.5 0.5 0.05 1
0 0.434722 0 0.0222222 0
0 0.5 0.5 0.05 1
0 0.434722 0 0.0222222 0
0 0.5 0.5 0.05 1
0 0.434722 0 0.0222222 0
0 0.5 0.5 0.05 1
0 0.434722 0 0.0222222 0
0 0.5 0.5 0.05 1
0 0.434722 0 0.0222222 0
0 0.5 0.5 0.05 1
0 0.434722 0 0.0222222 0
0 0.5 0.5 0.05 1
0 0.434722 0 0.0222222 0
0 0.5 0.5 0.05 1
0 0.434722 0 0.0222222 0
0 0.5 0.5 0.05 1
0 0.434722 0 0.0222222 0
0 0.5 0.5 0.05 1
0 0.434722 0 0.0222222 0
0 0.5 0.5 0.05 1
0 0.434722 0 0.0222222 0
0 0.5 0.5 0.05 1
0 0.434722 0 0.0222222 0
0 0.5 0.5 0.05 1
0 0.434722 0 0.0222222 0
0 0.5 0.5 0.05 1
0 0.434722 0 0.0222222 0
0 0.5 0.5 0.05 1
0 0.434722 0 0.0222222 0
0 0.5 0.5 0.05 1
0 0.434722 0 0.0222222 0
0 0.5 0.5 0.05 1
0 0.434722 0 0.0222222 0
0 0.5 0.5 0.05 1
0 0.434722 0 0.0222222 0
0 0.5 0.5 0.05 1
0 0.434722 0 0.0222222 0
0 0.5 0.5 0.05 1
0 0.434722 0 0.0222222 0
0 0.5 0.5 0.05 1
0 0.434722 0 0.0222222 0
0 0.5 0.5 0.05 1
0 0.434722 0 0.0222222 0
0 0.5 0.5 0.05 1
0 0.434722 0 0.0222222 0
0 0.5 0.5 0.05 1
0 0.434722 0 0.0222222 0
0 0.5 0.5 0.05 1
0 0.434722 0 0.0222222 0
0 0.5 0.5 0.05 1
0 0.434722 0 0.0222222 0
0 0.5 0.5 0.05 1
0 0.434722 0 0.0222222 0
0 0.5 0.5 0.05 1
0 0.434722 0 0.0222222 0
0 0.5 0.5 0.05 1
0 0.434722 0 0.0222222 0
0 0.5 0.5 0.05 1
0 0.434722 0 0.0222222 0
0 0.5 0.5 0.05 1
0 0.434722 0 0.0222222 0
0 0.5 0.5 0.05 1
0 0.434722 0 0.0222222 0
0 0.5 0.5 0.05 1
0 0.434722 0 0.0222222 0
0 0.5 0.5 0.05 1
0 0.434722 0 0.0222222 0
0 0.5 0.5 0.05 1
0 0.434722 0 0.0222222 0
0 0.5 0.5 0.05 1
0 0.434722 0 0.0222222 0
0 0.5 0.5 0.05 1
0 0.434722 0 0.0222222 0
0 0.5 0.5 0.05 1
0 0.434722 0 0.0222222 0
0 0.5 0.5 0.05 1
0 0.434722 0 0.0222222 0
0 0.5 0.5 0.05 1
0 0.434722 0 0.0222222 0
0 0.5 0.5 0.05 1
0 0.434722 0 0.0222222 0
0 0.5 0.5 0.05 1
0 0.434722 0 0.0222222 0
0 0.5 0.5 0.05 1
0 0.434722 0 0.0222222 0
0 0.5 0.5 0.05 1
0 0.434722 0 0.0222222 0
0 0.5 0.5 0.05 1
0 0.434722 0 0.0222222 0
0 0.5 0.5 0.05 1
0 0.434722 0 0.0222222 0
0 0.5 0.5 0.05 1
0 0.434722 0 0.0222222 0
0 0.5 0.5 0.05 1
0 0.434722 0 0.0222222 0
0 0.5 0.5 0.05 1
0 0.434722 0 0.0222222 0
0 0.5 0.5 0.05 1
0 0.434722 0 0.0222222 0
0 0.5 0.5 0.05 1
0 0.434722 0 0.0222222 0
0 0.5 0.5 0.05 1
0 0.434722 0 0.0222222 0
0 0.5 0.5 0.05 1
0 0.434722 0 0.0222222 0
0 0.5 0.5 0.05 1
0 0.434722 0 0.0222222 0
0 0.5 0.5 0.05 1
0 0.434722 0 0.0222222 0
0 0.5 0.5 0.05 1
0 0.434722 0 0.0222222 0
0 0.5 0.5 0.05 1
0 0.434722 0 0.0222222 0
0 0.5 0.5 0.05 1
0 0.434722 0 0.0222222 0
0 0.5 0.5 0.05 1
0 0.434722 0 0.0222222 0
0 0.5 0.5 0.05 1
0 0.434722 0 0.0222222 0
0 0.5 0.5 0.05 1
0 0.434722 0 0.0222222 0
0 0.5 0.5 0.05 1
0 0.434722 0 0.0222222 0
0 0.5 0.5 0.05 1
0 0.434722 0 0.0222222 0
0 0.5 0.5 0.05 1
0 0.434722 0 0.0222222 0
0 0.5 0.5 0.05 1
0 0.434722 0 0.0222222 0
0 0.5 0.5 0.05 1
0 0.434722 0 0.0222222 0
0 0.5 0.5 0.05 1
0 0.434722 0 0.0222222 0
0 0.434722 0 0.0222222 0
0 0.434722 0 0.0222222 0
0 0.5 0.5 0.05 1
0 0.434722 0 0.0222222 0
0 0.5 0.5 0.05 1
0 0.434722 0 0.0222222 0
0 0.5 0.5 0.05 1
0 0.434722 0 0.0222222 0
0 0.434722 0 0.0222222 0
0 0.434722 0 0.0222222 0
0 0.434722 0 0.0222222 0
0 0.5 0.5 0.05 1
0 0.434722 0 0.0222222 0
0 0.5 0.5 0.05 1
0 0.434722 0 0.0222222 0
0 0.5 0.5 0.05 1
0 0.434722 0 0.0222222 0
0 0.5 0.5 0.05 1
0 0.434722 0 0.0222222 0
0 0.5 0.5 0.05 1
0 0.434722 0 0.0222222 0
0 0.5 0.5 0.05 1
0 0.434722 0 0.0222222 0
0 0.5 0.5 0.05 1
0 0.434722 0 0.0222222 0
0 0.5 0.5 0.05 1
0 0.434722 0 0.0222222 0
0 0.5 0.5 0.05 1
0 0.434722 0 0.0222222 0
0 0.5 0.5 0.05 1
0 0.434722 0 0.0222222 0
0 0.5 0.5 0.05 1
0 0.434722 0 0.0222222 0
0 0.5 0.5 0.05 1
0 0.434722 0 0.0222222 0
0 0.5 0.5 0.05 1
0 0.434722 0 0.0222222 0
0 0.5 0.5 0.05 1
0 0.434722 0 0.0222222 0
0 0.5 0.5 0.05 1
0 0.434722 0 0.0222222 0
0 0.5 0.5 0.05 1
0 0.434722 0 0.0222222 0
0 0.5 0.5 0.05 1
0 0.434722 0 0.0222222 0
0 0.5 0.5 0.05 1
0 0.434722 0 0.0222222 0
0 0.5 0.5 0.05 1
0 0.434722 0 0.0222222 0
0 0.5 0.5 0.05 1
0 0.434722 0 0.0222222 0
0 0.5 0.5 0.05 1
0 0.434722 0 0.0222222 0
0 0.5 0.5 0.05 1
0 0.434722 0 0.0222222 0
0 0.5 0.5 0.05 1
0 0.434722 0 0.0222222 0
0 0.5 0.5 0.05 1
0 0.434722 0 0.0222222 0
0 0.5 0.5 0.05 1
0 0.434722 0 0.0222222 0
0 0.5 0.5 0.05 1
0 0.434722 0 0.0222222 0
0 0.5 0.5 0.05 1
0 0.434722 0 0.0222222 0
0 0.5 0.5 0.05 1
0 0.434722 0 0.0222222 0
0 0.5 0.5 0.05 1
0 0.434722 0 0.0222222 0
0 0.5 0.5 0.05 1
0 0.434722 0 0.0222222 0
0 0.434722 0 0.0222222 0
0 0.5 0.5 0.05 1
0 0.434722 0 0.0222222 0
0 0.5 0.5 0.05 1
0 0.434722 0 0.0222222 0
0 0.5 0.5 0.05 1
0 0.434722 0 0.0222222 0
0 0.5 0.5 0.05 1
0 0.434722 0 0.0222222 0
0 0.5 0.5 0.05 1
0 0.434722 0 0.0222222 0
0 0.5 0.5 0.05 1
0 0.434722 0 0.0222222 0
0 0.5 0.5 0.05 1
0 0.434722 0 0.0222222 0
0 0.5 0.5 0.05 1
0 0.434722 0 0.0222222 0
0 0.5 0.5 0.05 1
0 0.434722 0 0.0222222 0
0 0.5 0.5 0.05 1
0 0.434722 0 0.0222222 0
0 0.5 0.5 0.05 1
0 0.434722 0 0.0222222 0
0 0.5 0.5 0.05 1
0 0.434722 0 0.0222222 0
0 0.5 0.5 0.05 1
0 0.434722 0 0.0222222 0
0 0.5 0.5 0.05 1
0 0.434722 0 0.0222222 0
0 0.5 0.5 0.05 1
0 0.434722 0 0.0222222 0
0 0.5 0.5 0.05 1
0 0.434722 0 0.0222222 0
0 0.5 0.5 0.05 1
0 0.434722 0 0.0222222 0
0 0.5 0.5 0.05 1
0 0.434722 0 0.0222222 0
0 0.5 0.5 0.05 1
0 0.434722 0 0.0222222 0
0 0.5 0.5 0.05 1
0 0.434722 0 0.0222222 0
0 0.5 0.5 0.05 1
0 0.434722 0 0.0222222 0
0 0.5 0.5 0.05 1
0 0.434722 0 0.0222222 0
0 0.5 0.5 0.05 1
0 0.434722 0 0.0222222 0
0 0.5 0.5 0.05 1
0 0.434722 0 0.0222222 0
0 0.434722 0 0.0222222 0
0 0.434722 0 0.0222222 0
0 0.434722 0 0.0222222 0
0 0.5 0.5 0.05 1
0 0.434722 0 0.0222222 0
0 0.434722 0 0.0222222 0
0 0.5 0.5 0.05 1
0 0.434722 0 0.0222222 0
0 0.5 0.5 0.05 1
0 0.434722 0 0.0222222 0
0 0.5 0.5 0.05 1
0 0.434722 0 0.0222222 0
0 0.434722 0 0.0222222 0
0 0.434722 0 0.0222222 0
0 0.434722 0 0.0222222 0
0 0.434722 0 0.0222222 0
0 0.5 0.5 0.05 1
0 0.434722 0 0.0222222 0
0 0.5 0.5 0.05 1
0 0.434722 0 0.0222222 0
0 0.5 0.5 0.05 1
0 0.434722 0 0.0222222 0
0 0.5 0.5 0.05 1
0 0.434722 0 0.0222222 0
0 0.434722 0 0.0222222 0
0 0.434722 0 0.0222222 0
0 0.434722 0 0.0222222 0
0 0.434722 0 0.0222222 0
0 0.434722 0 0.0222222 0
0 0.5 0.5 0.05 1
0 0.434722 0 0.0222222 0
0 0.5 0.5 0.05 1
0 0.434722 0 0.0222222 0
0 0.5 0.5 0.05 1
0 0.434722 0 0.0222222 0
0 0.5 0.5 0.05 1
0 0.434722 0 0.0222222 0
0 0.5 0.5 0.05 1
0 0.434722 0 0.0222222 0
0 0.5 0.5 0.05 1
0 0.434722 0 0.0222222 0
0 0.5 0.5 0.05 1
0 0.434722 0 0.0222222 0
0 0.5 0.5 0.05 1
0 0.434722 0 0.0222222 0
0 0.5 0.5 0.05 1
0 0.434722 0 0.0222222 0
0 0.5 0.5 0.05 1
0 0.434722 0 0.0222222 0
0 0.5 0.5 0.05 1
0 0.434722 0 0.0222222 0
0 0.5 0.5 0.05 1
0 0.434722 0 0.0222222 0
0 0.5 0.5 0.05 1
0 0.434722 0 0.0222222 0
0 0.5 0.5 0.05 1
0 0.434722 0 0.0222222 0
0 0.5 0.5 0.05 1
0 0.434722 0 0.0222222 0
0 0.5 0.5 0.05 1
0 0.434722 0 0.0222222 0
0 0.5 0.5 0.05 1
0 0.434722 0 0.0222222 0
0 0.5 0.5 0.05 1
0 0.434722 0 0.0222222 0
0 0.434722 0 0.0222222 0
0 0.434722 0 0.0222222 0
0 0.5 0.5 0.05 1
0 0.434722 0 0.0222222 0
0 0.5 0.5 0.05 1
0 0.434722 0 0.0222222 0
0 0.5 0.5 0.05 1
0 0.434722 0 0.0222222 0
0 0.5 0.5 0.05 1
0 0.434722 0 0.0222222 0
0 0.5 0.5 0.05 1
0 0.434722 0 0.0222222 0
0 0.5 0.5 0.05 1
0 0.434722 0 0.0222222 0
0 0.5 0.5 0.05 1
0 0.434722 0 0.0222222 0
0 0.5 0.5 0.05 1
0 0.434722 0 0.0222222 0
0 0.5 0.5 0.05 1
0 0.434722 0 0.0222222 0
0 0.5 0.5 0.05 1
0 0.434722 0 0.0222222 0
0 0.5 0.5 0.05 1
0 0.434722 0 0.0222222 0
0 0.5 0.5 0.05 1
0 0.434722 0 0.0222222 0
0 0.5 0.5 0.05 1
0 0.434722 0 0.0222222 0
0 0.5 0.5 0.05 1
0 0.434722 0 0.0222222 0
0 0.5 0.5 0.05 1
0 0.434722 0 0.0222222 0
0 0.5 0.5 0.05 1
0 0.434722 0 0.0222222 0
0 0.5 0.5 0.05 1
0 0.434722 0 0.0222222 0
0 0.5 0.5 0.05 1
0 0.434722 0 0.0222222 0
0 0.5 0.5 0.05 1
0 0.434722 0 0.0222222 0
0 0.5 0.5 0.05 1
0 0.434722 0 0.0222222 0
0 0.5 0.5 0.05 1
0 0.434722 0 0.0222222 0
0 0.5 0.5 0.05 1
0 0.434722 0 0.0222222 0
0 0.434722 0 0.0222222 0
0 0.434722 0 0.0222222 0
0 0.5 0.5 0.05 1
0 0.434722 0 0.0222222 0
0 0.5 0.5 0.05 1
0 0.434722 0 0.0222222 0
0 0.5 0.5 0.05 1
0 0.434722 0 0.0222222 0
0 0.5 0.5 0.05 1
0 0.434722 0 0.0222222 0
0 0.5 0.5 0.05 1
0 0.434722 0 0.0222222 0
0 0.5 0.5 0.05 1
0 0.434722 0 0.0222222 0
0 0.5 0.5 0.05 1
0 0.434722 0 0.0222222 0
0 0.5 0.5 0.05 1
0 0.434722 0 0.0222222 0
0 0.5 0.5 0.05 1
0 0.434722 0 0.0222222 0
0 0.5 0.5 0.05 1
0 0.434722 0 0.0222222 0
0 0.5 0.5 0.05 1
0 0.434722 0 0.0222222 0
0 0.5 0.5 0.05 1
0 0.434722 0 0.0222222 0
0 0.434722 0 0.0222222 0
0 0.434722 0 0.0222222 0
0 0.434722 0 0.0222222 0
0 0.434722 0 0.0222222 0
0 0.434722 0 0.0222222 0
0 0.434722 0 0.0222222 0
0 0.434722 0 0.0222222 0
0 0.434722 0 0.0222222 0
0 0.434722 0 0.0222222 0
0 0.434722 0 0.0222222 0
0 0.434722 0 0.0222222 0
0 0.434722 0 0.0222222 0
0 0.434722 0 0.0222222 0
0 0.434722 0 0.0222222 0
0 0.434722 0 0.0222222 0
0 0.434722 0 0.0222222 0
0 0.434722 0 0.0222222 0
0 0.434722 0 0.0222222 0
0 0.434722 0 0.0222222 0
0 0.434722 0 0.0222222 0
0 0.434722 0 0.0222222 0
0 0.434722 0 0.0222222 0
0 0.5 0.5 0.05 1
0 0.434722 0 0.0222222 0
0 0.434722 0 0.0222222 0
0 0.434722 0 0.0222222 0
0 0.434722 0 0.0222222 0
0 0.434722 0 0.0222222 0
0 0.5 0.5 0.05 1
0 0.434722 0 0.0222222 0
0 0.5 0.5 0.05 1
0 0.434722 0 0.0222222 0
0 0.5 0.5 0.05 1
0 0.434722 0 0.0222222 0
0 0.5 0.5 0.05 1
0 0.434722 0 0.0222222 0
0 0.5 0.5 0.05 1
0 0.434722 0 0.0222222 0
0 0.5 0.5 0.05 1
0 0.434722 0 0.0222222 0
0 0.5 0.5 0.05 1
0 0.434722 0 0.0222222 0
0 0.5 0.5 0.05 1
0 0.434722 0 0.0222222 0
0 0.5 0.5 0.05 1
0 0.434722 0 0.0222222 0
0 0.5 0.5 0.05 1
0 0.434722 0 0.0222222 0
0 0.5 0.5 0.05 1
0 0.434722 0 0.0222222 0
0 0.5 0.5 0.05 1
0 0.434722 0 0.0222222 0
0 0.5 0.5 0.05 1
0 0.434722 0 0.0222222 0
0 0.5 0.5 0.05 1
0 0.434722 0 0.0222222 0
0 0.5 0.5 0.05 1
0 0.434722 0 0.0222222 0
0 0.5 0.5 0.05 1
0 0.434722 0 0.0222222 0
0 0.5 0.5 0.05 1
0 0.434722 0 0.0222222 0
0 0.5 0.5 0.05 1
0 0.434722 0 0.0222222 0
0 0.5 0.5 0.05 1
0 0.434722 0 0.0222222 0
0 0.5 0.5 0.05 1
0 0.434722 0 0.0222222 0
0 0.5 0.5 0.05 1
0 0.434722 0 0.0222222 0
0 0.5 0.5 0.05 1
0 0.434722 0 0.0222222 0
0 0.5 0.5 0.05 1
0 0.434722 0 0.0222222 0
0 0.5 0.5 0.05 1
0 0.434722 0 0.0222222 0
0 0.5 0.5 0.05 1
0 0.434722 0 0.0222222 0
0 0.5 0.5 0.05 1
0 0.434722 0 0.0222222 0
0 0.5 0.5 0.05 1
0 0.434722 0 0.0222222 0
0 0.5 0.5 0.05 1
0 0.434722 0 0.0222222 0
0 0.434722 0 0.0222222 0
0 0.434722 0 0.0222222 0
0 0.434722 0 0.0222222 0
0 0.434722 0 0.0222222 0
0 0.5 0.5 0.05 1
0 0.434722 0 0.0222222 0
0 0.5 0.5 0.05 1
0 0.434722 0 0.0222222 0
0 0.5 0.5 0.05 1
0 0.434722 0 0.0222222 0
0 0.5 0.5 0.05 1
0 0.434722 0 0.0222222 0
0 0.5 0.5 0.05 1
0 0.434722 0 0.0222222 0
0 0.5 0.5 0.05 1
0 0.434722 0 0.0222222 0
0 0.434722 0 0.0222222 0
0 0.434722 0 0.0222222 0
0 0.434722 0 0.0222222 0
0 0.434722 0 0.0222222 0
0 0.5 0.5 0.05 1
0 0.434722 0 0.0222222 0
0 0.434722 0 0.0222222 0
0 0.434722 0 0.0222222 0
0 0.434722 0 0.0222222 0
0 0.434722 0 0.0222222 0
0 0.434722 0 0.0222222 0
0 0.434722 0 0.0222222 0
0 0.434722 0 0.0222222 0
0 0.434722 0 0.0222222 0
0 0.434722 0 0.0222222 0
0 0.5 0.5 0.05 1
0 0.434722 0 0.0222222 0
0 0.5 0.5 0.05 1
0 0.434722 0 0.0222222 0
0 0.5 0.5 0.05 1
0 0.434722 0 0.0222222 0
0 0.5 0.5 0.05 1
0 0.434722 0 0.0222222 0
0 0.5 0.5 0.05 1
0 0.434722 0 0.0222222 0
0 0.5 0.5 0.05 1
0 0.434722 0 0.0222222 0
0 0.5 0.5 0.05 1
0 0.434722 0 0.0222222 0
0 0.434722 0 0.0222222 0
0 0.5 0.5 0.05 1
0 0.434722 0 0.0222222 0
0 0.5 0.5 0.05 1
0 0.434722 0 0.0222222 0
0 0.5 0.5 0.05 1
0 0.434722 0 0.0222222 0
0 0.5 0.5 0.05 1
0 0.434722 0 0.0222222 0
0 0.5 0.5 0.05 1
0 0.434722 0 0.0222222 0
0 0.5 0.5 0.05 1
0 0.434722 0 0.0222222 0
0 0.5 0.5 0.05 1
0 0.434722 0 0.0222222 0
0 0.5 0.5 0.05 1
0 0.434722 0 0.0222222 0
0 0.5 0.5 0.05 1
0 0.434722 0 0.0222222 0
0 0.5 0.5 0.05 1
0 0.434722 0 0.0222222 0
0 0.5 0.5 0.05 1
0 0.434722 0 0.0222222 0
0 0.5 0.5 0.05 1
0 0.434722 0 0.0222222 0
0 0.5 0.5 0.05 1
0 0.434722 0 0.0222222 0
0 0.5 0.5 0.05 1
0 0.434722 0 0.0222222 0
0 0.5 0.5 0.05 1
0 0.434722 0 0.0222222 0
0 0.5 0.5 0.05 1
0 0.434722 0 0.0222222 0
0 0.5 0.5 0.05 1
0 0.434722 0 0.0222222 0
0 0.5 0.5 0.05 1
0 0.434722 0 0.0222222 0
0 0.5 0.5 0.05 1
0 0.434722 0 0.0222222 0
0 0.5 0.5 0.05 1
0 0.434722 0 0.0222222 0
0 0.5 0.5 0.05 1
0 0.434722 0 0.0222222 0
0 0.5 0.5 0.05 1
0 0.434722 0 0.0222222 0
0 0.5 0.5 0.05 1
0 0.434722 0 0.0222222 0
0 0.5 0.5 0.05 1
0 0.434722 0 0.0222222 0
0 0.5 0.5 0.05 1
0 0.434722 0 0.0222222 0
0 0.5 0.5 0.05 1
0 0.434722 0 0.0222222 0
0 0.5 0.5 0.05 1
0 0.434722 0 0.0222222 0
0 0.5 0.5 0.05 1
0 0.434722 0 0.0222222 0
0 0.5 0.5 0.05 1
0 0.434722 0 0.0222222 0
0 0.5 0.5 0.05 1
0 0.434722 0 0.0222222 0
0 0.5 0.5 0.05 1
0 0.434722 0 0.0222222 0
0 0.5 0.5 0.05 1
0 0.434722 0 0.0222222 0
0 0.5 0.5 0.05 1
0 0.434722 0 0.0222222 0
0 0.5 0.5 0.05 1
0 0.434722 0 0.0222222 0
0 0.5 0.5 0.05 1
0 0.434722 0 0.0222222 0
0 0.434722 0 0.0222222 0
0 0.434722 0 0.0222222 0
0 0.5 0.5 0.05 1
0 0.434722 0 0.0222222 0
0 0.5 0.5 0.05 1
0 0.434722 0 0.0222222 0
0 0.5 0.5 0.05 1
0 0.434722 0 0.0222222 0
0 0.434722 0 0.0222222 0
0 0.5 0.5 0.05 1
0 0.434722 0 0.0222222 0
0 0.5 0.5 0.05 1
0 0.434722 0 0.0222222 0
0 0.5 0.5 0.05 1
0 0.434722 0 0.0222222 0
0 0.5 0.5 0.05 1
0 0.434722 0 0.0222222 0
0 0.5 0.5 0.05 1
0 0.434722 0 0.0222222 0
0 0.5 0.5 0.05 1
0 0.434722 0 0.0222222 0
0 0.5 0.5 0.05 1
0 0.434722 0 0.0222222 0
0 0.5 0.5 0.05 1
0 0.434722 0 0.0222222 0
0 0.5 0.5 0.05 1
0 0.434722 0 0.0222222 0
0 0.5 0.5 0.05 1
0 0.434722 0 0.0222222 0
0 0.5 0.5 0.05 1
0 0.434722 0 0.0222222 0
0 0.434722 0 0.0222222 0
0 0.5 0.5 0.05 1
0 0.434722 0 0.0222222 0
0 0.5 0.5 0.05 1
0 0.434722 0 0.0222222 0
0 0.434722 0 0.0222222 0
0 0.5 0.5 0.05 1
0 0.434722 0 0.0222222 0
0 0.5 0.5 0.05 1
0 0.434722 0 0.0222222 0
0 0.5 0.5 0.05 1
0 0.434722 0 0.0222222 0
0 0.5 0.5 0.05 1
0 0.434722 0 0.0222222 0
0 0.5 0.5 0.05 1
0 0.434722 0 0.0222222 0
0 0.5 0.5 0.05 1
0 0.434722 0 0.0222222 0
0 0.5 0.5 0.05 1
0 0.434722 0 0.0222222 0
0 0.5 0.5 0.05 1
0 0.434722 0 0.0222222 0
0 0.5 0.5 0.05 1
0 0.434722 0 0.0222222 0
0 0.5 0.5 0.05 1
0 0.434722 0 0.0222222 0
0 0.5 0.5 0.05 1
0 0.434722 0 0.0222222 0
0 0.5 0.5 0.05 1
0 0.434722 0 0.0222222 0
0 0.5 0.5 0.05 1
0 0.434722 0 0.0222222 0
0 0.5 0.5 0.05 1
0 0.434722 0 0.0222222 0
0 0.5 0.5 0.05 1
0 0.434722 0 0.0222222 0
0 0.5 0.5 0.05 1
0 0.434722 0 0.0222222 0
0 0.5 0.5 0.05 1
0 0.434722 0 0.0222222 0
0 0.5 0.5 0.05 1
0 0.434722 0 0.0222222 0
0 0.5 0.5 0.05 1
0 0.434722 0 0.0222222 0
0 0.5 0.5 0.05 1
0 0.434722 0 0.0222222 0
0 0.5 0.5 0.05 1
0 0.434722 0 0.0222222 0
0 0.434722 0 0.0222222 0
0 0.434722 0 0.0222222 0
0 0.434722 0 0.0222222 0
0 0.434722 0 0.0222222 0
0 0.434722 0 0.0222222 0
0 0.434722 0 0.0222222 0
0 0.434722 0 0.0222222 0
0 0.434722 0 0.0222222 0
0 0.434722 0 0.0222222 0
0 0.434722 0 0.0222222 0
0 0.434722 0 0.0222222 0
0 0.434722 0 0.0222222 0
0 0.434722 0 0.0222222 0
0 0.434722 0 0.0222222 0
0 0.434722 0 0.0222222 0
0 0.434722 0 0.0222222 0
0 0.434722 0 0.0222222 0
0 0.434722 0 0.0222222 0
0 0.434722 0 0.0222222 0
0 0.434722 0 0.0222222 0
0 0.434722 0 0.0222222 0
0 0.434722 0 0.0222222 0
0 0.434722 0 0.0222222 0
0 0.434722 0 0.0222222 0
0 0.434722 0 0.0222222 0
0 0.434722 0 0.0222222 0
0 0.434722 0 0.0222222 0
0 0.434722 0 0.0222222 0
0 0.434722 0 0.0222222 0
0 0.434722 0 0.0222222 0
0 0.434722 0 0.0222222 0
0 0.434722 0 0.0222222 0
0 0.5 0.5 0.05 1
0 0.434722 0 0.0222222 0
0 0.5 0.5 0.05 1
0 0.434722 0 0.0222222 0
0 0.5 0.5 0.05 1
0 0.434722 0 0.0222222 0
0 0.5 0.5 0.05 1
0 0.434722 0 0.0222222 0
0 0.5 0.5 0.05 1
0 0.434722 0 0.0222222 0
0 0.5 0.5 0.05 1
0 0.434722 0 0.0222222 0
0 0.5 0.5 0.05 1
0 0.434722 0 0.0222222 0
0 0.5 0.5 0.05 1
0 0.434722 0 0.0222222 0
0 0.5 0.5 0.05 1
0 0.434722 0 0.0222222 0
0 0.5 0.5 0.05 1
0 0.434722 0 0.0222222 0
0 0.5 0.5 0.05 1
0 0.434722 0 0.0222222 0
0 0.5 0.5 0.05 1
0 0.434722 0 0.0222222 0
0 0.500694 0.5 0.0513889 1
0 0.434722 0 0.0222222 0
0 0.500694 0.5 0.0513889 1
0 0.434722 0 0.0222222 0
0 0.500694 0.5 0.0513889 1
0 0.434722 0 0.0222222 0
0 0.500694 0.5 0.0513889 1
0 0.434722 0 0.0222222 0
0 0.500694 0.5 0.0513889 1
0 0.434722 0 0.0222222 0
0 0.500694 0.5 0.0513889 1
0 0.434722 0 0.0222222 0
0 0.500694 0.5 0.0513889 1
0 0.434722 0 0.0222222 0
0 0.500694 0.5 0.0513889 1
0 0.434722 0 0.0222222 0
0 0.500694 0.5 0.0513889 1
0 0.434722 0 0.0222222 0
0 0.500694 0.5 0.0513889 1
0 0.434722 0 0.0222222 0
0 0.500694 0.5 0.0513889 1
0 0.434722 0 0.0222222 0
0 0.500694 0.5 0.0513889 1
0 0.434722 0 0.0222222 0
0 0.500694 0.5 0.0513889 1
0 0.434722 0 0.0222222 0
0 0.500694 0.5 0.0513889 1
0 0.434722 0 0.0222222 0
0 0.500694 0.5 0.0513889 1
0 0.434722 0 0.0222222 0
0 0.500694 0.5 0.0513889 1
0 0.434722 0 0.0222222 0
0 0.500694 0.5 0.0513889 1
0 0.434722 0 0.0222222 0
0 0.500694 0.5 0.0513889 1
0 0.434722 0 0.0222222 0
0 0.500694 0.5 0.0513889 1
0 0.434722 0 0.0222222 0
0 0.500694 0.5 0.0513889 1
0 0.434722 0 0.0222222 0
0 0.500694 0.5 0.0513889 1
0 0.434722 0 0.0222222 0
0 0.500694 0.5 0.0513889 1
0 0.434722 0 0.0222222 0
0 0.500694 0.5 0.0513889 1
0 0.434722 0 0.0222222 0
0 0.500694 0.5 0.0513889 1
0 0.434722 0 0.0222222 0
0 0.500694 0.5 0.0513889 1
0 0.434722 0 0.0222222 0
0 0.500694 0.5 0.0513889 1
0 0.434722 0 0.0222222 0
0 0.500694 0.5 0.0513889 1
0 0.434722 0 0.0222222 0
0 0.500694 0.5 0.0513889 1
0 0.434722 0 0.0222222 0
0 0.500694 0.5 0.0513889 1
0 0.434722 0 0.0222222 0
0 0.500694 0.5 0.0513889 1
0 0.434722 0 0.0222222 0
0 0.500694 0.5 0.0513889 1
0 0.434722 0 0.0222222 0
0 0.500694 0.5 0.0513889 1
0 0.434722 0 0.0222222 0
0 0.500694 0.5 0.0513889 1
0 0.434722 0 0.0222222 0
0 0.500694 0.5 0.0513889 1
0 0.434722 0 0.0222222 0
0 0.500694 0.5 0.0513889 1
0 0.434722 0 0.0222222 0
0 0.500694 0.5 0.0513889 1
0 0.434722 0 0.0222222 0
0 0.500694 0.5 0.0513889 1
0 0.434722 0 0.0222222 0
0 0.500694 0.5 0.0513889 1
0 0.434722 0 0.0222222 0
0 0.500694 0.5 0.0513889 1
0 0.434722 0 0.0222222 0
0 0.500694 0.5 0.0513889 1
0 0.434722 0 0.0222222 0
0 0.500694 0.5 0.0513889 1
0 0.434722 0 0.0222222 0
0 0.500694 0.5 0.0513889 1
0 0.434722 0 0.0222222 0
0 0.500694 0.5 0.0513889 1
0 0.434722 0 0.0222222 0
0 0.500694 0.5 0.0513889 1
0 0.434722 0 0.0222222 0
0 0.500694 0.5 0.0513889 1
0 0.434722 0 0.0222222 0
0 0.500694 0.5 0.0513889 1
0 0.434722 0 0.0222222 0
0 0.500694 0.5 0.0513889 1
0 0.434722 0 0.0222222 0
0 0.500694 0.5 0.0513889 1
0 0.434722 0 0.0222222 0
0 0.500694 0.5 0.0513889 1
0 0.434722 0 0.0222222 0
0 0.500694 0.5 0.0513889 1
0 0.434722 0 0.0222222 0
0 0.500694 0.5 0.0513889 1
0 0.434722 0 0.0222222 0
0 0.500694 0.5 0.0513889 1
0 0.434722 0 0.0222222 0
0 0.500694 0.5 0.0513889 1
0 0.434722 0 0.0222222 0
0 0.500694 0.5 0.0513889 1
0 0.434722 0 0.0222222 0
0 0.500694 0.5 0.0513889 1
0 0.434722 0 0.0222222 0
0 0.500694 0.5 0.0513889 1
0 0.434722 0 0.0222222 0
0 0.500694 0.5 0.0513889 1
0 0.434722 0 0.0222222 0
0 0.500694 0.5 0.0513889 1
0 0.434722 0 0.0222222 0
0 0.500694 0.5 0.0513889 1
0 0.434722 0 0.0222222 0
0 0.500694 0.5 0.0513889 1
0 0.434722 0 0.0222222 0
0 0.500694 0.5 0.0513889 1
0 0.434722 0 0.0222222 0
0 0.500694 0.5 0.0513889 1
0 0.434722 0 0.0222222 0
0 0.500694 0.5 0.0513889 1
0 0.434722 0 0.0222222 0
0 0.500694 0.5 0.0513889 1
0 0.434722 0 0.0222222 0
0 0.500694 0.5 0.0513889 1
0 0.434722 0 0.0222222 0
0 0.500694 0.5 0.0513889 1
0 0.434722 0 0.0222222 0
0 0.500694 0.5 0.0513889 1
0 0.434722 0 0.0222222 0
0 0.500694 0.5 0.0513889 1
0 0.434722 0 0.0222222 0
0 0.500694 0.5 0.0513889 1
0 0.434722 0 0.0222222 0
0 0.500694 0.5 0.0513889 1
0 0.434722 0 0.0222222 0
0 0.500694 0.5 0.0513889 1
0 0.434722 0 0.0222222 0
0 0.500694 0.5 0.0513889 1
0 0.434722 0 0.0222222 0
0 0.500694 0.5 0.0513889 1
0 0.434722 0 0.0222222 0
0 0.500694 0.5 0.0513889 1
0 0.434722 0 0.0222222 0
0 0.500694 0.5 0.0513889 1
0 0.434722 0 0.0222222 0
0 0.500694 0.5 0.0513889 1
0 0.434722 0 0.0222222 0
0 0.500694 0.5 0.0513889 1
0 0.434722 0 0.0222222 0
0 0.500694 0.5 0.0513889 1
0 0.434722 0 0.0222222 0
0 0.500694 0.5 0.0513889 1
0 0.434722 0 0.0222222 0
0 0.500694 0.5 0.0513889 1
0 0.434722 0 0.0222222 0
0 0.500694 0.5 0.0513889 1
0 0.434722 0 0.0222222 0
0 0.500694 0.5 0.0513889 1
0 0.434722 0 0.0222222 0
0 0.500694 0.5 0.0513889 1
0 0.434722 0 0.0222222 0
0 0.500694 0.5 0.0513889 1
0 0.434722 0 0.0222222 0
0 0.500694 0.5 0.0513889 1
0 0.434722 0 0.0222222 0
0 0.500694 0.5 0.0513889 1
0 0.434722 0 0.0222222 0
0 0.500694 0.5 0.0513889 1
0 0.434722 0 0.0222222 0
0 0.500694 0.5 0.0513889 1
0 0.434722 0 0.0222222 0
0 0.500694 0.5 0.0513889 1
0 0.434722 0 0.0222222 0
0 0.500694 0.5 0.0513889 1
0 0.434722 0 0.0222222 0
0 0.500694 0.5 0.0513889 1
0 0.434722 0 0.0222222 0
0 0.500694 0.5 0.0513889 1
0 0.434722 0 0.0222222 0
0 0.500694 0.5 0.0513889 1
0 0.434722 0 0.0222222 0
0 0.500694 0.5 0.0513889 1
0 0.434722 0 0.0222222 0
0 0.500694 0.5 0.0513889 1
0 0.434722 0 0.0222222 0
0 0.500694 0.5 0.0513889 1
0 0.434722 0 0.0222222 0
0 0.500694 0.5 0.0513889 1
0 0.434722 0 0.0222222 0
0 0.500694 0.5 0.0513889 1
0 0.434722 0 0.0222222 0
0 0.500694 0.5 0.0513889 1
0 0.434722 0 0.0222222 0
0 0.500694 0.5 0.0513889 1
0 0.434722 0 0.0222222 0
0 0.500694 0.5 0.0513889 1
0 0.434722 0 0.0222222 0
0 0.500694 0.5 0.0513889 1
0 0.434722 0 0.0222222 0
0 0.500694 0.5 0.0513889 1
0 0.434722 0 0.0222222 0
0 0.500694 0.5 0.0513889 1
0 0.434722 0 0.0222222 0
0 0.500694 0.5 0.0513889 1
0 0.434722 0 0.0222222 0
0 0.500694 0.5 0.0513889 1
0 0.434722 0 0.0222222 0
0 0.500694 0.5 0.0513889 1
0 0.434722 0 0.0222222 0
0 0.500694 0.5 0.0513889 1
0 0.434722 0 0.0222222 0
0 0.500694 0.5 0.0513889 1
0 0.434722 0 0.0222222 0
0 0.500694 0.5 0.0513889 1
0 0.434722 0 0.0222222 0
0 0.500694 0.5 0.0513889 1
0 0.434722 0 0.0222222 0
0 0.500694 0.5 0.0513889 1
0 0.434722 0 0.0222222 0
0 0.500694 0.5 0.0513889 1
0 0.434722 0 0.0222222 0
0 0.500694 0.5 0.0513889 1
0 0.434722 0 0.0222222 0
0 0.500694 0.5 0.0513889 1
0 0.434722 0 0.0222222 0
0 0.500694 0.5 0.0513889 1
0 0.434722 0 0.0222222 0
0 0.500694 0.5 0.0513889 1
0 0.434722 0 0.0222222 0
0 0.500694 0.5 0.0513889 1
0 0.434722 0 0.0222222 0
0 0.500694 0.5 0.0513889 1
0 0.434722 0 0.0222222 0
0 0.500694 0.5 0.0513889 1
0 0.434722 0 0.0222222 0
0 0.500694 0.5 0.0513889 1
0 0.434722 0 0.0222222 0
0 0.500694 0.5 0.0513889 1
0 0.434722 0 0.0222222 0
0 0.500694 0.5 0.0513889 1
0 0.434722 0 0.0222222 0
0 0.500694 0.5 0.0513889 1
0 0.434722 0 0.0222222 0
0 0.500694 0.5 0.0513889 1
0 0.434722 0 0.0222222 0
0 0.500694 0.5 0.0513889 1
0 0.434722 0 0.0222222 0
0 0.500694 0.5 0.0513889 1
0 0.434722 0 0.0222222 0
0 0.500694 0.5 0.0513889 1
0 0.434722 0 0.0222222 0
0 0.500694 0.5 0.0513889 1
0 0.434722 0 0.0222222 0
0 0.500694 0.5 0.0513889 1
0 0.434722 0 0.0222222 0
0 0.500694 0.5 0.0513889 1
0 0.434722 0 0.0222222 0
0 0.500694 0.5 0.0513889 1
0 0.434722 0 0.0222222 0
0 0.500694 0.5 0.0513889 1
0 0.434722 0 0.0222222 0
0 0.500694 0.5 0.0513889 1
0 0.434722 0 0.0222222 0
0 0.500694 0.5 0.0513889 1
0 0.434722 0 0.0222222 0
0 0.500694 0.5 0.0513889 1
0 0.434722 0 0.0222222 0
0 0.500694 0.5 0.0513889 1
0 0.434722 0 0.0222222 0
0 0.500694 0.5 0.0513889 1
0 0.434722 0 0.0222222 0
0 0.500694 0.5 0.0513889 1
0 0.434722 0 0.0222222 0
0 0.500694 0.5 0.0513889 1
0 0.434722 0 0.0222222 0
0 0.500694 0.5 0.0513889 1
0 0.434722 0 0.0222222 0
0 0.500694 0.5 0.0513889 1
0 0.434722 0 0.0222222 0
0 0.500694 0.5 0.0513889 1
0 0.434722 0 0.0222222 0
0 0.500694 0.5 0.0513889 1
0 0.434722 0 0.0222222 0
0 0.500694 0.5 0.0513889 1
0 0.434722 0 0.0222222 0
0 0.500694 0.5 0.0513889 1
0 0.434722 0 0.0222222 0
0 0.500694 0.5 0.0513889 1
0 0.434722 0 0.0222222 0
0 0.500694 0.5 0.0513889 1
0 0.434722 0 0.0222222 0
0 0.500694 0.5 0.0513889 1
0 0.434722 0 0.0222222 0
0 0.500694 0.5 0.0513889 1
0 0.434722 0 0.0222222 0
0 0.500694 0.5 0.0513889 1
0 0.434722 0 0.0222222 0
0 0.500694 0.5 0.0513889 1
0 0.434722 0 0.0222222 0
0 0.500694 0.5 0.0513889 1
0 0.434722 0 0.0222222 0
0 0.500694 0.5 0.0513889 1
0 0.434722 0 0.0222222 0
0 0.500694 0.5 0.0513889 1
0 0.434722 0 0.0222222 0
0 0.500694 0.5 0.0513889 1
0 0.434722 0 0.0222222 0
0 0.500694 0.5 0.0513889 1
0 0.434722 0 0.0222222 0
0 0.500694 0.5 0.0513889 1
0 0.434722 0 0.0222222 0
0 0.500694 0.5 0.0513889 1
0 0.434722 0 0.0222222 0
0 0.500694 0.5 0.0513889 1
0 0.434722 0 0.0222222 0
0 0.500694 0.5 0.0513889 1
0 0.434722 0 0.0222222 0
0 0.500694 0.5 0.0513889 1
0 0.434722 0 0.0222222 0
0 0.500694 0.5 0.0513889 1
0 0.434722 0 0.0222222 0
0 0.500694 0.5 0.0513889 1
0 0.434722 0 0.0222222 0
0 0.500694 0.5 0.0513889 1
0 0.434722 0 0.0222222 0
0 0.500694 0.5 0.0513889 1
0 0.434722 0 0.0222222 0
0 0.500694 0.5 0.0513889 1
0 0.434722 0 0.0222222 0
0 0.500694 0.5 0.0513889 1
0 0.434722 0 0.0222222 0
0 0.500694 0.5 0.0513889 1
0 0.434722 0 0.0222222 0
0 0.500694 0.5 0.0513889 1
0 0.434722 0 0.0222222 0
0 0.500694 0.5 0.0513889 1
0 0.434722 0 0.0222222 0
0 0.500694 0.5 0.0513889 1
0 0.434722 0 0.0222222 0
0 0.500694 0.5 0.0513889 1
0 0.434722 0 0.0222222 0
0 0.500694 0.5 0.0513889 1
0 0.434722 0 0.0222222 0
0 0.500694 0.5 0.0513889 1
0 0.434722 0 0.0222222 0
0 0.500694 0.5 0.0513889 1
0 0.434722 0 0.0222222 0
0 0.500694 0.5 0.0513889 1
0 0.434722 0 0.0222222 0
0 0.500694 0.5 0.0513889 1
0 0.434722 0 0.0222222 0
0 0.500694 0.5 0.0513889 1
0 0.434722 0 0.0222222 0
0 0.500694 0.5 0.0513889 1
0 0.434722 0 0.0222222 0
0 0.500694 0.5 0.0513889 1
0 0.434722 0 0.0222222 0
0 0.500694 0.5 0.0513889 1
0 0.434722 0 0.0222222 0
0 0.500694 0.5 0.0513889 1
0 0.434722 0 0.0222222 0
0 0.500694 0.5 0.0513889 1
0 0.434722 0 0.0222222 0
0 0.500694 0.5 0.0513889 1
0 0.434722 0 0.0222222 0
0 0.500694 0.5 0.0513889 1
0 0.434722 0 0.0222222 0
0 0.500694 0.5 0.0513889 1
0 0.434722 0 0.0222222 0
0 0.500694 0.5 0.0513889 1
0 0.434722 0 0.0222222 0
0 0.500694 0.5 0.0513889 1
0 0.434722 0 0.0222222 0
0 0.500694 0.5 0.0513889 1
0 0.434722 0 0.0222222 0
0 0.500694 0.5 0.0513889 1
0 0.434722 0 0.0222222 0
0 0.500694 0.5 0.0513889 1
0 0.434722 0 0.0222222 0
0 0.500694 0.5 0.0513889 1
0 0.434722 0 0.0222222 0
0 0.500694 0.5 0.0513889 1
0 0.434722 0 0.0222222 0
0 0.500694 0.5 0.0513889 1
0 0.434722 0 0.0222222 0
0 0.500694 0.5 0.0513889 1
0 0.434722 0 0.0222222 0
0 0.500694 0.5 0.0513889 1
0 0.434722 0 0.0222222 0
0 0.500694 0.5 0.0513889 1
0 0.434722 0 0.0222222 0
0 0.500694 0.5 0.0513889 1
0 0.434722 0 0.0222222 0
0 0.500694 0.5 0.0513889 1
0 0.434722 0 0.0222222 0
0 0.500694 0.5 0.0513889 1
0 0.434722 0 0.0222222 0
0 0.500694 0.5 0.0513889 1
0 0.434722 0 0.0222222 0
0 0.500694 0.5 0.0513889 1
0 0.434722 0 0.0222222 0
0 0.500694 0.5 0.0513889 1
0 0.434722 0 0.0222222 0
0 0.500694 0.5 0.0513889 1
0 0.434722 0 0.0222222 0
0 0.500694 0.5 0.0513889 1
0 0.434722 0 0.0222222 0
0 0.500694 0.5 0.0513889 1
0 0.434722 0 0.0222222 0
0 0.500694 0.5 0.0513889 1
0 0.434722 0 0.0222222 0
0 0.500694 0.5 0.0513889 1
0 0.434722 0 0.0222222 0
0 0.500694 0.5 0.0513889 1
0 0.434722 0 0.0222222 0
0 0.500694 0.5 0.0513889 1
0 0.434722 0 0.0222222 0
0 0.500694 0.5 0.0513889 1
0 0.434722 0 0.0222222 0
0 0.500694 0.5 0.0513889 1
0 0.434722 0 0.0222222 0
0 0.500694 0.5 0.0513889 1
0 0.434722 0 0.0222222 0
0 0.500694 0.5 0.0513889 1
0 0.434722 0 0.0222222 0
0 0.500694 0.5 0.0513889 1
0 0.434722 0 0.0222222 0
0 0.500694 0.5 0.0513889 1
0 0.434722 0 0.0222222 0
0 0.500694 0.5 0.0513889 1
0 0.434722 0 0.0222222 0
0 0.500694 0.5 0.0513889 1
0 0.434722 0 0.0222222 0
0 0.500694 0.5 0.0513889 1
0 0.434722 0 0.0222222 0
0 0.500694 0.5 0.0513889 1
0 0.434722 0 0.0222222 0
0 0.500694 0.5 0.0513889 1
0 0.434722 0 0.0222222 0
0 0.500694 0.5 0.0513889 1
0 0.434722 0 0.0222222 0
0 0.500694 0.5 0.0513889 1
0 0.434722 0 0.0222222 0
0 0.500694 0.5 0.0513889 1
0 0.434722 0 0.0222222 0
0 0.500694 0.5 0.0513889 1
0 0.434722 0 0.0222222 0
0 0.500694 0.5 0.0513889 1
0 0.434722 0 0.0222222 0
0 0.500694 0.5 0.0513889 1
0 0.434722 0 0.0222222 0
0 0.500694 0.5 0.0513889 1
0 0.434722 0 0.0222222 0
0 0.500694 0.5 0.0513889 1
0 0.434722 0 0.0222222 0
0 0.500694 0.5 0.0513889 1
0 0.434722 0 0.0222222 0
0 0.500694 0.5 0.0513889 1
0 0.434722 0 0.0222222 0
0 0.500694 0.5 0.0513889 1
0 0.434722 0 0.0222222 0
0 0.500694 0.5 0.0513889 1
0 0.434722 0 0.0222222 0
0 0.500694 0.5 0.0513889 1
0 0.434722 0 0.0222222 0
0 0.500694 0.5 0.0513889 1
0 0.434722 0 0.0222222 0
0 0.500694 0.5 0.0513889 1
0 0.434722 0 0.0222222 0
0 0.500694 0.5 0.0513889 1
0 0.434722 0 0.0222222 0
0 0.500694 0.5 0.0513889 1
0 0.434722 0 0.0222222 0
0 0.500694 0.5 0.0513889 1
0 0.434722 0 0.0222222 0
0 0.500694 0.5 0.0513889 1
0 0.434722 0 0.0222222 0
0 0.500694 0.5 0.0513889 1
0 0.434722 0 0.0222222 0
0 0.500694 0.5 0.0513889 1
0 0.434722 0 0.0222222 0
0 0.500694 0.5 0.0513889 1
0 0.434722 0 0.0222222 0
0 0.500694 0.5 0.0513889 1
0 0.434722 0 0.0222222 0
0 0.500694 0.5 0.0513889 1
0 0.434722 0 0.0222222 0
0 0.500694 0.5 0.0513889 1
0 0.434722 0 0.0222222 0
0 0.500694 0.5 0.0513889 1
0 0.434722 0 0.0222222 0
0 0.500694 0.5 0.0513889 1
0 0.434722 0 0.0222222 0
0 0.500694 0.5 0.0513889 1
0 0.434722 0 0.0222222 0
0 0.500694 0.5 0.0513889 1
0 0.434722 0 0.0222222 0
0 0.500694 0.5 0.0513889 1
0 0.434722 0 0.0222222 0
0 0.500694 0.5 0.0513889 1
0 0.434722 0 0.0222222 0
0 0.500694 0.5 0.0513889 1
0 0.434722 0 0.0222222 0
0 0.500694 0.5 0.0513889 1
0 0.434722 0 0.0222222 0
0 0.500694 0.5 0.0513889 1
0 0.434722 0 0.0222222 0
0 0.500694 0.5 0.0513889 1
0 0.434722 0 0.0222222 0
0 0.500694 0.5 0.0513889 1
0 0.434722 0 0.0222222 0
0 0.500694 0.5 0.0513889 1
0 0.434722 0 0.0222222 0
0 0.500694 0.5 0.0513889 1
0 0.434722 0 0.0222222 0
0 0.500694 0.5 0.0513889 1
0 0.434722 0 0.0222222 0
0 0.500694 0.5 0.0513889 1
0 0.434722 0 0.0222222 0
0 0.500694 0.5 0.0513889 1
0 0.434722 0 0.0222222 0
0 0.500694 0.5 0.0513889 1
0 0.434722 0 0.0222222 0
0 0.500694 0.5 0.0513889 1
0 0.434722 0 0.0222222 0
0 0.500694 0.5 0.0513889 1
0 0.434722 0 0.0222222 0
0 0.500694 0.5 0.0513889 1
0 0.434722 0 0.0222222 0
0 0.500694 0.5 0.0513889 1
0 0.434722 0 0.0222222 0
0 0.500694 0.5 0.0513889 1
0 0.434722 0 0.0222222 0
0 0.500694 0.5 0.0513889 1
0 0.434722 0 0.0222222 0
0 0.500694 0.5 0.0513889 1
0 0.434722 0 0.0222222 0
0 0.500694 0.5 0.0513889 1
0 0.434722 0 0.0222222 0
0 0.500694 0.5 0.0513889 1
0 0.434722 0 0.0222222 0
0 0.500694 0.5 0.0513889 1
0 0.434722 0 0.0222222 0
0 0.500694 0.5 0.0513889 1
0 0.434722 0 0.0222222 0
0 0.500694 0.5 0.0513889 1
0 0.434722 0 0.0222222 0
0 0.500694 0.5 0.0513889 1
0 0.434722 0 0.0222222 0
0 0.500694 0.5 0.0513889 1
0 0.434722 0 0.0222222 0
0 0.500694 0.5 0.0513889 1
0 0.434722 0 0.0222222 0
0 0.500694 0.5 0.0513889 1
0 0.434722 0 0.0222222 0
0 0.500694 0.5 0.0513889 1
0 0.434722 0 0.0222222 0
0 0.500694 0.5 0.0513889 1
0 0.434722 0 0.0222222 0
0 0.500694 0.5 0.0513889 1
0 0.434722 0 0.0222222 0
0 0.500694 0.5 0.0513889 1
0 0.434722 0 0.0222222 0
0 0.500694 0.5 0.0513889 1
0 0.434722 0 0.0222222 0
0 0.500694 0.5 0.0513889 1
0 0.434722 0 0.0222222 0
0 0.500694 0.5 0.0513889 1
0 0.434722 0 0.0222222 0
0 0.500694 0.5 0.0513889 1
0 0.434722 0 0.0222222 0
0 0.500694 0.5 0.0513889 1
0 0.434722 0 0.0222222 0
0 0.500694 0.5 0.0513889 1
0 0.434722 0 0.0222222 0
0 0.500694 0.5 0.0513889 1
0 0.434722 0 0.0222222 0
0 0.500694 0.5 0.0513889 1
0 0.434722 0 0.0222222 0
0 0.500694 0.5 0.0513889 1
0 0.434722 0 0.0222222 0
0 0.500694 0.5 0.0513889 1
0 0.434722 0 0.0222222 0
0 0.500694 0.5 0.0513889 1
0 0.434722 0 0.0222222 0
0 0.500694 0.5 0.0513889 1
0 0.434722 0 0.0222222 0
0 0.500694 0.5 0.0513889 1
0 0.434722 0 0.0222222 0
0 0.500694 0.5 0.0513889 1
0 0.434722 0 0.0222222 0
0 0.500694 0.5 0.0513889 1
0 0.434722 0 0.0222222 0
0 0.500694 0.5 0.0513889 1
0 0.434722 0 0.0222222 0
0 0.500694 0.5 0.0513889 1
0 0.434722 0 0.0222222 0
0 0.500694 0.5 0.0513889 1
0 0.434722 0 0.0222222 0
0 0.500694 0.5 0.0513889 1
0 0.434722 0 0.0222222 0
0 0.500694 0.5 0.0513889 1
0 0.434722 0 0.0222222 0
0 0.500694 0.5 0.0513889 1
0 0.434722 0 0.0222222 0
0 0.500694 0.5 0.0513889 1
0 0.434722 0 0.0222222 0
0 0.500694 0.5 0.0513889 1
0 0.434722 0 0.0222222 0
0 0.500694 0.5 0.0513889 1
0 0.434722 0 0.0222222 0
0 0.500694 0.5 0.0513889 1
0 0.434722 0 0.0222222 0
0 0.500694 0.5 0.0513889 1
0 0.434722 0 0.0222222 0
0 0.500694 0.5 0.0513889 1
0 0.434722 0 0.0222222 0
0 0.46875 0 0.0208333 0
0 0.466667 0 0.0222222 0
0 0.466667 0 0.0222222 0
0 0.466667 0 0.0222222 0
0 0.465278 0 0.0222222 0
0 0.464583 0 0.0208333 0
0 0.461111 0 0.0222222 0
0 0.458333 0 0.0222222 0
0 0.455556 0 0.0222222 0
0 0.452778 0 0.0222222 0
0 0.449306 0 0.0208333 0
0 0.449306 0 0.0208333 0
0 0.449306 0 0.0208333 0
0 0.449306 0 0.0208333 0
0 0.447222 0 0.0222222 0
0 0.445833 0 0.0222222 0
0 0.443056 0 0.0222222 0
0 0.440278 0 0.0222222 0
0 0.438194 0 0.0208333 0
0 0.436111 0 0.0222222 0
0 0.434722 0 0.0222222 0
0 0.433333 0 0.0222222 0
0 0.433333 0 0.0222222 0
0 0.433333 0 0.0222222 0
0 0.432639 0 0.0208333 0
0 0.432639 0 0.0208333 0
0 0.43125 0 0.0208333 0
0 0.430556 0 0.0222222 0
0 0.430556 0 0.0222222 0
0 0.430556 0 0.0222222 0
0 0.430556 0 0.0222222 0
0 0.5 0.5 0.05 1
0 0.430556 0 0.0222222 0
0 0.430556 0 0.0222222 0
0 0.430556 0 0.0222222 0
0 0.430556 0 0.0222222 0
0 0.430556 0 0.0222222 0
0 0.430556 0 0.0222222 0
0 0.5 0.5 0.05 1
0 0.430556 0 0.0222222 0
0 0.5 0.5 0.05 1
0 0.430556 0 0.0222222 0
0 0.5 0.5 0.05 1
0 0.43125 0 0.0208333 0
0 0.5 0.5 0.05 1
0 0.43125 0 0.0208333 0
0 0.500694 0.5 0.0513889 1
0 0.432639 0 0.0208333 0
0 0.5 0.5 0.05 1
0 0.432639 0 0.0208333 0
0 0.433333 0 0.0222222 0
0 0.434028 0 0.0208333 0
0 0.434028 0 0.0208333 0
0 0.500694 0.5 0.0513889 1
0 0.434722 0 0.0222222 0
0 0.500694 0.5 0.0513889 1
0 0.435417 0 0.0208333 0
0 0.5 0.5 0.05 1
0 0.435417 0 0.0236111 0
0 0.5 0.5 0.05 1
0 0.436111 0 0.0222222 0
0 0.5 0.5 0.05 1
0 0.436806 0 0.0208333 0
0 0.500694 0.5 0.0486111 1
0 0.438194 0 0.0208333 0
0 0.500694 0.5 0.0513889 1
0 0.439583 0 0.0208333 0
0 0.500694 0.5 0.0486111 1
0 0.441667 0 0.0222222 0
0 0.445139 0 0.0208333 0
0 0.447222 0 0.0222222 0
0 0.450694 0 0.0208333 0
0 0.452083 0 0.0208333 0
0 0.452083 0 0.0208333 0
0 0.452083 0 0.0208333 0
0 0.452083 0 0.0208333 0
0 0.452083 0 0.0208333 0
0 0.452083 0 0.0208333 0
0 0.452083 0 0.0208333 0
0 0.452778 0 0.0222222 0
0 0.452778 0 0.0222222 0
0 0.452778 0 0.0222222 0
0 0.452778 0 0.0222222 0
0 0.452778 0 0.0222222 0
0 0.452083 0 0.0208333 0
0 0.450694 0 0.0208333 0
0 0.448611 0 0.0222222 0
0 0.448611 0 0.0222222 0
0 0.448611 0 0.0222222 0
0 0.448611 0 0.0222222 0
0 0.448611 0 0.0222222 0
0 0.448611 0 0.0222222 0
0 0.448611 0 0.0222222 0
0 0.447222 0 0.0222222 0
0 0.445139 0 0.0208333 0
0 0.440278 0 0.0222222 0
0 0.440278 0 0.0222222 0
0 0.438194 0 0.0208333 0
0 0.435417 0 0.0236111 0
0 0.433333 0 0.0222222 0
0 0.433333 0 0.0222222 0
0 0.43125 0 0.0208333 0
0 0.43125 0 0.0208333 0
0 0.43125 0 0.0208333 0
0 0.43125 0 0.0208333 0
0 0.430556 0 0.0222222 0
0 0.429167 0 0.0222222 0
0 0.427083 0 0.0208333 0
0 0.425694 0 0.0208333 0
0 0.425694 0 0.0208333 0
0 0.425694 0 0.0208333 0
0 0.424306 0 0.0208333 0
0 0.423611 0 0.0222222 0
0 0.423611 0 0.0222222 0
0 0.423611 0 0.0222222 0
0 0.423611 0 0.0222222 0
0 0.423611 0 0.0222222 0
0 0.424306 0 0.0208333 0
0 0.424306 0 0.0208333 0
0 0.425694 0 0.0208333 0
0 0.427083 0 0.0208333 0
0 0.427778 0 0.0222222 0
0 0.427778 0 0.0222222 0
0 0.428472 0 0.0236111 0
0 0.429167 0 0.0222222 0
0 0.429167 0 0.0222222 0
0 0.429167 0 0.0222222 0
0 0.429167 0 0.0222222 0
0 0.429167 0 0.0222222 0
0 0.429167 0 0.0222222 0
0 0.429167 0 0.0222222 0
0 0.429167 0 0.0222222 0
0 0.429167 0 0.0222222 0
0 0.429167 0 0.0222222 0
0 0.429167 0 0.0222222 0
0 0.43125 0 0.0208333 0
0 0.435417 0 0.0208333 0
0 0.436111 0 0.0222222 0
0 0.436111 0 0.0222222 0
0 0.436111 0 0.0222222 0
0 0.438889 0 0.0194444 0
0 0.440278 0 0.0222222 0
0 0.442361 0 0.0236111 0
0 0.442361 0 0.0236111 0
0 0.442361 0 0.0236111 0
0 0.442361 0 0.0236111 0
0 0.442361 0 0.0236111 0
0 0.443056 0 0.0222222 0
0 0.44375 0 0.0208333 0
0 0.44375 0 0.0208333 0
0 0.44375 0 0.0208333 0
0 0.44375 0 0.0208333 0
0 0.44375 0 0.0208333 0
0 0.44375 0 0.0208333 0
0 0.44375 0 0.0208333 0
0 0.44375 0 0.0208333 0
0 0.44375 0 0.0208333 0
0 0.44375 0 0.0208333 0
0 0.44375 0 0.0208333 0
0 0.44375 0 0.0208333 0
0 0.44375 0 0.0208333 0
0 0.44375 0 0.0208333 0
0 0.44375 0 0.0208333 0
0 0.44375 0 0.0208333 0
0 0.44375 0 0.0208333 0
0 0.44375 0 0.0208333 0
0 0.44375 0 0.0208333 0
0 0.44375 0 0.0208333 0
0 0.44375 0 0.0208333 0
0 0.44375 0 0.0208333 0
0 0.44375 0 0.0208333 0
0 0.44375 0 0.0208333 0
0 0.44375 0 0.0208333 0
0 0.44375 0 0.0208333 0
0 0.575 1 0.1 0
0 0.44375 0 0.0208333 0
0 0.575 1 0.1 0
0 0.44375 0 0.0208333 0
0 0.575 1 0.1 0
0 0.44375 0 0.0208333 0
0 0.575 1 0.1 0
0 0.44375 0 0.0208333 0
0 0.575 1 0.1 0
0 0.44375 0 0.0208333 0
0 0.575 1 0.1 0
0 0.44375 0 0.0208333 0
0 0.575 1 0.1 0
0 0.44375 0 0.0208333 0
0 0.575 1 0.1 0
0 0.44375 0 0.0208333 0
0 0.575 1 0.1 0
0 0.44375 0 0.0208333 0
0 0.575 1 0.1 0
0 0.44375 0 0.0208333 0
0 0.575 1 0.1 0
0 0.44375 0 0.0208333 0
0 0.575 1 0.1 0
0 0.44375 0 0.0208333 0
0 0.575 1 0.1 0
0 0.44375 0 0.0208333 0
0 0.575 1 0.1 0
0 0.44375 0 0.0208333 0
0 0.575 1 0.1 0
0 0.44375 0 0.0208333 0
0 0.575 1 0.1 0
0 0.44375 0 0.0208333 0
0 0.575 1 0.1 0
0 0.44375 0 0.0208333 0
0 0.575 1 0.1 0
0 0.44375 0 0.0208333 0
0 0.575 1 0.1 0
0 0.44375 0 0.0208333 0
0 0.575 1 0.1 0
0 0.44375 0 0.0208333 0
0 0.575 1 0.1 0
0 0.44375 0 0.0208333 0
0 0.575 1 0.1 0
0 0.44375 0 0.0208333 0
0 0.575 1 0.1 0
0 0.44375 0 0.0208333 0
0 0.575 1 0.1 0
0 0.44375 0 0.0208333 0
0 0.575 1 0.1 0
0 0.44375 0 0.0208333 0
0 0.575 1 0.1 0
0 0.44375 0 0.0208333 0
0 0.575 1 0.1 0
0 0.44375 0 0.0208333 0
0 0.575 1 0.1 0
0 0.44375 0 0.0208333 0
0 0.575 1 0.1 0
0 0.44375 0 0.0208333 0
0 0.575 1 0.1 0
0 0.44375 0 0.0208333 0
0 0.575 1 0.1 0
0 0.44375 0 0.0208333 0
0 0.575 1 0.1 0
0 0.44375 0 0.0208333 0
0 0.575 1 0.1 0
0 0.44375 0 0.0208333 0
0 0.44375 0 0.0208333 0
0 0.575 1 0.1 0
0 0.44375 0 0.0208333 0
0 0.575 1 0.1 0
0 0.44375 0 0.0208333 0
0 0.575 1 0.1 0
0 0.44375 0 0.0208333 0
0 0.575 1 0.1 0
0 0.44375 0 0.0208333 0
0 0.575 1 0.1 0
0 0.44375 0 0.0208333 0
0 0.575 1 0.1 0
0 0.44375 0 0.0208333 0
0 0.575 1 0.1 0
0 0.44375 0 0.0208333 0
0 0.575 1 0.1 0
0 0.44375 0 0.0208333 0
0 0.575 1 0.1 0
0 0.44375 0 0.0208333 0
0 0.575 1 0.1 0
0 0.44375 0 0.0208333 0
0 0.575 1 0.1 0
0 0.44375 0 0.0208333 0
0 0.575 1 0.1 0
0 0.44375 0 0.0208333 0
0 0.575 1 0.1 0
0 0.44375 0 0.0208333 0
0 0.575 1 0.1 0
0 0.44375 0 0.0208333 0
0 0.575 1 0.1 0
0 0.44375 0 0.0208333 0
0 0.575 1 0.1 0
0 0.44375 0 0.0208333 0
0 0.575 1 0.1 0
0 0.44375 0 0.0208333 0
0 0.575 1 0.1 0
0 0.44375 0 0.0208333 0
0 0.575 1 0.1 0
0 0.44375 0 0.0208333 0
0 0.575 1 0.1 0
0 0.44375 0 0.0208333 0
0 0.575 1 0.1 0
0 0.44375 0 0.0208333 0
0 0.575 1 0.1 0
0 0.44375 0 0.0208333 0
0 0.575 1 0.1 0
0 0.44375 0 0.0208333 0
0 0.575 1 0.1 0
0 0.44375 0 0.0208333 0
0 0.575 1 0.1 0
0 0.44375 0 0.0208333 0
0 0.575 1 0.1 0
0 0.44375 0 0.0208333 0
0 0.575 1 0.1 0
0 0.44375 0 0.0208333 0
0 0.575 1 0.1 0
0 0.44375 0 0.0208333 0
0 0.575 1 0.1 0
0 0.44375 0 0.0208333 0
0 0.575 1 0.1 0
0 0.44375 0 0.0208333 0
0 0.575 1 0.1 0
0 0.44375 0 0.0208333 0
0 0.575 1 0.1 0
0 0.44375 0 0.0208333 0
0 0.575 1 0.1 0
0 0.44375 0 0.0208333 0
0 0.575 1 0.1 0
0 0.44375 0 0.0208333 0
0 0.575 1 0.1 0
0 0.44375 0 0.0208333 0
0 0.575 1 0.1 0
0 0.44375 0 0.0208333 0
0 0.575 1 0.1 0
0 0.44375 0 0.0208333 0
0 0.575 1 0.1 0
0 0.44375 0 0.0208333 0
0 0.575 1 0.1 0
0 0.44375 0 0.0208333 0
0 0.575 1 0.1 0
0 0.44375 0 0.0208333 0
0 0.575 1 0.1 0
0 0.44375 0 0.0208333 0
0 0.575 1 0.1 0
0 0.44375 0 0.0208333 0
0 0.575 1 0.1 0
0 0.44375 0 0.0208333 0
0 0.575 1 0.1 0
0 0.44375 0 0.0208333 0
0 0.575 1 0.1 0
0 0.44375 0 0.0208333 0
0 0.575 1 0.1 0
0 0.44375 0 0.0208333 0
0 0.575 1 0.1 0
0 0.44375 0 0.0208333 0
0 0.575 1 0.1 0
0 0.44375 0 0.0208333 0
0 0.575 1 0.1 0
0 0.44375 0 0.0208333 0
0 0.575 1 0.1 0
0 0.44375 0 0.0208333 0
0 0.575 1 0.1 0
0 0.44375 0 0.0208333 0
0 0.575 1 0.1 0
0 0.44375 0 0.0208333 0
0 0.44375 0 0.0208333 0
0 0.44375 0 0.0208333 0
0 0.44375 0 0.0208333 0
0 0.44375 0 0.0208333 0
0 0.44375 0 0.0208333 0
0 0.44375 0 0.0208333 0
0 0.44375 0 0.0208333 0
0 0.44375 0 0.0208333 0
0 0.44375 0 0.0208333 0
0 0.44375 0 0.0208333 0
0 0.44375 0 0.0208333 0
0 0.44375 0 0.0208333 0
0 0.44375 0 0.0208333 0
0 0.44375 0 0.0208333 0
0 0.44375 0 0.0208333 0
0 0.44375 0 0.0208333 0
0 0.44375 0 0.0208333 0
0 0.44375 0 0.0208333 0
0 0.44375 0 0.0208333 0
0 0.44375 0 0.0208333 0
0 0.44375 0 0.0208333 0
0 0.44375 0 0.0208333 0
0 0.44375 0 0.0208333 0
0 0.44375 0 0.0208333 0
0 0.44375 0 0.0208333 0
0 0.44375 0 0.0208333 0
0 0.44375 0 0.0208333 0
0 0.44375 0 0.0208333 0
0 0.44375 0 0.0208333 0
0 0.44375 0 0.0208333 0
0 0.44375 0 0.0208333 0
0 0.44375 0 0.0208333 0
0 0.44375 0 0.0208333 0
0 0.44375 0 0.0208333 0
0 0.44375 0 0.0208333 0
0 0.44375 0 0.0208333 0
0 0.44375 0 0.0208333 0
0 0.44375 0 0.0208333 0
0 0.44375 0 0.0208333 0
0 0.44375 0 0.0208333 0
0 0.44375 0 0.0208333 0
0 0.44375 0 0.0208333 0
0 0.44375 0 0.0208333 0
0 0.44375 0 0.0208333 0
0 0.44375 0 0.0208333 0
0 0.44375 0 0.0208333 0
0 0.44375 0 0.0208333 0
0 0.44375 0 0.0208333 0
0 0.44375 0 0.0208333 0
0 0.44375 0 0.0208333 0
0 0.44375 0 0.0208333 0
0 0.44375 0 0.0208333 0
0 0.44375 0 0.0208333 0
0 0.44375 0 0.0208333 0
0 0.44375 0 0.0208333 0
0 0.44375 0 0.0208333 0
0 0.44375 0 0.0208333 0
0 0.44375 0 0.0208333 0
0 0.44375 0 0.0208333 0
0 0.44375 0 0.0208333 0
0 0.44375 0 0.0208333 0
0 0.44375 0 0.0208333 0
0 0.44375 0 0.0208333 0
0 0.44375 0 0.0208333 0
0 0.44375 0 0.0208333 0
0 0.44375 0 0.0208333 0
0 0.44375 0 0.0208333 0
0 0.44375 0 0.0208333 0
0 0.44375 0 0.0208333 0
0 0.44375 0 0.0208333 0
0 0.44375 0 0.0208333 0
0 0.44375 0 0.0208333 0
0 0.44375 0 0.0208333 0
0 0.44375 0 0.0208333 0
0 0.44375 0 0.0208333 0
0 0.44375 0 0.0208333 0
0 0.44375 0 0.0208333 0
0 0.44375 0 0.0208333 0
0 0.44375 0 0.0208333 0
0 0.44375 0 0.0208333 0
0 0.44375 0 0.0208333 0
0 0.44375 0 0.0208333 0
0 0.44375 0 0.0208333 0
0 0.44375 0 0.0208333 0
0 0.44375 0 0.0208333 0
0 0.44375 0 0.0208333 0
0 0.44375 0 0.0208333 0
0 0.44375 0 0.0208333 0
0 0.44375 0 0.0208333 0
0 0.44375 0 0.0208333 0
0 0.44375 0 0.0208333 0
0 0.44375 0 0.0208333 0
0 0.44375 0 0.0208333 0
0 0.44375 0 0.0208333 0
0 0.44375 0 0.0208333 0
0 0.44375 0 0.0208333 0
0 0.44375 0 0.0208333 0
0 0.44375 0 0.0208333 0
0 0.44375 0 0.0208333 0
0 0.44375 0 0.0208333 0
0 0.44375 0 0.0208333 0
0 0.44375 0 0.0208333 0
0 0.44375 0 0.0208333 0
0 0.44375 0 0.0208333 0
0 0.44375 0 0.0208333 0
0 0.44375 0 0.0208333 0
0 0.44375 0 0.0208333 0
0 0.44375 0 0.0208333 0
0 0.44375 0 0.0208333 0
0 0.44375 0 0.0208333 0
0 0.44375 0 0.0208333 0
0 0.44375 0 0.0208333 0
0 0.44375 0 0.0208333 0
0 0.44375 0 0.0208333 0
0 0.44375 0 0.0208333 0
0 0.44375 0 0.0208333 0
0 0.44375 0 0.0208333 0
0 0.44375 0 0.0208333 0
0 0.44375 0 0.0208333 0
0 0.44375 0 0.0208333 0
0 0.44375 0 0.0208333 0
0 0.44375 0 0.0208333 0
0 0.44375 0 0.0208333 0
0 0.44375 0 0.0208333 0
0 0.44375 0 0.0208333 0
