0 0.442361 0.5 0.0291667 1
0 0.442361 0.5 0.0291667 1
0 0.442361 0.5 0.0291667 1
0 0.442361 0.5 0.0291667 1
0 0.442361 0.5 0.0291667 1
0 0.442361 0.5 0.0291667 1
0 0.442361 0.5 0.0291667 1
0 0.442361 0.5 0.0291667 1
0 0.442361 0.5 0.0291667 1
0 0.442361 0.5 0.0291667 1
0 0.442361 0.5 0.0291667 1
0 0.442361 0.5 0.0291667 1
0 0.442361 0.5 0.0291667 1
0 0.442361 0.5 0.0291667 1
0 0.442361 0.5 0.0291667 1
0 0.442361 0.5 0.0291667 1
0 0.442361 0.5 0.0291667 1
0 0.442361 0.5 0.0291667 1
0 0.442361 0.5 0.0291667 1
0 0.442361 0.5 0.0291667 1
0 0.442361 0.5 0.0291667 1
0 0.442361 0.5 0.0291667 1
0 0.442361 0.5 0.0291667 1
0 0.442361 0.5 0.0291667 1
0 0.442361 0.5 0.0291667 1
0 0.442361 0.5 0.0291667 1
0 0.442361 0.5 0.0291667 1
0 0.442361 0.5 0.0291667 1
0 0.442361 0.5 0.0291667 1
0 0.442361 0.5 0.0291667 1
0 0.442361 0.5 0.0291667 1
0 0.442361 0.5 0.0291667 1
0 0.442361 0.5 0.0291667 1
0 0.442361 0.5 0.0291667 1
0 0.442361 0.5 0.0291667 1
0 0.442361 0.5 0.0291667 1
0 0.443056 0.5 0.0277778 1
0 0.568056 0 0.0111111 0
0 0.444444 0.5 0.0277778 1
0 0.56875 0 0.0125 0
0 0.446528 0.5 0.0263889 1
0 0.447917 0.5 0.0291667 1
0 0.570139 0 0.0125 0
0 0.448611 0.5 0.0277778 1
0 0.382639 0 0.0125 0
0 0.449306 0.5 0.0263889 1
0 0.570833 0 0.0111111 0
0 0.453472 0.5 0.0263889 1
0 0.454167 0.5 0.025 1
0 0.454861 0.5 0.0236111 1
0 0.456944 0.5 0.0222222 1
0 0.508333 0 0.0333333 0
0 0.573611 0 0.0111111 0
0 0.457639 0.5 0.0208333 1
0 0.577778 0 0.00833333 0
0 0.579167 0 0.0111111 0
0 0.583333 0 0.0111111 0
0 0.519444 0 0.0361111 0
0 0.520139 0 0.0319444 0
0 0.589583 0 0.00972222 0
0 0.527083 0 0.0347222 0
0 0.395139 0 0.0125 0
0 0.596528 0 0.0125 0
0 0.529861 0 0.0347222 0
0 0.394444 0 0.0138889 0
0 0.529167 0 0.0333333 0
0 0.600694 0 0.0125 0
0 0.602083 0 0.0125 0
0 0.53125 0 0.0347222 0
0 0.602778 0 0.0111111 0
0 0.498611 0.5 0.0361111 1
0 0.603472 0 0.0125 0
0 0.393056 0 0.0111111 0
0 0.499306 0.5 0.0319444 1
0 0.605556 0 0.0138889 0
0 0.499306 0.5 0.0319444 1
0 0.499306 0.5 0.0347222 1
0 0.499306 0.5 0.0375 1
0 0.497917 0 0.0375 0
0 0.498611 0 0.0361111 0
0 0.607639 0 0.0152778 0
0 0.498611 0 0.0388889 0
0 0.608333 0 0.0138889 0
0 0.497917 0 0.0375 0
0 0.614583 0 0.0125 0
0 0.38125 0 0.0152778 0
0 0.495139 0 0.0458333 0
0 0.379861 0 0.0180556 0
0 0.615278 0 0.0138889 0
0 0.494444 0 0.0444444 0
0 0.615972 0 0.0152778 0
0 0.494444 0 0.0444444 0
0 0.738194 0 0.0152778 0
0 0.49375 0 0.0458333 0
0 0.492361 0 0.0486111 0
0 0.377083 0 0.0152778 0
0 0.61875 0 0.0152778 0
0 0.491667 0 0.05 0
0 0.743056 0 0.0138889 0
0 0.375694 0 0.0152778 0
0 0.61875 0 0.0152778 0
0 0.491667 0 0.05 0
0 0.620139 0 0.0180556 0
0 0.490278 0 0.0555556 0
0 0.620139 0 0.0152778 0
0 0.489583 0 0.0569444 0
0 0.748611 0 0.0138889 0
0 0.620833 0 0.0166667 0
0 0.488194 0 0.0569444 0
0 0.370833 0 0.0166667 0
0 0.621528 0 0.0152778 0
0 0.750694 0 0.0152778 0
0 0.4875 0 0.0611111 0
0 0.239583 0 0.0152778 0
0 0.369444 0 0.0138889 0
0 0.622917 0 0.0180556 0
0 0.486806 0 0.0597222 0
0 0.754167 0 0.0166667 0
0 0.622917 0 0.0152778 0
0 0.486111 0 0.0611111 0
0 0.624306 0 0.0152778 0
0 0.75625 0 0.0152778 0
0 0.484722 0 0.0638889 0
0 0.757639 0 0.0152778 0
0 0.625 0 0.0166667 0
0 0.484028 0 0.0652778 0
0 0.365278 0 0.0166667 0
0 0.625694 0 0.0180556 0
0 0.483333 0 0.0666667 0
0 0.363889 0 0.0166667 0
0 0.627083 0 0.0152778 0
0 0.481944 0 0.0694444 0
0 0.763194 0 0.0152778 0
0 0.627778 0 0.0166667 0
0 0.48125 0 0.0708333 0
0 0.361111 0 0.0166667 0
0 0.763889 0 0.0166667 0
0 0.627778 0 0.0166667 0
0 0.480556 0 0.0722222 0
0 0.765278 0 0.0166667 0
0 0.629167 0 0.0166667 0
0 0.480556 0 0.075 0
0 0.767361 0 0.0180556 0
0 0.629167 0 0.0166667 0
0 0.479167 0 0.075 0
0 0.666667 0 0.0388889 0
0 0.76875 0 0.0152778 0
0 0.630556 0 0.0166667 0
0 0.479861 0 0.0763889 0
0 0.667361 0 0.0375 0
0 0.769444 0 0.0166667 0
0 0.359722 0 0.0166667 0
0 0.629861 0 0.0180556 0
0 0.479167 0 0.075 0
0 0.63125 0 0.0180556 0
0 0.770139 0 0.0180556 0
0 0.358333 0 0.0166667 0
0 0.478472 0 0.0791667 0
0 0.770833 0 0.0166667 0
0 0.358333 0 0.0166667 0
0 0.631944 0 0.0166667 0
0 0.477778 0 0.0805556 0
0 0.357639 0 0.0152778 0
0 0.632639 0 0.0180556 0
0 0.477083 0 0.0847222 0
0 0.213889 0 0.0166667 0
0 0.633333 0 0.0166667 0
0 0.476389 0.5 0.0861111 1
0 0.777083 0 0.0180556 0
0 0.634028 0 0.0180556 0
0 0.475694 0.5 0.0875 1
0 0.777778 0 0.0166667 0
0 0.634722 0 0.0194444 0
0 0.475694 0.5 0.0902778 1
0 0.209722 0 0.0194444 0
0 0.314583 0 0.0458333 0
0 0.354167 0 0.0194444 0
0 0.779167 0 0.0194444 0
0 0.635417 0 0.0180556 0
0 0.476389 0.5 0.0916667 1
0 0.353472 0 0.0180556 0
0 0.78125 0 0.0180556 0
0 0.209028 0 0.0180556 0
0 0.636111 0 0.0194444 0
0 0.476389 0.5 0.0944444 1
0 0.207639 0 0.0180556 0
0 0.782639 0 0.0180556 0
0 0.353472 0 0.0180556 0
0 0.636806 0 0.0180556 0
0 0.475694 0.5 0.0958333 1
0 0.20625 0 0.0180556 0
0 0.352778 0 0.0194444 0
0 0.6375 0 0.0166667 0
0 0.784028 0 0.0180556 0
0 0.475694 0.5 0.0986111 1
0 0.352083 0 0.0180556 0
0 0.784722 0 0.0194444 0
0 0.6375 0 0.0166667 0
0 0.475 0.5 0.1 1
0 0.785417 0 0.0180556 0
0 0.352083 0 0.0180556 0
0 0.638194 0 0.0180556 0
0 0.475694 0.5 0.101389 1
0 0.786111 0 0.0194444 0
0 0.352083 0 0.0180556 0
0 0.638194 0 0.0180556 0
0 0.475694 0.5 0.104167 1
0 0.785417 0 0.0180556 0
0 0.352083 0 0.0180556 0
0 0.475694 0.5 0.104167 1
0 0.639583 0 0.0180556 0
0 0.786806 0 0.0180556 0
0 0.352083 0 0.0180556 0
0 0.474306 0.5 0.104167 1
0 0.639583 0 0.0180556 0
0 0.351389 0 0.0166667 0
0 0.7875 0 0.0166667 0
0 0.639583 0 0.0180556 0
0 0.476389 0.5 0.111111 1
0 0.350694 0 0.0180556 0
0 0.788889 0 0.0166667 0
0 0.640278 0 0.0194444 0
0 0.477083 0.5 0.109722 1
0 0.789583 0 0.0152778 0
0 0.350694 0 0.0180556 0
0 0.477778 0.5 0.111111 1
0 0.640278 0 0.0194444 0
0 0.790278 0 0.0166667 0
0 0.349306 0 0.0180556 0
0 0.477778 0.5 0.111111 1
0 0.641667 0 0.0194444 0
0 0.790972 0 0.0180556 0
0 0.349306 0 0.0180556 0
0 0.641667 0 0.0194444 0
0 0.484722 0.5 0.116667 1
0 0.791667 0 0.0194444 0
0 0.349306 0 0.0180556 0
0 0.641667 0 0.0194444 0
0 0.4875 0.5 0.111111 1
0 0.791667 0 0.0194444 0
0 0.349306 0 0.0180556 0
0 0.491667 0.5 0.108333 1
0 0.642361 0 0.0180556 0
0 0.793056 0 0.0166667 0
0 0.348611 0 0.0194444 0
0 0.643056 0 0.0194444 0
0 0.489583 0.5 0.115278 1
0 0.349306 0 0.0180556 0
0 0.643056 0 0.0194444 0
0 0.486806 0.5 0.1125 1
0 0.79375 0 0.0180556 0
0 0.347917 0 0.0180556 0
0 0.643056 0 0.0194444 0
0 0.486806 0.5 0.1125 1
0 0.79375 0 0.0180556 0
0 0.347917 0 0.0180556 0
0 0.643056 0 0.0194444 0
0 0.486806 0.5 0.1125 1
0 0.347917 0 0.0180556 0
0 0.794444 0 0.0166667 0
0 0.64375 0 0.0180556 0
0 0.484722 0.5 0.111111 1
0 0.347917 0 0.0180556 0
0 0.795139 0 0.0180556 0
0 0.64375 0 0.0180556 0
0 0.484028 0.5 0.1125 1
0 0.348611 0 0.0194444 0
0 0.794444 0 0.0166667 0
0 0.644444 0 0.0166667 0
0 0.486111 0.5 0.111111 1
0 0.795139 0 0.0180556 0
0 0.644444 0 0.0194444 0
0 0.485417 0.5 0.1125 1
0 0.348611 0 0.0194444 0
0 0.795833 0 0.0166667 0
0 0.645139 0 0.0180556 0
0 0.486111 0.5 0.113889 1
0 0.348611 0 0.0194444 0
0 0.795833 0 0.0166667 0
0 0.645139 0 0.0180556 0
0 0.4875 0.5 0.113889 1
0 0.349306 0 0.0180556 0
0 0.795833 0 0.0166667 0
0 0.488194 0.5 0.1125 1
0 0.645139 0 0.0180556 0
0 0.349306 0 0.0180556 0
0 0.796528 0 0.0180556 0
0 0.488889 0.5 0.111111 1
0 0.645139 0 0.0180556 0
0 0.796528 0 0.0180556 0
0 0.348611 0 0.0194444 0
0 0.4875 0.5 0.113889 1
0 0.645833 0 0.0194444 0
0 0.348611 0 0.0194444 0
0 0.797222 0 0.0194444 0
0 0.645833 0 0.0194444 0
0 0.485417 0.5 0.1125 1
0 0.797917 0 0.0180556 0
0 0.348611 0 0.0194444 0
0 0.485417 0.5 0.1125 1
0 0.645833 0 0.0194444 0
0 0.797917 0 0.0180556 0
0 0.348611 0 0.0194444 0
0 0.485417 0.5 0.1125 1
0 0.645833 0 0.0194444 0
0 0.348611 0 0.0194444 0
0 0.797917 0 0.0180556 0
0 0.486806 0.5 0.1125 1
0 0.646528 0 0.0180556 0
0 0.348611 0 0.0194444 0
0 0.797917 0 0.0180556 0
0 0.4875 0.5 0.113889 1
0 0.646528 0 0.0180556 0
0 0.797917 0 0.0180556 0
0 0.4875 0.5 0.113889 1
0 0.646528 0 0.0180556 0
0 0.348611 0 0.0194444 0
0 0.798611 0 0.0194444 0
0 0.646528 0 0.0180556 0
0 0.488889 0.5 0.113889 1
0 0.799306 0 0.0180556 0
0 0.646528 0 0.0180556 0
0 0.4875 0.5 0.113889 1
0 0.348611 0 0.0194444 0
0 0.798611 0 0.0194444 0
0 0.646528 0 0.0180556 0
0 0.486111 0.5 0.111111 1
0 0.348611 0 0.0194444 0
0 0.797917 0 0.0180556 0
0 0.486111 0.5 0.111111 1
0 0.645833 0 0.0166667 0
0 0.798611 0 0.0194444 0
0 0.348611 0 0.0194444 0
0 0.4875 0.5 0.113889 1
0 0.646528 0 0.0180556 0
0 0.349306 0 0.0180556 0
0 0.646528 0 0.0180556 0
0 0.486806 0.5 0.1125 1
0 0.798611 0 0.0194444 0
0 0.459028 0 0.0347222 0
0 0.646528 0 0.0180556 0
0 0.486111 0.5 0.113889 1
0 0.196528 0 0.0180556 0
0 0.458333 0 0.0333333 0
0 0.348611 0 0.0194444 0
0 0.798611 0 0.0194444 0
0 0.647222 0 0.0194444 0
0 0.4875 0.5 0.113889 1
0 0.195139 0 0.0180556 0
0 0.348611 0 0.0194444 0
0 0.798611 0 0.0194444 0
0 0.647222 0 0.0194444 0
0 0.488889 0.5 0.113889 1
0 0.195139 0 0.0180556 0
0 0.459028 0 0.0319444 0
0 0.348611 0 0.0194444 0
0 0.798611 0 0.0194444 0
0 0.647222 0 0.0194444 0
0 0.488194 0.5 0.115278 1
0 0.195139 0 0.0180556 0
0 0.798611 0 0.0194444 0
0 0.347917 0 0.0208333 0
0 0.4875 0.5 0.113889 1
0 0.647222 0 0.0194444 0
0 0.459028 0 0.0319444 0
0 0.195139 0 0.0180556 0
0 0.798611 0 0.0194444 0
0 0.347222 0 0.0194444 0
0 0.4875 0.5 0.113889 1
0 0.647222 0 0.0194444 0
0 0.194444 0 0.0194444 0
0 0.8 0 0.0166667 0
0 0.347222 0 0.0194444 0
0 0.486806 0.5 0.1125 1
0 0.647222 0 0.0194444 0
0 0.8 0 0.0166667 0
0 0.347222 0 0.0194444 0
0 0.647222 0 0.0194444 0
0 0.486111 0.5 0.113889 1
0 0.8 0 0.0166667 0
0 0.347222 0 0.0194444 0
0 0.646528 0 0.0180556 0
0 0.486806 0.5 0.118056 1
0 0.8 0 0.0166667 0
0 0.646528 0 0.0180556 0
0 0.347222 0 0.0194444 0
0 0.488194 0.5 0.118056 1
0 0.8 0 0.0166667 0
0 0.347222 0 0.0194444 0
0 0.488889 0.5 0.119444 1
0 0.646528 0 0.0180556 0
0 0.8 0 0.0166667 0
0 0.347222 0 0.0194444 0
0 0.646528 0 0.0180556 0
0 0.488889 0.5 0.119444 1
0 0.8 0 0.0166667 0
0 0.647222 0 0.0194444 0
0 0.347222 0 0.0194444 0
0 0.490278 0.5 0.119444 1
0 0.8 0 0.0166667 0
0 0.347222 0 0.0194444 0
0 0.647222 0 0.0194444 0
0 0.492361 0.5 0.109722 1
0 0.194444 0 0.0194444 0
0 0.8 0 0.0166667 0
0 0.347222 0 0.0194444 0
0 0.647222 0 0.0194444 0
0 0.492361 0.5 0.109722 1
0 0.347222 0 0.0194444 0
0 0.800694 0 0.0180556 0
0 0.647222 0 0.0194444 0
0 0.493056 0.5 0.111111 1
0 0.801389 0 0.0194444 0
0 0.347222 0 0.0194444 0
0 0.493056 0.5 0.111111 1
0 0.647222 0 0.0194444 0
0 0.801389 0 0.0194444 0
0 0.347222 0 0.0194444 0
0 0.493056 0.5 0.111111 1
0 0.647917 0 0.0208333 0
0 0.801389 0 0.0194444 0
0 0.347222 0 0.0194444 0
0 0.492361 0.5 0.1125 1
0 0.647222 0 0.0194444 0
0 0.802083 0 0.0180556 0
0 0.347222 0 0.0194444 0
0 0.492361 0.5 0.1125 1
0 0.647222 0 0.0194444 0
0 0.802083 0 0.0180556 0
0 0.488889 0.5 0.119444 1
0 0.347222 0 0.0194444 0
0 0.647222 0 0.0194444 0
0 0.802083 0 0.0180556 0
0 0.488194 0.5 0.120833 1
0 0.346528 0 0.0180556 0
0 0.647917 0 0.0208333 0
0 0.802083 0 0.0180556 0
0 0.346528 0 0.0180556 0
0 0.4875 0.5 0.119444 1
0 0.647222 0 0.0194444 0
0 0.802083 0 0.0180556 0
0 0.346528 0 0.0180556 0
0 0.486111 0.5 0.119444 1
0 0.647917 0 0.0208333 0
0 0.802083 0 0.0180556 0
0 0.346528 0 0.0180556 0
0 0.485417 0.5 0.120833 1
0 0.647222 0 0.0194444 0
0 0.802083 0 0.0180556 0
0 0.346528 0 0.0180556 0
0 0.484722 0.5 0.119444 1
0 0.647917 0 0.0208333 0
0 0.802083 0 0.0180556 0
0 0.346528 0 0.0180556 0
0 0.484722 0.5 0.119444 1
0 0.647917 0 0.0208333 0
0 0.802083 0 0.0180556 0
0 0.345833 0 0.0194444 0
0 0.484722 0.5 0.119444 1
0 0.647222 0 0.0194444 0
0 0.802778 0 0.0194444 0
0 0.345139 0 0.0180556 0
0 0.484028 0.5 0.120833 1
0 0.647222 0 0.0194444 0
0 0.802778 0 0.0194444 0
0 0.345139 0 0.0180556 0
0 0.484722 0.5 0.119444 1
0 0.647222 0 0.0194444 0
0 0.802778 0 0.0194444 0
0 0.345139 0 0.0180556 0
0 0.485417 0.5 0.120833 1
0 0.647222 0 0.0194444 0
0 0.802778 0 0.0194444 0
0 0.345139 0 0.0180556 0
0 0.486111 0.5 0.119444 1
0 0.647917 0 0.0208333 0
0 0.345139 0 0.0180556 0
0 0.802778 0 0.0194444 0
0 0.486111 0.5 0.122222 1
0 0.647917 0 0.0208333 0
0 0.345139 0 0.0180556 0
0 0.802778 0 0.0194444 0
0 0.4875 0.5 0.122222 1
0 0.647917 0 0.0208333 0
0 0.802778 0 0.0194444 0
0 0.345139 0 0.0180556 0
0 0.4875 0.5 0.122222 1
0 0.647917 0 0.0208333 0
0 0.456944 0 0.0361111 0
0 0.802778 0 0.0194444 0
0 0.4875 0.5 0.122222 1
0 0.345139 0 0.0180556 0
0 0.647917 0 0.0208333 0
0 0.456944 0 0.0361111 0
0 0.802778 0 0.0194444 0
0 0.486111 0.5 0.122222 1
0 0.345139 0 0.0180556 0
0 0.647917 0 0.0208333 0
0 0.188889 0 0.0166667 0
0 0.456944 0 0.0361111 0
0 0.802778 0 0.0194444 0
0 0.345139 0 0.0180556 0
0 0.486111 0.5 0.122222 1
0 0.647917 0 0.0208333 0
0 0.455556 0 0.0361111 0
0 0.188194 0 0.0180556 0
0 0.802778 0 0.0194444 0
0 0.485417 0.5 0.123611 1
0 0.345139 0 0.0180556 0
0 0.647917 0 0.0208333 0
0 0.455556 0 0.0361111 0
0 0.188194 0 0.0180556 0
0 0.802778 0 0.0194444 0
0 0.345139 0 0.0180556 0
0 0.484028 0.5 0.123611 1
0 0.647917 0 0.0208333 0
0 0.45625 0 0.0347222 0
0 0.802778 0 0.0194444 0
0 0.188194 0 0.0180556 0
0 0.34375 0 0.0180556 0
0 0.482639 0.5 0.123611 1
0 0.647917 0 0.0208333 0
0 0.45625 0 0.0375 0
0 0.802778 0 0.0194444 0
0 0.188194 0 0.0180556 0
0 0.34375 0 0.0180556 0
0 0.482639 0.5 0.123611 1
0 0.647917 0 0.0208333 0
0 0.455556 0 0.0361111 0
0 0.1875 0 0.0194444 0
0 0.802778 0 0.0194444 0
0 0.34375 0 0.0180556 0
0 0.48125 0.5 0.123611 1
0 0.647917 0 0.0208333 0
0 0.188194 0 0.0180556 0
0 0.34375 0 0.0180556 0
0 0.802778 0 0.0194444 0
0 0.479861 0.5 0.120833 1
0 0.647917 0 0.0208333 0
0 0.186806 0 0.0180556 0
0 0.34375 0 0.0180556 0
0 0.802778 0 0.0194444 0
0 0.479167 0.5 0.122222 1
0 0.647917 0 0.0208333 0
0 0.34375 0 0.0180556 0
0 0.802778 0 0.0194444 0
0 0.479167 0.5 0.122222 1
0 0.647917 0 0.0208333 0
0 0.802778 0 0.0194444 0
0 0.477778 0.5 0.122222 1
0 0.647222 0 0.0194444 0
0 0.802778 0 0.0194444 0
0 0.477083 0.5 0.123611 1
0 0.647917 0 0.0208333 0
0 0.803472 0 0.0180556 0
0 0.477083 0.5 0.123611 1
0 0.647222 0 0.0194444 0
0 0.803472 0 0.0180556 0
0 0.477083 0.5 0.123611 1
0 0.647917 0 0.0208333 0
0 0.186806 0 0.0180556 0
0 0.342361 0 0.0180556 0
0 0.803472 0 0.0180556 0
0 0.477083 0.5 0.123611 1
0 0.647917 0 0.0208333 0
0 0.341667 0 0.0166667 0
0 0.803472 0 0.0180556 0
0 0.477083 0.5 0.123611 1
0 0.647222 0 0.0194444 0
0 0.341667 0 0.0194444 0
0 0.803472 0 0.0180556 0
0 0.477778 0.5 0.125 1
0 0.647917 0 0.0208333 0
0 0.341667 0 0.0194444 0
0 0.804167 0 0.0194444 0
0 0.477778 0.5 0.125 1
0 0.647917 0 0.0208333 0
0 0.341667 0 0.0194444 0
0 0.804167 0 0.0194444 0
0 0.477083 0.5 0.126389 1
0 0.647917 0 0.0180556 0
0 0.341667 0 0.0194444 0
0 0.804167 0 0.0194444 0
0 0.477083 0.5 0.126389 1
0 0.647917 0 0.0180556 0
0 0.184722 0 0.0194444 0
0 0.804167 0 0.0194444 0
0 0.341667 0 0.0194444 0
0 0.475694 0.5 0.126389 1
0 0.647917 0 0.0180556 0
0 0.184722 0 0.0194444 0
0 0.804167 0 0.0194444 0
0 0.475694 0.5 0.126389 1
0 0.340972 0 0.0180556 0
0 0.648611 0 0.0194444 0
0 0.184028 0 0.0180556 0
0 0.804167 0 0.0194444 0
0 0.474306 0.5 0.126389 1
0 0.340972 0 0.0180556 0
0 0.647917 0 0.0180556 0
0 0.184028 0 0.0180556 0
0 0.804167 0 0.0194444 0
0 0.340972 0 0.0180556 0
0 0.472222 0.5 0.125 1
0 0.647917 0 0.0180556 0
0 0.804861 0 0.0208333 0
0 0.472222 0.5 0.125 1
0 0.340972 0 0.0180556 0
0 0.647917 0 0.0180556 0
0 0.184028 0 0.0180556 0
0 0.804861 0 0.0208333 0
0 0.472222 0.5 0.125 1
0 0.340972 0 0.0180556 0
0 0.647222 0 0.0194444 0
0 0.184028 0 0.0180556 0
0 0.804861 0 0.0208333 0
0 0.472222 0.5 0.125 1
0 0.340278 0 0.0194444 0
0 0.647222 0 0.0194444 0
0 0.804861 0 0.0208333 0
0 0.467361 0.5 0.134722 1
0 0.647917 0 0.0180556 0
0 0.339583 0 0.0180556 0
0 0.80625 0 0.0208333 0
0 0.467361 0.5 0.134722 1
0 0.647917 0 0.0180556 0
0 0.339583 0 0.0180556 0
0 0.80625 0 0.0208333 0
0 0.465972 0.5 0.134722 1
0 0.339583 0 0.0180556 0
0 0.648611 0 0.0194444 0
0 0.80625 0 0.0208333 0
0 0.465972 0.5 0.134722 1
0 0.339583 0 0.0180556 0
0 0.648611 0 0.0194444 0
0 0.80625 0 0.0208333 0
0 0.465972 0.5 0.134722 1
0 0.339583 0 0.0180556 0
0 0.648611 0 0.0194444 0
0 0.80625 0 0.0208333 0
0 0.465278 0.5 0.136111 1
0 0.339583 0 0.0180556 0
0 0.647917 0 0.0180556 0
0 0.80625 0 0.0208333 0
0 0.465278 0.5 0.136111 1
0 0.339583 0 0.0180556 0
0 0.648611 0 0.0194444 0
0 0.181944 0 0.0194444 0
0 0.80625 0 0.0208333 0
0 0.465278 0.5 0.136111 1
0 0.648611 0 0.0194444 0
0 0.339583 0 0.0180556 0
0 0.80625 0 0.0208333 0
0 0.464583 0.5 0.1375 1
0 0.648611 0 0.0194444 0
0 0.339583 0 0.0180556 0
0 0.18125 0 0.0208333 0
0 0.80625 0 0.0208333 0
0 0.465278 0.5 0.138889 1
0 0.648611 0 0.0194444 0
0 0.339583 0 0.0180556 0
0 0.18125 0 0.0208333 0
0 0.806944 0 0.0222222 0
0 0.465278 0.5 0.138889 1
0 0.648611 0 0.0194444 0
0 0.339583 0 0.0180556 0
0 0.180556 0 0.0194444 0
0 0.806944 0 0.0194444 0
0 0.464583 0.5 0.1375 1
0 0.648611 0 0.0194444 0
0 0.338889 0 0.0194444 0
0 0.179861 0 0.0208333 0
0 0.806944 0 0.0194444 0
0 0.463889 0.5 0.138889 1
0 0.648611 0 0.0194444 0
0 0.338889 0 0.0194444 0
0 0.463194 0.5 0.140278 1
0 0.806944 0 0.0194444 0
0 0.648611 0 0.0194444 0
0 0.338889 0 0.0194444 0
0 0.179861 0 0.0208333 0
0 0.4625 0.5 0.138889 1
0 0.806944 0 0.0194444 0
0 0.338194 0 0.0180556 0
0 0.648611 0 0.0194444 0
0 0.4625 0.5 0.141667 1
0 0.806944 0 0.0194444 0
0 0.338194 0 0.0180556 0
0 0.648611 0 0.0194444 0
0 0.4625 0.5 0.141667 1
0 0.338194 0 0.0180556 0
0 0.648611 0 0.0194444 0
0 0.806944 0 0.0194444 0
0 0.178472 0 0.0208333 0
0 0.338194 0 0.0180556 0
0 0.461806 0.5 0.140278 1
0 0.806944 0 0.0194444 0
0 0.648611 0 0.0194444 0
0 0.178472 0 0.0208333 0
0 0.461111 0.5 0.141667 1
0 0.338194 0 0.0180556 0
0 0.647917 0 0.0208333 0
0 0.806944 0 0.0194444 0
0 0.454167 0 0.0333333 0
0 0.3375 0 0.0194444 0
0 0.461111 0.5 0.141667 1
0 0.806944 0 0.0194444 0
0 0.648611 0 0.0194444 0
0 0.3375 0 0.0194444 0
0 0.460417 0.5 0.143056 1
0 0.807639 0 0.0208333 0
0 0.648611 0 0.0194444 0
0 0.548611 0 0.0361111 0
0 0.336806 0 0.0180556 0
0 0.460417 0.5 0.143056 1
0 0.807639 0 0.0208333 0
0 0.648611 0 0.0194444 0
0 0.547917 0 0.0375 0
0 0.3375 0 0.0194444 0
0 0.459722 0.5 0.144444 1
0 0.807639 0 0.0208333 0
0 0.648611 0 0.0194444 0
0 0.547917 0 0.0375 0
0 0.336806 0 0.0180556 0
0 0.459722 0.5 0.144444 1
0 0.807639 0 0.0208333 0
0 0.648611 0 0.0194444 0
0 0.261806 0 0.00694444 0
0 0.336806 0 0.0180556 0
0 0.459722 0.5 0.144444 1
0 0.807639 0 0.0208333 0
0 0.648611 0 0.0194444 0
0 0.177083 0 0.0208333 0
0 0.336806 0 0.0180556 0
0 0.459722 0.5 0.144444 1
0 0.808333 0 0.0194444 0
0 0.648611 0 0.0194444 0
0 0.176389 0 0.0194444 0
0 0.261806 0 0.00694444 0
0 0.336806 0 0.0180556 0
0 0.459028 0.5 0.145833 1
0 0.807639 0 0.0208333 0
0 0.648611 0 0.0194444 0
0 0.547917 0 0.0375 0
0 0.177083 0 0.0180556 0
0 0.459028 0.5 0.145833 1
0 0.336806 0 0.0180556 0
0 0.807639 0 0.0208333 0
0 0.648611 0 0.0194444 0
0 0.547917 0 0.0375 0
0 0.177083 0 0.0180556 0
0 0.458333 0.5 0.147222 1
0 0.336806 0 0.0180556 0
0 0.807639 0 0.0208333 0
0 0.648611 0 0.0194444 0
0 0.547917 0 0.0375 0
0 0.177083 0 0.0180556 0
0 0.457639 0.5 0.148611 1
0 0.336111 0 0.0194444 0
0 0.808333 0 0.0194444 0
0 0.648611 0 0.0194444 0
0 0.176389 0 0.0194444 0
0 0.458333 0.5 0.147222 1
0 0.336111 0 0.0194444 0
0 0.808333 0 0.0194444 0
0 0.648611 0 0.0194444 0
0 0.176389 0 0.0194444 0
0 0.457639 0.5 0.145833 1
0 0.336111 0 0.0194444 0
0 0.808333 0 0.0194444 0
0 0.648611 0 0.0194444 0
0 0.175694 0 0.0180556 0
0 0.452778 0.5 0.144444 1
0 0.335417 0 0.0208333 0
0 0.808333 0 0.0194444 0
0 0.648611 0 0.0194444 0
0 0.175 0 0.0194444 0
0 0.453472 0.5 0.143056 1
0 0.335417 0 0.0208333 0
0 0.808333 0 0.0194444 0
0 0.648611 0 0.0194444 0
0 0.175 0 0.0194444 0
0 0.451389 0.5 0.141667 1
0 0.334722 0 0.0194444 0
0 0.809028 0 0.0208333 0
0 0.648611 0 0.0194444 0
0 0.175 0 0.0194444 0
0 0.45 0.5 0.141667 1
0 0.335417 0 0.0208333 0
0 0.809028 0 0.0208333 0
0 0.648611 0 0.0194444 0
0 0.175 0 0.0194444 0
0 0.45 0.5 0.144444 1
0 0.335417 0 0.0208333 0
0 0.809028 0 0.0208333 0
0 0.647917 0 0.0208333 0
0 0.175 0 0.0194444 0
0 0.449306 0.5 0.143056 1
0 0.335417 0 0.0208333 0
0 0.809028 0 0.0208333 0
0 0.648611 0 0.0194444 0
0 0.174306 0 0.0180556 0
0 0.447917 0.5 0.143056 1
0 0.334722 0 0.0194444 0
0 0.809028 0 0.0208333 0
0 0.647917 0 0.0208333 0
0 0.547917 0 0.0375 0
0 0.174306 0 0.0180556 0
0 0.447917 0.5 0.143056 1
0 0.809028 0 0.0208333 0
0 0.334722 0 0.0194444 0
0 0.647917 0 0.0208333 0
0 0.174306 0 0.0180556 0
0 0.547917 0 0.0375 0
0 0.447917 0.5 0.143056 1
0 0.809028 0 0.0208333 0
0 0.647917 0 0.0208333 0
0 0.334722 0 0.0194444 0
0 0.174306 0 0.0180556 0
0 0.447917 0.5 0.143056 1
0 0.809028 0 0.0208333 0
0 0.334722 0 0.0194444 0
0 0.647917 0 0.0208333 0
0 0.447917 0.5 0.143056 1
0 0.809028 0 0.0208333 0
0 0.334722 0 0.0194444 0
0 0.647917 0 0.0208333 0
0 0.547917 0 0.0375 0
0 0.174306 0 0.0180556 0
0 0.446528 0.5 0.143056 1
0 0.809028 0 0.0208333 0
0 0.334722 0 0.0194444 0
0 0.647917 0 0.0208333 0
0 0.173611 0 0.0194444 0
0 0.446528 0.5 0.143056 1
0 0.334722 0 0.0194444 0
0 0.809028 0 0.0208333 0
0 0.647917 0 0.0208333 0
0 0.173611 0 0.0194444 0
0 0.446528 0.5 0.143056 1
0 0.809028 0 0.0208333 0
0 0.334722 0 0.0194444 0
0 0.647917 0 0.0208333 0
0 0.446528 0.5 0.143056 1
0 0.334722 0 0.0194444 0
0 0.809028 0 0.0208333 0
0 0.647917 0 0.0208333 0
0 0.173611 0 0.0194444 0
0 0.547222 0 0.0388889 0
0 0.446528 0.5 0.143056 1
0 0.334722 0 0.0194444 0
0 0.809028 0 0.0208333 0
0 0.647917 0 0.0208333 0
0 0.172917 0 0.0180556 0
0 0.443056 0.5 0.158333 1
0 0.809028 0 0.0208333 0
0 0.333333 0 0.0194444 0
0 0.647917 0 0.0208333 0
0 0.547222 0 0.0388889 0
0 0.441667 0.5 0.158333 1
0 0.809028 0 0.0208333 0
0 0.333333 0 0.0194444 0
0 0.647917 0 0.0208333 0
0 0.547222 0 0.0388889 0
0 0.441667 0.5 0.158333 1
0 0.809028 0 0.0208333 0
0 0.333333 0 0.0194444 0
0 0.647917 0 0.0208333 0
0 0.547222 0 0.0361111 0
0 0.441667 0.5 0.158333 1
0 0.809028 0 0.0208333 0
0 0.333333 0 0.0194444 0
0 0.647917 0 0.0208333 0
0 0.172917 0 0.0180556 0
0 0.441667 0.5 0.158333 1
0 0.809722 0 0.0222222 0
0 0.333333 0 0.0194444 0
0 0.647917 0 0.0208333 0
0 0.172917 0 0.0180556 0
0 0.441667 0.5 0.158333 1
0 0.809722 0 0.0222222 0
0 0.333333 0 0.0194444 0
0 0.647917 0 0.0208333 0
0 0.172917 0 0.0180556 0
0 0.441667 0.5 0.158333 1
0 0.334028 0 0.0208333 0
0 0.809722 0 0.0222222 0
0 0.647917 0 0.0208333 0
0 0.172917 0 0.0180556 0
0 0.440972 0.5 0.156944 1
0 0.809028 0 0.0208333 0
0 0.334028 0 0.0208333 0
0 0.647917 0 0.0208333 0
0 0.172222 0 0.0194444 0
0 0.439583 0.5 0.156944 1
0 0.809028 0 0.0208333 0
0 0.333333 0 0.0194444 0
0 0.647917 0 0.0208333 0
0 0.439583 0.5 0.156944 1
0 0.172222 0 0.0194444 0
0 0.809028 0 0.0208333 0
0 0.333333 0 0.0194444 0
0 0.647917 0 0.0208333 0
0 0.439583 0.5 0.159722 1
0 0.172222 0 0.0194444 0
0 0.809028 0 0.0208333 0
0 0.333333 0 0.0194444 0
0 0.647917 0 0.0208333 0
0 0.438889 0.5 0.158333 1
0 0.809028 0 0.0208333 0
0 0.333333 0 0.0194444 0
0 0.171528 0 0.0208333 0
0 0.647917 0 0.0208333 0
0 0.546528 0 0.0375 0
0 0.439583 0.5 0.156944 1
0 0.809722 0 0.0222222 0
0 0.170833 0 0.0194444 0
0 0.333333 0 0.0194444 0
0 0.647917 0 0.0208333 0
0 0.547222 0 0.0444444 0
0 0.438889 0.5 0.158333 1
0 0.170833 0 0.0194444 0
0 0.809722 0 0.0222222 0
0 0.333333 0 0.0194444 0
0 0.647917 0 0.0208333 0
0 0.438194 0.5 0.156944 1
0 0.170833 0 0.0194444 0
0 0.809722 0 0.0222222 0
0 0.331944 0 0.0194444 0
0 0.647917 0 0.0208333 0
0 0.547222 0 0.0444444 0
0 0.4375 0.5 0.155556 1
0 0.809722 0 0.0194444 0
0 0.170833 0 0.0194444 0
0 0.331944 0 0.0194444 0
0 0.647917 0 0.0208333 0
0 0.436806 0.5 0.156944 1
0 0.809722 0 0.0194444 0
0 0.170833 0 0.0194444 0
0 0.331944 0 0.0194444 0
0 0.647917 0 0.0208333 0
0 0.436806 0.5 0.156944 1
0 0.809722 0 0.0194444 0
0 0.170833 0 0.0194444 0
0 0.331944 0 0.0194444 0
0 0.647917 0 0.0208333 0
0 0.436806 0.5 0.156944 1
0 0.809722 0 0.0194444 0
0 0.170833 0 0.0194444 0
0 0.331944 0 0.0194444 0
0 0.647917 0 0.0208333 0
0 0.436806 0.5 0.156944 1
0 0.809722 0 0.0194444 0
0 0.170833 0 0.0194444 0
0 0.331944 0 0.0194444 0
0 0.647917 0 0.0208333 0
0 0.547222 0 0.0388889 0
0 0.436111 0.5 0.155556 1
0 0.170833 0 0.0194444 0
0 0.810417 0 0.0208333 0
0 0.331944 0 0.0194444 0
0 0.647917 0 0.0208333 0
0 0.435417 0.5 0.156944 1
0 0.170139 0 0.0208333 0
0 0.810417 0 0.0208333 0
0 0.331944 0 0.0194444 0
0 0.648611 0 0.0222222 0
0 0.547222 0 0.0444444 0
0 0.434722 0.5 0.158333 1
0 0.170139 0 0.0208333 0
0 0.809722 0 0.0222222 0
0 0.331944 0 0.0194444 0
0 0.647917 0 0.0208333 0
0 0.546528 0 0.0458333 0
0 0.434028 0.5 0.159722 1
0 0.170139 0 0.0208333 0
0 0.809722 0 0.0222222 0
0 0.648611 0 0.0222222 0
0 0.331944 0 0.0194444 0
0 0.170833 0 0.0194444 0
0 0.547222 0 0.0444444 0
0 0.433333 0.5 0.158333 1
0 0.809722 0 0.0222222 0
0 0.331944 0 0.0194444 0
0 0.647917 0 0.0208333 0
0 0.546528 0 0.0458333 0
0 0.170833 0 0.0194444 0
0 0.433333 0.5 0.158333 1
0 0.809722 0 0.0222222 0
0 0.331944 0 0.0194444 0
0 0.648611 0 0.0222222 0
0 0.546528 0 0.0458333 0
0 0.170833 0 0.0194444 0
0 0.433333 0.5 0.158333 1
0 0.809722 0 0.0222222 0
0 0.331944 0 0.0194444 0
0 0.647917 0 0.0208333 0
0 0.546528 0 0.0458333 0
0 0.433333 0.5 0.161111 1
0 0.810417 0 0.0208333 0
0 0.33125 0 0.0180556 0
0 0.647917 0 0.0208333 0
0 0.546528 0 0.0458333 0
0 0.433333 0.5 0.158333 1
0 0.810417 0 0.0208333 0
0 0.33125 0 0.0180556 0
0 0.648611 0 0.0222222 0
0 0.169444 0 0.0194444 0
0 0.546528 0 0.0458333 0
0 0.433333 0.5 0.161111 1
0 0.810417 0 0.0208333 0
0 0.330556 0 0.0194444 0
0 0.647917 0 0.0208333 0
0 0.546528 0 0.0458333 0
0 0.169444 0 0.0194444 0
0 0.433333 0.5 0.161111 1
0 0.330556 0 0.0194444 0
0 0.811111 0 0.0222222 0
0 0.648611 0 0.0222222 0
0 0.433333 0.5 0.161111 1
0 0.33125 0 0.0208333 0
0 0.810417 0 0.0236111 0
0 0.648611 0 0.0222222 0
0 0.545833 0 0.0444444 0
0 0.432639 0.5 0.1625 1
0 0.33125 0 0.0208333 0
0 0.811111 0 0.0222222 0
0 0.648611 0 0.0222222 0
0 0.431944 0.5 0.163889 1
0 0.546528 0 0.0458333 0
0 0.811111 0 0.0194444 0
0 0.330556 0 0.0194444 0
0 0.648611 0 0.0222222 0
0 0.43125 0.5 0.1625 1
0 0.546528 0 0.0458333 0
0 0.33125 0 0.0208333 0
0 0.810417 0 0.0208333 0
0 0.647917 0 0.0208333 0
0 0.43125 0.5 0.1625 1
0 0.545833 0 0.0444444 0
0 0.810417 0 0.0208333 0
0 0.33125 0 0.0208333 0
0 0.648611 0 0.0222222 0
0 0.43125 0.5 0.1625 1
0 0.545833 0 0.0444444 0
0 0.810417 0 0.0208333 0
0 0.33125 0 0.0208333 0
0 0.648611 0 0.0222222 0
0 0.43125 0.5 0.1625 1
0 0.545833 0 0.0444444 0
0 0.810417 0 0.0208333 0
0 0.33125 0 0.0208333 0
0 0.648611 0 0.0222222 0
0 0.43125 0.5 0.1625 1
0 0.546528 0 0.0458333 0
0 0.810417 0 0.0208333 0
0 0.33125 0 0.0208333 0
0 0.647917 0 0.0208333 0
0 0.169444 0 0.0194444 0
0 0.545833 0 0.0444444 0
0 0.429861 0.5 0.159722 1
0 0.33125 0 0.0208333 0
0 0.810417 0 0.0208333 0
0 0.647917 0 0.0208333 0
0 0.429861 0.5 0.159722 1
0 0.545833 0 0.0444444 0
0 0.33125 0 0.0208333 0
0 0.810417 0 0.0236111 0
0 0.647917 0 0.0208333 0
0 0.545833 0 0.0444444 0
0 0.429167 0.5 0.155556 1
0 0.330556 0 0.0194444 0
0 0.811111 0 0.0222222 0
0 0.648611 0 0.0222222 0
0 0.545833 0 0.0444444 0
0 0.429167 0.5 0.158333 1
0 0.330556 0 0.0194444 0
0 0.811111 0 0.0222222 0
0 0.648611 0 0.0222222 0
0 0.429861 0.5 0.154167 1
0 0.330556 0 0.0194444 0
0 0.811111 0 0.0222222 0
0 0.648611 0 0.0222222 0
0 0.429167 0.5 0.158333 1
0 0.330556 0 0.0194444 0
0 0.811111 0 0.0222222 0
0 0.648611 0 0.0222222 0
0 0.427778 0.5 0.158333 1
0 0.330556 0 0.0194444 0
0 0.811111 0 0.0194444 0
0 0.648611 0 0.0222222 0
0 0.427778 0.5 0.155556 1
0 0.330556 0 0.0194444 0
0 0.811111 0 0.0194444 0
0 0.648611 0 0.0222222 0
0 0.545833 0 0.0444444 0
0 0.427778 0.5 0.155556 1
0 0.329861 0 0.0208333 0
0 0.811111 0 0.0194444 0
0 0.648611 0 0.0222222 0
0 0.427778 0.5 0.155556 1
0 0.329861 0 0.0208333 0
0 0.811111 0 0.0222222 0
0 0.648611 0 0.0222222 0
0 0.425694 0.5 0.154167 1
0 0.329861 0 0.0208333 0
0 0.811111 0 0.0222222 0
0 0.648611 0 0.0222222 0
0 0.545833 0 0.0444444 0
0 0.425694 0.5 0.154167 1
0 0.329861 0 0.0208333 0
0 0.811806 0 0.0208333 0
0 0.648611 0 0.0222222 0
0 0.545833 0 0.0444444 0
0 0.425 0.5 0.155556 1
0 0.329861 0 0.0208333 0
0 0.811111 0 0.0222222 0
0 0.648611 0 0.0222222 0
0 0.425 0.5 0.155556 1
0 0.329861 0 0.0208333 0
0 0.811111 0 0.0222222 0
0 0.648611 0 0.0194444 0
0 0.425 0.5 0.155556 1
0 0.329861 0 0.0208333 0
0 0.811111 0 0.0222222 0
0 0.648611 0 0.0194444 0
0 0.425 0.5 0.152778 1
0 0.811111 0 0.0222222 0
0 0.329167 0 0.0194444 0
0 0.648611 0 0.0222222 0
0 0.420139 0.5 0.168056 1
0 0.811111 0 0.0222222 0
0 0.329167 0 0.0194444 0
0 0.648611 0 0.0222222 0
0 0.41875 0.5 0.168056 1
0 0.811111 0 0.0222222 0
0 0.329167 0 0.0222222 0
0 0.649306 0 0.0208333 0
0 0.811111 0 0.0222222 0
0 0.329167 0 0.0222222 0
0 0.649306 0 0.0208333 0
0 0.811111 0 0.0222222 0
0 0.329167 0 0.0222222 0
0 0.649306 0 0.0208333 0
0 0.164583 0 0.0208333 0
0 0.811111 0 0.0222222 0
0 0.329167 0 0.0222222 0
0 0.649306 0 0.0208333 0
0 0.811111 0 0.0222222 0
0 0.164583 0 0.0208333 0
0 0.329167 0 0.0222222 0
0 0.649306 0 0.0208333 0
0 0.163889 0 0.0194444 0
0 0.8125 0 0.0194444 0
0 0.328472 0 0.0208333 0
0 0.649306 0 0.0208333 0
0 0.163889 0 0.0194444 0
0 0.8125 0 0.0194444 0
0 0.328472 0 0.0208333 0
0 0.649306 0 0.0208333 0
0 0.8125 0 0.0194444 0
0 0.329167 0 0.0194444 0
0 0.649306 0 0.0208333 0
0 0.545833 0 0.0472222 0
0 0.8125 0 0.0194444 0
0 0.329167 0 0.0194444 0
0 0.648611 0 0.0222222 0
0 0.545139 0 0.0430556 0
0 0.163889 0 0.0194444 0
0 0.8125 0 0.0194444 0
0 0.328472 0 0.0208333 0
0 0.648611 0 0.0222222 0
0 0.545833 0 0.0444444 0
0 0.163194 0 0.0180556 0
0 0.8125 0 0.0194444 0
0 0.327778 0 0.0194444 0
0 0.649306 0 0.0208333 0
0 0.447917 0 0.0375 0
0 0.8125 0 0.0194444 0
0 0.327778 0 0.0194444 0
0 0.649306 0 0.0208333 0
0 0.447917 0 0.0375 0
0 0.1625 0 0.0194444 0
0 0.8125 0 0.0194444 0
0 0.327778 0 0.0194444 0
0 0.649306 0 0.0208333 0
0 0.1625 0 0.0194444 0
0 0.447222 0 0.0388889 0
0 0.8125 0 0.0194444 0
0 0.327778 0 0.0194444 0
0 0.648611 0 0.0222222 0
0 0.447917 0 0.0402778 0
0 0.1625 0 0.0194444 0
0 0.327778 0 0.0194444 0
0 0.813194 0 0.0180556 0
0 0.648611 0 0.0222222 0
0 0.1625 0 0.0194444 0
0 0.327778 0 0.0194444 0
0 0.813194 0 0.0180556 0
0 0.648611 0 0.0222222 0
0 0.1625 0 0.0194444 0
0 0.327778 0 0.0194444 0
0 0.813194 0 0.0180556 0
0 0.648611 0 0.0222222 0
0 0.161806 0 0.0180556 0
0 0.327778 0 0.0194444 0
0 0.8125 0 0.0194444 0
0 0.648611 0 0.0222222 0
0 0.447222 0 0.0388889 0
0 0.1625 0 0.0194444 0
0 0.813194 0 0.0208333 0
0 0.327083 0 0.0180556 0
0 0.648611 0 0.0222222 0
0 0.161806 0 0.0208333 0
0 0.813194 0 0.0180556 0
0 0.327778 0 0.0194444 0
0 0.648611 0 0.0222222 0
0 0.161111 0 0.0194444 0
0 0.813194 0 0.0180556 0
0 0.326389 0 0.0194444 0
0 0.648611 0 0.0222222 0
0 0.161111 0 0.0194444 0
0 0.813194 0 0.0180556 0
0 0.326389 0 0.0194444 0
0 0.648611 0 0.0222222 0
0 0.499306 0 0.0458333 0
0 0.161111 0 0.0194444 0
0 0.813194 0 0.0180556 0
0 0.326389 0 0.0194444 0
0 0.648611 0 0.0222222 0
0 0.499306 0 0.0458333 0
0 0.161111 0 0.0194444 0
0 0.813194 0 0.0180556 0
0 0.326389 0 0.0194444 0
0 0.648611 0 0.0222222 0
0 0.161111 0 0.0194444 0
0 0.813194 0 0.0180556 0
0 0.326389 0 0.0194444 0
0 0.648611 0 0.0222222 0
0 0.161111 0 0.0194444 0
0 0.813194 0 0.0180556 0
0 0.326389 0 0.0194444 0
0 0.648611 0 0.0222222 0
0 0.499306 0 0.0486111 0
0 0.546528 0 0.0458333 0
0 0.161111 0 0.0194444 0
0 0.813194 0 0.0180556 0
0 0.326389 0 0.0194444 0
0 0.648611 0 0.0222222 0
0 0.499306 0 0.0486111 0
0 0.546528 0 0.0458333 0
0 0.161111 0 0.0194444 0
0 0.813194 0 0.0180556 0
0 0.326389 0 0.0194444 0
0 0.648611 0 0.0222222 0
0 0.546528 0 0.0458333 0
0 0.161111 0 0.0194444 0
0 0.813194 0 0.0180556 0
0 0.326389 0 0.0194444 0
0 0.648611 0 0.0222222 0
0 0.447222 0 0.0388889 0
0 0.546528 0 0.0458333 0
0 0.161111 0 0.0194444 0
0 0.813194 0 0.0180556 0
0 0.648611 0 0.0222222 0
0 0.326389 0 0.0194444 0
0 0.546528 0 0.0458333 0
0 0.161111 0 0.0194444 0
0 0.813194 0 0.0180556 0
0 0.326389 0 0.0194444 0
0 0.648611 0 0.0222222 0
0 0.546528 0 0.0458333 0
0 0.161111 0 0.0194444 0
0 0.813194 0 0.0180556 0
0 0.325694 0 0.0180556 0
0 0.648611 0 0.0222222 0
0 0.546528 0 0.0458333 0
0 0.161111 0 0.0194444 0
0 0.813194 0 0.0180556 0
0 0.325694 0 0.0180556 0
0 0.648611 0 0.0222222 0
0 0.546528 0 0.0458333 0
0 0.161111 0 0.0194444 0
0 0.813194 0 0.0180556 0
0 0.325694 0 0.0180556 0
0 0.649306 0 0.0208333 0
0 0.546528 0 0.0458333 0
0 0.161111 0 0.0194444 0
0 0.813194 0 0.0180556 0
0 0.325694 0 0.0180556 0
0 0.649306 0 0.0208333 0
0 0.546528 0 0.0458333 0
0 0.161111 0 0.0194444 0
0 0.813194 0 0.0180556 0
0 0.325694 0 0.0180556 0
0 0.649306 0 0.0208333 0
0 0.546528 0 0.0458333 0
0 0.160417 0 0.0180556 0
0 0.813194 0 0.0180556 0
0 0.648611 0 0.0222222 0
0 0.325694 0 0.0180556 0
0 0.546528 0 0.0458333 0
0 0.160417 0 0.0180556 0
0 0.813194 0 0.0180556 0
0 0.325694 0 0.0180556 0
0 0.648611 0 0.0222222 0
0 0.546528 0 0.0458333 0
0 0.160417 0 0.0180556 0
0 0.813194 0 0.0180556 0
0 0.325694 0 0.0180556 0
0 0.648611 0 0.0222222 0
0 0.161111 0 0.0194444 0
0 0.813194 0 0.0180556 0
0 0.325694 0 0.0180556 0
0 0.648611 0 0.0222222 0
0 0.161111 0 0.0194444 0
0 0.813194 0 0.0180556 0
0 0.325694 0 0.0180556 0
0 0.648611 0 0.0222222 0
0 0.161111 0 0.0194444 0
0 0.813194 0 0.0180556 0
0 0.325694 0 0.0180556 0
0 0.648611 0 0.0222222 0
0 0.161111 0 0.0194444 0
0 0.813194 0 0.0180556 0
0 0.325694 0 0.0180556 0
0 0.648611 0 0.0222222 0
0 0.161111 0 0.0194444 0
0 0.813194 0 0.0180556 0
0 0.325694 0 0.0180556 0
0 0.648611 0 0.0222222 0
0 0.161111 0 0.0194444 0
0 0.813194 0 0.0180556 0
0 0.325694 0 0.0180556 0
0 0.648611 0 0.0222222 0
0 0.161111 0 0.0194444 0
0 0.813194 0 0.0180556 0
0 0.325694 0 0.0180556 0
0 0.648611 0 0.0222222 0
0 0.161111 0 0.0194444 0
0 0.813194 0 0.0180556 0
0 0.325694 0 0.0180556 0
0 0.648611 0 0.0222222 0
0 0.161111 0 0.0194444 0
0 0.813194 0 0.0180556 0
0 0.325694 0 0.0180556 0
0 0.648611 0 0.0222222 0
0 0.161111 0 0.0194444 0
0 0.813194 0 0.0180556 0
0 0.325694 0 0.0180556 0
0 0.648611 0 0.0222222 0
0 0.161111 0 0.0194444 0
0 0.813194 0 0.0180556 0
0 0.325694 0 0.0180556 0
0 0.648611 0 0.0222222 0
0 0.161111 0 0.0194444 0
0 0.813194 0 0.0180556 0
0 0.325694 0 0.0180556 0
0 0.648611 0 0.0222222 0
0 0.161111 0 0.0194444 0
0 0.813194 0 0.0180556 0
0 0.325694 0 0.0180556 0
0 0.648611 0 0.0222222 0
0 0.161111 0 0.0194444 0
0 0.813194 0 0.0180556 0
0 0.325694 0 0.0180556 0
0 0.648611 0 0.0222222 0
0 0.161111 0 0.0194444 0
0 0.813194 0 0.0180556 0
0 0.325694 0 0.0180556 0
0 0.648611 0 0.0222222 0
0 0.161111 0 0.0194444 0
0 0.813194 0 0.0180556 0
0 0.325694 0 0.0180556 0
0 0.648611 0 0.0222222 0
0 0.161111 0 0.0194444 0
0 0.813194 0 0.0180556 0
0 0.325694 0 0.0180556 0
0 0.648611 0 0.0222222 0
0 0.161111 0 0.0194444 0
0 0.813194 0 0.0180556 0
0 0.325694 0 0.0180556 0
0 0.648611 0 0.0222222 0
0 0.161111 0 0.0194444 0
0 0.813194 0 0.0180556 0
0 0.325694 0 0.0180556 0
0 0.648611 0 0.0222222 0
0 0.161111 0 0.0194444 0
0 0.813194 0 0.0180556 0
0 0.325694 0 0.0180556 0
0 0.648611 0 0.0222222 0
0 0.161111 0 0.0194444 0
0 0.813194 0 0.0180556 0
0 0.325694 0 0.0180556 0
0 0.648611 0 0.0222222 0
