0 0.446528 1 0.0208333 0
0 0.449306 1 0.0180556 0
0 0.450694 1 0.0180556 0
0 0.450694 1 0.0180556 0
0 0.451389 1 0.0194444 0
0 0.451389 1 0.0194444 0
0 0.452778 1 0.0194444 0
0 0.452778 1 0.0194444 0
0 0.454167 1 0.0194444 0
0 0.455556 1 0.0194444 0
0 0.456944 1 0.0194444 0
0 0.45625 1 0.0180556 0
0 0.458333 1 0.0194444 0
0 0.458333 1 0.0194444 0
0 0.459722 1 0.0194444 0
0 0.461111 1 0.0194444 0
0 0.461806 1 0.0180556 0
0 0.463194 1 0.0180556 0
0 0.464583 1 0.0180556 0
0 0.464583 1 0.0180556 0
0 0.465278 1 0.0194444 0
0 0.466667 1 0.0194444 0
0 0.468056 1 0.0194444 0
0 0.469444 1 0.0166667 0
0 0.470139 1 0.0180556 0
0 0.470833 1 0.0194444 0
0 0.470833 1 0.0194444 0
0 0.472917 1 0.0180556 0
0 0.472917 1 0.0180556 0
0 0.474306 1 0.0180556 0
0 0.475 1 0.0166667 0
0 0.475694 1 0.0180556 0
0 0.476389 1 0.0194444 0
0 0.477083 1 0.0180556 0
0 0.477778 1 0.0194444 0
0 0.478472 1 0.0180556 0
0 0.478472 1 0.0180556 0
0 0.478472 1 0.0180556 0
0 0.478472 1 0.0180556 0
0 0.479861 1 0.0180556 0
0 0.479167 1 0.0166667 0
0 0.479861 1 0.0180556 0
0 0.48125 1 0.0180556 0
0 0.483333 1 0.0194444 0
0 0.482639 1 0.0180556 0
0 0.481944 1 0.0166667 0
0 0.482639 1 0.0152778 0
0 0.483333 1 0.0166667 0
0 0.484028 1 0.0180556 0
0 0.484722 1 0.0194444 0
0 0.484722 1 0.0166667 0
0 0.486111 1 0.0194444 0
0 0.485417 1 0.0180556 0
0 0.485417 1 0.0180556 0
0 0.465278 0 0.00555556 0
0 0.485417 1 0.0152778 0
0 0.486111 1 0.0166667 0
0 0.485417 1 0.0152778 0
0 0.486806 1 0.0152778 0
0 0.46875 0 0.00416667 0
0 0.503472 0.5 0.0430556 1
0 0.502778 0.5 0.0444444 1
0 0.502083 0.5 0.0430556 1
0 0.504861 0.5 0.0513889 1
0 0.477778 0 0.00555556 0
0 0.504861 0.5 0.0513889 1
0 0.504861 0.5 0.0513889 1
0 0.504861 0.5 0.0513889 1
0 0.504167 0.5 0.05 1
0 0.485417 0 0.00416667 0
0 0.504167 0.5 0.05 1
0 0.485417 0 0.00416667 0
0 0.504167 0.5 0.05 1
0 0.504167 0.5 0.05 1
0 0.504167 0.5 0.05 1
0 0.504167 0.5 0.05 1
0 0.504167 0.5 0.05 1
0 0.504167 0.5 0.05 1
0 0.504861 0.5 0.0513889 1
0 0.503472 0.5 0.0513889 1
0 0.504861 0.5 0.0513889 1
0 0.502083 0.5 0.0458333 1
0 0.502083 0.5 0.0430556 1
0 0.502778 0.5 0.0444444 1
0 0.502778 0.5 0.0444444 1
0 0.501389 0.5 0.0444444 1
0 0.500694 0 0.00972222 0
0 0.506944 1 0.0333333 0
0 0.508333 1 0.0333333 0
0 0.509028 1 0.0347222 0
0 0.509028 1 0.0347222 0
0 0.516667 1 0.0222222 0
0 0.51875 1 0.0236111 0
0 0.51875 1 0.0236111 0
0 0.517361 1 0.0263889 0
0 0.520833 1 0.0222222 0
0 0.523611 1 0.0222222 0
0 0.525 1 0.0194444 0
0 0.525 1 0.0222222 0
0 0.379861 0 0.0125 0
0 0.527778 1 0.0222222 0
0 0.529167 1 0.0222222 0
0 0.529167 1 0.025 0
0 0.530556 1 0.025 0
0 0.53125 1 0.0263889 0
0 0.532639 1 0.0263889 0
0 0.532639 1 0.0263889 0
0 0.533333 1 0.0277778 0
0 0.534722 1 0.0277778 0
0 0.535417 1 0.0291667 0
0 0.535417 1 0.0291667 0
0 0.5375 1 0.0305556 0
0 0.538194 1 0.0291667 0
0 0.539583 1 0.0319444 0
0 0.540278 1 0.0305556 0
0 0.541667 1 0.0305556 0
0 0.541667 1 0.0305556 0
0 0.543056 1 0.0305556 0
0 0.544444 1 0.0305556 0
0 0.545833 1 0.0305556 0
0 0.545833 1 0.0305556 0
0 0.547222 1 0.0305556 0
0 0.548611 1 0.0305556 0
0 0.548611 1 0.0305556 0
0 0.548611 1 0.0305556 0
0 0.549306 1 0.0319444 0
0 0.548611 1 0.0305556 0
0 0.548611 1 0.0305556 0
0 0.548611 1 0.0333333 0
0 0.547917 1 0.0319444 0
0 0.546528 1 0.0319444 0
0 0.546528 1 0.0319444 0
0 0.545833 1 0.0305556 0
0 0.544444 1 0.0305556 0
0 0.544444 1 0.0305556 0
0 0.543056 1 0.0305556 0
0 0.542361 1 0.0291667 0
0 0.542361 1 0.0291667 0
0 0.541667 1 0.0277778 0
0 0.541667 1 0.025 0
0 0.540278 1 0.0222222 0
0 0.540278 1 0.0222222 0
0 0.538889 1 0.0222222 0
0 0.5375 1 0.0222222 0
0 0.538194 1 0.0208333 0
0 0.5375 1 0.0222222 0
0 0.536806 1 0.0208333 0
0 0.5375 1 0.0194444 0
0 0.5375 1 0.0194444 0
0 0.5375 1 0.0194444 0
0 0.5375 1 0.0194444 0
0 0.5375 1 0.0194444 0
0 0.5375 1 0.0194444 0
0 0.5375 1 0.0194444 0
0 0.5375 1 0.0194444 0
0 0.5375 1 0.0194444 0
0 0.5375 1 0.0194444 0
0 0.5375 1 0.0194444 0
0 0.5375 1 0.0194444 0
0 0.5375 1 0.0194444 0
0 0.5375 1 0.0194444 0
0 0.5375 1 0.0194444 0
0 0.5375 1 0.0194444 0
0 0.5375 1 0.0194444 0
0 0.5375 1 0.0194444 0
0 0.5375 1 0.0194444 0
0 0.5375 1 0.0194444 0
0 0.5375 1 0.0194444 0
0 0.5375 1 0.0194444 0
0 0.5375 1 0.0194444 0
0 0.5375 1 0.0194444 0
0 0.5375 1 0.0194444 0
0 0.5375 1 0.0194444 0
0 0.5375 1 0.0194444 0
0 0.5375 1 0.0194444 0
0 0.5375 1 0.0194444 0
0 0.5375 1 0.0194444 0
0 0.5375 1 0.0194444 0
0 0.5375 1 0.0194444 0
0 0.5375 1 0.0194444 0
0 0.5375 1 0.0194444 0
0 0.5375 1 0.0194444 0
0 0.5375 1 0.0194444 0
0 0.5375 1 0.0194444 0
0 0.5375 1 0.0194444 0
0 0.5375 1 0.0194444 0
0 0.5375 1 0.0194444 0
0 0.5375 1 0.0194444 0
0 0.5375 1 0.0194444 0
0 0.5375 1 0.0194444 0
0 0.5375 1 0.0194444 0
0 0.5375 1 0.0194444 0
0 0.5375 1 0.0194444 0
0 0.5375 1 0.0194444 0
0 0.5375 1 0.0194444 0
0 0.5375 1 0.0194444 0
0 0.5375 1 0.0194444 0
0 0.5375 1 0.0194444 0
0 0.5375 1 0.0194444 0
0 0.5375 1 0.0194444 0
0 0.5375 1 0.0194444 0
0 0.536806 1 0.0180556 0
0 0.536806 1 0.0180556 0
0 0.536806 1 0.0180556 0
0 0.536806 1 0.0180556 0
0 0.536806 1 0.0180556 0
0 0.536806 1 0.0180556 0
0 0.536806 1 0.0180556 0
0 0.536806 1 0.0180556 0
0 0.536806 1 0.0180556 0
0 0.536806 1 0.0180556 0
0 0.536806 1 0.0180556 0
0 0.536806 1 0.0180556 0
0 0.536806 1 0.0180556 0
0 0.536806 1 0.0180556 0
0 0.536806 1 0.0180556 0
0 0.536806 1 0.0180556 0
0 0.536806 1 0.0180556 0
0 0.536806 1 0.0180556 0
0 0.536806 1 0.0180556 0
0 0.536806 1 0.0180556 0
0 0.536806 1 0.0180556 0
0 0.536806 1 0.0180556 0
0 0.536806 1 0.0180556 0
0 0.536806 1 0.0180556 0
0 0.536806 1 0.0180556 0
0 0.536806 1 0.0180556 0
0 0.536806 1 0.0180556 0
0 0.536806 1 0.0180556 0
0 0.536806 1 0.0180556 0
0 0.536806 1 0.0180556 0
0 0.536806 1 0.0180556 0
0 0.536806 1 0.0180556 0
0 0.536806 1 0.0180556 0
0 0.536806 1 0.0180556 0
0 0.536806 1 0.0180556 0
0 0.536806 1 0.0180556 0
0 0.536806 1 0.0180556 0
0 0.536806 1 0.0180556 0
0 0.536806 1 0.0180556 0
0 0.536806 1 0.0180556 0
0 0.536806 1 0.0180556 0
0 0.536806 1 0.0180556 0
0 0.536806 1 0.0180556 0
0 0.536806 1 0.0180556 0
0 0.536806 1 0.0180556 0
0 0.536806 1 0.0180556 0
0 0.536806 1 0.0180556 0
0 0.536806 1 0.0180556 0
0 0.536806 1 0.0180556 0
0 0.536806 1 0.0180556 0
0 0.536806 1 0.0180556 0
0 0.536806 1 0.0180556 0
0 0.536806 1 0.0180556 0
0 0.536806 1 0.0180556 0
0 0.536806 1 0.0180556 0
0 0.536806 1 0.0180556 0
0 0.536806 1 0.0180556 0
0 0.536806 1 0.0180556 0
0 0.536806 1 0.0180556 0
0 0.536806 1 0.0180556 0
0 0.536806 1 0.0180556 0
0 0.536806 1 0.0180556 0
0 0.536806 1 0.0180556 0
0 0.536806 1 0.0180556 0
0 0.536806 1 0.0180556 0
0 0.536806 1 0.0180556 0
0 0.536806 1 0.0180556 0
0 0.536806 1 0.0180556 0
0 0.536806 1 0.0180556 0
0 0.536806 1 0.0180556 0
0 0.536806 1 0.0180556 0
0 0.536806 1 0.0180556 0
0 0.536806 1 0.0180556 0
0 0.536806 1 0.0180556 0
0 0.536806 1 0.0180556 0
0 0.536806 1 0.0180556 0
0 0.536806 1 0.0180556 0
0 0.536806 1 0.0180556 0
0 0.536806 1 0.0180556 0
0 0.536806 1 0.0180556 0
0 0.536806 1 0.0180556 0
0 0.536806 1 0.0180556 0
0 0.536806 1 0.0180556 0
0 0.536806 1 0.0180556 0
0 0.536806 1 0.0180556 0
0 0.536806 1 0.0180556 0
0 0.536806 1 0.0180556 0
0 0.536806 1 0.0180556 0
0 0.536806 1 0.0180556 0
0 0.536806 1 0.0180556 0
0 0.536806 1 0.0180556 0
0 0.536806 1 0.0180556 0
0 0.536806 1 0.0180556 0
0 0.536806 1 0.0180556 0
0 0.536806 1 0.0180556 0
0 0.536806 1 0.0180556 0
0 0.536806 1 0.0180556 0
0 0.536806 1 0.0180556 0
0 0.536806 1 0.0180556 0
0 0.536806 1 0.0180556 0
0 0.536806 1 0.0180556 0
0 0.536806 1 0.0180556 0
0 0.536806 1 0.0180556 0
0 0.536806 1 0.0180556 0
0 0.536806 1 0.0180556 0
0 0.536806 1 0.0180556 0
0 0.536806 1 0.0180556 0
0 0.536806 1 0.0180556 0
0 0.536806 1 0.0180556 0
0 0.536806 1 0.0180556 0
0 0.536806 1 0.0180556 0
0 0.536806 1 0.0180556 0
0 0.536806 1 0.0180556 0
0 0.536806 1 0.0180556 0
0 0.536806 1 0.0180556 0
0 0.536806 1 0.0180556 0
0 0.536806 1 0.0180556 0
0 0.536806 1 0.0180556 0
0 0.536806 1 0.0180556 0
0 0.536806 1 0.0180556 0
0 0.536806 1 0.0180556 0
0 0.536806 1 0.0180556 0
0 0.536806 1 0.0180556 0
0 0.536806 1 0.0180556 0
0 0.5375 1 0.0194444 0
0 0.5375 1 0.0194444 0
0 0.5375 1 0.0194444 0
0 0.5375 1 0.0194444 0
0 0.5375 1 0.0194444 0
0 0.5375 1 0.0194444 0
0 0.5375 1 0.0194444 0
0 0.5375 1 0.0194444 0
0 0.5375 1 0.0194444 0
0 0.5375 1 0.0194444 0
0 0.5375 1 0.0194444 0
0 0.5375 1 0.0194444 0
0 0.5375 1 0.0194444 0
0 0.5375 1 0.0194444 0
0 0.5375 1 0.0194444 0
0 0.5375 1 0.0194444 0
0 0.5375 1 0.0194444 0
0 0.5375 1 0.0194444 0
0 0.5375 1 0.0194444 0
0 0.5375 1 0.0194444 0
0 0.5375 1 0.0194444 0
0 0.5375 1 0.0194444 0
0 0.5375 1 0.0194444 0
0 0.5375 1 0.0194444 0
0 0.5375 1 0.0194444 0
0 0.5375 1 0.0194444 0
0 0.5375 1 0.0194444 0
0 0.5375 1 0.0194444 0
0 0.5375 1 0.0194444 0
0 0.5375 1 0.0194444 0
0 0.5375 1 0.0194444 0
0 0.5375 1 0.0194444 0
0 0.5375 1 0.0194444 0
0 0.5375 1 0.0194444 0
0 0.5375 1 0.0194444 0
0 0.5375 1 0.0194444 0
0 0.5375 1 0.0194444 0
0 0.5375 1 0.0194444 0
0 0.5375 1 0.0194444 0
0 0.5375 1 0.0194444 0
0 0.5375 1 0.0194444 0
0 0.5375 1 0.0194444 0
0 0.5375 1 0.0194444 0
0 0.5375 1 0.0194444 0
0 0.5375 1 0.0194444 0
0 0.5375 1 0.0194444 0
0 0.5375 1 0.0194444 0
0 0.5375 1 0.0194444 0
0 0.5375 1 0.0194444 0
0 0.5375 1 0.0194444 0
0 0.5375 1 0.0194444 0
0 0.5375 1 0.0194444 0
0 0.5375 1 0.0194444 0
0 0.5375 1 0.0194444 0
0 0.5375 1 0.0194444 0
0 0.5375 1 0.0194444 0
0 0.5375 1 0.0194444 0
0 0.5375 1 0.0194444 0
0 0.5375 1 0.0194444 0
0 0.5375 1 0.0194444 0
0 0.5375 1 0.0194444 0
0 0.536806 1 0.0180556 0
0 0.5375 1 0.0194444 0
0 0.536806 1 0.0180556 0
0 0.536806 1 0.0180556 0
0 0.536806 1 0.0180556 0
0 0.536806 1 0.0180556 0
0 0.536806 1 0.0180556 0
0 0.536806 1 0.0180556 0
0 0.536806 1 0.0180556 0
0 0.536806 1 0.0180556 0
0 0.536806 1 0.0180556 0
0 0.536806 1 0.0180556 0
0 0.536806 1 0.0180556 0
0 0.536806 1 0.0180556 0
0 0.536806 1 0.0180556 0
0 0.536806 1 0.0180556 0
0 0.536806 1 0.0180556 0
0 0.536806 1 0.0180556 0
0 0.536806 1 0.0180556 0
0 0.536806 1 0.0180556 0
0 0.536806 1 0.0180556 0
0 0.536806 1 0.0180556 0
0 0.536806 1 0.0180556 0
0 0.536806 1 0.0180556 0
0 0.536806 1 0.0180556 0
0 0.536806 1 0.0180556 0
0 0.536806 1 0.0180556 0
0 0.469444 0 0.0222222 0
0 0.469444 0 0.0222222 0
0 0.46875 0 0.0208333 0
0 0.466667 0 0.0222222 0
0 0.465278 0 0.0222222 0
0 0.463194 0 0.0208333 0
0 0.463194 0 0.0208333 0
0 0.459722 0 0.0222222 0
0 0.458333 0 0.0222222 0
0 0.455556 0 0.0222222 0
0 0.453472 0 0.0236111 0
0 0.452778 0 0.0222222 0
0 0.452778 0 0.0222222 0
0 0.452778 0 0.0222222 0
0 0.452778 0 0.0222222 0
0 0.45 0 0.0194444 0
0 0.45 0 0.0194444 0
0 0.447917 0 0.0208333 0
0 0.445833 0 0.0222222 0
0 0.445139 0 0.0208333 0
0 0.443056 0 0.0222222 0
0 0.441667 0 0.0222222 0
0 0.440278 0 0.0222222 0
0 0.439583 0 0.0208333 0
0 0.439583 0 0.0208333 0
0 0.439583 0 0.0208333 0
0 0.438194 0 0.0208333 0
0 0.438194 0 0.0208333 0
0 0.436111 0 0.0222222 0
0 0.434722 0 0.0222222 0
0 0.434028 0 0.0208333 0
0 0.433333 0 0.0222222 0
0 0.454861 0 0.0319444 0
0 0.432639 0 0.0208333 0
0 0.431944 0 0.0194444 0
0 0.431944 0 0.0194444 0
0 0.431944 0 0.0194444 0
0 0.431944 0 0.0194444 0
0 0.431944 0 0.0194444 0
0 0.430556 0 0.0222222 0
0 0.429861 0 0.0236111 0
0 0.429167 0 0.0222222 0
0 0.427778 0 0.0222222 0
0 0.427083 0 0.0208333 0
0 0.425694 0 0.0208333 0
0 0.423611 0 0.0222222 0
0 0.422222 0 0.0222222 0
0 0.422222 0 0.0222222 0
0 0.422222 0 0.0222222 0
0 0.420833 0 0.0222222 0
0 0.420139 0 0.0208333 0
0 0.418056 0 0.0222222 0
0 0.415278 0 0.0222222 0
0 0.415278 0 0.0222222 0
0 0.413889 0 0.0222222 0
0 0.413194 0 0.0208333 0
0 0.4125 0 0.0222222 0
0 0.413889 0 0.0222222 0
0 0.413889 0 0.0222222 0
0 0.413889 0 0.0222222 0
0 0.414583 0 0.0208333 0
0 0.414583 0 0.0208333 0
0 0.414583 0 0.0208333 0
0 0.414583 0 0.0208333 0
0 0.414583 0 0.0208333 0
0 0.414583 0 0.0208333 0
0 0.414583 0 0.0208333 0
0 0.414583 0 0.0208333 0
0 0.414583 0 0.0208333 0
0 0.414583 0 0.0208333 0
0 0.414583 0 0.0208333 0
0 0.414583 0 0.0208333 0
0 0.414583 0 0.0208333 0
0 0.414583 0 0.0208333 0
0 0.414583 0 0.0208333 0
0 0.414583 0 0.0208333 0
0 0.414583 0 0.0208333 0
0 0.414583 0 0.0208333 0
0 0.414583 0 0.0208333 0
0 0.414583 0 0.0208333 0
0 0.414583 0 0.0208333 0
0 0.414583 0 0.0208333 0
0 0.414583 0 0.0208333 0
0 0.414583 0 0.0208333 0
0 0.414583 0 0.0208333 0
0 0.414583 0 0.0208333 0
0 0.414583 0 0.0208333 0
0 0.414583 0 0.0208333 0
0 0.414583 0 0.0208333 0
0 0.414583 0 0.0208333 0
0 0.414583 0 0.0208333 0
0 0.414583 0 0.0208333 0
0 0.414583 0 0.0208333 0
0 0.414583 0 0.0208333 0
0 0.414583 0 0.0208333 0
0 0.414583 0 0.0208333 0
0 0.414583 0 0.0208333 0
0 0.414583 0 0.0208333 0
0 0.414583 0 0.0208333 0
0 0.414583 0 0.0208333 0
0 0.414583 0 0.0208333 0
0 0.414583 0 0.0208333 0
0 0.414583 0 0.0208333 0
0 0.414583 0 0.0208333 0
0 0.414583 0 0.0208333 0
0 0.414583 0 0.0208333 0
0 0.414583 0 0.0208333 0
0 0.414583 0 0.0208333 0
0 0.414583 0 0.0208333 0
0 0.414583 0 0.0208333 0
0 0.414583 0 0.0208333 0
0 0.414583 0 0.0208333 0
0 0.414583 0 0.0208333 0
0 0.414583 0 0.0208333 0
0 0.414583 0 0.0208333 0
0 0.414583 0 0.0208333 0
0 0.414583 0 0.0208333 0
0 0.414583 0 0.0208333 0
0 0.414583 0 0.0208333 0
0 0.414583 0 0.0208333 0
0 0.414583 0 0.0208333 0
0 0.414583 0 0.0208333 0
0 0.414583 0 0.0208333 0
0 0.414583 0 0.0208333 0
0 0.414583 0 0.0208333 0
0 0.414583 0 0.0208333 0
0 0.414583 0 0.0208333 0
0 0.414583 0 0.0208333 0
0 0.414583 0 0.0208333 0
0 0.414583 0 0.0208333 0
0 0.414583 0 0.0208333 0
0 0.414583 0 0.0208333 0
0 0.414583 0 0.0208333 0
0 0.414583 0 0.0208333 0
0 0.414583 0 0.0208333 0
0 0.414583 0 0.0208333 0
0 0.414583 0 0.0208333 0
0 0.414583 0 0.0208333 0
0 0.414583 0 0.0208333 0
0 0.414583 0 0.0208333 0
0 0.414583 0 0.0208333 0
0 0.414583 0 0.0208333 0
0 0.414583 0 0.0208333 0
0 0.414583 0 0.0208333 0
0 0.414583 0 0.0208333 0
0 0.414583 0 0.0208333 0
0 0.414583 0 0.0208333 0
0 0.414583 0 0.0208333 0
0 0.414583 0 0.0208333 0
0 0.414583 0 0.0208333 0
0 0.414583 0 0.0208333 0
0 0.414583 0 0.0208333 0
0 0.414583 0 0.0208333 0
0 0.414583 0 0.0208333 0
0 0.414583 0 0.0208333 0
0 0.414583 0 0.0208333 0
0 0.414583 0 0.0208333 0
0 0.414583 0 0.0208333 0
0 0.414583 0 0.0208333 0
0 0.414583 0 0.0208333 0
0 0.414583 0 0.0208333 0
0 0.414583 0 0.0208333 0
0 0.414583 0 0.0208333 0
0 0.414583 0 0.0208333 0
0 0.414583 0 0.0208333 0
0 0.414583 0 0.0208333 0
0 0.414583 0 0.0208333 0
0 0.414583 0 0.0208333 0
0 0.414583 0 0.0208333 0
0 0.414583 0 0.0208333 0
0 0.414583 0 0.0208333 0
0 0.414583 0 0.0208333 0
0 0.414583 0 0.0208333 0
0 0.414583 0 0.0208333 0
0 0.414583 0 0.0208333 0
0 0.414583 0 0.0208333 0
0 0.414583 0 0.0208333 0
0 0.414583 0 0.0208333 0
0 0.414583 0 0.0208333 0
0 0.414583 0 0.0208333 0
0 0.414583 0 0.0208333 0
0 0.414583 0 0.0208333 0
0 0.414583 0 0.0208333 0
0 0.414583 0 0.0208333 0
0 0.414583 0 0.0208333 0
0 0.414583 0 0.0208333 0
0 0.414583 0 0.0208333 0
0 0.414583 0 0.0208333 0
0 0.414583 0 0.0208333 0
0 0.414583 0 0.0208333 0
0 0.414583 0 0.0208333 0
0 0.414583 0 0.0208333 0
0 0.414583 0 0.0208333 0
0 0.414583 0 0.0208333 0
0 0.414583 0 0.0208333 0
0 0.414583 0 0.0208333 0
0 0.414583 0 0.0208333 0
0 0.414583 0 0.0208333 0
0 0.414583 0 0.0208333 0
0 0.414583 0 0.0208333 0
0 0.414583 0 0.0208333 0
0 0.414583 0 0.0208333 0
0 0.414583 0 0.0208333 0
0 0.414583 0 0.0208333 0
0 0.414583 0 0.0208333 0
0 0.414583 0 0.0208333 0
0 0.414583 0 0.0208333 0
0 0.414583 0 0.0208333 0
0 0.414583 0 0.0208333 0
0 0.414583 0 0.0208333 0
0 0.414583 0 0.0208333 0
0 0.414583 0 0.0208333 0
0 0.414583 0 0.0208333 0
0 0.414583 0 0.0208333 0
0 0.414583 0 0.0208333 0
0 0.414583 0 0.0208333 0
0 0.414583 0 0.0208333 0
0 0.414583 0 0.0208333 0
0 0.414583 0 0.0208333 0
0 0.414583 0 0.0208333 0
0 0.414583 0 0.0208333 0
0 0.414583 0 0.0208333 0
0 0.414583 0 0.0208333 0
0 0.414583 0 0.0208333 0
0 0.414583 0 0.0208333 0
0 0.414583 0 0.0208333 0
0 0.414583 0 0.0208333 0
0 0.414583 0 0.0208333 0
0 0.414583 0 0.0208333 0
0 0.414583 0 0.0208333 0
0 0.414583 0 0.0208333 0
0 0.414583 0 0.0208333 0
0 0.414583 0 0.0208333 0
0 0.414583 0 0.0208333 0
0 0.414583 0 0.0208333 0
0 0.414583 0 0.0208333 0
0 0.414583 0 0.0208333 0
0 0.414583 0 0.0208333 0
0 0.414583 0 0.0208333 0
0 0.414583 0 0.0208333 0
0 0.414583 0 0.0208333 0
0 0.414583 0 0.0208333 0
0 0.414583 0 0.0208333 0
0 0.414583 0 0.0208333 0
0 0.414583 0 0.0208333 0
0 0.414583 0 0.0208333 0
0 0.414583 0 0.0208333 0
0 0.414583 0 0.0208333 0
0 0.414583 0 0.0208333 0
0 0.414583 0 0.0208333 0
0 0.414583 0 0.0208333 0
0 0.414583 0 0.0208333 0
0 0.414583 0 0.0208333 0
0 0.414583 0 0.0208333 0
0 0.414583 0 0.0208333 0
0 0.414583 0 0.0208333 0
0 0.414583 0 0.0208333 0
0 0.414583 0 0.0208333 0
0 0.414583 0 0.0208333 0
0 0.414583 0 0.0208333 0
0 0.414583 0 0.0208333 0
0 0.414583 0 0.0208333 0
0 0.414583 0 0.0208333 0
0 0.414583 0 0.0208333 0
0 0.414583 0 0.0208333 0
0 0.414583 0 0.0208333 0
0 0.414583 0 0.0208333 0
0 0.414583 0 0.0208333 0
0 0.414583 0 0.0208333 0
0 0.414583 0 0.0208333 0
0 0.414583 0 0.0208333 0
0 0.414583 0 0.0208333 0
0 0.414583 0 0.0208333 0
0 0.414583 0 0.0208333 0
0 0.414583 0 0.0208333 0
0 0.414583 0 0.0208333 0
0 0.414583 0 0.0208333 0
0 0.414583 0 0.0208333 0
0 0.414583 0 0.0208333 0
0 0.414583 0 0.0208333 0
0 0.414583 0 0.0208333 0
