0 0.459028 0.5 0.0208333 1
0 0.459028 0.5 0.0208333 1
0 0.459028 0.5 0.0208333 1
0 0.459028 0.5 0.0208333 1
0 0.459028 0.5 0.0208333 1
0 0.459028 0.5 0.0208333 1
0 0.459028 0.5 0.0208333 1
0 0.459028 0.5 0.0208333 1
0 0.459028 0.5 0.0208333 1
0 0.459028 0.5 0.0208333 1
0 0.459028 0.5 0.0208333 1
0 0.459028 0.5 0.0208333 1
0 0.459028 0.5 0.0208333 1
0 0.459028 0.5 0.0208333 1
0 0.459028 0.5 0.0208333 1
0 0.459028 0.5 0.0208333 1
0 0.459028 0.5 0.0208333 1
0 0.459028 0.5 0.0208333 1
0 0.459028 0.5 0.0208333 1
0 0.459028 0.5 0.0208333 1
0 0.459028 0.5 0.0208333 1
0 0.459028 0.5 0.0208333 1
0 0.459028 0.5 0.0208333 1
0 0.459028 0.5 0.0208333 1
0 0.459028 0.5 0.0208333 1
0 0.459028 0.5 0.0208333 1
0 0.459028 0.5 0.0208333 1
0 0.459028 0.5 0.0208333 1
0 0.459028 0.5 0.0208333 1
0 0.459028 0.5 0.0208333 1
0 0.459028 0.5 0.0208333 1
0 0.459028 0.5 0.0208333 1
0 0.459028 0.5 0.0208333 1
0 0.459028 0.5 0.0208333 1
0 0.459028 0.5 0.0208333 1
0 0.459028 0.5 0.0208333 1
0 0.459028 0.5 0.0208333 1
0 0.459028 0.5 0.0208333 1
0 0.459028 0.5 0.0208333 1
0 0.459028 0.5 0.0208333 1
0 0.459028 0.5 0.0208333 1
0 0.459028 0.5 0.0208333 1
0 0.459028 0.5 0.0208333 1
0 0.459028 0.5 0.0208333 1
0 0.459028 0.5 0.0208333 1
0 0.459028 0.5 0.0208333 1
0 0.459028 0.5 0.0208333 1
0 0.459028 0.5 0.0208333 1
0 0.459028 0.5 0.0208333 1
0 0.459028 0.5 0.0208333 1
0 0.459028 0.5 0.0208333 1
0 0.459028 0.5 0.0208333 1
0 0.459028 0.5 0.0208333 1
0 0.459028 0.5 0.0208333 1
0 0.459028 0.5 0.0208333 1
0 0.459028 0.5 0.0208333 1
0 0.459028 0.5 0.0208333 1
0 0.459028 0.5 0.0208333 1
0 0.459028 0.5 0.0208333 1
0 0.459028 0.5 0.0208333 1
0 0.459028 0.5 0.0208333 1
0 0.459028 0.5 0.0208333 1
0 0.459028 0.5 0.0208333 1
0 0.459028 0.5 0.0208333 1
0 0.459028 0.5 0.0208333 1
0 0.459028 0.5 0.0208333 1
0 0.459028 0.5 0.0208333 1
0 0.459028 0.5 0.0208333 1
0 0.459028 0.5 0.0208333 1
0 0.459028 0.5 0.0208333 1
0 0.459722 0.5 0.0222222 1
0 0.459028 0.5 0.0208333 1
0 0.459028 0.5 0.0208333 1
0 0.459028 0 0.0208333 0
0 0.460417 0 0.0208333 0
0 0.463194 0 0.0208333 0
0 0.465972 0 0.0208333 0
0 0.465972 0 0.0208333 0
0 0.469444 0 0.0194444 0
0 0.470139 0 0.0208333 0
0 0.478472 0 0.0208333 0
0 0.481944 0 0.0194444 0
0 0.484722 0 0.0194444 0
0 0.484722 0 0.0194444 0
0 0.488194 0 0.0208333 0
0 0.49375 0 0.0180556 0
0 0.497917 0 0.0208333 0
0 0.5 0 0.0194444 0
0 0.502083 0 0.0208333 0
0 0.50625 0 0.0208333 0
0 0.509722 0 0.0222222 0
0 0.513194 0 0.0208333 0
0 0.516667 0 0.0222222 0
0 0.519444 0 0.0194444 0
0 0.522917 0 0.0208333 0
0 0.525 0 0.0194444 0
0 0.526389 0 0.0194444 0
0 0.526389 0 0.0194444 0
0 0.529861 0 0.0208333 0
0 0.534028 0 0.0208333 0
0 0.5375 0 0.0194444 0
0 0.541667 0 0.0222222 0
0 0.545139 0 0.0208333 0
0 0.546528 0 0.0208333 0
0 0.551389 0 0.0194444 0
0 0.552083 0 0.0208333 0
0 0.555556 0 0.0194444 0
0 0.559028 0 0.0208333 0
0 0.563889 0 0.0194444 0
0 0.56875 0 0.0208333 0
0 0.571528 0 0.0208333 0
0 0.575 0 0.0194444 0
0 0.578472 0 0.0208333 0
0 0.578472 0 0.0208333 0
0 0.579167 0 0.0222222 0
0 0.58125 0 0.0208333 0
0 0.581944 0 0.0194444 0
0 0.583333 0 0.0194444 0
0 0.584028 0 0.0208333 0
0 0.5875 0 0.0194444 0
0 0.588889 0 0.0194444 0
0 0.590972 0 0.0208333 0
0 0.592361 0 0.0208333 0
0 0.594444 0 0.0194444 0
0 0.594444 0 0.0194444 0
0 0.597917 0 0.0208333 0
0 0.6 0 0.0194444 0
0 0.603472 0 0.0208333 0
0 0.605556 0 0.0194444 0
0 0.609028 0 0.0208333 0
0 0.610417 0 0.0208333 0
0 0.613889 0 0.0194444 0
0 0.616667 0 0.0194444 0
0 0.620139 0 0.0208333 0
0 0.622917 0 0.0208333 0
0 0.622917 0 0.0208333 0
0 0.626389 0 0.0194444 0
0 0.629167 0 0.0194444 0
0 0.631944 0 0.0194444 0
0 0.634722 0 0.0194444 0
0 0.636111 0 0.0194444 0
0 0.638889 0 0.0194444 0
0 0.643056 0 0.0194444 0
0 0.645833 0 0.0194444 0
0 0.648611 0 0.0194444 0
0 0.651389 0 0.0194444 0
0 0.654167 0 0.0194444 0
0 0.656944 0 0.0194444 0
0 0.658333 0 0.0194444 0
0 0.6625 0 0.0194444 0
0 0.665972 0 0.0208333 0
0 0.670833 0 0.0194444 0
0 0.670833 0 0.0194444 0
0 0.673611 0 0.0194444 0
0 0.679167 0 0.0194444 0
0 0.683333 0 0.0194444 0
0 0.565972 0 0.0458333 0
0 0.684722 0 0.0194444 0
0 0.6875 0 0.0194444 0
0 0.691667 0 0.0194444 0
0 0.695833 0 0.0194444 0
0 0.700694 0 0.0180556 0
0 0.704167 0 0.0194444 0
0 0.706944 0 0.0194444 0
0 0.706944 0 0.0194444 0
0 0.710417 0 0.0208333 0
0 0.7125 0 0.0166667 0
0 0.715278 0 0.0194444 0
0 0.71875 0 0.0180556 0
0 0.720833 0 0.0194444 0
0 0.724306 0 0.0180556 0
0 0.727083 0 0.0180556 0
0 0.73125 0 0.0180556 0
0 0.733333 0 0.0194444 0
0 0.734722 0 0.0194444 0
0 0.7375 0 0.0194444 0
0 0.741667 0 0.0166667 0
0 0.74375 0 0.0180556 0
0 0.74375 0 0.0180556 0
0 0.747222 0 0.0194444 0
0 0.750694 0 0.0180556 0
0 0.752778 0 0.0194444 0
0 0.75625 0 0.0180556 0
0 0.757639 0 0.0180556 0
0 0.760417 0 0.0180556 0
0 0.7625 0 0.0166667 0
0 0.764583 0 0.0180556 0
0 0.766667 0 0.0194444 0
0 0.767361 0 0.0180556 0
0 0.76875 0 0.0180556 0
0 0.770139 0 0.0180556 0
0 0.772222 0 0.0194444 0
0 0.774306 0 0.0180556 0
0 0.775694 0 0.0180556 0
0 0.778472 0 0.0180556 0
0 0.780556 0 0.0194444 0
0 0.781944 0 0.0166667 0
0 0.784722 0 0.0166667 0
0 0.784028 0 0.0180556 0
0 0.786111 0 0.0166667 0
0 0.7875 0 0.0166667 0
0 0.788889 0 0.0194444 0
0 0.792361 0 0.0180556 0
0 0.794444 0 0.0194444 0
0 0.797917 0 0.0180556 0
0 0.797917 0 0.0180556 0
0 0.8 0 0.0166667 0
0 0.800694 0 0.0180556 0
0 0.802083 0 0.0180556 0
0 0.804861 0 0.0180556 0
0 0.80625 0 0.0180556 0
0 0.809028 0 0.0180556 0
0 0.811111 0 0.0166667 0
0 0.813194 0 0.0180556 0
0 0.814583 0 0.0180556 0
0 0.815972 0 0.0180556 0
0 0.817361 0 0.0180556 0
0 0.819444 0 0.0194444 0
0 0.821528 0 0.0180556 0
0 0.821528 0 0.0180556 0
0 0.823611 0 0.0166667 0
0 0.825 0 0.0166667 0
0 0.826389 0 0.0166667 0
0 0.828472 0 0.0180556 0
0 0.830556 0 0.0166667 0
0 0.831944 0 0.0166667 0
0 0.834028 0 0.0180556 0
0 0.836111 0 0.0166667 0
0 0.838194 0 0.0152778 0
0 0.840278 0 0.0166667 0
0 0.841667 0 0.0166667 0
0 0.843056 0 0.0166667 0
0 0.842361 0 0.0180556 0
0 0.842361 0 0.0180556 0
0 0.844444 0 0.0166667 0
0 0.846528 0 0.0180556 0
0 0.847917 0 0.0152778 0
0 0.849306 0 0.0180556 0
0 0.850694 0 0.0180556 0
0 0.851389 0 0.0166667 0
0 0.852778 0 0.0166667 0
0 0.854167 0 0.0166667 0
0 0.854167 0 0.0166667 0
0 0.854861 0 0.0180556 0
0 0.854861 0 0.0180556 0
0 0.856944 0 0.0166667 0
0 0.858333 0 0.0166667 0
0 0.859722 0 0.0166667 0
0 0.861111 0 0.0166667 0
0 0.861111 0 0.0166667 0
0 0.8625 0 0.0166667 0
0 0.863194 0 0.0152778 0
0 0.863194 0 0.0152778 0
0 0.863889 0 0.0166667 0
0 0.865278 0 0.0166667 0
0 0.865972 0 0.0180556 0
0 0.866667 0 0.0166667 0
0 0.866667 0 0.0166667 0
0 0.868056 0 0.0166667 0
0 0.868056 0 0.0166667 0
0 0.86875 0 0.0152778 0
0 0.86875 0 0.0152778 0
0 0.86875 0 0.0152778 0
0 0.86875 0 0.0180556 0
0 0.869444 0 0.0166667 0
0 0.869444 0 0.0166667 0
0 0.869444 0 0.0166667 0
0 0.869444 0 0.0166667 0
0 0.869444 0 0.0166667 0
0 0.870139 0 0.0180556 0
0 0.870833 0 0.0166667 0
0 0.870833 0 0.0166667 0
0 0.871528 0 0.0152778 0
0 0.872222 0 0.0138889 0
0 0.871528 0 0.0152778 0
0 0.872917 0 0.0152778 0
0 0.872917 0 0.0152778 0
0 0.872222 0 0.0166667 0
0 0.872917 0 0.0152778 0
0 0.874306 0 0.0152778 0
0 0.873611 0 0.0166667 0
0 0.873611 0 0.0166667 0
0 0.873611 0 0.0138889 0
0 0.874306 0 0.0152778 0
0 0.873611 0 0.0166667 0
0 0.873611 0 0.0166667 0
0 0.873611 0 0.0166667 0
0 0.873611 0 0.0166667 0
0 0.873611 0 0.0166667 0
0 0.874306 0 0.0152778 0
0 0.874306 0 0.0152778 0
0 0.874306 0 0.0152778 0
0 0.874306 0 0.0152778 0
0 0.873611 0 0.0166667 0
0 0.874306 0 0.0152778 0
0 0.874306 0 0.0152778 0
0 0.874306 0 0.0152778 0
0 0.874306 0 0.0152778 0
0 0.875 0 0.0138889 0
0 0.874306 0 0.0152778 0
0 0.875 0 0.0138889 0
0 0.874306 0 0.0152778 0
0 0.874306 0 0.0152778 0
0 0.874306 0 0.0152778 0
0 0.875 0 0.0166667 0
0 0.875 0 0.0138889 0
0 0.875 0 0.0138889 0
0 0.875 0 0.0138889 0
0 0.874306 0 0.0152778 0
0 0.874306 0 0.0152778 0
0 0.875 0 0.0138889 0
0 0.874306 0 0.0152778 0
0 0.874306 0 0.0152778 0
0 0.874306 0 0.0152778 0
0 0.875 0 0.0138889 0
0 0.872917 0 0.0152778 0
0 0.872917 0 0.0152778 0
0 0.872917 0 0.0152778 0
0 0.872917 0 0.0152778 0
0 0.873611 0 0.0138889 0
0 0.872917 0 0.0152778 0
0 0.871528 0 0.0152778 0
0 0.871528 0 0.0152778 0
0 0.872222 0 0.0138889 0
0 0.872222 0 0.0138889 0
0 0.871528 0 0.0152778 0
0 0.871528 0 0.0152778 0
0 0.870139 0 0.0152778 0
0 0.870833 0 0.0138889 0
0 0.869444 0 0.0166667 0
0 0.870139 0 0.0152778 0
0 0.86875 0 0.0152778 0
0 0.869444 0 0.0138889 0
0 0.86875 0 0.0152778 0
0 0.867361 0 0.0152778 0
0 0.867361 0 0.0152778 0
0 0.865972 0 0.0152778 0
0 0.865972 0 0.0152778 0
0 0.865972 0 0.0152778 0
0 0.865278 0 0.0138889 0
0 0.864583 0 0.0152778 0
0 0.864583 0 0.0152778 0
0 0.863889 0 0.0138889 0
0 0.863194 0 0.0152778 0
0 0.8625 0 0.0166667 0
0 0.8625 0 0.0138889 0
0 0.8625 0 0.0138889 0
0 0.8625 0 0.0138889 0
0 0.861806 0 0.0125 0
0 0.861806 0 0.0125 0
0 0.861111 0 0.0138889 0
0 0.860417 0 0.0152778 0
0 0.860417 0 0.0152778 0
0 0.859722 0 0.0138889 0
0 0.859028 0 0.0152778 0
0 0.859028 0 0.0152778 0
0 0.859722 0 0.0138889 0
0 0.857639 0 0.0152778 0
0 0.857639 0 0.0152778 0
0 0.856944 0 0.0138889 0
0 0.856944 0 0.0138889 0
0 0.856944 0 0.0138889 0
0 0.856944 0 0.0138889 0
0 0.85625 0 0.0152778 0
0 0.854861 0 0.0152778 0
0 0.855556 0 0.0138889 0
0 0.855556 0 0.0138889 0
0 0.854861 0 0.0125 0
0 0.854167 0 0.0138889 0
0 0.854167 0 0.0138889 0
0 0.853472 0 0.0152778 0
0 0.853472 0 0.0152778 0
0 0.852778 0 0.0138889 0
0 0.852778 0 0.0138889 0
0 0.852778 0 0.0138889 0
0 0.852083 0 0.0152778 0
0 0.852083 0 0.0152778 0
0 0.852083 0 0.0125 0
0 0.851389 0 0.0138889 0
0 0.850694 0 0.0125 0
0 0.85 0 0.0138889 0
0 0.850694 0 0.0125 0
0 0.849306 0 0.0125 0
0 0.848611 0 0.0138889 0
0 0.848611 0 0.0111111 0
0 0.847917 0 0.0125 0
0 0.847917 0 0.0125 0
0 0.847917 0 0.0125 0
0 0.847222 0 0.0138889 0
0 0.847222 0 0.0138889 0
0 0.845833 0 0.0138889 0
0 0.845139 0 0.0125 0
0 0.844444 0 0.0138889 0
0 0.84375 0 0.0125 0
0 0.84375 0 0.0125 0
0 0.843056 0 0.0138889 0
0 0.84375 0 0.0125 0
0 0.842361 0 0.0125 0
0 0.842361 0 0.0125 0
0 0.842361 0 0.0125 0
0 0.840972 0 0.0125 0
0 0.840972 0 0.0125 0
0 0.840278 0 0.0138889 0
0 0.840278 0 0.0138889 0
0 0.839583 0 0.0125 0
0 0.838194 0 0.0125 0
0 0.838194 0 0.0125 0
0 0.8375 0 0.0111111 0
0 0.836806 0 0.0125 0
0 0.836806 0 0.0125 0
0 0.836806 0 0.0125 0
0 0.836806 0 0.0125 0
0 0.836806 0 0.0125 0
0 0.835417 0 0.0125 0
0 0.834722 0 0.0111111 0
0 0.834028 0 0.0125 0
0 0.832639 0 0.0125 0
0 0.831944 0 0.0138889 0
0 0.831944 0 0.0138889 0
0 0.83125 0 0.0125 0
0 0.83125 0 0.0125 0
0 0.830556 0 0.0138889 0
0 0.83125 0 0.0125 0
0 0.829167 0 0.0111111 0
0 0.829167 0 0.0111111 0
0 0.828472 0 0.0125 0
0 0.829167 0 0.0111111 0
0 0.828472 0 0.0125 0
0 0.828472 0 0.0125 0
0 0.827778 0 0.0138889 0
0 0.827083 0 0.0125 0
0 0.827083 0 0.0125 0
0 0.826389 0 0.0111111 0
0 0.826389 0 0.0111111 0
0 0.825 0 0.0111111 0
0 0.825 0 0.0111111 0
0 0.825 0 0.0111111 0
0 0.825 0 0.0111111 0
0 0.825 0 0.0111111 0
0 0.469444 0 0.0222222 0
0 0.469444 0 0.0222222 0
0 0.469444 0 0.0222222 0
0 0.469444 0 0.0222222 0
0 0.469444 0 0.0222222 0
0 0.469444 0 0.0222222 0
0 0.469444 0 0.0222222 0
0 0.469444 0 0.0222222 0
0 0.469444 0 0.0222222 0
0 0.469444 0 0.0222222 0
0 0.469444 0 0.0222222 0
0 0.469444 0 0.0222222 0
0 0.469444 0 0.0222222 0
0 0.469444 0 0.0222222 0
0 0.469444 0 0.0222222 0
0 0.469444 0 0.0222222 0
0 0.469444 0 0.0222222 0
0 0.469444 0 0.0222222 0
0 0.469444 0 0.0222222 0
0 0.469444 0 0.0222222 0
0 0.469444 0 0.0222222 0
0 0.469444 0 0.0222222 0
0 0.469444 0 0.0222222 0
0 0.469444 0 0.0222222 0
0 0.469444 0 0.0222222 0
0 0.469444 0 0.0222222 0
0 0.469444 0 0.0222222 0
0 0.469444 0 0.0222222 0
0 0.469444 0 0.0222222 0
0 0.469444 0 0.0222222 0
0 0.469444 0 0.0222222 0
0 0.469444 0 0.0222222 0
0 0.469444 0 0.0222222 0
0 0.469444 0 0.0222222 0
0 0.469444 0 0.0222222 0
0 0.469444 0 0.0222222 0
0 0.469444 0 0.0222222 0
0 0.469444 0 0.0222222 0
0 0.469444 0 0.0222222 0
0 0.469444 0 0.0222222 0
0 0.469444 0 0.0222222 0
0 0.46875 0 0.0208333 0
0 0.46875 0 0.0208333 0
0 0.46875 0 0.0208333 0
0 0.46875 0 0.0208333 0
0 0.46875 0 0.0208333 0
0 0.46875 0 0.0208333 0
0 0.46875 0 0.0208333 0
0 0.46875 0 0.0208333 0
0 0.46875 0 0.0208333 0
0 0.46875 0 0.0208333 0
0 0.46875 0 0.0208333 0
0 0.46875 0 0.0208333 0
0 0.46875 0 0.0208333 0
0 0.46875 0 0.0208333 0
0 0.46875 0 0.0208333 0
0 0.46875 0 0.0208333 0
0 0.46875 0 0.0208333 0
0 0.46875 0 0.0208333 0
0 0.46875 0 0.0208333 0
0 0.46875 0 0.0208333 0
0 0.46875 0 0.0208333 0
0 0.46875 0 0.0208333 0
0 0.46875 0 0.0208333 0
0 0.46875 0 0.0208333 0
0 0.46875 0 0.0208333 0
0 0.46875 0 0.0208333 0
0 0.46875 0 0.0208333 0
0 0.46875 0 0.0208333 0
0 0.46875 0 0.0208333 0
0 0.46875 0 0.0208333 0
0 0.46875 0 0.0208333 0
0 0.46875 0 0.0208333 0
0 0.46875 0 0.0208333 0
0 0.46875 0 0.0208333 0
0 0.46875 0 0.0208333 0
0 0.46875 0 0.0208333 0
0 0.46875 0 0.0208333 0
0 0.46875 0 0.0208333 0
0 0.46875 0 0.0208333 0
0 0.46875 0 0.0208333 0
0 0.46875 0 0.0208333 0
0 0.46875 0 0.0208333 0
0 0.46875 0 0.0208333 0
0 0.46875 0 0.0208333 0
0 0.46875 0 0.0208333 0
0 0.46875 0 0.0208333 0
0 0.46875 0 0.0208333 0
0 0.46875 0 0.0208333 0
0 0.46875 0 0.0208333 0
0 0.46875 0 0.0208333 0
0 0.46875 0 0.0208333 0
0 0.46875 0 0.0208333 0
0 0.46875 0 0.0208333 0
0 0.46875 0 0.0208333 0
0 0.46875 0 0.0208333 0
0 0.46875 0 0.0208333 0
0 0.46875 0 0.0208333 0
0 0.46875 0 0.0208333 0
0 0.46875 0 0.0208333 0
0 0.46875 0 0.0208333 0
0 0.46875 0 0.0208333 0
0 0.46875 0 0.0208333 0
0 0.46875 0 0.0208333 0
0 0.46875 0 0.0208333 0
0 0.46875 0 0.0208333 0
0 0.46875 0 0.0208333 0
0 0.46875 0 0.0208333 0
0 0.46875 0 0.0208333 0
0 0.46875 0 0.0208333 0
0 0.46875 0 0.0208333 0
0 0.46875 0 0.0208333 0
0 0.46875 0 0.0208333 0
0 0.46875 0 0.0208333 0
0 0.46875 0 0.0208333 0
0 0.46875 0 0.0208333 0
0 0.46875 0 0.0208333 0
0 0.46875 0 0.0208333 0
0 0.46875 0 0.0208333 0
0 0.46875 0 0.0208333 0
0 0.46875 0 0.0208333 0
0 0.46875 0 0.0208333 0
0 0.46875 0 0.0208333 0
0 0.46875 0 0.0208333 0
0 0.469444 0 0.0222222 0
0 0.469444 0 0.0222222 0
0 0.469444 0 0.0222222 0
0 0.46875 0 0.0208333 0
0 0.46875 0 0.0208333 0
0 0.46875 0 0.0208333 0
0 0.469444 0 0.0222222 0
0 0.46875 0 0.0208333 0
0 0.46875 0 0.0208333 0
0 0.469444 0 0.0222222 0
0 0.469444 0 0.0222222 0
0 0.469444 0 0.0222222 0
0 0.469444 0 0.0222222 0
0 0.469444 0 0.0222222 0
0 0.469444 0 0.0222222 0
0 0.469444 0 0.0222222 0
0 0.469444 0 0.0222222 0
0 0.469444 0 0.0222222 0
0 0.469444 0 0.0222222 0
0 0.469444 0 0.0222222 0
0 0.469444 0 0.0222222 0
0 0.469444 0 0.0222222 0
0 0.469444 0 0.0222222 0
0 0.469444 0 0.0222222 0
0 0.469444 0 0.0222222 0
0 0.469444 0 0.0222222 0
0 0.469444 0 0.0222222 0
0 0.469444 0 0.0222222 0
0 0.469444 0 0.0222222 0
0 0.469444 0 0.0222222 0
0 0.469444 0 0.0222222 0
0 0.469444 0 0.0222222 0
0 0.469444 0 0.0222222 0
0 0.469444 0 0.0222222 0
0 0.469444 0 0.0222222 0
0 0.469444 0 0.0222222 0
0 0.469444 0 0.0222222 0
0 0.469444 0 0.0222222 0
0 0.469444 0 0.0222222 0
0 0.469444 0 0.0222222 0
0 0.469444 0 0.0222222 0
0 0.469444 0 0.0222222 0
0 0.469444 0 0.0222222 0
0 0.469444 0 0.0222222 0
0 0.469444 0 0.0222222 0
0 0.469444 0 0.0222222 0
0 0.469444 0 0.0222222 0
0 0.469444 0 0.0222222 0
0 0.469444 0 0.0222222 0
0 0.469444 0 0.0222222 0
0 0.469444 0 0.0222222 0
0 0.469444 0 0.0222222 0
0 0.469444 0 0.0222222 0
0 0.469444 0 0.0222222 0
0 0.469444 0 0.0222222 0
0 0.46875 0 0.0208333 0
0 0.46875 0 0.0208333 0
0 0.469444 0 0.0222222 0
0 0.469444 0 0.0222222 0
0 0.469444 0 0.0222222 0
0 0.46875 0 0.0208333 0
0 0.46875 0 0.0208333 0
0 0.46875 0 0.0208333 0
0 0.46875 0 0.0208333 0
0 0.46875 0 0.0208333 0
0 0.46875 0 0.0208333 0
0 0.46875 0 0.0208333 0
0 0.46875 0 0.0208333 0
0 0.46875 0 0.0208333 0
0 0.46875 0 0.0208333 0
0 0.46875 0 0.0208333 0
0 0.46875 0 0.0208333 0
0 0.469444 0 0.0222222 0
0 0.46875 0 0.0208333 0
0 0.46875 0 0.0208333 0
0 0.46875 0 0.0208333 0
0 0.46875 0 0.0208333 0
0 0.46875 0 0.0208333 0
0 0.46875 0 0.0208333 0
0 0.46875 0 0.0208333 0
0 0.46875 0 0.0208333 0
0 0.46875 0 0.0208333 0
0 0.46875 0 0.0208333 0
0 0.46875 0 0.0208333 0
0 0.46875 0 0.0208333 0
0 0.46875 0 0.0208333 0
0 0.46875 0 0.0208333 0
0 0.46875 0 0.0208333 0
0 0.46875 0 0.0208333 0
0 0.46875 0 0.0208333 0
0 0.469444 0 0.0222222 0
0 0.469444 0 0.0222222 0
0 0.469444 0 0.0222222 0
0 0.469444 0 0.0222222 0
0 0.469444 0 0.0222222 0
0 0.469444 0 0.0222222 0
0 0.469444 0 0.0222222 0
0 0.469444 0 0.0222222 0
0 0.469444 0 0.0222222 0
0 0.469444 0 0.0222222 0
0 0.469444 0 0.0222222 0
0 0.469444 0 0.0222222 0
0 0.469444 0 0.0222222 0
0 0.469444 0 0.0222222 0
0 0.469444 0 0.0222222 0
0 0.469444 0 0.0222222 0
0 0.469444 0 0.0222222 0
0 0.469444 0 0.0222222 0
0 0.469444 0 0.0222222 0
0 0.469444 0 0.0222222 0
0 0.469444 0 0.0222222 0
0 0.469444 0 0.0222222 0
0 0.469444 0 0.0222222 0
0 0.469444 0 0.0222222 0
0 0.469444 0 0.0222222 0
0 0.469444 0 0.0222222 0
0 0.469444 0 0.0222222 0
0 0.469444 0 0.0222222 0
0 0.469444 0 0.0222222 0
0 0.469444 0 0.0222222 0
0 0.469444 0 0.0222222 0
0 0.469444 0 0.0222222 0
0 0.469444 0 0.0222222 0
0 0.469444 0 0.0222222 0
0 0.469444 0 0.0222222 0
0 0.469444 0 0.0222222 0
0 0.469444 0 0.0222222 0
0 0.469444 0 0.0222222 0
0 0.469444 0 0.0222222 0
0 0.469444 0 0.0222222 0
0 0.469444 0 0.0222222 0
0 0.469444 0 0.0222222 0
0 0.469444 0 0.0222222 0
0 0.469444 0 0.0222222 0
0 0.469444 0 0.0222222 0
0 0.46875 0 0.0208333 0
0 0.469444 0 0.0222222 0
0 0.46875 0 0.0208333 0
0 0.46875 0 0.0208333 0
0 0.46875 0 0.0208333 0
0 0.469444 0 0.0222222 0
0 0.46875 0 0.0208333 0
0 0.46875 0 0.0208333 0
0 0.469444 0 0.0222222 0
0 0.469444 0 0.0222222 0
0 0.46875 0 0.0208333 0
0 0.469444 0 0.0222222 0
0 0.46875 0 0.0208333 0
0 0.46875 0 0.0208333 0
0 0.469444 0 0.0222222 0
0 0.469444 0 0.0222222 0
0 0.469444 0 0.0222222 0
0 0.469444 0 0.0222222 0
0 0.469444 0 0.0222222 0
0 0.469444 0 0.0222222 0
0 0.469444 0 0.0222222 0
0 0.46875 0 0.0208333 0
0 0.46875 0 0.0208333 0
0 0.46875 0 0.0208333 0
0 0.469444 0 0.0222222 0
0 0.46875 0 0.0208333 0
0 0.469444 0 0.0222222 0
0 0.469444 0 0.0222222 0
0 0.469444 0 0.0222222 0
0 0.469444 0 0.0222222 0
0 0.469444 0 0.0222222 0
0 0.469444 0 0.0222222 0
0 0.469444 0 0.0222222 0
0 0.469444 0 0.0222222 0
0 0.469444 0 0.0222222 0
0 0.469444 0 0.0222222 0
0 0.469444 0 0.0222222 0
0 0.469444 0 0.0222222 0
0 0.469444 0 0.0222222 0
0 0.469444 0 0.0222222 0
0 0.469444 0 0.0222222 0
0 0.469444 0 0.0222222 0
0 0.46875 0 0.0208333 0
0 0.469444 0 0.0222222 0
0 0.46875 0 0.0208333 0
0 0.46875 0 0.0208333 0
0 0.46875 0 0.0208333 0
0 0.469444 0 0.0222222 0
0 0.469444 0 0.0222222 0
0 0.469444 0 0.0222222 0
0 0.469444 0 0.0222222 0
0 0.469444 0 0.0222222 0
0 0.469444 0 0.0222222 0
0 0.469444 0 0.0222222 0
0 0.469444 0 0.0222222 0
0 0.469444 0 0.0222222 0
0 0.469444 0 0.0222222 0
0 0.469444 0 0.0222222 0
0 0.469444 0 0.0222222 0
0 0.469444 0 0.0222222 0
0 0.469444 0 0.0222222 0
0 0.469444 0 0.0222222 0
0 0.469444 0 0.0222222 0
0 0.469444 0 0.0222222 0
0 0.469444 0 0.0222222 0
0 0.469444 0 0.0222222 0
0 0.469444 0 0.0222222 0
0 0.469444 0 0.0222222 0
0 0.469444 0 0.0222222 0
0 0.46875 0 0.0208333 0
0 0.46875 0 0.0208333 0
0 0.469444 0 0.0222222 0
0 0.469444 0 0.0222222 0
0 0.469444 0 0.0222222 0
0 0.469444 0 0.0222222 0
0 0.469444 0 0.0222222 0
0 0.469444 0 0.0222222 0
0 0.469444 0 0.0222222 0
0 0.469444 0 0.0222222 0
0 0.469444 0 0.0222222 0
0 0.46875 0 0.0208333 0
0 0.469444 0 0.0222222 0
0 0.469444 0 0.0222222 0
0 0.469444 0 0.0222222 0
0 0.469444 0 0.0222222 0
0 0.469444 0 0.0222222 0
0 0.469444 0 0.0222222 0
0 0.469444 0 0.0222222 0
0 0.469444 0 0.0222222 0
0 0.469444 0 0.0222222 0
0 0.469444 0 0.0222222 0
0 0.469444 0 0.0222222 0
0 0.469444 0 0.0222222 0
0 0.469444 0 0.0222222 0
0 0.469444 0 0.0222222 0
0 0.469444 0 0.0222222 0
0 0.469444 0 0.0222222 0
0 0.469444 0 0.0222222 0
0 0.469444 0 0.0222222 0
