0 0.458333 0 0.0222222 0
0 0.458333 0 0.0222222 0
0 0.458333 0 0.0222222 0
0 0.458333 0 0.0222222 0
0 0.458333 0 0.0222222 0
0 0.458333 0 0.0222222 0
0 0.458333 0 0.0222222 0
0 0.458333 0 0.0222222 0
0 0.458333 0 0.0222222 0
0 0.458333 0 0.0222222 0
0 0.458333 0 0.0222222 0
0 0.458333 0 0.0222222 0
0 0.458333 0 0.0222222 0
0 0.458333 0 0.0222222 0
0 0.458333 0 0.0222222 0
0 0.458333 0 0.0222222 0
0 0.458333 0 0.0222222 0
0 0.458333 0 0.0222222 0
0 0.458333 0 0.0222222 0
0 0.458333 0 0.0222222 0
0 0.458333 0 0.0222222 0
0 0.458333 0 0.0222222 0
0 0.458333 0 0.0222222 0
0 0.458333 0 0.0222222 0
0 0.458333 0 0.0222222 0
0 0.458333 0 0.0222222 0
0 0.458333 0 0.0222222 0
0 0.458333 0 0.0222222 0
0 0.458333 0 0.0222222 0
0 0.458333 0 0.0222222 0
0 0.458333 0 0.0222222 0
0 0.458333 0 0.0222222 0
0 0.458333 0 0.0222222 0
0 0.458333 0 0.0222222 0
0 0.458333 0 0.0222222 0
0 0.458333 0 0.0222222 0
0 0.458333 0 0.0222222 0
0 0.458333 0 0.0222222 0
0 0.458333 0 0.0222222 0
0 0.458333 0 0.0222222 0
0 0.458333 0 0.0222222 0
0 0.458333 0 0.0222222 0
0 0.458333 0 0.0222222 0
0 0.458333 0 0.0222222 0
0 0.458333 0 0.0222222 0
0 0.458333 0 0.0222222 0
0 0.458333 0 0.0222222 0
0 0.458333 0 0.0222222 0
0 0.458333 0 0.0222222 0
0 0.458333 0 0.0222222 0
0 0.458333 0 0.0222222 0
0 0.458333 0 0.0222222 0
0 0.458333 0 0.0222222 0
0 0.458333 0 0.0222222 0
0 0.458333 0 0.0222222 0
0 0.458333 0 0.0222222 0
0 0.458333 0 0.0222222 0
0 0.458333 0 0.0222222 0
0 0.458333 0 0.0222222 0
0 0.458333 0 0.0222222 0
0 0.459722 0 0.0222222 0
0 0.461111 0 0.0222222 0
0 0.463194 0 0.0208333 0
0 0.465278 0.5 0.0222222 1
0 0.466667 0.5 0.0222222 1
0 0.469444 0.5 0.0194444 1
0 0.471528 0.5 0.0180556 1
0 0.472222 0.5 0.0166667 1
0 0.472917 0.5 0.0180556 1
0 0.472917 0.5 0.0180556 1
0 0.530556 0 0.0222222 0
0 0.530556 0 0.0222222 0
0 0.535417 0 0.0208333 0
0 0.54375 0 0.0208333 0
0 0.552083 0 0.0208333 0
0 0.5625 0 0.0194444 0
0 0.570833 0 0.0222222 0
0 0.580556 0 0.0222222 0
0 0.591667 0 0.0222222 0
0 0.597917 0 0.0208333 0
0 0.60625 0 0.0208333 0
0 0.618056 0 0.0222222 0
0 0.627778 0 0.0222222 0
0 0.635417 0 0.0208333 0
0 0.64375 0 0.0208333 0
0 0.654167 0 0.0222222 0
0 0.668056 0 0.0222222 0
0 0.673611 0 0.0222222 0
0 0.684722 0 0.0222222 0
0 0.695833 0 0.0222222 0
0 0.707639 0 0.0208333 0
0 0.719444 0 0.0222222 0
0 0.73125 0 0.0208333 0
0 0.744444 0 0.0222222 0
0 0.759028 0 0.0236111 0
0 0.769444 0 0.0222222 0
0 0.78125 0 0.0236111 0
0 0.794444 0 0.0222222 0
0 0.808333 0 0.0222222 0
0 0.808333 0 0.0222222 0
0 0.840278 0 0.025 0
0 0.852778 0 0.0222222 0
0 0.864583 0 0.0208333 0
0 0.877778 0 0.0222222 0
0 0.888194 0 0.0236111 0
0 0.899306 0 0.0208333 0
0 0.911806 0 0.0208333 0
0 0.925 0 0.0222222 0
0 0.9375 0 0.0222222 0
0 0.949306 0 0.0236111 0
0 0.967361 0 0.0236111 0
0 0.979861 0 0.0236111 0
0 0.990972 0 0.0180556 0
0 0.99375 0 0.00972222 0
