0 0.440278 0.5 0.0277778 1
0 0.440278 0.5 0.0277778 1
0 0.440278 0.5 0.0277778 1
0 0.440278 0.5 0.0277778 1
0 0.440278 0.5 0.0277778 1
0 0.440278 0.5 0.0277778 1
0 0.440278 0.5 0.0277778 1
0 0.440278 0.5 0.0277778 1
0 0.440278 0.5 0.0277778 1
0 0.440278 0.5 0.0277778 1
0 0.440278 0.5 0.0277778 1
0 0.440278 0.5 0.0277778 1
0 0.440278 0.5 0.0277778 1
0 0.440278 0.5 0.0277778 1
0 0.440278 0.5 0.0277778 1
0 0.440278 0.5 0.0277778 1
0 0.440278 0.5 0.0277778 1
0 0.440278 0.5 0.0277778 1
0 0.440278 0.5 0.0277778 1
0 0.440278 0.5 0.0277778 1
0 0.440278 0.5 0.0277778 1
0 0.440278 0.5 0.0277778 1
0 0.440278 0.5 0.0277778 1
0 0.440278 0.5 0.0277778 1
0 0.440278 0.5 0.0277778 1
0 0.440278 0.5 0.0277778 1
0 0.440278 0.5 0.0277778 1
0 0.440278 0.5 0.0277778 1
0 0.440278 0.5 0.0277778 1
0 0.440278 0.5 0.0277778 1
0 0.440278 0.5 0.0277778 1
0 0.440278 0.5 0.0277778 1
0 0.377083 0 0.0125 0
0 0.501389 0 0.0361111 0
0 0.440278 0.5 0.0277778 1
0 0.441667 0.5 0.0277778 1
0 0.567361 0 0.00972222 0
0 0.442361 0.5 0.0291667 1
0 0.44375 0.5 0.0263889 1
0 0.568056 0 0.0111111 0
0 0.445139 0.5 0.0263889 1
0 0.504167 0 0.0333333 0
0 0.447222 0.5 0.0277778 1
0 0.448611 0.5 0.0277778 1
0 0.448611 0.5 0.0277778 1
0 0.570833 0 0.0111111 0
0 0.451389 0.5 0.0277778 1
0 0.453472 0.5 0.0263889 1
0 0.454861 0.5 0.0263889 1
0 0.456944 0.5 0.0277778 1
0 0.459028 0.5 0.0263889 1
0 0.577083 0 0.00972222 0
0 0.461111 0.5 0.0277778 1
0 0.461806 0.5 0.0291667 1
0 0.464583 0.5 0.0291667 1
0 0.465278 0.5 0.0305556 1
0 0.468056 0 0.0305556 0
0 0.469444 0 0.0305556 0
0 0.51875 0 0.0347222 0
0 0.470833 0 0.0305556 0
0 0.472222 0 0.0333333 0
0 0.474306 0 0.0319444 0
0 0.592361 0 0.0125 0
0 0.474306 0 0.0319444 0
0 0.475694 0 0.0347222 0
0 0.475694 0 0.0347222 0
0 0.384722 0 0.0138889 0
0 0.476389 0 0.0361111 0
0 0.476389 0 0.0361111 0
0 0.476389 0 0.0361111 0
0 0.477778 0 0.0361111 0
0 0.477778 0 0.0388889 0
0 0.381944 0 0.0138889 0
0 0.6 0 0.0138889 0
0 0.477083 0 0.0375 0
0 0.601389 0 0.0138889 0
0 0.477083 0 0.0375 0
0 0.600694 0 0.0125 0
0 0.476389 0 0.0388889 0
0 0.713889 0 0.0138889 0
0 0.600694 0 0.0125 0
0 0.477083 0 0.0402778 0
0 0.602083 0 0.0125 0
0 0.475694 0 0.0402778 0
0 0.602778 0 0.0111111 0
0 0.475 0 0.0416667 0
0 0.719444 0 0.0138889 0
0 0.604167 0 0.0138889 0
0 0.474306 0 0.0402778 0
0 0.473611 0 0.0444444 0
0 0.374306 0 0.0152778 0
0 0.605556 0 0.0138889 0
0 0.472917 0 0.0458333 0
0 0.60625 0 0.0125 0
0 0.470833 0 0.0472222 0
0 0.606944 0 0.0138889 0
0 0.726389 0 0.0138889 0
0 0.470139 0 0.0486111 0
0 0.607639 0 0.0152778 0
0 0.469444 0 0.0472222 0
0 0.370139 0 0.0152778 0
0 0.46875 0 0.0486111 0
0 0.609722 0 0.0166667 0
0 0.732639 0 0.0152778 0
0 0.466667 0 0.05 0
0 0.610417 0 0.0152778 0
0 0.464583 0 0.0513889 0
0 0.611111 0 0.0138889 0
0 0.463194 0 0.0541667 0
0 0.739583 0 0.0152778 0
0 0.6125 0 0.0138889 0
0 0.4625 0 0.0555556 0
0 0.740972 0 0.0152778 0
0 0.613194 0 0.0152778 0
0 0.461111 0 0.0555556 0
0 0.614583 0 0.0152778 0
0 0.459722 0 0.0555556 0
0 0.232639 0 0.0152778 0
0 0.614583 0 0.0152778 0
0 0.458333 0 0.0583333 0
0 0.745833 0 0.0166667 0
0 0.615278 0 0.0166667 0
0 0.457639 0 0.0597222 0
0 0.747222 0 0.0166667 0
0 0.615972 0 0.0152778 0
0 0.45625 0 0.0625 0
0 0.618056 0 0.0194444 0
0 0.749306 0 0.0152778 0
0 0.358333 0 0.0166667 0
0 0.455556 0 0.0638889 0
0 0.358333 0 0.0166667 0
0 0.618056 0 0.0166667 0
0 0.750694 0 0.0152778 0
0 0.454167 0 0.0638889 0
0 0.357639 0 0.0152778 0
0 0.751389 0 0.0166667 0
0 0.454167 0 0.0666667 0
0 0.35625 0 0.0152778 0
0 0.620139 0 0.0180556 0
0 0.453472 0 0.0680556 0
0 0.755556 0 0.0166667 0
0 0.220833 0 0.0166667 0
0 0.620833 0 0.0166667 0
0 0.452778 0 0.0694444 0
0 0.756944 0 0.0166667 0
0 0.620833 0 0.0166667 0
0 0.452778 0 0.0694444 0
0 0.353472 0 0.0180556 0
0 0.759028 0 0.0180556 0
0 0.622222 0 0.0166667 0
0 0.452778 0 0.0722222 0
0 0.352778 0 0.0166667 0
0 0.761806 0 0.0152778 0
0 0.623611 0 0.0166667 0
0 0.452083 0 0.0763889 0
0 0.352778 0 0.0166667 0
0 0.763889 0 0.0166667 0
0 0.624306 0 0.0152778 0
0 0.452083 0 0.0791667 0
0 0.765278 0 0.0166667 0
0 0.352083 0 0.0152778 0
0 0.625694 0 0.0152778 0
0 0.452083 0.5 0.0819444 1
0 0.768056 0 0.0194444 0
0 0.351389 0 0.0166667 0
0 0.626389 0 0.0166667 0
0 0.451389 0.5 0.0833333 1
0 0.769444 0 0.0166667 0
0 0.351389 0 0.0166667 0
0 0.627778 0 0.0166667 0
0 0.451389 0.5 0.0833333 1
0 0.628472 0 0.0180556 0
0 0.450694 0.5 0.0875 1
0 0.772917 0 0.0180556 0
0 0.629861 0 0.0180556 0
0 0.450694 0.5 0.0902778 1
0 0.774306 0 0.0180556 0
0 0.630556 0 0.0194444 0
0 0.452778 0.5 0.0916667 1
0 0.631944 0 0.0194444 0
0 0.777083 0 0.0180556 0
0 0.453472 0.5 0.0930556 1
0 0.778472 0 0.0180556 0
0 0.633333 0 0.0194444 0
0 0.454861 0.5 0.0958333 1
0 0.348611 0 0.0194444 0
0 0.780556 0 0.0194444 0
0 0.634028 0 0.0180556 0
0 0.45625 0.5 0.0986111 1
0 0.348611 0 0.0194444 0
0 0.781944 0 0.0166667 0
0 0.634722 0 0.0194444 0
0 0.459028 0.5 0.101389 1
0 0.348611 0 0.0194444 0
0 0.782639 0 0.0180556 0
0 0.636111 0 0.0194444 0
0 0.460417 0.5 0.104167 1
0 0.348611 0 0.0194444 0
0 0.784028 0 0.0180556 0
0 0.636806 0 0.0180556 0
0 0.460417 0.5 0.109722 1
0 0.200694 0 0.0180556 0
0 0.348611 0 0.0194444 0
0 0.784028 0 0.0208333 0
0 0.636806 0 0.0180556 0
0 0.4625 0.5 0.111111 1
0 0.348611 0 0.0194444 0
0 0.785417 0 0.0180556 0
0 0.6375 0 0.0166667 0
0 0.465278 0.5 0.105556 1
0 0.348611 0 0.0194444 0
0 0.786806 0 0.0180556 0
0 0.638194 0 0.0180556 0
0 0.467361 0.5 0.106944 1
0 0.348611 0 0.0194444 0
0 0.7875 0 0.0166667 0
0 0.467361 0.5 0.109722 1
0 0.638889 0 0.0166667 0
0 0.347917 0 0.0180556 0
0 0.7875 0 0.0166667 0
0 0.639583 0 0.0180556 0
0 0.46875 0.5 0.109722 1
0 0.348611 0 0.0194444 0
0 0.788889 0 0.0166667 0
0 0.472222 0.5 0.108333 1
0 0.639583 0 0.0180556 0
0 0.789583 0 0.0180556 0
0 0.347917 0 0.0180556 0
0 0.481944 0.5 0.116667 1
0 0.640278 0 0.0194444 0
0 0.347917 0 0.0180556 0
0 0.790278 0 0.0194444 0
0 0.488889 0.5 0.111111 1
0 0.640278 0 0.0194444 0
0 0.348611 0 0.0194444 0
0 0.790972 0 0.0180556 0
0 0.641667 0 0.0194444 0
0 0.491667 0.5 0.111111 1
0 0.791667 0 0.0194444 0
0 0.348611 0 0.0194444 0
0 0.641667 0 0.0194444 0
0 0.490278 0.5 0.111111 1
0 0.348611 0 0.0194444 0
0 0.791667 0 0.0194444 0
0 0.642361 0 0.0180556 0
0 0.486806 0.5 0.1125 1
0 0.793056 0 0.0194444 0
0 0.347917 0 0.0180556 0
0 0.642361 0 0.0180556 0
0 0.486806 0.5 0.1125 1
0 0.793056 0 0.0194444 0
0 0.347917 0 0.0180556 0
0 0.643056 0 0.0194444 0
0 0.484722 0.5 0.111111 1
0 0.35 0 0.0194444 0
0 0.79375 0 0.0180556 0
0 0.643056 0 0.0194444 0
0 0.482639 0.5 0.1125 1
0 0.79375 0 0.0180556 0
0 0.349306 0 0.0180556 0
0 0.643056 0 0.0194444 0
0 0.480556 0.5 0.111111 1
0 0.349306 0 0.0180556 0
0 0.794444 0 0.0166667 0
0 0.64375 0 0.0180556 0
0 0.484028 0.5 0.109722 1
0 0.794444 0 0.0166667 0
0 0.349306 0 0.0180556 0
0 0.644444 0 0.0194444 0
0 0.486111 0.5 0.111111 1
0 0.794444 0 0.0166667 0
0 0.35 0 0.0194444 0
0 0.644444 0 0.0194444 0
0 0.4875 0.5 0.111111 1
0 0.794444 0 0.0166667 0
0 0.350694 0 0.0180556 0
0 0.644444 0 0.0194444 0
0 0.489583 0.5 0.1125 1
0 0.795139 0 0.0180556 0
0 0.350694 0 0.0180556 0
0 0.645139 0 0.0180556 0
0 0.489583 0.5 0.1125 1
0 0.795139 0 0.0180556 0
0 0.35 0 0.0194444 0
0 0.645139 0 0.0180556 0
0 0.488889 0.5 0.111111 1
0 0.795833 0 0.0166667 0
0 0.35 0 0.0166667 0
0 0.645139 0 0.0180556 0
0 0.486806 0.5 0.1125 1
0 0.350694 0 0.0180556 0
0 0.795833 0 0.0166667 0
0 0.645139 0 0.0180556 0
0 0.484028 0.5 0.109722 1
0 0.350694 0 0.0180556 0
0 0.795833 0 0.0166667 0
0 0.483333 0.5 0.113889 1
0 0.645139 0 0.0180556 0
0 0.795833 0 0.0166667 0
0 0.350694 0 0.0180556 0
0 0.485417 0.5 0.1125 1
0 0.645139 0 0.0180556 0
0 0.795833 0 0.0194444 0
0 0.350694 0 0.0180556 0
0 0.645833 0 0.0194444 0
0 0.4875 0.5 0.113889 1
0 0.797222 0 0.0194444 0
0 0.35 0 0.0194444 0
0 0.646528 0 0.0208333 0
0 0.4875 0.5 0.111111 1
0 0.797917 0 0.0180556 0
0 0.35 0 0.0194444 0
0 0.488889 0.5 0.111111 1
0 0.646528 0 0.0208333 0
0 0.797917 0 0.0180556 0
0 0.35 0 0.0194444 0
0 0.4875 0.5 0.111111 1
0 0.646528 0 0.0180556 0
0 0.797917 0 0.0180556 0
0 0.349306 0 0.0180556 0
0 0.486111 0.5 0.113889 1
0 0.645833 0 0.0194444 0
0 0.797917 0 0.0180556 0
0 0.35 0 0.0194444 0
0 0.486111 0.5 0.111111 1
0 0.646528 0 0.0180556 0
0 0.552778 0 0.0388889 0
0 0.349306 0 0.0180556 0
0 0.797917 0 0.0180556 0
0 0.4875 0.5 0.113889 1
0 0.645833 0 0.0194444 0
0 0.349306 0 0.0208333 0
0 0.797917 0 0.0180556 0
0 0.486111 0.5 0.111111 1
0 0.646528 0 0.0180556 0
0 0.35 0 0.0194444 0
0 0.797917 0 0.0180556 0
0 0.646528 0 0.0180556 0
0 0.4875 0.5 0.113889 1
0 0.348611 0 0.0194444 0
0 0.797917 0 0.0180556 0
0 0.645833 0 0.0166667 0
0 0.488194 0.5 0.115278 1
0 0.797917 0 0.0180556 0
0 0.349306 0 0.0180556 0
0 0.488194 0.5 0.115278 1
0 0.645833 0 0.0166667 0
0 0.797222 0 0.0194444 0
0 0.348611 0 0.0194444 0
0 0.645833 0 0.0166667 0
0 0.488194 0.5 0.115278 1
0 0.797917 0 0.0208333 0
0 0.459722 0 0.0333333 0
0 0.645833 0 0.0166667 0
0 0.488194 0.5 0.115278 1
0 0.798611 0 0.0194444 0
0 0.646528 0 0.0180556 0
0 0.4875 0.5 0.113889 1
0 0.349306 0 0.0208333 0
0 0.798611 0 0.0194444 0
0 0.646528 0 0.0208333 0
0 0.485417 0.5 0.115278 1
0 0.196528 0 0.0180556 0
0 0.348611 0 0.0194444 0
0 0.798611 0 0.0194444 0
0 0.488889 0.5 0.116667 1
0 0.645833 0 0.0194444 0
0 0.196528 0 0.0180556 0
0 0.348611 0 0.0194444 0
0 0.798611 0 0.0194444 0
0 0.488194 0.5 0.115278 1
0 0.645833 0 0.0194444 0
0 0.196528 0 0.0180556 0
0 0.798611 0 0.0194444 0
0 0.348611 0 0.0194444 0
0 0.4875 0.5 0.116667 1
0 0.645833 0 0.0194444 0
0 0.196528 0 0.0180556 0
0 0.798611 0 0.0194444 0
0 0.347917 0 0.0208333 0
0 0.488889 0.5 0.116667 1
0 0.646528 0 0.0180556 0
0 0.348611 0 0.0194444 0
0 0.196528 0 0.0180556 0
0 0.798611 0 0.0194444 0
0 0.646528 0 0.0180556 0
0 0.486806 0.5 0.115278 1
0 0.798611 0 0.0194444 0
0 0.348611 0 0.0194444 0
0 0.646528 0 0.0180556 0
0 0.485417 0.5 0.115278 1
0 0.196528 0 0.0180556 0
0 0.348611 0 0.0194444 0
0 0.799306 0 0.0180556 0
0 0.646528 0 0.0180556 0
0 0.488889 0.5 0.116667 1
0 0.798611 0 0.0166667 0
0 0.347222 0 0.0194444 0
0 0.646528 0 0.0180556 0
0 0.486806 0.5 0.115278 1
0 0.799306 0 0.0208333 0
0 0.347917 0 0.0180556 0
0 0.646528 0 0.0180556 0
0 0.486806 0.5 0.115278 1
0 0.799306 0 0.0208333 0
0 0.347222 0 0.0194444 0
0 0.646528 0 0.0180556 0
0 0.4875 0.5 0.116667 1
0 0.799306 0 0.0180556 0
0 0.347917 0 0.0208333 0
0 0.646528 0 0.0180556 0
0 0.488194 0.5 0.118056 1
0 0.799306 0 0.0180556 0
0 0.347917 0 0.0208333 0
0 0.486111 0.5 0.116667 1
0 0.647222 0 0.0194444 0
0 0.799306 0 0.0180556 0
0 0.347917 0 0.0208333 0
0 0.647222 0 0.0194444 0
0 0.485417 0.5 0.115278 1
0 0.195139 0 0.0180556 0
0 0.8 0 0.0194444 0
0 0.347222 0 0.0194444 0
0 0.4875 0.5 0.116667 1
0 0.647222 0 0.0194444 0
0 0.553472 0 0.0402778 0
0 0.195139 0 0.0180556 0
0 0.800694 0 0.0180556 0
0 0.347222 0 0.0194444 0
0 0.486806 0.5 0.118056 1
0 0.647222 0 0.0194444 0
0 0.194444 0 0.0194444 0
0 0.800694 0 0.0180556 0
0 0.347222 0 0.0194444 0
0 0.483333 0.5 0.119444 1
0 0.647222 0 0.0194444 0
0 0.194444 0 0.0194444 0
0 0.800694 0 0.0180556 0
0 0.347222 0 0.0194444 0
0 0.484722 0.5 0.119444 1
0 0.647222 0 0.0194444 0
0 0.800694 0 0.0180556 0
0 0.347222 0 0.0194444 0
0 0.483333 0.5 0.119444 1
0 0.647222 0 0.0194444 0
0 0.347222 0 0.0194444 0
0 0.800694 0 0.0180556 0
0 0.482639 0.5 0.118056 1
0 0.647222 0 0.0194444 0
0 0.347222 0 0.0194444 0
0 0.800694 0 0.0180556 0
0 0.481944 0.5 0.113889 1
0 0.647222 0 0.0194444 0
0 0.800694 0 0.0180556 0
0 0.346528 0 0.0180556 0
0 0.484028 0.5 0.115278 1
0 0.647222 0 0.0194444 0
0 0.801389 0 0.0166667 0
0 0.346528 0 0.0180556 0
0 0.482639 0.5 0.118056 1
0 0.647222 0 0.0194444 0
0 0.801389 0 0.0166667 0
0 0.346528 0 0.0180556 0
0 0.482639 0.5 0.118056 1
0 0.647222 0 0.0194444 0
0 0.801389 0 0.0166667 0
0 0.346528 0 0.0180556 0
0 0.485417 0.5 0.118056 1
0 0.647222 0 0.0194444 0
0 0.802083 0 0.0180556 0
0 0.346528 0 0.0180556 0
0 0.484028 0.5 0.120833 1
0 0.647917 0 0.0180556 0
0 0.802083 0 0.0180556 0
0 0.346528 0 0.0180556 0
0 0.647917 0 0.0180556 0
0 0.484028 0.5 0.120833 1
0 0.801389 0 0.0194444 0
0 0.346528 0 0.0180556 0
0 0.484722 0.5 0.122222 1
0 0.647917 0 0.0180556 0
0 0.802083 0 0.0180556 0
0 0.346528 0 0.0180556 0
0 0.485417 0.5 0.120833 1
0 0.647917 0 0.0180556 0
0 0.802083 0 0.0180556 0
0 0.346528 0 0.0180556 0
0 0.647222 0 0.0194444 0
0 0.486806 0.5 0.120833 1
0 0.802083 0 0.0180556 0
0 0.346528 0 0.0180556 0
0 0.648611 0 0.0194444 0
0 0.486806 0.5 0.120833 1
0 0.191667 0 0.0194444 0
0 0.803472 0 0.0208333 0
0 0.346528 0 0.0180556 0
0 0.485417 0.5 0.123611 1
0 0.648611 0 0.0194444 0
0 0.191667 0 0.0194444 0
0 0.345833 0 0.0194444 0
0 0.803472 0 0.0208333 0
0 0.647917 0 0.0208333 0
0 0.486806 0.5 0.123611 1
0 0.346528 0 0.0180556 0
0 0.648611 0 0.0194444 0
0 0.803472 0 0.0208333 0
0 0.485417 0.5 0.123611 1
0 0.345833 0 0.0194444 0
0 0.803472 0 0.0208333 0
0 0.648611 0 0.0194444 0
0 0.484722 0.5 0.125 1
0 0.346528 0 0.0180556 0
0 0.648611 0 0.0194444 0
0 0.803472 0 0.0208333 0
0 0.484722 0.5 0.125 1
0 0.190278 0 0.0194444 0
0 0.803472 0 0.0208333 0
0 0.345833 0 0.0194444 0
0 0.648611 0 0.0194444 0
0 0.484028 0.5 0.126389 1
0 0.190278 0 0.0194444 0
0 0.803472 0 0.0208333 0
0 0.345833 0 0.0194444 0
0 0.648611 0 0.0194444 0
0 0.482639 0.5 0.126389 1
0 0.190972 0 0.0180556 0
0 0.804167 0 0.0194444 0
0 0.346528 0 0.0180556 0
0 0.648611 0 0.0194444 0
0 0.484028 0.5 0.126389 1
0 0.189583 0 0.0180556 0
0 0.457639 0 0.0375 0
0 0.804167 0 0.0194444 0
0 0.649306 0 0.0208333 0
0 0.345833 0 0.0166667 0
0 0.484028 0.5 0.129167 1
0 0.804861 0 0.0208333 0
0 0.649306 0 0.0208333 0
0 0.483333 0.5 0.125 1
0 0.345833 0 0.0166667 0
0 0.275 0 0.00833333 0
0 0.804861 0 0.0208333 0
0 0.649306 0 0.0208333 0
0 0.483333 0.5 0.125 1
0 0.345833 0 0.0166667 0
0 0.275694 0 0.00694444 0
0 0.190278 0 0.0194444 0
0 0.804861 0 0.0208333 0
0 0.65 0 0.0194444 0
0 0.483333 0.5 0.122222 1
0 0.345139 0 0.0180556 0
0 0.805556 0 0.0194444 0
0 0.648611 0 0.0194444 0
0 0.482639 0.5 0.123611 1
0 0.345139 0 0.0180556 0
0 0.804861 0 0.0208333 0
0 0.648611 0 0.0194444 0
0 0.483333 0.5 0.125 1
0 0.345139 0 0.0180556 0
0 0.80625 0 0.0208333 0
0 0.649306 0 0.0180556 0
0 0.484028 0.5 0.126389 1
0 0.345139 0 0.0180556 0
0 0.805556 0 0.0194444 0
0 0.649306 0 0.0180556 0
0 0.484028 0.5 0.129167 1
0 0.345139 0 0.0180556 0
0 0.553472 0 0.0375 0
0 0.805556 0 0.0194444 0
0 0.486111 0.5 0.130556 1
0 0.649306 0 0.0180556 0
0 0.345139 0 0.0180556 0
0 0.554167 0 0.0388889 0
0 0.805556 0 0.0194444 0
0 0.485417 0.5 0.131944 1
0 0.65 0 0.0166667 0
0 0.345139 0 0.0180556 0
0 0.188194 0 0.0180556 0
0 0.806944 0 0.0194444 0
0 0.485417 0.5 0.131944 1
0 0.649306 0 0.0180556 0
0 0.345139 0 0.0180556 0
0 0.186806 0 0.0180556 0
0 0.807639 0 0.0208333 0
0 0.485417 0.5 0.134722 1
0 0.650694 0 0.0180556 0
0 0.344444 0 0.0166667 0
0 0.457639 0 0.0375 0
0 0.188194 0 0.0180556 0
0 0.807639 0 0.0208333 0
0 0.344444 0 0.0166667 0
0 0.484722 0.5 0.133333 1
0 0.65 0 0.0166667 0
0 0.186806 0 0.0180556 0
0 0.807639 0 0.0208333 0
0 0.344444 0 0.0166667 0
0 0.484028 0.5 0.134722 1
0 0.650694 0 0.0180556 0
0 0.186806 0 0.0180556 0
0 0.806944 0 0.0194444 0
0 0.344444 0 0.0166667 0
0 0.484722 0.5 0.136111 1
0 0.650694 0 0.0180556 0
0 0.186806 0 0.0180556 0
0 0.807639 0 0.0208333 0
0 0.344444 0 0.0166667 0
0 0.484722 0.5 0.130556 1
0 0.650694 0 0.0180556 0
0 0.808333 0 0.0194444 0
0 0.344444 0 0.0166667 0
0 0.484028 0.5 0.129167 1
0 0.650694 0 0.0180556 0
0 0.807639 0 0.0208333 0
0 0.485417 0.5 0.129167 1
0 0.344444 0 0.0166667 0
0 0.650694 0 0.0180556 0
0 0.554167 0 0.0416667 0
0 0.808333 0 0.0194444 0
0 0.485417 0.5 0.129167 1
0 0.344444 0 0.0194444 0
0 0.650694 0 0.0180556 0
0 0.808333 0 0.0194444 0
0 0.34375 0 0.0180556 0
0 0.484722 0.5 0.130556 1
0 0.651389 0 0.0194444 0
0 0.555556 0 0.0416667 0
0 0.807639 0 0.0208333 0
0 0.484722 0.5 0.130556 1
0 0.34375 0 0.0180556 0
0 0.651389 0 0.0194444 0
0 0.186111 0 0.0194444 0
0 0.555556 0 0.0416667 0
0 0.809028 0 0.0208333 0
0 0.34375 0 0.0180556 0
0 0.486806 0.5 0.131944 1
0 0.650694 0 0.0180556 0
0 0.554861 0 0.0430556 0
0 0.186111 0 0.0194444 0
0 0.809028 0 0.0208333 0
0 0.344444 0 0.0194444 0
0 0.486806 0.5 0.131944 1
0 0.651389 0 0.0194444 0
0 0.186111 0 0.0194444 0
0 0.554861 0 0.0430556 0
0 0.809028 0 0.0208333 0
0 0.34375 0 0.0180556 0
0 0.486806 0.5 0.134722 1
0 0.651389 0 0.0194444 0
0 0.185417 0 0.0180556 0
0 0.809722 0 0.0194444 0
0 0.34375 0 0.0180556 0
0 0.488194 0.5 0.1375 1
0 0.652083 0 0.0180556 0
0 0.186111 0 0.0194444 0
0 0.554861 0 0.0430556 0
0 0.34375 0 0.0180556 0
0 0.809028 0 0.0208333 0
0 0.4875 0.5 0.138889 1
0 0.652083 0 0.0180556 0
0 0.186111 0 0.0194444 0
0 0.554861 0 0.0430556 0
0 0.809028 0 0.0208333 0
0 0.34375 0 0.0180556 0
0 0.488194 0.5 0.140278 1
0 0.652083 0 0.0180556 0
0 0.554861 0 0.0430556 0
0 0.186111 0 0.0194444 0
0 0.808333 0 0.0194444 0
0 0.34375 0 0.0180556 0
0 0.4875 0.5 0.138889 1
0 0.652083 0 0.0180556 0
0 0.186111 0 0.0194444 0
0 0.555556 0 0.0416667 0
0 0.809028 0 0.0208333 0
0 0.34375 0 0.0180556 0
0 0.488194 0.5 0.140278 1
0 0.652778 0 0.0194444 0
0 0.185417 0 0.0180556 0
0 0.555556 0 0.0416667 0
0 0.809722 0 0.0194444 0
0 0.34375 0 0.0180556 0
0 0.4875 0.5 0.138889 1
0 0.652778 0 0.0194444 0
0 0.185417 0 0.0180556 0
0 0.34375 0 0.0180556 0
0 0.809722 0 0.0194444 0
0 0.555556 0 0.0416667 0
0 0.486806 0.5 0.1375 1
0 0.652778 0 0.0194444 0
0 0.810417 0 0.0180556 0
0 0.34375 0 0.0180556 0
0 0.555556 0 0.0416667 0
0 0.493056 0.5 0.122222 1
0 0.652778 0 0.0194444 0
0 0.555556 0 0.0416667 0
0 0.34375 0 0.0180556 0
0 0.811111 0 0.0194444 0
0 0.488194 0.5 0.140278 1
0 0.652778 0 0.0194444 0
0 0.555556 0 0.0416667 0
0 0.343056 0 0.0194444 0
0 0.811111 0 0.0194444 0
0 0.4875 0.5 0.138889 1
0 0.652778 0 0.0194444 0
0 0.343056 0 0.0194444 0
0 0.55625 0 0.0402778 0
0 0.811806 0 0.0208333 0
0 0.486806 0.5 0.140278 1
0 0.653472 0 0.0208333 0
0 0.811806 0 0.0208333 0
0 0.486806 0.5 0.140278 1
0 0.653472 0 0.0208333 0
0 0.343056 0 0.0194444 0
0 0.184722 0 0.0194444 0
0 0.457639 0 0.0319444 0
0 0.811806 0 0.0208333 0
0 0.4875 0.5 0.138889 1
0 0.653472 0 0.0208333 0
0 0.343056 0 0.0194444 0
0 0.185417 0 0.0180556 0
0 0.456944 0 0.0305556 0
0 0.8125 0 0.0194444 0
0 0.486806 0.5 0.140278 1
0 0.653472 0 0.0208333 0
0 0.457639 0 0.0319444 0
0 0.342361 0 0.0208333 0
0 0.184722 0 0.0194444 0
0 0.8125 0 0.0194444 0
0 0.4875 0.5 0.141667 1
0 0.653472 0 0.0208333 0
0 0.341667 0 0.0194444 0
0 0.184028 0 0.0180556 0
0 0.457639 0 0.0319444 0
0 0.8125 0 0.0194444 0
0 0.488194 0.5 0.143056 1
0 0.653472 0 0.0208333 0
0 0.184028 0 0.0208333 0
0 0.456944 0 0.0305556 0
0 0.343056 0 0.0194444 0
0 0.8125 0 0.0194444 0
0 0.488889 0.5 0.144444 1
0 0.653472 0 0.0208333 0
0 0.343056 0 0.0194444 0
0 0.8125 0 0.0194444 0
0 0.457639 0 0.0319444 0
0 0.488194 0.5 0.145833 1
0 0.653472 0 0.0208333 0
0 0.457639 0 0.0347222 0
0 0.342361 0 0.0208333 0
0 0.813194 0 0.0180556 0
0 0.183333 0 0.0194444 0
0 0.488889 0.5 0.147222 1
0 0.654167 0 0.0194444 0
0 0.184028 0 0.0180556 0
0 0.341667 0 0.0194444 0
0 0.813889 0 0.0194444 0
0 0.495139 1 0.129167 0
0 0.654861 0 0.0208333 0
0 0.457639 0 0.0347222 0
0 0.184028 0 0.0180556 0
0 0.813889 0 0.0194444 0
0 0.495139 1 0.129167 0
0 0.654167 0 0.0194444 0
0 0.183333 0 0.0194444 0
0 0.341667 0 0.0194444 0
0 0.457639 0 0.0347222 0
0 0.494444 1 0.130556 0
0 0.813889 0 0.0194444 0
0 0.654861 0 0.0208333 0
0 0.184028 0 0.0180556 0
0 0.341667 0 0.0194444 0
0 0.489583 1 0.148611 0
0 0.813889 0 0.0194444 0
0 0.654861 0 0.0208333 0
0 0.342361 0 0.0208333 0
0 0.184028 0 0.0180556 0
0 0.489583 1 0.148611 0
0 0.813889 0 0.0194444 0
0 0.654861 0 0.0208333 0
0 0.183333 0 0.0194444 0
0 0.458333 0 0.0333333 0
0 0.342361 0 0.0208333 0
0 0.489583 1 0.145833 0
0 0.814583 0 0.0208333 0
0 0.654861 0 0.0208333 0
0 0.183333 0 0.0194444 0
0 0.458333 0 0.0333333 0
0 0.342361 0 0.0208333 0
0 0.488889 1 0.147222 0
0 0.814583 0 0.0208333 0
0 0.654861 0 0.0208333 0
0 0.458333 0 0.0333333 0
0 0.342361 0 0.0208333 0
0 0.814583 0 0.0208333 0
0 0.488889 1 0.147222 0
0 0.654861 0 0.0208333 0
0 0.458333 0 0.0333333 0
0 0.182639 0 0.0180556 0
0 0.342361 0 0.0208333 0
0 0.813889 0 0.0194444 0
0 0.488889 1 0.147222 0
0 0.654861 0 0.0208333 0
0 0.456944 0 0.0333333 0
0 0.342361 0 0.0208333 0
0 0.489583 1 0.148611 0
0 0.815278 0 0.0194444 0
0 0.654861 0 0.0208333 0
0 0.342361 0 0.0208333 0
0 0.489583 1 0.154167 0
0 0.458333 0 0.0333333 0
0 0.815278 0 0.0194444 0
0 0.655556 0 0.0194444 0
0 0.342361 0 0.0208333 0
0 0.489583 1 0.154167 0
0 0.815278 0 0.0194444 0
0 0.655556 0 0.0194444 0
0 0.457639 0 0.0347222 0
0 0.342361 0 0.0208333 0
0 0.556944 0 0.0444444 0
0 0.497917 1 0.1375 0
0 0.815278 0 0.0194444 0
0 0.655556 0 0.0194444 0
0 0.457639 0 0.0375 0
0 0.490972 1 0.156944 0
0 0.557639 0 0.0430556 0
0 0.342361 0 0.0208333 0
0 0.815972 0 0.0208333 0
0 0.655556 0 0.0194444 0
0 0.180556 0 0.0194444 0
0 0.341667 0 0.0194444 0
0 0.490278 1 0.155556 0
0 0.557639 0 0.0430556 0
0 0.815972 0 0.0208333 0
0 0.655556 0 0.0194444 0
0 0.490278 1 0.152778 0
0 0.815972 0 0.0208333 0
0 0.340972 0 0.0208333 0
0 0.557639 0 0.0430556 0
0 0.65625 0 0.0208333 0
0 0.816667 0 0.0194444 0
0 0.490972 1 0.151389 0
0 0.557639 0 0.0430556 0
0 0.341667 0 0.0194444 0
0 0.65625 0 0.0180556 0
0 0.457639 0 0.0375 0
0 0.816667 0 0.0194444 0
0 0.490972 1 0.151389 0
0 0.557639 0 0.0430556 0
0 0.341667 0 0.0194444 0
0 0.65625 0 0.0208333 0
0 0.558333 0 0.0416667 0
0 0.490972 1 0.151389 0
0 0.816667 0 0.0194444 0
0 0.340972 0 0.0208333 0
0 0.656944 0 0.0194444 0
0 0.490278 1 0.152778 0
0 0.558333 0 0.0444444 0
0 0.817361 0 0.0208333 0
0 0.340972 0 0.0208333 0
0 0.656944 0 0.0194444 0
0 0.521528 1 0.101389 0
0 0.817361 0 0.0208333 0
0 0.558333 0 0.0444444 0
0 0.340278 0 0.0194444 0
0 0.656944 0 0.0194444 0
0 0.558333 0 0.0444444 0
0 0.506944 1 0.138889 0
0 0.818056 0 0.0194444 0
0 0.340278 0 0.0194444 0
0 0.65625 0 0.0180556 0
0 0.559722 0 0.0388889 0
0 0.504167 1 0.141667 0
0 0.817361 0 0.0208333 0
0 0.340278 0 0.0194444 0
0 0.656944 0 0.0194444 0
0 0.508333 1 0.138889 0
0 0.818056 0 0.0222222 0
0 0.340278 0 0.0194444 0
0 0.656944 0 0.0194444 0
0 0.559028 0 0.0458333 0
0 0.509722 1 0.138889 0
0 0.81875 0 0.0208333 0
0 0.340278 0 0.0194444 0
0 0.656944 0 0.0194444 0
0 0.558333 0 0.0444444 0
0 0.506944 1 0.141667 0
0 0.81875 0 0.0208333 0
0 0.340278 0 0.0194444 0
0 0.656944 0 0.0194444 0
0 0.558333 0 0.0444444 0
0 0.456944 0 0.0388889 0
0 0.505556 1 0.141667 0
0 0.81875 0 0.0208333 0
0 0.340278 0 0.0194444 0
0 0.656944 0 0.0194444 0
0 0.457639 0 0.0375 0
0 0.505556 1 0.141667 0
0 0.81875 0 0.0208333 0
0 0.340278 0 0.0194444 0
0 0.656944 0 0.0194444 0
0 0.457639 0 0.0375 0
0 0.505556 1 0.141667 0
0 0.81875 0 0.0208333 0
0 0.340278 0 0.0194444 0
0 0.656944 0 0.0194444 0
0 0.457639 0 0.0375 0
0 0.509028 1 0.140278 0
0 0.81875 0 0.0208333 0
0 0.340278 0 0.0194444 0
0 0.657639 0 0.0208333 0
0 0.458333 0 0.0388889 0
0 0.508333 1 0.144444 0
0 0.81875 0 0.0208333 0
0 0.340278 0 0.0194444 0
0 0.656944 0 0.0194444 0
0 0.458333 0 0.0388889 0
0 0.509722 1 0.141667 0
0 0.81875 0 0.0208333 0
0 0.340278 0 0.0194444 0
0 0.656944 0 0.0194444 0
0 0.458333 0 0.0388889 0
0 0.558333 0 0.0444444 0
0 0.510417 1 0.143056 0
0 0.81875 0 0.0208333 0
0 0.340278 0 0.0194444 0
0 0.656944 0 0.0194444 0
0 0.510417 1 0.143056 0
0 0.458333 0 0.0388889 0
0 0.819444 0 0.0194444 0
0 0.340278 0 0.0194444 0
0 0.657639 0 0.0208333 0
0 0.558333 0 0.0472222 0
0 0.509722 1 0.147222 0
0 0.458333 0 0.0388889 0
0 0.81875 0 0.0180556 0
0 0.340278 0 0.0194444 0
0 0.656944 0 0.0194444 0
0 0.509028 1 0.148611 0
0 0.457639 0 0.0375 0
0 0.340278 0 0.0194444 0
0 0.81875 0 0.0180556 0
0 0.657639 0 0.0208333 0
0 0.522917 1 0.106944 0
0 0.559028 0 0.0458333 0
0 0.458333 0 0.0388889 0
0 0.340278 0 0.0194444 0
0 0.819444 0 0.0194444 0
0 0.657639 0 0.0208333 0
0 0.523611 1 0.105556 0
0 0.340278 0 0.0194444 0
0 0.819444 0 0.0194444 0
0 0.657639 0 0.0208333 0
0 0.456944 0 0.0388889 0
0 0.559028 0 0.0458333 0
0 0.523611 1 0.108333 0
0 0.819444 0 0.0194444 0
0 0.340278 0 0.0194444 0
0 0.657639 0 0.0208333 0
0 0.456944 0 0.0388889 0
0 0.559028 0 0.0458333 0
0 0.524306 1 0.106944 0
0 0.819444 0 0.0194444 0
0 0.340278 0 0.0194444 0
0 0.657639 0 0.0208333 0
0 0.559028 0 0.0458333 0
0 0.523611 1 0.108333 0
0 0.820139 0 0.0208333 0
0 0.340278 0 0.0194444 0
0 0.657639 0 0.0208333 0
0 0.558333 0 0.0472222 0
0 0.523611 1 0.105556 0
0 0.340278 0 0.0194444 0
0 0.819444 0 0.0194444 0
0 0.657639 0 0.0208333 0
0 0.558333 0 0.0472222 0
0 0.523611 1 0.105556 0
0 0.340278 0 0.0194444 0
0 0.819444 0 0.0194444 0
0 0.657639 0 0.0208333 0
0 0.457639 0 0.0375 0
0 0.523611 1 0.105556 0
0 0.559028 0 0.0458333 0
0 0.819444 0 0.0194444 0
0 0.340278 0 0.0194444 0
0 0.657639 0 0.0208333 0
0 0.559028 0 0.0458333 0
0 0.524306 1 0.106944 0
0 0.820139 0 0.0208333 0
0 0.340278 0 0.0194444 0
0 0.657639 0 0.0208333 0
0 0.559028 0 0.0458333 0
0 0.525 1 0.108333 0
0 0.820139 0 0.0180556 0
0 0.340278 0 0.0194444 0
0 0.657639 0 0.0208333 0
0 0.559722 0 0.0444444 0
0 0.522917 1 0.1125 0
0 0.340278 0 0.0194444 0
0 0.820139 0 0.0180556 0
0 0.657639 0 0.0208333 0
0 0.177778 0 0.0222222 0
0 0.522917 1 0.1125 0
0 0.559028 0 0.0458333 0
0 0.340278 0 0.0194444 0
0 0.820833 0 0.0194444 0
0 0.657639 0 0.0208333 0
0 0.511806 1 0.151389 0
0 0.558333 0 0.0472222 0
0 0.340278 0 0.0194444 0
0 0.820833 0 0.0194444 0
0 0.657639 0 0.0208333 0
0 0.559722 0 0.0444444 0
0 0.511806 1 0.151389 0
0 0.340278 0 0.0194444 0
0 0.820833 0 0.0194444 0
0 0.658333 0 0.0194444 0
0 0.522917 1 0.1125 0
0 0.340278 0 0.0194444 0
0 0.820833 0 0.0194444 0
0 0.658333 0 0.0194444 0
0 0.457639 0 0.0375 0
0 0.5125 1 0.15 0
0 0.559028 0 0.0458333 0
0 0.820833 0 0.0194444 0
0 0.340278 0 0.0194444 0
0 0.658333 0 0.0194444 0
0 0.511806 1 0.154167 0
0 0.559028 0 0.0458333 0
0 0.820833 0 0.0194444 0
0 0.340278 0 0.0194444 0
0 0.658333 0 0.0194444 0
0 0.559028 0 0.0458333 0
0 0.513194 1 0.154167 0
0 0.820833 0 0.0194444 0
0 0.340278 0 0.0194444 0
0 0.658333 0 0.0194444 0
0 0.457639 0 0.0375 0
0 0.511111 1 0.155556 0
0 0.559028 0 0.0458333 0
0 0.820833 0 0.0194444 0
0 0.340278 0 0.0194444 0
0 0.659028 0 0.0208333 0
0 0.457639 0 0.0375 0
0 0.511806 1 0.154167 0
0 0.559722 0 0.0472222 0
0 0.821528 0 0.0208333 0
0 0.340278 0 0.0194444 0
0 0.659028 0 0.0208333 0
0 0.5125 1 0.155556 0
0 0.820833 0 0.0194444 0
0 0.457639 0 0.0375 0
0 0.559722 0 0.0444444 0
0 0.340278 0 0.0194444 0
0 0.659028 0 0.0208333 0
0 0.5125 1 0.155556 0
0 0.820833 0 0.0194444 0
0 0.457639 0 0.0375 0
0 0.559722 0 0.0444444 0
0 0.340278 0 0.0194444 0
0 0.659028 0 0.0208333 0
0 0.457639 0 0.0375 0
0 0.524306 1 0.115278 0
0 0.559722 0 0.0472222 0
0 0.820833 0 0.0194444 0
0 0.340278 0 0.0194444 0
0 0.658333 0 0.0194444 0
0 0.457639 0 0.0375 0
0 0.5125 1 0.155556 0
0 0.560417 0 0.0458333 0
0 0.821528 0 0.0208333 0
0 0.340278 0 0.0194444 0
0 0.658333 0 0.0194444 0
0 0.456944 0 0.0388889 0
0 0.175694 0 0.0208333 0
0 0.5125 1 0.155556 0
0 0.560417 0 0.0458333 0
0 0.821528 0 0.0208333 0
0 0.339583 0 0.0208333 0
0 0.658333 0 0.0194444 0
0 0.456944 0 0.0388889 0
0 0.5125 1 0.158333 0
0 0.559722 0 0.0472222 0
0 0.821528 0 0.0208333 0
0 0.339583 0 0.0208333 0
0 0.659028 0 0.0208333 0
0 0.513194 1 0.156944 0
0 0.456944 0 0.0388889 0
0 0.560417 0 0.0458333 0
0 0.821528 0 0.0208333 0
0 0.340278 0 0.0194444 0
0 0.659028 0 0.0208333 0
0 0.175 0 0.0194444 0
0 0.456944 0 0.0388889 0
0 0.560417 0 0.0458333 0
0 0.821528 0 0.0208333 0
0 0.339583 0 0.0208333 0
0 0.659028 0 0.0208333 0
0 0.525694 1 0.118056 0
0 0.456944 0 0.0388889 0
0 0.560417 0 0.0458333 0
0 0.822222 0 0.0222222 0
0 0.339583 0 0.0208333 0
0 0.659028 0 0.0208333 0
0 0.513194 1 0.156944 0
0 0.456944 0 0.0388889 0
0 0.175 0 0.0194444 0
0 0.560417 0 0.0458333 0
0 0.822222 0 0.0222222 0
0 0.339583 0 0.0208333 0
0 0.659028 0 0.0208333 0
0 0.456944 0 0.0388889 0
0 0.175694 0 0.0180556 0
0 0.528472 1 0.118056 0
0 0.560417 0 0.0458333 0
0 0.822222 0 0.0222222 0
0 0.338889 0 0.0194444 0
0 0.659028 0 0.0208333 0
0 0.456944 0 0.0388889 0
0 0.175694 0 0.0180556 0
0 0.527778 1 0.116667 0
0 0.560417 0 0.0458333 0
0 0.822222 0 0.0222222 0
0 0.338889 0 0.0194444 0
0 0.659028 0 0.0208333 0
0 0.560417 0 0.0458333 0
0 0.529167 1 0.113889 0
0 0.822917 0 0.0208333 0
0 0.338889 0 0.0194444 0
0 0.659028 0 0.0208333 0
0 0.560417 0 0.0458333 0
0 0.529167 1 0.116667 0
0 0.823611 0 0.0222222 0
0 0.338889 0 0.0194444 0
0 0.659028 0 0.0208333 0
0 0.560417 0 0.0458333 0
0 0.529167 1 0.116667 0
0 0.823611 0 0.0222222 0
0 0.338889 0 0.0194444 0
0 0.659028 0 0.0208333 0
0 0.529167 1 0.116667 0
0 0.560417 0 0.0458333 0
0 0.823611 0 0.0222222 0
0 0.338889 0 0.0194444 0
0 0.659028 0 0.0208333 0
0 0.560417 0 0.0458333 0
0 0.529167 1 0.116667 0
0 0.823611 0 0.0222222 0
0 0.338889 0 0.0194444 0
0 0.659028 0 0.0208333 0
0 0.559028 0 0.0513889 0
0 0.529861 1 0.115278 0
0 0.823611 0 0.0222222 0
0 0.338889 0 0.0194444 0
0 0.659722 0 0.0194444 0
0 0.456944 0 0.0388889 0
0 0.561806 0 0.0430556 0
0 0.529861 1 0.115278 0
0 0.823611 0 0.0222222 0
0 0.338889 0 0.0194444 0
0 0.659722 0 0.0194444 0
0 0.456944 0 0.0388889 0
0 0.561806 0 0.0430556 0
0 0.529861 1 0.115278 0
0 0.823611 0 0.0222222 0
0 0.338889 0 0.0194444 0
0 0.659722 0 0.0194444 0
0 0.561806 0 0.0430556 0
0 0.529167 1 0.116667 0
0 0.822917 0 0.0236111 0
0 0.338889 0 0.0194444 0
0 0.659722 0 0.0194444 0
0 0.561806 0 0.0430556 0
0 0.529167 1 0.116667 0
0 0.823611 0 0.0222222 0
0 0.338889 0 0.0194444 0
0 0.659722 0 0.0194444 0
0 0.559028 0 0.0513889 0
0 0.529167 1 0.116667 0
0 0.822917 0 0.0236111 0
0 0.338889 0 0.0194444 0
0 0.659722 0 0.0194444 0
0 0.559028 0 0.0513889 0
0 0.529167 1 0.116667 0
0 0.822917 0 0.0236111 0
0 0.338889 0 0.0194444 0
0 0.659722 0 0.0194444 0
0 0.560417 0 0.0458333 0
0 0.529167 1 0.116667 0
0 0.823611 0 0.0222222 0
0 0.338889 0 0.0194444 0
0 0.659722 0 0.0194444 0
0 0.559028 0 0.0486111 0
0 0.529167 1 0.116667 0
0 0.823611 0 0.0222222 0
0 0.338889 0 0.0194444 0
0 0.659028 0 0.0208333 0
0 0.456944 0 0.0388889 0
0 0.560417 0 0.0458333 0
0 0.529167 1 0.116667 0
0 0.823611 0 0.0222222 0
0 0.338889 0 0.0194444 0
0 0.659722 0 0.0194444 0
0 0.559028 0 0.0486111 0
0 0.529861 1 0.115278 0
0 0.823611 0 0.0222222 0
0 0.338889 0 0.0194444 0
0 0.659028 0 0.0208333 0
0 0.560417 0 0.0458333 0
0 0.529167 1 0.116667 0
0 0.823611 0 0.0222222 0
0 0.338889 0 0.0194444 0
0 0.659028 0 0.0208333 0
0 0.456944 0 0.0388889 0
0 0.529167 1 0.116667 0
0 0.560417 0 0.0458333 0
0 0.823611 0 0.0222222 0
0 0.338889 0 0.0194444 0
0 0.659028 0 0.0208333 0
0 0.561111 0 0.0416667 0
0 0.529167 1 0.116667 0
0 0.823611 0 0.0222222 0
0 0.338889 0 0.0194444 0
0 0.659028 0 0.0208333 0
0 0.561806 0 0.0430556 0
0 0.529167 1 0.116667 0
0 0.823611 0 0.0222222 0
0 0.338889 0 0.0194444 0
0 0.659722 0 0.0194444 0
0 0.529167 1 0.116667 0
0 0.561806 0 0.0430556 0
0 0.823611 0 0.0222222 0
0 0.338889 0 0.0194444 0
0 0.659028 0 0.0208333 0
0 0.529167 1 0.116667 0
0 0.560417 0 0.0458333 0
0 0.823611 0 0.0222222 0
0 0.338889 0 0.0194444 0
0 0.659028 0 0.0208333 0
0 0.561806 0 0.0430556 0
0 0.529861 1 0.115278 0
0 0.823611 0 0.0222222 0
0 0.338889 0 0.0194444 0
0 0.659028 0 0.0208333 0
0 0.529861 1 0.115278 0
0 0.560417 0 0.0458333 0
0 0.823611 0 0.0222222 0
0 0.338889 0 0.0194444 0
0 0.659028 0 0.0208333 0
0 0.529861 1 0.115278 0
0 0.560417 0 0.0458333 0
0 0.823611 0 0.0222222 0
0 0.338889 0 0.0194444 0
0 0.659028 0 0.0208333 0
0 0.560417 0 0.0430556 0
0 0.529861 1 0.115278 0
0 0.823611 0 0.0222222 0
0 0.338889 0 0.0194444 0
0 0.659028 0 0.0208333 0
0 0.456944 0 0.0388889 0
0 0.560417 0 0.0458333 0
0 0.529861 1 0.115278 0
0 0.823611 0 0.0222222 0
0 0.338889 0 0.0194444 0
0 0.659028 0 0.0208333 0
0 0.561806 0 0.0430556 0
0 0.529167 1 0.116667 0
0 0.823611 0 0.0222222 0
0 0.338889 0 0.0194444 0
0 0.659028 0 0.0208333 0
0 0.527778 1 0.119444 0
0 0.559722 0 0.0444444 0
0 0.823611 0 0.0222222 0
0 0.338889 0 0.0194444 0
0 0.659028 0 0.0208333 0
0 0.527778 1 0.119444 0
0 0.560417 0 0.0458333 0
0 0.823611 0 0.0222222 0
0 0.338889 0 0.0194444 0
0 0.659028 0 0.0208333 0
0 0.527778 1 0.119444 0
0 0.560417 0 0.0458333 0
0 0.823611 0 0.0222222 0
0 0.338889 0 0.0194444 0
0 0.659028 0 0.0208333 0
0 0.527778 1 0.119444 0
0 0.560417 0 0.0458333 0
0 0.823611 0 0.0222222 0
0 0.338889 0 0.0194444 0
0 0.659028 0 0.0208333 0
0 0.456944 0 0.0388889 0
0 0.527778 1 0.119444 0
0 0.560417 0 0.0458333 0
0 0.823611 0 0.0222222 0
0 0.338889 0 0.0194444 0
0 0.659028 0 0.0208333 0
0 0.527778 1 0.119444 0
0 0.560417 0 0.0458333 0
0 0.823611 0 0.0222222 0
0 0.338889 0 0.0194444 0
0 0.659028 0 0.0208333 0
0 0.527778 1 0.119444 0
0 0.560417 0 0.0458333 0
0 0.823611 0 0.0222222 0
0 0.338889 0 0.0194444 0
0 0.659028 0 0.0208333 0
0 0.527778 1 0.119444 0
0 0.560417 0 0.0458333 0
0 0.823611 0 0.0222222 0
0 0.338889 0 0.0194444 0
0 0.659028 0 0.0208333 0
0 0.527778 1 0.119444 0
0 0.560417 0 0.0458333 0
0 0.823611 0 0.0222222 0
0 0.338889 0 0.0194444 0
0 0.659028 0 0.0208333 0
0 0.527778 1 0.119444 0
0 0.560417 0 0.0458333 0
0 0.823611 0 0.0222222 0
0 0.338889 0 0.0194444 0
0 0.659028 0 0.0208333 0
0 0.527083 1 0.120833 0
0 0.560417 0 0.0458333 0
0 0.823611 0 0.0222222 0
0 0.338889 0 0.0194444 0
0 0.659028 0 0.0208333 0
0 0.527083 1 0.120833 0
0 0.560417 0 0.0430556 0
0 0.823611 0 0.0222222 0
0 0.338889 0 0.0194444 0
0 0.659028 0 0.0208333 0
0 0.527083 1 0.120833 0
0 0.560417 0 0.0458333 0
0 0.823611 0 0.0222222 0
0 0.338889 0 0.0194444 0
0 0.659028 0 0.0208333 0
0 0.527083 1 0.120833 0
0 0.560417 0 0.0430556 0
0 0.823611 0 0.0222222 0
0 0.338889 0 0.0194444 0
0 0.659028 0 0.0208333 0
0 0.527083 1 0.120833 0
0 0.560417 0 0.0458333 0
0 0.823611 0 0.0222222 0
0 0.338889 0 0.0194444 0
0 0.659028 0 0.0208333 0
0 0.527083 1 0.120833 0
0 0.560417 0 0.0458333 0
0 0.823611 0 0.0222222 0
0 0.338889 0 0.0194444 0
0 0.659028 0 0.0208333 0
0 0.527083 1 0.120833 0
0 0.560417 0 0.0458333 0
0 0.823611 0 0.0222222 0
0 0.338889 0 0.0194444 0
0 0.659028 0 0.0208333 0
0 0.527083 1 0.120833 0
0 0.560417 0 0.0430556 0
0 0.823611 0 0.0222222 0
0 0.338889 0 0.0194444 0
0 0.659028 0 0.0208333 0
0 0.527083 1 0.120833 0
0 0.560417 0 0.0458333 0
0 0.823611 0 0.0222222 0
0 0.338889 0 0.0194444 0
0 0.659028 0 0.0208333 0
0 0.527083 1 0.120833 0
0 0.560417 0 0.0458333 0
0 0.823611 0 0.0222222 0
0 0.338889 0 0.0194444 0
0 0.659028 0 0.0208333 0
0 0.527083 1 0.120833 0
0 0.560417 0 0.0458333 0
0 0.823611 0 0.0222222 0
0 0.338889 0 0.0194444 0
0 0.659028 0 0.0208333 0
0 0.527083 1 0.120833 0
0 0.560417 0 0.0430556 0
0 0.823611 0 0.0222222 0
0 0.338889 0 0.0194444 0
0 0.659028 0 0.0208333 0
0 0.527083 1 0.120833 0
0 0.560417 0 0.0458333 0
0 0.823611 0 0.0222222 0
0 0.338889 0 0.0194444 0
0 0.659028 0 0.0208333 0
0 0.527083 1 0.120833 0
0 0.561806 0 0.0430556 0
0 0.823611 0 0.0222222 0
0 0.338889 0 0.0194444 0
0 0.659028 0 0.0208333 0
0 0.527083 1 0.120833 0
0 0.560417 0 0.0458333 0
0 0.823611 0 0.0222222 0
0 0.338889 0 0.0194444 0
0 0.659028 0 0.0208333 0
0 0.527083 1 0.120833 0
0 0.560417 0 0.0458333 0
0 0.823611 0 0.0222222 0
0 0.338889 0 0.0194444 0
0 0.659028 0 0.0208333 0
0 0.527083 1 0.120833 0
0 0.560417 0 0.0458333 0
0 0.823611 0 0.0222222 0
0 0.338889 0 0.0194444 0
0 0.659028 0 0.0208333 0
0 0.527083 1 0.120833 0
0 0.560417 0 0.0458333 0
0 0.823611 0 0.0222222 0
0 0.338889 0 0.0194444 0
0 0.659028 0 0.0208333 0
0 0.527083 1 0.120833 0
0 0.560417 0 0.0458333 0
0 0.823611 0 0.0222222 0
0 0.338889 0 0.0194444 0
0 0.659028 0 0.0208333 0
0 0.527083 1 0.120833 0
0 0.560417 0 0.0458333 0
0 0.823611 0 0.0222222 0
0 0.338889 0 0.0194444 0
0 0.659028 0 0.0208333 0
0 0.527083 1 0.120833 0
0 0.560417 0 0.0458333 0
0 0.823611 0 0.0222222 0
0 0.338889 0 0.0194444 0
0 0.659028 0 0.0208333 0
0 0.527083 1 0.120833 0
0 0.560417 0 0.0458333 0
0 0.823611 0 0.0222222 0
0 0.338889 0 0.0194444 0
0 0.659028 0 0.0208333 0
0 0.560417 0 0.0430556 0
0 0.527083 1 0.120833 0
0 0.823611 0 0.0222222 0
0 0.338889 0 0.0194444 0
0 0.659028 0 0.0208333 0
0 0.527778 1 0.119444 0
0 0.559722 0 0.0444444 0
0 0.823611 0 0.0222222 0
0 0.338889 0 0.0194444 0
0 0.659028 0 0.0208333 0
0 0.456944 0 0.0388889 0
0 0.527778 1 0.119444 0
0 0.560417 0 0.0458333 0
0 0.823611 0 0.0222222 0
0 0.338889 0 0.0194444 0
0 0.659028 0 0.0208333 0
0 0.527778 1 0.119444 0
0 0.560417 0 0.0458333 0
0 0.823611 0 0.0222222 0
0 0.338889 0 0.0194444 0
0 0.659028 0 0.0208333 0
0 0.527778 1 0.119444 0
0 0.560417 0 0.0430556 0
0 0.823611 0 0.0222222 0
0 0.338889 0 0.0194444 0
0 0.659028 0 0.0208333 0
0 0.527778 1 0.119444 0
0 0.560417 0 0.0430556 0
0 0.823611 0 0.0222222 0
0 0.338889 0 0.0194444 0
0 0.659722 0 0.0194444 0
0 0.560417 0 0.0430556 0
0 0.529167 1 0.116667 0
0 0.823611 0 0.0222222 0
0 0.338889 0 0.0194444 0
0 0.659028 0 0.0208333 0
0 0.560417 0 0.0458333 0
0 0.529861 1 0.115278 0
0 0.823611 0 0.0222222 0
0 0.338889 0 0.0194444 0
0 0.659028 0 0.0208333 0
0 0.250694 0 0.00694444 0
0 0.560417 0 0.0458333 0
0 0.529861 1 0.115278 0
0 0.823611 0 0.0222222 0
0 0.338889 0 0.0194444 0
0 0.659722 0 0.0194444 0
0 0.560417 0 0.0458333 0
0 0.529861 1 0.115278 0
0 0.823611 0 0.0222222 0
0 0.338889 0 0.0194444 0
0 0.659028 0 0.0208333 0
0 0.560417 0 0.0430556 0
0 0.529861 1 0.115278 0
0 0.823611 0 0.0222222 0
0 0.338889 0 0.0194444 0
0 0.659028 0 0.0208333 0
0 0.560417 0 0.0458333 0
0 0.529861 1 0.115278 0
0 0.823611 0 0.0222222 0
0 0.338889 0 0.0194444 0
0 0.659028 0 0.0208333 0
0 0.560417 0 0.0458333 0
0 0.529861 1 0.115278 0
0 0.823611 0 0.0222222 0
0 0.338889 0 0.0194444 0
0 0.659028 0 0.0208333 0
0 0.560417 0 0.0458333 0
0 0.529861 1 0.115278 0
0 0.823611 0 0.0222222 0
0 0.338889 0 0.0194444 0
0 0.659028 0 0.0208333 0
0 0.529861 1 0.115278 0
0 0.560417 0 0.0458333 0
0 0.823611 0 0.0222222 0
0 0.338889 0 0.0194444 0
0 0.659028 0 0.0208333 0
0 0.560417 0 0.0458333 0
0 0.529861 1 0.115278 0
0 0.823611 0 0.0222222 0
0 0.338889 0 0.0194444 0
0 0.659722 0 0.0194444 0
0 0.560417 0 0.0458333 0
0 0.529861 1 0.115278 0
0 0.823611 0 0.0222222 0
0 0.338889 0 0.0194444 0
0 0.659028 0 0.0208333 0
0 0.560417 0 0.0430556 0
0 0.529861 1 0.115278 0
0 0.823611 0 0.0222222 0
0 0.338889 0 0.0194444 0
0 0.659028 0 0.0208333 0
0 0.560417 0 0.0430556 0
0 0.529167 1 0.116667 0
0 0.823611 0 0.0222222 0
0 0.338889 0 0.0194444 0
0 0.659028 0 0.0208333 0
0 0.560417 0 0.0458333 0
0 0.529861 1 0.115278 0
0 0.823611 0 0.0222222 0
0 0.338889 0 0.0194444 0
0 0.659028 0 0.0208333 0
0 0.560417 0 0.0458333 0
0 0.529861 1 0.115278 0
0 0.823611 0 0.0222222 0
0 0.338889 0 0.0194444 0
0 0.659028 0 0.0208333 0
0 0.560417 0 0.0458333 0
0 0.529167 1 0.116667 0
0 0.823611 0 0.0222222 0
0 0.338889 0 0.0194444 0
0 0.659028 0 0.0208333 0
0 0.560417 0 0.0458333 0
0 0.529167 1 0.116667 0
0 0.823611 0 0.0222222 0
0 0.338889 0 0.0194444 0
0 0.659028 0 0.0208333 0
0 0.560417 0 0.0430556 0
0 0.527778 1 0.119444 0
0 0.823611 0 0.0222222 0
0 0.338889 0 0.0194444 0
0 0.659028 0 0.0208333 0
0 0.527083 1 0.120833 0
0 0.560417 0 0.0458333 0
0 0.823611 0 0.0222222 0
0 0.338889 0 0.0194444 0
0 0.659028 0 0.0208333 0
0 0.527083 1 0.120833 0
0 0.560417 0 0.0458333 0
0 0.823611 0 0.0222222 0
0 0.338889 0 0.0194444 0
0 0.659028 0 0.0208333 0
0 0.527083 1 0.120833 0
0 0.560417 0 0.0458333 0
0 0.823611 0 0.0222222 0
0 0.338889 0 0.0194444 0
0 0.659028 0 0.0208333 0
0 0.456944 0 0.0388889 0
0 0.527083 1 0.120833 0
0 0.560417 0 0.0458333 0
0 0.823611 0 0.0222222 0
0 0.338889 0 0.0194444 0
0 0.659028 0 0.0208333 0
0 0.527083 1 0.120833 0
0 0.560417 0 0.0430556 0
0 0.823611 0 0.0222222 0
0 0.338889 0 0.0194444 0
0 0.659028 0 0.0208333 0
0 0.527083 1 0.120833 0
0 0.560417 0 0.0458333 0
0 0.823611 0 0.0222222 0
0 0.338889 0 0.0194444 0
0 0.659028 0 0.0208333 0
0 0.527083 1 0.120833 0
0 0.560417 0 0.0430556 0
0 0.823611 0 0.0222222 0
0 0.338889 0 0.0194444 0
0 0.659028 0 0.0208333 0
0 0.527083 1 0.120833 0
0 0.560417 0 0.0458333 0
0 0.823611 0 0.0222222 0
0 0.338889 0 0.0194444 0
0 0.659028 0 0.0208333 0
0 0.527083 1 0.120833 0
0 0.560417 0 0.0458333 0
0 0.823611 0 0.0222222 0
0 0.338889 0 0.0194444 0
0 0.659028 0 0.0208333 0
0 0.527083 1 0.120833 0
0 0.560417 0 0.0458333 0
0 0.823611 0 0.0222222 0
0 0.338889 0 0.0194444 0
0 0.659028 0 0.0208333 0
0 0.560417 0 0.0430556 0
0 0.527083 1 0.120833 0
0 0.823611 0 0.0222222 0
0 0.338889 0 0.0194444 0
0 0.659028 0 0.0208333 0
0 0.527778 1 0.119444 0
0 0.560417 0 0.0430556 0
0 0.823611 0 0.0222222 0
0 0.338889 0 0.0194444 0
0 0.659028 0 0.0208333 0
0 0.528472 1 0.118056 0
0 0.559722 0 0.0444444 0
0 0.822917 0 0.0208333 0
0 0.338889 0 0.0194444 0
0 0.659028 0 0.0208333 0
0 0.528472 1 0.118056 0
0 0.560417 0 0.0458333 0
0 0.823611 0 0.0222222 0
0 0.338889 0 0.0194444 0
0 0.659028 0 0.0208333 0
0 0.529167 1 0.116667 0
0 0.560417 0 0.0458333 0
0 0.823611 0 0.0222222 0
0 0.338889 0 0.0194444 0
0 0.659028 0 0.0208333 0
0 0.527778 1 0.119444 0
0 0.560417 0 0.0458333 0
0 0.823611 0 0.0222222 0
0 0.338889 0 0.0194444 0
0 0.659028 0 0.0208333 0
0 0.263889 0 0.00833333 0
0 0.560417 0 0.0430556 0
0 0.527778 1 0.119444 0
0 0.823611 0 0.0222222 0
0 0.338889 0 0.0194444 0
0 0.659028 0 0.0208333 0
0 0.527778 1 0.119444 0
0 0.560417 0 0.0430556 0
0 0.823611 0 0.0222222 0
0 0.338889 0 0.0194444 0
0 0.659028 0 0.0208333 0
0 0.456944 0 0.0388889 0
0 0.527778 1 0.119444 0
0 0.560417 0 0.0458333 0
0 0.823611 0 0.0222222 0
0 0.338889 0 0.0194444 0
0 0.659028 0 0.0208333 0
0 0.560417 0 0.0430556 0
0 0.527778 1 0.119444 0
0 0.823611 0 0.0222222 0
0 0.338889 0 0.0194444 0
0 0.659028 0 0.0208333 0
0 0.456944 0 0.0388889 0
0 0.528472 1 0.118056 0
0 0.560417 0 0.0458333 0
0 0.823611 0 0.0222222 0
0 0.338889 0 0.0194444 0
0 0.659028 0 0.0208333 0
0 0.456944 0 0.0388889 0
0 0.527778 1 0.119444 0
0 0.560417 0 0.0430556 0
0 0.823611 0 0.0222222 0
0 0.338889 0 0.0194444 0
0 0.659722 0 0.0194444 0
0 0.456944 0 0.0388889 0
0 0.561111 0 0.0416667 0
0 0.527778 1 0.119444 0
0 0.823611 0 0.0222222 0
0 0.338889 0 0.0194444 0
0 0.659722 0 0.0194444 0
0 0.456944 0 0.0388889 0
0 0.527778 1 0.119444 0
0 0.560417 0 0.0458333 0
0 0.823611 0 0.0222222 0
0 0.338889 0 0.0194444 0
0 0.659028 0 0.0208333 0
0 0.456944 0 0.0388889 0
0 0.527778 1 0.119444 0
0 0.560417 0 0.0458333 0
0 0.823611 0 0.0222222 0
0 0.338889 0 0.0194444 0
0 0.659028 0 0.0208333 0
0 0.560417 0 0.0430556 0
0 0.527778 1 0.119444 0
0 0.823611 0 0.0222222 0
0 0.338889 0 0.0194444 0
0 0.659028 0 0.0208333 0
0 0.456944 0 0.0388889 0
0 0.527778 1 0.119444 0
0 0.560417 0 0.0458333 0
0 0.823611 0 0.0222222 0
0 0.338889 0 0.0194444 0
0 0.659028 0 0.0208333 0
0 0.456944 0 0.0388889 0
0 0.560417 0 0.0458333 0
0 0.527778 1 0.119444 0
0 0.823611 0 0.0222222 0
0 0.338889 0 0.0194444 0
0 0.659028 0 0.0208333 0
0 0.560417 0 0.0458333 0
0 0.529167 1 0.116667 0
0 0.823611 0 0.0222222 0
0 0.338889 0 0.0194444 0
0 0.659028 0 0.0208333 0
0 0.456944 0 0.0388889 0
0 0.560417 0 0.0458333 0
0 0.528472 1 0.118056 0
0 0.823611 0 0.0222222 0
0 0.338889 0 0.0194444 0
0 0.659722 0 0.0194444 0
0 0.456944 0 0.0388889 0
0 0.560417 0 0.0430556 0
0 0.529167 1 0.116667 0
0 0.823611 0 0.0222222 0
0 0.338889 0 0.0194444 0
0 0.659722 0 0.0194444 0
0 0.560417 0 0.0430556 0
0 0.529861 1 0.115278 0
0 0.823611 0 0.0222222 0
0 0.338889 0 0.0194444 0
0 0.659028 0 0.0208333 0
0 0.456944 0 0.0388889 0
0 0.560417 0 0.0430556 0
0 0.529167 1 0.116667 0
0 0.823611 0 0.0222222 0
0 0.338889 0 0.0194444 0
0 0.659028 0 0.0208333 0
0 0.561111 0 0.0416667 0
0 0.529167 1 0.116667 0
0 0.823611 0 0.0222222 0
0 0.338889 0 0.0194444 0
0 0.659028 0 0.0208333 0
0 0.560417 0 0.0430556 0
0 0.528472 1 0.118056 0
0 0.823611 0 0.0222222 0
0 0.338889 0 0.0194444 0
0 0.659028 0 0.0208333 0
0 0.561806 0 0.0430556 0
0 0.528472 1 0.118056 0
0 0.823611 0 0.0222222 0
0 0.338889 0 0.0194444 0
0 0.659028 0 0.0208333 0
0 0.456944 0 0.0388889 0
0 0.527778 1 0.119444 0
0 0.560417 0 0.0458333 0
0 0.823611 0 0.0222222 0
0 0.338889 0 0.0194444 0
0 0.659028 0 0.0208333 0
0 0.456944 0 0.0388889 0
0 0.527778 1 0.119444 0
0 0.560417 0 0.0458333 0
0 0.823611 0 0.0222222 0
0 0.338889 0 0.0194444 0
0 0.659028 0 0.0208333 0
0 0.456944 0 0.0388889 0
0 0.528472 1 0.118056 0
0 0.560417 0 0.0458333 0
0 0.823611 0 0.0222222 0
0 0.338889 0 0.0194444 0
0 0.659028 0 0.0208333 0
0 0.560417 0 0.0430556 0
0 0.529167 1 0.116667 0
0 0.823611 0 0.0222222 0
0 0.338889 0 0.0194444 0
0 0.659722 0 0.0194444 0
0 0.456944 0 0.0388889 0
0 0.560417 0 0.0458333 0
0 0.529167 1 0.116667 0
0 0.823611 0 0.0222222 0
0 0.338889 0 0.0194444 0
0 0.659722 0 0.0194444 0
0 0.456944 0 0.0388889 0
0 0.560417 0 0.0458333 0
0 0.529167 1 0.116667 0
0 0.823611 0 0.0222222 0
0 0.338889 0 0.0194444 0
0 0.659722 0 0.0194444 0
0 0.456944 0 0.0388889 0
0 0.529167 1 0.116667 0
0 0.560417 0 0.0458333 0
0 0.823611 0 0.0222222 0
0 0.338889 0 0.0194444 0
0 0.659028 0 0.0208333 0
0 0.456944 0 0.0388889 0
0 0.529167 1 0.116667 0
0 0.560417 0 0.0458333 0
0 0.823611 0 0.0222222 0
0 0.338889 0 0.0194444 0
0 0.659028 0 0.0208333 0
0 0.456944 0 0.0388889 0
0 0.529167 1 0.116667 0
0 0.560417 0 0.0458333 0
0 0.823611 0 0.0222222 0
0 0.338889 0 0.0194444 0
0 0.659028 0 0.0208333 0
0 0.456944 0 0.0388889 0
0 0.560417 0 0.0458333 0
0 0.529861 1 0.115278 0
0 0.823611 0 0.0222222 0
0 0.338889 0 0.0194444 0
0 0.659028 0 0.0208333 0
0 0.456944 0 0.0388889 0
0 0.529861 1 0.115278 0
0 0.560417 0 0.0458333 0
0 0.823611 0 0.0222222 0
0 0.338889 0 0.0194444 0
0 0.659028 0 0.0208333 0
0 0.456944 0 0.0388889 0
0 0.529861 1 0.115278 0
0 0.560417 0 0.0458333 0
0 0.823611 0 0.0222222 0
0 0.338889 0 0.0194444 0
0 0.659028 0 0.0208333 0
0 0.456944 0 0.0388889 0
0 0.529861 1 0.115278 0
0 0.560417 0 0.0458333 0
0 0.823611 0 0.0222222 0
0 0.338889 0 0.0194444 0
0 0.659028 0 0.0208333 0
0 0.456944 0 0.0388889 0
0 0.560417 0 0.0458333 0
0 0.529861 1 0.115278 0
0 0.823611 0 0.0222222 0
0 0.338889 0 0.0194444 0
