0 0.569444 0 0.0111111 0
0 0.438889 1 0.0305556 0
0 0.570139 0 0.00972222 0
0 0.438889 1 0.0305556 0
0 0.569444 0 0.0111111 0
0 0.438889 1 0.0305556 0
0 0.570139 0 0.00972222 0
0 0.438194 1 0.0291667 0
0 0.570139 0 0.00972222 0
0 0.438889 1 0.0305556 0
0 0.570139 0 0.00972222 0
0 0.438889 1 0.0305556 0
0 0.569444 0 0.0111111 0
0 0.438889 1 0.0305556 0
0 0.570139 0 0.00972222 0
0 0.438889 1 0.0305556 0
0 0.569444 0 0.0111111 0
0 0.438889 1 0.0305556 0
0 0.570139 0 0.00972222 0
0 0.438194 1 0.0291667 0
0 0.570139 0 0.00972222 0
0 0.438194 1 0.0291667 0
0 0.570139 0 0.00972222 0
0 0.438194 1 0.0291667 0
0 0.570139 0 0.00972222 0
0 0.438194 1 0.0291667 0
0 0.570833 0 0.0111111 0
0 0.438194 1 0.0291667 0
0 0.570139 0 0.00972222 0
0 0.438194 1 0.0291667 0
0 0.570139 0 0.0125 0
0 0.438194 1 0.0291667 0
0 0.570139 0 0.00972222 0
0 0.438889 1 0.0305556 0
0 0.569444 0 0.0111111 0
0 0.438194 1 0.0291667 0
0 0.570139 0 0.00972222 0
0 0.438194 1 0.0291667 0
0 0.570139 0 0.00972222 0
0 0.438889 1 0.0305556 0
0 0.570139 0 0.00972222 0
0 0.438194 1 0.0291667 0
0 0.570139 0 0.00972222 0
0 0.438194 1 0.0291667 0
0 0.570139 0 0.00972222 0
0 0.438194 1 0.0291667 0
0 0.570139 0 0.00972222 0
0 0.438194 1 0.0291667 0
0 0.570139 0 0.00972222 0
0 0.438194 1 0.0291667 0
0 0.569444 0 0.0111111 0
0 0.438194 1 0.0291667 0
0 0.569444 0 0.0111111 0
0 0.438194 1 0.0291667 0
0 0.570139 0 0.00972222 0
0 0.438194 1 0.0291667 0
0 0.569444 0 0.0111111 0
0 0.438194 1 0.0291667 0
0 0.570139 0 0.00972222 0
0 0.438194 1 0.0291667 0
0 0.570139 0 0.00972222 0
0 0.438194 1 0.0291667 0
0 0.570139 0 0.00972222 0
0 0.438194 1 0.0291667 0
0 0.569444 0 0.0111111 0
0 0.438194 1 0.0291667 0
0 0.570139 0 0.00972222 0
0 0.438194 1 0.0291667 0
0 0.570139 0 0.00972222 0
0 0.438194 1 0.0291667 0
0 0.570139 0 0.00972222 0
0 0.438194 1 0.0291667 0
0 0.570139 0 0.00972222 0
0 0.438194 1 0.0291667 0
0 0.570139 0 0.00972222 0
0 0.438194 1 0.0291667 0
0 0.570139 0 0.00972222 0
0 0.438194 1 0.0291667 0
0 0.570139 0 0.0125 0
0 0.438194 1 0.0291667 0
0 0.570139 0 0.00972222 0
0 0.438194 1 0.0291667 0
0 0.569444 0 0.0111111 0
0 0.438194 1 0.0291667 0
0 0.570139 0 0.00972222 0
0 0.438194 1 0.0291667 0
0 0.570139 0 0.00972222 0
0 0.438194 1 0.0291667 0
0 0.570139 0 0.00972222 0
0 0.438194 1 0.0291667 0
0 0.570139 0 0.00972222 0
0 0.438194 1 0.0291667 0
0 0.570139 0 0.00972222 0
0 0.438194 1 0.0291667 0
0 0.569444 0 0.0111111 0
0 0.438194 1 0.0291667 0
0 0.570139 0 0.00972222 0
0 0.438194 1 0.0291667 0
0 0.570139 0 0.00972222 0
0 0.438194 1 0.0291667 0
0 0.570139 0 0.00972222 0
0 0.438194 1 0.0291667 0
0 0.570139 0 0.00972222 0
0 0.438194 1 0.0291667 0
0 0.570139 0 0.0125 0
0 0.439583 1 0.0291667 0
0 0.570833 0 0.0111111 0
0 0.439583 1 0.0291667 0
0 0.571528 0 0.00972222 0
0 0.440972 1 0.0291667 0
0 0.441667 1 0.0305556 0
0 0.440972 1 0.0291667 0
0 0.442361 1 0.0291667 0
0 0.572222 0 0.0111111 0
0 0.442361 1 0.0291667 0
0 0.572222 0 0.0111111 0
0 0.443056 1 0.0305556 0
0 0.573611 0 0.0111111 0
0 0.376389 0 0.0138889 0
0 0.44375 1 0.0291667 0
0 0.573611 0 0.0111111 0
0 0.445139 1 0.0291667 0
0 0.575694 0 0.0125 0
0 0.446528 1 0.0291667 0
0 0.576389 0 0.0111111 0
0 0.447222 1 0.0305556 0
0 0.576389 0 0.0111111 0
0 0.447222 1 0.0305556 0
0 0.377083 0 0.0125 0
0 0.576389 0 0.0111111 0
0 0.447917 1 0.0319444 0
0 0.509028 0 0.0347222 0
0 0.377778 0 0.0138889 0
0 0.577778 0 0.0111111 0
0 0.449306 1 0.0319444 0
0 0.377083 0 0.0125 0
0 0.577778 0 0.0111111 0
0 0.450694 1 0.0319444 0
0 0.451389 1 0.0333333 0
0 0.453472 1 0.0319444 0
0 0.453472 1 0.0319444 0
0 0.5125 0 0.0361111 0
0 0.453472 1 0.0319444 0
0 0.454167 1 0.0305556 0
0 0.455556 1 0.0305556 0
0 0.45625 1 0.0291667 0
0 0.457639 1 0.0291667 0
0 0.459028 1 0.0263889 0
0 0.590278 0 0.0111111 0
0 0.460417 1 0.0263889 0
0 0.590972 0 0.0125 0
0 0.461111 1 0.025 0
0 0.520139 0 0.0347222 0
0 0.592361 0 0.0125 0
0 0.461111 1 0.025 0
0 0.465278 1 0.0305556 0
0 0.594444 0 0.0138889 0
0 0.595833 0 0.0138889 0
0 0.470833 1 0.0361111 0
0 0.597222 0 0.0111111 0
0 0.473611 1 0.0388889 0
0 0.381944 0 0.0138889 0
0 0.599306 0 0.0125 0
0 0.475694 1 0.0375 0
0 0.6 0 0.0111111 0
0 0.477083 1 0.0375 0
0 0.480556 1 0.0333333 0
0 0.383333 0 0.0138889 0
0 0.601389 0 0.0138889 0
0 0.486806 1 0.0347222 0
0 0.383333 0 0.0138889 0
0 0.601389 0 0.0138889 0
0 0.493056 1 0.0138889 0
0 0.384028 0 0.0152778 0
0 0.49375 1 0.0236111 0
0 0.384028 0 0.0152778 0
0 0.49375 1 0.0236111 0
0 0.533333 0 0.0388889 0
0 0.609028 0 0.0125 0
0 0.498611 1 0.0277778 0
0 0.533333 0 0.0388889 0
0 0.609028 0 0.0125 0
0 0.498611 1 0.0277778 0
0 0.610417 0 0.0125 0
0 0.499306 1 0.0319444 0
0 0.727083 0 0.0125 0
0 0.501389 1 0.0333333 0
0 0.613889 0 0.0138889 0
0 0.502778 1 0.0361111 0
0 0.613889 0 0.0138889 0
0 0.504167 1 0.0388889 0
0 0.615278 0 0.0138889 0
0 0.505556 1 0.0388889 0
0 0.3875 0 0.0138889 0
0 0.540972 0 0.0375 0
0 0.733333 0 0.0138889 0
0 0.615972 0 0.0125 0
0 0.506944 1 0.0388889 0
0 0.618056 0 0.0138889 0
0 0.508333 1 0.0416667 0
0 0.509722 1 0.0444444 0
0 0.61875 0 0.0125 0
0 0.510417 1 0.0430556 0
0 0.61875 0 0.0125 0
0 0.511111 1 0.0444444 0
0 0.542361 0 0.0347222 0
0 0.619444 0 0.0138889 0
0 0.388889 0 0.0138889 0
0 0.513889 1 0.0444444 0
0 0.54375 0 0.0375 0
0 0.388889 0 0.0138889 0
0 0.622222 0 0.0138889 0
0 0.516667 1 0.0444444 0
0 0.543056 0 0.0388889 0
0 0.390278 0 0.0138889 0
0 0.623611 0 0.0138889 0
0 0.51875 1 0.0430556 0
0 0.745833 0 0.0138889 0
0 0.545139 0 0.0375 0
0 0.625 0 0.0138889 0
0 0.522222 1 0.0472222 0
0 0.545833 0 0.0388889 0
0 0.625694 0 0.0125 0
0 0.523611 1 0.0472222 0
0 0.627083 0 0.0125 0
0 0.527083 1 0.0486111 0
0 0.627083 0 0.0125 0
0 0.527083 1 0.0486111 0
0 0.390278 0 0.0138889 0
0 0.628472 0 0.0125 0
0 0.547917 0 0.0402778 0
0 0.529167 1 0.05 0
0 0.390278 0 0.0138889 0
0 0.630556 0 0.0138889 0
0 0.533333 1 0.05 0
0 0.390278 0 0.0138889 0
0 0.631944 0 0.0138889 0
0 0.534028 1 0.0513889 0
0 0.551389 0 0.0416667 0
0 0.632639 0 0.0152778 0
0 0.757639 0 0.0152778 0
0 0.536111 1 0.0638889 0
0 0.633333 0 0.0166667 0
0 0.538194 1 0.0625 0
0 0.538194 1 0.0625 0
0 0.552778 0 0.0416667 0
0 0.634722 0 0.0166667 0
0 0.539583 1 0.0541667 0
0 0.763889 0 0.0138889 0
0 0.636111 0 0.0166667 0
0 0.543056 1 0.0555556 0
0 0.763889 0 0.0138889 0
0 0.636111 0 0.0166667 0
0 0.543056 1 0.0555556 0
0 0.6375 0 0.0166667 0
0 0.544444 1 0.0555556 0
0 0.6375 0 0.0138889 0
0 0.545833 1 0.0583333 0
0 0.639583 0 0.0152778 0
0 0.547222 1 0.0583333 0
0 0.55625 0 0.0458333 0
0 0.639583 0 0.0152778 0
0 0.547917 1 0.0625 0
0 0.386111 0 0.0166667 0
0 0.640972 0 0.0152778 0
0 0.548611 1 0.0611111 0
0 0.641667 0 0.0138889 0
0 0.55 1 0.0611111 0
0 0.775694 0 0.0152778 0
0 0.64375 0 0.0152778 0
0 0.550694 1 0.0625 0
0 0.775694 0 0.0152778 0
0 0.64375 0 0.0152778 0
0 0.550694 1 0.0625 0
0 0.64375 0 0.0152778 0
0 0.384028 0 0.0152778 0
0 0.552083 1 0.0652778 0
0 0.64375 0 0.0152778 0
0 0.384028 0 0.0152778 0
0 0.552083 1 0.0652778 0
0 0.644444 0 0.0166667 0
0 0.382639 0 0.0152778 0
0 0.551389 1 0.0638889 0
0 0.644444 0 0.0166667 0
0 0.552083 1 0.0652778 0
0 0.552778 1 0.0666667 0
0 0.645833 0 0.0166667 0
0 0.552083 1 0.0680556 0
0 0.646528 0 0.0180556 0
0 0.552083 1 0.0680556 0
0 0.38125 0 0.0180556 0
0 0.645833 0 0.0194444 0
0 0.552083 1 0.0708333 0
0 0.646528 0 0.0180556 0
0 0.782639 0 0.0152778 0
0 0.551389 1 0.0722222 0
0 0.379861 0 0.0180556 0
0 0.645833 0 0.0166667 0
0 0.782639 0 0.0152778 0
0 0.550694 1 0.0736111 0
0 0.645833 0 0.0166667 0
0 0.783333 0 0.0166667 0
0 0.55 1 0.0722222 0
0 0.557639 0 0.0513889 0
0 0.646528 0 0.0180556 0
0 0.378472 0 0.0180556 0
0 0.783333 0 0.0166667 0
0 0.55 1 0.075 0
0 0.377778 0 0.0166667 0
0 0.783333 0 0.0166667 0
0 0.646528 0 0.0180556 0
0 0.548611 1 0.0777778 0
0 0.784028 0 0.0180556 0
0 0.646528 0 0.0208333 0
0 0.377083 0 0.0180556 0
0 0.547917 1 0.0791667 0
0 0.784028 0 0.0180556 0
0 0.376389 0 0.0166667 0
0 0.646528 0 0.0180556 0
0 0.547917 1 0.0763889 0
0 0.376389 0 0.0166667 0
0 0.645833 0 0.0194444 0
0 0.547222 1 0.0777778 0
0 0.646528 0 0.0180556 0
0 0.375694 0 0.0152778 0
0 0.546528 1 0.0763889 0
0 0.374306 0 0.0180556 0
0 0.646528 0 0.0180556 0
0 0.545139 1 0.0763889 0
0 0.373611 0 0.0166667 0
0 0.645833 0 0.0166667 0
0 0.543056 1 0.0777778 0
0 0.645833 0 0.0166667 0
0 0.541667 1 0.0777778 0
0 0.645833 0 0.0166667 0
0 0.540972 1 0.0791667 0
0 0.372917 0 0.0180556 0
0 0.645833 0 0.0166667 0
0 0.540278 1 0.0805556 0
0 0.372222 0 0.0166667 0
0 0.645833 0 0.0166667 0
0 0.5375 1 0.0805556 0
0 0.371528 0 0.0180556 0
0 0.645139 0 0.0152778 0
0 0.536111 1 0.0805556 0
0 0.370833 0 0.0166667 0
0 0.645139 0 0.0152778 0
0 0.534722 1 0.0805556 0
0 0.370833 0 0.0166667 0
0 0.645139 0 0.0152778 0
0 0.534028 1 0.0819444 0
0 0.370833 0 0.0166667 0
0 0.645139 0 0.0152778 0
0 0.533333 1 0.0805556 0
0 0.369444 0 0.0166667 0
0 0.64375 0 0.0152778 0
0 0.530556 1 0.0777778 0
0 0.64375 0 0.0152778 0
0 0.529861 1 0.0763889 0
0 0.553472 0 0.0458333 0
0 0.64375 0 0.0152778 0
0 0.529861 1 0.0763889 0
0 0.64375 0 0.0152778 0
0 0.529167 1 0.0722222 0
0 0.64375 0 0.0152778 0
0 0.527778 1 0.0694444 0
0 0.365972 0 0.0180556 0
0 0.64375 0 0.0152778 0
0 0.527083 1 0.0680556 0
0 0.365278 0 0.0166667 0
0 0.643056 0 0.0166667 0
0 0.525694 1 0.0652778 0
0 0.364583 0 0.0152778 0
0 0.64375 0 0.0152778 0
0 0.525694 1 0.0763889 0
0 0.363889 0 0.0166667 0
0 0.64375 0 0.0152778 0
0 0.525694 1 0.0736111 0
0 0.363889 0 0.0166667 0
0 0.643056 0 0.0166667 0
0 0.525 1 0.0638889 0
0 0.7875 0 0.0166667 0
0 0.363889 0 0.0166667 0
0 0.643056 0 0.0166667 0
0 0.525 1 0.0611111 0
0 0.786111 0 0.0166667 0
0 0.363889 0 0.0166667 0
0 0.643056 0 0.0166667 0
0 0.523611 1 0.0638889 0
0 0.3625 0 0.0166667 0
0 0.7875 0 0.0166667 0
0 0.64375 0 0.0152778 0
0 0.522222 1 0.0638889 0
0 0.3625 0 0.0166667 0
0 0.643056 0 0.0166667 0
0 0.521528 1 0.0652778 0
0 0.643056 0 0.0166667 0
0 0.521528 1 0.0652778 0
0 0.64375 0 0.0180556 0
0 0.520139 1 0.0680556 0
0 0.643056 0 0.0166667 0
0 0.520139 1 0.0652778 0
0 0.642361 0 0.0180556 0
0 0.520833 1 0.0638889 0
0 0.642361 0 0.0180556 0
0 0.520139 1 0.0625 0
0 0.642361 0 0.0180556 0
0 0.519444 1 0.0638889 0
0 0.642361 0 0.0180556 0
0 0.518056 1 0.0666667 0
0 0.641667 0 0.0194444 0
0 0.51875 1 0.0652778 0
0 0.642361 0 0.0208333 0
0 0.520139 1 0.0625 0
0 0.642361 0 0.0180556 0
0 0.520139 1 0.0625 0
0 0.786806 0 0.0180556 0
0 0.642361 0 0.0180556 0
0 0.520833 1 0.0638889 0
0 0.642361 0 0.0180556 0
0 0.520139 1 0.0652778 0
0 0.786806 0 0.0180556 0
0 0.643056 0 0.0194444 0
0 0.520833 1 0.0638889 0
0 0.786806 0 0.0180556 0
0 0.642361 0 0.0180556 0
0 0.520833 1 0.0666667 0
0 0.786806 0 0.0180556 0
0 0.642361 0 0.0180556 0
0 0.520833 1 0.0666667 0
0 0.7875 0 0.0166667 0
0 0.643056 0 0.0166667 0
0 0.520833 1 0.0638889 0
0 0.549306 0 0.0430556 0
0 0.643056 0 0.0194444 0
0 0.520833 1 0.0638889 0
0 0.7875 0 0.0166667 0
0 0.643056 0 0.0194444 0
0 0.522222 1 0.0666667 0
0 0.643056 0 0.0194444 0
0 0.523611 1 0.0666667 0
0 0.361806 0 0.0180556 0
0 0.643056 0 0.0194444 0
0 0.522917 1 0.0680556 0
0 0.643056 0 0.0194444 0
0 0.523611 1 0.0638889 0
0 0.643056 0 0.0194444 0
0 0.523611 1 0.0638889 0
0 0.550694 0 0.0486111 0
0 0.644444 0 0.0166667 0
0 0.523611 1 0.0638889 0
0 0.643056 0 0.0194444 0
0 0.523611 1 0.0638889 0
0 0.644444 0 0.0194444 0
0 0.525 1 0.075 0
0 0.3625 0 0.0166667 0
0 0.645139 0 0.0180556 0
0 0.788889 0 0.0166667 0
0 0.524306 1 0.0763889 0
0 0.644444 0 0.0194444 0
0 0.789583 0 0.0180556 0
0 0.524306 1 0.0652778 0
0 0.3625 0 0.0166667 0
0 0.645139 0 0.0180556 0
0 0.789583 0 0.0180556 0
0 0.525694 1 0.0652778 0
0 0.3625 0 0.0166667 0
0 0.789583 0 0.0180556 0
0 0.644444 0 0.0194444 0
0 0.526389 1 0.0666667 0
0 0.790278 0 0.0194444 0
0 0.3625 0 0.0166667 0
0 0.645139 0 0.0180556 0
0 0.526389 1 0.0666667 0
0 0.790278 0 0.0194444 0
0 0.3625 0 0.0166667 0
0 0.645139 0 0.0180556 0
0 0.527778 1 0.0666667 0
0 0.789583 0 0.0180556 0
0 0.363194 0 0.0152778 0
0 0.645833 0 0.0194444 0
0 0.528472 1 0.0652778 0
0 0.790278 0 0.0194444 0
0 0.363194 0 0.0180556 0
0 0.645833 0 0.0166667 0
0 0.528472 1 0.0680556 0
0 0.363194 0 0.0180556 0
0 0.645833 0 0.0194444 0
0 0.529167 1 0.0694444 0
0 0.364583 0 0.0180556 0
0 0.645833 0 0.0194444 0
0 0.529861 1 0.0708333 0
0 0.364583 0 0.0180556 0
0 0.646528 0 0.0180556 0
0 0.531944 1 0.0722222 0
0 0.363889 0 0.0166667 0
0 0.646528 0 0.0180556 0
0 0.532639 1 0.0736111 0
0 0.552778 0 0.0472222 0
0 0.364583 0 0.0180556 0
0 0.647222 0 0.0194444 0
0 0.532639 1 0.0736111 0
0 0.219444 0 0.0166667 0
0 0.552778 0 0.0472222 0
0 0.365278 0 0.0166667 0
0 0.647222 0 0.0194444 0
0 0.532639 1 0.0736111 0
0 0.220139 0 0.0180556 0
0 0.647222 0 0.0194444 0
0 0.534028 1 0.0736111 0
0 0.553472 0 0.0486111 0
0 0.220139 0 0.0180556 0
0 0.365278 0 0.0166667 0
0 0.647222 0 0.0194444 0
0 0.534028 1 0.0736111 0
0 0.220833 0 0.0166667 0
0 0.554167 0 0.05 0
0 0.365278 0 0.0166667 0
0 0.647917 0 0.0180556 0
0 0.536111 1 0.075 0
0 0.365972 0 0.0180556 0
0 0.220833 0 0.0166667 0
0 0.648611 0 0.0194444 0
0 0.536806 1 0.0763889 0
0 0.554861 0 0.0486111 0
0 0.220833 0 0.0166667 0
0 0.648611 0 0.0194444 0
0 0.365972 0 0.0180556 0
0 0.536806 1 0.0763889 0
0 0.221528 0 0.0180556 0
0 0.554861 0 0.0486111 0
0 0.648611 0 0.0194444 0
0 0.365972 0 0.0180556 0
0 0.5375 1 0.0777778 0
0 0.55625 0 0.0541667 0
0 0.365972 0 0.0180556 0
0 0.648611 0 0.0194444 0
0 0.538194 1 0.0791667 0
0 0.365972 0 0.0180556 0
0 0.649306 0 0.0180556 0
0 0.538889 1 0.0805556 0
0 0.648611 0 0.0194444 0
0 0.538889 1 0.0805556 0
0 0.367361 0 0.0180556 0
0 0.648611 0 0.0166667 0
0 0.540278 1 0.0805556 0
0 0.365972 0 0.0180556 0
0 0.648611 0 0.0166667 0
0 0.540278 1 0.0805556 0
0 0.649306 0 0.0180556 0
0 0.540278 1 0.0805556 0
0 0.648611 0 0.0166667 0
0 0.540278 1 0.0805556 0
0 0.648611 0 0.0166667 0
0 0.540972 1 0.0819444 0
0 0.648611 0 0.0166667 0
0 0.540972 1 0.0819444 0
0 0.367361 0 0.0180556 0
0 0.649306 0 0.0180556 0
0 0.540278 1 0.0833333 0
0 0.368056 0 0.0194444 0
0 0.649306 0 0.0180556 0
0 0.540278 1 0.0833333 0
0 0.649306 0 0.0180556 0
0 0.540972 1 0.0819444 0
0 0.648611 0 0.0166667 0
0 0.540278 1 0.0833333 0
0 0.367361 0 0.0180556 0
0 0.648611 0 0.0166667 0
0 0.540972 1 0.0819444 0
0 0.649306 0 0.0152778 0
0 0.540972 1 0.0819444 0
0 0.79375 0 0.0180556 0
0 0.649306 0 0.0152778 0
0 0.540972 1 0.0819444 0
0 0.79375 0 0.0180556 0
0 0.368056 0 0.0194444 0
0 0.649306 0 0.0152778 0
0 0.540972 1 0.0819444 0
0 0.367361 0 0.0180556 0
0 0.649306 0 0.0152778 0
0 0.540972 1 0.0819444 0
0 0.649306 0 0.0152778 0
0 0.540972 1 0.0819444 0
0 0.79375 0 0.0180556 0
0 0.367361 0 0.0180556 0
0 0.649306 0 0.0152778 0
0 0.540972 1 0.0819444 0
0 0.367361 0 0.0180556 0
0 0.79375 0 0.0180556 0
0 0.649306 0 0.0152778 0
0 0.540972 1 0.0819444 0
0 0.79375 0 0.0180556 0
0 0.367361 0 0.0180556 0
0 0.649306 0 0.0152778 0
0 0.540278 1 0.0805556 0
0 0.79375 0 0.0180556 0
0 0.649306 0 0.0152778 0
0 0.540278 1 0.0805556 0
0 0.79375 0 0.0180556 0
0 0.368056 0 0.0194444 0
0 0.648611 0 0.0166667 0
0 0.540278 1 0.0805556 0
0 0.368056 0 0.0194444 0
0 0.649306 0 0.0152778 0
0 0.540278 1 0.0805556 0
0 0.649306 0 0.0180556 0
0 0.540278 1 0.0805556 0
0 0.793056 0 0.0194444 0
0 0.367361 0 0.0180556 0
0 0.648611 0 0.0166667 0
0 0.539583 1 0.0819444 0
0 0.793056 0 0.0194444 0
0 0.367361 0 0.0180556 0
0 0.648611 0 0.0166667 0
0 0.539583 1 0.0791667 0
0 0.793056 0 0.0194444 0
0 0.366667 0 0.0166667 0
0 0.649306 0 0.0180556 0
0 0.539583 1 0.0791667 0
0 0.366667 0 0.0166667 0
0 0.649306 0 0.0180556 0
0 0.538889 1 0.0805556 0
0 0.647917 0 0.0180556 0
0 0.538889 1 0.0805556 0
0 0.365972 0 0.0180556 0
0 0.648611 0 0.0166667 0
0 0.538889 1 0.0805556 0
0 0.365972 0 0.0180556 0
0 0.648611 0 0.0166667 0
0 0.538889 1 0.0805556 0
0 0.365972 0 0.0180556 0
0 0.55625 0 0.0513889 0
0 0.647917 0 0.0180556 0
0 0.5375 1 0.0805556 0
0 0.365972 0 0.0180556 0
0 0.647917 0 0.0180556 0
0 0.5375 1 0.0805556 0
0 0.554861 0 0.0486111 0
0 0.366667 0 0.0166667 0
0 0.647917 0 0.0180556 0
0 0.5375 1 0.0861111 0
0 0.366667 0 0.0166667 0
0 0.647917 0 0.0180556 0
0 0.5375 1 0.0805556 0
0 0.366667 0 0.0166667 0
0 0.647917 0 0.0180556 0
0 0.536806 1 0.0791667 0
0 0.366667 0 0.0166667 0
0 0.647917 0 0.0180556 0
0 0.536111 1 0.0777778 0
0 0.365972 0 0.0180556 0
0 0.647917 0 0.0180556 0
0 0.536806 1 0.0763889 0
0 0.365972 0 0.0180556 0
0 0.647222 0 0.0166667 0
0 0.536111 1 0.0777778 0
0 0.791667 0 0.0194444 0
0 0.365972 0 0.0180556 0
0 0.647222 0 0.0166667 0
0 0.536111 1 0.075 0
0 0.365972 0 0.0180556 0
0 0.647222 0 0.0166667 0
0 0.536111 1 0.075 0
0 0.365972 0 0.0180556 0
0 0.647222 0 0.0166667 0
0 0.534722 1 0.075 0
0 0.790972 0 0.0208333 0
0 0.365972 0 0.0180556 0
0 0.647222 0 0.0166667 0
0 0.534722 1 0.075 0
0 0.365972 0 0.0180556 0
0 0.647222 0 0.0166667 0
0 0.534722 1 0.075 0
0 0.790278 0 0.0194444 0
0 0.365278 0 0.0194444 0
0 0.647222 0 0.0166667 0
0 0.534028 1 0.0736111 0
0 0.365972 0 0.0180556 0
0 0.647222 0 0.0166667 0
0 0.534722 1 0.075 0
0 0.365972 0 0.0180556 0
0 0.647222 0 0.0166667 0
0 0.534028 1 0.0763889 0
0 0.365972 0 0.0180556 0
0 0.647222 0 0.0166667 0
0 0.534722 1 0.075 0
0 0.365972 0 0.0180556 0
0 0.647222 0 0.0166667 0
0 0.534722 1 0.075 0
0 0.365972 0 0.0180556 0
0 0.646528 0 0.0180556 0
0 0.534028 1 0.0736111 0
0 0.365972 0 0.0180556 0
0 0.646528 0 0.0180556 0
0 0.533333 1 0.075 0
0 0.288194 0 0.00694444 0
0 0.365972 0 0.0180556 0
0 0.646528 0 0.0180556 0
0 0.533333 1 0.075 0
0 0.365278 0 0.0166667 0
0 0.647222 0 0.0166667 0
0 0.533333 1 0.075 0
0 0.365972 0 0.0180556 0
0 0.646528 0 0.0180556 0
0 0.533333 1 0.075 0
0 0.365972 0 0.0180556 0
0 0.646528 0 0.0180556 0
0 0.533333 1 0.075 0
0 0.791667 0 0.0194444 0
0 0.365278 0 0.0166667 0
0 0.647222 0 0.0166667 0
0 0.534028 1 0.0736111 0
0 0.790972 0 0.0180556 0
0 0.365278 0 0.0166667 0
0 0.647222 0 0.0166667 0
0 0.534028 1 0.0736111 0
0 0.790972 0 0.0180556 0
0 0.365278 0 0.0166667 0
0 0.647222 0 0.0166667 0
0 0.534028 1 0.0736111 0
0 0.790972 0 0.0180556 0
0 0.365972 0 0.0180556 0
0 0.647222 0 0.0166667 0
0 0.534028 1 0.0736111 0
0 0.288889 0 0.00833333 0
0 0.790972 0 0.0180556 0
0 0.365278 0 0.0166667 0
0 0.647222 0 0.0166667 0
0 0.534028 1 0.0736111 0
0 0.365278 0 0.0166667 0
0 0.646528 0 0.0180556 0
0 0.534028 1 0.0736111 0
0 0.790278 0 0.0194444 0
0 0.365278 0 0.0166667 0
0 0.646528 0 0.0180556 0
0 0.533333 1 0.075 0
0 0.790278 0 0.0194444 0
0 0.365278 0 0.0166667 0
0 0.646528 0 0.0180556 0
0 0.533333 1 0.075 0
0 0.790278 0 0.0194444 0
0 0.365278 0 0.0166667 0
0 0.646528 0 0.0180556 0
0 0.533333 1 0.075 0
0 0.790278 0 0.0194444 0
0 0.365278 0 0.0166667 0
0 0.646528 0 0.0180556 0
0 0.533333 1 0.075 0
0 0.790278 0 0.0194444 0
0 0.365278 0 0.0166667 0
0 0.646528 0 0.0180556 0
0 0.534028 1 0.0736111 0
0 0.365278 0 0.0166667 0
0 0.790278 0 0.0194444 0
0 0.646528 0 0.0180556 0
0 0.533333 1 0.0722222 0
0 0.288194 0 0.00694444 0
0 0.790278 0 0.0194444 0
0 0.365278 0 0.0166667 0
0 0.646528 0 0.0180556 0
0 0.534028 1 0.0736111 0
0 0.790278 0 0.0194444 0
0 0.364583 0 0.0180556 0
0 0.646528 0 0.0180556 0
0 0.534028 1 0.0736111 0
0 0.790278 0 0.0194444 0
0 0.365278 0 0.0166667 0
0 0.646528 0 0.0180556 0
0 0.534028 1 0.0736111 0
0 0.790278 0 0.0194444 0
0 0.364583 0 0.0180556 0
0 0.646528 0 0.0152778 0
0 0.533333 1 0.0722222 0
0 0.46875 0 0.0319444 0
0 0.790278 0 0.0194444 0
0 0.365278 0 0.0166667 0
0 0.646528 0 0.0180556 0
0 0.533333 1 0.0722222 0
0 0.790278 0 0.0194444 0
0 0.365278 0 0.0166667 0
0 0.646528 0 0.0180556 0
0 0.533333 1 0.0722222 0
0 0.46875 0 0.0319444 0
0 0.790278 0 0.0194444 0
0 0.365278 0 0.0166667 0
0 0.646528 0 0.0180556 0
0 0.533333 1 0.0722222 0
0 0.790278 0 0.0194444 0
0 0.365278 0 0.0166667 0
0 0.646528 0 0.0180556 0
0 0.533333 1 0.0722222 0
0 0.790278 0 0.0194444 0
0 0.468056 0 0.0305556 0
0 0.365278 0 0.0166667 0
0 0.646528 0 0.0180556 0
0 0.533333 1 0.0722222 0
0 0.364583 0 0.0180556 0
0 0.790278 0 0.0194444 0
0 0.645833 0 0.0166667 0
0 0.533333 1 0.0722222 0
0 0.790278 0 0.0194444 0
0 0.364583 0 0.0180556 0
0 0.645833 0 0.0166667 0
0 0.533333 1 0.0722222 0
0 0.468056 0 0.0305556 0
0 0.790278 0 0.0194444 0
0 0.365278 0 0.0166667 0
0 0.646528 0 0.0180556 0
0 0.533333 1 0.0722222 0
0 0.790278 0 0.0194444 0
0 0.365278 0 0.0166667 0
0 0.646528 0 0.0180556 0
0 0.533333 1 0.0722222 0
0 0.790278 0 0.0194444 0
0 0.365278 0 0.0166667 0
0 0.646528 0 0.0180556 0
0 0.533333 1 0.0722222 0
0 0.790972 0 0.0180556 0
0 0.365278 0 0.0166667 0
0 0.645833 0 0.0166667 0
0 0.533333 1 0.0722222 0
0 0.790972 0 0.0180556 0
0 0.365278 0 0.0166667 0
0 0.646528 0 0.0180556 0
0 0.533333 1 0.0722222 0
0 0.790972 0 0.0180556 0
0 0.365278 0 0.0166667 0
0 0.645833 0 0.0166667 0
0 0.533333 1 0.0722222 0
0 0.790972 0 0.0180556 0
0 0.365278 0 0.0166667 0
0 0.645833 0 0.0166667 0
0 0.533333 1 0.0722222 0
0 0.790278 0 0.0194444 0
0 0.365278 0 0.0166667 0
0 0.645833 0 0.0166667 0
0 0.533333 1 0.0722222 0
0 0.789583 0 0.0180556 0
0 0.365278 0 0.0166667 0
0 0.646528 0 0.0180556 0
0 0.533333 1 0.0722222 0
0 0.365278 0 0.0166667 0
0 0.645833 0 0.0166667 0
0 0.533333 1 0.0722222 0
0 0.364583 0 0.0180556 0
0 0.645833 0 0.0166667 0
0 0.533333 1 0.0722222 0
0 0.364583 0 0.0180556 0
0 0.645833 0 0.0166667 0
0 0.533333 1 0.0722222 0
0 0.789583 0 0.0180556 0
0 0.364583 0 0.0180556 0
0 0.645833 0 0.0166667 0
0 0.533333 1 0.0722222 0
0 0.364583 0 0.0180556 0
0 0.790278 0 0.0166667 0
0 0.645833 0 0.0166667 0
0 0.533333 1 0.0722222 0
0 0.364583 0 0.0180556 0
0 0.646528 0 0.0180556 0
0 0.790278 0 0.0166667 0
0 0.533333 1 0.0722222 0
0 0.364583 0 0.0180556 0
0 0.790278 0 0.0166667 0
0 0.645833 0 0.0166667 0
0 0.533333 1 0.0722222 0
0 0.364583 0 0.0180556 0
0 0.790278 0 0.0166667 0
0 0.645833 0 0.0166667 0
0 0.534028 1 0.0736111 0
0 0.364583 0 0.0180556 0
0 0.790278 0 0.0166667 0
0 0.645833 0 0.0166667 0
0 0.534028 1 0.0736111 0
0 0.789583 0 0.0180556 0
0 0.365278 0 0.0166667 0
0 0.645833 0 0.0166667 0
0 0.534028 1 0.0736111 0
0 0.789583 0 0.0180556 0
0 0.365278 0 0.0166667 0
0 0.645833 0 0.0166667 0
0 0.534028 1 0.0736111 0
0 0.364583 0 0.0180556 0
0 0.789583 0 0.0180556 0
0 0.645833 0 0.0166667 0
0 0.534028 1 0.0736111 0
0 0.364583 0 0.0180556 0
0 0.789583 0 0.0180556 0
0 0.645833 0 0.0166667 0
0 0.534028 1 0.0736111 0
0 0.789583 0 0.0180556 0
0 0.365278 0 0.0166667 0
0 0.645833 0 0.0166667 0
0 0.534028 1 0.0736111 0
0 0.364583 0 0.0180556 0
0 0.789583 0 0.0180556 0
0 0.645833 0 0.0166667 0
0 0.534028 1 0.0736111 0
0 0.365278 0 0.0166667 0
0 0.790278 0 0.0166667 0
0 0.645833 0 0.0166667 0
0 0.534028 1 0.0736111 0
0 0.365278 0 0.0166667 0
0 0.789583 0 0.0180556 0
0 0.645833 0 0.0166667 0
0 0.534028 1 0.0736111 0
0 0.789583 0 0.0180556 0
0 0.364583 0 0.0180556 0
0 0.645833 0 0.0166667 0
0 0.533333 1 0.0722222 0
0 0.364583 0 0.0180556 0
0 0.789583 0 0.0180556 0
0 0.645833 0 0.0166667 0
0 0.534028 1 0.0736111 0
0 0.364583 0 0.0180556 0
0 0.789583 0 0.0180556 0
0 0.645833 0 0.0166667 0
0 0.534028 1 0.0736111 0
0 0.364583 0 0.0180556 0
0 0.789583 0 0.0180556 0
0 0.645833 0 0.0166667 0
0 0.534028 1 0.0736111 0
0 0.789583 0 0.0180556 0
0 0.364583 0 0.0180556 0
0 0.645833 0 0.0166667 0
0 0.534028 1 0.0736111 0
0 0.364583 0 0.0180556 0
0 0.789583 0 0.0180556 0
0 0.645833 0 0.0166667 0
0 0.534028 1 0.0736111 0
0 0.364583 0 0.0180556 0
0 0.789583 0 0.0180556 0
0 0.645833 0 0.0166667 0
0 0.533333 1 0.0722222 0
0 0.364583 0 0.0180556 0
0 0.789583 0 0.0180556 0
0 0.645833 0 0.0166667 0
0 0.533333 1 0.0722222 0
0 0.364583 0 0.0180556 0
0 0.789583 0 0.0180556 0
0 0.645833 0 0.0166667 0
0 0.533333 1 0.0722222 0
0 0.789583 0 0.0180556 0
0 0.645833 0 0.0166667 0
0 0.533333 1 0.0722222 0
0 0.364583 0 0.0180556 0
0 0.789583 0 0.0180556 0
0 0.645833 0 0.0166667 0
0 0.533333 1 0.0722222 0
0 0.789583 0 0.0180556 0
0 0.364583 0 0.0180556 0
0 0.645833 0 0.0166667 0
0 0.533333 1 0.0722222 0
0 0.364583 0 0.0180556 0
0 0.789583 0 0.0180556 0
0 0.645833 0 0.0166667 0
0 0.533333 1 0.0722222 0
0 0.364583 0 0.0180556 0
0 0.789583 0 0.0180556 0
0 0.645833 0 0.0166667 0
0 0.533333 1 0.0722222 0
0 0.364583 0 0.0180556 0
0 0.789583 0 0.0180556 0
0 0.645833 0 0.0166667 0
0 0.533333 1 0.0722222 0
0 0.789583 0 0.0180556 0
0 0.364583 0 0.0180556 0
0 0.645833 0 0.0166667 0
0 0.533333 1 0.0722222 0
0 0.789583 0 0.0180556 0
0 0.365278 0 0.0166667 0
0 0.645833 0 0.0166667 0
0 0.533333 1 0.0722222 0
0 0.365278 0 0.0166667 0
0 0.789583 0 0.0180556 0
0 0.645833 0 0.0166667 0
0 0.533333 1 0.0722222 0
0 0.789583 0 0.0180556 0
0 0.364583 0 0.0152778 0
0 0.645833 0 0.0166667 0
0 0.533333 1 0.0722222 0
0 0.789583 0 0.0180556 0
0 0.364583 0 0.0152778 0
0 0.645833 0 0.0166667 0
0 0.533333 1 0.0722222 0
0 0.789583 0 0.0180556 0
0 0.364583 0 0.0152778 0
0 0.645833 0 0.0166667 0
0 0.533333 1 0.0722222 0
0 0.789583 0 0.0180556 0
0 0.364583 0 0.0152778 0
0 0.645833 0 0.0166667 0
0 0.533333 1 0.0722222 0
0 0.789583 0 0.0180556 0
0 0.364583 0 0.0152778 0
0 0.645833 0 0.0166667 0
0 0.533333 1 0.0722222 0
0 0.789583 0 0.0180556 0
0 0.364583 0 0.0152778 0
0 0.645833 0 0.0166667 0
0 0.533333 1 0.0722222 0
0 0.789583 0 0.0180556 0
0 0.364583 0 0.0152778 0
0 0.645833 0 0.0166667 0
0 0.533333 1 0.0722222 0
0 0.789583 0 0.0180556 0
0 0.364583 0 0.0152778 0
0 0.645833 0 0.0166667 0
0 0.533333 1 0.0722222 0
0 0.789583 0 0.0180556 0
0 0.364583 0 0.0152778 0
0 0.645833 0 0.0166667 0
0 0.532639 1 0.0708333 0
0 0.364583 0 0.0152778 0
0 0.789583 0 0.0180556 0
0 0.645833 0 0.0166667 0
0 0.533333 1 0.0722222 0
0 0.789583 0 0.0180556 0
0 0.364583 0 0.0152778 0
0 0.645833 0 0.0166667 0
0 0.533333 1 0.0722222 0
0 0.789583 0 0.0180556 0
0 0.645833 0 0.0166667 0
0 0.363889 0 0.0166667 0
0 0.533333 1 0.0722222 0
0 0.789583 0 0.0180556 0
0 0.364583 0 0.0152778 0
0 0.645833 0 0.0166667 0
0 0.533333 1 0.0722222 0
0 0.789583 0 0.0180556 0
0 0.365278 0 0.0166667 0
0 0.645833 0 0.0166667 0
0 0.532639 1 0.0736111 0
0 0.789583 0 0.0180556 0
0 0.364583 0 0.0180556 0
0 0.645833 0 0.0166667 0
0 0.533333 1 0.0722222 0
0 0.468056 0 0.0333333 0
0 0.789583 0 0.0180556 0
0 0.364583 0 0.0180556 0
0 0.645833 0 0.0166667 0
0 0.533333 1 0.0722222 0
0 0.468056 0 0.0333333 0
0 0.789583 0 0.0180556 0
0 0.364583 0 0.0180556 0
0 0.645833 0 0.0166667 0
0 0.533333 1 0.0722222 0
0 0.789583 0 0.0180556 0
0 0.364583 0 0.0180556 0
0 0.645833 0 0.0166667 0
0 0.532639 1 0.0708333 0
0 0.364583 0 0.0180556 0
0 0.789583 0 0.0180556 0
0 0.645833 0 0.0166667 0
0 0.531944 1 0.0722222 0
0 0.364583 0 0.0180556 0
0 0.789583 0 0.0180556 0
0 0.645833 0 0.0166667 0
0 0.532639 1 0.0708333 0
0 0.789583 0 0.0180556 0
0 0.364583 0 0.0180556 0
0 0.645833 0 0.0166667 0
0 0.532639 1 0.0708333 0
0 0.364583 0 0.0180556 0
0 0.789583 0 0.0180556 0
0 0.645833 0 0.0166667 0
0 0.532639 1 0.0708333 0
0 0.364583 0 0.0180556 0
0 0.789583 0 0.0180556 0
0 0.645833 0 0.0166667 0
0 0.532639 1 0.0708333 0
0 0.363889 0 0.0166667 0
0 0.789583 0 0.0180556 0
0 0.645833 0 0.0166667 0
0 0.532639 1 0.0708333 0
0 0.364583 0 0.0180556 0
0 0.789583 0 0.0180556 0
0 0.645833 0 0.0166667 0
0 0.531944 1 0.0722222 0
0 0.365278 0 0.0166667 0
0 0.789583 0 0.0180556 0
0 0.645833 0 0.0166667 0
0 0.531944 1 0.0722222 0
0 0.364583 0 0.0180556 0
0 0.789583 0 0.0180556 0
0 0.645833 0 0.0166667 0
0 0.532639 1 0.0708333 0
0 0.365278 0 0.0166667 0
0 0.789583 0 0.0180556 0
0 0.645833 0 0.0166667 0
0 0.532639 1 0.0708333 0
0 0.365278 0 0.0166667 0
0 0.789583 0 0.0180556 0
0 0.645833 0 0.0166667 0
0 0.531944 1 0.0722222 0
0 0.365278 0 0.0166667 0
0 0.789583 0 0.0180556 0
0 0.645833 0 0.0166667 0
0 0.531944 1 0.0722222 0
0 0.365278 0 0.0166667 0
0 0.789583 0 0.0180556 0
0 0.645833 0 0.0166667 0
0 0.531944 1 0.0722222 0
0 0.365278 0 0.0166667 0
0 0.789583 0 0.0180556 0
0 0.645833 0 0.0166667 0
0 0.531944 1 0.0722222 0
0 0.789583 0 0.0180556 0
0 0.364583 0 0.0152778 0
0 0.645833 0 0.0166667 0
0 0.532639 1 0.0708333 0
0 0.364583 0 0.0152778 0
0 0.789583 0 0.0180556 0
0 0.645833 0 0.0166667 0
0 0.532639 1 0.0708333 0
0 0.364583 0 0.0152778 0
0 0.789583 0 0.0180556 0
0 0.645833 0 0.0166667 0
0 0.532639 1 0.0708333 0
0 0.789583 0 0.0180556 0
0 0.363889 0 0.0166667 0
0 0.645833 0 0.0166667 0
0 0.532639 1 0.0708333 0
0 0.365278 0 0.0166667 0
0 0.789583 0 0.0180556 0
0 0.645833 0 0.0166667 0
0 0.532639 1 0.0708333 0
0 0.790278 0 0.0166667 0
0 0.364583 0 0.0152778 0
0 0.645833 0 0.0166667 0
0 0.532639 1 0.0708333 0
0 0.789583 0 0.0180556 0
0 0.364583 0 0.0152778 0
0 0.645833 0 0.0166667 0
0 0.532639 1 0.0708333 0
0 0.365278 0 0.0166667 0
0 0.789583 0 0.0180556 0
0 0.645833 0 0.0166667 0
0 0.532639 1 0.0708333 0
0 0.552778 0 0.0472222 0
0 0.364583 0 0.0152778 0
0 0.790278 0 0.0166667 0
0 0.645833 0 0.0166667 0
0 0.532639 1 0.0708333 0
0 0.789583 0 0.0180556 0
0 0.365278 0 0.0166667 0
0 0.645833 0 0.0166667 0
0 0.532639 1 0.0708333 0
0 0.552778 0 0.0472222 0
0 0.365278 0 0.0166667 0
0 0.789583 0 0.0180556 0
0 0.645833 0 0.0166667 0
0 0.531944 1 0.0722222 0
0 0.553472 0 0.0486111 0
0 0.789583 0 0.0180556 0
0 0.365278 0 0.0166667 0
0 0.645833 0 0.0166667 0
0 0.532639 1 0.0708333 0
0 0.553472 0 0.0486111 0
0 0.789583 0 0.0180556 0
0 0.365278 0 0.0166667 0
0 0.645833 0 0.0166667 0
0 0.532639 1 0.0708333 0
0 0.553472 0 0.0486111 0
0 0.789583 0 0.0180556 0
0 0.365278 0 0.0166667 0
0 0.645833 0 0.0166667 0
0 0.532639 1 0.0708333 0
0 0.553472 0 0.0486111 0
0 0.790278 0 0.0194444 0
0 0.365278 0 0.0166667 0
0 0.645833 0 0.0166667 0
0 0.533333 1 0.0722222 0
0 0.365278 0 0.0166667 0
0 0.790278 0 0.0194444 0
0 0.645833 0 0.0166667 0
0 0.533333 1 0.0722222 0
0 0.365278 0 0.0166667 0
0 0.790278 0 0.0194444 0
0 0.646528 0 0.0180556 0
0 0.533333 1 0.0722222 0
0 0.365278 0 0.0166667 0
0 0.790278 0 0.0194444 0
0 0.645833 0 0.0166667 0
0 0.533333 1 0.0722222 0
0 0.790278 0 0.0194444 0
0 0.365278 0 0.0166667 0
0 0.646528 0 0.0180556 0
0 0.533333 1 0.0722222 0
0 0.365278 0 0.0166667 0
0 0.790278 0 0.0194444 0
0 0.646528 0 0.0180556 0
0 0.533333 1 0.0722222 0
0 0.364583 0 0.0180556 0
0 0.790278 0 0.0194444 0
0 0.645833 0 0.0166667 0
0 0.532639 1 0.0736111 0
0 0.790278 0 0.0194444 0
0 0.365278 0 0.0166667 0
0 0.646528 0 0.0180556 0
0 0.532639 1 0.0736111 0
0 0.554167 0 0.05 0
0 0.790278 0 0.0194444 0
0 0.365278 0 0.0166667 0
0 0.645833 0 0.0166667 0
0 0.532639 1 0.0736111 0
0 0.365278 0 0.0166667 0
0 0.790278 0 0.0194444 0
0 0.645833 0 0.0166667 0
0 0.532639 1 0.0736111 0
0 0.790278 0 0.0194444 0
0 0.365278 0 0.0166667 0
0 0.646528 0 0.0180556 0
0 0.532639 1 0.0736111 0
0 0.554167 0 0.05 0
0 0.365278 0 0.0166667 0
0 0.646528 0 0.0180556 0
0 0.533333 1 0.075 0
0 0.365278 0 0.0166667 0
0 0.790278 0 0.0194444 0
0 0.645833 0 0.0166667 0
0 0.533333 1 0.075 0
0 0.790278 0 0.0194444 0
0 0.365278 0 0.0166667 0
0 0.646528 0 0.0180556 0
0 0.533333 1 0.075 0
0 0.790278 0 0.0194444 0
0 0.646528 0 0.0180556 0
0 0.365278 0 0.0166667 0
0 0.533333 1 0.075 0
0 0.790278 0 0.0194444 0
0 0.365278 0 0.0166667 0
0 0.646528 0 0.0180556 0
0 0.533333 1 0.075 0
0 0.365278 0 0.0166667 0
0 0.790278 0 0.0194444 0
0 0.645833 0 0.0166667 0
0 0.533333 1 0.075 0
0 0.790278 0 0.0194444 0
0 0.468056 0 0.0305556 0
0 0.365278 0 0.0166667 0
0 0.646528 0 0.0180556 0
0 0.534028 1 0.0736111 0
0 0.647222 0 0.0194444 0
0 0.534028 1 0.0736111 0
0 0.647222 0 0.0194444 0
0 0.534028 1 0.0736111 0
0 0.646528 0 0.0180556 0
0 0.534028 1 0.0736111 0
0 0.646528 0 0.0180556 0
0 0.534028 1 0.0736111 0
0 0.221528 0 0.0180556 0
0 0.365972 0 0.0180556 0
0 0.647222 0 0.0194444 0
0 0.533333 1 0.075 0
0 0.790972 0 0.0208333 0
0 0.365972 0 0.0180556 0
0 0.646528 0 0.0180556 0
0 0.532639 1 0.0791667 0
0 0.46875 0 0.0319444 0
0 0.365278 0 0.0166667 0
0 0.790972 0 0.0180556 0
0 0.647222 0 0.0194444 0
0 0.531944 1 0.0777778 0
0 0.553472 0 0.0486111 0
0 0.46875 0 0.0319444 0
0 0.790972 0 0.0180556 0
0 0.646528 0 0.0180556 0
0 0.531944 1 0.0777778 0
0 0.46875 0 0.0319444 0
0 0.552778 0 0.05 0
0 0.365278 0 0.0166667 0
0 0.790972 0 0.0180556 0
0 0.647222 0 0.0194444 0
0 0.531944 1 0.0777778 0
0 0.365278 0 0.0166667 0
0 0.645833 0 0.0194444 0
0 0.53125 1 0.0847222 0
0 0.790972 0 0.0180556 0
0 0.365972 0 0.0180556 0
0 0.646528 0 0.0180556 0
0 0.530556 1 0.0861111 0
0 0.790972 0 0.0180556 0
0 0.365972 0 0.0180556 0
0 0.646528 0 0.0180556 0
0 0.530556 1 0.0861111 0
0 0.790972 0 0.0180556 0
0 0.365972 0 0.0180556 0
0 0.646528 0 0.0180556 0
0 0.530556 1 0.0861111 0
0 0.790972 0 0.0180556 0
0 0.365972 0 0.0180556 0
0 0.646528 0 0.0180556 0
0 0.530556 1 0.0861111 0
0 0.221528 0 0.0180556 0
0 0.365278 0 0.0194444 0
0 0.647222 0 0.0194444 0
0 0.529167 1 0.0861111 0
0 0.792361 0 0.0180556 0
0 0.365278 0 0.0166667 0
0 0.647917 0 0.0180556 0
0 0.530556 1 0.0888889 0
0 0.792361 0 0.0180556 0
0 0.365278 0 0.0166667 0
0 0.647917 0 0.0180556 0
0 0.530556 1 0.0888889 0
0 0.365278 0 0.0166667 0
0 0.793056 0 0.0166667 0
0 0.647917 0 0.0180556 0
0 0.530556 1 0.0888889 0
0 0.365278 0 0.0194444 0
0 0.648611 0 0.0194444 0
0 0.220833 0 0.0166667 0
0 0.53125 1 0.0902778 0
0 0.791667 0 0.0166667 0
0 0.365278 0 0.0194444 0
0 0.647917 0 0.0180556 0
0 0.531944 1 0.0888889 0
0 0.220833 0 0.0166667 0
0 0.791667 0 0.0166667 0
0 0.365278 0 0.0194444 0
0 0.647917 0 0.0180556 0
0 0.532639 1 0.0902778 0
0 0.220833 0 0.0166667 0
0 0.792361 0 0.0180556 0
0 0.365278 0 0.0194444 0
0 0.647917 0 0.0180556 0
0 0.532639 1 0.0902778 0
0 0.220833 0 0.0166667 0
0 0.792361 0 0.0180556 0
0 0.365278 0 0.0194444 0
0 0.647917 0 0.0180556 0
0 0.532639 1 0.0902778 0
0 0.793056 0 0.0194444 0
0 0.365278 0 0.0166667 0
0 0.647917 0 0.0180556 0
0 0.534722 1 0.0888889 0
0 0.220833 0 0.0166667 0
0 0.793056 0 0.0166667 0
0 0.647917 0 0.0180556 0
0 0.365278 0 0.0166667 0
0 0.536806 0.5 0.0847222 1
0 0.220833 0 0.0166667 0
0 0.793056 0 0.0166667 0
0 0.365278 0 0.0166667 0
0 0.648611 0 0.0194444 0
0 0.536806 0.5 0.0847222 1
0 0.793056 0 0.0166667 0
0 0.365278 0 0.0166667 0
0 0.647917 0 0.0180556 0
0 0.536806 0.5 0.0847222 1
0 0.220833 0 0.0166667 0
0 0.793056 0 0.0166667 0
0 0.648611 0 0.0194444 0
0 0.365278 0 0.0166667 0
0 0.536806 0.5 0.0847222 1
0 0.793056 0 0.0166667 0
0 0.365278 0 0.0194444 0
0 0.647917 0 0.0180556 0
0 0.538194 0.5 0.0819444 1
0 0.793056 0 0.0166667 0
0 0.220833 0 0.0166667 0
0 0.648611 0 0.0194444 0
0 0.364583 0 0.0180556 0
0 0.5375 0.5 0.0888889 1
0 0.793056 0 0.0166667 0
0 0.220833 0 0.0166667 0
0 0.648611 0 0.0194444 0
0 0.365278 0 0.0166667 0
0 0.5375 0.5 0.0888889 1
0 0.793056 0 0.0166667 0
0 0.220833 0 0.0166667 0
0 0.648611 0 0.0194444 0
0 0.365278 0 0.0166667 0
0 0.5375 0.5 0.0888889 1
0 0.793056 0 0.0166667 0
0 0.220833 0 0.0166667 0
0 0.648611 0 0.0194444 0
0 0.365278 0 0.0166667 0
0 0.5375 0.5 0.0888889 1
0 0.794444 0 0.0194444 0
0 0.648611 0 0.0194444 0
0 0.365972 0 0.0180556 0
0 0.538889 0 0.0888889 0
0 0.220139 0 0.0180556 0
0 0.794444 0 0.0194444 0
0 0.648611 0 0.0194444 0
0 0.365972 0 0.0180556 0
0 0.538889 0 0.0888889 0
0 0.794444 0 0.0194444 0
0 0.648611 0 0.0194444 0
0 0.365972 0 0.0180556 0
0 0.538889 0 0.0888889 0
0 0.220139 0 0.0180556 0
0 0.794444 0 0.0194444 0
0 0.648611 0 0.0194444 0
0 0.365972 0 0.0180556 0
0 0.538889 0 0.0888889 0
0 0.794444 0 0.0194444 0
0 0.648611 0 0.0194444 0
0 0.365972 0 0.0180556 0
0 0.538889 0 0.0888889 0
0 0.793056 0 0.0166667 0
0 0.220139 0 0.0180556 0
0 0.649306 0 0.0180556 0
0 0.365278 0 0.0166667 0
0 0.539583 0 0.0875 0
0 0.220139 0 0.0180556 0
0 0.79375 0 0.0180556 0
0 0.365278 0 0.0166667 0
0 0.648611 0 0.0166667 0
0 0.539583 0 0.0875 0
0 0.220139 0 0.0180556 0
0 0.794444 0 0.0166667 0
0 0.365278 0 0.0166667 0
0 0.648611 0 0.0166667 0
0 0.539583 0 0.0875 0
0 0.220139 0 0.0180556 0
0 0.79375 0 0.0180556 0
0 0.365278 0 0.0166667 0
0 0.648611 0 0.0166667 0
0 0.540278 0 0.0861111 0
0 0.219444 0 0.0166667 0
0 0.79375 0 0.0180556 0
0 0.365278 0 0.0166667 0
0 0.648611 0 0.0166667 0
0 0.539583 0 0.0875 0
0 0.794444 0 0.0166667 0
0 0.220139 0 0.0180556 0
0 0.365278 0 0.0166667 0
0 0.648611 0 0.0166667 0
0 0.540278 0 0.0888889 0
0 0.220139 0 0.0180556 0
0 0.79375 0 0.0180556 0
0 0.648611 0 0.0194444 0
0 0.364583 0 0.0180556 0
0 0.540278 0 0.0888889 0
0 0.79375 0 0.0180556 0
0 0.220139 0 0.0180556 0
0 0.649306 0 0.0180556 0
0 0.364583 0 0.0180556 0
0 0.540278 0 0.0888889 0
0 0.79375 0 0.0180556 0
0 0.220139 0 0.0180556 0
0 0.649306 0 0.0180556 0
0 0.364583 0 0.0180556 0
0 0.540278 0 0.0888889 0
0 0.79375 0 0.0180556 0
0 0.220139 0 0.0180556 0
0 0.649306 0 0.0180556 0
0 0.364583 0 0.0180556 0
0 0.540278 0 0.0888889 0
0 0.219444 0 0.0166667 0
0 0.795139 0 0.0180556 0
0 0.649306 0 0.0180556 0
0 0.364583 0 0.0180556 0
0 0.539583 0 0.0902778 0
0 0.219444 0 0.0166667 0
0 0.503472 0 0.0680556 0
0 0.794444 0 0.0166667 0
0 0.649306 0 0.0180556 0
0 0.364583 0 0.0180556 0
0 0.540972 0 0.0930556 0
0 0.219444 0 0.0166667 0
0 0.503472 0 0.0680556 0
0 0.794444 0 0.0166667 0
0 0.648611 0 0.0194444 0
0 0.364583 0 0.0180556 0
0 0.540278 0 0.0916667 0
0 0.219444 0 0.0166667 0
0 0.503472 0 0.0680556 0
0 0.794444 0 0.0166667 0
0 0.648611 0 0.0194444 0
0 0.364583 0 0.0180556 0
0 0.540278 0 0.0916667 0
0 0.219444 0 0.0166667 0
0 0.503472 0 0.0680556 0
0 0.794444 0 0.0166667 0
0 0.648611 0 0.0194444 0
0 0.364583 0 0.0180556 0
0 0.540278 0 0.0916667 0
0 0.219444 0 0.0194444 0
0 0.793056 0 0.0194444 0
0 0.502778 0 0.0666667 0
0 0.648611 0 0.0194444 0
0 0.363889 0 0.0166667 0
0 0.539583 0 0.0902778 0
0 0.219444 0 0.0194444 0
0 0.79375 0 0.0180556 0
0 0.502778 0 0.0666667 0
0 0.648611 0 0.0194444 0
0 0.363889 0 0.0166667 0
0 0.538889 0 0.0888889 0
0 0.21875 0 0.0180556 0
0 0.79375 0 0.0180556 0
0 0.502778 0 0.0666667 0
0 0.648611 0 0.0194444 0
0 0.363889 0 0.0166667 0
0 0.538889 0 0.0888889 0
0 0.21875 0 0.0180556 0
0 0.793056 0 0.0194444 0
0 0.502778 0 0.0666667 0
0 0.648611 0 0.0194444 0
0 0.363889 0 0.0166667 0
0 0.538889 0 0.0888889 0
0 0.795139 0 0.0208333 0
0 0.503472 0 0.0680556 0
0 0.647917 0 0.0180556 0
0 0.363889 0 0.0166667 0
0 0.538194 0 0.0930556 0
0 0.502778 0 0.0666667 0
0 0.794444 0 0.0166667 0
0 0.648611 0 0.0194444 0
0 0.363889 0 0.0166667 0
0 0.5375 0 0.1 0
0 0.502778 0 0.0638889 0
0 0.794444 0 0.0166667 0
0 0.648611 0 0.0194444 0
0 0.363889 0 0.0166667 0
0 0.536806 0 0.101389 0
0 0.502778 0 0.0638889 0
0 0.794444 0 0.0166667 0
0 0.648611 0 0.0194444 0
0 0.363889 0 0.0166667 0
0 0.536806 0 0.101389 0
0 0.502778 0 0.0638889 0
0 0.794444 0 0.0166667 0
0 0.648611 0 0.0194444 0
0 0.363889 0 0.0166667 0
0 0.536806 0 0.101389 0
0 0.502778 0 0.0666667 0
0 0.79375 0 0.0180556 0
0 0.647917 0 0.0180556 0
0 0.363889 0 0.0166667 0
0 0.536111 0 0.0944444 0
0 0.502778 0 0.0638889 0
0 0.363194 0 0.0180556 0
0 0.647917 0 0.0180556 0
0 0.503472 0 0.0652778 0
0 0.363194 0 0.0180556 0
0 0.648611 0 0.0194444 0
0 0.502778 0 0.0638889 0
0 0.363194 0 0.0180556 0
0 0.648611 0 0.0194444 0
0 0.503472 0 0.0652778 0
0 0.363194 0 0.0180556 0
0 0.648611 0 0.0194444 0
0 0.363194 0 0.0180556 0
0 0.647917 0 0.0180556 0
0 0.502778 0 0.0638889 0
0 0.363889 0 0.0166667 0
0 0.647917 0 0.0180556 0
0 0.363194 0 0.0180556 0
0 0.647917 0 0.0180556 0
0 0.503472 0 0.0625 0
0 0.363889 0 0.0166667 0
0 0.647917 0 0.0180556 0
0 0.363194 0 0.0180556 0
0 0.647917 0 0.0180556 0
0 0.363889 0 0.0166667 0
0 0.647917 0 0.0180556 0
0 0.503472 0 0.0652778 0
0 0.647917 0 0.0180556 0
0 0.502778 0 0.0611111 0
0 0.646528 0 0.0180556 0
0 0.502778 0 0.0638889 0
0 0.647222 0 0.0166667 0
0 0.502778 0 0.0638889 0
0 0.647222 0 0.0166667 0
0 0.502778 0 0.0638889 0
0 0.557639 0 0.0430556 0
0 0.646528 0 0.0180556 0
0 0.502778 0 0.0638889 0
0 0.647222 0 0.0166667 0
0 0.510417 0 0.106944 0
0 0.509722 0 0.0972222 0
0 0.509722 0 0.0972222 0
0 0.509722 0 0.0972222 0
0 0.507639 0 0.0958333 0
0 0.498611 0 0.0944444 0
0 0.496528 0 0.0930556 0
0 0.494444 0 0.0916667 0
0 0.494444 0 0.0916667 0
0 0.494444 0 0.0916667 0
0 0.492361 0 0.0902778 0
0 0.489583 0 0.0930556 0
0 0.488889 0 0.0944444 0
0 0.488889 0 0.0944444 0
0 0.488889 0 0.0944444 0
0 0.488889 0 0.0944444 0
0 0.4875 0 0.0916667 0
0 0.483333 0 0.0944444 0
0 0.484028 0 0.0930556 0
0 0.483333 0 0.0944444 0
0 0.484028 0 0.0930556 0
0 0.483333 0 0.0944444 0
0 0.481944 0 0.0916667 0
0 0.479861 0 0.0902778 0
0 0.479861 0 0.0902778 0
0 0.479861 0 0.0902778 0
0 0.479861 0 0.0902778 0
0 0.479861 0 0.0902778 0
0 0.479167 0 0.0888889 0
0 0.478472 0 0.0902778 0
0 0.477778 0 0.0888889 0
0 0.477778 0 0.0888889 0
0 0.477778 0 0.0888889 0
0 0.477778 0 0.0888889 0
0 0.478472 0 0.0930556 0
0 0.479167 0 0.0944444 0
0 0.478472 0 0.0958333 0
0 0.479167 0 0.0944444 0
0 0.478472 0 0.0958333 0
0 0.479167 0 0.0944444 0
0 0.479861 0 0.0930556 0
0 0.48125 0 0.0958333 0
0 0.484722 0 0.102778 0
0 0.485417 0 0.101389 0
0 0.484722 0 0.102778 0
0 0.486111 0 0.105556 0
0 0.497917 0 0.0597222 0
0 0.488194 0 0.0902778 0
0 0.489583 0 0.0902778 0
0 0.489583 0 0.0902778 0
0 0.489583 0 0.0902778 0
0 0.498611 0 0.0638889 0
0 0.494444 0 0.1 0
0 0.5 0 0.0972222 0
0 0.5 0 0.0972222 0
0 0.5 0 0.0972222 0
0 0.5 0 0.0972222 0
0 0.5 0 0.0972222 0
0 0.497222 0 0.0666667 0
0 0.504167 0 0.0944444 0
0 0.509722 0 0.0972222 0
0 0.511806 0 0.0958333 0
0 0.511806 0 0.0958333 0
0 0.511806 0 0.0958333 0
0 0.511111 0 0.0944444 0
0 0.514583 0 0.0930556 0
0 0.514583 0 0.0902778 0
0 0.514583 0 0.0902778 0
0 0.514583 0 0.0902778 0
0 0.514583 0 0.0902778 0
0 0.517361 0 0.0930556 0
0 0.517361 0 0.0930556 0
0 0.497917 0 0.0652778 0
0 0.519444 0 0.0916667 0
0 0.497222 0 0.0666667 0
0 0.51875 0 0.0930556 0
0 0.497222 0 0.0666667 0
0 0.51875 0 0.0930556 0
0 0.497222 0 0.0666667 0
0 0.51875 0 0.0930556 0
0 0.497222 0 0.0666667 0
0 0.51875 0 0.0930556 0
0 0.496528 0 0.0652778 0
0 0.51875 0 0.0930556 0
0 0.51875 0 0.0930556 0
0 0.518056 0 0.0944444 0
0 0.516667 0 0.0944444 0
0 0.518056 0 0.0944444 0
0 0.517361 0 0.0930556 0
0 0.518056 0 0.102778 0
0 0.518056 0 0.1 0
0 0.521528 0 0.0875 0
0 0.521528 0 0.0875 0
0 0.521528 0 0.0875 0
0 0.507639 0 0.0902778 0
0 0.497222 0 0.0611111 0
0 0.497917 0 0.0986111 0
0 0.497222 0 0.0611111 0
0 0.497917 0 0.0986111 0
0 0.497222 0 0.0611111 0
0 0.497917 0 0.0986111 0
0 0.497222 0 0.0611111 0
0 0.497917 0 0.0986111 0
0 0.497222 0 0.0611111 0
0 0.497917 0 0.0986111 0
0 0.492361 0 0.0902778 0
0 0.480556 0 0.0944444 0
0 0.479167 0 0.0944444 0
0 0.479167 0 0.0944444 0
0 0.479167 0 0.0944444 0
0 0.472917 0 0.0930556 0
0 0.495833 0 0.0638889 0
0 0.465972 0 0.0930556 0
0 0.495833 0 0.0638889 0
0 0.465972 0 0.0930556 0
0 0.495833 0 0.0638889 0
0 0.465972 0 0.0930556 0
0 0.495833 0 0.0638889 0
0 0.465972 0 0.0930556 0
0 0.495833 0 0.0638889 0
0 0.4625 0 0.0944444 0
0 0.495139 0 0.0625 0
0 0.458333 0 0.0916667 0
0 0.454861 0 0.0902778 0
0 0.454861 0 0.0902778 0
0 0.454861 0 0.0902778 0
0 0.45 0 0.0916667 0
0 0.447917 0 0.0958333 0
0 0.447917 0 0.0958333 0
0 0.447917 0 0.0958333 0
0 0.447917 0 0.0958333 0
0 0.447917 0 0.0958333 0
0 0.445833 0 0.1 0
0 0.44375 0 0.0986111 0
0 0.44375 0 0.0986111 0
0 0.442361 0 0.0986111 0
0 0.44375 0 0.0986111 0
0 0.44375 0 0.0986111 0
0 0.436806 0 0.0875 0
0 0.4375 0 0.0888889 0
0 0.4375 0 0.0861111 0
0 0.4375 0 0.0888889 0
0 0.4375 0 0.0888889 0
0 0.497222 0 0.0555556 0
0 0.536111 0 0.0277778 0
0 0.471528 0 0.0986111 0
0 0.481944 0 0.0916667 0
0 0.499306 0 0.0958333 0
0 0.503472 0 0.0902778 0
0 0.503472 0 0.0902778 0
0 0.503472 0 0.0902778 0
0 0.503472 0 0.0902778 0
0 0.503472 0 0.0902778 0
0 0.516667 0 0.0944444 0
0 0.530556 0 0.0916667 0
0 0.534028 0 0.0930556 0
0 0.534028 0 0.0930556 0
0 0.534028 0 0.0930556 0
0 0.534028 0 0.0930556 0
0 0.545139 0 0.0875 0
0 0.551389 0 0.0888889 0
0 0.553472 0 0.0847222 0
0 0.552083 0 0.0930556 0
0 0.553472 0 0.0847222 0
0 0.552083 0 0.0930556 0
0 0.560417 0 0.0930556 0
0 0.560417 0 0.0930556 0
0 0.564583 0 0.0930556 0
0 0.564583 0 0.0902778 0
0 0.564583 0 0.0930556 0
0 0.565972 0 0.0819444 0
0 0.577778 0 0.0666667 0
0 0.496528 0 0.0708333 0
0 0.535417 0 0.0986111 0
0 0.506944 0 0.1 0
0 0.506944 0 0.1 0
0 0.506944 0 0.1 0
0 0.506944 0 0.1 0
0 0.503472 0 0.0986111 0
0 0.477778 0 0.0944444 0
0 0.461111 0 0.0972222 0
0 0.461111 0 0.0972222 0
0 0.461111 0 0.0972222 0
0 0.461111 0 0.0972222 0
0 0.461111 0 0.0972222 0
0 0.495833 0 0.0777778 0
0 0.433333 0 0.0944444 0
0 0.422222 0 0.0916667 0
0 0.422917 0 0.0902778 0
0 0.422222 0 0.0916667 0
0 0.422917 0 0.0902778 0
0 0.422222 0 0.0916667 0
0 0.398611 0 0.0972222 0
0 0.497917 0 0.0569444 0
0 0.497917 0 0.0569444 0
0 0.466667 0 0.0527778 0
0 0.397222 0 0.0972222 0
0 0.395833 0 0.0972222 0
0 0.396528 0 0.0986111 0
0 0.396528 0 0.0958333 0
0 0.440278 0 0.0861111 0
0 0.545833 0 0.0805556 0
0 0.497222 0 0.075 0
0 0.559028 0 0.0930556 0
0 0.496528 0 0.0791667 0
0 0.563194 0 0.0930556 0
0 0.495833 0 0.0777778 0
0 0.563194 0 0.0930556 0
0 0.496528 0 0.0791667 0
0 0.5625 0 0.0916667 0
0 0.496528 0 0.0708333 0
0 0.580556 0 0.0888889 0
0 0.496528 0 0.0680556 0
0 0.592361 0 0.0847222 0
0 0.496528 0 0.0680556 0
0 0.592361 0 0.0847222 0
0 0.496528 0 0.0680556 0
0 0.592361 0 0.0847222 0
0 0.496528 0 0.0680556 0
0 0.592361 0 0.0847222 0
0 0.496528 0 0.0680556 0
0 0.592361 0 0.0847222 0
0 0.600694 0 0.0875 0
0 0.497222 0 0.0583333 0
0 0.611111 0 0.0861111 0
0 0.496528 0 0.0597222 0
0 0.613194 0 0.0875 0
0 0.496528 0 0.0597222 0
0 0.613194 0 0.0875 0
0 0.496528 0 0.0597222 0
0 0.613194 0 0.0875 0
0 0.625694 0 0.0819444 0
0 0.629861 0 0.0819444 0
0 0.629167 0 0.0805556 0
0 0.629861 0 0.0819444 0
0 0.629167 0 0.0805556 0
0 0.629861 0 0.0819444 0
0 0.497917 0 0.0736111 0
0 0.635417 0 0.0847222 0
0 0.497917 0 0.0736111 0
0 0.635417 0 0.0847222 0
0 0.497917 0 0.0736111 0
0 0.635417 0 0.0847222 0
0 0.497917 0 0.0736111 0
0 0.635417 0 0.0847222 0
0 0.497917 0 0.0736111 0
0 0.635417 0 0.0847222 0
0 0.5 0 0.0805556 0
0 0.629861 0 0.0847222 0
0 0.499306 0 0.0819444 0
0 0.623611 0 0.0888889 0
0 0.500694 0 0.0791667 0
0 0.621528 0 0.0875 0
0 0.500694 0 0.0791667 0
0 0.621528 0 0.0875 0
0 0.500694 0 0.0791667 0
0 0.621528 0 0.0875 0
0 0.500694 0 0.0819444 0
0 0.61875 0 0.0875 0
0 0.618056 0 0.0916667 0
0 0.613889 0 0.0972222 0
0 0.614583 0 0.0958333 0
0 0.613889 0 0.0972222 0
0 0.613889 0 0.0972222 0
0 0.613889 0 0.0972222 0
0 0.427083 0 0.0930556 0
0 0.413889 0 0.1 0
0 0.4125 0 0.102778 0
0 0.413889 0 0.1 0
0 0.413194 0 0.101389 0
0 0.466667 0 0.0666667 0
0 0.38125 0 0.0902778 0
0 0.358333 0 0.0916667 0
0 0.358333 0 0.0916667 0
0 0.358333 0 0.0916667 0
0 0.358333 0 0.0916667 0
0 0.355556 0 0.0888889 0
0 0.338889 0 0.0888889 0
0 0.490972 0 0.0791667 0
0 0.323611 0 0.0861111 0
0 0.490972 0 0.0791667 0
0 0.323611 0 0.0861111 0
0 0.490972 0 0.0791667 0
0 0.323611 0 0.0861111 0
0 0.490972 0 0.0791667 0
0 0.323611 0 0.0861111 0
0 0.497917 0 0.0763889 0
0 0.311806 0 0.0875 0
0 0.499306 0 0.0680556 0
0 0.301389 0 0.0861111 0
0 0.498611 0 0.0694444 0
0 0.299306 0 0.0875 0
0 0.498611 0 0.0694444 0
0 0.299306 0 0.0875 0
0 0.498611 0 0.0694444 0
0 0.299306 0 0.0875 0
0 0.496528 0 0.0680556 0
0 0.289583 0 0.0847222 0
0 0.497222 0 0.0694444 0
0 0.284722 0 0.0861111 0
0 0.497222 0 0.0694444 0
0 0.284722 0 0.0861111 0
0 0.497222 0 0.0694444 0
0 0.284722 0 0.0861111 0
0 0.497222 0 0.0694444 0
0 0.284722 0 0.0861111 0
0 0.497917 0 0.0680556 0
0 0.28125 0 0.0875 0
0 0.497222 0 0.0666667 0
0 0.283333 0 0.0916667 0
0 0.496528 0 0.0625 0
0 0.286111 0 0.0916667 0
0 0.496528 0 0.0625 0
0 0.286111 0 0.0916667 0
0 0.496528 0 0.0625 0
0 0.286111 0 0.0916667 0
0 0.496528 0 0.0708333 0
0 0.288889 0 0.0888889 0
0 0.496528 0 0.0736111 0
0 0.293056 0 0.0888889 0
0 0.494444 0 0.0777778 0
0 0.296528 0 0.0958333 0
0 0.497222 0 0.0777778 0
0 0.299306 0 0.0958333 0
0 0.497222 0 0.0722222 0
0 0.305556 0 0.0972222 0
0 0.326389 0 0.1 0
0 0.457639 0 0.0736111 0
0 0.644444 0 0.0166667 0
0 0.361111 0 0.1 0
0 0.499306 0 0.0597222 0
0 0.459722 0 0.0666667 0
0 0.645139 0 0.0180556 0
0 0.397222 0 0.102778 0
0 0.207639 0 0.0180556 0
0 0.792361 0 0.0180556 0
0 0.644444 0 0.0194444 0
0 0.431944 0 0.1 0
0 0.793056 0 0.0194444 0
0 0.207639 0 0.0180556 0
0 0.497917 0 0.0680556 0
0 0.645139 0 0.0180556 0
0 0.464583 0 0.101389 0
0 0.793056 0 0.0194444 0
0 0.207639 0 0.0180556 0
0 0.497222 0 0.0694444 0
0 0.645139 0 0.0180556 0
0 0.464583 0 0.101389 0
0 0.207639 0 0.0180556 0
0 0.355556 0 0.0194444 0
0 0.497917 0 0.0652778 0
0 0.792361 0 0.0180556 0
0 0.645139 0 0.0180556 0
0 0.506944 0 0.1 0
0 0.208333 0 0.0194444 0
0 0.792361 0 0.0180556 0
0 0.645139 0 0.0180556 0
0 0.549306 0 0.104167 0
0 0.498611 0 0.075 0
0 0.645833 0 0.0166667 0
0 0.35625 0 0.0180556 0
0 0.208333 0 0.0166667 0
0 0.792361 0 0.0180556 0
0 0.588889 0 0.111111 0
0 0.208333 0 0.0166667 0
0 0.5 0 0.0694444 0
0 0.791667 0 0.0194444 0
0 0.35625 0 0.0180556 0
0 0.619444 0 0.108333 0
0 0.208333 0 0.0166667 0
0 0.5 0 0.0694444 0
0 0.791667 0 0.0194444 0
0 0.35625 0 0.0180556 0
0 0.619444 0 0.108333 0
