0 0.48125 0 0.0291667 0
0 0.478472 0 0.0319444 0
0 0.479861 0 0.0263889 0
0 0.477083 0 0.0208333 0
0 0.474306 0 0.0208333 0
0 0.474306 0 0.0208333 0
0 0.470833 0 0.0222222 0
0 0.469444 0 0.0222222 0
0 0.469444 0 0.0222222 0
0 0.466667 0 0.0222222 0
0 0.464583 0 0.0208333 0
0 0.460417 0 0.0208333 0
0 0.460417 0 0.0208333 0
0 0.457639 0 0.0208333 0
0 0.454167 0 0.0222222 0
0 0.452083 0 0.0208333 0
0 0.449306 0 0.0208333 0
0 0.446528 0 0.0208333 0
0 0.446528 0 0.0208333 0
0 0.445139 0 0.0208333 0
0 0.443056 0 0.0222222 0
0 0.440972 0 0.0208333 0
0 0.440972 0 0.0208333 0
0 0.440278 0 0.0222222 0
0 0.439583 0 0.0208333 0
0 0.438889 0 0.0194444 0
0 0.438194 0 0.0208333 0
0 0.438194 0 0.0208333 0
0 0.438194 0 0.0208333 0
0 0.439583 0 0.0208333 0
0 0.439583 0 0.0208333 0
0 0.440278 0 0.0222222 0
0 0.440278 0 0.0222222 0
0 0.441667 0 0.0222222 0
0 0.443056 0 0.0222222 0
0 0.444444 0 0.0194444 0
0 0.445833 0 0.0222222 0
0 0.447917 0 0.0208333 0
0 0.447917 0 0.0208333 0
0 0.447917 0 0.0208333 0
0 0.447917 0 0.0208333 0
0 0.447917 0 0.0208333 0
0 0.447917 0 0.0208333 0
0 0.447917 0 0.0208333 0
0 0.447917 0 0.0208333 0
0 0.447917 0 0.0208333 0
0 0.447917 0 0.0208333 0
0 0.447917 0 0.0208333 0
0 0.447917 0 0.0208333 0
0 0.447917 0 0.0208333 0
0 0.447917 0 0.0208333 0
0 0.447917 0 0.0208333 0
0 0.447917 0 0.0208333 0
0 0.447917 0 0.0208333 0
0 0.447917 0 0.0208333 0
0 0.447917 0 0.0208333 0
0 0.447917 0 0.0208333 0
0 0.447917 0 0.0208333 0
0 0.447917 0 0.0208333 0
0 0.447917 0 0.0208333 0
0 0.447917 0 0.0208333 0
0 0.447917 0 0.0208333 0
0 0.447917 0 0.0208333 0
0 0.447917 0 0.0208333 0
0 0.447917 0 0.0208333 0
0 0.447917 0 0.0208333 0
0 0.447917 0 0.0208333 0
0 0.447917 0 0.0208333 0
0 0.447917 0 0.0208333 0
0 0.447917 0 0.0208333 0
0 0.447917 0 0.0208333 0
0 0.447917 0 0.0208333 0
0 0.447917 0 0.0208333 0
0 0.447917 0 0.0208333 0
0 0.447917 0 0.0208333 0
0 0.447917 0 0.0208333 0
0 0.447917 0 0.0208333 0
0 0.447917 0 0.0208333 0
0 0.447917 0 0.0208333 0
0 0.447917 0 0.0208333 0
0 0.447917 0 0.0208333 0
0 0.447917 0 0.0208333 0
0 0.447917 0 0.0208333 0
0 0.447917 0 0.0208333 0
0 0.447917 0 0.0208333 0
0 0.447917 0 0.0208333 0
0 0.447917 0 0.0208333 0
0 0.447917 0 0.0208333 0
0 0.447917 0 0.0208333 0
0 0.447917 0 0.0208333 0
0 0.447917 0 0.0208333 0
0 0.447917 0 0.0208333 0
0 0.447917 0 0.0208333 0
0 0.447917 0 0.0208333 0
0 0.447917 0 0.0208333 0
0 0.447917 0 0.0208333 0
0 0.447917 0 0.0208333 0
0 0.447917 0 0.0208333 0
0 0.447917 0 0.0208333 0
0 0.447917 0 0.0208333 0
0 0.447917 0 0.0208333 0
0 0.447917 0 0.0208333 0
0 0.447917 0 0.0208333 0
0 0.447917 0 0.0208333 0
0 0.447917 0 0.0208333 0
0 0.447917 0 0.0208333 0
0 0.447917 0 0.0208333 0
0 0.447917 0 0.0208333 0
0 0.447917 0 0.0208333 0
0 0.447917 0 0.0208333 0
0 0.447917 0 0.0208333 0
0 0.447917 0 0.0208333 0
0 0.447917 0 0.0208333 0
0 0.447917 0 0.0208333 0
0 0.447917 0 0.0208333 0
0 0.447917 0 0.0208333 0
0 0.447917 0 0.0208333 0
0 0.447917 0 0.0208333 0
0 0.447917 0 0.0208333 0
0 0.447917 0 0.0208333 0
0 0.447917 0 0.0208333 0
0 0.447917 0 0.0208333 0
0 0.447917 0 0.0208333 0
0 0.447917 0 0.0208333 0
0 0.447917 0 0.0208333 0
0 0.447917 0 0.0208333 0
0 0.447917 0 0.0208333 0
0 0.447917 0 0.0208333 0
0 0.447917 0 0.0208333 0
0 0.447917 0 0.0208333 0
0 0.447917 0 0.0208333 0
0 0.447917 0 0.0208333 0
0 0.447917 0 0.0208333 0
0 0.447917 0 0.0208333 0
0 0.447917 0 0.0208333 0
0 0.447917 0 0.0208333 0
0 0.447917 0 0.0208333 0
0 0.447917 0 0.0208333 0
0 0.447917 0 0.0208333 0
0 0.447917 0 0.0208333 0
0 0.447917 0 0.0208333 0
0 0.447917 0 0.0208333 0
0 0.447917 0 0.0208333 0
0 0.447917 0 0.0208333 0
0 0.447917 0 0.0208333 0
0 0.447917 0 0.0208333 0
0 0.447917 0 0.0208333 0
0 0.447917 0 0.0208333 0
0 0.447917 0 0.0208333 0
0 0.447917 0 0.0208333 0
0 0.447917 0 0.0208333 0
0 0.447917 0 0.0208333 0
0 0.447917 0 0.0208333 0
0 0.447917 0 0.0208333 0
0 0.447917 0 0.0208333 0
0 0.447917 0 0.0208333 0
0 0.447917 0 0.0208333 0
0 0.447917 0 0.0208333 0
0 0.447917 0 0.0208333 0
0 0.447917 0 0.0208333 0
0 0.447917 0 0.0208333 0
0 0.447917 0 0.0208333 0
0 0.447917 0 0.0208333 0
0 0.447917 0 0.0208333 0
0 0.447917 0 0.0208333 0
0 0.447917 0 0.0208333 0
0 0.447917 0 0.0208333 0
0 0.447917 0 0.0208333 0
0 0.447917 0 0.0208333 0
0 0.447917 0 0.0208333 0
0 0.447917 0 0.0208333 0
0 0.447917 0 0.0208333 0
0 0.447917 0 0.0208333 0
0 0.447917 0 0.0208333 0
0 0.447917 0 0.0208333 0
0 0.447917 0 0.0208333 0
0 0.447917 0 0.0208333 0
0 0.447917 0 0.0208333 0
0 0.447917 0 0.0208333 0
0 0.447917 0 0.0208333 0
0 0.447917 0 0.0208333 0
0 0.447917 0 0.0208333 0
0 0.447917 0 0.0208333 0
0 0.447917 0 0.0208333 0
0 0.447917 0 0.0208333 0
0 0.447917 0 0.0208333 0
0 0.447917 0 0.0208333 0
0 0.447917 0 0.0208333 0
0 0.447917 0 0.0208333 0
0 0.447917 0 0.0208333 0
0 0.447917 0 0.0208333 0
0 0.447917 0 0.0208333 0
0 0.447917 0 0.0208333 0
0 0.447917 0 0.0208333 0
0 0.447917 0 0.0208333 0
0 0.447917 0 0.0208333 0
0 0.447917 0 0.0208333 0
0 0.447917 0 0.0208333 0
0 0.447917 0 0.0208333 0
0 0.447917 0 0.0208333 0
0 0.447917 0 0.0208333 0
0 0.447917 0 0.0208333 0
0 0.447917 0 0.0208333 0
0 0.447917 0 0.0208333 0
0 0.447917 0 0.0208333 0
0 0.447917 0 0.0208333 0
0 0.447917 0 0.0208333 0
0 0.447917 0 0.0208333 0
0 0.447917 0 0.0208333 0
0 0.447917 0 0.0208333 0
0 0.447917 0 0.0208333 0
0 0.447917 0 0.0208333 0
0 0.447917 0 0.0208333 0
0 0.447917 0 0.0208333 0
0 0.447917 0 0.0208333 0
0 0.447917 0 0.0208333 0
0 0.447917 0 0.0208333 0
0 0.447917 0 0.0208333 0
0 0.447917 0 0.0208333 0
0 0.447917 0 0.0208333 0
0 0.447917 0 0.0208333 0
0 0.447917 0 0.0208333 0
0 0.447917 0 0.0208333 0
0 0.447917 0 0.0208333 0
0 0.447917 0 0.0208333 0
0 0.447917 0 0.0208333 0
0 0.447917 0 0.0208333 0
0 0.447917 0 0.0208333 0
0 0.447917 0 0.0208333 0
0 0.447917 0 0.0208333 0
0 0.447917 0 0.0208333 0
0 0.447917 0 0.0208333 0
0 0.447917 0 0.0208333 0
0 0.447917 0 0.0208333 0
0 0.447917 0 0.0208333 0
0 0.447917 0 0.0208333 0
0 0.447917 0 0.0208333 0
0 0.447917 0 0.0208333 0
0 0.447917 0 0.0208333 0
0 0.447917 0 0.0208333 0
0 0.447917 0 0.0208333 0
0 0.447917 0 0.0208333 0
0 0.447917 0 0.0208333 0
0 0.447917 0 0.0208333 0
0 0.447917 0 0.0208333 0
0 0.447917 0 0.0208333 0
0 0.447917 0 0.0208333 0
0 0.447917 0 0.0208333 0
0 0.447917 0 0.0208333 0
0 0.447917 0 0.0208333 0
0 0.447917 0 0.0208333 0
0 0.447917 0 0.0208333 0
0 0.447917 0 0.0208333 0
0 0.447917 0 0.0208333 0
0 0.447917 0 0.0208333 0
0 0.447917 0 0.0208333 0
0 0.447917 0 0.0208333 0
0 0.447917 0 0.0208333 0
0 0.447917 0 0.0208333 0
0 0.447917 0 0.0208333 0
0 0.447917 0 0.0208333 0
0 0.447917 0 0.0208333 0
0 0.447917 0 0.0208333 0
0 0.447917 0 0.0208333 0
0 0.447917 0 0.0208333 0
0 0.447917 0 0.0208333 0
0 0.447917 0 0.0208333 0
0 0.447917 0 0.0208333 0
0 0.447917 0 0.0208333 0
0 0.447917 0 0.0208333 0
0 0.447917 0 0.0208333 0
0 0.447917 0 0.0208333 0
0 0.447917 0 0.0208333 0
0 0.447917 0 0.0208333 0
0 0.447917 0 0.0208333 0
0 0.447917 0 0.0208333 0
0 0.447917 0 0.0208333 0
0 0.447917 0 0.0208333 0
0 0.447917 0 0.0208333 0
0 0.447917 0 0.0208333 0
0 0.447917 0 0.0208333 0
0 0.447917 0 0.0208333 0
0 0.447917 0 0.0208333 0
0 0.447917 0 0.0208333 0
0 0.447917 0 0.0208333 0
0 0.447917 0 0.0208333 0
0 0.447917 0 0.0208333 0
0 0.447917 0 0.0208333 0
0 0.447917 0 0.0208333 0
0 0.447917 0 0.0208333 0
0 0.447917 0 0.0208333 0
0 0.447917 0 0.0208333 0
0 0.447917 0 0.0208333 0
0 0.447917 0 0.0208333 0
0 0.447917 0 0.0208333 0
0 0.447917 0 0.0208333 0
0 0.447917 0 0.0208333 0
0 0.447917 0 0.0208333 0
0 0.447917 0 0.0208333 0
0 0.447917 0 0.0208333 0
0 0.447917 0 0.0208333 0
0 0.447917 0 0.0208333 0
0 0.447917 0 0.0208333 0
0 0.447917 0 0.0208333 0
0 0.447917 0 0.0208333 0
0 0.447917 0 0.0208333 0
0 0.447917 0 0.0208333 0
0 0.447917 0 0.0208333 0
0 0.447917 0 0.0208333 0
0 0.447917 0 0.0208333 0
0 0.447917 0 0.0208333 0
0 0.447917 0 0.0208333 0
0 0.447917 0 0.0208333 0
0 0.447917 0 0.0208333 0
0 0.447917 0 0.0208333 0
0 0.447917 0 0.0208333 0
0 0.447917 0 0.0208333 0
0 0.447917 0 0.0208333 0
0 0.447917 0 0.0208333 0
0 0.447917 0 0.0208333 0
0 0.447917 0 0.0208333 0
0 0.447917 0 0.0208333 0
0 0.447917 0 0.0208333 0
0 0.447917 0 0.0208333 0
0 0.447917 0 0.0208333 0
0 0.447917 0 0.0208333 0
0 0.447917 0 0.0208333 0
0 0.447917 0 0.0208333 0
0 0.447917 0 0.0208333 0
0 0.447917 0 0.0208333 0
0 0.447917 0 0.0208333 0
0 0.447917 0 0.0208333 0
0 0.447917 0 0.0208333 0
0 0.447917 0 0.0208333 0
0 0.447917 0 0.0208333 0
0 0.447917 0 0.0208333 0
0 0.447917 0 0.0208333 0
0 0.447917 0 0.0208333 0
0 0.447917 0 0.0208333 0
0 0.447917 0 0.0208333 0
0 0.447917 0 0.0208333 0
0 0.447917 0 0.0208333 0
0 0.447917 0 0.0208333 0
0 0.447917 0 0.0208333 0
0 0.447917 0 0.0208333 0
