0 0.476389 0 0.0194444 0
0 0.476389 0 0.0194444 0
0 0.476389 0 0.0194444 0
0 0.476389 0 0.0194444 0
0 0.476389 0 0.0194444 0
0 0.476389 0 0.0194444 0
0 0.476389 0 0.0194444 0
0 0.476389 0 0.0194444 0
0 0.476389 0 0.0194444 0
0 0.476389 0 0.0194444 0
0 0.476389 0 0.0194444 0
0 0.476389 0 0.0194444 0
0 0.476389 0 0.0194444 0
0 0.476389 0 0.0194444 0
0 0.476389 0 0.0194444 0
0 0.476389 0 0.0194444 0
0 0.476389 0 0.0194444 0
0 0.476389 0 0.0194444 0
0 0.476389 0 0.0194444 0
0 0.476389 0 0.0194444 0
0 0.476389 0 0.0194444 0
0 0.476389 0 0.0194444 0
0 0.476389 0 0.0194444 0
0 0.476389 0 0.0194444 0
0 0.476389 0 0.0194444 0
0 0.476389 0 0.0194444 0
0 0.476389 0 0.0194444 0
0 0.476389 0 0.0194444 0
0 0.476389 0 0.0194444 0
0 0.476389 0 0.0194444 0
0 0.476389 0 0.0194444 0
0 0.476389 0 0.0194444 0
0 0.476389 0 0.0194444 0
0 0.476389 0 0.0194444 0
0 0.476389 0 0.0194444 0
0 0.476389 0 0.0194444 0
0 0.476389 0 0.0194444 0
0 0.476389 0 0.0194444 0
0 0.476389 0 0.0194444 0
0 0.476389 0 0.0194444 0
0 0.476389 0 0.0194444 0
0 0.476389 0 0.0194444 0
0 0.476389 0 0.0194444 0
0 0.476389 0 0.0194444 0
0 0.476389 0 0.0194444 0
0 0.476389 0 0.0194444 0
0 0.476389 0 0.0194444 0
0 0.476389 0 0.0194444 0
0 0.476389 0 0.0194444 0
0 0.476389 0 0.0194444 0
0 0.476389 0 0.0194444 0
0 0.476389 0 0.0194444 0
0 0.476389 0 0.0194444 0
0 0.476389 0 0.0194444 0
0 0.476389 0 0.0194444 0
0 0.476389 0 0.0194444 0
0 0.476389 0 0.0194444 0
0 0.476389 0 0.0194444 0
0 0.476389 0 0.0194444 0
0 0.476389 0 0.0194444 0
0 0.476389 0 0.0194444 0
0 0.476389 0 0.0194444 0
0 0.476389 0 0.0194444 0
0 0.476389 0 0.0194444 0
0 0.476389 0 0.0194444 0
0 0.476389 0 0.0194444 0
0 0.476389 0 0.0194444 0
0 0.476389 0 0.0194444 0
0 0.476389 0 0.0194444 0
0 0.476389 0 0.0194444 0
0 0.476389 0 0.0194444 0
0 0.476389 0 0.0194444 0
0 0.476389 0 0.0194444 0
0 0.476389 0 0.0194444 0
0 0.476389 0 0.0194444 0
0 0.476389 0 0.0194444 0
0 0.476389 0 0.0194444 0
0 0.476389 0 0.0194444 0
0 0.476389 0 0.0194444 0
0 0.476389 0 0.0194444 0
0 0.476389 0 0.0194444 0
0 0.476389 0 0.0194444 0
0 0.476389 0 0.0194444 0
0 0.476389 0 0.0194444 0
0 0.476389 0 0.0194444 0
0 0.476389 0 0.0194444 0
0 0.476389 0 0.0194444 0
0 0.476389 0 0.0194444 0
0 0.476389 0 0.0194444 0
0 0.476389 0 0.0194444 0
0 0.476389 0 0.0194444 0
0 0.476389 0 0.0194444 0
0 0.476389 0 0.0194444 0
0 0.476389 0 0.0194444 0
0 0.476389 0 0.0194444 0
0 0.476389 0 0.0194444 0
0 0.476389 0 0.0194444 0
0 0.476389 0 0.0194444 0
0 0.476389 0 0.0194444 0
0 0.476389 0 0.0194444 0
0 0.476389 0 0.0194444 0
0 0.476389 0 0.0194444 0
0 0.476389 0 0.0194444 0
0 0.476389 0 0.0194444 0
0 0.476389 0 0.0194444 0
0 0.476389 0 0.0194444 0
0 0.476389 0 0.0194444 0
0 0.476389 0 0.0194444 0
0 0.476389 0 0.0194444 0
0 0.476389 0 0.0194444 0
0 0.476389 0 0.0194444 0
0 0.476389 0 0.0194444 0
0 0.476389 0 0.0194444 0
0 0.476389 0 0.0194444 0
0 0.476389 0 0.0194444 0
0 0.476389 0 0.0194444 0
0 0.476389 0 0.0194444 0
0 0.476389 0 0.0194444 0
0 0.476389 0 0.0194444 0
0 0.476389 0 0.0194444 0
0 0.476389 0 0.0194444 0
0 0.476389 0 0.0194444 0
0 0.476389 0 0.0194444 0
0 0.476389 0 0.0194444 0
0 0.476389 0 0.0194444 0
0 0.476389 0 0.0194444 0
0 0.476389 0 0.0194444 0
0 0.476389 0 0.0194444 0
0 0.476389 0 0.0194444 0
0 0.477778 0 0.0194444 0
0 0.482639 0 0.0180556 0
0 0.484722 0 0.0194444 0
0 0.492361 0 0.0208333 0
0 0.492361 0 0.0208333 0
0 0.500694 0.5 0.0458333 1
0 0.497222 0 0.0194444 0
0 0.503472 0 0.0208333 0
0 0.506944 0 0.0194444 0
0 0.509028 0 0.0208333 0
0 0.509028 0 0.0208333 0
0 0.509028 0 0.0208333 0
0 0.513889 0 0.0194444 0
0 0.516667 0 0.0222222 0
0 0.520833 0 0.0194444 0
0 0.526389 0 0.0194444 0
0 0.529861 0 0.0208333 0
0 0.532639 0 0.0208333 0
0 0.532639 0 0.0208333 0
0 0.538889 0 0.0194444 0
0 0.539583 0 0.0208333 0
0 0.540972 0 0.0208333 0
0 0.545139 0 0.0208333 0
0 0.545139 0 0.0208333 0
0 0.547917 0 0.0208333 0
0 0.552083 0 0.0208333 0
0 0.55625 0 0.0208333 0
0 0.559028 0 0.0208333 0
0 0.565278 0 0.0194444 0
0 0.570833 0 0.0194444 0
0 0.570833 0 0.0194444 0
0 0.575 0 0.0194444 0
0 0.58125 0 0.0208333 0
0 0.586111 0 0.0194444 0
0 0.592361 0 0.0208333 0
0 0.592361 0 0.0208333 0
0 0.597917 0 0.0208333 0
0 0.601389 0 0.0194444 0
0 0.604167 0 0.0194444 0
0 0.60625 0 0.0180556 0
0 0.608333 0 0.0194444 0
0 0.608333 0 0.0194444 0
0 0.611806 0 0.0180556 0
0 0.615972 0 0.0208333 0
0 0.620833 0 0.0194444 0
0 0.623611 0 0.0194444 0
0 0.627778 0 0.0194444 0
0 0.627778 0 0.0194444 0
0 0.63125 0 0.0180556 0
0 0.636806 0 0.0180556 0
0 0.640278 0 0.0194444 0
0 0.644444 0 0.0194444 0
0 0.644444 0 0.0194444 0
0 0.648611 0 0.0194444 0
0 0.556944 0 0.05 0
0 0.653472 0 0.0180556 0
0 0.658333 0 0.0194444 0
0 0.661806 0 0.0180556 0
0 0.666667 0 0.0194444 0
0 0.670833 0 0.0194444 0
0 0.572222 0 0.05 0
0 0.675694 0 0.0180556 0
0 0.572222 0 0.05 0
0 0.675694 0 0.0180556 0
0 0.679167 0 0.0194444 0
0 0.683333 0 0.0194444 0
0 0.688194 0 0.0180556 0
0 0.693056 0 0.0194444 0
0 0.693056 0 0.0194444 0
0 0.697222 0 0.0194444 0
0 0.702083 0 0.0180556 0
0 0.70625 0 0.0180556 0
0 0.711806 0 0.0180556 0
0 0.715278 0 0.0194444 0
0 0.719444 0 0.0194444 0
0 0.724306 0 0.0180556 0
0 0.724306 0 0.0180556 0
0 0.73125 0 0.0180556 0
0 0.736806 0 0.0180556 0
0 0.744444 0 0.0194444 0
0 0.751389 0 0.0194444 0
0 0.760417 0 0.0180556 0
0 0.760417 0 0.0180556 0
0 0.766667 0 0.0194444 0
0 0.772222 0 0.0166667 0
0 0.778472 0 0.0180556 0
0 0.786111 0 0.0194444 0
0 0.786111 0 0.0194444 0
0 0.79375 0 0.0180556 0
0 0.799306 0 0.0180556 0
0 0.803472 0 0.0180556 0
0 0.810417 0 0.0180556 0
0 0.810417 0 0.0180556 0
0 0.816667 0 0.0166667 0
0 0.820833 0 0.0194444 0
0 0.826389 0 0.0194444 0
0 0.834028 0 0.0180556 0
0 0.839583 0 0.0180556 0
0 0.844444 0 0.0166667 0
0 0.847917 0 0.0180556 0
0 0.847917 0 0.0180556 0
0 0.852778 0 0.0166667 0
0 0.860417 0 0.0152778 0
0 0.865278 0 0.0166667 0
0 0.870139 0 0.0180556 0
0 0.870139 0 0.0180556 0
0 0.875694 0 0.0180556 0
0 0.880556 0 0.0166667 0
0 0.885417 0 0.0180556 0
0 0.890972 0 0.0180556 0
0 0.890972 0 0.0180556 0
0 0.895139 0 0.0180556 0
0 0.899306 0 0.0152778 0
0 0.902778 0 0.0166667 0
0 0.90625 0 0.0152778 0
0 0.90625 0 0.0152778 0
0 0.909722 0 0.0166667 0
0 0.913889 0 0.0166667 0
0 0.918056 0 0.0166667 0
0 0.921528 0 0.0152778 0
0 0.921528 0 0.0152778 0
0 0.926389 0 0.0166667 0
0 0.930556 0 0.0166667 0
0 0.934028 0 0.0152778 0
0 0.938194 0 0.0152778 0
0 0.942361 0 0.0152778 0
0 0.942361 0 0.0152778 0
0 0.945833 0 0.0166667 0
0 0.949306 0 0.0152778 0
0 0.953472 0 0.0152778 0
0 0.95625 0 0.0152778 0
0 0.960417 0 0.0152778 0
0 0.960417 0 0.0152778 0
0 0.9625 0 0.0166667 0
0 0.967361 0 0.0152778 0
0 0.969444 0 0.0166667 0
0 0.971528 0 0.0152778 0
0 0.974306 0 0.0152778 0
0 0.976389 0 0.0166667 0
0 0.979861 0 0.0152778 0
0 0.979861 0 0.0152778 0
0 0.983333 0 0.0166667 0
0 0.986806 0 0.0152778 0
0 0.988194 0 0.0152778 0
0 0.991667 0 0.0138889 0
0 0.993056 0 0.0138889 0
0 0.993056 0 0.0138889 0
0 0.995139 0 0.00694444 0
0 0.823611 0 0.00833333 0
0 0.824306 0 0.00694444 0
