0 0.451389 0 0.0194444 0
0 0.451389 0 0.0194444 0
0 0.451389 0 0.0194444 0
0 0.451389 0 0.0194444 0
0 0.451389 0 0.0194444 0
0 0.451389 0 0.0194444 0
0 0.451389 0 0.0194444 0
0 0.451389 0 0.0194444 0
0 0.451389 0 0.0194444 0
0 0.451389 0 0.0194444 0
0 0.451389 0 0.0194444 0
0 0.451389 0 0.0194444 0
0 0.451389 0 0.0194444 0
0 0.451389 0 0.0194444 0
0 0.451389 0 0.0194444 0
0 0.451389 0 0.0194444 0
0 0.451389 0 0.0194444 0
0 0.451389 0 0.0194444 0
0 0.451389 0 0.0194444 0
0 0.451389 0 0.0194444 0
0 0.451389 0 0.0194444 0
0 0.451389 0 0.0194444 0
0 0.451389 0 0.0194444 0
0 0.451389 0 0.0194444 0
0 0.451389 0 0.0194444 0
0 0.451389 0 0.0194444 0
0 0.451389 0 0.0194444 0
0 0.451389 0 0.0194444 0
0 0.451389 0 0.0194444 0
0 0.451389 0 0.0194444 0
0 0.451389 0 0.0194444 0
0 0.451389 0 0.0194444 0
0 0.451389 0 0.0194444 0
0 0.451389 0 0.0194444 0
0 0.451389 0 0.0194444 0
0 0.451389 0 0.0194444 0
0 0.451389 0 0.0194444 0
0 0.451389 0 0.0194444 0
0 0.451389 0 0.0194444 0
0 0.451389 0 0.0194444 0
0 0.451389 0 0.0194444 0
0 0.451389 0 0.0194444 0
0 0.451389 0 0.0194444 0
0 0.451389 0 0.0194444 0
0 0.451389 0 0.0194444 0
0 0.452083 0 0.0208333 0
0 0.452083 0 0.0208333 0
0 0.452083 0 0.0208333 0
0 0.452778 0 0.0222222 0
0 0.453472 0 0.0208333 0
0 0.454167 0 0.0222222 0
0 0.454167 0 0.0222222 0
0 0.454861 0 0.0208333 0
0 0.455556 0 0.0222222 0
0 0.455556 0 0.0222222 0
0 0.455556 0 0.0222222 0
0 0.455556 0 0.0222222 0
0 0.453472 0 0.0208333 0
0 0.452083 0 0.0208333 0
0 0.450694 0 0.0208333 0
0 0.447917 0 0.0208333 0
0 0.445833 0 0.0222222 0
0 0.445139 0 0.0208333 0
0 0.444444 0 0.0194444 0
0 0.44375 0 0.0208333 0
0 0.441667 0 0.0222222 0
0 0.440972 0 0.0208333 0
0 0.439583 0 0.0208333 0
0 0.439583 0 0.0208333 0
0 0.438194 0 0.0208333 0
0 0.4375 0 0.0194444 0
0 0.436111 0 0.0222222 0
0 0.435417 0 0.0208333 0
0 0.434722 0 0.0222222 0
0 0.434028 0 0.0236111 0
0 0.433333 0 0.0222222 0
0 0.432639 0 0.0208333 0
0 0.432639 0 0.0208333 0
0 0.431944 0 0.0194444 0
0 0.43125 0 0.0208333 0
0 0.430556 0 0.0222222 0
0 0.429861 0 0.0208333 0
0 0.429167 0 0.0222222 0
0 0.428472 0 0.0208333 0
0 0.427778 0 0.0222222 0
0 0.426389 0 0.0222222 0
0 0.425694 0 0.0208333 0
0 0.425 0 0.0194444 0
0 0.423611 0 0.0222222 0
0 0.422917 0 0.0208333 0
0 0.422917 0 0.0208333 0
0 0.422222 0 0.0222222 0
0 0.422222 0 0.0222222 0
0 0.422222 0 0.0222222 0
0 0.421528 0 0.0208333 0
0 0.421528 0 0.0208333 0
0 0.422222 0 0.0222222 0
0 0.423611 0 0.0222222 0
0 0.425694 0 0.0208333 0
0 0.427083 0 0.0208333 0
0 0.427778 0 0.0222222 0
0 0.427778 0 0.0222222 0
0 0.427778 0 0.0222222 0
0 0.427778 0 0.0222222 0
0 0.427778 0 0.0222222 0
0 0.429167 0 0.0222222 0
0 0.429167 0 0.0222222 0
0 0.429167 0 0.0222222 0
0 0.429167 0 0.0222222 0
0 0.429167 0 0.0222222 0
0 0.429167 0 0.0222222 0
0 0.429167 0 0.0222222 0
0 0.429167 0 0.025 0
0 0.429167 0 0.0222222 0
0 0.429167 0 0.0222222 0
0 0.429167 0 0.0222222 0
0 0.429167 0 0.0222222 0
0 0.429167 0 0.0222222 0
0 0.429861 0 0.0236111 0
0 0.429861 0 0.0236111 0
0 0.429861 0 0.0236111 0
0 0.429861 0 0.0236111 0
0 0.43125 0 0.0236111 0
0 0.43125 0 0.0236111 0
0 0.430556 0 0.0222222 0
0 0.430556 0 0.0222222 0
0 0.430556 0 0.0222222 0
0 0.430556 0 0.0222222 0
0 0.43125 0 0.0236111 0
0 0.431944 0 0.0222222 0
0 0.430556 0 0.0222222 0
0 0.429861 0 0.0236111 0
0 0.429861 0 0.0236111 0
0 0.429167 0 0.025 0
0 0.428472 0 0.0236111 0
0 0.427083 0 0.0236111 0
0 0.425694 0 0.0236111 0
0 0.423611 0 0.025 0
0 0.422917 0 0.0236111 0
0 0.422222 0 0.025 0
0 0.422222 0 0.025 0
0 0.422222 0 0.025 0
0 0.421528 0 0.0236111 0
0 0.420139 0 0.0236111 0
0 0.420139 0 0.0236111 0
0 0.420139 0 0.0236111 0
0 0.419444 0 0.0222222 0
0 0.41875 0 0.0236111 0
0 0.41875 0 0.0236111 0
0 0.417361 0 0.0236111 0
0 0.417361 0 0.0236111 0
0 0.416667 0 0.025 0
0 0.416667 0 0.025 0
0 0.416667 0 0.025 0
0 0.416667 0 0.025 0
0 0.415972 0 0.0236111 0
0 0.415278 0 0.025 0
0 0.414583 0 0.0236111 0
0 0.413889 0 0.025 0
0 0.413889 0 0.025 0
0 0.413194 0 0.0236111 0
0 0.413194 0 0.0236111 0
0 0.4125 0 0.025 0
0 0.411806 0 0.0236111 0
0 0.411111 0 0.025 0
0 0.411111 0 0.025 0
0 0.410417 0 0.0263889 0
0 0.410417 0 0.0263889 0
0 0.410417 0 0.0263889 0
0 0.410417 0 0.0263889 0
0 0.410417 0 0.0263889 0
0 0.411111 0 0.025 0
0 0.411111 0 0.025 0
0 0.411111 0 0.025 0
0 0.411806 0 0.0263889 0
0 0.413194 0 0.0236111 0
0 0.414583 0 0.0263889 0
0 0.414583 0 0.0263889 0
0 0.414583 0 0.0263889 0
0 0.415278 0 0.025 0
0 0.415278 0 0.025 0
0 0.415278 0 0.025 0
0 0.415278 0 0.025 0
0 0.415972 0 0.0263889 0
0 0.415972 0 0.0263889 0
0 0.415972 0 0.0263889 0
0 0.416667 0 0.0277778 0
0 0.415972 0 0.0263889 0
0 0.415972 0 0.0263889 0
0 0.415972 0 0.0263889 0
0 0.415972 0 0.0263889 0
0 0.415972 0 0.0263889 0
0 0.416667 0 0.0277778 0
0 0.417361 0 0.0263889 0
0 0.417361 0 0.0263889 0
0 0.416667 0 0.0277778 0
0 0.416667 0 0.0277778 0
0 0.417361 0 0.0263889 0
0 0.417361 0 0.0263889 0
0 0.417361 0 0.0263889 0
0 0.417361 0 0.0263889 0
0 0.417361 0 0.0263889 0
0 0.417361 0 0.0263889 0
0 0.417361 0 0.0263889 0
0 0.418056 0 0.025 0
0 0.418056 0 0.025 0
0 0.418056 0 0.025 0
0 0.418056 0 0.025 0
0 0.418056 0 0.025 0
0 0.417361 0 0.0263889 0
0 0.417361 0 0.0263889 0
0 0.416667 0 0.025 0
0 0.415972 0 0.0263889 0
0 0.415972 0 0.0263889 0
0 0.415972 0 0.0263889 0
0 0.416667 0 0.0277778 0
0 0.41875 0 0.0263889 0
0 0.420833 0 0.025 0
0 0.426389 0 0.025 0
0 0.433333 0 0.025 0
0 0.433333 0 0.025 0
0 0.436111 0 0.025 0
0 0.441667 0 0.025 0
0 0.450694 0 0.0236111 0
0 0.458333 0 0.025 0
0 0.463889 0 0.025 0
0 0.470139 0 0.0236111 0
0 0.479167 0 0.025 0
0 0.489583 0 0.0236111 0
0 0.495139 0 0.0208333 0
0 0.504167 0 0.0194444 0
0 0.502778 0.5 0.0444444 1
0 0.522917 0 0.0263889 0
0 0.53125 0 0.0236111 0
0 0.538889 0 0.025 0
0 0.544444 0 0.025 0
0 0.554167 0.5 0.025 1
0 0.559722 0.5 0.025 1
0 0.570139 0.5 0.0236111 1
0 0.580556 0.5 0.025 1
0 0.580556 0.5 0.025 1
0 0.591667 0.5 0.025 1
0 0.602778 0.5 0.025 1
0 0.610417 0.5 0.0236111 1
0 0.622222 0.5 0.025 1
0 0.634028 0.5 0.0236111 1
0 0.64375 0.5 0.0236111 1
0 0.65625 0.5 0.0236111 1
0 0.66875 0.5 0.0236111 1
0 0.681944 0.5 0.025 1
0 0.695833 0.5 0.025 1
0 0.709028 0.5 0.0236111 1
0 0.723611 0.5 0.025 1
0 0.738194 0.5 0.0236111 1
0 0.745833 0.5 0.025 1
0 0.634028 0 0.0541667 0
0 0.756944 0.5 0.025 1
0 0.772222 0.5 0.025 1
0 0.782639 0.5 0.0263889 1
0 0.797917 0.5 0.0263889 1
0 0.797917 0.5 0.0263889 1
0 0.813889 0.5 0.025 1
0 0.829167 0.5 0.025 1
0 0.838194 0.5 0.0236111 1
0 0.851389 0.5 0.025 1
0 0.86875 0.5 0.0236111 1
0 0.881944 0 0.025 0
0 0.897917 0 0.0236111 0
0 0.913194 0 0.0236111 0
0 0.925694 0 0.0236111 0
0 0.942361 0 0.0236111 0
0 0.957639 0 0.0236111 0
0 0.957639 0 0.0236111 0
0 0.974306 0 0.0236111 0
0 0.9875 0 0.0222222 0
0 0.988194 0 0.0236111 0
0 0.988194 0 0.0236111 0
0 0.988194 0 0.0236111 0
0 0.988194 0 0.0236111 0
0 0.9875 0 0.025 0
0 0.986806 0 0.0263889 0
0 0.986111 0 0.0277778 0
0 0.986111 0 0.0277778 0
0 0.986111 0 0.0277778 0
0 0.986111 0 0.0277778 0
0 0.985417 0 0.0291667 0
0 0.985417 0 0.0291667 0
0 0.936806 0 0.00416667 0
0 0.929861 0 0.00416667 0
0 0.924306 0 0.00416667 0
0 0.923611 0 0.00277778 0
0 0.923611 0 0.00277778 0
0 0.922917 0 0.00416667 0
0 0.854167 0 0.00555556 0
0 0.854167 0 0.00555556 0
0 0.854167 0 0.00555556 0
0 0.854167 0 0.00555556 0
0 0.854167 0 0.00555556 0
0 0.854167 0 0.00555556 0
0 0.854167 0 0.00555556 0
0 0.854167 0 0.00555556 0
0 0.854167 0 0.00555556 0
0 0.854167 0 0.00555556 0
0 0.854167 0 0.00555556 0
0 0.854167 0 0.00555556 0
0 0.854167 0 0.00555556 0
0 0.854167 0 0.00555556 0
0 0.469444 0 0.0222222 0
0 0.469444 0 0.0222222 0
0 0.46875 0 0.0208333 0
0 0.466667 0 0.0222222 0
0 0.465278 0 0.0222222 0
0 0.463194 0 0.0208333 0
0 0.463194 0 0.0208333 0
0 0.460417 0 0.0208333 0
0 0.457639 0 0.0208333 0
0 0.457639 0 0.0208333 0
0 0.454861 0 0.0236111 0
0 0.454861 0 0.0236111 0
0 0.454861 0 0.0208333 0
0 0.454167 0 0.0222222 0
0 0.452778 0 0.0222222 0
0 0.452778 0 0.0222222 0
0 0.452083 0 0.0208333 0
0 0.452083 0 0.0208333 0
0 0.450694 0 0.0208333 0
0 0.448611 0 0.0222222 0
0 0.448611 0 0.0222222 0
0 0.448611 0 0.0222222 0
0 0.448611 0 0.0222222 0
0 0.447917 0 0.0236111 0
0 0.447222 0 0.0222222 0
0 0.446528 0 0.0208333 0
0 0.445833 0.5 0.0222222 1
0 0.445833 0.5 0.0222222 1
0 0.445139 0.5 0.0208333 1
0 0.445139 0.5 0.0208333 1
0 0.445139 0.5 0.0208333 1
0 0.445139 0.5 0.0208333 1
0 0.445139 0.5 0.0208333 1
0 0.44375 0.5 0.0208333 1
0 0.442361 0.5 0.0208333 1
0 0.441667 0.5 0.0222222 1
0 0.440972 0.5 0.0208333 1
0 0.440278 0.5 0.0222222 1
0 0.439583 0.5 0.0208333 1
0 0.438194 0.5 0.0208333 1
0 0.438194 0.5 0.0208333 1
0 0.438194 0.5 0.0208333 1
0 0.436111 0.5 0.0222222 1
0 0.434722 0.5 0.0222222 1
0 0.433333 0.5 0.0222222 1
0 0.431944 0.5 0.0194444 1
0 0.429167 0 0.0222222 0
0 0.429167 0 0.0222222 0
0 0.429167 0 0.0222222 0
0 0.430556 0 0.0222222 0
0 0.430556 0 0.0222222 0
0 0.430556 0 0.0222222 0
0 0.431944 0 0.0194444 0
0 0.433333 0 0.0222222 0
0 0.436111 0 0.0222222 0
0 0.438889 0 0.0194444 0
0 0.439583 0 0.0208333 0
0 0.439583 0 0.0208333 0
0 0.440278 0 0.0222222 0
0 0.441667 0 0.0222222 0
0 0.442361 0 0.0208333 0
0 0.44375 0 0.0208333 0
0 0.444444 0 0.0194444 0
0 0.445139 0 0.0208333 0
0 0.445833 0 0.0222222 0
0 0.445833 0 0.0222222 0
0 0.447222 0 0.0222222 0
0 0.446528 0 0.0208333 0
0 0.447222 0 0.0222222 0
0 0.447222 0 0.0222222 0
0 0.447917 0 0.0208333 0
0 0.447917 0 0.0208333 0
0 0.448611 0 0.0222222 0
0 0.448611 0 0.0222222 0
0 0.448611 0 0.0222222 0
0 0.45 0 0.0194444 0
0 0.450694 0 0.0208333 0
0 0.450694 0 0.0208333 0
0 0.451389 0 0.0194444 0
0 0.452083 0 0.0208333 0
0 0.452083 0 0.0208333 0
0 0.452778 0 0.0222222 0
0 0.452778 0 0.0222222 0
0 0.454167 0 0.0222222 0
0 0.454861 0 0.0208333 0
0 0.454861 0 0.0208333 0
0 0.455556 0 0.0222222 0
0 0.45625 0 0.0208333 0
0 0.455556 0 0.0222222 0
0 0.454861 0 0.0208333 0
0 0.453472 0 0.0208333 0
0 0.452083 0 0.0208333 0
0 0.447917 0 0.0208333 0
0 0.446528 0 0.0208333 0
0 0.445139 0 0.0208333 0
0 0.444444 0 0.0194444 0
0 0.444444 0 0.0194444 0
0 0.441667 0 0.0222222 0
0 0.440972 0 0.0208333 0
0 0.439583 0 0.0208333 0
0 0.439583 0 0.0208333 0
0 0.439583 0 0.0208333 0
0 0.438194 0 0.0208333 0
0 0.4375 0 0.0194444 0
0 0.4375 0 0.0194444 0
0 0.436111 0 0.0222222 0
0 0.434722 0 0.0222222 0
0 0.434028 0 0.0236111 0
0 0.433333 0 0.0222222 0
0 0.433333 0 0.0222222 0
0 0.432639 0 0.0208333 0
0 0.432639 0 0.0208333 0
0 0.432639 0 0.0208333 0
0 0.43125 0 0.0208333 0
0 0.429861 0 0.0208333 0
0 0.429861 0 0.0208333 0
0 0.429167 0 0.0222222 0
0 0.428472 0 0.0208333 0
0 0.428472 0 0.0208333 0
0 0.428472 0 0.0208333 0
0 0.428472 0 0.0208333 0
0 0.428472 0 0.0208333 0
0 0.428472 0 0.0208333 0
0 0.428472 0 0.0208333 0
0 0.428472 0 0.0208333 0
0 0.428472 0 0.0208333 0
0 0.428472 0 0.0208333 0
0 0.428472 0 0.0208333 0
0 0.428472 0 0.0208333 0
0 0.428472 0 0.0208333 0
0 0.428472 0 0.0208333 0
0 0.428472 0 0.0208333 0
0 0.428472 0 0.0208333 0
0 0.428472 0 0.0208333 0
0 0.428472 0 0.0208333 0
0 0.428472 0 0.0208333 0
0 0.428472 0 0.0208333 0
0 0.428472 0 0.0208333 0
0 0.428472 0 0.0208333 0
0 0.428472 0 0.0208333 0
0 0.428472 0 0.0208333 0
0 0.428472 0 0.0208333 0
0 0.428472 0 0.0208333 0
0 0.428472 0 0.0208333 0
0 0.428472 0 0.0208333 0
0 0.428472 0 0.0208333 0
0 0.428472 0 0.0208333 0
0 0.428472 0 0.0208333 0
0 0.428472 0 0.0208333 0
0 0.428472 0 0.0208333 0
0 0.428472 0 0.0208333 0
0 0.428472 0 0.0208333 0
0 0.428472 0 0.0208333 0
0 0.428472 0 0.0208333 0
0 0.428472 0 0.0208333 0
0 0.428472 0 0.0208333 0
0 0.428472 0 0.0208333 0
0 0.428472 0 0.0208333 0
0 0.428472 0 0.0208333 0
0 0.428472 0 0.0208333 0
0 0.428472 0 0.0208333 0
0 0.428472 0 0.0208333 0
0 0.428472 0 0.0208333 0
0 0.428472 0 0.0208333 0
0 0.428472 0 0.0208333 0
0 0.428472 0 0.0208333 0
0 0.428472 0 0.0208333 0
0 0.428472 0 0.0208333 0
0 0.428472 0 0.0208333 0
0 0.428472 0 0.0208333 0
0 0.428472 0 0.0208333 0
0 0.428472 0 0.0208333 0
0 0.428472 0 0.0208333 0
0 0.428472 0 0.0208333 0
0 0.428472 0 0.0208333 0
0 0.428472 0 0.0208333 0
0 0.428472 0 0.0208333 0
0 0.428472 0 0.0208333 0
0 0.428472 0 0.0208333 0
0 0.428472 0 0.0208333 0
0 0.428472 0 0.0208333 0
0 0.428472 0 0.0208333 0
0 0.428472 0 0.0208333 0
0 0.428472 0 0.0208333 0
0 0.428472 0 0.0208333 0
0 0.428472 0 0.0208333 0
0 0.428472 0 0.0208333 0
0 0.428472 0 0.0208333 0
0 0.428472 0 0.0208333 0
0 0.428472 0 0.0208333 0
0 0.428472 0 0.0208333 0
0 0.428472 0 0.0208333 0
0 0.428472 0 0.0208333 0
0 0.428472 0 0.0208333 0
0 0.428472 0 0.0208333 0
0 0.428472 0 0.0208333 0
0 0.428472 0 0.0208333 0
0 0.428472 0 0.0208333 0
0 0.428472 0 0.0208333 0
0 0.428472 0 0.0208333 0
0 0.428472 0 0.0208333 0
0 0.428472 0 0.0208333 0
0 0.428472 0 0.0208333 0
0 0.428472 0 0.0208333 0
0 0.428472 0 0.0208333 0
0 0.428472 0 0.0208333 0
0 0.428472 0 0.0208333 0
0 0.428472 0 0.0208333 0
0 0.428472 0 0.0208333 0
0 0.428472 0 0.0208333 0
0 0.428472 0 0.0208333 0
0 0.428472 0 0.0208333 0
0 0.428472 0 0.0208333 0
0 0.428472 0 0.0208333 0
0 0.428472 0 0.0208333 0
0 0.428472 0 0.0208333 0
0 0.428472 0 0.0208333 0
0 0.428472 0 0.0208333 0
0 0.428472 0 0.0208333 0
0 0.428472 0 0.0208333 0
0 0.428472 0 0.0208333 0
0 0.428472 0 0.0208333 0
0 0.428472 0 0.0208333 0
0 0.428472 0 0.0208333 0
0 0.428472 0 0.0208333 0
0 0.428472 0 0.0208333 0
0 0.428472 0 0.0208333 0
0 0.428472 0 0.0208333 0
0 0.428472 0 0.0208333 0
0 0.428472 0 0.0208333 0
0 0.428472 0 0.0208333 0
0 0.428472 0 0.0208333 0
0 0.428472 0 0.0208333 0
0 0.428472 0 0.0208333 0
0 0.428472 0 0.0208333 0
0 0.428472 0 0.0208333 0
0 0.428472 0 0.0208333 0
0 0.428472 0 0.0208333 0
0 0.428472 0 0.0208333 0
0 0.428472 0 0.0208333 0
0 0.428472 0 0.0208333 0
0 0.428472 0 0.0208333 0
0 0.428472 0 0.0208333 0
0 0.428472 0 0.0208333 0
0 0.428472 0 0.0208333 0
0 0.428472 0 0.0208333 0
0 0.428472 0 0.0208333 0
0 0.428472 0 0.0208333 0
0 0.428472 0 0.0208333 0
0 0.428472 0 0.0208333 0
0 0.428472 0 0.0208333 0
0 0.428472 0 0.0208333 0
0 0.428472 0 0.0208333 0
0 0.428472 0 0.0208333 0
0 0.428472 0 0.0208333 0
0 0.428472 0 0.0208333 0
0 0.428472 0 0.0208333 0
0 0.428472 0 0.0208333 0
0 0.428472 0 0.0208333 0
0 0.428472 0 0.0208333 0
0 0.428472 0 0.0208333 0
0 0.428472 0 0.0208333 0
0 0.428472 0 0.0208333 0
0 0.428472 0 0.0208333 0
0 0.428472 0 0.0208333 0
0 0.428472 0 0.0208333 0
0 0.428472 0 0.0208333 0
0 0.428472 0 0.0208333 0
0 0.428472 0 0.0208333 0
0 0.428472 0 0.0208333 0
0 0.428472 0 0.0208333 0
0 0.428472 0 0.0208333 0
0 0.428472 0 0.0208333 0
0 0.428472 0 0.0208333 0
0 0.428472 0 0.0208333 0
0 0.428472 0 0.0208333 0
0 0.428472 0 0.0208333 0
0 0.428472 0 0.0208333 0
0 0.428472 0 0.0208333 0
0 0.428472 0 0.0208333 0
0 0.428472 0 0.0208333 0
0 0.428472 0 0.0208333 0
0 0.428472 0 0.0208333 0
0 0.428472 0 0.0208333 0
0 0.428472 0 0.0208333 0
0 0.428472 0 0.0208333 0
0 0.428472 0 0.0208333 0
0 0.428472 0 0.0208333 0
0 0.428472 0 0.0208333 0
0 0.428472 0 0.0208333 0
0 0.428472 0 0.0208333 0
0 0.428472 0 0.0208333 0
0 0.428472 0 0.0208333 0
0 0.428472 0 0.0208333 0
0 0.428472 0 0.0208333 0
0 0.428472 0 0.0208333 0
0 0.428472 0 0.0208333 0
0 0.428472 0 0.0208333 0
0 0.428472 0 0.0208333 0
0 0.428472 0 0.0208333 0
0 0.428472 0 0.0208333 0
0 0.428472 0 0.0208333 0
0 0.428472 0 0.0208333 0
0 0.428472 0 0.0208333 0
0 0.428472 0 0.0208333 0
0 0.428472 0 0.0208333 0
0 0.428472 0 0.0208333 0
0 0.428472 0 0.0208333 0
0 0.428472 0 0.0208333 0
0 0.428472 0 0.0208333 0
0 0.428472 0 0.0208333 0
0 0.428472 0 0.0208333 0
0 0.428472 0 0.0208333 0
0 0.428472 0 0.0208333 0
0 0.428472 0 0.0208333 0
0 0.428472 0 0.0208333 0
0 0.428472 0 0.0208333 0
0 0.428472 0 0.0208333 0
0 0.428472 0 0.0208333 0
0 0.428472 0 0.0208333 0
0 0.428472 0 0.0208333 0
0 0.428472 0 0.0208333 0
0 0.428472 0 0.0208333 0
0 0.428472 0 0.0208333 0
0 0.428472 0 0.0208333 0
0 0.428472 0 0.0208333 0
0 0.428472 0 0.0208333 0
0 0.428472 0 0.0208333 0
0 0.428472 0 0.0208333 0
0 0.428472 0 0.0208333 0
0 0.428472 0 0.0208333 0
0 0.428472 0 0.0208333 0
0 0.428472 0 0.0208333 0
0 0.428472 0 0.0208333 0
0 0.428472 0 0.0208333 0
0 0.428472 0 0.0208333 0
0 0.428472 0 0.0208333 0
0 0.428472 0 0.0208333 0
0 0.428472 0 0.0208333 0
0 0.428472 0 0.0208333 0
0 0.428472 0 0.0208333 0
0 0.428472 0 0.0208333 0
0 0.428472 0 0.0208333 0
0 0.428472 0 0.0208333 0
0 0.428472 0 0.0208333 0
0 0.428472 0 0.0208333 0
0 0.428472 0 0.0208333 0
0 0.428472 0 0.0208333 0
0 0.428472 0 0.0208333 0
0 0.428472 0 0.0208333 0
0 0.428472 0 0.0208333 0
0 0.428472 0 0.0208333 0
0 0.428472 0 0.0208333 0
0 0.428472 0 0.0208333 0
0 0.428472 0 0.0208333 0
0 0.428472 0 0.0208333 0
0 0.428472 0 0.0208333 0
0 0.428472 0 0.0208333 0
0 0.428472 0 0.0208333 0
0 0.428472 0 0.0208333 0
0 0.428472 0 0.0208333 0
0 0.428472 0 0.0208333 0
0 0.428472 0 0.0208333 0
0 0.428472 0 0.0208333 0
0 0.428472 0 0.0208333 0
0 0.428472 0 0.0208333 0
0 0.428472 0 0.0208333 0
0 0.428472 0 0.0208333 0
0 0.428472 0 0.0208333 0
0 0.428472 0 0.0208333 0
0 0.428472 0 0.0208333 0
0 0.428472 0 0.0208333 0
0 0.428472 0 0.0208333 0
0 0.428472 0 0.0208333 0
0 0.428472 0 0.0208333 0
0 0.428472 0 0.0208333 0
0 0.428472 0 0.0208333 0
0 0.428472 0 0.0208333 0
0 0.428472 0 0.0208333 0
0 0.428472 0 0.0208333 0
0 0.428472 0 0.0208333 0
0 0.428472 0 0.0208333 0
0 0.428472 0 0.0208333 0
0 0.428472 0 0.0208333 0
0 0.428472 0 0.0208333 0
0 0.428472 0 0.0208333 0
0 0.428472 0 0.0208333 0
0 0.428472 0 0.0208333 0
0 0.428472 0 0.0208333 0
0 0.428472 0 0.0208333 0
0 0.428472 0 0.0208333 0
0 0.428472 0 0.0208333 0
0 0.428472 0 0.0208333 0
0 0.428472 0 0.0208333 0
0 0.428472 0 0.0208333 0
0 0.428472 0 0.0208333 0
0 0.428472 0 0.0208333 0
0 0.428472 0 0.0208333 0
0 0.428472 0 0.0208333 0
0 0.428472 0 0.0208333 0
0 0.428472 0 0.0208333 0
0 0.428472 0 0.0208333 0
0 0.428472 0 0.0208333 0
0 0.428472 0 0.0208333 0
0 0.428472 0 0.0208333 0
0 0.428472 0 0.0208333 0
0 0.428472 0 0.0208333 0
0 0.428472 0 0.0208333 0
0 0.428472 0 0.0208333 0
0 0.428472 0 0.0208333 0
0 0.428472 0 0.0208333 0
0 0.428472 0 0.0208333 0
0 0.428472 0 0.0208333 0
0 0.428472 0 0.0208333 0
0 0.428472 0 0.0208333 0
0 0.428472 0 0.0208333 0
0 0.428472 0 0.0208333 0
0 0.428472 0 0.0208333 0
0 0.428472 0 0.0208333 0
0 0.428472 0 0.0208333 0
0 0.428472 0 0.0208333 0
0 0.428472 0 0.0208333 0
0 0.428472 0 0.0208333 0
0 0.428472 0 0.0208333 0
0 0.428472 0 0.0208333 0
0 0.428472 0 0.0208333 0
0 0.428472 0 0.0208333 0
0 0.428472 0 0.0208333 0
0 0.428472 0 0.0208333 0
0 0.428472 0 0.0208333 0
0 0.428472 0 0.0208333 0
0 0.428472 0 0.0208333 0
0 0.428472 0 0.0208333 0
0 0.428472 0 0.0208333 0
0 0.428472 0 0.0208333 0
0 0.428472 0 0.0208333 0
0 0.428472 0 0.0208333 0
0 0.428472 0 0.0208333 0
0 0.428472 0 0.0208333 0
0 0.428472 0 0.0208333 0
0 0.428472 0 0.0208333 0
0 0.428472 0 0.0208333 0
0 0.428472 0 0.0208333 0
0 0.428472 0 0.0208333 0
0 0.428472 0 0.0208333 0
0 0.428472 0 0.0208333 0
0 0.428472 0 0.0208333 0
0 0.428472 0 0.0208333 0
0 0.428472 0 0.0208333 0
0 0.428472 0 0.0208333 0
0 0.428472 0 0.0208333 0
0 0.428472 0 0.0208333 0
0 0.428472 0 0.0208333 0
0 0.428472 0 0.0208333 0
0 0.428472 0 0.0208333 0
0 0.428472 0 0.0208333 0
0 0.428472 0 0.0208333 0
0 0.428472 0 0.0208333 0
0 0.428472 0 0.0208333 0
0 0.428472 0 0.0208333 0
0 0.428472 0 0.0208333 0
0 0.428472 0 0.0208333 0
0 0.428472 0 0.0208333 0
0 0.428472 0 0.0208333 0
0 0.428472 0 0.0208333 0
0 0.428472 0 0.0208333 0
0 0.428472 0 0.0208333 0
0 0.428472 0 0.0208333 0
0 0.428472 0 0.0208333 0
0 0.428472 0 0.0208333 0
0 0.428472 0 0.0208333 0
0 0.428472 0 0.0208333 0
0 0.428472 0 0.0208333 0
0 0.428472 0 0.0208333 0
0 0.428472 0 0.0208333 0
0 0.428472 0 0.0208333 0
0 0.428472 0 0.0208333 0
0 0.428472 0 0.0208333 0
0 0.428472 0 0.0208333 0
0 0.428472 0 0.0208333 0
0 0.428472 0 0.0208333 0
0 0.428472 0 0.0208333 0
0 0.428472 0 0.0208333 0
0 0.428472 0 0.0208333 0
0 0.428472 0 0.0208333 0
0 0.428472 0 0.0208333 0
0 0.428472 0 0.0208333 0
0 0.428472 0 0.0208333 0
0 0.428472 0 0.0208333 0
0 0.428472 0 0.0208333 0
0 0.428472 0 0.0208333 0
0 0.428472 0 0.0208333 0
0 0.428472 0 0.0208333 0
0 0.428472 0 0.0208333 0
0 0.428472 0 0.0208333 0
0 0.428472 0 0.0208333 0
0 0.428472 0 0.0208333 0
0 0.428472 0 0.0208333 0
0 0.428472 0 0.0208333 0
0 0.428472 0 0.0208333 0
0 0.428472 0 0.0208333 0
0 0.428472 0 0.0208333 0
0 0.428472 0 0.0208333 0
0 0.428472 0 0.0208333 0
0 0.428472 0 0.0208333 0
0 0.428472 0 0.0208333 0
0 0.428472 0 0.0208333 0
0 0.428472 0 0.0208333 0
0 0.428472 0 0.0208333 0
0 0.428472 0 0.0208333 0
0 0.428472 0 0.0208333 0
0 0.428472 0 0.0208333 0
0 0.428472 0 0.0208333 0
0 0.428472 0 0.0208333 0
0 0.428472 0 0.0208333 0
0 0.428472 0 0.0208333 0
0 0.428472 0 0.0208333 0
0 0.428472 0 0.0208333 0
0 0.428472 0 0.0208333 0
0 0.428472 0 0.0208333 0
0 0.428472 0 0.0208333 0
0 0.428472 0 0.0208333 0
0 0.428472 0 0.0208333 0
0 0.428472 0 0.0208333 0
0 0.428472 0 0.0208333 0
0 0.428472 0 0.0208333 0
0 0.428472 0 0.0208333 0
0 0.428472 0 0.0208333 0
0 0.428472 0 0.0208333 0
0 0.428472 0 0.0208333 0
0 0.428472 0 0.0208333 0
0 0.428472 0 0.0208333 0
0 0.428472 0 0.0208333 0
0 0.428472 0 0.0208333 0
0 0.428472 0 0.0208333 0
0 0.428472 0 0.0208333 0
0 0.428472 0 0.0208333 0
0 0.428472 0 0.0208333 0
0 0.428472 0 0.0208333 0
0 0.428472 0 0.0208333 0
0 0.428472 0 0.0208333 0
0 0.428472 0 0.0208333 0
0 0.428472 0 0.0208333 0
0 0.428472 0 0.0208333 0
0 0.428472 0 0.0208333 0
0 0.428472 0 0.0208333 0
0 0.428472 0 0.0208333 0
0 0.428472 0 0.0208333 0
0 0.428472 0 0.0208333 0
0 0.428472 0 0.0208333 0
0 0.428472 0 0.0208333 0
0 0.428472 0 0.0208333 0
0 0.428472 0 0.0208333 0
0 0.428472 0 0.0208333 0
0 0.428472 0 0.0208333 0
0 0.428472 0 0.0208333 0
0 0.428472 0 0.0208333 0
0 0.428472 0 0.0208333 0
0 0.428472 0 0.0208333 0
0 0.428472 0 0.0208333 0
0 0.428472 0 0.0208333 0
0 0.428472 0 0.0208333 0
0 0.428472 0 0.0208333 0
0 0.428472 0 0.0208333 0
0 0.428472 0 0.0208333 0
0 0.428472 0 0.0208333 0
0 0.428472 0 0.0208333 0
0 0.428472 0 0.0208333 0
0 0.428472 0 0.0208333 0
0 0.428472 0 0.0208333 0
0 0.428472 0 0.0208333 0
0 0.428472 0 0.0208333 0
0 0.428472 0 0.0208333 0
0 0.428472 0 0.0208333 0
0 0.428472 0 0.0208333 0
0 0.428472 0 0.0208333 0
0 0.428472 0 0.0208333 0
0 0.428472 0 0.0208333 0
0 0.428472 0 0.0208333 0
0 0.428472 0 0.0208333 0
0 0.428472 0 0.0208333 0
0 0.428472 0 0.0208333 0
0 0.428472 0 0.0208333 0
0 0.428472 0 0.0208333 0
0 0.428472 0 0.0208333 0
0 0.428472 0 0.0208333 0
0 0.428472 0 0.0208333 0
0 0.428472 0 0.0208333 0
0 0.428472 0 0.0208333 0
0 0.428472 0 0.0208333 0
0 0.428472 0 0.0208333 0
0 0.428472 0 0.0208333 0
0 0.428472 0 0.0208333 0
0 0.428472 0 0.0208333 0
0 0.428472 0 0.0208333 0
0 0.428472 0 0.0208333 0
0 0.428472 0 0.0208333 0
0 0.428472 0 0.0208333 0
0 0.428472 0 0.0208333 0
0 0.428472 0 0.0208333 0
0 0.428472 0 0.0208333 0
0 0.428472 0 0.0208333 0
0 0.428472 0 0.0208333 0
0 0.428472 0 0.0208333 0
0 0.428472 0 0.0208333 0
0 0.428472 0 0.0208333 0
0 0.428472 0 0.0208333 0
0 0.428472 0 0.0208333 0
0 0.428472 0 0.0208333 0
0 0.428472 0 0.0208333 0
0 0.428472 0 0.0208333 0
0 0.428472 0 0.0208333 0
0 0.428472 0 0.0208333 0
0 0.428472 0 0.0208333 0
0 0.428472 0 0.0208333 0
0 0.428472 0 0.0208333 0
0 0.428472 0 0.0208333 0
0 0.428472 0 0.0208333 0
0 0.428472 0 0.0208333 0
0 0.428472 0 0.0208333 0
0 0.428472 0 0.0208333 0
0 0.428472 0 0.0208333 0
0 0.428472 0 0.0208333 0
0 0.428472 0 0.0208333 0
0 0.428472 0 0.0208333 0
0 0.428472 0 0.0208333 0
0 0.428472 0 0.0208333 0
0 0.428472 0 0.0208333 0
0 0.428472 0 0.0208333 0
0 0.428472 0 0.0208333 0
0 0.428472 0 0.0208333 0
0 0.428472 0 0.0208333 0
0 0.428472 0 0.0208333 0
0 0.428472 0 0.0208333 0
0 0.428472 0 0.0208333 0
0 0.428472 0 0.0208333 0
0 0.428472 0 0.0208333 0
0 0.428472 0 0.0208333 0
0 0.428472 0 0.0208333 0
0 0.428472 0 0.0208333 0
0 0.428472 0 0.0208333 0
0 0.428472 0 0.0208333 0
0 0.428472 0 0.0208333 0
0 0.428472 0 0.0208333 0
0 0.428472 0 0.0208333 0
0 0.428472 0 0.0208333 0
0 0.428472 0 0.0208333 0
0 0.428472 0 0.0208333 0
0 0.428472 0 0.0208333 0
0 0.428472 0 0.0208333 0
0 0.428472 0 0.0208333 0
0 0.428472 0 0.0208333 0
0 0.428472 0 0.0208333 0
0 0.428472 0 0.0208333 0
0 0.428472 0 0.0208333 0
0 0.428472 0 0.0208333 0
0 0.428472 0 0.0208333 0
0 0.428472 0 0.0208333 0
0 0.428472 0 0.0208333 0
0 0.428472 0 0.0208333 0
0 0.428472 0 0.0208333 0
0 0.428472 0 0.0208333 0
0 0.428472 0 0.0208333 0
0 0.428472 0 0.0208333 0
0 0.428472 0 0.0208333 0
0 0.428472 0 0.0208333 0
0 0.428472 0 0.0208333 0
0 0.428472 0 0.0208333 0
0 0.428472 0 0.0208333 0
0 0.428472 0 0.0208333 0
0 0.428472 0 0.0208333 0
0 0.428472 0 0.0208333 0
0 0.428472 0 0.0208333 0
0 0.428472 0 0.0208333 0
0 0.428472 0 0.0208333 0
0 0.428472 0 0.0208333 0
0 0.428472 0 0.0208333 0
0 0.428472 0 0.0208333 0
0 0.428472 0 0.0208333 0
0 0.428472 0 0.0208333 0
0 0.428472 0 0.0208333 0
0 0.428472 0 0.0208333 0
0 0.428472 0 0.0208333 0
0 0.428472 0 0.0208333 0
0 0.428472 0 0.0208333 0
0 0.428472 0 0.0208333 0
0 0.428472 0 0.0208333 0
0 0.428472 0 0.0208333 0
0 0.428472 0 0.0208333 0
0 0.428472 0 0.0208333 0
0 0.428472 0 0.0208333 0
0 0.428472 0 0.0208333 0
0 0.428472 0 0.0208333 0
0 0.428472 0 0.0208333 0
0 0.428472 0 0.0208333 0
0 0.428472 0 0.0208333 0
0 0.428472 0 0.0208333 0
0 0.428472 0 0.0208333 0
0 0.428472 0 0.0208333 0
0 0.428472 0 0.0208333 0
0 0.428472 0 0.0208333 0
0 0.428472 0 0.0208333 0
0 0.428472 0 0.0208333 0
0 0.428472 0 0.0208333 0
0 0.428472 0 0.0208333 0
0 0.428472 0 0.0208333 0
0 0.428472 0 0.0208333 0
0 0.428472 0 0.0208333 0
0 0.428472 0 0.0208333 0
0 0.428472 0 0.0208333 0
0 0.428472 0 0.0208333 0
0 0.428472 0 0.0208333 0
0 0.428472 0 0.0208333 0
0 0.428472 0 0.0208333 0
0 0.428472 0 0.0208333 0
0 0.428472 0 0.0208333 0
0 0.428472 0 0.0208333 0
0 0.428472 0 0.0208333 0
0 0.428472 0 0.0208333 0
0 0.428472 0 0.0208333 0
0 0.428472 0 0.0208333 0
0 0.428472 0 0.0208333 0
0 0.428472 0 0.0208333 0
0 0.428472 0 0.0208333 0
0 0.428472 0 0.0208333 0
0 0.428472 0 0.0208333 0
0 0.428472 0 0.0208333 0
0 0.428472 0 0.0208333 0
0 0.428472 0 0.0208333 0
0 0.428472 0 0.0208333 0
0 0.428472 0 0.0208333 0
0 0.428472 0 0.0208333 0
0 0.428472 0 0.0208333 0
0 0.428472 0 0.0208333 0
0 0.428472 0 0.0208333 0
0 0.428472 0 0.0208333 0
0 0.428472 0 0.0208333 0
0 0.428472 0 0.0208333 0
0 0.428472 0 0.0208333 0
0 0.428472 0 0.0208333 0
0 0.428472 0 0.0208333 0
0 0.428472 0 0.0208333 0
0 0.428472 0 0.0208333 0
0 0.428472 0 0.0208333 0
0 0.428472 0 0.0208333 0
0 0.428472 0 0.0208333 0
0 0.428472 0 0.0208333 0
0 0.428472 0 0.0208333 0
0 0.428472 0 0.0208333 0
0 0.428472 0 0.0208333 0
0 0.428472 0 0.0208333 0
0 0.428472 0 0.0208333 0
0 0.428472 0 0.0208333 0
0 0.428472 0 0.0208333 0
0 0.428472 0 0.0208333 0
0 0.428472 0 0.0208333 0
0 0.428472 0 0.0208333 0
0 0.428472 0 0.0208333 0
0 0.428472 0 0.0208333 0
0 0.428472 0 0.0208333 0
0 0.428472 0 0.0208333 0
0 0.428472 0 0.0208333 0
0 0.428472 0 0.0208333 0
0 0.428472 0 0.0208333 0
0 0.428472 0 0.0208333 0
0 0.428472 0 0.0208333 0
0 0.428472 0 0.0208333 0
0 0.428472 0 0.0208333 0
0 0.428472 0 0.0208333 0
0 0.428472 0 0.0208333 0
0 0.428472 0 0.0208333 0
0 0.428472 0 0.0208333 0
0 0.428472 0 0.0208333 0
0 0.428472 0 0.0208333 0
0 0.428472 0 0.0208333 0
0 0.428472 0 0.0208333 0
0 0.428472 0 0.0208333 0
0 0.428472 0 0.0208333 0
0 0.428472 0 0.0208333 0
0 0.428472 0 0.0208333 0
0 0.428472 0 0.0208333 0
0 0.428472 0 0.0208333 0
0 0.428472 0 0.0208333 0
0 0.428472 0 0.0208333 0
0 0.428472 0 0.0208333 0
0 0.428472 0 0.0208333 0
0 0.428472 0 0.0208333 0
0 0.428472 0 0.0208333 0
0 0.428472 0 0.0208333 0
0 0.428472 0 0.0208333 0
0 0.428472 0 0.0208333 0
0 0.428472 0 0.0208333 0
0 0.428472 0 0.0208333 0
0 0.428472 0 0.0208333 0
0 0.428472 0 0.0208333 0
0 0.428472 0 0.0208333 0
0 0.428472 0 0.0208333 0
0 0.428472 0 0.0208333 0
0 0.428472 0 0.0208333 0
0 0.428472 0 0.0208333 0
0 0.428472 0 0.0208333 0
0 0.428472 0 0.0208333 0
0 0.428472 0 0.0208333 0
0 0.428472 0 0.0208333 0
0 0.428472 0 0.0208333 0
0 0.428472 0 0.0208333 0
0 0.428472 0 0.0208333 0
0 0.428472 0 0.0208333 0
0 0.428472 0 0.0208333 0
0 0.428472 0 0.0208333 0
0 0.428472 0 0.0208333 0
0 0.428472 0 0.0208333 0
0 0.428472 0 0.0208333 0
0 0.428472 0 0.0208333 0
0 0.428472 0 0.0208333 0
0 0.428472 0 0.0208333 0
0 0.428472 0 0.0208333 0
0 0.428472 0 0.0208333 0
0 0.428472 0 0.0208333 0
0 0.428472 0 0.0208333 0
0 0.428472 0 0.0208333 0
0 0.428472 0 0.0208333 0
0 0.428472 0 0.0208333 0
0 0.428472 0 0.0208333 0
0 0.428472 0 0.0208333 0
0 0.428472 0 0.0208333 0
0 0.428472 0 0.0208333 0
0 0.428472 0 0.0208333 0
0 0.428472 0 0.0208333 0
0 0.428472 0 0.0208333 0
0 0.428472 0 0.0208333 0
0 0.428472 0 0.0208333 0
0 0.428472 0 0.0208333 0
0 0.428472 0 0.0208333 0
0 0.428472 0 0.0208333 0
0 0.428472 0 0.0208333 0
0 0.428472 0 0.0208333 0
0 0.428472 0 0.0208333 0
0 0.428472 0 0.0208333 0
0 0.428472 0 0.0208333 0
0 0.428472 0 0.0208333 0
0 0.428472 0 0.0208333 0
0 0.428472 0 0.0208333 0
0 0.428472 0 0.0208333 0
0 0.428472 0 0.0208333 0
0 0.428472 0 0.0208333 0
0 0.428472 0 0.0208333 0
0 0.428472 0 0.0208333 0
0 0.428472 0 0.0208333 0
0 0.428472 0 0.0208333 0
0 0.428472 0 0.0208333 0
0 0.428472 0 0.0208333 0
0 0.428472 0 0.0208333 0
0 0.428472 0 0.0208333 0
0 0.428472 0 0.0208333 0
0 0.428472 0 0.0208333 0
0 0.428472 0 0.0208333 0
0 0.428472 0 0.0208333 0
0 0.428472 0 0.0208333 0
0 0.428472 0 0.0208333 0
0 0.428472 0 0.0208333 0
0 0.428472 0 0.0208333 0
0 0.428472 0 0.0208333 0
0 0.428472 0 0.0208333 0
0 0.428472 0 0.0208333 0
0 0.428472 0 0.0208333 0
0 0.428472 0 0.0208333 0
0 0.428472 0 0.0208333 0
0 0.428472 0 0.0208333 0
0 0.428472 0 0.0208333 0
0 0.428472 0 0.0208333 0
0 0.428472 0 0.0208333 0
0 0.428472 0 0.0208333 0
0 0.428472 0 0.0208333 0
0 0.428472 0 0.0208333 0
0 0.428472 0 0.0208333 0
0 0.428472 0 0.0208333 0
0 0.428472 0 0.0208333 0
0 0.428472 0 0.0208333 0
0 0.428472 0 0.0208333 0
0 0.428472 0 0.0208333 0
0 0.428472 0 0.0208333 0
0 0.428472 0 0.0208333 0
0 0.428472 0 0.0208333 0
0 0.428472 0 0.0208333 0
0 0.428472 0 0.0208333 0
0 0.428472 0 0.0208333 0
0 0.428472 0 0.0208333 0
0 0.428472 0 0.0208333 0
0 0.428472 0 0.0208333 0
0 0.428472 0 0.0208333 0
0 0.428472 0 0.0208333 0
0 0.428472 0 0.0208333 0
0 0.428472 0 0.0208333 0
0 0.428472 0 0.0208333 0
0 0.428472 0 0.0208333 0
0 0.428472 0 0.0208333 0
0 0.428472 0 0.0208333 0
0 0.428472 0 0.0208333 0
0 0.428472 0 0.0208333 0
0 0.428472 0 0.0208333 0
0 0.428472 0 0.0208333 0
0 0.428472 0 0.0208333 0
0 0.428472 0 0.0208333 0
0 0.428472 0 0.0208333 0
0 0.428472 0 0.0208333 0
0 0.428472 0 0.0208333 0
0 0.428472 0 0.0208333 0
0 0.428472 0 0.0208333 0
0 0.428472 0 0.0208333 0
0 0.428472 0 0.0208333 0
0 0.428472 0 0.0208333 0
0 0.428472 0 0.0208333 0
0 0.428472 0 0.0208333 0
0 0.428472 0 0.0208333 0
0 0.428472 0 0.0208333 0
0 0.428472 0 0.0208333 0
0 0.428472 0 0.0208333 0
0 0.428472 0 0.0208333 0
0 0.428472 0 0.0208333 0
0 0.428472 0 0.0208333 0
0 0.428472 0 0.0208333 0
0 0.428472 0 0.0208333 0
0 0.428472 0 0.0208333 0
0 0.428472 0 0.0208333 0
0 0.428472 0 0.0208333 0
0 0.428472 0 0.0208333 0
0 0.428472 0 0.0208333 0
0 0.428472 0 0.0208333 0
0 0.428472 0 0.0208333 0
0 0.428472 0 0.0208333 0
0 0.428472 0 0.0208333 0
0 0.428472 0 0.0208333 0
0 0.428472 0 0.0208333 0
0 0.428472 0 0.0208333 0
0 0.428472 0 0.0208333 0
0 0.428472 0 0.0208333 0
0 0.428472 0 0.0208333 0
0 0.428472 0 0.0208333 0
0 0.428472 0 0.0208333 0
0 0.428472 0 0.0208333 0
0 0.428472 0 0.0208333 0
0 0.428472 0 0.0208333 0
0 0.428472 0 0.0208333 0
0 0.428472 0 0.0208333 0
0 0.428472 0 0.0208333 0
0 0.428472 0 0.0208333 0
0 0.428472 0 0.0208333 0
0 0.428472 0 0.0208333 0
0 0.428472 0 0.0208333 0
0 0.428472 0 0.0208333 0
0 0.428472 0 0.0208333 0
0 0.428472 0 0.0208333 0
0 0.428472 0 0.0208333 0
0 0.428472 0 0.0208333 0
0 0.428472 0 0.0208333 0
0 0.428472 0 0.0208333 0
0 0.428472 0 0.0208333 0
0 0.428472 0 0.0208333 0
0 0.428472 0 0.0208333 0
0 0.428472 0 0.0208333 0
0 0.428472 0 0.0208333 0
0 0.428472 0 0.0208333 0
0 0.428472 0 0.0208333 0
0 0.428472 0 0.0208333 0
0 0.428472 0 0.0208333 0
0 0.428472 0 0.0208333 0
0 0.428472 0 0.0208333 0
0 0.428472 0 0.0208333 0
0 0.428472 0 0.0208333 0
0 0.428472 0 0.0208333 0
0 0.428472 0 0.0208333 0
0 0.428472 0 0.0208333 0
0 0.428472 0 0.0208333 0
0 0.428472 0 0.0208333 0
0 0.428472 0 0.0208333 0
0 0.428472 0 0.0208333 0
0 0.428472 0 0.0208333 0
0 0.428472 0 0.0208333 0
0 0.428472 0 0.0208333 0
0 0.428472 0 0.0208333 0
0 0.428472 0 0.0208333 0
0 0.428472 0 0.0208333 0
0 0.428472 0 0.0208333 0
0 0.428472 0 0.0208333 0
0 0.428472 0 0.0208333 0
0 0.428472 0 0.0208333 0
0 0.428472 0 0.0208333 0
0 0.428472 0 0.0208333 0
0 0.428472 0 0.0208333 0
0 0.428472 0 0.0208333 0
0 0.428472 0 0.0208333 0
0 0.428472 0 0.0208333 0
0 0.428472 0 0.0208333 0
0 0.428472 0 0.0208333 0
0 0.428472 0 0.0208333 0
0 0.428472 0 0.0208333 0
0 0.428472 0 0.0208333 0
0 0.428472 0 0.0208333 0
0 0.428472 0 0.0208333 0
0 0.428472 0 0.0208333 0
0 0.428472 0 0.0208333 0
0 0.428472 0 0.0208333 0
0 0.428472 0 0.0208333 0
0 0.428472 0 0.0208333 0
0 0.428472 0 0.0208333 0
0 0.428472 0 0.0208333 0
0 0.428472 0 0.0208333 0
0 0.428472 0 0.0208333 0
0 0.428472 0 0.0208333 0
0 0.428472 0 0.0208333 0
0 0.428472 0 0.0208333 0
0 0.428472 0 0.0208333 0
0 0.428472 0 0.0208333 0
0 0.428472 0 0.0208333 0
0 0.428472 0 0.0208333 0
0 0.428472 0 0.0208333 0
0 0.428472 0 0.0208333 0
0 0.428472 0 0.0208333 0
0 0.428472 0 0.0208333 0
0 0.428472 0 0.0208333 0
0 0.428472 0 0.0208333 0
0 0.428472 0 0.0208333 0
0 0.428472 0 0.0208333 0
0 0.428472 0 0.0208333 0
0 0.428472 0 0.0208333 0
0 0.428472 0 0.0208333 0
0 0.428472 0 0.0208333 0
0 0.428472 0 0.0208333 0
0 0.428472 0 0.0208333 0
0 0.428472 0 0.0208333 0
0 0.428472 0 0.0208333 0
0 0.428472 0 0.0208333 0
0 0.428472 0 0.0208333 0
0 0.428472 0 0.0208333 0
0 0.428472 0 0.0208333 0
0 0.428472 0 0.0208333 0
0 0.428472 0 0.0208333 0
0 0.428472 0 0.0208333 0
0 0.428472 0 0.0208333 0
0 0.428472 0 0.0208333 0
0 0.428472 0 0.0208333 0
0 0.428472 0 0.0208333 0
0 0.428472 0 0.0208333 0
0 0.428472 0 0.0208333 0
0 0.428472 0 0.0208333 0
0 0.428472 0 0.0208333 0
0 0.428472 0 0.0208333 0
0 0.428472 0 0.0208333 0
0 0.428472 0 0.0208333 0
0 0.428472 0 0.0208333 0
0 0.428472 0 0.0208333 0
0 0.428472 0 0.0208333 0
0 0.428472 0 0.0208333 0
0 0.428472 0 0.0208333 0
0 0.428472 0 0.0208333 0
0 0.428472 0 0.0208333 0
0 0.428472 0 0.0208333 0
0 0.428472 0 0.0208333 0
0 0.428472 0 0.0208333 0
0 0.428472 0 0.0208333 0
0 0.428472 0 0.0208333 0
0 0.428472 0 0.0208333 0
0 0.428472 0 0.0208333 0
0 0.428472 0 0.0208333 0
0 0.428472 0 0.0208333 0
0 0.428472 0 0.0208333 0
0 0.428472 0 0.0208333 0
0 0.428472 0 0.0208333 0
0 0.428472 0 0.0208333 0
0 0.428472 0 0.0208333 0
0 0.428472 0 0.0208333 0
0 0.428472 0 0.0208333 0
0 0.428472 0 0.0208333 0
0 0.428472 0 0.0208333 0
0 0.428472 0 0.0208333 0
0 0.428472 0 0.0208333 0
0 0.428472 0 0.0208333 0
0 0.428472 0 0.0208333 0
0 0.428472 0 0.0208333 0
0 0.428472 0 0.0208333 0
0 0.428472 0 0.0208333 0
0 0.428472 0 0.0208333 0
0 0.428472 0 0.0208333 0
0 0.428472 0 0.0208333 0
0 0.428472 0 0.0208333 0
0 0.428472 0 0.0208333 0
0 0.428472 0 0.0208333 0
0 0.428472 0 0.0208333 0
0 0.428472 0 0.0208333 0
0 0.428472 0 0.0208333 0
0 0.428472 0 0.0208333 0
0 0.428472 0 0.0208333 0
0 0.428472 0 0.0208333 0
0 0.428472 0 0.0208333 0
0 0.428472 0 0.0208333 0
0 0.428472 0 0.0208333 0
0 0.428472 0 0.0208333 0
0 0.428472 0 0.0208333 0
0 0.428472 0 0.0208333 0
0 0.428472 0 0.0208333 0
0 0.428472 0 0.0208333 0
0 0.428472 0 0.0208333 0
0 0.428472 0 0.0208333 0
0 0.428472 0 0.0208333 0
0 0.428472 0 0.0208333 0
0 0.428472 0 0.0208333 0
0 0.428472 0 0.0208333 0
0 0.428472 0 0.0208333 0
0 0.428472 0 0.0208333 0
0 0.428472 0 0.0208333 0
0 0.428472 0 0.0208333 0
0 0.428472 0 0.0208333 0
0 0.428472 0 0.0208333 0
0 0.428472 0 0.0208333 0
0 0.428472 0 0.0208333 0
0 0.428472 0 0.0208333 0
0 0.428472 0 0.0208333 0
0 0.428472 0 0.0208333 0
0 0.428472 0 0.0208333 0
0 0.428472 0 0.0208333 0
0 0.428472 0 0.0208333 0
0 0.428472 0 0.0208333 0
0 0.428472 0 0.0208333 0
0 0.428472 0 0.0208333 0
0 0.428472 0 0.0208333 0
0 0.428472 0 0.0208333 0
0 0.428472 0 0.0208333 0
0 0.428472 0 0.0208333 0
0 0.428472 0 0.0208333 0
0 0.428472 0 0.0208333 0
0 0.428472 0 0.0208333 0
0 0.428472 0 0.0208333 0
0 0.428472 0 0.0208333 0
0 0.428472 0 0.0208333 0
0 0.428472 0 0.0208333 0
0 0.428472 0 0.0208333 0
0 0.428472 0 0.0208333 0
0 0.428472 0 0.0208333 0
0 0.428472 0 0.0208333 0
0 0.428472 0 0.0208333 0
0 0.428472 0 0.0208333 0
0 0.428472 0 0.0208333 0
0 0.428472 0 0.0208333 0
0 0.428472 0 0.0208333 0
0 0.428472 0 0.0208333 0
0 0.428472 0 0.0208333 0
0 0.428472 0 0.0208333 0
0 0.428472 0 0.0208333 0
0 0.428472 0 0.0208333 0
0 0.428472 0 0.0208333 0
0 0.428472 0 0.0208333 0
0 0.428472 0 0.0208333 0
0 0.428472 0 0.0208333 0
0 0.428472 0 0.0208333 0
0 0.428472 0 0.0208333 0
0 0.428472 0 0.0208333 0
0 0.428472 0 0.0208333 0
0 0.428472 0 0.0208333 0
0 0.428472 0 0.0208333 0
0 0.428472 0 0.0208333 0
0 0.428472 0 0.0208333 0
0 0.428472 0 0.0208333 0
0 0.428472 0 0.0208333 0
0 0.428472 0 0.0208333 0
0 0.428472 0 0.0208333 0
0 0.428472 0 0.0208333 0
0 0.428472 0 0.0208333 0
0 0.428472 0 0.0208333 0
0 0.428472 0 0.0208333 0
0 0.428472 0 0.0208333 0
0 0.428472 0 0.0208333 0
0 0.428472 0 0.0208333 0
0 0.428472 0 0.0208333 0
0 0.428472 0 0.0208333 0
0 0.428472 0 0.0208333 0
0 0.428472 0 0.0208333 0
0 0.428472 0 0.0208333 0
0 0.428472 0 0.0208333 0
0 0.428472 0 0.0208333 0
0 0.428472 0 0.0208333 0
0 0.428472 0 0.0208333 0
0 0.428472 0 0.0208333 0
0 0.428472 0 0.0208333 0
0 0.428472 0 0.0208333 0
0 0.428472 0 0.0208333 0
0 0.428472 0 0.0208333 0
0 0.428472 0 0.0208333 0
0 0.428472 0 0.0208333 0
