0 0.565972 0 0.00972222 0
0 0.442361 1 0.0291667 0
0 0.565278 0 0.0111111 0
0 0.442361 1 0.0291667 0
0 0.565278 0 0.0111111 0
0 0.442361 1 0.0291667 0
0 0.565278 0 0.0111111 0
0 0.442361 1 0.0291667 0
0 0.565278 0 0.0111111 0
0 0.442361 1 0.0291667 0
0 0.565278 0 0.0111111 0
0 0.442361 1 0.0291667 0
0 0.565278 0 0.0111111 0
0 0.442361 1 0.0291667 0
0 0.565278 0 0.0111111 0
0 0.442361 1 0.0291667 0
0 0.565278 0 0.0111111 0
0 0.442361 1 0.0291667 0
0 0.565278 0 0.0111111 0
0 0.442361 1 0.0291667 0
0 0.565278 0 0.0111111 0
0 0.442361 1 0.0291667 0
0 0.565278 0 0.0111111 0
0 0.442361 1 0.0291667 0
0 0.565972 0 0.00972222 0
0 0.442361 1 0.0291667 0
0 0.565972 0 0.00972222 0
0 0.442361 1 0.0291667 0
0 0.565972 0 0.00972222 0
0 0.442361 1 0.0291667 0
0 0.565972 0 0.00972222 0
0 0.442361 1 0.0291667 0
0 0.565972 0 0.00972222 0
0 0.442361 1 0.0291667 0
0 0.565278 0 0.0111111 0
0 0.442361 1 0.0291667 0
0 0.565972 0 0.00972222 0
0 0.442361 1 0.0291667 0
0 0.565972 0 0.00972222 0
0 0.442361 1 0.0291667 0
0 0.565278 0 0.0111111 0
0 0.442361 1 0.0291667 0
0 0.565972 0 0.00972222 0
0 0.442361 1 0.0291667 0
0 0.565972 0 0.00972222 0
0 0.442361 1 0.0291667 0
0 0.565278 0 0.0111111 0
0 0.442361 1 0.0291667 0
0 0.565278 0 0.0111111 0
0 0.442361 1 0.0291667 0
0 0.565278 0 0.0111111 0
0 0.442361 1 0.0291667 0
0 0.565278 0 0.0111111 0
0 0.442361 1 0.0291667 0
0 0.565972 0 0.00972222 0
0 0.442361 1 0.0291667 0
0 0.565972 0 0.00972222 0
0 0.442361 1 0.0291667 0
0 0.565278 0 0.0111111 0
0 0.442361 1 0.0291667 0
0 0.565972 0 0.00972222 0
0 0.442361 1 0.0291667 0
0 0.565972 0 0.0125 0
0 0.442361 1 0.0291667 0
0 0.564583 0 0.00972222 0
0 0.443056 1 0.0277778 0
0 0.4875 1 0.0444444 0
0 0.565972 0 0.00972222 0
0 0.438194 1 0.0291667 0
0 0.439583 1 0.0291667 0
0 0.567361 0 0.00972222 0
0 0.441667 1 0.0277778 0
0 0.566667 0 0.0111111 0
0 0.44375 1 0.0263889 0
0 0.483333 0.5 0.0416667 1
