0 0.498611 1 0.0277778 0
0 0.498611 1 0.0277778 0
0 0.498611 1 0.0277778 0
0 0.595833 0 0.0111111 0
0 0.498611 1 0.0277778 0
0 0.498611 1 0.0277778 0
0 0.595833 0 0.0111111 0
0 0.498611 1 0.0277778 0
0 0.595833 0 0.0111111 0
0 0.498611 1 0.0277778 0
0 0.498611 1 0.0277778 0
0 0.498611 1 0.0277778 0
0 0.595833 0 0.0111111 0
0 0.498611 1 0.0277778 0
0 0.498611 1 0.0277778 0
0 0.498611 1 0.0277778 0
0 0.498611 1 0.0277778 0
0 0.498611 1 0.0277778 0
0 0.498611 1 0.0277778 0
0 0.498611 1 0.0277778 0
0 0.498611 1 0.0277778 0
0 0.498611 1 0.0277778 0
0 0.498611 1 0.0277778 0
0 0.498611 1 0.0277778 0
0 0.498611 1 0.0277778 0
0 0.498611 1 0.0277778 0
0 0.595833 0 0.0111111 0
0 0.498611 1 0.0277778 0
0 0.498611 1 0.0277778 0
0 0.498611 1 0.0277778 0
0 0.595833 0 0.0111111 0
0 0.498611 1 0.0277778 0
0 0.498611 1 0.0277778 0
0 0.498611 1 0.0277778 0
0 0.595833 0 0.0111111 0
0 0.498611 1 0.0277778 0
0 0.498611 1 0.0277778 0
0 0.498611 1 0.0277778 0
0 0.498611 1 0.0277778 0
0 0.498611 1 0.0277778 0
0 0.498611 1 0.0277778 0
0 0.498611 1 0.0277778 0
0 0.498611 1 0.0277778 0
0 0.498611 1 0.0277778 0
0 0.498611 1 0.0277778 0
0 0.498611 1 0.0277778 0
0 0.498611 1 0.0277778 0
0 0.498611 1 0.0277778 0
0 0.498611 1 0.0277778 0
0 0.498611 1 0.0277778 0
0 0.498611 1 0.0277778 0
0 0.498611 1 0.0277778 0
0 0.498611 1 0.0277778 0
0 0.498611 1 0.0277778 0
0 0.498611 1 0.0277778 0
0 0.498611 1 0.0277778 0
0 0.498611 1 0.0277778 0
0 0.498611 1 0.0277778 0
0 0.498611 1 0.0277778 0
0 0.498611 1 0.0277778 0
0 0.498611 1 0.0277778 0
0 0.498611 1 0.0277778 0
0 0.595833 0 0.0111111 0
0 0.498611 1 0.0277778 0
0 0.498611 1 0.0277778 0
0 0.498611 1 0.0277778 0
0 0.498611 1 0.0277778 0
0 0.498611 1 0.0277778 0
0 0.498611 1 0.0277778 0
0 0.498611 1 0.0277778 0
0 0.498611 1 0.0277778 0
0 0.498611 1 0.0277778 0
0 0.498611 1 0.0277778 0
0 0.498611 1 0.0277778 0
0 0.498611 1 0.0277778 0
0 0.498611 1 0.0277778 0
0 0.498611 1 0.0277778 0
0 0.498611 1 0.0277778 0
0 0.498611 1 0.0277778 0
0 0.498611 1 0.0277778 0
0 0.498611 1 0.0277778 0
0 0.498611 1 0.0277778 0
0 0.498611 1 0.0277778 0
0 0.498611 1 0.0277778 0
0 0.498611 1 0.0277778 0
0 0.498611 1 0.0277778 0
0 0.498611 1 0.0277778 0
0 0.498611 1 0.0277778 0
0 0.498611 1 0.0277778 0
0 0.498611 1 0.0277778 0
0 0.498611 1 0.0277778 0
0 0.498611 1 0.0277778 0
0 0.498611 1 0.0277778 0
0 0.498611 1 0.0277778 0
0 0.498611 1 0.0277778 0
0 0.498611 1 0.0277778 0
0 0.498611 1 0.0277778 0
0 0.498611 1 0.0277778 0
0 0.498611 1 0.0277778 0
0 0.498611 1 0.0277778 0
0 0.501389 1 0.0277778 0
0 0.502778 1 0.0305556 0
0 0.509028 1 0.0291667 0
0 0.515278 1 0.0305556 0
0 0.410417 0 0.0125 0
0 0.607639 0 0.0125 0
0 0.51875 1 0.0291667 0
0 0.607639 0 0.00972222 0
0 0.521528 1 0.0291667 0
0 0.527778 1 0.0305556 0
0 0.531944 1 0.0277778 0
0 0.713889 0 0.0111111 0
0 0.534722 1 0.0305556 0
0 0.41875 0 0.0125 0
0 0.539583 1 0.0291667 0
0 0.421528 0 0.0125 0
0 0.544444 1 0.0277778 0
0 0.546528 1 0.0291667 0
0 0.620139 0 0.00972222 0
0 0.55 1 0.0277778 0
0 0.427083 0 0.0125 0
0 0.554167 1 0.0277778 0
0 0.555556 1 0.0277778 0
0 0.558333 1 0.0277778 0
0 0.561806 1 0.0291667 0
0 0.433333 0 0.0111111 0
0 0.565972 1 0.0291667 0
0 0.569444 1 0.0277778 0
0 0.570833 1 0.0277778 0
0 0.438194 0 0.0125 0
0 0.572222 1 0.0277778 0
0 0.572222 1 0.0277778 0
0 0.573611 1 0.0277778 0
0 0.573611 1 0.0277778 0
0 0.573611 1 0.0277778 0
0 0.628472 0 0.00972222 0
0 0.573611 1 0.0277778 0
0 0.573611 1 0.0277778 0
0 0.573611 1 0.0277778 0
0 0.572917 1 0.0263889 0
0 0.627083 0 0.00972222 0
0 0.572917 1 0.0263889 0
0 0.571528 1 0.0263889 0
0 0.570833 1 0.025 0
0 0.570139 1 0.0236111 0
0 0.568056 1 0.025 0
0 0.566667 1 0.025 0
0 0.566667 1 0.025 0
0 0.565278 1 0.025 0
0 0.620833 0 0.0111111 0
0 0.564583 1 0.0236111 0
0 0.564583 1 0.0236111 0
0 0.563194 1 0.0236111 0
0 0.559028 1 0.0236111 0
0 0.559028 1 0.0236111 0
0 0.557639 1 0.0236111 0
0 0.555556 1 0.0222222 0
0 0.553472 1 0.0236111 0
0 0.552083 1 0.0236111 0
0 0.547917 1 0.0236111 0
0 0.546528 1 0.0236111 0
0 0.545833 1 0.0222222 0
0 0.542361 1 0.0236111 0
0 0.541667 1 0.0222222 0
0 0.540278 1 0.0222222 0
0 0.538889 1 0.0194444 0
0 0.5375 1 0.0222222 0
0 0.534722 1 0.0222222 0
0 0.533333 1 0.0222222 0
0 0.532639 1 0.0208333 0
0 0.531944 1 0.0194444 0
0 0.529861 1 0.0208333 0
0 0.528472 1 0.0208333 0
0 0.528472 1 0.0208333 0
0 0.527778 1 0.0194444 0
0 0.526389 1 0.0194444 0
0 0.525694 1 0.0180556 0
0 0.525 1 0.0194444 0
0 0.523611 1 0.0194444 0
0 0.523611 1 0.0194444 0
0 0.522222 1 0.0194444 0
0 0.521528 1 0.0208333 0
0 0.521528 1 0.0180556 0
0 0.521528 1 0.0180556 0
0 0.520833 1 0.0194444 0
0 0.520833 1 0.0194444 0
0 0.520139 1 0.0180556 0
0 0.519444 1 0.0194444 0
0 0.51875 1 0.0180556 0
0 0.51875 1 0.0180556 0
0 0.51875 1 0.0180556 0
0 0.518056 1 0.0166667 0
0 0.517361 1 0.0180556 0
0 0.517361 1 0.0180556 0
0 0.517361 1 0.0180556 0
0 0.517361 1 0.0180556 0
0 0.516667 1 0.0166667 0
0 0.516667 1 0.0166667 0
0 0.516667 1 0.0166667 0
0 0.516667 1 0.0166667 0
0 0.515972 1 0.0180556 0
0 0.516667 1 0.0166667 0
0 0.515972 1 0.0180556 0
0 0.515278 1 0.0166667 0
0 0.515278 1 0.0166667 0
0 0.515278 1 0.0166667 0
0 0.514583 1 0.0152778 0
0 0.513889 1 0.0166667 0
0 0.530556 0 0.025 0
0 0.513889 1 0.0166667 0
0 0.513194 1 0.0152778 0
0 0.513194 1 0.0152778 0
0 0.513194 1 0.0152778 0
0 0.5125 1 0.0138889 0
0 0.5125 1 0.0138889 0
0 0.5125 1 0.0138889 0
0 0.511806 1 0.0125 0
0 0.511806 1 0.0125 0
0 0.511806 1 0.0125 0
0 0.511111 1 0.0138889 0
0 0.511111 1 0.0138889 0
0 0.511111 1 0.0138889 0
0 0.511111 1 0.0138889 0
0 0.511111 1 0.0138889 0
0 0.511111 1 0.0138889 0
0 0.511111 1 0.0138889 0
0 0.510417 1 0.0125 0
0 0.509722 1 0.0138889 0
0 0.509722 1 0.0138889 0
0 0.509722 1 0.0138889 0
0 0.509722 1 0.0138889 0
0 0.509028 1 0.0125 0
0 0.509028 1 0.0125 0
0 0.509028 1 0.0125 0
0 0.507639 1 0.0125 0
0 0.507639 1 0.0125 0
0 0.507639 1 0.0125 0
0 0.507639 1 0.0125 0
0 0.507639 1 0.0125 0
0 0.507639 1 0.0125 0
0 0.507639 1 0.0125 0
0 0.506944 1 0.0111111 0
0 0.506944 1 0.0111111 0
0 0.506944 1 0.0111111 0
0 0.506944 1 0.0111111 0
0 0.506944 1 0.0111111 0
0 0.506944 1 0.0111111 0
0 0.506944 1 0.0111111 0
0 0.50625 1 0.00972222 0
0 0.506944 1 0.0111111 0
0 0.506944 1 0.0111111 0
0 0.506944 1 0.0111111 0
0 0.50625 1 0.00972222 0
0 0.50625 1 0.00972222 0
0 0.505556 1 0.0111111 0
0 0.505556 1 0.0111111 0
0 0.505556 1 0.0111111 0
0 0.505556 1 0.0111111 0
0 0.504861 1 0.00972222 0
0 0.505556 1 0.0111111 0
0 0.504861 1 0.00972222 0
0 0.504861 1 0.00972222 0
0 0.504861 1 0.00972222 0
0 0.504861 1 0.00972222 0
0 0.504861 1 0.00972222 0
0 0.504861 1 0.00972222 0
0 0.504861 1 0.00972222 0
0 0.504861 1 0.00972222 0
0 0.504861 1 0.00972222 0
0 0.504861 1 0.00972222 0
0 0.504861 1 0.00972222 0
0 0.503472 1 0.00972222 0
0 0.503472 1 0.00972222 0
0 0.503472 1 0.00972222 0
0 0.504167 1 0.00833333 0
0 0.504167 1 0.00833333 0
0 0.503472 1 0.00972222 0
0 0.503472 1 0.00972222 0
0 0.503472 1 0.00972222 0
0 0.503472 1 0.00694444 0
0 0.504167 1 0.00833333 0
0 0.503472 1 0.00694444 0
0 0.504167 1 0.00833333 0
0 0.503472 1 0.00694444 0
0 0.504167 1 0.00833333 0
0 0.503472 1 0.00694444 0
0 0.503472 1 0.00694444 0
0 0.503472 1 0.00694444 0
0 0.503472 1 0.00694444 0
0 0.503472 1 0.00694444 0
0 0.503472 1 0.00694444 0
0 0.503472 1 0.00694444 0
0 0.504167 1 0.00833333 0
0 0.504167 1 0.00833333 0
0 0.504167 1 0.00833333 0
0 0.504167 1 0.00833333 0
0 0.504167 1 0.00833333 0
0 0.504167 1 0.00833333 0
0 0.504167 1 0.00833333 0
0 0.504167 1 0.00833333 0
0 0.504167 1 0.00833333 0
0 0.504167 1 0.00833333 0
0 0.504167 1 0.00833333 0
0 0.504167 1 0.00833333 0
0 0.504167 1 0.00833333 0
0 0.504167 1 0.00833333 0
0 0.504167 1 0.00833333 0
0 0.503472 1 0.00694444 0
0 0.503472 1 0.00694444 0
0 0.504167 1 0.00833333 0
0 0.504167 1 0.00833333 0
0 0.504167 1 0.00833333 0
0 0.504167 1 0.00833333 0
0 0.504167 1 0.00833333 0
0 0.504167 1 0.00833333 0
0 0.504167 1 0.00833333 0
0 0.504167 1 0.00833333 0
0 0.504167 1 0.00833333 0
0 0.518056 0 0.0166667 0
0 0.503472 1 0.00694444 0
0 0.504167 1 0.00833333 0
0 0.504167 1 0.00833333 0
0 0.504167 1 0.00833333 0
0 0.504167 1 0.00833333 0
0 0.504167 1 0.00833333 0
0 0.518056 0 0.0166667 0
0 0.504167 1 0.00833333 0
0 0.518056 0 0.0166667 0
0 0.504167 1 0.00833333 0
0 0.504167 1 0.00833333 0
0 0.504167 1 0.00833333 0
0 0.504167 1 0.00833333 0
0 0.503472 1 0.00694444 0
0 0.503472 1 0.00694444 0
0 0.503472 1 0.00694444 0
0 0.503472 1 0.00694444 0
0 0.503472 1 0.00694444 0
0 0.518056 0 0.0166667 0
0 0.503472 1 0.00694444 0
0 0.503472 1 0.00694444 0
0 0.503472 1 0.00694444 0
0 0.503472 1 0.00694444 0
0 0.503472 1 0.00694444 0
0 0.503472 1 0.00694444 0
0 0.503472 1 0.00694444 0
0 0.518056 0 0.0166667 0
0 0.504167 1 0.00833333 0
0 0.503472 1 0.00694444 0
0 0.503472 1 0.00694444 0
0 0.503472 1 0.00694444 0
0 0.503472 1 0.00694444 0
0 0.503472 1 0.00694444 0
0 0.518056 0 0.0166667 0
0 0.503472 1 0.00694444 0
0 0.503472 1 0.00694444 0
0 0.503472 1 0.00694444 0
0 0.503472 1 0.00694444 0
0 0.503472 1 0.00694444 0
0 0.503472 1 0.00694444 0
0 0.503472 1 0.00694444 0
0 0.503472 1 0.00694444 0
0 0.503472 1 0.00694444 0
0 0.503472 1 0.00694444 0
0 0.503472 1 0.00694444 0
0 0.503472 1 0.00694444 0
0 0.503472 1 0.00694444 0
0 0.518056 0 0.0166667 0
0 0.503472 1 0.00694444 0
0 0.503472 1 0.00694444 0
0 0.503472 1 0.00694444 0
0 0.503472 1 0.00694444 0
0 0.503472 1 0.00694444 0
0 0.503472 1 0.00694444 0
0 0.503472 1 0.00694444 0
0 0.503472 1 0.00694444 0
0 0.503472 1 0.00694444 0
0 0.503472 1 0.00694444 0
0 0.503472 1 0.00694444 0
0 0.518056 0 0.0166667 0
0 0.503472 1 0.00694444 0
0 0.503472 1 0.00694444 0
0 0.518056 0 0.0166667 0
0 0.503472 1 0.00694444 0
0 0.503472 1 0.00694444 0
0 0.503472 1 0.00694444 0
0 0.503472 1 0.00694444 0
0 0.518056 0 0.0166667 0
0 0.503472 1 0.00694444 0
0 0.518056 0 0.0166667 0
0 0.503472 1 0.00694444 0
0 0.518056 0 0.0166667 0
0 0.503472 1 0.00694444 0
0 0.503472 1 0.00694444 0
0 0.504167 1 0.00833333 0
0 0.518056 0 0.0166667 0
0 0.503472 1 0.00694444 0
0 0.518056 0 0.0166667 0
0 0.503472 1 0.00694444 0
0 0.504167 1 0.00833333 0
0 0.503472 1 0.00694444 0
0 0.504167 1 0.00833333 0
0 0.504167 1 0.00833333 0
0 0.504167 1 0.00833333 0
0 0.504167 1 0.00833333 0
0 0.504167 1 0.00833333 0
0 0.504167 1 0.00833333 0
0 0.504167 1 0.00833333 0
0 0.518056 0 0.0166667 0
0 0.504167 1 0.00833333 0
0 0.504167 1 0.00833333 0
0 0.504167 1 0.00833333 0
0 0.504167 1 0.00833333 0
0 0.504167 1 0.00833333 0
0 0.504167 1 0.00833333 0
0 0.504167 1 0.00833333 0
0 0.504167 1 0.00833333 0
0 0.504167 1 0.00833333 0
0 0.504167 1 0.00833333 0
0 0.504167 1 0.00833333 0
0 0.504167 1 0.00833333 0
0 0.504167 1 0.00833333 0
0 0.504167 1 0.00833333 0
0 0.504167 1 0.00833333 0
0 0.504167 1 0.00833333 0
0 0.504167 1 0.00833333 0
0 0.504167 1 0.00833333 0
0 0.504167 1 0.00833333 0
0 0.504167 1 0.00833333 0
0 0.504167 1 0.00833333 0
0 0.504167 1 0.00833333 0
0 0.504167 1 0.00833333 0
0 0.504167 1 0.00833333 0
0 0.503472 1 0.00694444 0
0 0.503472 1 0.00694444 0
0 0.502778 1 0.00833333 0
0 0.503472 1 0.00694444 0
0 0.502778 1 0.00833333 0
0 0.503472 1 0.00694444 0
0 0.503472 1 0.00694444 0
0 0.518056 0 0.0166667 0
0 0.503472 1 0.00694444 0
0 0.503472 1 0.00694444 0
0 0.503472 1 0.00694444 0
0 0.503472 1 0.00694444 0
0 0.502778 1 0.00833333 0
0 0.502778 1 0.00833333 0
0 0.503472 1 0.00694444 0
0 0.503472 1 0.00694444 0
0 0.503472 1 0.00694444 0
0 0.503472 1 0.00694444 0
0 0.503472 1 0.00694444 0
0 0.518056 0 0.0166667 0
0 0.503472 1 0.00694444 0
0 0.503472 1 0.00694444 0
0 0.503472 1 0.00694444 0
0 0.503472 1 0.00694444 0
0 0.503472 1 0.00694444 0
0 0.503472 1 0.00694444 0
0 0.503472 1 0.00694444 0
0 0.503472 1 0.00694444 0
0 0.518056 0 0.0166667 0
0 0.503472 1 0.00694444 0
0 0.503472 1 0.00694444 0
0 0.503472 1 0.00694444 0
0 0.503472 1 0.00694444 0
0 0.503472 1 0.00694444 0
0 0.503472 1 0.00694444 0
0 0.503472 1 0.00694444 0
0 0.503472 1 0.00694444 0
0 0.518056 0 0.0166667 0
0 0.503472 1 0.00694444 0
0 0.504167 1 0.00833333 0
0 0.503472 1 0.00694444 0
0 0.518056 0 0.0166667 0
0 0.503472 1 0.00694444 0
0 0.503472 1 0.00694444 0
0 0.503472 1 0.00694444 0
0 0.503472 1 0.00694444 0
0 0.503472 1 0.00694444 0
0 0.518056 0 0.0166667 0
0 0.503472 1 0.00694444 0
0 0.504167 1 0.00833333 0
0 0.503472 1 0.00694444 0
0 0.503472 1 0.00694444 0
0 0.503472 1 0.00694444 0
0 0.503472 1 0.00694444 0
0 0.503472 1 0.00694444 0
0 0.518056 0 0.0166667 0
0 0.503472 1 0.00694444 0
0 0.518056 0 0.0166667 0
0 0.503472 1 0.00694444 0
0 0.503472 1 0.00694444 0
0 0.503472 1 0.00694444 0
0 0.503472 1 0.00694444 0
0 0.504167 1 0.00833333 0
0 0.504167 1 0.00833333 0
0 0.504167 1 0.00833333 0
0 0.504167 1 0.00833333 0
0 0.504167 1 0.00833333 0
0 0.504167 1 0.00833333 0
0 0.504167 1 0.00833333 0
0 0.504167 1 0.00833333 0
0 0.504167 1 0.00833333 0
0 0.504167 1 0.00833333 0
0 0.504167 1 0.00833333 0
0 0.504167 1 0.00833333 0
0 0.504167 1 0.00833333 0
