0 0.460417 1 0.0625 0
0 0.461806 1 0.0652778 0
0 0.500694 0.5 0.0458333 1
0 0.500694 0.5 0.0458333 1
0 0.5 0.5 0.0472222 1
0 0.502778 0.5 0.05 1
0 0.500694 0.5 0.0486111 1
0 0.500694 0.5 0.0486111 1
0 0.500694 0.5 0.0486111 1
0 0.5 0.5 0.0472222 1
0 0.502778 0.5 0.05 1
0 0.502778 0.5 0.05 1
0 0.502778 0.5 0.05 1
0 0.502778 0.5 0.0527778 1
0 0.501389 0.5 0.05 1
0 0.501389 0.5 0.05 1
0 0.500694 0.5 0.0486111 1
0 0.502778 0.5 0.0527778 1
0 0.502083 0.5 0.0486111 1
0 0.502778 0.5 0.0527778 1
0 0.502778 0.5 0.0527778 1
0 0.500694 0.5 0.0486111 1
0 0.503472 0.5 0.0513889 1
0 0.501389 0.5 0.05 1
0 0.501389 0.5 0.05 1
0 0.501389 0.5 0.0472222 1
0 0.504167 0.5 0.0527778 1
0 0.504167 0.5 0.0527778 1
0 0.504167 0.5 0.0527778 1
0 0.503472 0.5 0.0513889 1
0 0.504167 0.5 0.0527778 1
0 0.503472 0.5 0.0513889 1
0 0.503472 0.5 0.0513889 1
0 0.503472 0.5 0.0513889 1
0 0.503472 0.5 0.0513889 1
0 0.504167 0.5 0.0527778 1
0 0.504167 0.5 0.0527778 1
0 0.503472 0.5 0.0513889 1
0 0.504167 0.5 0.0527778 1
0 0.504167 0.5 0.0527778 1
0 0.504167 0.5 0.0527778 1
0 0.504167 0.5 0.0527778 1
0 0.504167 0.5 0.0527778 1
0 0.504167 0.5 0.0527778 1
0 0.504167 0.5 0.0527778 1
0 0.503472 0.5 0.0513889 1
0 0.503472 0.5 0.0513889 1
0 0.504167 0.5 0.0527778 1
0 0.467361 0 0.0236111 0
0 0.465278 0 0.0222222 0
0 0.465278 0 0.0222222 0
0 0.465278 0 0.0222222 0
0 0.461111 0 0.0222222 0
0 0.458333 0 0.0222222 0
0 0.454861 0 0.0236111 0
0 0.452083 0 0.0208333 0
0 0.452083 0 0.0208333 0
0 0.447222 0 0.0222222 0
0 0.447222 0 0.0222222 0
0 0.447222 0 0.0222222 0
0 0.447222 0 0.0222222 0
0 0.447222 0 0.0222222 0
0 0.447222 0 0.0222222 0
0 0.447222 0 0.0222222 0
0 0.447222 0 0.0222222 0
0 0.44375 0 0.0208333 0
0 0.441667 0.5 0.0222222 1
0 0.441667 0.5 0.0222222 1
0 0.439583 0.5 0.0208333 1
0 0.438194 1 0.0208333 0
0 0.438194 1 0.0208333 0
0 0.438194 1 0.0208333 0
0 0.438194 1 0.0208333 0
0 0.438194 1 0.0208333 0
0 0.438194 1 0.0208333 0
0 0.438194 1 0.0208333 0
0 0.4375 1 0.0194444 0
0 0.436806 1 0.0208333 0
0 0.436806 1 0.0208333 0
0 0.436111 1 0.0222222 0
0 0.436806 1 0.0208333 0
0 0.436806 1 0.0208333 0
0 0.436806 1 0.0208333 0
0 0.436806 1 0.0208333 0
0 0.436806 1 0.0208333 0
0 0.436806 1 0.0208333 0
0 0.436806 1 0.0208333 0
0 0.4375 1 0.0194444 0
0 0.436111 1 0.0222222 0
0 0.436111 1 0.0222222 0
0 0.436806 1 0.0208333 0
0 0.436111 1 0.0222222 0
0 0.434722 1 0.0222222 0
0 0.434722 1 0.0222222 0
0 0.434722 1 0.0222222 0
0 0.434722 1 0.0222222 0
0 0.434722 1 0.0222222 0
0 0.434722 1 0.0222222 0
0 0.434722 1 0.0222222 0
0 0.433333 1 0.0222222 0
0 0.432639 1 0.0208333 0
0 0.432639 1 0.0208333 0
0 0.429167 1 0.0222222 0
0 0.427083 1 0.0208333 0
0 0.424306 1 0.0208333 0
0 0.424306 1 0.0208333 0
0 0.424306 1 0.0208333 0
0 0.424306 1 0.0208333 0
0 0.424306 1 0.0208333 0
0 0.424306 1 0.0208333 0
0 0.424306 1 0.0208333 0
0 0.423611 1 0.0222222 0
0 0.423611 1 0.0222222 0
0 0.422917 1 0.0208333 0
0 0.424306 1 0.0208333 0
0 0.427778 1 0.0222222 0
0 0.427778 1 0.0222222 0
0 0.430556 0.5 0.0194444 1
0 0.430556 0.5 0.0222222 1
0 0.430556 0.5 0.0222222 1
0 0.430556 0.5 0.0222222 1
0 0.430556 0.5 0.0222222 1
0 0.430556 0.5 0.0222222 1
0 0.430556 0.5 0.0222222 1
0 0.430556 0.5 0.0222222 1
0 0.43125 0.5 0.0208333 1
0 0.432639 0.5 0.0208333 1
0 0.432639 0.5 0.0208333 1
0 0.433333 0 0.0222222 0
0 0.433333 0 0.0222222 0
0 0.433333 0 0.0222222 0
0 0.433333 0 0.0222222 0
0 0.433333 0 0.0222222 0
0 0.433333 0 0.0222222 0
0 0.433333 0 0.0222222 0
0 0.433333 0 0.0222222 0
0 0.433333 0 0.0222222 0
0 0.434722 0 0.0222222 0
0 0.434722 0 0.0222222 0
0 0.434722 0 0.0222222 0
0 0.434722 0 0.0222222 0
0 0.436111 0 0.0222222 0
0 0.436111 0 0.0222222 0
0 0.436111 0 0.0222222 0
0 0.436111 0 0.0222222 0
0 0.436111 0 0.0222222 0
0 0.436111 0 0.0222222 0
0 0.436111 0 0.0222222 0
0 0.436111 0 0.0222222 0
0 0.436111 0 0.0222222 0
0 0.438194 0 0.0208333 0
0 0.439583 0 0.0208333 0
0 0.441667 0 0.0222222 0
0 0.44375 0 0.0208333 0
0 0.44375 0 0.0208333 0
0 0.445833 0 0.0222222 0
0 0.445833 0 0.0222222 0
0 0.445833 0 0.0222222 0
0 0.445833 0 0.0222222 0
0 0.445833 0 0.0222222 0
0 0.445833 0 0.0222222 0
0 0.450694 0 0.0208333 0
0 0.454861 0.5 0.0208333 1
0 0.454861 0.5 0.0208333 1
0 0.461111 0.5 0.0222222 1
0 0.465972 0.5 0.0208333 1
0 0.474306 0.5 0.0319444 1
0 0.465972 0.5 0.0208333 1
0 0.474306 0.5 0.0319444 1
0 0.465972 0.5 0.0208333 1
0 0.474306 0.5 0.0319444 1
0 0.465972 0.5 0.0208333 1
0 0.474306 0.5 0.0319444 1
0 0.465972 0.5 0.0208333 1
0 0.474306 0.5 0.0319444 1
0 0.465972 0.5 0.0208333 1
0 0.474306 0.5 0.0319444 1
0 0.465972 0.5 0.0208333 1
0 0.46875 0.5 0.0180556 1
0 0.454167 0 0.0305556 0
0 0.479861 0 0.0263889 0
0 0.48125 0 0.0291667 0
0 0.48125 0 0.0291667 0
0 0.479167 0 0.0305556 0
0 0.477778 0 0.0166667 0
0 0.475 0 0.0194444 0
0 0.475 0 0.0194444 0
0 0.473611 0 0.0222222 0
0 0.473611 0 0.0222222 0
0 0.473611 0 0.0222222 0
0 0.473611 0 0.0222222 0
0 0.473611 0 0.0222222 0
0 0.471528 0 0.0208333 0
0 0.471528 0 0.0208333 0
0 0.466667 0 0.0222222 0
0 0.463194 0 0.0208333 0
0 0.458333 0 0.0222222 0
0 0.455556 0 0.0222222 0
0 0.455556 0 0.0222222 0
0 0.455556 0 0.0222222 0
0 0.455556 0 0.0222222 0
0 0.455556 0 0.0222222 0
0 0.455556 0 0.0222222 0
0 0.455556 0 0.0222222 0
0 0.453472 0 0.0208333 0
0 0.452083 0 0.0208333 0
0 0.448611 0 0.0222222 0
0 0.448611 0 0.0222222 0
0 0.445139 0 0.0208333 0
0 0.442361 0 0.0208333 0
0 0.440278 0 0.0222222 0
0 0.440278 0 0.0222222 0
0 0.440278 0 0.0222222 0
0 0.440278 0 0.0222222 0
0 0.440278 0 0.0222222 0
0 0.439583 0 0.0208333 0
0 0.438194 0 0.0208333 0
0 0.438194 0 0.0208333 0
0 0.438194 0 0.0208333 0
0 0.440278 0 0.0222222 0
0 0.441667 0 0.0222222 0
0 0.441667 0 0.0222222 0
0 0.441667 0 0.0222222 0
0 0.441667 0 0.0222222 0
0 0.441667 0 0.0222222 0
0 0.441667 0 0.0222222 0
0 0.441667 0 0.0222222 0
0 0.441667 0 0.0222222 0
0 0.441667 0 0.0222222 0
0 0.441667 0 0.0222222 0
0 0.441667 0 0.0222222 0
0 0.441667 0 0.0222222 0
0 0.441667 0 0.0222222 0
0 0.441667 0 0.0222222 0
0 0.441667 0 0.0222222 0
0 0.441667 0 0.0222222 0
0 0.441667 0 0.0222222 0
0 0.441667 0 0.0222222 0
0 0.441667 0 0.0222222 0
0 0.441667 0 0.0222222 0
0 0.441667 0 0.0222222 0
0 0.441667 0 0.0222222 0
0 0.441667 0 0.0222222 0
0 0.441667 0 0.0222222 0
0 0.441667 0 0.0222222 0
0 0.441667 0 0.0222222 0
0 0.441667 0 0.0222222 0
0 0.441667 0 0.0222222 0
0 0.441667 0 0.0222222 0
0 0.441667 0 0.0222222 0
0 0.441667 0 0.0222222 0
0 0.441667 0 0.0222222 0
0 0.441667 0 0.0222222 0
0 0.441667 0 0.0222222 0
0 0.441667 0 0.0222222 0
0 0.441667 0 0.0222222 0
0 0.441667 0 0.0222222 0
0 0.441667 0 0.0222222 0
0 0.441667 0 0.0222222 0
0 0.441667 0 0.0222222 0
0 0.441667 0 0.0222222 0
0 0.441667 0 0.0222222 0
0 0.441667 0 0.0222222 0
0 0.441667 0 0.0222222 0
0 0.441667 0 0.0222222 0
0 0.441667 0 0.0222222 0
0 0.441667 0 0.0222222 0
0 0.441667 0 0.0222222 0
0 0.441667 0 0.0222222 0
0 0.441667 0 0.0222222 0
0 0.441667 0 0.0222222 0
0 0.441667 0 0.0222222 0
0 0.441667 0 0.0222222 0
0 0.441667 0 0.0222222 0
0 0.441667 0 0.0222222 0
0 0.441667 0 0.0222222 0
0 0.441667 0 0.0222222 0
0 0.441667 0 0.0222222 0
0 0.441667 0 0.0222222 0
0 0.441667 0 0.0222222 0
0 0.441667 0 0.0222222 0
0 0.441667 0 0.0222222 0
0 0.441667 0 0.0222222 0
0 0.441667 0 0.0222222 0
0 0.441667 0 0.0222222 0
0 0.441667 0 0.0222222 0
0 0.441667 0 0.0222222 0
0 0.441667 0 0.0222222 0
0 0.441667 0 0.0222222 0
0 0.441667 0 0.0222222 0
0 0.441667 0 0.0222222 0
0 0.441667 0 0.0222222 0
0 0.441667 0 0.0222222 0
0 0.441667 0 0.0222222 0
0 0.441667 0 0.0222222 0
0 0.441667 0 0.0222222 0
0 0.441667 0 0.0222222 0
0 0.441667 0 0.0222222 0
0 0.441667 0 0.0222222 0
0 0.441667 0 0.0222222 0
0 0.441667 0 0.0222222 0
0 0.441667 0 0.0222222 0
0 0.441667 0 0.0222222 0
0 0.441667 0 0.0222222 0
0 0.441667 0 0.0222222 0
0 0.441667 0 0.0222222 0
0 0.441667 0 0.0222222 0
0 0.441667 0 0.0222222 0
0 0.441667 0 0.0222222 0
0 0.441667 0 0.0222222 0
0 0.441667 0 0.0222222 0
0 0.441667 0 0.0222222 0
0 0.441667 0 0.0222222 0
0 0.441667 0 0.0222222 0
0 0.441667 0 0.0222222 0
0 0.441667 0 0.0222222 0
0 0.441667 0 0.0222222 0
0 0.441667 0 0.0222222 0
0 0.441667 0 0.0222222 0
0 0.441667 0 0.0222222 0
0 0.441667 0 0.0222222 0
0 0.441667 0 0.0222222 0
0 0.441667 0 0.0222222 0
0 0.441667 0 0.0222222 0
0 0.441667 0 0.0222222 0
0 0.441667 0 0.0222222 0
0 0.441667 0 0.0222222 0
0 0.441667 0 0.0222222 0
0 0.441667 0 0.0222222 0
0 0.441667 0 0.0222222 0
0 0.441667 0 0.0222222 0
0 0.441667 0 0.0222222 0
0 0.441667 0 0.0222222 0
0 0.441667 0 0.0222222 0
0 0.441667 0 0.0222222 0
0 0.441667 0 0.0222222 0
0 0.441667 0 0.0222222 0
0 0.441667 0 0.0222222 0
0 0.441667 0 0.0222222 0
0 0.441667 0 0.0222222 0
0 0.441667 0 0.0222222 0
0 0.441667 0 0.0222222 0
0 0.441667 0 0.0222222 0
0 0.441667 0 0.0222222 0
0 0.441667 0 0.0222222 0
0 0.441667 0 0.0222222 0
0 0.441667 0 0.0222222 0
0 0.441667 0 0.0222222 0
0 0.441667 0 0.0222222 0
0 0.441667 0 0.0222222 0
0 0.441667 0 0.0222222 0
0 0.441667 0 0.0222222 0
0 0.441667 0 0.0222222 0
0 0.441667 0 0.0222222 0
0 0.441667 0 0.0222222 0
0 0.441667 0 0.0222222 0
0 0.441667 0 0.0222222 0
0 0.441667 0 0.0222222 0
0 0.441667 0 0.0222222 0
0 0.441667 0 0.0222222 0
0 0.441667 0 0.0222222 0
0 0.441667 0 0.0222222 0
0 0.441667 0 0.0222222 0
0 0.441667 0 0.0222222 0
0 0.441667 0 0.0222222 0
0 0.441667 0 0.0222222 0
0 0.441667 0 0.0222222 0
0 0.441667 0 0.0222222 0
0 0.441667 0 0.0222222 0
0 0.441667 0 0.0222222 0
0 0.441667 0 0.0222222 0
0 0.441667 0 0.0222222 0
0 0.441667 0 0.0222222 0
0 0.441667 0 0.0222222 0
0 0.441667 0 0.0222222 0
0 0.441667 0 0.0222222 0
0 0.441667 0 0.0222222 0
0 0.441667 0 0.0222222 0
0 0.441667 0 0.0222222 0
0 0.441667 0 0.0222222 0
0 0.441667 0 0.0222222 0
0 0.441667 0 0.0222222 0
0 0.441667 0 0.0222222 0
0 0.441667 0 0.0222222 0
0 0.441667 0 0.0222222 0
0 0.441667 0 0.0222222 0
0 0.441667 0 0.0222222 0
0 0.441667 0 0.0222222 0
0 0.441667 0 0.0222222 0
0 0.441667 0 0.0222222 0
0 0.441667 0 0.0222222 0
0 0.441667 0 0.0222222 0
0 0.441667 0 0.0222222 0
0 0.441667 0 0.0222222 0
0 0.441667 0 0.0222222 0
0 0.441667 0 0.0222222 0
0 0.441667 0 0.0222222 0
0 0.441667 0 0.0222222 0
0 0.441667 0 0.0222222 0
0 0.441667 0 0.0222222 0
0 0.441667 0 0.0222222 0
0 0.441667 0 0.0222222 0
0 0.441667 0 0.0222222 0
0 0.441667 0 0.0222222 0
0 0.441667 0 0.0222222 0
0 0.441667 0 0.0222222 0
0 0.441667 0 0.0222222 0
0 0.441667 0 0.0222222 0
0 0.441667 0 0.0222222 0
0 0.441667 0 0.0222222 0
0 0.441667 0 0.0222222 0
0 0.441667 0 0.0222222 0
0 0.441667 0 0.0222222 0
0 0.441667 0 0.0222222 0
0 0.441667 0 0.0222222 0
0 0.441667 0 0.0222222 0
0 0.441667 0 0.0222222 0
0 0.441667 0 0.0222222 0
0 0.441667 0 0.0222222 0
0 0.441667 0 0.0222222 0
0 0.441667 0 0.0222222 0
0 0.441667 0 0.0222222 0
0 0.441667 0 0.0222222 0
0 0.441667 0 0.0222222 0
0 0.441667 0 0.0222222 0
0 0.441667 0 0.0222222 0
0 0.441667 0 0.0222222 0
0 0.441667 0 0.0222222 0
0 0.441667 0 0.0222222 0
0 0.441667 0 0.0222222 0
0 0.441667 0 0.0222222 0
0 0.441667 0 0.0222222 0
0 0.441667 0 0.0222222 0
0 0.441667 0 0.0222222 0
0 0.441667 0 0.0222222 0
0 0.441667 0 0.0222222 0
0 0.441667 0 0.0222222 0
0 0.441667 0 0.0222222 0
0 0.441667 0 0.0222222 0
0 0.441667 0 0.0222222 0
0 0.441667 0 0.0222222 0
0 0.441667 0 0.0222222 0
0 0.441667 0 0.0222222 0
0 0.441667 0 0.0222222 0
0 0.441667 0 0.0222222 0
0 0.441667 0 0.0222222 0
0 0.441667 0 0.0222222 0
0 0.441667 0 0.0222222 0
0 0.441667 0 0.0222222 0
0 0.441667 0 0.0222222 0
0 0.441667 0 0.0222222 0
0 0.441667 0 0.0222222 0
0 0.441667 0 0.0222222 0
0 0.441667 0 0.0222222 0
0 0.441667 0 0.0222222 0
0 0.441667 0 0.0222222 0
0 0.441667 0 0.0222222 0
0 0.441667 0 0.0222222 0
0 0.441667 0 0.0222222 0
0 0.441667 0 0.0222222 0
0 0.441667 0 0.0222222 0
0 0.441667 0 0.0222222 0
0 0.441667 0 0.0222222 0
0 0.441667 0 0.0222222 0
0 0.441667 0 0.0222222 0
0 0.441667 0 0.0222222 0
0 0.441667 0 0.0222222 0
0 0.441667 0 0.0222222 0
0 0.441667 0 0.0222222 0
0 0.441667 0 0.0222222 0
0 0.441667 0 0.0222222 0
0 0.441667 0 0.0222222 0
0 0.441667 0 0.0222222 0
0 0.441667 0 0.0222222 0
0 0.441667 0 0.0222222 0
0 0.441667 0 0.0222222 0
0 0.441667 0 0.0222222 0
0 0.441667 0 0.0222222 0
0 0.441667 0 0.0222222 0
0 0.441667 0 0.0222222 0
0 0.441667 0 0.0222222 0
0 0.441667 0 0.0222222 0
0 0.441667 0 0.0222222 0
0 0.441667 0 0.0222222 0
0 0.441667 0 0.0222222 0
0 0.441667 0 0.0222222 0
0 0.441667 0 0.0222222 0
0 0.441667 0 0.0222222 0
0 0.441667 0 0.0222222 0
0 0.441667 0 0.0222222 0
0 0.441667 0 0.0222222 0
0 0.441667 0 0.0222222 0
0 0.441667 0 0.0222222 0
0 0.441667 0 0.0222222 0
0 0.441667 0 0.0222222 0
0 0.441667 0 0.0222222 0
0 0.441667 0 0.0222222 0
0 0.441667 0 0.0222222 0
0 0.441667 0 0.0222222 0
0 0.441667 0 0.0222222 0
0 0.441667 0 0.0222222 0
0 0.441667 0 0.0222222 0
0 0.441667 0 0.0222222 0
0 0.441667 0 0.0222222 0
0 0.441667 0 0.0222222 0
0 0.441667 0 0.0222222 0
0 0.441667 0 0.0222222 0
0 0.441667 0 0.0222222 0
0 0.441667 0 0.0222222 0
0 0.441667 0 0.0222222 0
0 0.441667 0 0.0222222 0
0 0.441667 0 0.0222222 0
0 0.441667 0 0.0222222 0
0 0.441667 0 0.0222222 0
0 0.441667 0 0.0222222 0
0 0.441667 0 0.0222222 0
0 0.441667 0 0.0222222 0
0 0.441667 0 0.0222222 0
