0 0.56875 0 0.0125 0
0 0.447222 0.5 0.0277778 1
0 0.56875 0 0.0125 0
0 0.447222 0.5 0.0277778 1
0 0.56875 0 0.0125 0
0 0.447222 0.5 0.0277778 1
0 0.567361 0 0.00972222 0
0 0.447222 0.5 0.0277778 1
0 0.568056 0 0.0111111 0
0 0.447222 0.5 0.0277778 1
0 0.568056 0 0.0111111 0
0 0.447222 0.5 0.0277778 1
0 0.568056 0 0.0111111 0
0 0.447222 0.5 0.0277778 1
0 0.568056 0 0.0111111 0
0 0.447222 0.5 0.0277778 1
0 0.568056 0 0.0111111 0
0 0.447222 0.5 0.0277778 1
0 0.568056 0 0.0111111 0
0 0.447222 0.5 0.0277778 1
0 0.568056 0 0.0111111 0
0 0.447222 0.5 0.0277778 1
0 0.568056 0 0.0111111 0
0 0.447222 0.5 0.0277778 1
0 0.568056 0 0.0111111 0
0 0.447222 0.5 0.0277778 1
0 0.568056 0 0.0111111 0
0 0.447222 0.5 0.0277778 1
0 0.568056 0 0.0111111 0
0 0.447222 0.5 0.0277778 1
0 0.568056 0 0.0111111 0
0 0.447222 0.5 0.0277778 1
0 0.568056 0 0.0111111 0
0 0.447222 0.5 0.0277778 1
0 0.568056 0 0.0111111 0
0 0.447222 0.5 0.0277778 1
0 0.56875 0 0.0125 0
0 0.447222 0.5 0.0277778 1
0 0.568056 0 0.0111111 0
0 0.447222 0.5 0.0277778 1
0 0.568056 0 0.0111111 0
0 0.447222 0.5 0.0277778 1
0 0.447222 0.5 0.0277778 1
0 0.568056 0 0.0111111 0
0 0.447222 0.5 0.0277778 1
0 0.568056 0 0.0111111 0
0 0.447222 0.5 0.0277778 1
0 0.568056 0 0.0111111 0
0 0.447222 0.5 0.0277778 1
0 0.568056 0 0.0111111 0
0 0.447222 0.5 0.0277778 1
0 0.568056 0 0.0111111 0
0 0.447222 0.5 0.0277778 1
0 0.568056 0 0.0111111 0
0 0.447222 0.5 0.0277778 1
0 0.56875 0 0.0125 0
0 0.447222 0.5 0.0277778 1
0 0.568056 0 0.0111111 0
0 0.447222 0.5 0.0277778 1
0 0.568056 0 0.0111111 0
0 0.447222 0.5 0.0277778 1
0 0.568056 0 0.0111111 0
0 0.447222 0.5 0.0277778 1
0 0.56875 0 0.0125 0
0 0.447222 0.5 0.0277778 1
0 0.568056 0 0.0111111 0
0 0.447222 0.5 0.0277778 1
0 0.568056 0 0.0111111 0
0 0.447222 0.5 0.0277778 1
0 0.56875 0 0.0125 0
0 0.447222 0.5 0.0277778 1
0 0.568056 0 0.0111111 0
0 0.447222 0.5 0.0277778 1
0 0.568056 0 0.0111111 0
0 0.447222 0.5 0.0277778 1
0 0.447222 0.5 0.0277778 1
0 0.568056 0 0.0111111 0
0 0.447222 0.5 0.0277778 1
0 0.568056 0 0.0111111 0
0 0.447222 0.5 0.0277778 1
0 0.56875 0 0.0125 0
0 0.447222 0.5 0.0277778 1
0 0.568056 0 0.0111111 0
0 0.447222 0.5 0.0277778 1
0 0.568056 0 0.0111111 0
0 0.447222 0.5 0.0277778 1
0 0.56875 0 0.0125 0
0 0.447222 0.5 0.0277778 1
0 0.568056 0 0.0111111 0
0 0.447222 0.5 0.0277778 1
0 0.568056 0 0.0111111 0
0 0.447222 0.5 0.0277778 1
0 0.447222 0.5 0.0277778 1
0 0.568056 0 0.0111111 0
0 0.447222 0.5 0.0277778 1
0 0.568056 0 0.0111111 0
0 0.447222 0.5 0.0277778 1
0 0.568056 0 0.0111111 0
0 0.447222 0.5 0.0277778 1
0 0.56875 0 0.0125 0
0 0.447222 0.5 0.0277778 1
0 0.568056 0 0.0111111 0
0 0.447222 0.5 0.0277778 1
0 0.568056 0 0.0111111 0
0 0.447222 0.5 0.0277778 1
0 0.568056 0 0.0111111 0
0 0.447222 0.5 0.0277778 1
0 0.568056 0 0.0111111 0
0 0.447222 0.5 0.0277778 1
0 0.568056 0 0.0111111 0
0 0.447222 0.5 0.0277778 1
0 0.567361 0 0.00972222 0
0 0.447222 0.5 0.0277778 1
0 0.568056 0 0.0111111 0
0 0.447222 0.5 0.0277778 1
0 0.568056 0 0.0111111 0
0 0.447222 0.5 0.0277778 1
0 0.56875 0 0.0125 0
0 0.447222 0.5 0.0277778 1
0 0.568056 0 0.0111111 0
0 0.447222 0.5 0.0277778 1
0 0.568056 0 0.0111111 0
0 0.447222 0.5 0.0277778 1
0 0.568056 0 0.0111111 0
0 0.447222 0.5 0.0277778 1
0 0.568056 0 0.0111111 0
0 0.447222 0.5 0.0277778 1
0 0.568056 0 0.0111111 0
0 0.447222 0.5 0.0277778 1
0 0.568056 0 0.0111111 0
0 0.447222 0.5 0.0277778 1
0 0.568056 0 0.0111111 0
0 0.447222 0.5 0.0277778 1
0 0.56875 0 0.0125 0
0 0.447222 0.5 0.0277778 1
0 0.568056 0 0.0111111 0
0 0.447222 0.5 0.0277778 1
0 0.568056 0 0.0111111 0
0 0.447222 0.5 0.0277778 1
0 0.56875 0 0.0125 0
0 0.447222 0.5 0.0277778 1
0 0.567361 0 0.00972222 0
0 0.447222 0.5 0.0277778 1
0 0.568056 0 0.0111111 0
0 0.447222 0.5 0.0277778 1
0 0.568056 0 0.0111111 0
0 0.447222 0.5 0.0277778 1
0 0.568056 0 0.0111111 0
0 0.447222 0.5 0.0277778 1
0 0.568056 0 0.0111111 0
0 0.447222 0.5 0.0277778 1
0 0.568056 0 0.0111111 0
0 0.447222 0.5 0.0277778 1
0 0.568056 0 0.0111111 0
0 0.447222 0.5 0.0277778 1
0 0.568056 0 0.0111111 0
0 0.447222 0.5 0.0277778 1
0 0.568056 0 0.0111111 0
0 0.447222 0.5 0.0277778 1
0 0.568056 0 0.0111111 0
0 0.447222 0.5 0.0277778 1
0 0.568056 0 0.0111111 0
0 0.447222 0.5 0.0277778 1
0 0.568056 0 0.0111111 0
0 0.447222 0.5 0.0277778 1
0 0.56875 0 0.0125 0
0 0.447222 0.5 0.0277778 1
0 0.568056 0 0.0111111 0
0 0.447222 0.5 0.0277778 1
0 0.568056 0 0.0111111 0
0 0.447222 0.5 0.0277778 1
0 0.56875 0 0.0125 0
0 0.447222 0.5 0.0277778 1
0 0.568056 0 0.0111111 0
0 0.447222 0.5 0.0277778 1
0 0.568056 0 0.0111111 0
0 0.447222 0.5 0.0277778 1
0 0.568056 0 0.0111111 0
0 0.447222 0.5 0.0277778 1
0 0.568056 0 0.0111111 0
0 0.447222 0.5 0.0277778 1
0 0.56875 0 0.0125 0
0 0.447222 0.5 0.0277778 1
0 0.567361 0 0.00972222 0
0 0.447222 0.5 0.0277778 1
0 0.568056 0 0.0111111 0
0 0.447222 0.5 0.0277778 1
0 0.568056 0 0.0111111 0
0 0.447222 0.5 0.0277778 1
0 0.568056 0 0.0111111 0
0 0.447222 0.5 0.0277778 1
0 0.568056 0 0.0111111 0
0 0.447222 0.5 0.0277778 1
0 0.568056 0 0.0111111 0
0 0.447222 0.5 0.0277778 1
0 0.568056 0 0.0111111 0
0 0.447222 0.5 0.0277778 1
0 0.56875 0 0.0125 0
0 0.447222 0.5 0.0277778 1
0 0.56875 0 0.0125 0
0 0.447222 0.5 0.0277778 1
0 0.568056 0 0.0111111 0
0 0.447222 0.5 0.0277778 1
0 0.568056 0 0.0111111 0
0 0.447222 0.5 0.0277778 1
0 0.568056 0 0.0111111 0
0 0.447222 0.5 0.0277778 1
0 0.568056 0 0.0111111 0
0 0.447222 0.5 0.0277778 1
0 0.567361 0 0.00972222 0
0 0.447222 0.5 0.0277778 1
0 0.568056 0 0.0111111 0
0 0.447222 0.5 0.0277778 1
0 0.568056 0 0.0111111 0
0 0.447222 0.5 0.0277778 1
0 0.568056 0 0.0111111 0
0 0.447222 0.5 0.0277778 1
0 0.568056 0 0.0111111 0
0 0.447222 0.5 0.0277778 1
0 0.568056 0 0.0111111 0
0 0.447222 0.5 0.0277778 1
0 0.568056 0 0.0111111 0
0 0.447222 0.5 0.0277778 1
0 0.56875 0 0.0125 0
0 0.447222 0.5 0.0277778 1
0 0.567361 0 0.00972222 0
0 0.447222 0.5 0.0277778 1
0 0.568056 0 0.0111111 0
0 0.447222 0.5 0.0277778 1
0 0.568056 0 0.0111111 0
0 0.447222 0.5 0.0277778 1
0 0.568056 0 0.0111111 0
0 0.447222 0.5 0.0277778 1
0 0.568056 0 0.0111111 0
0 0.447222 0.5 0.0277778 1
0 0.56875 0 0.0125 0
0 0.447222 0.5 0.0277778 1
0 0.568056 0 0.0111111 0
0 0.447222 0.5 0.0277778 1
0 0.568056 0 0.0111111 0
0 0.447222 0.5 0.0277778 1
0 0.568056 0 0.0111111 0
0 0.447222 0.5 0.0277778 1
0 0.568056 0 0.0111111 0
0 0.447222 0.5 0.0277778 1
0 0.568056 0 0.0111111 0
0 0.447222 0.5 0.0277778 1
0 0.568056 0 0.0111111 0
0 0.447222 0.5 0.0277778 1
0 0.568056 0 0.0111111 0
0 0.447222 0.5 0.0277778 1
0 0.568056 0 0.0111111 0
0 0.447222 0.5 0.0277778 1
0 0.568056 0 0.0111111 0
0 0.447222 0.5 0.0277778 1
0 0.568056 0 0.0111111 0
0 0.447222 0.5 0.0277778 1
0 0.56875 0 0.0125 0
0 0.447222 0.5 0.0277778 1
0 0.567361 0 0.00972222 0
0 0.447222 0.5 0.0277778 1
0 0.568056 0 0.0111111 0
0 0.447222 0.5 0.0277778 1
0 0.568056 0 0.0111111 0
0 0.447222 0.5 0.0277778 1
0 0.568056 0 0.0111111 0
0 0.447222 0.5 0.0277778 1
0 0.568056 0 0.0111111 0
0 0.447222 0.5 0.0277778 1
0 0.568056 0 0.0111111 0
0 0.447222 0.5 0.0277778 1
0 0.56875 0 0.0125 0
0 0.447222 0.5 0.0277778 1
0 0.568056 0 0.0111111 0
0 0.447222 0.5 0.0277778 1
0 0.568056 0 0.0111111 0
0 0.447222 0.5 0.0277778 1
0 0.568056 0 0.0111111 0
0 0.447222 0.5 0.0277778 1
0 0.56875 0 0.0125 0
0 0.447222 0.5 0.0277778 1
0 0.568056 0 0.0111111 0
0 0.447222 0.5 0.0277778 1
0 0.568056 0 0.0111111 0
0 0.447222 0.5 0.0277778 1
0 0.568056 0 0.0111111 0
0 0.447222 0.5 0.0277778 1
0 0.568056 0 0.0111111 0
0 0.447222 0.5 0.0277778 1
0 0.567361 0 0.00972222 0
0 0.447222 0.5 0.0277778 1
0 0.568056 0 0.0111111 0
0 0.447222 0.5 0.0277778 1
0 0.568056 0 0.0111111 0
0 0.447222 0.5 0.0277778 1
0 0.568056 0 0.0111111 0
0 0.447222 0.5 0.0277778 1
0 0.448611 0.5 0.0277778 1
0 0.448611 0.5 0.0277778 1
0 0.450694 0.5 0.0263889 1
0 0.450694 0.5 0.0263889 1
0 0.570139 0 0.00972222 0
0 0.452083 0.5 0.0263889 1
0 0.452083 0.5 0.0263889 1
0 0.453472 0.5 0.0263889 1
0 0.453472 0.5 0.0263889 1
0 0.507639 0 0.0319444 0
0 0.454861 0.5 0.0236111 1
0 0.455556 0.5 0.025 1
0 0.571528 0 0.00972222 0
0 0.456944 0.5 0.0222222 1
0 0.458333 1 0.0222222 0
0 0.509722 0 0.0333333 0
0 0.457639 1 0.0208333 0
0 0.457639 1 0.0208333 0
0 0.509722 0 0.0333333 0
0 0.459028 1 0.0208333 0
0 0.475 0.5 0.0555556 1
0 0.509722 0 0.0333333 0
0 0.475694 0.5 0.0541667 1
0 0.477778 0.5 0.0527778 1
0 0.478472 0.5 0.0513889 1
0 0.478472 0.5 0.0513889 1
0 0.479861 0.5 0.0513889 1
0 0.479861 0.5 0.0513889 1
0 0.480556 0.5 0.05 1
0 0.480556 0.5 0.05 1
0 0.48125 0.5 0.0458333 1
0 0.48125 0.5 0.0430556 1
0 0.483333 0.5 0.0416667 1
0 0.484028 0.5 0.0430556 1
0 0.484722 0.5 0.0472222 1
0 0.484722 0.5 0.0472222 1
0 0.588889 0 0.00833333 0
0 0.485417 0.5 0.0458333 1
0 0.589583 0 0.00972222 0
0 0.485417 0.5 0.0486111 1
0 0.486806 0.5 0.0458333 1
0 0.496528 1 0.0236111 0
0 0.488194 1 0.0458333 0
0 0.591667 0 0.0111111 0
0 0.592361 0 0.00972222 0
0 0.489583 1 0.0430556 0
0 0.497222 1 0.025 0
0 0.492361 1 0.0430556 0
0 0.498611 1 0.0277778 0
0 0.49375 1 0.0430556 0
0 0.499306 1 0.0263889 0
0 0.5 1 0.0277778 0
0 0.502083 1 0.0291667 0
0 0.502083 1 0.0291667 0
0 0.503472 1 0.0291667 0
0 0.504861 1 0.0291667 0
0 0.504861 1 0.0291667 0
0 0.533333 0 0.0333333 0
0 0.504861 1 0.0291667 0
0 0.534028 0 0.0347222 0
0 0.50625 1 0.0263889 0
0 0.6 0 0.0111111 0
0 0.50625 1 0.0263889 0
0 0.506944 1 0.0277778 0
0 0.600694 0 0.00972222 0
0 0.508333 1 0.0277778 0
0 0.600694 0 0.00972222 0
0 0.508333 1 0.0277778 0
0 0.534722 0 0.0333333 0
0 0.601389 0 0.0111111 0
0 0.509028 1 0.0291667 0
0 0.602083 0 0.00972222 0
0 0.509028 1 0.0291667 0
0 0.602778 0 0.0111111 0
0 0.536111 0 0.0361111 0
0 0.509722 1 0.0277778 0
0 0.602778 0 0.0111111 0
0 0.510417 1 0.0291667 0
0 0.604167 0 0.0111111 0
0 0.535417 0 0.0347222 0
0 0.511111 1 0.0305556 0
0 0.536111 0 0.0361111 0
0 0.511806 1 0.0291667 0
0 0.5375 0 0.0361111 0
0 0.511806 1 0.0291667 0
0 0.536111 0 0.0361111 0
0 0.511806 1 0.0319444 0
0 0.5125 1 0.0305556 0
0 0.5125 1 0.0277778 0
0 0.513889 1 0.0277778 0
0 0.60625 0 0.0125 0
0 0.513889 1 0.0277778 0
0 0.60625 0 0.0125 0
0 0.513889 0.5 0.0277778 1
0 0.513889 0.5 0.0277778 1
0 0.513889 0.5 0.0277778 1
0 0.606944 0 0.0111111 0
0 0.513889 0.5 0.0277778 1
0 0.607639 0 0.0125 0
0 0.513194 0.5 0.0291667 1
0 0.402778 0 0.0138889 0
0 0.606944 0 0.0138889 0
0 0.513194 0.5 0.0291667 1
0 0.607639 0 0.0125 0
0 0.513194 0.5 0.0291667 1
0 0.401389 0 0.0138889 0
0 0.607639 0 0.0125 0
0 0.513194 0.5 0.0291667 1
0 0.608333 0 0.0138889 0
0 0.401389 0 0.0138889 0
0 0.5125 0.5 0.0305556 1
0 0.5125 0.5 0.0333333 1
0 0.5125 0.5 0.0333333 1
0 0.607639 0 0.0125 0
0 0.511806 0.5 0.0319444 1
0 0.511806 0.5 0.0319444 1
0 0.538889 0 0.0361111 0
0 0.510417 0.5 0.0319444 1
0 0.538194 0 0.0347222 0
0 0.510417 0.5 0.0319444 1
0 0.538194 0 0.0347222 0
0 0.609028 0 0.0125 0
0 0.510417 0.5 0.0319444 1
0 0.609028 0 0.0125 0
0 0.538194 0 0.0347222 0
0 0.510417 0.5 0.0319444 1
0 0.510417 0.5 0.0347222 1
0 0.510417 0.5 0.0347222 1
0 0.509722 0.5 0.0361111 1
0 0.509722 0.5 0.0333333 1
0 0.609028 0 0.0125 0
0 0.509028 0.5 0.0347222 1
0 0.395139 0 0.0125 0
0 0.609722 0 0.0111111 0
0 0.508333 0.5 0.0333333 1
0 0.395833 0 0.0138889 0
0 0.609722 0 0.0111111 0
0 0.508333 0.5 0.0333333 1
0 0.394444 0 0.0138889 0
0 0.610417 0 0.0125 0
0 0.507639 0.5 0.0319444 1
0 0.39375 0 0.0125 0
0 0.609028 0 0.0125 0
0 0.506944 0.5 0.0333333 1
0 0.610417 0 0.0125 0
0 0.506944 0.5 0.0333333 1
0 0.393056 0 0.0138889 0
0 0.505556 0.5 0.0333333 1
0 0.504861 0.5 0.0347222 1
0 0.504167 0.5 0.0361111 1
0 0.504167 0.5 0.0361111 1
0 0.503472 0.5 0.0375 1
0 0.390278 0 0.0138889 0
0 0.502083 0.5 0.0375 1
0 0.388889 0 0.0138889 0
0 0.5 0.5 0.0416667 1
0 0.500694 0.5 0.0375 1
0 0.5 0.5 0.0416667 1
0 0.5 0.5 0.0388889 1
0 0.611806 0 0.00972222 0
0 0.5 0.5 0.0388889 1
0 0.384722 0 0.0166667 0
0 0.611806 0 0.0125 0
0 0.499306 0.5 0.0402778 1
0 0.385417 0 0.0152778 0
0 0.613194 0 0.0125 0
0 0.497917 0.5 0.0430556 1
0 0.385417 0 0.0152778 0
0 0.6125 0 0.0138889 0
0 0.497917 0.5 0.0430556 1
0 0.613194 0 0.0125 0
0 0.497222 0.5 0.0444444 1
0 0.6125 0 0.0138889 0
0 0.496528 0.5 0.0402778 1
0 0.384028 0 0.0152778 0
0 0.613194 0 0.0125 0
0 0.495833 0.5 0.0416667 1
0 0.6125 0 0.0138889 0
0 0.495139 0.5 0.0430556 1
0 0.613194 0 0.0125 0
0 0.495139 0.5 0.0430556 1
0 0.6125 0 0.0138889 0
0 0.495139 0.5 0.0430556 1
0 0.613194 0 0.0125 0
0 0.49375 0.5 0.0430556 1
0 0.613194 0 0.0125 0
0 0.49375 0.5 0.0430556 1
0 0.731944 0 0.0138889 0
0 0.613194 0 0.0125 0
0 0.49375 0.5 0.0430556 1
0 0.613194 0 0.0125 0
0 0.493056 0.5 0.0444444 1
0 0.6125 0 0.0138889 0
0 0.492361 0.5 0.0430556 1
0 0.6125 0 0.0138889 0
0 0.492361 0 0.0430556 0
0 0.6125 0 0.0138889 0
0 0.492361 0 0.0430556 0
0 0.731944 0 0.0138889 0
0 0.613194 0 0.0125 0
0 0.491667 0 0.0444444 0
0 0.732639 0 0.0125 0
0 0.613889 0 0.0138889 0
0 0.491667 0 0.0444444 0
0 0.733333 0 0.0138889 0
0 0.613889 0 0.0138889 0
0 0.490972 0 0.0458333 0
0 0.379861 0 0.0152778 0
0 0.613889 0 0.0138889 0
0 0.490972 0.5 0.0458333 1
0 0.733333 0 0.0138889 0
0 0.378472 0 0.0152778 0
0 0.613889 0 0.0138889 0
0 0.490972 0.5 0.0458333 1
0 0.733333 0 0.0138889 0
0 0.613889 0 0.0138889 0
0 0.490278 0.5 0.0472222 1
0 0.733333 0 0.0138889 0
0 0.613889 0 0.0138889 0
0 0.490278 0.5 0.0444444 1
0 0.733333 0 0.0138889 0
0 0.613889 0 0.0138889 0
0 0.490278 0.5 0.0444444 1
0 0.377083 0 0.0152778 0
0 0.613194 0 0.0152778 0
0 0.489583 0.5 0.0458333 1
0 0.734722 0 0.0138889 0
0 0.377083 0 0.0152778 0
0 0.614583 0 0.0152778 0
0 0.489583 0.5 0.0458333 1
0 0.736111 0 0.0138889 0
0 0.614583 0 0.0152778 0
0 0.489583 0.5 0.0486111 1
0 0.613194 0 0.0152778 0
0 0.488889 0.5 0.0472222 1
0 0.377083 0 0.0152778 0
0 0.613889 0 0.0166667 0
0 0.488889 0.5 0.0472222 1
0 0.613889 0 0.0166667 0
0 0.488889 0.5 0.0472222 1
0 0.613889 0 0.0138889 0
0 0.376389 0 0.0138889 0
0 0.488194 0.5 0.0458333 1
0 0.377083 0 0.0152778 0
0 0.615278 0 0.0138889 0
0 0.4875 0.5 0.0472222 1
0 0.376389 0 0.0166667 0
0 0.615278 0 0.0138889 0
0 0.488194 0.5 0.0486111 1
0 0.375694 0 0.0152778 0
0 0.615278 0 0.0138889 0
0 0.488194 0.5 0.0486111 1
0 0.376389 0 0.0138889 0
0 0.615278 0 0.0138889 0
0 0.488194 0.5 0.0486111 1
0 0.615972 0 0.0152778 0
0 0.488194 0.5 0.0486111 1
0 0.615972 0 0.0152778 0
0 0.486806 0.5 0.0486111 1
0 0.615972 0 0.0152778 0
0 0.486806 0.5 0.0486111 1
0 0.375 0 0.0138889 0
0 0.617361 0 0.0152778 0
0 0.486111 0.5 0.05 1
0 0.617361 0 0.0152778 0
0 0.486111 0.5 0.0527778 1
0 0.741667 0 0.0138889 0
0 0.374306 0 0.0152778 0
0 0.617361 0 0.0125 0
0 0.486111 0.5 0.0555556 1
0 0.617361 0 0.0152778 0
0 0.486111 0.5 0.0555556 1
0 0.61875 0 0.0152778 0
0 0.74375 0 0.0152778 0
0 0.485417 0.5 0.0569444 1
0 0.371528 0 0.0180556 0
0 0.61875 0 0.0152778 0
0 0.745139 0 0.0152778 0
0 0.486111 0.5 0.0527778 1
0 0.745139 0 0.0152778 0
0 0.619444 0 0.0138889 0
0 0.486111 0.5 0.0527778 1
0 0.619444 0 0.0138889 0
0 0.486111 0.5 0.0527778 1
0 0.620139 0 0.0152778 0
0 0.486111 0.5 0.0527778 1
0 0.485417 0.5 0.0541667 1
0 0.620139 0 0.0180556 0
0 0.485417 0.5 0.0541667 1
0 0.371528 0 0.0152778 0
0 0.620139 0 0.0180556 0
0 0.485417 0.5 0.0541667 1
0 0.370833 0 0.0166667 0
0 0.620833 0 0.0166667 0
0 0.486111 0.5 0.0583333 1
0 0.749306 0 0.0152778 0
0 0.620833 0 0.0166667 0
0 0.485417 0.5 0.0597222 1
0 0.370139 0 0.0152778 0
0 0.621528 0 0.0152778 0
0 0.75 0 0.0138889 0
0 0.486111 0.5 0.0555556 1
0 0.622222 0 0.0166667 0
0 0.751389 0 0.0138889 0
0 0.484722 0.5 0.0583333 1
0 0.751389 0 0.0138889 0
0 0.621528 0 0.0180556 0
0 0.485417 0.5 0.0597222 1
0 0.751389 0 0.0166667 0
0 0.622222 0 0.0194444 0
0 0.485417 0.5 0.0597222 1
0 0.752083 0 0.0152778 0
0 0.622222 0 0.0166667 0
0 0.485417 0.5 0.0597222 1
0 0.752778 0 0.0166667 0
0 0.622917 0 0.0180556 0
0 0.486111 0.5 0.0611111 1
0 0.623611 0 0.0166667 0
0 0.486111 0.5 0.0611111 1
0 0.622917 0 0.0180556 0
0 0.367361 0 0.0180556 0
0 0.486111 0.5 0.0611111 1
0 0.367361 0 0.0180556 0
0 0.623611 0 0.0138889 0
0 0.486111 0.5 0.0611111 1
0 0.624306 0 0.0152778 0
0 0.486806 0 0.0597222 0
0 0.367361 0 0.0180556 0
0 0.624306 0 0.0152778 0
0 0.486806 0 0.0597222 0
0 0.75625 0 0.0152778 0
0 0.624306 0 0.0152778 0
0 0.486806 0 0.0597222 0
0 0.757639 0 0.0152778 0
0 0.625694 0 0.0152778 0
0 0.486111 0 0.0611111 0
0 0.757639 0 0.0152778 0
0 0.625694 0 0.0152778 0
0 0.486806 0 0.0625 0
0 0.758333 0 0.0166667 0
0 0.625694 0 0.0152778 0
0 0.486111 0 0.0638889 0
0 0.758333 0 0.0166667 0
0 0.626389 0 0.0166667 0
0 0.486111 0 0.0638889 0
0 0.759722 0 0.0166667 0
0 0.625694 0 0.0152778 0
0 0.486111 0 0.0638889 0
0 0.365278 0 0.0166667 0
0 0.761111 0 0.0166667 0
0 0.627083 0 0.0152778 0
0 0.485417 0.5 0.0652778 1
0 0.761111 0 0.0166667 0
0 0.365278 0 0.0166667 0
0 0.627083 0 0.0152778 0
0 0.485417 0.5 0.0652778 1
0 0.365278 0 0.0166667 0
0 0.761111 0 0.0166667 0
0 0.627083 0 0.0152778 0
0 0.485417 0.5 0.0652778 1
0 0.365278 0 0.0166667 0
0 0.627083 0 0.0152778 0
0 0.486111 0.5 0.0666667 1
0 0.627778 0 0.0166667 0
0 0.485417 0.5 0.0652778 1
0 0.364583 0 0.0180556 0
0 0.627778 0 0.0166667 0
0 0.485417 0.5 0.0652778 1
0 0.365278 0 0.0166667 0
0 0.627778 0 0.0166667 0
0 0.485417 0.5 0.0680556 1
0 0.365278 0 0.0166667 0
0 0.628472 0 0.0180556 0
0 0.485417 0.5 0.0680556 1
0 0.763889 0 0.0166667 0
0 0.363889 0 0.0166667 0
0 0.628472 0 0.0180556 0
0 0.485417 0.5 0.0680556 1
0 0.227778 0 0.0166667 0
0 0.364583 0 0.0152778 0
0 0.763194 0 0.0152778 0
0 0.629167 0 0.0166667 0
0 0.486111 0.5 0.0694444 1
0 0.227778 0 0.0166667 0
0 0.764583 0 0.0152778 0
0 0.629167 0 0.0166667 0
0 0.486111 0.5 0.0694444 1
0 0.765278 0 0.0166667 0
0 0.629167 0 0.0166667 0
0 0.486111 0.5 0.0694444 1
0 0.765278 0 0.0166667 0
0 0.629167 0 0.0166667 0
0 0.486111 0.5 0.0694444 1
0 0.226389 0 0.0166667 0
0 0.3625 0 0.0166667 0
0 0.629861 0 0.0152778 0
0 0.486111 0.5 0.0722222 1
0 0.629861 0 0.0152778 0
0 0.486806 0.5 0.0708333 1
0 0.765972 0 0.0180556 0
0 0.629861 0 0.0152778 0
0 0.485417 0.5 0.0708333 1
0 0.766667 0 0.0166667 0
0 0.629861 0 0.0152778 0
0 0.486111 0.5 0.0722222 1
0 0.361806 0 0.0180556 0
0 0.766667 0 0.0166667 0
0 0.630556 0 0.0138889 0
0 0.486111 0.5 0.0722222 1
0 0.361806 0 0.0180556 0
0 0.767361 0 0.0152778 0
0 0.630556 0 0.0166667 0
0 0.485417 0.5 0.0736111 1
0 0.361806 0 0.0180556 0
0 0.76875 0 0.0152778 0
0 0.63125 0 0.0152778 0
0 0.485417 0.5 0.0736111 1
0 0.361806 0 0.0180556 0
0 0.76875 0 0.0152778 0
0 0.63125 0 0.0152778 0
0 0.485417 0.5 0.0763889 1
0 0.361111 0 0.0166667 0
0 0.76875 0 0.0152778 0
0 0.631944 0 0.0166667 0
0 0.485417 0.5 0.0763889 1
0 0.360417 0 0.0180556 0
0 0.631944 0 0.0166667 0
0 0.76875 0 0.0152778 0
0 0.485417 0.5 0.0763889 1
0 0.360417 0 0.0180556 0
0 0.770139 0 0.0152778 0
0 0.631944 0 0.0166667 0
0 0.485417 0.5 0.0763889 1
0 0.770833 0 0.0166667 0
0 0.631944 0 0.0166667 0
0 0.484722 0.5 0.0777778 1
0 0.770833 0 0.0166667 0
0 0.631944 0 0.0166667 0
0 0.485417 0.5 0.0791667 1
0 0.770833 0 0.0166667 0
0 0.631944 0 0.0166667 0
0 0.485417 0.5 0.0791667 1
0 0.359722 0 0.0166667 0
0 0.632639 0 0.0180556 0
0 0.484028 0.5 0.0791667 1
0 0.771528 0 0.0180556 0
0 0.359722 0 0.0166667 0
0 0.632639 0 0.0180556 0
0 0.484028 0.5 0.0791667 1
0 0.771528 0 0.0180556 0
0 0.359722 0 0.0166667 0
0 0.632639 0 0.0180556 0
0 0.484028 0.5 0.0791667 1
0 0.771528 0 0.0180556 0
0 0.220139 0 0.0152778 0
0 0.359722 0 0.0166667 0
0 0.632639 0 0.0180556 0
0 0.484028 0.5 0.0791667 1
0 0.219444 0 0.0166667 0
0 0.359028 0 0.0180556 0
0 0.632639 0 0.0180556 0
0 0.484722 0.5 0.0805556 1
0 0.634028 0 0.0180556 0
0 0.359028 0 0.0180556 0
0 0.484722 0.5 0.0805556 1
0 0.634028 0 0.0180556 0
0 0.359028 0 0.0180556 0
0 0.484722 0.5 0.0805556 1
0 0.359028 0 0.0180556 0
0 0.634028 0 0.0180556 0
0 0.484722 0.5 0.0805556 1
0 0.774306 0 0.0180556 0
0 0.359028 0 0.0180556 0
0 0.634028 0 0.0180556 0
0 0.484722 0.5 0.0805556 1
0 0.775 0 0.0166667 0
0 0.359028 0 0.0180556 0
0 0.634028 0 0.0180556 0
0 0.484722 0.5 0.0805556 1
0 0.775 0 0.0166667 0
0 0.358333 0 0.0166667 0
0 0.634028 0 0.0180556 0
0 0.484028 0.5 0.0819444 1
0 0.775694 0 0.0152778 0
0 0.358333 0 0.0166667 0
0 0.634722 0 0.0194444 0
0 0.484722 0.5 0.0833333 1
0 0.775694 0 0.0152778 0
0 0.634722 0 0.0194444 0
0 0.358333 0 0.0166667 0
0 0.484722 0.5 0.0833333 1
0 0.358333 0 0.0166667 0
0 0.776389 0 0.0166667 0
0 0.634722 0 0.0194444 0
0 0.484722 0.5 0.0861111 1
0 0.635417 0 0.0180556 0
0 0.777083 0 0.0180556 0
0 0.358333 0 0.0166667 0
0 0.484722 0.5 0.0861111 1
0 0.777778 0 0.0166667 0
0 0.357639 0 0.0152778 0
0 0.635417 0 0.0180556 0
0 0.485417 0.5 0.0875 1
0 0.213194 0 0.0180556 0
0 0.356944 0 0.0166667 0
0 0.778472 0 0.0180556 0
0 0.636111 0 0.0166667 0
0 0.485417 0.5 0.0847222 1
0 0.213194 0 0.0180556 0
0 0.356944 0 0.0166667 0
0 0.779167 0 0.0194444 0
0 0.636111 0 0.0166667 0
0 0.485417 0.5 0.0847222 1
0 0.35625 0 0.0180556 0
0 0.779861 0 0.0180556 0
0 0.636111 0 0.0166667 0
0 0.485417 0.5 0.0875 1
0 0.35625 0 0.0180556 0
0 0.779861 0 0.0180556 0
0 0.636111 0 0.0166667 0
0 0.485417 0.5 0.0875 1
0 0.35625 0 0.0180556 0
0 0.780556 0 0.0166667 0
0 0.636806 0 0.0152778 0
0 0.485417 0.5 0.0875 1
0 0.782639 0 0.0180556 0
0 0.636806 0 0.0180556 0
0 0.486111 0.5 0.0888889 1
0 0.782639 0 0.0180556 0
0 0.636806 0 0.0180556 0
0 0.486111 0.5 0.0888889 1
0 0.354861 0 0.0180556 0
0 0.6375 0 0.0166667 0
0 0.782639 0 0.0180556 0
0 0.486806 0.5 0.0902778 1
0 0.354861 0 0.0180556 0
0 0.209722 0 0.0194444 0
0 0.6375 0 0.0166667 0
0 0.782639 0 0.0180556 0
0 0.486806 0.5 0.0902778 1
0 0.354861 0 0.0180556 0
0 0.638194 0 0.0180556 0
0 0.784028 0 0.0180556 0
0 0.486806 0.5 0.0902778 1
0 0.209028 0 0.0180556 0
0 0.354861 0 0.0180556 0
0 0.784028 0 0.0180556 0
0 0.638194 0 0.0180556 0
0 0.488194 0.5 0.0902778 1
0 0.354167 0 0.0194444 0
0 0.784028 0 0.0180556 0
0 0.638889 0 0.0166667 0
0 0.4875 0.5 0.0916667 1
0 0.353472 0 0.0180556 0
0 0.784028 0 0.0180556 0
0 0.638889 0 0.0166667 0
0 0.488194 0.5 0.0930556 1
0 0.784028 0 0.0180556 0
0 0.638889 0 0.0166667 0
0 0.488194 0.5 0.0930556 1
0 0.784722 0 0.0194444 0
0 0.352778 0 0.0166667 0
0 0.638889 0 0.0166667 0
0 0.490278 0.5 0.0916667 1
0 0.353472 0 0.0180556 0
0 0.785417 0 0.0180556 0
0 0.638889 0 0.0166667 0
0 0.490278 0.5 0.0916667 1
0 0.786111 0 0.0194444 0
0 0.352778 0 0.0166667 0
0 0.638889 0 0.0166667 0
0 0.49375 0.5 0.0958333 1
0 0.786806 0 0.0180556 0
0 0.352083 0 0.0180556 0
0 0.639583 0 0.0180556 0
0 0.495139 0.5 0.0986111 1
0 0.786806 0 0.0180556 0
0 0.352083 0 0.0180556 0
0 0.639583 0 0.0180556 0
0 0.495139 0.5 0.0986111 1
0 0.352083 0 0.0180556 0
0 0.7875 0 0.0166667 0
0 0.640278 0 0.0166667 0
0 0.498611 0.5 0.1 1
0 0.7875 0 0.0166667 0
0 0.352778 0 0.0166667 0
0 0.640278 0 0.0194444 0
0 0.5 0.5 0.1 1
0 0.7875 0 0.0166667 0
0 0.352083 0 0.0180556 0
0 0.640972 0 0.0180556 0
0 0.501389 0.5 0.1 1
0 0.7875 0 0.0166667 0
0 0.352083 0 0.0180556 0
0 0.640972 0 0.0180556 0
0 0.501389 0.5 0.0972222 1
0 0.788889 0 0.0166667 0
0 0.352083 0 0.0180556 0
0 0.640278 0 0.0194444 0
0 0.502083 0.5 0.0986111 1
0 0.788889 0 0.0166667 0
0 0.352083 0 0.0180556 0
0 0.641667 0 0.0194444 0
0 0.503472 0.5 0.0986111 1
0 0.202778 0 0.0194444 0
0 0.789583 0 0.0180556 0
0 0.352083 0 0.0180556 0
0 0.640972 0 0.0180556 0
0 0.505556 0.5 0.1 1
0 0.202778 0 0.0194444 0
0 0.352083 0 0.0180556 0
0 0.789583 0 0.0180556 0
0 0.641667 0 0.0194444 0
0 0.505556 0.5 0.1 1
0 0.789583 0 0.0180556 0
0 0.352083 0 0.0180556 0
0 0.641667 0 0.0194444 0
0 0.506944 0.5 0.102778 1
0 0.789583 0 0.0180556 0
0 0.351389 0 0.0194444 0
0 0.641667 0 0.0194444 0
0 0.506944 0.5 0.102778 1
0 0.350694 0 0.0180556 0
0 0.789583 0 0.0180556 0
0 0.641667 0 0.0194444 0
0 0.506944 0.5 0.105556 1
0 0.350694 0 0.0180556 0
0 0.790278 0 0.0194444 0
0 0.641667 0 0.0194444 0
0 0.508333 0.5 0.1 1
0 0.35 0 0.0166667 0
0 0.790972 0 0.0180556 0
0 0.641667 0 0.0194444 0
0 0.508333 0.5 0.102778 1
0 0.349306 0 0.0180556 0
0 0.790972 0 0.0180556 0
0 0.641667 0 0.0194444 0
0 0.508333 0.5 0.102778 1
0 0.348611 0 0.0194444 0
0 0.790972 0 0.0180556 0
0 0.642361 0 0.0180556 0
0 0.508333 0.5 0.102778 1
0 0.349306 0 0.0180556 0
0 0.791667 0 0.0194444 0
0 0.642361 0 0.0180556 0
0 0.507639 0.5 0.106944 1
0 0.348611 0 0.0194444 0
0 0.791667 0 0.0194444 0
0 0.642361 0 0.0180556 0
0 0.507639 0.5 0.104167 1
0 0.348611 0 0.0194444 0
0 0.792361 0 0.0180556 0
0 0.642361 0 0.0180556 0
0 0.506944 0.5 0.105556 1
0 0.348611 0 0.0194444 0
0 0.793056 0 0.0194444 0
0 0.642361 0 0.0180556 0
0 0.504861 0.5 0.109722 1
0 0.348611 0 0.0194444 0
0 0.793056 0 0.0194444 0
0 0.643056 0 0.0194444 0
0 0.502778 0.5 0.111111 1
0 0.349306 0 0.0180556 0
0 0.794444 0 0.0194444 0
0 0.643056 0 0.0166667 0
0 0.497222 0.5 0.113889 1
0 0.349306 0 0.0180556 0
0 0.794444 0 0.0194444 0
0 0.643056 0 0.0166667 0
0 0.497222 0.5 0.113889 1
0 0.457639 0 0.0291667 0
0 0.795833 0 0.0194444 0
0 0.348611 0 0.0194444 0
0 0.64375 0 0.0208333 0
0 0.486806 0.5 0.109722 1
0 0.457639 0 0.0319444 0
0 0.795139 0 0.0180556 0
0 0.644444 0 0.0194444 0
0 0.347917 0 0.0208333 0
0 0.484028 0.5 0.115278 1
0 0.457639 0 0.0319444 0
0 0.796528 0 0.0208333 0
0 0.644444 0 0.0194444 0
0 0.347917 0 0.0180556 0
0 0.483333 0.5 0.116667 1
0 0.457639 0 0.0319444 0
0 0.195139 0 0.0180556 0
0 0.796528 0 0.0208333 0
0 0.645139 0 0.0208333 0
0 0.347222 0 0.0194444 0
0 0.483333 0.5 0.116667 1
0 0.19375 0 0.0180556 0
0 0.457639 0 0.0319444 0
0 0.797222 0 0.0194444 0
0 0.347222 0 0.0194444 0
0 0.645139 0 0.0180556 0
0 0.485417 0.5 0.118056 1
0 0.457639 0 0.0319444 0
0 0.346528 0 0.0180556 0
0 0.797222 0 0.0194444 0
0 0.645833 0 0.0194444 0
0 0.488194 0.5 0.115278 1
0 0.456944 0 0.0305556 0
0 0.347222 0 0.0194444 0
0 0.798611 0 0.0194444 0
0 0.645833 0 0.0194444 0
0 0.491667 0.5 0.108333 1
0 0.45625 0 0.0319444 0
0 0.345833 0 0.0194444 0
0 0.798611 0 0.0194444 0
0 0.645833 0 0.0194444 0
0 0.49375 0.5 0.109722 1
0 0.45625 0 0.0319444 0
0 0.798611 0 0.0194444 0
0 0.345833 0 0.0194444 0
0 0.645833 0 0.0194444 0
0 0.495139 0.5 0.1125 1
0 0.8 0 0.0194444 0
0 0.345139 0 0.0180556 0
0 0.646528 0 0.0208333 0
0 0.498611 0.5 0.116667 1
0 0.8 0 0.0194444 0
0 0.345139 0 0.0180556 0
0 0.500694 0.5 0.118056 1
0 0.646528 0 0.0208333 0
0 0.455556 0 0.0333333 0
0 0.801389 0 0.0194444 0
0 0.345139 0 0.0180556 0
0 0.501389 0.5 0.119444 1
0 0.646528 0 0.0208333 0
0 0.189583 0 0.0180556 0
0 0.344444 0 0.0194444 0
0 0.801389 0 0.0194444 0
0 0.504861 0.5 0.120833 1
0 0.647222 0 0.0194444 0
0 0.455556 0 0.0333333 0
0 0.344444 0 0.0194444 0
0 0.802083 0 0.0180556 0
0 0.507639 0.5 0.123611 1
0 0.647222 0 0.0194444 0
0 0.188194 0 0.0180556 0
0 0.344444 0 0.0194444 0
0 0.802778 0 0.0194444 0
0 0.513194 0.5 0.126389 1
0 0.647222 0 0.0194444 0
0 0.344444 0 0.0194444 0
0 0.802778 0 0.0194444 0
0 0.514583 0.5 0.126389 1
0 0.647222 0 0.0194444 0
0 0.343056 0 0.0194444 0
0 0.802778 0 0.0194444 0
0 0.522917 0.5 0.118056 1
0 0.647222 0 0.0194444 0
0 0.343056 0 0.0194444 0
0 0.802778 0 0.0194444 0
0 0.527083 0.5 0.123611 1
0 0.647222 0 0.0194444 0
0 0.343056 0 0.0194444 0
0 0.803472 0 0.0208333 0
0 0.530556 0.5 0.125 1
0 0.647917 0 0.0208333 0
0 0.341667 0 0.0194444 0
0 0.804167 0 0.0194444 0
0 0.533333 0.5 0.122222 1
0 0.647917 0 0.0208333 0
0 0.341667 0 0.0194444 0
0 0.804167 0 0.0194444 0
0 0.647222 0 0.0194444 0
0 0.536806 0.5 0.131944 1
0 0.341667 0 0.0194444 0
0 0.804861 0 0.0208333 0
0 0.647917 0 0.0208333 0
0 0.538194 0.5 0.126389 1
0 0.184722 0 0.0166667 0
0 0.805556 0 0.0194444 0
0 0.341667 0 0.0194444 0
0 0.54375 0.5 0.118056 1
0 0.648611 0 0.0194444 0
0 0.184028 0 0.0180556 0
0 0.805556 0 0.0194444 0
0 0.341667 0 0.0194444 0
0 0.544444 0.5 0.122222 1
0 0.649306 0 0.0208333 0
0 0.340972 0 0.0180556 0
0 0.80625 0 0.0208333 0
0 0.542361 0.5 0.134722 1
0 0.649306 0 0.0208333 0
0 0.80625 0 0.0208333 0
0 0.340972 0 0.0180556 0
0 0.542361 0.5 0.134722 1
0 0.649306 0 0.0208333 0
0 0.245139 0 0.00694444 0
0 0.806944 0 0.0194444 0
0 0.649306 0 0.0208333 0
0 0.540278 0.5 0.136111 1
0 0.340278 0 0.0194444 0
0 0.181944 0 0.0194444 0
0 0.806944 0 0.0194444 0
0 0.538889 0.5 0.138889 1
0 0.340278 0 0.0194444 0
0 0.649306 0 0.0208333 0
0 0.807639 0 0.0208333 0
0 0.534028 0.5 0.134722 1
0 0.649306 0 0.0180556 0
0 0.340278 0 0.0194444 0
0 0.810417 0 0.0208333 0
0 0.529167 0.5 0.133333 1
0 0.649306 0 0.0180556 0
0 0.339583 0 0.0180556 0
0 0.522917 0.5 0.129167 1
0 0.809028 0 0.0208333 0
0 0.650694 0 0.0180556 0
0 0.338889 0 0.0194444 0
0 0.179167 0 0.0194444 0
0 0.519444 0.5 0.127778 1
0 0.810417 0 0.0208333 0
0 0.65 0 0.0194444 0
0 0.338194 0 0.0180556 0
0 0.178472 0 0.0208333 0
0 0.515278 0.5 0.141667 1
0 0.810417 0 0.0208333 0
0 0.338889 0 0.0194444 0
0 0.650694 0 0.0208333 0
0 0.810417 0 0.0208333 0
0 0.513889 0.5 0.141667 1
0 0.338889 0 0.0194444 0
0 0.651389 0 0.0194444 0
0 0.177778 0 0.0194444 0
0 0.508333 0.5 0.144444 1
0 0.810417 0 0.0208333 0
0 0.338889 0 0.0194444 0
0 0.651389 0 0.0194444 0
0 0.177778 0 0.0194444 0
0 0.3375 0 0.0194444 0
0 0.502083 0.5 0.140278 1
0 0.811111 0 0.0222222 0
0 0.651389 0 0.0194444 0
0 0.176389 0 0.0194444 0
0 0.498611 0.5 0.136111 1
0 0.811111 0 0.0194444 0
0 0.3375 0 0.0194444 0
0 0.651389 0 0.0194444 0
0 0.490278 0.5 0.147222 1
0 0.176389 0 0.0194444 0
0 0.811111 0 0.0194444 0
0 0.3375 0 0.0194444 0
0 0.651389 0 0.0194444 0
0 0.176389 0 0.0194444 0
0 0.486806 0.5 0.148611 1
0 0.811806 0 0.0208333 0
0 0.336111 0 0.0194444 0
0 0.651389 0 0.0194444 0
0 0.811806 0 0.0208333 0
0 0.175 0 0.0194444 0
0 0.483333 0.5 0.147222 1
0 0.336806 0 0.0208333 0
0 0.651389 0 0.0194444 0
0 0.175694 0 0.0180556 0
0 0.811111 0 0.0194444 0
0 0.481944 0.5 0.144444 1
0 0.336111 0 0.0194444 0
0 0.651389 0 0.0194444 0
0 0.175 0 0.0194444 0
0 0.811806 0 0.0208333 0
0 0.476389 0.5 0.141667 1
0 0.335417 0 0.0208333 0
0 0.651389 0 0.0194444 0
0 0.174306 0 0.0180556 0
0 0.467361 0.5 0.151389 1
0 0.8125 0 0.0194444 0
0 0.335417 0 0.0208333 0
0 0.651389 0 0.0194444 0
0 0.173611 0 0.0194444 0
0 0.465972 0.5 0.151389 1
0 0.813194 0 0.0180556 0
0 0.335417 0 0.0208333 0
0 0.651389 0 0.0194444 0
0 0.173611 0 0.0194444 0
0 0.465278 0.5 0.152778 1
0 0.813194 0 0.0180556 0
0 0.334722 0 0.0194444 0
0 0.651389 0 0.0194444 0
0 0.465278 0.5 0.158333 1
0 0.172917 0 0.0180556 0
0 0.813889 0 0.0194444 0
0 0.334722 0 0.0194444 0
0 0.652083 0 0.0208333 0
0 0.465278 0.5 0.158333 1
0 0.172917 0 0.0180556 0
0 0.813889 0 0.0194444 0
0 0.334028 0 0.0208333 0
0 0.652083 0 0.0208333 0
0 0.465972 0.5 0.159722 1
0 0.171528 0 0.0208333 0
0 0.813889 0 0.0194444 0
0 0.334028 0 0.0208333 0
0 0.652083 0 0.0208333 0
0 0.465278 0.5 0.158333 1
0 0.814583 0 0.0208333 0
0 0.170833 0 0.0194444 0
0 0.334028 0 0.0208333 0
0 0.652083 0 0.0208333 0
0 0.46875 0.5 0.1625 1
0 0.814583 0 0.0208333 0
0 0.170833 0 0.0194444 0
0 0.334028 0 0.0208333 0
0 0.652083 0 0.0208333 0
0 0.46875 0.5 0.156944 1
0 0.170833 0 0.0194444 0
0 0.815278 0 0.0194444 0
0 0.333333 0 0.0194444 0
0 0.652083 0 0.0208333 0
0 0.470833 0.5 0.161111 1
0 0.169444 0 0.0194444 0
0 0.815278 0 0.0222222 0
0 0.332639 0 0.0208333 0
0 0.652083 0 0.0208333 0
0 0.472917 0 0.145833 0
0 0.815972 0 0.0208333 0
0 0.332639 0 0.0208333 0
0 0.652083 0 0.0208333 0
0 0.167361 0 0.0180556 0
0 0.815972 0 0.0208333 0
0 0.331944 0 0.0194444 0
0 0.652778 0 0.0194444 0
0 0.168056 0 0.0194444 0
0 0.473611 0 0.141667 0
0 0.815972 0 0.0208333 0
0 0.331944 0 0.0194444 0
0 0.652083 0 0.0208333 0
0 0.165972 0 0.0180556 0
0 0.486806 0 0.151389 0
0 0.816667 0 0.0222222 0
0 0.33125 0 0.0208333 0
0 0.652083 0 0.0208333 0
0 0.55 0 0.0416667 0
0 0.477778 0 0.141667 0
0 0.33125 0 0.0208333 0
0 0.816667 0 0.0222222 0
0 0.652083 0 0.0208333 0
0 0.480556 0 0.144444 0
0 0.33125 0 0.0208333 0
0 0.816667 0 0.0222222 0
0 0.652083 0 0.0208333 0
0 0.489583 0 0.129167 0
0 0.548611 0 0.0416667 0
0 0.329861 0 0.0208333 0
0 0.817361 0 0.0236111 0
0 0.163889 0 0.0194444 0
0 0.652778 0 0.0194444 0
0 0.489583 0 0.129167 0
0 0.548611 0 0.0416667 0
0 0.329861 0 0.0208333 0
0 0.817361 0 0.0236111 0
0 0.163889 0 0.0194444 0
0 0.652778 0 0.0194444 0
0 0.547917 0 0.0430556 0
0 0.163194 0 0.0180556 0
0 0.328472 0 0.0208333 0
0 0.818056 0 0.0222222 0
0 0.652083 0 0.0208333 0
0 0.549306 0 0.0458333 0
0 0.1625 0 0.0194444 0
0 0.818056 0 0.0222222 0
0 0.328472 0 0.0208333 0
0 0.652083 0 0.0208333 0
0 0.549306 0 0.0458333 0
0 0.161806 0 0.0180556 0
0 0.81875 0 0.0208333 0
0 0.327778 0 0.0194444 0
0 0.653472 0 0.0208333 0
0 0.55 0 0.0444444 0
0 0.161111 0 0.0194444 0
0 0.819444 0 0.0194444 0
0 0.327083 0 0.0208333 0
0 0.652778 0 0.0222222 0
0 0.819444 0 0.0194444 0
0 0.161111 0 0.0194444 0
0 0.327083 0 0.0208333 0
0 0.652778 0 0.0222222 0
0 0.159722 0 0.0194444 0
0 0.819444 0 0.0194444 0
0 0.326389 0 0.0194444 0
0 0.653472 0 0.0208333 0
0 0.159722 0 0.0194444 0
0 0.819444 0 0.0194444 0
0 0.326389 0 0.0194444 0
0 0.652778 0 0.0194444 0
0 0.159028 0 0.0208333 0
0 0.819444 0 0.0194444 0
0 0.325 0 0.0194444 0
0 0.652778 0 0.0194444 0
0 0.157639 0 0.0208333 0
0 0.820139 0 0.0208333 0
0 0.324306 0 0.0180556 0
0 0.652778 0 0.0194444 0
0 0.156944 0 0.0194444 0
0 0.820139 0 0.0208333 0
0 0.324306 0 0.0208333 0
0 0.652778 0 0.0194444 0
0 0.536111 0.5 0.125 1
0 0.820139 0 0.0208333 0
0 0.323611 0 0.0222222 0
0 0.547222 0 0.0472222 0
0 0.652778 0 0.0194444 0
0 0.546528 0 0.0486111 0
0 0.820139 0 0.0208333 0
0 0.322917 0 0.0208333 0
0 0.652778 0 0.0194444 0
0 0.533333 0.5 0.127778 1
0 0.547917 0 0.0458333 0
0 0.820833 0 0.0222222 0
0 0.322917 0 0.0208333 0
0 0.652778 0 0.0194444 0
0 0.152778 0 0.0194444 0
0 0.820833 0 0.0222222 0
0 0.322222 0 0.0222222 0
0 0.652778 0 0.0194444 0
0 0.547222 0 0.0472222 0
0 0.820833 0 0.0222222 0
0 0.321528 0 0.0208333 0
0 0.652778 0 0.0194444 0
0 0.545833 0 0.0472222 0
0 0.546528 0.5 0.0930556 1
0 0.541667 0.5 0.136111 1
0 0.820833 0 0.0222222 0
0 0.321528 0 0.0208333 0
0 0.652778 0 0.0194444 0
0 0.551389 0.5 0.075 1
0 0.151389 0 0.0194444 0
0 0.821528 0 0.0208333 0
0 0.321528 0 0.0208333 0
0 0.652083 0 0.0208333 0
0 0.15 0 0.0194444 0
0 0.821528 0 0.0208333 0
0 0.320833 0 0.0194444 0
0 0.652778 0 0.0222222 0
0 0.15 0 0.0194444 0
0 0.821528 0 0.0208333 0
0 0.320833 0 0.0194444 0
0 0.652083 0 0.0208333 0
0 0.565972 0.5 0.0763889 1
0 0.545139 0 0.0458333 0
0 0.148611 0 0.0194444 0
0 0.822222 0 0.0222222 0
0 0.319444 0 0.0194444 0
0 0.652083 0 0.0208333 0
0 0.574306 0.5 0.109722 1
0 0.444444 0 0.0388889 0
0 0.148611 0 0.0194444 0
0 0.822222 0 0.0222222 0
0 0.31875 0 0.0208333 0
0 0.652083 0 0.0208333 0
0 0.444444 0 0.0388889 0
0 0.545833 0 0.0472222 0
0 0.148611 0 0.0194444 0
0 0.822222 0 0.0222222 0
0 0.318056 0 0.0194444 0
0 0.652083 0 0.0208333 0
0 0.545833 0 0.0472222 0
0 0.147222 0 0.0194444 0
0 0.44375 0 0.0375 0
0 0.584028 0.5 0.0763889 1
0 0.822917 0 0.0236111 0
0 0.31875 0 0.0208333 0
0 0.652083 0 0.0208333 0
0 0.443056 0 0.0388889 0
0 0.545833 0 0.0472222 0
0 0.59375 0.5 0.106944 1
0 0.318056 0 0.0222222 0
0 0.147222 0 0.0194444 0
0 0.822917 0 0.0236111 0
0 0.652083 0 0.0208333 0
0 0.545139 0 0.0458333 0
0 0.443056 0 0.0388889 0
0 0.595139 0.5 0.106944 1
0 0.146528 0 0.0208333 0
0 0.822917 0 0.0236111 0
0 0.317361 0 0.0208333 0
0 0.652083 0 0.0208333 0
0 0.146528 0 0.0208333 0
0 0.545139 0 0.0458333 0
0 0.317361 0 0.0208333 0
0 0.822917 0 0.0236111 0
0 0.597222 0 0.0805556 0
0 0.652083 0 0.0208333 0
0 0.544444 0 0.0472222 0
0 0.822917 0 0.0236111 0
0 0.145139 0 0.0208333 0
0 0.315972 0 0.0208333 0
0 0.605556 0 0.0777778 0
0 0.652083 0 0.0208333 0
0 0.544444 0 0.0472222 0
0 0.145139 0 0.0208333 0
0 0.823611 0 0.0222222 0
0 0.315972 0 0.0208333 0
0 0.606944 0 0.0777778 0
0 0.652083 0 0.0208333 0
0 0.143056 0 0.0222222 0
0 0.824306 0 0.0236111 0
0 0.314583 0 0.0208333 0
0 0.609028 0 0.0847222 0
0 0.652083 0 0.0208333 0
0 0.824306 0 0.0236111 0
0 0.314583 0 0.0208333 0
0 0.613194 0.5 0.0902778 1
0 0.652083 0 0.0208333 0
0 0.543056 0 0.0472222 0
0 0.824306 0 0.0236111 0
0 0.314583 0 0.0208333 0
0 0.652083 0 0.0208333 0
0 0.614583 0 0.0847222 0
0 0.824306 0 0.0236111 0
0 0.313889 0 0.0194444 0
0 0.652083 0 0.0208333 0
0 0.616667 0 0.0888889 0
0 0.439583 0 0.0375 0
0 0.139583 0 0.0208333 0
0 0.824306 0 0.0236111 0
0 0.3125 0 0.0194444 0
0 0.652083 0 0.0208333 0
0 0.620833 0 0.0916667 0
0 0.439583 0 0.0402778 0
0 0.825 0 0.0194444 0
0 0.3125 0 0.0194444 0
0 0.652083 0 0.0180556 0
0 0.622917 0 0.0958333 0
0 0.524306 0 0.106944 0
0 0.438889 0 0.0388889 0
0 0.1375 0 0.0194444 0
0 0.825 0 0.0222222 0
0 0.311806 0 0.0208333 0
0 0.622917 0 0.0958333 0
0 0.1375 0 0.0194444 0
0 0.438194 0 0.0402778 0
0 0.825 0 0.0222222 0
0 0.311111 0 0.0222222 0
0 0.618056 0 0.1 0
0 0.438889 0 0.0388889 0
0 0.825694 0 0.0208333 0
0 0.136806 0 0.0208333 0
0 0.310417 0 0.0208333 0
0 0.610417 0 0.0986111 0
0 0.619444 0 0.0222222 0
0 0.135417 0 0.0208333 0
0 0.825694 0 0.0208333 0
0 0.309722 0 0.0222222 0
0 0.609028 0 0.106944 0
0 0.135417 0 0.0208333 0
0 0.826389 0 0.0222222 0
0 0.309722 0 0.0222222 0
0 0.602778 0 0.105556 0
0 0.678472 0 0.0347222 0
0 0.134722 0 0.0194444 0
0 0.653472 0 0.0180556 0
0 0.826389 0 0.0222222 0
0 0.597917 0 0.106944 0
0 0.309028 0 0.0208333 0
0 0.134028 0 0.0208333 0
0 0.826389 0 0.0222222 0
0 0.594444 0 0.108333 0
0 0.309028 0 0.0208333 0
0 0.134028 0 0.0208333 0
0 0.826389 0 0.0222222 0
0 0.591667 0 0.108333 0
0 0.309028 0 0.0208333 0
0 0.132639 0 0.0208333 0
0 0.586806 0 0.118056 0
0 0.307639 0 0.0208333 0
0 0.827083 0 0.0208333 0
0 0.132639 0 0.0208333 0
0 0.307639 0 0.0208333 0
0 0.584028 0 0.120833 0
0 0.827778 0 0.0222222 0
0 0.131944 0 0.0222222 0
0 0.827778 0 0.0222222 0
0 0.583333 0 0.122222 0
0 0.307639 0 0.0208333 0
0 0.828472 0 0.0208333 0
0 0.130556 0 0.0222222 0
0 0.58125 0 0.123611 0
0 0.306944 0 0.0194444 0
0 0.828472 0 0.0208333 0
0 0.130556 0 0.0222222 0
0 0.58125 0 0.123611 0
0 0.306944 0 0.0194444 0
0 0.129167 0 0.0222222 0
0 0.305556 0 0.0222222 0
0 0.582639 0 0.131944 0
0 0.305556 0 0.0222222 0
0 0.582639 0 0.131944 0
0 0.586806 0 0.1375 0
0 0.304167 0 0.0222222 0
0 0.596528 0 0.140278 0
0 0.304167 0 0.0222222 0
0 0.125694 0 0.0208333 0
0 0.303472 0 0.0236111 0
0 0.550694 0.5 0.0402778 1
0 0.125694 0 0.0208333 0
0 0.302778 0 0.0222222 0
0 0.124306 0 0.0208333 0
0 0.302083 0 0.0208333 0
0 0.123611 0 0.0194444 0
0 0.302083 0 0.0208333 0
0 0.559722 0.5 0.05 1
0 0.513889 0.5 0.0527778 1
0 0.122917 0 0.0208333 0
0 0.300694 0 0.0208333 0
0 0.504861 0 0.0652778 0
0 0.559028 0.5 0.0569444 1
0 0.122222 0 0.0222222 0
0 0.506944 0.5 0.0666667 1
0 0.5 0 0.0638889 0
0 0.614583 0.5 0.0625 1
0 0.559722 0.5 0.0694444 1
0 0.120833 0 0.0222222 0
0 0.507639 0.5 0.0680556 1
0 0.644444 1 0.0777778 0
0 0.51875 0.5 0.0791667 1
0 0.119444 0 0.0222222 0
0 0.58125 1 0.0763889 0
0 0.644444 1 0.0777778 0
0 0.51875 0.5 0.0791667 1
0 0.119444 0 0.0222222 0
0 0.58125 1 0.0763889 0
0 0.69375 1 0.0875 0
0 0.118056 0 0.0222222 0
0 0.544444 1 0.0916667 0
0 0.617361 1 0.0875 0
0 0.741667 1 0.102778 0
0 0.115972 0 0.0208333 0
0 0.832639 1 0.101389 0
0 0.571528 1 0.104167 0
0 0.604167 1 0.119444 0
0 0.113889 0 0.0194444 0
0 0.113194 0 0.0208333 0
0 0.111806 0 0.0208333 0
0 0.111806 0 0.0208333 0
0 0.110417 0 0.0208333 0
0 0.29375 0 0.0236111 0
0 0.484722 0 0.0638889 0
0 0.110417 0 0.0208333 0
0 0.532639 0 0.0513889 0
0 0.648611 0 0.0222222 0
0 0.483333 0 0.0583333 0
0 0.109722 0 0.0222222 0
0 0.532639 0 0.0513889 0
0 0.291667 0 0.0222222 0
0 0.648611 0 0.0222222 0
0 0.479861 0 0.0625 0
0 0.107639 0 0.0208333 0
0 0.532639 0 0.0513889 0
0 0.290972 0 0.0236111 0
0 0.647917 0 0.0236111 0
0 0.106944 0 0.0222222 0
0 0.289583 0 0.0208333 0
0 0.647917 0 0.0236111 0
0 0.829861 0 0.0236111 0
0 0.288194 0 0.0236111 0
0 0.647222 0 0.0222222 0
0 0.2875 0 0.0222222 0
0 0.83125 0 0.0236111 0
0 0.647222 0 0.0222222 0
0 0.102083 0 0.0208333 0
0 0.529167 0 0.05 0
0 0.2875 0 0.0222222 0
0 0.830556 0 0.0222222 0
0 0.647222 0 0.0222222 0
0 0.528472 0 0.0513889 0
0 0.286806 0 0.0208333 0
0 0.83125 0 0.0236111 0
0 0.645833 0 0.0222222 0
0 0.1 0 0.0222222 0
0 0.527778 0 0.0527778 0
0 0.83125 0 0.0236111 0
0 0.286111 0 0.0222222 0
0 0.645833 0 0.0222222 0
0 0.526389 0 0.05 0
0 0.0993056 0 0.0208333 0
0 0.829861 0 0.0236111 0
0 0.284722 0 0.0222222 0
0 0.645833 0 0.0222222 0
0 0.526389 0 0.0472222 0
0 0.0979167 0 0.0208333 0
0 0.830556 0 0.0222222 0
0 0.283333 0 0.0222222 0
0 0.645833 0 0.0222222 0
0 0.283333 0 0.0222222 0
0 0.830556 0 0.0222222 0
0 0.646528 0 0.0236111 0
0 0.525694 0 0.0486111 0
0 0.282639 0 0.0208333 0
0 0.830556 0 0.0222222 0
0 0.645139 0 0.0208333 0
0 0.525 0 0.0527778 0
0 0.280556 0 0.0222222 0
0 0.830556 0 0.0222222 0
0 0.645139 0 0.0208333 0
0 0.28125 0 0.0236111 0
0 0.525 0 0.0527778 0
0 0.83125 0 0.0236111 0
0 0.645139 0 0.0208333 0
0 0.830556 0 0.0222222 0
0 0.279861 0 0.0236111 0
0 0.644444 0 0.0222222 0
0 0.278472 0 0.0236111 0
0 0.830556 0 0.0222222 0
0 0.64375 0 0.0236111 0
0 0.659722 1 0.0222222 0
0 0.277083 0 0.0236111 0
0 0.522917 0 0.0513889 0
0 0.830556 0 0.0222222 0
0 0.64375 0 0.0236111 0
0 0.520833 0 0.0527778 0
0 0.275694 0 0.0236111 0
0 0.83125 0 0.0236111 0
0 0.643056 0 0.0222222 0
0 0.275694 0 0.0236111 0
0 0.83125 0 0.0236111 0
0 0.64375 0 0.0236111 0
0 0.83125 0 0.0236111 0
0 0.274306 0 0.0236111 0
0 0.642361 0 0.0236111 0
0 0.55 1 0.0111111 0
0 0.273611 0 0.0222222 0
0 0.830556 0 0.0222222 0
0 0.642361 0 0.0236111 0
0 0.554167 1 0.00833333 0
0 0.272222 0 0.0222222 0
0 0.721528 1 0.0236111 0
0 0.83125 0 0.0236111 0
0 0.51875 0 0.0513889 0
0 0.642361 0 0.0236111 0
0 0.475 0 0.0555556 0
0 0.518056 0 0.0527778 0
0 0.270833 0 0.025 0
0 0.596528 1 0.0125 0
0 0.83125 0 0.0236111 0
0 0.641667 0 0.0222222 0
0 0.51875 0 0.0513889 0
0 0.567361 1 0.00972222 0
0 0.83125 0 0.0236111 0
0 0.642361 0 0.0236111 0
0 0.26875 0 0.0236111 0
0 0.832639 0 0.0236111 0
0 0.642361 0 0.0236111 0
0 0.518056 0 0.0527778 0
0 0.833333 0 0.025 0
0 0.641667 0 0.0222222 0
0 0.516667 0 0.0527778 0
0 0.263889 0 0.025 0
0 0.672222 1 0.0194444 0
0 0.833333 0 0.025 0
0 0.641667 0 0.0222222 0
0 0.263194 0 0.0236111 0
0 0.834722 0 0.025 0
0 0.515972 0 0.0541667 0
0 0.641667 0 0.0222222 0
0 0.515278 0 0.0555556 0
0 0.834722 0 0.025 0
0 0.641667 0 0.0222222 0
0 0.515278 0 0.0555556 0
0 0.835417 0 0.0263889 0
0 0.260417 0 0.0236111 0
0 0.641667 0 0.0222222 0
0 0.515278 0 0.0555556 0
0 0.259722 0 0.025 0
0 0.579167 1 0.0111111 0
0 0.836111 0 0.025 0
0 0.642361 0 0.0236111 0
0 0.625 1 0.0166667 0
0 0.836806 0 0.0236111 0
0 0.642361 0 0.0236111 0
0 0.627778 1 0.0166667 0
0 0.5125 0 0.0583333 0
0 0.525694 1 0.00694444 0
0 0.548611 1 0.00833333 0
0 0.579861 1 0.0125 0
0 0.838889 0 0.025 0
0 0.642361 0 0.0236111 0
0 0.254167 0 0.025 0
0 0.549306 1 0.00972222 0
0 0.584028 1 0.0125 0
0 0.636111 1 0.0194444 0
0 0.840278 0 0.025 0
0 0.5125 0 0.0583333 0
0 0.642361 0 0.0236111 0
0 0.252778 0 0.025 0
0 0.841667 0 0.025 0
0 0.529167 1 0.00833333 0
0 0.5875 1 0.0138889 0
0 0.511806 0 0.0597222 0
0 0.642361 0 0.0236111 0
0 0.514583 1 0.00694444 0
0 0.843056 0 0.025 0
0 0.25 0 0.025 0
0 0.59375 1 0.0152778 0
0 0.511111 0 0.0583333 0
0 0.642361 0 0.0236111 0
0 0.536806 1 0.00972222 0
0 0.844444 0 0.025 0
0 0.509722 0 0.0583333 0
0 0.248611 0 0.025 0
0 0.643056 0 0.025 0
0 0.506944 1 0.00833333 0
0 0.247917 0 0.0236111 0
0 0.540972 1 0.00972222 0
0 0.509028 0 0.0597222 0
0 0.846528 0 0.0263889 0
0 0.644444 0 0.025 0
0 0.524306 1 0.00694444 0
0 0.508333 0 0.0611111 0
0 0.574306 1 0.0125 0
0 0.244444 0 0.025 0
0 0.848611 0 0.0277778 0
0 0.644444 0 0.025 0
0 0.545139 1 0.0125 0
0 0.624306 1 0.0180556 0
0 0.575 1 0.0138889 0
0 0.508333 0 0.0611111 0
0 0.240972 0 0.0263889 0
0 0.850694 0 0.0263889 0
0 0.645139 0 0.0236111 0
0 0.522917 1 0.00972222 0
0 0.544444 1 0.00833333 0
0 0.240972 0 0.0263889 0
0 0.626389 1 0.0194444 0
0 0.508333 0 0.0611111 0
0 0.851389 0 0.0277778 0
0 0.645139 0 0.0236111 0
0 0.63125 1 0.0180556 0
0 0.577083 1 0.0152778 0
0 0.2375 0 0.025 0
0 0.508333 0 0.0611111 0
0 0.543056 1 0.0111111 0
0 0.853472 0 0.0263889 0
0 0.645139 0 0.0236111 0
0 0.5 1 0.00833333 0
0 0.506944 0 0.0611111 0
0 0.235417 0 0.0263889 0
0 0.855556 0 0.025 0
0 0.636111 1 0.0222222 0
0 0.541667 1 0.0111111 0
0 0.645833 0 0.025 0
0 0.540278 1 0.0111111 0
0 0.498611 1 0.00833333 0
0 0.505556 0 0.075 0
0 0.234028 0 0.0263889 0
0 0.639583 1 0.0208333 0
0 0.85625 0 0.0263889 0
0 0.645833 0 0.025 0
0 0.642361 1 0.0375 0
0 0.23125 0 0.0263889 0
0 0.575694 1 0.0180556 0
0 0.5375 1 0.0138889 0
0 0.859028 0 0.0263889 0
0 0.505556 0 0.0722222 0
0 0.5125 1 0.0111111 0
0 0.494444 1 0.00833333 0
0 0.646528 0 0.0263889 0
0 0.861111 0 0.0277778 0
0 0.575 1 0.0194444 0
0 0.509722 1 0.0111111 0
0 0.227778 0 0.0277778 0
0 0.493056 1 0.00833333 0
0 0.536111 1 0.0138889 0
0 0.504861 0 0.0736111 0
0 0.647222 0 0.025 0
0 0.503472 0 0.0763889 0
0 0.507639 1 0.0125 0
0 0.574306 1 0.0180556 0
0 0.225 0 0.025 0
0 0.531944 1 0.0138889 0
0 0.863889 0 0.0277778 0
0 0.647917 0 0.0263889 0
0 0.504861 0 0.0625 0
0 0.222222 0 0.025 0
0 0.571528 1 0.0208333 0
0 0.529167 1 0.0166667 0
0 0.504167 1 0.0111111 0
0 0.865972 0 0.0291667 0
0 0.647917 0 0.0263889 0
0 0.502778 0 0.0694444 0
0 0.220139 0 0.0263889 0
0 0.570833 1 0.0222222 0
0 0.526389 1 0.0166667 0
0 0.869444 0 0.0277778 0
0 0.501389 1 0.0138889 0
0 0.649306 0 0.0263889 0
0 0.217361 0 0.0263889 0
0 0.525694 1 0.0180556 0
0 0.503472 0 0.0652778 0
0 0.870833 0 0.0277778 0
0 0.498611 1 0.0138889 0
0 0.572222 1 0.025 0
0 0.649306 0 0.0263889 0
0 0.725 0 0.00833333 0
0 0.524306 1 0.0180556 0
0 0.216667 0 0.0277778 0
0 0.502778 0 0.0722222 0
0 0.498611 1 0.0138889 0
0 0.871528 0 0.0291667 0
0 0.574306 1 0.0236111 0
0 0.650694 0 0.0263889 0
0 0.500694 0 0.0708333 0
0 0.873611 0 0.0277778 0
0 0.526389 1 0.0194444 0
0 0.496528 1 0.0152778 0
0 0.213889 0 0.0277778 0
0 0.58125 1 0.0263889 0
0 0.650694 0 0.0263889 0
0 0.876389 0 0.0305556 0
0 0.500694 0 0.0708333 0
0 0.495139 1 0.0152778 0
0 0.527083 1 0.0208333 0
0 0.210417 0 0.0263889 0
0 0.589583 1 0.0291667 0
0 0.651389 0 0.025 0
0 0.498611 0 0.0888889 0
0 0.444444 1 0.00833333 0
0 0.879167 0 0.0277778 0
0 0.528472 1 0.0208333 0
0 0.207639 0 0.0263889 0
0 0.6 1 0.0333333 0
0 0.652083 0 0.0263889 0
0 0.449306 1 0.00972222 0
0 0.884028 0 0.0291667 0
0 0.526389 1 0.025 0
0 0.499306 0 0.0708333 0
0 0.490278 1 0.0194444 0
0 0.202778 0 0.0277778 0
0 0.604861 1 0.0402778 0
0 0.653472 0 0.0263889 0
0 0.442361 0.5 0.00694444 1
0 0.486806 1 0.0152778 0
0 0.523611 1 0.025 0
0 0.498611 0 0.0694444 0
0 0.884722 0 0.0305556 0
0 0.200694 0 0.0291667 0
0 0.60625 1 0.0458333 0
0 0.653472 0 0.0263889 0
0 0.4625 1 0.0166667 0
0 0.452083 1 0.0125 0
0 0.197917 0 0.0263889 0
0 0.888889 0 0.0305556 0
0 0.497917 0 0.0708333 0
0 0.5125 1 0.0305556 0
0 0.654167 0 0.0277778 0
0 0.603472 1 0.0541667 0
0 0.473611 1 0.0222222 0
0 0.457639 1 0.0152778 0
0 0.195833 0 0.0277778 0
0 0.890278 0 0.0305556 0
0 0.497222 0 0.0722222 0
0 0.6 1 0.0611111 0
0 0.505556 1 0.0305556 0
0 0.655556 0 0.0277778 0
0 0.192361 0 0.0291667 0
0 0.893056 0 0.0305556 0
0 0.479167 1 0.0361111 0
0 0.495833 0 0.0722222 0
0 0.575 1 0.0888889 0
0 0.65625 0 0.0263889 0
0 0.895833 0 0.0305556 0
0 0.1875 0 0.0277778 0
0 0.449306 1 0.0402778 0
0 0.526389 1 0.119444 0
0 0.495833 0 0.075 0
0 0.65625 0 0.0263889 0
0 0.429167 1 0.0416667 0
0 0.897222 0 0.0305556 0
0 0.186806 0 0.0291667 0
0 0.4875 1 0.144444 0
0 0.495833 0 0.0722222 0
0 0.656944 0 0.0277778 0
0 0.182639 0 0.0291667 0
0 0.901389 0 0.0333333 0
0 0.495139 0 0.0763889 0
0 0.657639 0 0.0263889 0
0 0.903472 0 0.0319444 0
0 0.658333 0 0.0277778 0
0 0.254861 0 0.0736111 0
0 0.904861 0 0.0319444 0
0 0.659722 0 0.0277778 0
0 0.166667 0 0.0972222 0
0 0.908333 0 0.0333333 0
0 0.491667 0 0.0777778 0
0 0.660417 0 0.0291667 0
0 0.909028 0 0.0347222 0
0 0.172222 0 0.0277778 0
0 0.308333 0 0.0388889 0
0 0.491667 0 0.0777778 0
0 0.659722 0 0.0277778 0
0 0.910417 0 0.0347222 0
0 0.170833 0 0.0305556 0
0 0.491667 0 0.0777778 0
0 0.302778 0 0.0416667 0
0 0.660417 0 0.0291667 0
0 0.9125 0 0.0333333 0
0 0.166667 0 0.0305556 0
0 0.490278 0 0.0805556 0
0 0.272917 0 0.0486111 0
0 0.661111 0 0.0305556 0
0 0.313194 0 0.0319444 0
0 0.163194 0 0.0319444 0
0 0.916667 0 0.0333333 0
0 0.488889 0 0.0805556 0
0 0.661806 0 0.0291667 0
0 0.160417 0 0.0319444 0
0 0.919444 0 0.0361111 0
0 0.273611 0 0.0305556 0
0 0.488194 0 0.0819444 0
0 0.663194 0 0.0291667 0
0 0.4875 0 0.0833333 0
0 0.159028 0 0.0319444 0
0 0.920833 0 0.0333333 0
0 0.252778 0 0.0333333 0
0 0.663194 0 0.0291667 0
0 0.923611 0 0.0333333 0
0 0.155556 0 0.0305556 0
0 0.488194 0 0.0847222 0
0 0.197917 0 0.0375 0
0 0.663889 0 0.0305556 0
0 0.927778 0 0.0361111 0
0 0.4875 0 0.0888889 0
0 0.664583 0 0.0319444 0
0 0.929167 0 0.0333333 0
0 0.486111 0 0.0888889 0
0 0.665278 0 0.0305556 0
0 0.931944 0 0.0361111 0
0 0.485417 0 0.0875 0
0 0.666667 0 0.0305556 0
0 0.934722 0 0.0361111 0
0 0.483333 0 0.0888889 0
0 0.666667 0 0.0305556 0
0 0.938889 0 0.0361111 0
0 0.481944 0 0.0916667 0
0 0.668056 0 0.0305556 0
0 0.48125 0 0.0930556 0
0 0.66875 0 0.0319444 0
0 0.94375 0 0.0347222 0
0 0.480556 0 0.0944444 0
0 0.669444 0 0.0305556 0
0 0.478472 0 0.0958333 0
0 0.670833 0 0.0305556 0
0 0.477083 0 0.0958333 0
0 0.671528 0 0.0319444 0
0 0.473611 0 0.0972222 0
0 0.670833 0 0.0333333 0
0 0.959028 0 0.0375 0
0 0.475694 0 0.101389 0
0 0.672222 0 0.0333333 0
0 0.475 0 0.102778 0
0 0.672917 0 0.0347222 0
0 0.966667 0 0.0416667 0
0 0.104167 0 0.0305556 0
0 0.675 0 0.0361111 0
0 0.474306 0 0.104167 0
0 0.675 0 0.0361111 0
0 0.676389 0 0.0361111 0
0 0.975694 0 0.0402778 0
0 0.677083 0 0.0347222 0
0 0.297222 0 0.0166667 0
0 0.678472 0 0.0347222 0
0 0.980556 0 0.0361111 0
0 0.29375 0 0.0152778 0
0 0.679167 0 0.0361111 0
0 0.290972 0 0.0180556 0
0 0.984722 0 0.0305556 0
0 0.679861 0 0.0347222 0
0 0.284722 0 0.0194444 0
0 0.9875 0 0.0222222 0
0 0.680556 0 0.0333333 0
0 0.988194 0 0.0208333 0
0 0.681944 0 0.0361111 0
0 0.989583 0 0.0208333 0
0 0.684722 0 0.0388889 0
0 0.990972 0 0.0180556 0
0 0.686111 0 0.0388889 0
0 0.686111 0 0.0388889 0
0 0.996528 0 0.00694444 0
0 0.688889 0 0.0388889 0
0 0.0229167 0 0.0458333 0
0 0.688194 0 0.0402778 0
0 0.690972 0 0.0375 0
0 0.2375 0 0.0222222 0
0 0.691667 0 0.0388889 0
0 0.69375 0 0.0402778 0
0 0.695833 0 0.0416667 0
0 0.0118056 0 0.0208333 0
0 0.696528 0 0.0430556 0
0 0.00972222 0 0.0166667 0
0 0.202778 0 0.0222222 0
0 0.696528 0 0.0430556 0
0 0.00763889 0 0.0125 0
0 0.697222 0 0.0416667 0
0 0.698611 0 0.0416667 0
0 0.18125 0 0.0236111 0
0 0.7 0 0.0416667 0
0 0.179861 0 0.0263889 0
0 0.7 0 0.0416667 0
0 0.702778 0 0.0416667 0
0 0.702778 0 0.0416667 0
0 0.705556 0 0.0416667 0
0 0.707639 0 0.0430556 0
0 0.707639 0 0.0430556 0
0 0.709028 0 0.0486111 0
0 0.710417 0 0.0458333 0
0 0.713194 0 0.0458333 0
0 0.714583 0 0.0486111 0
0 0.715972 0 0.0458333 0
0 0.716667 0 0.05 0
0 0.718056 0 0.0527778 0
0 0.71875 0 0.0513889 0
0 0.719444 0 0.0361111 0
0 0.720833 0 0.0388889 0
0 0.483333 0 0.0638889 0
