0 0.567361 0 0.00972222 0
0 0.443056 0 0.0277778 0
0 0.567361 0 0.00972222 0
0 0.443056 0 0.0277778 0
0 0.567361 0 0.00972222 0
0 0.443056 0 0.0277778 0
0 0.567361 0 0.00972222 0
0 0.443056 0 0.0277778 0
0 0.443056 0 0.0277778 0
0 0.567361 0 0.00972222 0
0 0.443056 0 0.0277778 0
0 0.443056 0 0.0277778 0
0 0.567361 0 0.00972222 0
0 0.44375 0 0.0263889 0
0 0.567361 0 0.00972222 0
0 0.443056 0 0.0277778 0
0 0.567361 0 0.00972222 0
0 0.443056 0 0.0277778 0
0 0.567361 0 0.00972222 0
0 0.443056 0 0.0277778 0
0 0.567361 0 0.00972222 0
0 0.443056 0 0.0277778 0
0 0.567361 0 0.00972222 0
0 0.443056 0 0.0277778 0
0 0.443056 0 0.0277778 0
0 0.567361 0 0.00972222 0
0 0.443056 0 0.0277778 0
0 0.443056 0 0.0277778 0
0 0.567361 0 0.00972222 0
0 0.44375 0 0.0263889 0
0 0.567361 0 0.00972222 0
0 0.443056 0 0.0277778 0
0 0.567361 0 0.00972222 0
0 0.443056 0 0.0277778 0
0 0.567361 0 0.00972222 0
0 0.443056 0 0.0277778 0
0 0.567361 0 0.00972222 0
0 0.443056 0 0.0277778 0
0 0.567361 0 0.00972222 0
0 0.443056 0 0.0277778 0
0 0.443056 0 0.0277778 0
0 0.567361 0 0.00972222 0
0 0.443056 0 0.0277778 0
0 0.443056 0 0.0277778 0
0 0.567361 0 0.00972222 0
0 0.44375 0 0.0263889 0
0 0.567361 0 0.00972222 0
0 0.443056 0 0.0277778 0
0 0.567361 0 0.00972222 0
0 0.44375 0 0.0263889 0
0 0.567361 0 0.00972222 0
0 0.443056 0 0.0277778 0
0 0.567361 0 0.00972222 0
0 0.443056 0 0.0277778 0
0 0.567361 0 0.00972222 0
0 0.443056 0 0.0277778 0
0 0.443056 0 0.0277778 0
0 0.567361 0 0.00972222 0
0 0.443056 0 0.0277778 0
0 0.443056 0 0.0277778 0
0 0.567361 0 0.00972222 0
0 0.443056 0 0.0277778 0
0 0.567361 0 0.00972222 0
0 0.443056 0 0.0277778 0
0 0.567361 0 0.00972222 0
0 0.44375 0 0.0263889 0
0 0.567361 0 0.00972222 0
0 0.443056 0 0.0277778 0
0 0.567361 0 0.00972222 0
0 0.443056 0 0.0277778 0
0 0.567361 0 0.00972222 0
0 0.443056 0 0.0277778 0
0 0.443056 0 0.0277778 0
0 0.567361 0 0.00972222 0
0 0.443056 0 0.0277778 0
0 0.443056 0 0.0277778 0
0 0.567361 0 0.00972222 0
0 0.443056 0 0.0277778 0
0 0.567361 0 0.00972222 0
0 0.443056 0 0.0277778 0
0 0.567361 0 0.00972222 0
0 0.44375 0 0.0263889 0
0 0.443056 0 0.0277778 0
0 0.567361 0 0.00972222 0
0 0.443056 0 0.0277778 0
0 0.567361 0 0.00972222 0
0 0.443056 0 0.0277778 0
0 0.443056 0 0.0277778 0
0 0.443056 0 0.0277778 0
0 0.567361 0 0.00972222 0
0 0.443056 0 0.0277778 0
0 0.567361 0 0.00972222 0
0 0.44375 0 0.0263889 0
0 0.443056 0 0.0277778 0
0 0.567361 0 0.00972222 0
0 0.443056 0 0.0277778 0
0 0.567361 0 0.00972222 0
0 0.443056 0 0.0277778 0
0 0.443056 0 0.0277778 0
0 0.443056 0 0.0277778 0
0 0.567361 0 0.00972222 0
0 0.443056 0 0.0277778 0
0 0.567361 0 0.00972222 0
0 0.44375 0 0.0263889 0
0 0.443056 0 0.0277778 0
0 0.443056 0 0.0277778 0
0 0.567361 0 0.00972222 0
0 0.443056 0 0.0277778 0
0 0.443056 0 0.0277778 0
0 0.443056 0 0.0277778 0
0 0.443056 0 0.0277778 0
0 0.44375 0 0.0263889 0
0 0.443056 0 0.0277778 0
0 0.443056 0 0.0277778 0
0 0.443056 0 0.0277778 0
0 0.44375 0 0.0263889 0
0 0.567361 0 0.00972222 0
0 0.443056 0 0.0277778 0
0 0.44375 0 0.0263889 0
0 0.443056 0 0.0277778 0
0 0.567361 0 0.00972222 0
0 0.443056 0 0.0277778 0
0 0.44375 0 0.0263889 0
0 0.567361 0 0.00972222 0
0 0.443056 0 0.0277778 0
0 0.443056 0 0.0277778 0
0 0.44375 0 0.0263889 0
0 0.567361 0 0.00972222 0
0 0.443056 0 0.0277778 0
0 0.44375 0 0.0263889 0
0 0.44375 0 0.0263889 0
0 0.567361 0 0.00972222 0
0 0.44375 0 0.0263889 0
0 0.567361 0 0.00972222 0
0 0.44375 0 0.0263889 0
0 0.44375 0 0.0263889 0
0 0.567361 0 0.00972222 0
0 0.44375 0 0.0263889 0
0 0.567361 0 0.00972222 0
0 0.44375 0 0.0263889 0
0 0.567361 0 0.00972222 0
0 0.44375 0 0.0263889 0
0 0.567361 0 0.00972222 0
0 0.44375 0 0.0263889 0
0 0.567361 0 0.00972222 0
0 0.44375 0 0.0263889 0
0 0.567361 0 0.00972222 0
0 0.44375 0 0.0263889 0
0 0.567361 0 0.00972222 0
0 0.44375 0 0.0263889 0
0 0.44375 0 0.0263889 0
0 0.567361 0 0.00972222 0
0 0.44375 0 0.0263889 0
0 0.44375 0 0.0263889 0
0 0.567361 0 0.00972222 0
0 0.44375 0 0.0263889 0
0 0.44375 0 0.0263889 0
0 0.567361 0 0.00972222 0
0 0.44375 0 0.0263889 0
0 0.44375 0 0.0263889 0
0 0.568056 0 0.0111111 0
0 0.44375 0 0.0263889 0
0 0.567361 0 0.00972222 0
0 0.44375 0 0.0263889 0
0 0.567361 0 0.00972222 0
0 0.44375 0 0.0263889 0
0 0.567361 0 0.00972222 0
0 0.44375 0 0.0263889 0
0 0.44375 0 0.0263889 0
0 0.44375 0 0.0263889 0
0 0.44375 0 0.0263889 0
0 0.567361 0 0.00972222 0
0 0.44375 0 0.0263889 0
0 0.44375 0 0.0263889 0
0 0.44375 0 0.0263889 0
0 0.44375 0 0.0263889 0
0 0.44375 0 0.0263889 0
0 0.44375 0 0.0263889 0
0 0.567361 0 0.00972222 0
0 0.44375 0 0.0263889 0
0 0.567361 0 0.00972222 0
0 0.44375 0 0.0263889 0
0 0.44375 0 0.0263889 0
0 0.44375 0 0.0263889 0
0 0.44375 0 0.0263889 0
0 0.567361 0 0.00972222 0
0 0.44375 0 0.0263889 0
0 0.567361 0 0.00972222 0
0 0.44375 0 0.0263889 0
0 0.567361 0 0.00972222 0
0 0.44375 0 0.0263889 0
0 0.567361 0 0.00972222 0
0 0.44375 0 0.0263889 0
0 0.567361 0 0.00972222 0
0 0.44375 0 0.0263889 0
0 0.567361 0 0.00972222 0
0 0.44375 0 0.0263889 0
0 0.567361 0 0.00972222 0
0 0.44375 0 0.0263889 0
0 0.44375 0 0.0263889 0
0 0.44375 0 0.0263889 0
0 0.567361 0 0.00972222 0
0 0.44375 0 0.0263889 0
0 0.567361 0 0.00972222 0
0 0.44375 0 0.0263889 0
0 0.567361 0 0.00972222 0
0 0.44375 0 0.0263889 0
0 0.567361 0 0.00972222 0
0 0.44375 0 0.0263889 0
0 0.567361 0 0.00972222 0
0 0.44375 0 0.0263889 0
0 0.567361 0 0.00972222 0
0 0.44375 0 0.0263889 0
0 0.567361 0 0.00972222 0
0 0.44375 0 0.0263889 0
0 0.567361 0 0.00972222 0
0 0.44375 0 0.0263889 0
0 0.567361 0 0.00972222 0
0 0.44375 0 0.0263889 0
0 0.567361 0 0.00972222 0
0 0.44375 0 0.0263889 0
0 0.567361 0 0.00972222 0
0 0.44375 0 0.0263889 0
0 0.567361 0 0.00972222 0
0 0.44375 0 0.0263889 0
0 0.567361 0 0.00972222 0
0 0.44375 0 0.0263889 0
0 0.567361 0 0.00972222 0
0 0.44375 0 0.0263889 0
0 0.567361 0 0.00972222 0
0 0.44375 0 0.0263889 0
0 0.567361 0 0.00972222 0
0 0.44375 0 0.0263889 0
0 0.567361 0 0.00972222 0
0 0.44375 0 0.0263889 0
0 0.567361 0 0.00972222 0
0 0.44375 0 0.0263889 0
0 0.44375 0 0.0263889 0
0 0.567361 0 0.00972222 0
0 0.44375 0 0.0263889 0
0 0.567361 0 0.00972222 0
0 0.44375 0 0.0263889 0
0 0.44375 0 0.0263889 0
0 0.567361 0 0.00972222 0
0 0.44375 0 0.0263889 0
0 0.567361 0 0.00972222 0
0 0.44375 0 0.0263889 0
0 0.567361 0 0.00972222 0
0 0.44375 0 0.0263889 0
0 0.567361 0 0.00972222 0
0 0.44375 0 0.0263889 0
0 0.44375 0 0.0263889 0
0 0.44375 0 0.0263889 0
0 0.567361 0 0.00972222 0
0 0.44375 0 0.0263889 0
0 0.567361 0 0.00972222 0
0 0.44375 0 0.0263889 0
0 0.44375 0 0.0263889 0
0 0.567361 0 0.00972222 0
0 0.44375 0 0.0263889 0
0 0.567361 0 0.00972222 0
0 0.44375 0 0.0263889 0
0 0.567361 0 0.00972222 0
0 0.44375 0 0.0263889 0
0 0.567361 0 0.00972222 0
0 0.44375 0 0.0263889 0
0 0.44375 0 0.0263889 0
0 0.44375 0 0.0263889 0
0 0.44375 0 0.0263889 0
0 0.44375 0 0.0263889 0
0 0.44375 0 0.0263889 0
0 0.44375 0 0.0263889 0
0 0.567361 0 0.00972222 0
0 0.44375 0 0.0263889 0
0 0.44375 0 0.0263889 0
0 0.567361 0 0.00972222 0
0 0.44375 0 0.0263889 0
0 0.567361 0 0.00972222 0
0 0.44375 0 0.0263889 0
0 0.567361 0 0.00972222 0
0 0.44375 0 0.0263889 0
0 0.567361 0 0.00972222 0
0 0.44375 0 0.0263889 0
0 0.567361 0 0.00972222 0
0 0.44375 0 0.0263889 0
0 0.567361 0 0.00972222 0
0 0.44375 0 0.0263889 0
0 0.44375 0 0.0263889 0
0 0.44375 0 0.0263889 0
0 0.44375 0 0.0263889 0
0 0.567361 0 0.00972222 0
0 0.44375 0 0.0263889 0
0 0.567361 0 0.00972222 0
0 0.44375 0 0.0263889 0
0 0.44375 0 0.0263889 0
0 0.44375 0 0.0263889 0
0 0.445139 0 0.0263889 0
0 0.445139 0 0.0263889 0
0 0.445833 0 0.0277778 0
0 0.567361 0 0.00972222 0
0 0.502778 0 0.0333333 0
0 0.447222 0 0.0277778 0
0 0.502778 0 0.0333333 0
0 0.447222 0 0.0277778 0
0 0.502778 0 0.0333333 0
0 0.447222 0 0.0277778 0
0 0.447917 0 0.0263889 0
0 0.568056 0 0.0111111 0
0 0.448611 0 0.0277778 0
0 0.448611 0 0.0277778 0
0 0.448611 0 0.0277778 0
0 0.45 0 0.025 0
0 0.45 0 0.025 0
0 0.450694 0 0.0263889 0
0 0.450694 0 0.0263889 0
0 0.452083 0 0.0263889 0
0 0.452083 0 0.0263889 0
0 0.452778 0 0.025 0
0 0.453472 0 0.0263889 0
0 0.453472 0 0.0263889 0
0 0.453472 0 0.0263889 0
0 0.454167 0 0.0277778 0
0 0.454167 0 0.0277778 0
0 0.454861 0 0.0263889 0
0 0.454861 0 0.0263889 0
0 0.455556 0 0.0277778 0
0 0.455556 0 0.025 0
0 0.455556 0 0.025 0
0 0.45625 0 0.0263889 0
0 0.455556 0 0.025 0
0 0.571528 0 0.00972222 0
0 0.45625 0 0.0263889 0
0 0.45625 0 0.0263889 0
0 0.508333 0 0.0333333 0
0 0.45625 0 0.0263889 0
0 0.508333 0 0.0333333 0
0 0.45625 0 0.0263889 0
0 0.45625 0 0.0263889 0
0 0.45625 0 0.0263889 0
0 0.45625 0 0.0263889 0
0 0.45625 0 0.0263889 0
0 0.572917 0 0.00972222 0
0 0.45625 0 0.0263889 0
0 0.45625 0 0.0263889 0
0 0.45625 0 0.0263889 0
0 0.575694 0 0.0125 0
0 0.455556 0 0.0277778 0
0 0.455556 0 0.0277778 0
0 0.455556 0 0.0277778 0
0 0.45625 0 0.0291667 0
0 0.45625 0 0.0291667 0
0 0.45625 0 0.0291667 0
0 0.455556 0 0.0277778 0
0 0.576389 0 0.0111111 0
0 0.454861 0 0.0291667 0
0 0.577083 0 0.00972222 0
0 0.455556 0 0.0305556 0
0 0.577083 0 0.00972222 0
0 0.454861 0 0.0291667 0
0 0.577778 0 0.0111111 0
0 0.454861 0 0.0291667 0
0 0.577778 0 0.0111111 0
0 0.454167 0 0.0305556 0
0 0.577778 0 0.0111111 0
0 0.454167 0 0.0305556 0
0 0.510417 0 0.0347222 0
0 0.454167 0 0.0305556 0
0 0.453472 0 0.0319444 0
0 0.511111 0 0.0361111 0
0 0.453472 0 0.0319444 0
0 0.453472 0 0.0319444 0
0 0.452778 0 0.0305556 0
0 0.452778 0 0.0305556 0
0 0.452778 0 0.0305556 0
0 0.452083 0 0.0319444 0
0 0.452083 0 0.0319444 0
0 0.580556 0 0.0111111 0
0 0.452083 0 0.0319444 0
0 0.58125 0 0.0125 0
0 0.451389 0 0.0333333 0
0 0.450694 0 0.0319444 0
0 0.450694 0 0.0319444 0
0 0.450694 0 0.0319444 0
0 0.450694 0 0.0319444 0
0 0.451389 0 0.0333333 0
0 0.58125 0 0.0125 0
0 0.450694 0 0.0319444 0
0 0.58125 0 0.0125 0
0 0.5125 0 0.0361111 0
0 0.450694 0 0.0319444 0
0 0.58125 0 0.0125 0
0 0.450694 0 0.0319444 0
0 0.375694 0 0.0125 0
0 0.58125 0 0.0125 0
0 0.449306 0 0.0319444 0
0 0.375694 0 0.0125 0
0 0.581944 0 0.0138889 0
0 0.448611 0 0.0333333 0
0 0.581944 0 0.0138889 0
0 0.448611 0 0.0333333 0
0 0.581944 0 0.0138889 0
0 0.448611 0 0.0333333 0
0 0.581944 0 0.0138889 0
0 0.448611 0 0.0333333 0
0 0.581944 0 0.0138889 0
0 0.447917 0 0.0347222 0
0 0.581944 0 0.0138889 0
0 0.447917 0 0.0347222 0
0 0.447222 0 0.0333333 0
0 0.447222 0 0.0333333 0
0 0.446528 0 0.0347222 0
0 0.446528 0 0.0347222 0
0 0.446528 0 0.0347222 0
0 0.444444 0 0.0333333 0
0 0.583333 0 0.0138889 0
0 0.444444 0 0.0333333 0
0 0.44375 0 0.0347222 0
0 0.583333 0 0.0138889 0
0 0.443056 0 0.0361111 0
0 0.443056 0 0.0361111 0
0 0.584028 0 0.0125 0
0 0.441667 0 0.0361111 0
0 0.584028 0 0.0125 0
0 0.441667 0 0.0361111 0
0 0.584028 0 0.0125 0
0 0.441667 0 0.0361111 0
0 0.584722 0 0.0111111 0
0 0.440278 0 0.0361111 0
0 0.368056 0 0.0138889 0
0 0.585417 0 0.0125 0
0 0.440278 0 0.0388889 0
0 0.585417 0 0.0125 0
0 0.440278 0 0.0388889 0
0 0.585417 0 0.0125 0
0 0.440278 0 0.0388889 0
0 0.438889 0 0.0388889 0
0 0.438889 0 0.0388889 0
0 0.486111 0 0.0416667 0
0 0.4375 0 0.0444444 0
0 0.486111 0 0.0416667 0
0 0.436806 0 0.0430556 0
0 0.700694 0 0.0125 0
0 0.5875 0 0.0138889 0
0 0.435417 0 0.0375 0
0 0.486111 0 0.0444444 0
0 0.5875 0 0.0138889 0
0 0.435417 0 0.0402778 0
0 0.5875 0 0.0138889 0
0 0.702083 0 0.0125 0
0 0.435417 0 0.0402778 0
0 0.702083 0 0.0125 0
0 0.5875 0 0.0138889 0
0 0.435417 0 0.0402778 0
0 0.588194 0 0.0152778 0
0 0.434028 0 0.0430556 0
0 0.588194 0 0.0125 0
0 0.432639 0 0.0430556 0
0 0.588194 0 0.0125 0
0 0.431944 0 0.0416667 0
0 0.588889 0 0.0138889 0
0 0.431944 0 0.0416667 0
0 0.360417 0 0.0152778 0
0 0.589583 0 0.0152778 0
0 0.430556 0 0.0416667 0
0 0.706944 0 0.0138889 0
0 0.590278 0 0.0138889 0
0 0.430556 0 0.0444444 0
0 0.707639 0 0.0152778 0
0 0.589583 0 0.0125 0
0 0.429167 0 0.0444444 0
0 0.429861 0 0.0430556 0
0 0.590278 0 0.0138889 0
0 0.429167 0 0.0444444 0
0 0.590278 0 0.0138889 0
0 0.429167 0 0.0444444 0
0 0.589583 0 0.0152778 0
0 0.428472 0 0.0458333 0
0 0.589583 0 0.0152778 0
0 0.428472 0 0.0458333 0
0 0.591667 0 0.0138889 0
0 0.427083 0 0.0458333 0
0 0.591667 0 0.0138889 0
0 0.427083 0 0.0458333 0
0 0.711111 0 0.0138889 0
0 0.483333 0 0.0444444 0
0 0.591667 0 0.0138889 0
0 0.426389 0 0.0472222 0
0 0.711806 0 0.0125 0
0 0.592361 0 0.0152778 0
0 0.481944 0 0.0444444 0
0 0.425 0 0.0472222 0
0 0.483333 0 0.0472222 0
0 0.424306 0 0.0541667 0
0 0.592361 0 0.0125 0
0 0.482639 0 0.0430556 0
0 0.713194 0 0.0152778 0
0 0.425 0 0.05 0
0 0.592361 0 0.0152778 0
0 0.424306 0 0.0486111 0
0 0.481944 0 0.0444444 0
0 0.59375 0 0.0152778 0
0 0.422917 0 0.0513889 0
0 0.483333 0 0.0472222 0
0 0.593056 0 0.0138889 0
0 0.421528 0 0.0486111 0
0 0.483333 0 0.0472222 0
0 0.593056 0 0.0138889 0
0 0.421528 0 0.0486111 0
0 0.715278 0 0.0138889 0
0 0.59375 0 0.0125 0
0 0.421528 0 0.0513889 0
0 0.484028 0 0.0458333 0
0 0.716667 0 0.0138889 0
0 0.59375 0 0.0152778 0
0 0.420833 0 0.05 0
0 0.594444 0 0.0138889 0
0 0.420833 0 0.05 0
0 0.595139 0 0.0152778 0
0 0.419444 0 0.05 0
0 0.595139 0 0.0152778 0
0 0.71875 0 0.0152778 0
0 0.419444 0 0.05 0
0 0.481944 0 0.0472222 0
0 0.719444 0 0.0138889 0
0 0.595833 0 0.0166667 0
0 0.419444 0 0.05 0
0 0.483333 0 0.0527778 0
0 0.595833 0 0.0166667 0
0 0.41875 0 0.0513889 0
0 0.352083 0 0.0152778 0
0 0.720833 0 0.0166667 0
0 0.596528 0 0.0152778 0
0 0.418056 0 0.0527778 0
0 0.482639 0 0.0513889 0
0 0.352083 0 0.0152778 0
0 0.596528 0 0.0152778 0
0 0.418056 0 0.0527778 0
0 0.483333 0 0.0527778 0
0 0.352083 0 0.0152778 0
0 0.596528 0 0.0152778 0
0 0.721528 0 0.0152778 0
0 0.417361 0 0.0513889 0
0 0.721528 0 0.0152778 0
0 0.483333 0 0.05 0
0 0.596528 0 0.0180556 0
0 0.351389 0 0.0138889 0
0 0.416667 0 0.0527778 0
0 0.596528 0 0.0180556 0
0 0.481944 0 0.05 0
0 0.721528 0 0.0152778 0
0 0.417361 0 0.0541667 0
0 0.722917 0 0.0152778 0
0 0.482639 0 0.0486111 0
0 0.597917 0 0.0180556 0
0 0.415278 0 0.0555556 0
0 0.48125 0 0.0486111 0
0 0.723611 0 0.0138889 0
0 0.597917 0 0.0152778 0
0 0.414583 0 0.0569444 0
0 0.725 0 0.0138889 0
0 0.483333 0 0.0527778 0
0 0.597917 0 0.0152778 0
0 0.413889 0 0.0583333 0
0 0.481944 0 0.05 0
0 0.598611 0 0.0166667 0
0 0.725694 0 0.0152778 0
0 0.413194 0 0.0569444 0
0 0.726389 0 0.0138889 0
0 0.48125 0 0.0513889 0
0 0.597917 0 0.0152778 0
0 0.411806 0 0.0569444 0
0 0.483333 0 0.05 0
0 0.726389 0 0.0138889 0
0 0.598611 0 0.0138889 0
0 0.411806 0 0.0597222 0
0 0.727083 0 0.0152778 0
0 0.599306 0 0.0152778 0
0 0.410417 0 0.0569444 0
0 0.632639 0 0.0291667 0
0 0.727778 0 0.0166667 0
0 0.599306 0 0.0152778 0
0 0.410417 0 0.0569444 0
0 0.480556 0 0.0527778 0
0 0.729167 0 0.0166667 0
0 0.6 0 0.0138889 0
0 0.408333 0 0.0583333 0
0 0.632639 0 0.0319444 0
0 0.600694 0 0.0152778 0
0 0.408333 0 0.0583333 0
0 0.632639 0 0.0319444 0
0 0.600694 0 0.0152778 0
0 0.406944 0 0.0583333 0
0 0.601389 0 0.0166667 0
0 0.40625 0 0.0597222 0
0 0.514583 0 0.0347222 0
0 0.345833 0 0.0166667 0
0 0.480556 0 0.0527778 0
0 0.732639 0 0.0152778 0
0 0.602083 0 0.0152778 0
0 0.405556 0 0.0611111 0
0 0.732639 0 0.0152778 0
0 0.602083 0 0.0152778 0
0 0.402778 0 0.0611111 0
0 0.732639 0 0.0152778 0
0 0.602083 0 0.0152778 0
0 0.402083 0 0.0625 0
0 0.344444 0 0.0166667 0
0 0.733333 0 0.0166667 0
0 0.602083 0 0.0152778 0
0 0.402083 0 0.0625 0
0 0.734028 0 0.0180556 0
0 0.602778 0 0.0166667 0
0 0.402083 0 0.0625 0
0 0.734722 0 0.0166667 0
0 0.602778 0 0.0166667 0
0 0.401389 0 0.0666667 0
0 0.448611 0 0.0472222 0
0 0.734722 0 0.0166667 0
0 0.603472 0 0.0180556 0
0 0.400694 0 0.0680556 0
0 0.604167 0 0.0166667 0
0 0.399306 0 0.0652778 0
0 0.736806 0 0.0152778 0
0 0.604167 0 0.0166667 0
0 0.4 0 0.0666667 0
0 0.738194 0 0.0152778 0
0 0.604167 0 0.0166667 0
0 0.399306 0 0.0680556 0
0 0.738194 0 0.0152778 0
0 0.604167 0 0.0166667 0
0 0.398611 0 0.0666667 0
0 0.738889 0 0.0166667 0
0 0.604861 0 0.0152778 0
0 0.397222 0 0.0694444 0
0 0.738889 0 0.0166667 0
0 0.605556 0 0.0166667 0
0 0.397222 0 0.0694444 0
0 0.738889 0 0.0166667 0
0 0.605556 0 0.0166667 0
0 0.395833 0 0.0722222 0
0 0.740278 0 0.0166667 0
0 0.605556 0 0.0166667 0
0 0.395139 0 0.0736111 0
0 0.740972 0 0.0180556 0
0 0.605556 0 0.0166667 0
0 0.394444 0 0.0722222 0
0 0.605556 0 0.0166667 0
0 0.394444 0 0.0722222 0
0 0.742361 0 0.0180556 0
0 0.60625 0 0.0180556 0
0 0.393056 0 0.0722222 0
0 0.742361 0 0.0180556 0
0 0.60625 0 0.0152778 0
0 0.391667 0 0.0722222 0
0 0.743056 0 0.0166667 0
0 0.60625 0 0.0152778 0
0 0.391667 0 0.075 0
0 0.338889 0 0.0166667 0
0 0.74375 0 0.0152778 0
0 0.60625 0 0.0152778 0
0 0.390972 0 0.0736111 0
0 0.744444 0 0.0166667 0
0 0.607639 0 0.0180556 0
0 0.390278 0 0.075 0
0 0.338194 0 0.0152778 0
0 0.745139 0 0.0152778 0
0 0.608333 0 0.0166667 0
0 0.390278 0 0.075 0
0 0.608333 0 0.0166667 0
0 0.745139 0 0.0152778 0
0 0.388889 0 0.075 0
0 0.3375 0 0.0166667 0
0 0.745139 0 0.0152778 0
0 0.608333 0 0.0166667 0
0 0.388889 0 0.0777778 0
0 0.336806 0 0.0180556 0
0 0.745833 0 0.0166667 0
0 0.608333 0 0.0166667 0
0 0.388194 0 0.0791667 0
0 0.746528 0 0.0180556 0
0 0.608333 0 0.0166667 0
0 0.386806 0 0.0791667 0
0 0.747917 0 0.0180556 0
0 0.609028 0 0.0180556 0
0 0.385417 0 0.0791667 0
0 0.747917 0 0.0180556 0
0 0.609028 0 0.0180556 0
0 0.385417 0 0.0791667 0
0 0.196528 0 0.0180556 0
0 0.749306 0 0.0180556 0
0 0.609028 0 0.0180556 0
0 0.384722 0 0.0805556 0
0 0.749306 0 0.0180556 0
0 0.609028 0 0.0180556 0
0 0.384722 0 0.0805556 0
0 0.195833 0 0.0166667 0
0 0.749306 0 0.0152778 0
0 0.609028 0 0.0180556 0
0 0.383333 0 0.0833333 0
0 0.749306 0 0.0152778 0
0 0.609028 0 0.0180556 0
0 0.383333 0 0.0833333 0
0 0.75 0 0.0166667 0
0 0.609722 0 0.0166667 0
0 0.38125 0 0.0791667 0
0 0.195139 0 0.0180556 0
0 0.75 0 0.0166667 0
0 0.610417 0 0.0180556 0
0 0.380556 0 0.0805556 0
0 0.195139 0 0.0180556 0
0 0.750694 0 0.0152778 0
0 0.610417 0 0.0180556 0
0 0.379861 0 0.0819444 0
0 0.334028 0 0.0180556 0
0 0.751389 0 0.0166667 0
0 0.610417 0 0.0180556 0
0 0.379167 0 0.0833333 0
0 0.334028 0 0.0180556 0
0 0.751389 0 0.0166667 0
0 0.611111 0 0.0166667 0
0 0.378472 0 0.0819444 0
0 0.334028 0 0.0180556 0
0 0.751389 0 0.0166667 0
0 0.611111 0 0.0166667 0
0 0.377778 0 0.0833333 0
0 0.334028 0 0.0180556 0
0 0.752778 0 0.0166667 0
0 0.611111 0 0.0166667 0
0 0.377083 0 0.0819444 0
0 0.333333 0 0.0166667 0
0 0.754167 0 0.0194444 0
0 0.611806 0 0.0180556 0
0 0.375 0 0.0861111 0
0 0.333333 0 0.0166667 0
0 0.754167 0 0.0194444 0
0 0.611806 0 0.0152778 0
0 0.375 0 0.0888889 0
0 0.188889 0 0.0166667 0
0 0.332639 0 0.0180556 0
0 0.755556 0 0.0194444 0
0 0.6125 0 0.0166667 0
0 0.373611 0 0.0888889 0
0 0.332639 0 0.0180556 0
0 0.755556 0 0.0194444 0
0 0.6125 0 0.0166667 0
0 0.373611 0 0.0888889 0
0 0.75625 0 0.0180556 0
0 0.6125 0 0.0166667 0
0 0.373611 0 0.0888889 0
0 0.756944 0 0.0166667 0
0 0.6125 0 0.0166667 0
0 0.370833 0 0.0916667 0
0 0.756944 0 0.0166667 0
0 0.613194 0 0.0180556 0
0 0.36875 0 0.0875 0
0 0.756944 0 0.0166667 0
0 0.613889 0 0.0166667 0
0 0.368056 0 0.0916667 0
0 0.758333 0 0.0166667 0
0 0.613889 0 0.0166667 0
0 0.366667 0 0.0916667 0
0 0.758333 0 0.0166667 0
0 0.613889 0 0.0166667 0
0 0.365972 0 0.0902778 0
0 0.757639 0 0.0180556 0
0 0.613889 0 0.0166667 0
0 0.365278 0 0.0916667 0
0 0.759028 0 0.0180556 0
0 0.614583 0 0.0180556 0
0 0.3625 0 0.0916667 0
0 0.759028 0 0.0180556 0
0 0.614583 0 0.0180556 0
0 0.361111 0 0.0972222 0
0 0.759028 0 0.0180556 0
0 0.614583 0 0.0180556 0
0 0.361111 0 0.0972222 0
0 0.760417 0 0.0180556 0
0 0.615278 0 0.0194444 0
0 0.363194 0 0.0986111 0
0 0.760417 0 0.0180556 0
0 0.615278 0 0.0194444 0
0 0.361806 0 0.0986111 0
0 0.761806 0 0.0180556 0
0 0.615278 0 0.0194444 0
0 0.3625 0 0.1 0
0 0.761806 0 0.0180556 0
0 0.615278 0 0.0194444 0
0 0.361111 0 0.1 0
0 0.182639 0 0.0180556 0
0 0.761806 0 0.0180556 0
0 0.615278 0 0.0194444 0
0 0.360417 0 0.0986111 0
0 0.181944 0 0.0166667 0
0 0.7625 0 0.0166667 0
0 0.616667 0 0.0194444 0
0 0.358333 0 0.102778 0
0 0.479167 0 0.0638889 0
0 0.763194 0 0.0180556 0
0 0.616667 0 0.0194444 0
0 0.356944 0 0.102778 0
0 0.480556 0 0.0638889 0
0 0.763194 0 0.0180556 0
0 0.615972 0 0.0180556 0
0 0.35625 0 0.104167 0
0 0.480556 0 0.0611111 0
0 0.763889 0 0.0166667 0
0 0.616667 0 0.0194444 0
0 0.35625 0 0.0986111 0
0 0.764583 0 0.0180556 0
0 0.617361 0 0.0180556 0
0 0.354861 0 0.0986111 0
0 0.764583 0 0.0180556 0
0 0.617361 0 0.0180556 0
0 0.352778 0 0.1 0
0 0.765278 0 0.0194444 0
0 0.617361 0 0.0180556 0
0 0.351389 0 0.105556 0
0 0.765278 0 0.0194444 0
0 0.617361 0 0.0180556 0
0 0.359028 0 0.109722 0
0 0.765972 0 0.0180556 0
0 0.326389 0 0.0166667 0
0 0.617361 0 0.0180556 0
0 0.379861 0 0.104167 0
0 0.177778 0 0.0194444 0
0 0.765972 0 0.0180556 0
0 0.326389 0 0.0166667 0
0 0.617361 0 0.0180556 0
0 0.411111 0 0.102778 0
0 0.768056 0 0.0194444 0
0 0.618056 0 0.0194444 0
0 0.326389 0 0.0166667 0
0 0.45625 0 0.101389 0
0 0.48125 0 0.0569444 0
0 0.767361 0 0.0208333 0
0 0.61875 0 0.0180556 0
0 0.326389 0 0.0166667 0
0 0.463889 0.5 0.0972222 1
0 0.177083 0 0.0180556 0
0 0.76875 0 0.0208333 0
0 0.618056 0 0.0194444 0
0 0.325694 0 0.0180556 0
0 0.479167 0.5 0.0972222 1
0 0.769444 0 0.0194444 0
0 0.61875 0 0.0208333 0
0 0.325694 0 0.0180556 0
0 0.4875 0.5 0.0972222 1
0 0.769444 0 0.0194444 0
0 0.325694 0 0.0180556 0
0 0.61875 0 0.0208333 0
0 0.489583 0.5 0.0958333 1
0 0.176389 0 0.0194444 0
0 0.325694 0 0.0180556 0
0 0.770139 0 0.0180556 0
0 0.619444 0 0.0166667 0
0 0.499306 0.5 0.0986111 1
0 0.324306 0 0.0180556 0
0 0.770833 0 0.0194444 0
0 0.619444 0 0.0194444 0
0 0.502778 0.5 0.0972222 1
0 0.325 0 0.0194444 0
0 0.770833 0 0.0166667 0
0 0.620139 0 0.0180556 0
0 0.503472 0.5 0.0958333 1
0 0.174306 0 0.0180556 0
0 0.323611 0 0.0194444 0
0 0.771528 0 0.0208333 0
0 0.620833 0 0.0194444 0
0 0.504861 0.5 0.101389 1
0 0.771528 0 0.0208333 0
0 0.325 0 0.0194444 0
0 0.620833 0 0.0194444 0
0 0.503472 0.5 0.101389 1
0 0.172917 0 0.0180556 0
0 0.324306 0 0.0180556 0
0 0.771528 0 0.0208333 0
0 0.620833 0 0.0194444 0
0 0.501389 0 0.102778 0
0 0.172222 0 0.0194444 0
0 0.323611 0 0.0194444 0
0 0.772222 0 0.0194444 0
0 0.621528 0 0.0180556 0
0 0.496528 0 0.106944 0
0 0.773611 0 0.0194444 0
0 0.172222 0 0.0194444 0
0 0.323611 0 0.0194444 0
0 0.479861 0 0.1125 0
0 0.622222 0 0.0194444 0
0 0.171528 0 0.0180556 0
0 0.772917 0 0.0180556 0
0 0.322917 0 0.0208333 0
0 0.465972 0 0.109722 0
0 0.621528 0 0.0180556 0
0 0.774306 0 0.0180556 0
0 0.322917 0 0.0208333 0
0 0.436111 0 0.113889 0
0 0.622222 0 0.0194444 0
0 0.775 0 0.0166667 0
0 0.322222 0 0.0194444 0
0 0.427083 0 0.1125 0
0 0.622917 0 0.0208333 0
0 0.775694 0 0.0152778 0
0 0.322222 0 0.0194444 0
0 0.420139 0 0.109722 0
0 0.623611 0 0.0194444 0
0 0.623611 0 0.0194444 0
0 0.322222 0 0.0194444 0
0 0.397222 0.5 0.113889 1
0 0.48125 0 0.0625 0
0 0.777083 0 0.0152778 0
0 0.623611 0 0.0194444 0
0 0.484028 0 0.0708333 0
0 0.383333 0.5 0.122222 1
0 0.321528 0 0.0180556 0
0 0.486111 0 0.05 0
0 0.624306 0 0.0180556 0
0 0.368056 0.5 0.108333 1
0 0.320833 0 0.0166667 0
0 0.625 0 0.0166667 0
0 0.320833 0 0.0166667 0
0 0.363889 0.5 0.119444 1
0 0.320139 0 0.0180556 0
0 0.364583 1 0.0847222 0
0 0.625 0 0.0166667 0
0 0.320139 0 0.0180556 0
0 0.625 0 0.0166667 0
0 0.625 0 0.0166667 0
0 0.434028 0 0.0402778 0
0 0.434028 0 0.0402778 0
0 0.626389 0 0.0166667 0
0 0.484028 0 0.0597222 0
0 0.384722 1 0.0666667 0
0 0.481944 0 0.0694444 0
0 0.433333 0 0.0388889 0
0 0.48125 0 0.0680556 0
0 0.373611 1 0.102778 0
0 0.434028 0 0.0402778 0
0 0.480556 0 0.0638889 0
0 0.372222 0.5 0.119444 1
0 0.48125 0 0.0625 0
0 0.379861 0.5 0.129167 1
0 0.480556 0 0.0611111 0
0 0.39375 0.5 0.145833 1
0 0.459722 0 0.130556 0
0 0.459722 0 0.130556 0
0 0.436806 0 0.0486111 0
0 0.479861 0 0.0763889 0
0 0.477778 0 0.0833333 0
0 0.479167 0 0.0694444 0
0 0.43125 0 0.0375 0
0 0.529861 0 0.0486111 0
0 0.479861 0 0.0736111 0
0 0.529167 0 0.0527778 0
0 0.479167 0 0.0638889 0
0 0.527778 0 0.0527778 0
0 0.529167 0 0.05 0
0 0.530556 0 0.0527778 0
0 0.476389 0 0.0805556 0
0 0.431944 0 0.0444444 0
0 0.477083 0 0.0791667 0
0 0.429861 0 0.0402778 0
0 0.477778 0 0.0833333 0
0 0.478472 0 0.0791667 0
0 0.429861 0 0.0402778 0
0 0.429167 0 0.0388889 0
0 0.478472 0 0.0763889 0
0 0.428472 0 0.0402778 0
0 0.478472 0 0.0736111 0
0 0.477778 0 0.075 0
0 0.477083 0 0.0708333 0
0 0.477778 0 0.075 0
0 0.478472 0 0.0791667 0
0 0.479167 0 0.0777778 0
0 0.425694 0 0.0402778 0
0 0.478472 0 0.0763889 0
0 0.424306 0 0.0430556 0
0 0.477778 0 0.0805556 0
0 0.476389 0 0.0777778 0
0 0.423611 0 0.0444444 0
0 0.477778 0 0.0777778 0
0 0.424306 0 0.0430556 0
0 0.477778 0 0.0722222 0
0 0.423611 0 0.0416667 0
0 0.477778 0 0.075 0
0 0.423611 0 0.0444444 0
0 0.477778 0 0.075 0
0 0.424306 0 0.0430556 0
0 0.424306 0 0.0430556 0
0 0.477778 0 0.075 0
0 0.477778 0 0.0722222 0
0 0.424306 0 0.0402778 0
0 0.478472 0 0.0736111 0
0 0.423611 0 0.0388889 0
0 0.477778 0 0.075 0
0 0.20625 0 0.00694444 0
0 0.477083 0 0.0708333 0
0 0.477083 0 0.0652778 0
0 0.477083 0 0.0652778 0
0 0.477778 0 0.0666667 0
0 0.420139 0 0.0458333 0
0 0.420833 0 0.0444444 0
0 0.41875 0 0.0458333 0
0 0.417361 0 0.0458333 0
0 0.419444 0 0.0472222 0
0 0.417361 0 0.0486111 0
0 0.417361 0 0.0458333 0
0 0.416667 0 0.0472222 0
0 0.416667 0 0.0444444 0
0 0.417361 0 0.0458333 0
0 0.415972 0 0.0430556 0
0 0.414583 0 0.0486111 0
0 0.415278 0 0.0444444 0
0 0.0986111 0 0.00833333 0
0 0.4125 0 0.0472222 0
0 0.409722 0 0.0527778 0
0 0.408333 0 0.0555556 0
0 0.405556 0 0.0611111 0
0 0.40625 0 0.0597222 0
0 0.40625 0 0.0597222 0
0 0.40625 0 0.0597222 0
0 0.406944 0 0.0583333 0
0 0.263889 0 0.00833333 0
0 0.406944 0 0.0583333 0
0 0.406944 0 0.0583333 0
0 0.408333 0 0.0555556 0
0 0.40625 0 0.0597222 0
0 0.263889 0 0.00833333 0
0 0.40625 0 0.0597222 0
0 0.406944 0 0.0583333 0
0 0.405556 0 0.0611111 0
0 0.154167 0 0.00833333 0
0 0.263194 0 0.00694444 0
0 0.407639 0 0.0569444 0
0 0.405556 0 0.0611111 0
0 0.407639 0 0.0569444 0
0 0.405556 0 0.0611111 0
0 0.40625 0 0.0597222 0
0 0.40625 0 0.0597222 0
0 0.40625 0 0.0597222 0
0 0.406944 0 0.0583333 0
0 0.40625 0 0.0597222 0
0 0.405556 0 0.0611111 0
0 0.406944 0 0.0583333 0
0 0.406944 0 0.0583333 0
0 0.406944 0 0.0583333 0
0 0.14375 0 0.00694444 0
0 0.408333 0 0.0555556 0
0 0.40625 0 0.0597222 0
0 0.40625 0 0.0597222 0
0 0.608333 0 0.00833333 0
0 0.40625 0 0.0597222 0
0 0.406944 0 0.0583333 0
0 0.406944 0 0.0583333 0
0 0.14375 0 0.00694444 0
0 0.406944 0 0.0583333 0
0 0.408333 0 0.0555556 0
0 0.405556 0 0.0611111 0
0 0.0993056 0 0.00972222 0
0 0.40625 0 0.0597222 0
0 0.40625 0 0.0597222 0
0 0.406944 0 0.0583333 0
0 0.406944 0 0.0583333 0
0 0.40625 0 0.0597222 0
0 0.408333 0 0.0555556 0
0 0.40625 0 0.0597222 0
0 0.0993056 0 0.00972222 0
0 0.40625 0 0.0597222 0
0 0.406944 0 0.0583333 0
0 0.406944 0 0.0583333 0
0 0.407639 0 0.0569444 0
0 0.406944 0 0.0583333 0
0 0.408333 0 0.0555556 0
0 0.405556 0 0.0611111 0
0 0.0993056 0 0.00972222 0
0 0.40625 0 0.0597222 0
0 0.40625 0 0.0597222 0
0 0.406944 0 0.0583333 0
0 0.406944 0 0.0583333 0
0 0.40625 0 0.0597222 0
0 0.408333 0 0.0555556 0
0 0.405556 0 0.0611111 0
0 0.0993056 0 0.00972222 0
0 0.40625 0 0.0597222 0
0 0.40625 0 0.0597222 0
0 0.406944 0 0.0583333 0
0 0.407639 0 0.0569444 0
0 0.406944 0 0.0583333 0
0 0.408333 0 0.0555556 0
0 0.40625 0 0.0597222 0
0 0.0986111 0 0.00833333 0
0 0.40625 0 0.0597222 0
0 0.406944 0 0.0583333 0
0 0.406944 0 0.0583333 0
0 0.407639 0 0.0569444 0
0 0.406944 0 0.0583333 0
0 0.408333 0 0.0555556 0
0 0.405556 0 0.0611111 0
0 0.0986111 0 0.00833333 0
0 0.40625 0 0.0597222 0
0 0.407639 0 0.0569444 0
0 0.406944 0 0.0583333 0
0 0.407639 0 0.0569444 0
0 0.407639 0 0.0569444 0
0 0.40625 0 0.0597222 0
0 0.40625 0 0.0597222 0
0 0.408333 0 0.0555556 0
0 0.0972222 0 0.00833333 0
0 0.406944 0 0.0583333 0
0 0.406944 0 0.0583333 0
0 0.406944 0 0.0583333 0
0 0.406944 0 0.0583333 0
0 0.408333 0 0.0555556 0
0 0.405556 0 0.0611111 0
0 0.408333 0 0.0555556 0
0 0.40625 0 0.0597222 0
0 0.407639 0 0.0569444 0
0 0.40625 0 0.0597222 0
0 0.406944 0 0.0583333 0
0 0.407639 0 0.0569444 0
0 0.40625 0 0.0597222 0
0 0.408333 0 0.0555556 0
0 0.40625 0 0.0597222 0
0 0.408333 0 0.0555556 0
0 0.40625 0 0.0597222 0
0 0.406944 0 0.0583333 0
0 0.14375 0 0.00694444 0
0 0.406944 0 0.0583333 0
0 0.40625 0 0.0597222 0
0 0.408333 0 0.0555556 0
0 0.40625 0 0.0597222 0
0 0.405556 0 0.0611111 0
0 0.270139 0 0.00694444 0
0 0.40625 0 0.0597222 0
0 0.406944 0 0.0583333 0
0 0.407639 0 0.0569444 0
0 0.405556 0 0.0611111 0
0 0.405556 0 0.0611111 0
0 0.40625 0 0.0597222 0
0 0.406944 0 0.0583333 0
0 0.263889 0 0.00833333 0
0 0.406944 0 0.0583333 0
0 0.406944 0 0.0583333 0
0 0.40625 0 0.0597222 0
0 0.406944 0 0.0583333 0
0 0.405556 0 0.0611111 0
0 0.40625 0 0.0597222 0
0 0.40625 0 0.0597222 0
0 0.40625 0 0.0597222 0
0 0.40625 0 0.0597222 0
0 0.406944 0 0.0583333 0
0 0.408333 0 0.0555556 0
0 0.405556 0 0.0611111 0
0 0.407639 0 0.0569444 0
0 0.40625 0 0.0597222 0
0 0.406944 0 0.0583333 0
0 0.408333 0 0.0555556 0
0 0.405556 0 0.0611111 0
0 0.40625 0 0.0597222 0
0 0.40625 0 0.0597222 0
0 0.407639 0 0.0569444 0
0 0.405556 0 0.0611111 0
0 0.405556 0 0.0611111 0
0 0.40625 0 0.0597222 0
0 0.406944 0 0.0583333 0
0 0.407639 0 0.0569444 0
0 0.40625 0 0.0597222 0
0 0.406944 0 0.0583333 0
0 0.407639 0 0.0569444 0
0 0.405556 0 0.0611111 0
0 0.1 0 0.00833333 0
0 0.405556 0 0.0611111 0
0 0.269444 0 0.00833333 0
0 0.608333 0 0.00833333 0
0 0.40625 0 0.0597222 0
0 0.407639 0 0.0569444 0
0 0.40625 0 0.0597222 0
0 0.405556 0 0.0611111 0
0 0.270833 0 0.00833333 0
0 0.40625 0 0.0597222 0
0 0.407639 0 0.0569444 0
0 0.405556 0 0.0611111 0
0 0.406944 0 0.0583333 0
0 0.407639 0 0.0569444 0
0 0.405556 0 0.0611111 0
0 0.406944 0 0.0583333 0
0 0.405556 0 0.0611111 0
0 0.407639 0 0.0569444 0
0 0.405556 0 0.0611111 0
0 0.407639 0 0.0569444 0
0 0.404861 0 0.0625 0
0 0.40625 0 0.0597222 0
0 0.40625 0 0.0625 0
0 0.0993056 0 0.00972222 0
0 0.405556 0 0.0611111 0
0 0.263889 0 0.00833333 0
0 0.406944 0 0.0583333 0
0 0.405556 0 0.0611111 0
0 0.40625 0 0.0597222 0
0 0.0986111 0 0.00833333 0
0 0.405556 0 0.0611111 0
0 0.408333 0 0.0555556 0
0 0.405556 0 0.0611111 0
0 0.40625 0 0.0625 0
0 0.405556 0 0.0611111 0
0 0.405556 0 0.0611111 0
0 0.40625 0 0.0597222 0
0 0.405556 0 0.0611111 0
0 0.0993056 0 0.00972222 0
0 0.405556 0 0.0611111 0
0 0.40625 0 0.0597222 0
0 0.407639 0 0.0569444 0
0 0.405556 0 0.0611111 0
0 0.405556 0 0.0611111 0
0 0.405556 0 0.0611111 0
0 0.405556 0 0.0611111 0
0 0.406944 0 0.0583333 0
0 0.406944 0 0.0583333 0
0 0.405556 0 0.0611111 0
0 0.405556 0 0.0611111 0
0 0.405556 0 0.0611111 0
0 0.405556 0 0.0611111 0
0 0.405556 0 0.0611111 0
0 0.406944 0 0.0583333 0
0 0.407639 0 0.0569444 0
0 0.405556 0 0.0611111 0
0 0.0993056 0 0.00972222 0
0 0.40625 0 0.0597222 0
0 0.408333 0 0.0555556 0
0 0.405556 0 0.0611111 0
0 0.405556 0 0.0611111 0
0 0.40625 0 0.0597222 0
0 0.407639 0 0.0569444 0
0 0.405556 0 0.0611111 0
0 0.405556 0 0.0638889 0
0 0.40625 0 0.0597222 0
0 0.40625 0 0.0597222 0
0 0.405556 0 0.0611111 0
0 0.405556 0 0.0611111 0
0 0.406944 0 0.0583333 0
0 0.40625 0 0.0597222 0
0 0.40625 0 0.0597222 0
0 0.407639 0 0.0569444 0
0 0.405556 0 0.0611111 0
0 0.405556 0 0.0611111 0
0 0.40625 0 0.0597222 0
0 0.405556 0 0.0611111 0
0 0.405556 0 0.0611111 0
0 0.40625 0 0.0597222 0
0 0.405556 0 0.0611111 0
0 0.405556 0 0.0638889 0
0 0.263889 0 0.00833333 0
0 0.40625 0 0.0597222 0
0 0.40625 0 0.0597222 0
0 0.405556 0 0.0611111 0
0 0.405556 0 0.0611111 0
0 0.40625 0 0.0597222 0
0 0.40625 0 0.0597222 0
0 0.407639 0 0.0569444 0
0 0.405556 0 0.0611111 0
0 0.405556 0 0.0611111 0
0 0.40625 0 0.0597222 0
0 0.40625 0 0.0597222 0
0 0.405556 0 0.0611111 0
0 0.407639 0 0.0569444 0
0 0.40625 0 0.0625 0
0 0.405556 0 0.0611111 0
0 0.406944 0 0.0583333 0
0 0.407639 0 0.0569444 0
0 0.405556 0 0.0611111 0
0 0.405556 0 0.0611111 0
0 0.405556 0 0.0611111 0
0 0.406944 0 0.0583333 0
0 0.407639 0 0.0569444 0
0 0.40625 0 0.0597222 0
0 0.405556 0 0.0611111 0
0 0.40625 0 0.0597222 0
0 0.407639 0 0.0569444 0
0 0.405556 0 0.0638889 0
0 0.405556 0 0.0611111 0
0 0.406944 0 0.0583333 0
0 0.407639 0 0.0569444 0
0 0.405556 0 0.0611111 0
0 0.405556 0 0.0611111 0
0 0.40625 0 0.0597222 0
0 0.407639 0 0.0569444 0
0 0.405556 0 0.0611111 0
0 0.405556 0 0.0611111 0
0 0.40625 0 0.0597222 0
0 0.407639 0 0.0569444 0
0 0.40625 0 0.0597222 0
0 0.405556 0 0.0611111 0
0 0.40625 0 0.0597222 0
0 0.405556 0 0.0611111 0
0 0.0986111 0 0.00833333 0
0 0.405556 0 0.0611111 0
0 0.40625 0 0.0597222 0
0 0.406944 0 0.0583333 0
0 0.40625 0 0.0597222 0
0 0.405556 0 0.0611111 0
0 0.0986111 0 0.00833333 0
0 0.405556 0 0.0611111 0
0 0.40625 0 0.0597222 0
0 0.40625 0 0.0597222 0
0 0.624306 0 0.00416667 0
0 0.407639 0 0.0569444 0
0 0.405556 0 0.0611111 0
0 0.405556 0 0.0611111 0
0 0.407639 0 0.0569444 0
0 0.405556 0 0.0611111 0
0 0.405556 0 0.0611111 0
0 0.792361 0 0.00416667 0
0 0.405556 0 0.0611111 0
0 0.1625 0 0.00833333 0
0 0.40625 0 0.0597222 0
0 0.40625 0 0.0597222 0
0 0.407639 0 0.0569444 0
0 0.405556 0 0.0611111 0
0 0.405556 0 0.0611111 0
0 0.152778 0 0.00833333 0
0 0.40625 0 0.0597222 0
0 0.40625 0 0.0597222 0
0 0.792361 0 0.00416667 0
0 0.405556 0 0.0611111 0
0 0.405556 0 0.0611111 0
0 0.40625 0 0.0597222 0
0 0.407639 0 0.0569444 0
0 0.405556 0 0.0611111 0
0 0.792361 0 0.00416667 0
0 0.40625 0 0.0625 0
0 0.153472 0 0.00972222 0
0 0.40625 0 0.0597222 0
0 0.40625 0 0.0597222 0
0 0.407639 0 0.0569444 0
0 0.405556 0 0.0611111 0
0 0.792361 0 0.00416667 0
0 0.405556 0 0.0611111 0
0 0.40625 0 0.0597222 0
0 0.40625 0 0.0597222 0
0 0.407639 0 0.0569444 0
0 0.405556 0 0.0611111 0
0 0.792361 0 0.00416667 0
0 0.405556 0 0.0611111 0
0 0.40625 0 0.0597222 0
0 0.40625 0 0.0597222 0
0 0.407639 0 0.0569444 0
0 0.405556 0 0.0611111 0
0 0.405556 0 0.0611111 0
0 0.0972222 0 0.00833333 0
0 0.40625 0 0.0597222 0
0 0.407639 0 0.0569444 0
0 0.405556 0 0.0611111 0
0 0.405556 0 0.0611111 0
0 0.40625 0 0.0597222 0
0 0.407639 0 0.0569444 0
0 0.405556 0 0.0611111 0
0 0.405556 0 0.0611111 0
0 0.406944 0 0.0583333 0
0 0.40625 0 0.0597222 0
0 0.405556 0 0.0611111 0
0 0.40625 0 0.0597222 0
0 0.408333 0 0.0555556 0
0 0.405556 0 0.0611111 0
0 0.405556 0 0.0611111 0
0 0.270833 0 0.00833333 0
0 0.40625 0 0.0597222 0
0 0.406944 0 0.0583333 0
0 0.405556 0 0.0611111 0
0 0.405556 0 0.0611111 0
0 0.40625 0 0.0597222 0
0 0.407639 0 0.0569444 0
0 0.405556 0 0.0611111 0
0 0.405556 0 0.0611111 0
0 0.263889 0 0.00833333 0
0 0.40625 0 0.0597222 0
0 0.408333 0 0.0555556 0
0 0.405556 0 0.0611111 0
0 0.405556 0 0.0611111 0
0 0.270833 0 0.00833333 0
0 0.263889 0 0.00833333 0
0 0.40625 0 0.0597222 0
0 0.408333 0 0.0555556 0
0 0.405556 0 0.0611111 0
0 0.405556 0 0.0611111 0
0 0.270139 0 0.00694444 0
0 0.406944 0 0.0583333 0
0 0.40625 0 0.0597222 0
0 0.404861 0 0.0625 0
0 0.405556 0 0.0611111 0
0 0.40625 0 0.0597222 0
0 0.406944 0 0.0583333 0
0 0.407639 0 0.0569444 0
0 0.40625 0 0.0597222 0
0 0.405556 0 0.0611111 0
0 0.161111 0 0.00833333 0
0 0.407639 0 0.0569444 0
0 0.405556 0 0.0611111 0
0 0.405556 0 0.0611111 0
0 0.40625 0 0.0597222 0
0 0.407639 0 0.0569444 0
0 0.405556 0 0.0611111 0
0 0.405556 0 0.0638889 0
0 0.40625 0 0.0597222 0
0 0.406944 0 0.0583333 0
0 0.406944 0 0.0583333 0
0 0.40625 0 0.0597222 0
0 0.405556 0 0.0611111 0
0 0.0986111 0 0.00833333 0
0 0.405556 0 0.0611111 0
0 0.40625 0 0.0597222 0
0 0.406944 0 0.0583333 0
0 0.406944 0 0.0583333 0
0 0.40625 0 0.0597222 0
0 0.405556 0 0.0611111 0
0 0.0986111 0 0.00833333 0
0 0.405556 0 0.0611111 0
0 0.40625 0 0.0597222 0
0 0.406944 0 0.0583333 0
0 0.406944 0 0.0583333 0
0 0.40625 0 0.0597222 0
0 0.405556 0 0.0611111 0
0 0.0986111 0 0.00833333 0
0 0.405556 0 0.0611111 0
0 0.40625 0 0.0597222 0
0 0.406944 0 0.0583333 0
0 0.40625 0 0.0597222 0
0 0.405556 0 0.0611111 0
0 0.0986111 0 0.00833333 0
0 0.405556 0 0.0611111 0
0 0.40625 0 0.0597222 0
0 0.406944 0 0.0583333 0
0 0.406944 0 0.0583333 0
0 0.405556 0 0.0611111 0
0 0.405556 0 0.0611111 0
0 0.40625 0 0.0597222 0
0 0.407639 0 0.0569444 0
0 0.405556 0 0.0611111 0
0 0.405556 0 0.0638889 0
0 0.610417 0 0.00694444 0
0 0.40625 0 0.0597222 0
0 0.40625 0 0.0597222 0
0 0.407639 0 0.0569444 0
0 0.405556 0 0.0611111 0
0 0.40625 0 0.0597222 0
0 0.40625 0 0.0597222 0
0 0.405556 0 0.0611111 0
0 0.407639 0 0.0569444 0
0 0.405556 0 0.0611111 0
0 0.405556 0 0.0611111 0
0 0.40625 0 0.0597222 0
0 0.405556 0 0.0611111 0
0 0.405556 0 0.0611111 0
0 0.405556 0 0.0611111 0
0 0.40625 0 0.0597222 0
0 0.407639 0 0.0569444 0
0 0.405556 0 0.0611111 0
0 0.405556 0 0.0611111 0
0 0.40625 0 0.0597222 0
0 0.405556 0 0.0611111 0
0 0.40625 0 0.0597222 0
0 0.263889 0 0.00833333 0
0 0.40625 0 0.0597222 0
0 0.40625 0 0.0597222 0
0 0.40625 0 0.0597222 0
0 0.404861 0 0.0625 0
0 0.404861 0 0.0625 0
0 0.406944 0 0.0583333 0
0 0.406944 0 0.0583333 0
0 0.40625 0 0.0597222 0
0 0.405556 0 0.0611111 0
0 0.40625 0 0.0597222 0
0 0.405556 0 0.0611111 0
0 0.0993056 0 0.00972222 0
0 0.40625 0 0.0597222 0
0 0.406944 0 0.0583333 0
0 0.406944 0 0.0583333 0
0 0.40625 0 0.0597222 0
0 0.405556 0 0.0611111 0
0 0.0986111 0 0.00833333 0
0 0.405556 0 0.0611111 0
0 0.40625 0 0.0597222 0
0 0.406944 0 0.0583333 0
0 0.406944 0 0.0583333 0
0 0.40625 0 0.0597222 0
0 0.405556 0 0.0611111 0
0 0.0986111 0 0.00833333 0
0 0.405556 0 0.0611111 0
0 0.40625 0 0.0597222 0
0 0.406944 0 0.0583333 0
0 0.407639 0 0.0569444 0
0 0.40625 0 0.0597222 0
0 0.404861 0 0.0625 0
0 0.40625 0 0.0597222 0
0 0.407639 0 0.0569444 0
0 0.40625 0 0.0597222 0
0 0.405556 0 0.0611111 0
0 0.40625 0 0.0597222 0
0 0.407639 0 0.0569444 0
0 0.405556 0 0.0611111 0
0 0.792361 0 0.00416667 0
0 0.405556 0 0.0611111 0
0 0.40625 0 0.0597222 0
0 0.406944 0 0.0583333 0
0 0.407639 0 0.0569444 0
0 0.40625 0 0.0597222 0
0 0.792361 0 0.00416667 0
0 0.405556 0 0.0611111 0
0 0.40625 0 0.0597222 0
0 0.40625 0 0.0597222 0
0 0.407639 0 0.0569444 0
0 0.405556 0 0.0611111 0
0 0.405556 0 0.0611111 0
0 0.40625 0 0.0597222 0
0 0.406944 0 0.0583333 0
0 0.406944 0 0.0583333 0
0 0.40625 0 0.0597222 0
0 0.405556 0 0.0611111 0
0 0.405556 0 0.0611111 0
0 0.406944 0 0.0583333 0
0 0.406944 0 0.0583333 0
0 0.406944 0 0.0583333 0
0 0.408333 0 0.0555556 0
0 0.40625 0 0.0597222 0
0 0.405556 0 0.0611111 0
0 0.607639 0 0.00694444 0
0 0.40625 0 0.0597222 0
0 0.406944 0 0.0583333 0
0 0.407639 0 0.0569444 0
0 0.40625 0 0.0597222 0
0 0.608333 0 0.00833333 0
0 0.608333 0 0.00833333 0
0 0.40625 0 0.0597222 0
0 0.409028 0 0.0541667 0
0 0.405556 0 0.0611111 0
0 0.161111 0 0.00833333 0
0 0.40625 0 0.0597222 0
0 0.406944 0 0.0583333 0
0 0.40625 0 0.0597222 0
0 0.406944 0 0.0583333 0
0 0.624306 0 0.00416667 0
0 0.798611 0 0.00277778 0
0 0.408333 0 0.0555556 0
0 0.40625 0 0.0597222 0
0 0.409028 0 0.0541667 0
0 0.405556 0 0.0611111 0
0 0.408333 0 0.0555556 0
0 0.40625 0 0.0597222 0
0 0.406944 0 0.0583333 0
0 0.40625 0 0.0597222 0
0 0.406944 0 0.0583333 0
0 0.408333 0 0.0555556 0
0 0.40625 0 0.0597222 0
0 0.40625 0 0.0597222 0
0 0.408333 0 0.0555556 0
0 0.270833 0 0.00833333 0
0 0.636806 0 0.00694444 0
0 0.406944 0 0.0583333 0
0 0.407639 0 0.0569444 0
0 0.407639 0 0.0569444 0
0 0.407639 0 0.0569444 0
0 0.408333 0 0.0555556 0
0 0.406944 0 0.0583333 0
0 0.409028 0 0.0541667 0
0 0.40625 0 0.0597222 0
0 0.408333 0 0.0555556 0
0 0.270833 0 0.00833333 0
0 0.6375 0 0.00555556 0
0 0.407639 0 0.0569444 0
0 0.263889 0 0.00833333 0
0 0.407639 0 0.0569444 0
0 0.407639 0 0.0569444 0
0 0.407639 0 0.0569444 0
0 0.408333 0 0.0555556 0
0 0.406944 0 0.0583333 0
0 0.406944 0 0.0583333 0
0 0.409028 0 0.0541667 0
0 0.408333 0 0.0555556 0
0 0.407639 0 0.0569444 0
0 0.409028 0 0.0541667 0
0 0.406944 0 0.0583333 0
0 0.406944 0 0.0583333 0
0 0.408333 0 0.0555556 0
0 0.407639 0 0.0569444 0
0 0.407639 0 0.0569444 0
0 0.408333 0 0.0555556 0
0 0.407639 0 0.0569444 0
0 0.409028 0 0.0541667 0
0 0.406944 0 0.0583333 0
0 0.409028 0 0.0541667 0
0 0.406944 0 0.0583333 0
0 0.408333 0 0.0555556 0
0 0.407639 0 0.0569444 0
0 0.407639 0 0.0569444 0
0 0.798611 0 0.00277778 0
0 0.408333 0 0.0555556 0
0 0.407639 0 0.0569444 0
0 0.409028 0 0.0541667 0
0 0.406944 0 0.0583333 0
0 0.409028 0 0.0541667 0
0 0.406944 0 0.0583333 0
0 0.407639 0 0.0569444 0
0 0.407639 0 0.0569444 0
0 0.407639 0 0.0569444 0
0 0.409028 0 0.0541667 0
0 0.406944 0 0.0583333 0
0 0.409028 0 0.0541667 0
0 0.40625 0 0.0597222 0
0 0.408333 0 0.0555556 0
0 0.406944 0 0.0583333 0
0 0.407639 0 0.0569444 0
0 0.407639 0 0.0569444 0
0 0.406944 0 0.0583333 0
0 0.407639 0 0.0569444 0
0 0.408333 0 0.0555556 0
0 0.406944 0 0.0583333 0
0 0.409028 0 0.0541667 0
0 0.40625 0 0.0597222 0
0 0.408333 0 0.0555556 0
0 0.406944 0 0.0583333 0
0 0.408333 0 0.0555556 0
0 0.407639 0 0.0569444 0
0 0.407639 0 0.0569444 0
0 0.408333 0 0.0555556 0
0 0.406944 0 0.0583333 0
0 0.406944 0 0.0583333 0
0 0.154167 0 0.00833333 0
0 0.407639 0 0.0569444 0
0 0.406944 0 0.0583333 0
0 0.407639 0 0.0569444 0
0 0.408333 0 0.0555556 0
0 0.406944 0 0.0583333 0
0 0.409028 0 0.0541667 0
0 0.40625 0 0.0597222 0
0 0.408333 0 0.0555556 0
0 0.406944 0 0.0583333 0
0 0.407639 0 0.0569444 0
0 0.406944 0 0.0583333 0
0 0.406944 0 0.0583333 0
0 0.408333 0 0.0555556 0
0 0.40625 0 0.0597222 0
0 0.405556 0 0.0611111 0
0 0.408333 0 0.0555556 0
0 0.406944 0 0.0583333 0
0 0.406944 0 0.0583333 0
0 0.40625 0 0.0597222 0
0 0.40625 0 0.0597222 0
0 0.408333 0 0.0555556 0
0 0.405556 0 0.0611111 0
0 0.405556 0 0.0611111 0
0 0.407639 0 0.0569444 0
0 0.40625 0 0.0597222 0
0 0.406944 0 0.0583333 0
0 0.40625 0 0.0597222 0
0 0.40625 0 0.0597222 0
0 0.408333 0 0.0555556 0
0 0.40625 0 0.0597222 0
0 0.408333 0 0.0555556 0
0 0.408333 0 0.0555556 0
0 0.40625 0 0.0597222 0
0 0.406944 0 0.0583333 0
0 0.40625 0 0.0597222 0
0 0.408333 0 0.0555556 0
0 0.40625 0 0.0597222 0
0 0.405556 0 0.0611111 0
0 0.270139 0 0.00694444 0
0 0.40625 0 0.0597222 0
0 0.40625 0 0.0597222 0
0 0.40625 0 0.0597222 0
0 0.405556 0 0.0611111 0
0 0.407639 0 0.0569444 0
0 0.607639 0 0.00694444 0
0 0.40625 0 0.0597222 0
0 0.270139 0 0.00694444 0
0 0.40625 0 0.0597222 0
0 0.40625 0 0.0597222 0
0 0.408333 0 0.0555556 0
0 0.40625 0 0.0597222 0
0 0.40625 0 0.0597222 0
0 0.408333 0 0.0555556 0
0 0.40625 0 0.0597222 0
0 0.405556 0 0.0611111 0
0 0.406944 0 0.0583333 0
0 0.40625 0 0.0597222 0
0 0.405556 0 0.0611111 0
0 0.405556 0 0.0611111 0
0 0.406944 0 0.0583333 0
0 0.407639 0 0.0569444 0
0 0.405556 0 0.0611111 0
0 0.405556 0 0.0611111 0
0 0.40625 0 0.0597222 0
0 0.40625 0 0.0597222 0
0 0.407639 0 0.0569444 0
0 0.40625 0 0.0597222 0
0 0.0958333 0 0.00833333 0
0 0.406944 0 0.0583333 0
0 0.40625 0 0.0597222 0
0 0.405556 0 0.0611111 0
0 0.406944 0 0.0583333 0
0 0.14375 0 0.00694444 0
0 0.161111 0 0.00833333 0
0 0.40625 0 0.0597222 0
0 0.40625 0 0.0597222 0
0 0.407639 0 0.0569444 0
0 0.40625 0 0.0597222 0
0 0.405556 0 0.0611111 0
0 0.270139 0 0.00694444 0
0 0.40625 0 0.0597222 0
0 0.407639 0 0.0569444 0
0 0.40625 0 0.0597222 0
0 0.40625 0 0.0597222 0
0 0.40625 0 0.0597222 0
0 0.161111 0 0.00833333 0
0 0.405556 0 0.0611111 0
0 0.405556 0 0.0611111 0
0 0.161111 0 0.00833333 0
0 0.40625 0 0.0597222 0
0 0.406944 0 0.0583333 0
0 0.408333 0 0.0555556 0
0 0.40625 0 0.0597222 0
0 0.40625 0 0.0597222 0
0 0.40625 0 0.0597222 0
0 0.406944 0 0.0583333 0
0 0.406944 0 0.0583333 0
0 0.40625 0 0.0597222 0
0 0.405556 0 0.0611111 0
0 0.0993056 0 0.00972222 0
0 0.405556 0 0.0611111 0
0 0.406944 0 0.0583333 0
0 0.406944 0 0.0583333 0
0 0.406944 0 0.0583333 0
0 0.406944 0 0.0583333 0
0 0.406944 0 0.0583333 0
0 0.406944 0 0.0583333 0
0 0.405556 0 0.0611111 0
0 0.0986111 0 0.00833333 0
0 0.405556 0 0.0611111 0
0 0.40625 0 0.0597222 0
0 0.406944 0 0.0583333 0
0 0.406944 0 0.0583333 0
0 0.40625 0 0.0597222 0
0 0.792361 0 0.00416667 0
0 0.405556 0 0.0611111 0
0 0.153472 0 0.00972222 0
0 0.40625 0 0.0597222 0
0 0.407639 0 0.0569444 0
0 0.405556 0 0.0611111 0
0 0.152778 0 0.00833333 0
0 0.406944 0 0.0583333 0
0 0.40625 0 0.0597222 0
0 0.407639 0 0.0569444 0
0 0.405556 0 0.0611111 0
0 0.405556 0 0.0611111 0
0 0.40625 0 0.0597222 0
0 0.406944 0 0.0583333 0
0 0.40625 0 0.0597222 0
0 0.405556 0 0.0611111 0
0 0.0993056 0 0.00972222 0
0 0.405556 0 0.0611111 0
0 0.406944 0 0.0583333 0
0 0.405556 0 0.0611111 0
0 0.405556 0 0.0611111 0
0 0.40625 0 0.0597222 0
0 0.0986111 0 0.00833333 0
0 0.405556 0 0.0611111 0
0 0.152778 0 0.00833333 0
0 0.405556 0 0.0611111 0
0 0.40625 0 0.0597222 0
0 0.0993056 0 0.00972222 0
0 0.40625 0 0.0597222 0
0 0.405556 0 0.0611111 0
0 0.0986111 0 0.00833333 0
0 0.406944 0 0.0583333 0
0 0.40625 0 0.0597222 0
0 0.407639 0 0.0569444 0
0 0.405556 0 0.0611111 0
0 0.0993056 0 0.00972222 0
0 0.153472 0 0.00972222 0
0 0.153472 0 0.00972222 0
0 0.40625 0 0.0597222 0
0 0.40625 0 0.0597222 0
0 0.405556 0 0.0611111 0
0 0.40625 0 0.0597222 0
0 0.405556 0 0.0611111 0
0 0.40625 0 0.0597222 0
0 0.795833 0 0.00555556 0
0 0.404861 0 0.0625 0
0 0.405556 0 0.0611111 0
0 0.40625 0 0.0597222 0
0 0.406944 0 0.0583333 0
0 0.407639 0 0.0569444 0
0 0.40625 0 0.0597222 0
0 0.405556 0 0.0611111 0
0 0.405556 0 0.0611111 0
0 0.406944 0 0.0583333 0
0 0.407639 0 0.0569444 0
0 0.405556 0 0.0611111 0
0 0.405556 0 0.0611111 0
0 0.269444 0 0.00833333 0
0 0.608333 0 0.00833333 0
0 0.40625 0 0.0597222 0
0 0.406944 0 0.0583333 0
0 0.40625 0 0.0597222 0
0 0.405556 0 0.0611111 0
0 0.270139 0 0.00694444 0
0 0.406944 0 0.0583333 0
0 0.40625 0 0.0597222 0
0 0.407639 0 0.0569444 0
0 0.405556 0 0.0611111 0
0 0.405556 0 0.0611111 0
0 0.406944 0 0.0583333 0
0 0.407639 0 0.0569444 0
0 0.40625 0 0.0597222 0
0 0.405556 0 0.0611111 0
0 0.40625 0 0.0597222 0
0 0.405556 0 0.0611111 0
0 0.40625 0 0.0597222 0
0 0.405556 0 0.0611111 0
0 0.40625 0 0.0597222 0
0 0.40625 0 0.0597222 0
0 0.795833 0 0.00555556 0
0 0.270139 0 0.00694444 0
0 0.40625 0 0.0597222 0
0 0.40625 0 0.0597222 0
0 0.40625 0 0.0597222 0
0 0.407639 0 0.0569444 0
0 0.405556 0 0.0611111 0
0 0.404861 0 0.0625 0
0 0.263889 0 0.00833333 0
0 0.407639 0 0.0569444 0
0 0.40625 0 0.0597222 0
0 0.404861 0 0.0625 0
0 0.405556 0 0.0611111 0
0 0.40625 0 0.0597222 0
0 0.406944 0 0.0583333 0
0 0.407639 0 0.0569444 0
0 0.40625 0 0.0597222 0
0 0.795833 0 0.00555556 0
0 0.405556 0 0.0638889 0
0 0.405556 0 0.0611111 0
0 0.406944 0 0.0583333 0
0 0.40625 0 0.0597222 0
0 0.407639 0 0.0569444 0
0 0.405556 0 0.0611111 0
0 0.407639 0 0.0569444 0
0 0.438889 1 0.0277778 0
0 0.438889 1 0.0277778 0
0 0.565972 0 0.00972222 0
0 0.438889 1 0.0277778 0
0 0.565972 0 0.00972222 0
0 0.438889 1 0.0277778 0
0 0.377083 0 0.0125 0
0 0.565972 0 0.00972222 0
0 0.438889 1 0.0277778 0
0 0.565972 0 0.00972222 0
0 0.377083 0 0.0125 0
0 0.438889 1 0.0277778 0
0 0.438889 1 0.0277778 0
0 0.565972 0 0.00972222 0
0 0.377083 0 0.0125 0
0 0.438889 1 0.0277778 0
0 0.565972 0 0.00972222 0
0 0.438889 1 0.0277778 0
0 0.565972 0 0.00972222 0
0 0.438889 1 0.0277778 0
0 0.438889 1 0.0277778 0
0 0.439583 0.5 0.0291667 1
0 0.439583 0.5 0.0291667 1
0 0.439583 0.5 0.0291667 1
0 0.439583 0.5 0.0291667 1
0 0.439583 0.5 0.0291667 1
0 0.501389 0 0.0361111 0
0 0.439583 0.5 0.0291667 1
0 0.439583 0.5 0.0291667 1
0 0.439583 0.5 0.0291667 1
0 0.439583 0.5 0.0291667 1
0 0.439583 0.5 0.0291667 1
0 0.501389 0 0.0361111 0
0 0.439583 0.5 0.0291667 1
0 0.501389 0 0.0361111 0
0 0.439583 0.5 0.0291667 1
0 0.439583 0.5 0.0291667 1
0 0.439583 0.5 0.0291667 1
0 0.501389 0 0.0361111 0
0 0.439583 0.5 0.0291667 1
0 0.439583 0.5 0.0291667 1
0 0.501389 0 0.0361111 0
0 0.439583 0.5 0.0291667 1
0 0.439583 0.5 0.0291667 1
0 0.439583 0.5 0.0291667 1
0 0.501389 0 0.0361111 0
0 0.439583 0.5 0.0291667 1
0 0.439583 0.5 0.0291667 1
0 0.501389 0 0.0361111 0
0 0.439583 0.5 0.0291667 1
0 0.439583 0.5 0.0291667 1
0 0.501389 0 0.0361111 0
0 0.439583 0.5 0.0291667 1
0 0.439583 0.5 0.0291667 1
0 0.439583 0.5 0.0291667 1
0 0.439583 0.5 0.0291667 1
0 0.439583 0.5 0.0291667 1
0 0.439583 0.5 0.0291667 1
0 0.439583 0.5 0.0291667 1
0 0.501389 0 0.0361111 0
0 0.439583 0.5 0.0291667 1
0 0.439583 0.5 0.0291667 1
0 0.501389 0 0.0361111 0
0 0.439583 0.5 0.0291667 1
0 0.439583 0.5 0.0291667 1
0 0.439583 0.5 0.0291667 1
0 0.439583 0.5 0.0291667 1
0 0.439583 0.5 0.0291667 1
0 0.439583 0.5 0.0291667 1
0 0.439583 0.5 0.0291667 1
0 0.501389 0 0.0361111 0
0 0.439583 0.5 0.0291667 1
0 0.439583 0.5 0.0291667 1
0 0.439583 0.5 0.0291667 1
0 0.439583 0.5 0.0291667 1
0 0.439583 0.5 0.0291667 1
0 0.501389 0 0.0361111 0
0 0.439583 0.5 0.0291667 1
0 0.439583 0.5 0.0291667 1
0 0.501389 0 0.0361111 0
0 0.439583 0.5 0.0291667 1
0 0.439583 0.5 0.0291667 1
0 0.439583 0.5 0.0291667 1
0 0.439583 0.5 0.0291667 1
0 0.439583 0.5 0.0291667 1
0 0.439583 0.5 0.0291667 1
0 0.439583 0.5 0.0291667 1
0 0.501389 0 0.0361111 0
0 0.439583 0.5 0.0291667 1
0 0.501389 0 0.0361111 0
0 0.439583 0.5 0.0291667 1
0 0.439583 0.5 0.0291667 1
0 0.501389 0 0.0361111 0
0 0.439583 0.5 0.0291667 1
0 0.439583 0.5 0.0291667 1
0 0.501389 0 0.0361111 0
0 0.439583 0.5 0.0291667 1
0 0.439583 0.5 0.0291667 1
0 0.439583 0.5 0.0291667 1
0 0.439583 0.5 0.0291667 1
0 0.501389 0 0.0361111 0
0 0.439583 0.5 0.0291667 1
0 0.501389 0 0.0361111 0
0 0.439583 0.5 0.0291667 1
0 0.439583 0.5 0.0291667 1
0 0.439583 0.5 0.0291667 1
0 0.439583 0.5 0.0291667 1
0 0.439583 0.5 0.0291667 1
0 0.439583 0.5 0.0291667 1
0 0.439583 0.5 0.0291667 1
0 0.501389 0 0.0361111 0
0 0.439583 0.5 0.0291667 1
0 0.439583 0.5 0.0291667 1
0 0.501389 0 0.0361111 0
0 0.439583 0.5 0.0291667 1
0 0.439583 0.5 0.0291667 1
0 0.439583 0.5 0.0291667 1
0 0.439583 0.5 0.0291667 1
0 0.439583 0.5 0.0291667 1
0 0.439583 0.5 0.0291667 1
0 0.439583 0.5 0.0291667 1
0 0.501389 0 0.0361111 0
0 0.439583 0.5 0.0291667 1
0 0.439583 0.5 0.0291667 1
0 0.501389 0 0.0361111 0
0 0.439583 0.5 0.0291667 1
0 0.439583 0.5 0.0291667 1
0 0.439583 0.5 0.0291667 1
0 0.439583 0.5 0.0291667 1
0 0.439583 0.5 0.0291667 1
0 0.439583 0.5 0.0291667 1
0 0.439583 0.5 0.0291667 1
0 0.501389 0 0.0361111 0
0 0.439583 0.5 0.0291667 1
0 0.439583 0.5 0.0291667 1
0 0.501389 0 0.0361111 0
0 0.439583 0.5 0.0291667 1
0 0.439583 0.5 0.0291667 1
0 0.439583 0.5 0.0291667 1
0 0.439583 0.5 0.0291667 1
0 0.439583 0.5 0.0291667 1
0 0.439583 0.5 0.0291667 1
0 0.439583 0.5 0.0291667 1
0 0.501389 0 0.0361111 0
0 0.439583 0.5 0.0291667 1
0 0.439583 0.5 0.0291667 1
0 0.439583 0.5 0.0291667 1
0 0.439583 0.5 0.0291667 1
0 0.439583 0.5 0.0291667 1
0 0.439583 0.5 0.0291667 1
0 0.439583 0.5 0.0291667 1
0 0.439583 0.5 0.0291667 1
0 0.439583 0.5 0.0291667 1
0 0.439583 0.5 0.0291667 1
0 0.439583 0.5 0.0291667 1
0 0.439583 0.5 0.0291667 1
