0 0.488194 1 0.0236111 0
0 0.488194 1 0.0236111 0
0 0.488889 1 0.0222222 0
0 0.488889 1 0.0222222 0
0 0.488889 1 0.0222222 0
0 0.488889 1 0.0222222 0
0 0.488889 1 0.0222222 0
0 0.488889 1 0.0222222 0
0 0.488889 1 0.0222222 0
0 0.488889 1 0.0222222 0
0 0.488889 1 0.0222222 0
0 0.488889 1 0.0222222 0
0 0.488889 1 0.0222222 0
0 0.488889 1 0.0222222 0
0 0.488889 1 0.0222222 0
0 0.488889 1 0.0222222 0
0 0.488889 1 0.0222222 0
0 0.488889 1 0.0222222 0
0 0.488889 1 0.0222222 0
0 0.488889 1 0.0222222 0
0 0.488889 1 0.0222222 0
0 0.488889 1 0.0222222 0
0 0.488889 1 0.0222222 0
0 0.488889 1 0.0222222 0
0 0.488889 1 0.0222222 0
0 0.488889 1 0.0222222 0
0 0.488889 1 0.0222222 0
0 0.488889 1 0.0222222 0
0 0.488889 1 0.0222222 0
0 0.488889 1 0.0222222 0
0 0.488889 1 0.0222222 0
0 0.488889 1 0.0222222 0
0 0.491667 1 0.0194444 0
0 0.495833 1 0.0222222 0
0 0.406944 0 0.0111111 0
0 0.590278 0 0.00833333 0
0 0.497222 1 0.025 0
0 0.503472 1 0.0263889 0
0 0.508333 1 0.025 0
0 0.5125 1 0.025 0
0 0.51875 1 0.0263889 0
0 0.522917 1 0.0263889 0
0 0.422222 0 0.0111111 0
0 0.528472 1 0.0263889 0
0 0.533333 1 0.025 0
0 0.425 0 0.0111111 0
0 0.534722 1 0.025 0
0 0.426389 0 0.0111111 0
0 0.539583 1 0.0263889 0
0 0.541667 1 0.0277778 0
0 0.615278 0 0.0111111 0
0 0.546528 1 0.0263889 0
0 0.43125 0 0.0125 0
0 0.551389 1 0.025 0
0 0.554167 1 0.0277778 0
0 0.621528 0 0.00972222 0
0 0.557639 1 0.0263889 0
0 0.561111 1 0.0277778 0
0 0.565278 1 0.0277778 0
0 0.567361 1 0.0291667 0
0 0.569444 1 0.0277778 0
0 0.571528 1 0.0291667 0
0 0.571528 1 0.0291667 0
0 0.572222 1 0.0305556 0
0 0.63125 0 0.0125 0
0 0.573611 1 0.0305556 0
0 0.631944 0 0.0138889 0
0 0.432639 0 0.0125 0
0 0.573611 1 0.0305556 0
0 0.573611 1 0.0305556 0
0 0.43125 0 0.0125 0
0 0.632639 0 0.0125 0
0 0.573611 1 0.0305556 0
0 0.632639 0 0.0125 0
0 0.574306 1 0.0319444 0
0 0.632639 0 0.0125 0
0 0.572917 1 0.0319444 0
0 0.632639 0 0.0125 0
0 0.570833 1 0.0333333 0
0 0.632639 0 0.0125 0
0 0.570833 1 0.0333333 0
0 0.633333 0 0.0138889 0
0 0.569444 1 0.0333333 0
0 0.568056 1 0.0333333 0
0 0.633333 0 0.0138889 0
0 0.565972 1 0.0347222 0
0 0.631944 0 0.0138889 0
0 0.565278 1 0.0361111 0
0 0.632639 0 0.0125 0
0 0.564583 1 0.0347222 0
0 0.416667 0 0.0138889 0
0 0.632639 0 0.0125 0
0 0.563194 1 0.0375 0
0 0.413889 0 0.0138889 0
0 0.631944 0 0.0138889 0
0 0.561111 1 0.0388889 0
0 0.561111 1 0.0388889 0
0 0.410417 0 0.0152778 0
0 0.632639 0 0.0152778 0
0 0.558333 1 0.0388889 0
0 0.557639 1 0.0402778 0
0 0.631944 0 0.0138889 0
0 0.407639 0 0.0125 0
0 0.555556 0.5 0.0416667 1
0 0.632639 0 0.0152778 0
0 0.554167 0.5 0.0416667 1
0 0.553472 0.5 0.0430556 1
0 0.632639 0 0.0152778 0
0 0.402778 0 0.0138889 0
0 0.552778 0.5 0.0444444 1
0 0.633333 0 0.0138889 0
0 0.550694 0.5 0.0458333 1
0 0.398611 0 0.0138889 0
0 0.634028 0 0.0152778 0
0 0.55 0.5 0.0472222 1
0 0.397222 0 0.0166667 0
0 0.634722 0 0.0138889 0
0 0.548611 0.5 0.05 1
0 0.546528 0.5 0.0513889 1
0 0.634722 0 0.0166667 0
0 0.545833 0.5 0.05 1
0 0.759028 0 0.0152778 0
0 0.635417 0 0.0152778 0
0 0.545833 0.5 0.05 1
0 0.391667 0 0.0138889 0
0 0.634722 0 0.0166667 0
0 0.544444 0.5 0.05 1
0 0.389583 0 0.0152778 0
0 0.636111 0 0.0138889 0
0 0.543056 0.5 0.0527778 1
0 0.636806 0 0.0152778 0
0 0.542361 0.5 0.0541667 1
0 0.386111 0 0.0166667 0
0 0.540972 0.5 0.0569444 1
0 0.6375 0 0.0166667 0
0 0.768056 0 0.0138889 0
0 0.539583 0.5 0.0597222 1
0 0.383333 0 0.0166667 0
0 0.538194 0.5 0.0625 1
0 0.381944 0 0.0166667 0
0 0.638194 0 0.0152778 0
0 0.538194 0.5 0.0652778 1
0 0.380556 0 0.0166667 0
0 0.639583 0 0.0152778 0
0 0.5375 0.5 0.0638889 1
0 0.773611 0 0.0166667 0
0 0.379167 0 0.0166667 0
0 0.639583 0 0.0180556 0
0 0.5375 0.5 0.0666667 1
0 0.377778 0 0.0166667 0
0 0.639583 0 0.0180556 0
0 0.536806 0.5 0.0680556 1
0 0.641667 0 0.0166667 0
0 0.776389 0 0.0166667 0
0 0.377083 0 0.0152778 0
0 0.536111 0.5 0.0694444 1
0 0.375 0 0.0166667 0
0 0.238194 0 0.0152778 0
0 0.777778 0 0.0166667 0
0 0.642361 0 0.0180556 0
0 0.536111 0.5 0.0722222 1
0 0.372917 0 0.0180556 0
0 0.643056 0 0.0194444 0
0 0.534722 0.5 0.075 1
0 0.783333 0 0.0166667 0
0 0.233333 0 0.0166667 0
0 0.643056 0 0.0166667 0
0 0.372222 0 0.0166667 0
0 0.533333 0.5 0.0777778 1
0 0.370833 0 0.0166667 0
0 0.644444 0 0.0166667 0
0 0.533333 0.5 0.0833333 1
0 0.370139 0 0.0152778 0
0 0.644444 0 0.0166667 0
0 0.532639 0.5 0.0847222 1
0 0.368056 0 0.0166667 0
0 0.225694 0 0.0180556 0
0 0.7875 0 0.0166667 0
0 0.645139 0 0.0152778 0
0 0.530556 0.5 0.0861111 1
0 0.7875 0 0.0166667 0
0 0.645833 0 0.0166667 0
0 0.529861 0.5 0.0875 1
0 0.788194 0 0.0180556 0
0 0.645833 0 0.0166667 0
0 0.528472 0.5 0.0875 1
0 0.365972 0 0.0180556 0
0 0.645833 0 0.0166667 0
0 0.788889 0 0.0166667 0
0 0.528472 0.5 0.0875 1
0 0.789583 0 0.0180556 0
0 0.364583 0 0.0180556 0
0 0.647222 0 0.0194444 0
0 0.527083 0.5 0.0902778 1
0 0.790278 0 0.0194444 0
0 0.363889 0 0.0166667 0
0 0.646528 0 0.0180556 0
0 0.524306 0.5 0.0958333 1
0 0.3625 0 0.0166667 0
0 0.790972 0 0.0180556 0
0 0.646528 0 0.0180556 0
0 0.524306 0.5 0.0958333 1
0 0.793056 0 0.0194444 0
0 0.361111 0 0.0194444 0
0 0.646528 0 0.0180556 0
0 0.522222 0.5 0.1 1
0 0.361111 0 0.0194444 0
0 0.79375 0 0.0180556 0
0 0.214583 0 0.0180556 0
0 0.646528 0 0.0180556 0
0 0.520833 0.5 0.1 1
0 0.213194 0 0.0180556 0
0 0.79375 0 0.0180556 0
0 0.359722 0 0.0194444 0
0 0.646528 0 0.0180556 0
0 0.518056 0.5 0.102778 1
0 0.794444 0 0.0166667 0
0 0.359028 0 0.0180556 0
0 0.646528 0 0.0180556 0
0 0.515278 0.5 0.105556 1
0 0.79375 0 0.0180556 0
0 0.359028 0 0.0180556 0
0 0.646528 0 0.0180556 0
0 0.515278 0.5 0.108333 1
0 0.794444 0 0.0166667 0
0 0.358333 0 0.0166667 0
0 0.5125 0.5 0.108333 1
0 0.646528 0 0.0180556 0
0 0.356944 0 0.0194444 0
0 0.646528 0 0.0180556 0
0 0.511111 0.5 0.111111 1
0 0.207639 0 0.0180556 0
0 0.357639 0 0.0180556 0
0 0.795139 0 0.0180556 0
0 0.646528 0 0.0180556 0
0 0.510417 0.5 0.109722 1
0 0.795833 0 0.0166667 0
0 0.355556 0 0.0194444 0
0 0.502083 0.5 0.1125 1
0 0.646528 0 0.0180556 0
0 0.795833 0 0.0166667 0
0 0.354861 0 0.0180556 0
0 0.488889 0.5 0.116667 1
0 0.646528 0 0.0180556 0
0 0.354861 0 0.0180556 0
0 0.646528 0 0.0180556 0
0 0.479167 0.5 0.111111 1
0 0.795833 0 0.0194444 0
0 0.354167 0 0.0194444 0
0 0.646528 0 0.0180556 0
0 0.479861 0.5 0.1125 1
0 0.353472 0 0.0180556 0
0 0.483333 0.5 0.111111 1
0 0.645833 0 0.0194444 0
0 0.795139 0 0.0180556 0
0 0.352778 0 0.0194444 0
0 0.486806 0.5 0.109722 1
0 0.645833 0 0.0194444 0
0 0.202778 0 0.0194444 0
0 0.795139 0 0.0180556 0
0 0.352778 0 0.0194444 0
0 0.645833 0 0.0194444 0
0 0.488194 0.5 0.1125 1
0 0.795139 0 0.0180556 0
0 0.352778 0 0.0166667 0
0 0.645139 0 0.0180556 0
0 0.494444 0.5 0.108333 1
0 0.794444 0 0.0194444 0
0 0.352778 0 0.0166667 0
0 0.64375 0 0.0180556 0
0 0.493056 0.5 0.111111 1
0 0.352778 0 0.0166667 0
0 0.791667 0 0.0194444 0
0 0.643056 0 0.0194444 0
0 0.488194 0.5 0.115278 1
0 0.352778 0 0.0166667 0
0 0.790972 0 0.0180556 0
0 0.643056 0 0.0194444 0
0 0.485417 0.5 0.115278 1
0 0.790278 0 0.0194444 0
0 0.352778 0 0.0166667 0
0 0.642361 0 0.0180556 0
0 0.480556 0.5 0.113889 1
0 0.352778 0 0.0166667 0
0 0.789583 0 0.0180556 0
0 0.642361 0 0.0180556 0
0 0.477778 0.5 0.111111 1
0 0.352778 0 0.0166667 0
0 0.790278 0 0.0166667 0
0 0.641667 0 0.0194444 0
0 0.479167 0.5 0.113889 1
0 0.352778 0 0.0166667 0
0 0.640972 0 0.0180556 0
0 0.788889 0 0.0166667 0
0 0.48125 0.5 0.106944 1
0 0.789583 0 0.0180556 0
0 0.352778 0 0.0166667 0
0 0.640972 0 0.0180556 0
0 0.483333 0.5 0.108333 1
0 0.353472 0 0.0180556 0
0 0.789583 0 0.0180556 0
0 0.640972 0 0.0208333 0
0 0.484722 0.5 0.111111 1
0 0.352083 0 0.0180556 0
0 0.790278 0 0.0194444 0
0 0.641667 0 0.0194444 0
0 0.486111 0.5 0.111111 1
0 0.790972 0 0.0180556 0
0 0.352083 0 0.0180556 0
0 0.641667 0 0.0194444 0
0 0.485417 0.5 0.1125 1
0 0.790972 0 0.0180556 0
0 0.352083 0 0.0180556 0
0 0.641667 0 0.0194444 0
0 0.485417 0.5 0.1125 1
0 0.791667 0 0.0194444 0
0 0.352083 0 0.0180556 0
0 0.641667 0 0.0194444 0
0 0.484722 0.5 0.113889 1
0 0.791667 0 0.0194444 0
0 0.352083 0 0.0180556 0
0 0.641667 0 0.0194444 0
0 0.484722 0.5 0.113889 1
0 0.352083 0 0.0180556 0
0 0.791667 0 0.0194444 0
0 0.641667 0 0.0194444 0
0 0.485417 0.5 0.1125 1
0 0.790972 0 0.0180556 0
0 0.352083 0 0.0180556 0
0 0.641667 0 0.0194444 0
0 0.486111 0.5 0.113889 1
0 0.790972 0 0.0180556 0
0 0.352083 0 0.0180556 0
0 0.641667 0 0.0194444 0
0 0.486806 0.5 0.1125 1
0 0.791667 0 0.0194444 0
0 0.352083 0 0.0180556 0
0 0.642361 0 0.0180556 0
0 0.488889 0.5 0.116667 1
0 0.791667 0 0.0194444 0
0 0.352083 0 0.0180556 0
0 0.642361 0 0.0180556 0
0 0.488889 0.5 0.116667 1
0 0.791667 0 0.0194444 0
0 0.352083 0 0.0180556 0
0 0.642361 0 0.0180556 0
0 0.488194 0.5 0.115278 1
0 0.352083 0 0.0180556 0
0 0.641667 0 0.0194444 0
0 0.484722 0.5 0.111111 1
0 0.351389 0 0.0194444 0
0 0.641667 0 0.0194444 0
0 0.485417 0.5 0.109722 1
0 0.792361 0 0.0208333 0
0 0.352083 0 0.0180556 0
0 0.643056 0 0.0194444 0
0 0.485417 0.5 0.109722 1
0 0.793056 0 0.0194444 0
0 0.352083 0 0.0180556 0
0 0.643056 0 0.0166667 0
0 0.484722 0.5 0.111111 1
0 0.793056 0 0.0166667 0
0 0.351389 0 0.0166667 0
0 0.643056 0 0.0166667 0
0 0.486111 0.5 0.111111 1
0 0.793056 0 0.0166667 0
0 0.351389 0 0.0166667 0
0 0.643056 0 0.0166667 0
0 0.488194 0.5 0.115278 1
0 0.793056 0 0.0166667 0
0 0.351389 0 0.0166667 0
0 0.643056 0 0.0166667 0
0 0.486806 0.5 0.109722 1
0 0.351389 0 0.0166667 0
0 0.643056 0 0.0166667 0
0 0.491667 0.5 0.108333 1
0 0.793056 0 0.0166667 0
0 0.351389 0 0.0166667 0
0 0.643056 0 0.0166667 0
0 0.492361 0.5 0.109722 1
0 0.351389 0 0.0166667 0
0 0.64375 0 0.0180556 0
0 0.486806 0.5 0.109722 1
0 0.351389 0 0.0166667 0
0 0.64375 0 0.0180556 0
0 0.488194 0.5 0.115278 1
0 0.793056 0 0.0166667 0
0 0.351389 0 0.0166667 0
0 0.64375 0 0.0180556 0
0 0.485417 0.5 0.115278 1
0 0.793056 0 0.0166667 0
0 0.352083 0 0.0180556 0
0 0.64375 0 0.0180556 0
0 0.485417 0.5 0.115278 1
0 0.352083 0 0.0180556 0
0 0.64375 0 0.0180556 0
0 0.4875 0.5 0.116667 1
0 0.793056 0 0.0194444 0
0 0.351389 0 0.0166667 0
0 0.643056 0 0.0194444 0
0 0.4875 0.5 0.116667 1
0 0.792361 0 0.0180556 0
0 0.352083 0 0.0180556 0
0 0.64375 0 0.0180556 0
0 0.488194 0.5 0.115278 1
0 0.793056 0 0.0166667 0
0 0.352083 0 0.0180556 0
0 0.64375 0 0.0180556 0
0 0.488889 0.5 0.116667 1
0 0.793056 0 0.0166667 0
0 0.352083 0 0.0180556 0
0 0.488194 0.5 0.115278 1
0 0.64375 0 0.0180556 0
0 0.793056 0 0.0166667 0
0 0.352083 0 0.0180556 0
0 0.4875 0.5 0.116667 1
0 0.64375 0 0.0180556 0
0 0.793056 0 0.0166667 0
0 0.352083 0 0.0180556 0
0 0.64375 0 0.0180556 0
0 0.488194 0.5 0.115278 1
0 0.793056 0 0.0166667 0
0 0.352083 0 0.0180556 0
0 0.64375 0 0.0180556 0
0 0.486806 0.5 0.115278 1
0 0.793056 0 0.0194444 0
0 0.351389 0 0.0166667 0
0 0.64375 0 0.0180556 0
0 0.4875 0.5 0.116667 1
0 0.793056 0 0.0194444 0
0 0.64375 0 0.0180556 0
0 0.351389 0 0.0166667 0
0 0.4875 0.5 0.116667 1
0 0.79375 0 0.0180556 0
0 0.351389 0 0.0166667 0
0 0.64375 0 0.0180556 0
0 0.488889 0.5 0.116667 1
0 0.79375 0 0.0180556 0
0 0.64375 0 0.0180556 0
0 0.352083 0 0.0152778 0
0 0.488194 0.5 0.115278 1
0 0.79375 0 0.0180556 0
0 0.352083 0 0.0180556 0
0 0.644444 0 0.0194444 0
0 0.486111 0.5 0.111111 1
0 0.79375 0 0.0180556 0
0 0.351389 0 0.0166667 0
0 0.644444 0 0.0194444 0
0 0.488194 0.5 0.115278 1
0 0.79375 0 0.0180556 0
0 0.352083 0 0.0180556 0
0 0.64375 0 0.0180556 0
0 0.488194 0.5 0.115278 1
0 0.79375 0 0.0180556 0
0 0.352083 0 0.0180556 0
0 0.644444 0 0.0222222 0
0 0.488889 0.5 0.116667 1
0 0.794444 0 0.0194444 0
0 0.352083 0 0.0180556 0
0 0.645139 0 0.0208333 0
0 0.486806 0.5 0.115278 1
0 0.200694 0 0.0180556 0
0 0.794444 0 0.0194444 0
0 0.352083 0 0.0180556 0
0 0.488194 0.5 0.115278 1
0 0.645139 0 0.0180556 0
0 0.794444 0 0.0194444 0
0 0.351389 0 0.0194444 0
0 0.645139 0 0.0180556 0
0 0.488194 0.5 0.115278 1
0 0.553472 0 0.0402778 0
0 0.794444 0 0.0194444 0
0 0.351389 0 0.0194444 0
0 0.488194 0.5 0.115278 1
0 0.645139 0 0.0180556 0
0 0.79375 0 0.0208333 0
0 0.200694 0 0.0180556 0
0 0.351389 0 0.0194444 0
0 0.488194 0.5 0.115278 1
0 0.645139 0 0.0180556 0
0 0.553472 0 0.0402778 0
0 0.200694 0 0.0180556 0
0 0.79375 0 0.0208333 0
0 0.351389 0 0.0194444 0
0 0.488194 0.5 0.115278 1
0 0.645139 0 0.0180556 0
0 0.79375 0 0.0208333 0
0 0.200694 0 0.0180556 0
0 0.351389 0 0.0194444 0
0 0.488194 0.5 0.115278 1
0 0.645139 0 0.0180556 0
0 0.794444 0 0.0194444 0
0 0.351389 0 0.0194444 0
0 0.488889 0.5 0.116667 1
0 0.645139 0 0.0180556 0
0 0.794444 0 0.0194444 0
0 0.350694 0 0.0180556 0
0 0.644444 0 0.0194444 0
0 0.486111 0.5 0.113889 1
0 0.794444 0 0.0194444 0
0 0.350694 0 0.0180556 0
0 0.645139 0 0.0180556 0
0 0.4875 0.5 0.116667 1
0 0.794444 0 0.0194444 0
0 0.350694 0 0.0180556 0
0 0.645139 0 0.0180556 0
0 0.488889 0.5 0.116667 1
0 0.551389 0 0.0388889 0
0 0.794444 0 0.0194444 0
0 0.350694 0 0.0180556 0
0 0.488889 0.5 0.116667 1
0 0.645139 0 0.0180556 0
0 0.795139 0 0.0180556 0
0 0.350694 0 0.0180556 0
0 0.645139 0 0.0180556 0
0 0.4875 0.5 0.116667 1
0 0.350694 0 0.0180556 0
0 0.795139 0 0.0180556 0
0 0.645139 0 0.0180556 0
0 0.486806 0.5 0.115278 1
0 0.795139 0 0.0180556 0
0 0.350694 0 0.0180556 0
0 0.645139 0 0.0180556 0
0 0.488889 0.5 0.116667 1
0 0.794444 0 0.0166667 0
0 0.35 0 0.0166667 0
0 0.645139 0 0.0180556 0
0 0.488194 0.5 0.115278 1
0 0.795139 0 0.0180556 0
0 0.35 0 0.0166667 0
0 0.644444 0 0.0166667 0
0 0.488194 0.5 0.118056 1
0 0.794444 0 0.0166667 0
0 0.35 0 0.0166667 0
0 0.644444 0 0.0166667 0
0 0.486806 0.5 0.115278 1
0 0.199306 0 0.0180556 0
0 0.794444 0 0.0166667 0
0 0.35 0 0.0166667 0
0 0.486806 0.5 0.115278 1
0 0.644444 0 0.0166667 0
0 0.794444 0 0.0166667 0
0 0.350694 0 0.0180556 0
0 0.4875 0.5 0.116667 1
0 0.644444 0 0.0166667 0
0 0.794444 0 0.0194444 0
0 0.35 0 0.0166667 0
0 0.644444 0 0.0166667 0
0 0.4875 0.5 0.116667 1
0 0.794444 0 0.0166667 0
0 0.35 0 0.0166667 0
0 0.644444 0 0.0166667 0
0 0.485417 0.5 0.115278 1
0 0.35 0 0.0166667 0
0 0.794444 0 0.0166667 0
0 0.644444 0 0.0166667 0
0 0.486111 0.5 0.116667 1
0 0.795833 0 0.0194444 0
0 0.35 0 0.0166667 0
0 0.644444 0 0.0166667 0
0 0.488889 0.5 0.116667 1
0 0.350694 0 0.0180556 0
0 0.795833 0 0.0194444 0
0 0.644444 0 0.0166667 0
0 0.4875 0.5 0.116667 1
0 0.35 0 0.0166667 0
0 0.795833 0 0.0194444 0
0 0.645139 0 0.0180556 0
0 0.4875 0.5 0.116667 1
0 0.35 0 0.0166667 0
0 0.795833 0 0.0194444 0
0 0.645139 0 0.0180556 0
0 0.4875 0.5 0.116667 1
0 0.795833 0 0.0194444 0
0 0.645139 0 0.0208333 0
0 0.485417 0.5 0.115278 1
0 0.348611 0 0.0194444 0
0 0.795139 0 0.0180556 0
0 0.645139 0 0.0208333 0
0 0.486806 0.5 0.115278 1
0 0.35 0 0.0194444 0
0 0.795833 0 0.0194444 0
0 0.645139 0 0.0208333 0
0 0.488194 0.5 0.118056 1
0 0.35 0 0.0194444 0
0 0.795833 0 0.0194444 0
0 0.645833 0 0.0194444 0
0 0.488194 0.5 0.118056 1
0 0.348611 0 0.0194444 0
0 0.795833 0 0.0194444 0
0 0.645139 0 0.0208333 0
0 0.485417 0.5 0.115278 1
0 0.348611 0 0.0194444 0
0 0.795833 0 0.0194444 0
0 0.645833 0 0.0194444 0
0 0.485417 0.5 0.115278 1
0 0.348611 0 0.0194444 0
0 0.795833 0 0.0194444 0
0 0.645833 0 0.0194444 0
0 0.486111 0.5 0.116667 1
0 0.348611 0 0.0194444 0
0 0.795833 0 0.0194444 0
0 0.645833 0 0.0194444 0
0 0.486806 0.5 0.115278 1
0 0.348611 0 0.0194444 0
0 0.795833 0 0.0194444 0
0 0.645833 0 0.0194444 0
0 0.486806 0.5 0.115278 1
0 0.348611 0 0.0194444 0
0 0.795833 0 0.0194444 0
0 0.645833 0 0.0194444 0
0 0.486111 0.5 0.116667 1
0 0.348611 0 0.0194444 0
0 0.795833 0 0.0194444 0
0 0.645833 0 0.0194444 0
0 0.486111 0.5 0.116667 1
0 0.348611 0 0.0194444 0
0 0.795833 0 0.0194444 0
0 0.645833 0 0.0194444 0
0 0.486806 0.5 0.115278 1
0 0.348611 0 0.0194444 0
0 0.795833 0 0.0194444 0
0 0.645833 0 0.0194444 0
0 0.486111 0.5 0.116667 1
0 0.348611 0 0.0194444 0
0 0.795833 0 0.0194444 0
0 0.645833 0 0.0194444 0
0 0.486111 0.5 0.116667 1
0 0.348611 0 0.0194444 0
0 0.795833 0 0.0194444 0
0 0.645833 0 0.0194444 0
0 0.486111 0.5 0.116667 1
0 0.348611 0 0.0194444 0
0 0.795833 0 0.0194444 0
0 0.645833 0 0.0194444 0
0 0.486111 0.5 0.116667 1
0 0.348611 0 0.0194444 0
0 0.795833 0 0.0194444 0
0 0.645833 0 0.0194444 0
0 0.486111 0.5 0.116667 1
0 0.348611 0 0.0194444 0
0 0.795833 0 0.0194444 0
0 0.645833 0 0.0194444 0
0 0.486111 0.5 0.116667 1
0 0.348611 0 0.0194444 0
0 0.795833 0 0.0194444 0
0 0.645833 0 0.0194444 0
0 0.486111 0.5 0.116667 1
0 0.348611 0 0.0194444 0
0 0.795833 0 0.0194444 0
0 0.645833 0 0.0194444 0
0 0.486111 0.5 0.116667 1
0 0.348611 0 0.0194444 0
0 0.795833 0 0.0194444 0
0 0.645833 0 0.0194444 0
0 0.486111 0.5 0.116667 1
0 0.348611 0 0.0194444 0
0 0.795833 0 0.0194444 0
0 0.645833 0 0.0194444 0
0 0.486111 0.5 0.116667 1
