0 0.565972 0 0.00972222 0
0 0.377083 0 0.0125 0
0 0.438889 1 0.0277778 0
0 0.565972 0 0.00972222 0
0 0.377083 0 0.0125 0
0 0.438889 1 0.0277778 0
0 0.377083 0 0.0125 0
0 0.565972 0 0.00972222 0
0 0.438889 1 0.0277778 0
0 0.565972 0 0.00972222 0
0 0.438889 1 0.0277778 0
0 0.438889 1 0.0277778 0
0 0.565972 0 0.00972222 0
0 0.438889 1 0.0277778 0
0 0.565972 0 0.00972222 0
0 0.438889 1 0.0277778 0
0 0.438889 1 0.0277778 0
0 0.565972 0 0.00972222 0
0 0.377083 0 0.0125 0
0 0.438889 1 0.0277778 0
0 0.377083 0 0.0125 0
0 0.565972 0 0.00972222 0
0 0.438889 1 0.0277778 0
0 0.565972 0 0.00972222 0
0 0.438889 1 0.0277778 0
0 0.565972 0 0.00972222 0
0 0.438889 1 0.0277778 0
0 0.565972 0 0.00972222 0
0 0.377083 0 0.0125 0
0 0.438889 1 0.0277778 0
0 0.565972 0 0.00972222 0
0 0.377083 0 0.0125 0
0 0.438889 1 0.0277778 0
0 0.565972 0 0.00972222 0
0 0.438889 1 0.0277778 0
0 0.565972 0 0.00972222 0
0 0.438889 1 0.0277778 0
0 0.565972 0 0.00972222 0
0 0.438889 1 0.0277778 0
0 0.565972 0 0.00972222 0
0 0.377083 0 0.0125 0
0 0.438889 1 0.0277778 0
0 0.565972 0 0.00972222 0
0 0.377083 0 0.0125 0
0 0.438889 1 0.0277778 0
0 0.438889 1 0.0277778 0
0 0.377083 0 0.0125 0
0 0.565972 0 0.00972222 0
0 0.438889 1 0.0277778 0
0 0.377083 0 0.0125 0
0 0.565972 0 0.00972222 0
0 0.438889 1 0.0277778 0
0 0.565972 0 0.00972222 0
0 0.377083 0 0.0125 0
0 0.438889 1 0.0277778 0
0 0.377083 0 0.0125 0
0 0.565972 0 0.00972222 0
0 0.438889 1 0.0277778 0
0 0.377083 0 0.0125 0
0 0.565972 0 0.00972222 0
0 0.438889 1 0.0277778 0
0 0.565972 0 0.00972222 0
0 0.438889 1 0.0277778 0
0 0.565972 0 0.00972222 0
0 0.438889 1 0.0277778 0
0 0.565972 0 0.00972222 0
0 0.438889 1 0.0277778 0
0 0.565972 0 0.00972222 0
0 0.438889 1 0.0277778 0
0 0.565972 0 0.00972222 0
0 0.438889 1 0.0277778 0
0 0.565972 0 0.00972222 0
0 0.438889 1 0.0277778 0
0 0.565972 0 0.00972222 0
0 0.438889 1 0.0277778 0
0 0.565972 0 0.00972222 0
0 0.438889 1 0.0277778 0
0 0.565972 0 0.00972222 0
0 0.438889 1 0.0277778 0
0 0.565972 0 0.00972222 0
0 0.438889 1 0.0277778 0
0 0.565972 0 0.00972222 0
0 0.438889 1 0.0277778 0
0 0.565972 0 0.00972222 0
0 0.438889 1 0.0277778 0
0 0.565972 0 0.00972222 0
0 0.438889 1 0.0277778 0
0 0.565972 0 0.00972222 0
0 0.438889 1 0.0277778 0
0 0.565972 0 0.00972222 0
0 0.438889 1 0.0277778 0
0 0.438889 1 0.0277778 0
0 0.565972 0 0.00972222 0
0 0.377083 0 0.0125 0
0 0.438889 1 0.0277778 0
0 0.565972 0 0.00972222 0
0 0.377083 0 0.0125 0
0 0.438889 1 0.0277778 0
0 0.565972 0 0.00972222 0
0 0.377083 0 0.0125 0
0 0.438889 1 0.0277778 0
0 0.565972 0 0.00972222 0
0 0.377083 0 0.0125 0
0 0.438889 1 0.0277778 0
0 0.565972 0 0.00972222 0
0 0.377083 0 0.0125 0
0 0.438889 1 0.0277778 0
0 0.377083 0 0.0125 0
0 0.565972 0 0.00972222 0
0 0.438889 1 0.0277778 0
0 0.565972 0 0.00972222 0
0 0.438889 1 0.0277778 0
0 0.565972 0 0.00972222 0
0 0.438889 1 0.0277778 0
0 0.565972 0 0.00972222 0
0 0.438889 1 0.0277778 0
0 0.565972 0 0.00972222 0
0 0.438889 1 0.0277778 0
0 0.565972 0 0.00972222 0
0 0.438889 1 0.0277778 0
0 0.565972 0 0.00972222 0
0 0.438889 1 0.0277778 0
0 0.565972 0 0.00972222 0
0 0.438889 1 0.0277778 0
0 0.438889 1 0.0277778 0
0 0.438889 1 0.0277778 0
0 0.438889 1 0.0277778 0
0 0.438889 1 0.0277778 0
0 0.565972 0 0.00972222 0
0 0.377083 0 0.0125 0
0 0.438889 1 0.0277778 0
0 0.565972 0 0.00972222 0
0 0.377083 0 0.0125 0
0 0.438889 1 0.0277778 0
0 0.565972 0 0.00972222 0
0 0.377083 0 0.0125 0
0 0.438889 1 0.0277778 0
0 0.377083 0 0.0125 0
0 0.565972 0 0.00972222 0
0 0.438889 1 0.0277778 0
0 0.565972 0 0.00972222 0
0 0.438889 1 0.0277778 0
0 0.565972 0 0.00972222 0
0 0.438889 1 0.0277778 0
0 0.565972 0 0.00972222 0
0 0.438889 1 0.0277778 0
0 0.565972 0 0.00972222 0
0 0.438889 1 0.0277778 0
0 0.565972 0 0.00972222 0
0 0.438889 1 0.0277778 0
0 0.565972 0 0.00972222 0
0 0.438889 1 0.0277778 0
0 0.565972 0 0.00972222 0
0 0.438889 1 0.0277778 0
0 0.565972 0 0.00972222 0
0 0.438889 1 0.0277778 0
0 0.565972 0 0.00972222 0
0 0.438889 1 0.0277778 0
0 0.565972 0 0.00972222 0
0 0.438889 1 0.0277778 0
0 0.565972 0 0.00972222 0
0 0.438889 1 0.0277778 0
0 0.565972 0 0.00972222 0
0 0.438889 1 0.0277778 0
0 0.565972 0 0.00972222 0
0 0.438889 1 0.0277778 0
0 0.565972 0 0.00972222 0
0 0.438889 1 0.0277778 0
0 0.565972 0 0.00972222 0
0 0.438889 1 0.0277778 0
0 0.565972 0 0.00972222 0
0 0.438889 1 0.0277778 0
0 0.565972 0 0.00972222 0
0 0.377083 0 0.0125 0
0 0.438889 1 0.0277778 0
0 0.565972 0 0.00972222 0
0 0.377083 0 0.0125 0
0 0.438889 1 0.0277778 0
0 0.565972 0 0.00972222 0
0 0.377083 0 0.0125 0
0 0.438889 1 0.0277778 0
0 0.565972 0 0.00972222 0
0 0.377083 0 0.0125 0
0 0.438889 1 0.0277778 0
0 0.565972 0 0.00972222 0
0 0.377083 0 0.0125 0
0 0.438889 1 0.0277778 0
0 0.565972 0 0.00972222 0
0 0.377083 0 0.0125 0
0 0.438889 1 0.0277778 0
0 0.565972 0 0.00972222 0
0 0.377083 0 0.0125 0
0 0.438889 1 0.0277778 0
0 0.565972 0 0.00972222 0
0 0.438889 1 0.0277778 0
0 0.565972 0 0.00972222 0
0 0.438889 1 0.0277778 0
0 0.565972 0 0.00972222 0
0 0.438889 1 0.0277778 0
0 0.565972 0 0.00972222 0
0 0.438889 1 0.0277778 0
0 0.565972 0 0.00972222 0
0 0.438889 1 0.0277778 0
0 0.377083 0 0.0125 0
0 0.566667 0 0.0111111 0
0 0.438889 1 0.0277778 0
0 0.566667 0 0.0111111 0
0 0.377083 0 0.0125 0
0 0.438889 1 0.0277778 0
0 0.377083 0 0.0125 0
0 0.565972 0 0.00972222 0
0 0.438889 1 0.0277778 0
0 0.565972 0 0.00972222 0
0 0.438889 1 0.0277778 0
0 0.565972 0 0.00972222 0
0 0.438889 1 0.0277778 0
0 0.565972 0 0.00972222 0
0 0.438889 1 0.0277778 0
0 0.565972 0 0.00972222 0
0 0.438889 1 0.0277778 0
0 0.377083 0 0.0125 0
0 0.565972 0 0.00972222 0
0 0.438889 1 0.0277778 0
0 0.377083 0 0.0125 0
0 0.565972 0 0.00972222 0
0 0.438889 1 0.0277778 0
0 0.565972 0 0.00972222 0
0 0.377083 0 0.0125 0
0 0.438889 1 0.0277778 0
0 0.565972 0 0.00972222 0
0 0.377083 0 0.0125 0
0 0.438889 1 0.0277778 0
0 0.565972 0 0.00972222 0
0 0.438889 1 0.0277778 0
0 0.565972 0 0.00972222 0
0 0.438889 1 0.0277778 0
0 0.377083 0 0.0125 0
0 0.566667 0 0.0111111 0
0 0.438889 1 0.0277778 0
0 0.565972 0 0.00972222 0
0 0.438889 1 0.0277778 0
0 0.566667 0 0.0111111 0
0 0.377083 0 0.0125 0
0 0.438889 1 0.0277778 0
0 0.565972 0 0.00972222 0
0 0.438889 1 0.0277778 0
0 0.377083 0 0.0125 0
0 0.566667 0 0.0111111 0
0 0.438889 1 0.0277778 0
0 0.565972 0 0.00972222 0
0 0.438889 1 0.0277778 0
0 0.565972 0 0.00972222 0
0 0.438889 1 0.0277778 0
0 0.565972 0 0.00972222 0
0 0.438889 1 0.0277778 0
0 0.565972 0 0.00972222 0
0 0.438889 1 0.0277778 0
0 0.565972 0 0.00972222 0
0 0.438889 1 0.0277778 0
0 0.565972 0 0.00972222 0
0 0.377083 0 0.0125 0
0 0.438889 1 0.0277778 0
0 0.566667 0 0.0111111 0
0 0.377083 0 0.0125 0
0 0.438889 1 0.0277778 0
0 0.565972 0 0.00972222 0
0 0.377083 0 0.0125 0
0 0.438889 1 0.0277778 0
0 0.565972 0 0.00972222 0
0 0.438889 1 0.0277778 0
0 0.565972 0 0.00972222 0
0 0.438889 1 0.0277778 0
0 0.565972 0 0.00972222 0
0 0.377083 0 0.0125 0
0 0.438889 1 0.0277778 0
0 0.565972 0 0.00972222 0
0 0.438889 1 0.0277778 0
0 0.565972 0 0.00972222 0
0 0.377083 0 0.0125 0
0 0.438889 1 0.0277778 0
0 0.565972 0 0.00972222 0
0 0.377083 0 0.0125 0
0 0.438889 1 0.0277778 0
0 0.377083 0 0.0125 0
0 0.565972 0 0.00972222 0
0 0.438889 1 0.0277778 0
0 0.565972 0 0.00972222 0
0 0.377083 0 0.0125 0
0 0.438889 1 0.0277778 0
0 0.438889 1 0.0277778 0
0 0.565972 0 0.00972222 0
0 0.438889 1 0.0277778 0
0 0.565972 0 0.00972222 0
0 0.438889 1 0.0277778 0
0 0.438889 1 0.0277778 0
0 0.565972 0 0.00972222 0
0 0.377083 0 0.0125 0
0 0.438889 1 0.0277778 0
0 0.377083 0 0.0125 0
0 0.565972 0 0.00972222 0
0 0.438889 1 0.0277778 0
0 0.438889 1 0.0277778 0
0 0.565972 0 0.00972222 0
0 0.377083 0 0.0125 0
0 0.438889 1 0.0277778 0
0 0.377083 0 0.0125 0
0 0.565972 0 0.00972222 0
0 0.438889 1 0.0277778 0
0 0.438889 1 0.0277778 0
0 0.565972 0 0.00972222 0
0 0.377083 0 0.0125 0
0 0.438889 1 0.0277778 0
0 0.565972 0 0.00972222 0
0 0.377083 0 0.0125 0
0 0.438889 1 0.0277778 0
0 0.565972 0 0.00972222 0
0 0.377083 0 0.0125 0
0 0.438889 1 0.0277778 0
0 0.438889 1 0.0277778 0
0 0.565972 0 0.00972222 0
0 0.438889 1 0.0277778 0
0 0.438889 1 0.0277778 0
0 0.438889 1 0.0277778 0
0 0.565972 0 0.00972222 0
0 0.440278 0.5 0.0277778 1
0 0.566667 0 0.0111111 0
0 0.440972 0.5 0.0291667 1
0 0.440972 0.5 0.0291667 1
0 0.567361 0 0.00972222 0
0 0.440972 0.5 0.0291667 1
0 0.441667 0.5 0.0277778 1
0 0.441667 0.5 0.0277778 1
0 0.567361 0 0.00972222 0
0 0.441667 0.5 0.0277778 1
0 0.441667 0.5 0.0277778 1
0 0.443056 0.5 0.0277778 1
0 0.568056 0 0.0111111 0
0 0.44375 0.5 0.0263889 1
0 0.44375 0.5 0.0263889 1
0 0.445139 0 0.0263889 0
0 0.503472 0 0.0347222 0
0 0.446528 0 0.0263889 0
0 0.446528 0 0.0263889 0
0 0.447222 0 0.0277778 0
0 0.447222 0 0.0277778 0
0 0.448611 0 0.0277778 0
0 0.449306 0 0.0291667 0
0 0.45 0 0.0277778 0
0 0.450694 0 0.0291667 0
0 0.451389 0 0.0277778 0
0 0.452083 0 0.0291667 0
0 0.452083 0 0.0291667 0
0 0.453472 0 0.0291667 0
0 0.453472 0 0.0291667 0
0 0.454861 0 0.0291667 0
0 0.577778 0 0.0111111 0
0 0.454861 0 0.0291667 0
0 0.382639 0 0.0125 0
0 0.579167 0 0.0111111 0
0 0.45625 0 0.0291667 0
0 0.580556 0 0.0111111 0
0 0.38125 0 0.0125 0
0 0.45625 0 0.0291667 0
0 0.580556 0 0.0111111 0
0 0.38125 0 0.0125 0
0 0.45625 0 0.0291667 0
0 0.58125 0 0.0125 0
0 0.456944 0 0.0305556 0
0 0.581944 0 0.0138889 0
0 0.458333 0 0.0305556 0
0 0.459028 0 0.0319444 0
0 0.459028 0 0.0319444 0
0 0.459028 0 0.0319444 0
0 0.459722 0 0.0333333 0
0 0.459722 0 0.0333333 0
0 0.377778 0 0.0138889 0
0 0.588194 0 0.0125 0
0 0.459028 0 0.0347222 0
0 0.588889 0 0.0111111 0
0 0.460417 0 0.0347222 0
0 0.589583 0 0.0125 0
0 0.460417 0 0.0375 0
0 0.590278 0 0.0111111 0
0 0.459722 0 0.0361111 0
0 0.460417 0 0.0375 0
0 0.591667 0 0.0111111 0
0 0.495139 0 0.0402778 0
0 0.460417 0 0.0375 0
0 0.592361 0 0.0152778 0
0 0.460417 0 0.0375 0
0 0.593056 0 0.0138889 0
0 0.460417 0 0.0375 0
0 0.460417 0 0.0375 0
0 0.594444 0 0.0138889 0
0 0.459722 0 0.0388889 0
0 0.708333 0 0.0138889 0
0 0.460417 0 0.0402778 0
0 0.596528 0 0.0125 0
0 0.459028 0 0.0430556 0
0 0.371528 0 0.0152778 0
0 0.597222 0 0.0138889 0
0 0.459028 0 0.0402778 0
0 0.371528 0 0.0152778 0
0 0.715278 0 0.0138889 0
0 0.456944 0 0.0444444 0
0 0.370139 0 0.0152778 0
0 0.456944 0 0.0444444 0
0 0.6 0 0.0138889 0
0 0.455556 0 0.0444444 0
0 0.600694 0 0.0125 0
0 0.455556 0 0.0444444 0
0 0.722222 0 0.0138889 0
0 0.602083 0 0.0152778 0
0 0.454861 0 0.0486111 0
0 0.725 0 0.0138889 0
0 0.603472 0 0.0152778 0
0 0.453472 0 0.0486111 0
0 0.725694 0 0.0152778 0
0 0.364583 0 0.0152778 0
0 0.604167 0 0.0138889 0
0 0.452778 0 0.05 0
0 0.729861 0 0.0152778 0
0 0.60625 0 0.0152778 0
0 0.45 0 0.0611111 0
0 0.729861 0 0.0152778 0
0 0.60625 0 0.0152778 0
0 0.45 0 0.0611111 0
0 0.729861 0 0.0152778 0
0 0.60625 0 0.0152778 0
0 0.45 0 0.0611111 0
0 0.729861 0 0.0152778 0
0 0.60625 0 0.0152778 0
0 0.45 0 0.0611111 0
0 0.73125 0 0.0152778 0
0 0.60625 0 0.0152778 0
0 0.449306 0 0.0569444 0
0 0.73125 0 0.0152778 0
0 0.60625 0 0.0152778 0
0 0.449306 0 0.0569444 0
0 0.73125 0 0.0152778 0
0 0.60625 0 0.0152778 0
0 0.449306 0 0.0569444 0
0 0.73125 0 0.0152778 0
0 0.60625 0 0.0152778 0
0 0.449306 0 0.0569444 0
0 0.73125 0 0.0152778 0
0 0.60625 0 0.0152778 0
0 0.449306 0 0.0569444 0
0 0.73125 0 0.0152778 0
0 0.60625 0 0.0152778 0
0 0.449306 0 0.0569444 0
0 0.73125 0 0.0152778 0
0 0.60625 0 0.0152778 0
0 0.449306 0 0.0569444 0
0 0.73125 0 0.0152778 0
0 0.60625 0 0.0152778 0
0 0.449306 0 0.0569444 0
0 0.73125 0 0.0152778 0
0 0.60625 0 0.0152778 0
0 0.449306 0 0.0569444 0
0 0.73125 0 0.0152778 0
0 0.60625 0 0.0152778 0
0 0.449306 0 0.0569444 0
0 0.73125 0 0.0152778 0
0 0.60625 0 0.0152778 0
0 0.449306 0 0.0569444 0
0 0.73125 0 0.0152778 0
0 0.60625 0 0.0152778 0
0 0.449306 0 0.0569444 0
0 0.73125 0 0.0152778 0
0 0.60625 0 0.0152778 0
0 0.449306 0 0.0569444 0
0 0.73125 0 0.0152778 0
0 0.60625 0 0.0152778 0
0 0.449306 0 0.0569444 0
0 0.73125 0 0.0152778 0
0 0.60625 0 0.0152778 0
0 0.449306 0 0.0569444 0
0 0.73125 0 0.0152778 0
0 0.60625 0 0.0152778 0
0 0.449306 0 0.0569444 0
0 0.73125 0 0.0152778 0
0 0.60625 0 0.0152778 0
0 0.449306 0 0.0569444 0
0 0.73125 0 0.0152778 0
0 0.60625 0 0.0152778 0
0 0.449306 0 0.0569444 0
0 0.73125 0 0.0152778 0
0 0.60625 0 0.0152778 0
0 0.449306 0 0.0569444 0
0 0.73125 0 0.0152778 0
0 0.60625 0 0.0152778 0
0 0.449306 0 0.0569444 0
0 0.188194 0 0.0180556 0
0 0.339583 0 0.0180556 0
0 0.6375 0 0.0166667 0
0 0.790278 0 0.0194444 0
0 0.558333 1 0.113889 0
0 0.184028 0 0.0180556 0
0 0.3375 0 0.0194444 0
0 0.795139 0 0.0180556 0
0 0.477778 0.5 0.119444 1
0 0.640972 0 0.0208333 0
0 0.183333 0 0.0194444 0
0 0.3375 0 0.0194444 0
0 0.795139 0 0.0180556 0
0 0.466667 0.5 0.127778 1
0 0.640972 0 0.0208333 0
0 0.799306 0 0.0180556 0
0 0.302778 0 0.136111 0
0 0.496528 0 0.0625 0
0 0.643056 0 0.0194444 0
0 0.802778 0 0.0194444 0
0 0.336111 0 0.0194444 0
0 0.450694 0 0.0347222 0
0 0.49375 0 0.0708333 0
0 0.645833 0 0.0194444 0
0 0.451389 0 0.0305556 0
0 0.492361 0 0.0652778 0
0 0.334722 0 0.0194444 0
0 0.80625 0 0.0208333 0
0 0.647222 0 0.0194444 0
0 0.173611 0 0.0194444 0
0 0.493056 0 0.0666667 0
0 0.334028 0 0.0180556 0
0 0.809028 0 0.0208333 0
0 0.648611 0 0.0194444 0
0 0.172917 0 0.0180556 0
0 0.493056 0 0.0694444 0
0 0.334028 0 0.0208333 0
0 0.809722 0 0.0194444 0
0 0.649306 0 0.0208333 0
0 0.172917 0 0.0180556 0
0 0.493056 0 0.0694444 0
0 0.334028 0 0.0208333 0
0 0.809722 0 0.0194444 0
0 0.649306 0 0.0208333 0
0 0.172917 0 0.0180556 0
0 0.493056 0 0.0694444 0
0 0.334028 0 0.0208333 0
0 0.809722 0 0.0194444 0
0 0.649306 0 0.0208333 0
0 0.172917 0 0.0180556 0
0 0.493056 0 0.0694444 0
0 0.334028 0 0.0208333 0
0 0.809722 0 0.0194444 0
0 0.649306 0 0.0208333 0
0 0.172917 0 0.0180556 0
0 0.493056 0 0.0694444 0
0 0.334028 0 0.0208333 0
0 0.809722 0 0.0194444 0
0 0.649306 0 0.0208333 0
0 0.172917 0 0.0180556 0
0 0.493056 0 0.0694444 0
0 0.334028 0 0.0208333 0
0 0.809722 0 0.0194444 0
0 0.649306 0 0.0208333 0
0 0.172917 0 0.0180556 0
0 0.493056 0 0.0694444 0
0 0.334028 0 0.0208333 0
0 0.809722 0 0.0194444 0
0 0.649306 0 0.0208333 0
0 0.172917 0 0.0180556 0
0 0.493056 0 0.0694444 0
0 0.334028 0 0.0208333 0
0 0.809722 0 0.0194444 0
0 0.649306 0 0.0208333 0
0 0.172917 0 0.0180556 0
0 0.493056 0 0.0694444 0
0 0.334028 0 0.0208333 0
0 0.809722 0 0.0194444 0
0 0.649306 0 0.0208333 0
0 0.172917 0 0.0180556 0
0 0.493056 0 0.0694444 0
0 0.334028 0 0.0208333 0
0 0.809722 0 0.0194444 0
0 0.649306 0 0.0208333 0
0 0.172917 0 0.0180556 0
0 0.493056 0 0.0694444 0
0 0.334028 0 0.0208333 0
0 0.809722 0 0.0194444 0
0 0.649306 0 0.0208333 0
0 0.172917 0 0.0180556 0
0 0.493056 0 0.0694444 0
0 0.334028 0 0.0208333 0
0 0.809722 0 0.0194444 0
0 0.649306 0 0.0208333 0
0 0.172917 0 0.0180556 0
0 0.493056 0 0.0694444 0
0 0.334028 0 0.0208333 0
0 0.809722 0 0.0194444 0
0 0.649306 0 0.0208333 0
0 0.172917 0 0.0180556 0
0 0.493056 0 0.0694444 0
0 0.334028 0 0.0208333 0
0 0.809722 0 0.0194444 0
0 0.649306 0 0.0208333 0
0 0.172917 0 0.0180556 0
0 0.493056 0 0.0694444 0
0 0.334028 0 0.0208333 0
0 0.809722 0 0.0194444 0
0 0.649306 0 0.0208333 0
0 0.172917 0 0.0180556 0
0 0.493056 0 0.0694444 0
0 0.334028 0 0.0208333 0
0 0.809722 0 0.0194444 0
0 0.649306 0 0.0208333 0
0 0.172917 0 0.0180556 0
0 0.493056 0 0.0694444 0
0 0.334028 0 0.0208333 0
0 0.809722 0 0.0194444 0
0 0.649306 0 0.0208333 0
0 0.172917 0 0.0180556 0
0 0.493056 0 0.0694444 0
0 0.334028 0 0.0208333 0
0 0.809722 0 0.0194444 0
0 0.649306 0 0.0208333 0
0 0.172917 0 0.0180556 0
0 0.493056 0 0.0694444 0
0 0.334028 0 0.0208333 0
0 0.809722 0 0.0194444 0
0 0.649306 0 0.0208333 0
0 0.172917 0 0.0180556 0
0 0.493056 0 0.0694444 0
0 0.334028 0 0.0208333 0
0 0.809722 0 0.0194444 0
0 0.649306 0 0.0208333 0
0 0.172917 0 0.0180556 0
0 0.493056 0 0.0694444 0
0 0.334028 0 0.0208333 0
0 0.809722 0 0.0194444 0
0 0.649306 0 0.0208333 0
0 0.172917 0 0.0180556 0
0 0.493056 0 0.0694444 0
0 0.334028 0 0.0208333 0
0 0.809722 0 0.0194444 0
0 0.649306 0 0.0208333 0
0 0.172917 0 0.0180556 0
0 0.493056 0 0.0694444 0
0 0.334028 0 0.0208333 0
0 0.809722 0 0.0194444 0
0 0.649306 0 0.0208333 0
0 0.172917 0 0.0180556 0
0 0.493056 0 0.0694444 0
0 0.334028 0 0.0208333 0
0 0.809722 0 0.0194444 0
0 0.649306 0 0.0208333 0
0 0.172222 0 0.0194444 0
0 0.493056 0 0.0722222 0
0 0.810417 0 0.0208333 0
0 0.649306 0 0.0208333 0
0 0.333333 0 0.0194444 0
0 0.495833 0 0.0694444 0
0 0.829167 0 0.0222222 0
0 0.559722 0 0.0472222 0
0 0.334028 0 0.0208333 0
0 0.661806 0 0.0208333 0
0 0.495833 0 0.0694444 0
0 0.560417 0 0.0430556 0
0 0.829861 0 0.0208333 0
0 0.334028 0 0.0208333 0
0 0.661806 0 0.0208333 0
0 0.559722 0 0.0444444 0
0 0.496528 0 0.0680556 0
0 0.829861 0 0.0208333 0
0 0.6625 0 0.0194444 0
0 0.335417 0 0.0208333 0
0 0.560417 0 0.0430556 0
0 0.83125 0 0.0208333 0
0 0.497222 0 0.0722222 0
0 0.335417 0 0.0208333 0
0 0.6625 0 0.0194444 0
0 0.83125 0 0.0208333 0
0 0.563194 0 0.0430556 0
0 0.334722 0 0.0194444 0
0 0.663889 0 0.0194444 0
0 0.564583 0 0.0402778 0
0 0.497222 0 0.0694444 0
0 0.167361 0 0.0208333 0
0 0.832639 0 0.0208333 0
0 0.664583 0 0.0208333 0
0 0.335417 0 0.0208333 0
0 0.5625 0 0.0444444 0
0 0.335417 0 0.0208333 0
0 0.503472 0 0.0625 0
0 0.832639 0 0.0208333 0
0 0.664583 0 0.0208333 0
0 0.167361 0 0.0208333 0
0 0.335417 0 0.0208333 0
0 0.834722 0 0.0222222 0
0 0.29375 0 0.00972222 0
0 0.665278 0 0.0194444 0
0 0.336111 0 0.0194444 0
0 0.834722 0 0.0222222 0
0 0.665972 0 0.0208333 0
0 0.508333 0 0.0527778 0
0 0.336806 0 0.0208333 0
0 0.834722 0 0.0222222 0
0 0.666667 0 0.0222222 0
0 0.168056 0 0.0194444 0
0 0.336111 0 0.0222222 0
0 0.836111 0 0.0194444 0
0 0.666667 0 0.0222222 0
0 0.3375 0 0.0194444 0
0 0.16875 0 0.0208333 0
0 0.836806 0 0.0208333 0
0 0.667361 0 0.0208333 0
0 0.169444 0 0.0194444 0
0 0.3375 0 0.0194444 0
0 0.836806 0 0.0208333 0
0 0.668056 0 0.0222222 0
0 0.169444 0 0.0194444 0
0 0.411111 1 0.00833333 0
0 0.836111 0 0.0222222 0
0 0.667361 0 0.0208333 0
0 0.3375 0 0.0194444 0
0 0.169444 0 0.0194444 0
0 0.402778 1 0.00833333 0
0 0.836806 0 0.0208333 0
0 0.338194 0 0.0208333 0
0 0.667361 0 0.0208333 0
0 0.8375 0 0.0194444 0
0 0.170833 0 0.0194444 0
0 0.338889 0 0.0194444 0
0 0.66875 0 0.0236111 0
0 0.836806 0 0.0208333 0
0 0.339583 0 0.0208333 0
0 0.172222 0 0.0194444 0
0 0.669444 0 0.0194444 0
0 0.339583 0 0.0208333 0
0 0.171528 0 0.0208333 0
0 0.669444 0 0.0194444 0
0 0.510417 0 0.0513889 0
0 0.838889 0 0.0222222 0
0 0.171528 0 0.0208333 0
0 0.340972 0 0.0208333 0
0 0.669444 0 0.0222222 0
0 0.304861 1 0.00972222 0
0 0.838194 0 0.0208333 0
0 0.172222 0 0.0194444 0
0 0.340972 0 0.0208333 0
0 0.669444 0 0.0222222 0
0 0.509028 0 0.0541667 0
0 0.340972 0 0.0208333 0
0 0.838889 0 0.0222222 0
0 0.173611 0 0.0194444 0
0 0.669444 0 0.0194444 0
0 0.172917 0 0.0208333 0
0 0.570833 0 0.0444444 0
0 0.340972 0 0.0208333 0
0 0.506944 0 0.0611111 0
0 0.839583 0 0.0208333 0
0 0.670833 0 0.0194444 0
0 0.172222 0 0.0194444 0
0 0.570139 0 0.0430556 0
0 0.340972 0 0.0208333 0
0 0.839583 0 0.0208333 0
0 0.670833 0 0.0222222 0
0 0.728472 0 0.00694444 0
0 0.840278 0 0.0222222 0
0 0.341667 0 0.0222222 0
0 0.671528 0 0.0208333 0
0 0.173611 0 0.0194444 0
0 0.342361 0 0.0208333 0
0 0.840972 0 0.0236111 0
0 0.672222 0 0.0222222 0
0 0.341667 0 0.0222222 0
0 0.841667 0 0.0222222 0
0 0.672222 0 0.0222222 0
0 0.342361 0 0.0208333 0
0 0.841667 0 0.0222222 0
0 0.672222 0 0.0222222 0
0 0.174306 0 0.0180556 0
0 0.842361 0 0.0208333 0
0 0.34375 0 0.0208333 0
0 0.673611 0 0.0222222 0
0 0.843056 0 0.0222222 0
0 0.173611 0 0.0194444 0
0 0.34375 0 0.0208333 0
0 0.673611 0 0.0222222 0
0 0.573611 0 0.0416667 0
0 0.174306 0 0.0208333 0
0 0.344444 0 0.0194444 0
0 0.674306 0 0.0208333 0
0 0.843056 0 0.0222222 0
0 0.174306 0 0.0208333 0
0 0.34375 0 0.0180556 0
0 0.674306 0 0.0180556 0
0 0.173611 0 0.0194444 0
0 0.843056 0 0.0222222 0
0 0.675 0 0.0194444 0
0 0.345139 0 0.0208333 0
0 0.675 0 0.0194444 0
0 0.84375 0 0.0208333 0
0 0.344444 0 0.0222222 0
0 0.673611 0 0.0222222 0
0 0.84375 0 0.0208333 0
0 0.844444 0 0.0222222 0
0 0.345139 0 0.0208333 0
0 0.675694 0 0.0208333 0
0 0.844444 0 0.0222222 0
0 0.345139 0 0.0208333 0
0 0.675694 0 0.0208333 0
0 0.844444 0 0.0222222 0
0 0.345139 0 0.0208333 0
0 0.675694 0 0.0208333 0
0 0.844444 0 0.0222222 0
0 0.345139 0 0.0208333 0
0 0.675694 0 0.0208333 0
0 0.844444 0 0.0222222 0
0 0.345139 0 0.0208333 0
0 0.675694 0 0.0208333 0
0 0.346528 0 0.0208333 0
0 0.676389 0 0.0194444 0
0 0.845833 0 0.0222222 0
0 0.347222 0 0.0194444 0
0 0.677083 0 0.0208333 0
0 0.847222 0 0.0222222 0
0 0.347222 0 0.0194444 0
0 0.676389 0 0.0194444 0
0 0.846528 0 0.0208333 0
0 0.347222 0 0.0194444 0
0 0.677778 0 0.0194444 0
0 0.572222 0 0.0666667 0
0 0.847917 0 0.0208333 0
0 0.347917 0 0.0208333 0
0 0.678472 0 0.0208333 0
0 0.570139 0 0.0652778 0
0 0.347917 0 0.0208333 0
0 0.679167 0 0.0222222 0
0 0.175694 0 0.0208333 0
0 0.851389 0 0.0222222 0
0 0.347222 0 0.0222222 0
0 0.680556 0 0.0222222 0
0 0.853472 0 0.0236111 0
0 0.681944 0 0.0194444 0
0 0.346528 0 0.0208333 0
0 0.681944 0 0.0222222 0
0 0.853472 0 0.0236111 0
0 0.346528 0 0.0208333 0
0 0.856944 0 0.0222222 0
0 0.345833 0 0.0222222 0
0 0.683333 0 0.0222222 0
0 0.345139 0 0.0208333 0
0 0.684722 0 0.0222222 0
0 0.344444 0 0.0194444 0
0 0.686111 0 0.0222222 0
0 0.865972 0 0.0236111 0
0 0.343056 0 0.0194444 0
0 0.688889 0 0.0194444 0
0 0.870139 0 0.0236111 0
0 0.342361 0 0.0208333 0
0 0.691667 0 0.0222222 0
0 0.340278 0 0.0222222 0
0 0.693056 0 0.0222222 0
0 0.695139 0 0.0236111 0
0 0.338889 0 0.0222222 0
0 0.336806 0 0.0208333 0
0 0.698611 0 0.0222222 0
0 0.890278 0 0.025 0
0 0.336111 0 0.0222222 0
0 0.701389 0 0.0222222 0
0 0.895139 0 0.0236111 0
0 0.704861 0 0.0236111 0
0 0.333333 0 0.0222222 0
0 0.33125 0 0.0236111 0
0 0.707639 0 0.0236111 0
0 0.326389 0 0.025 0
0 0.715972 0 0.0236111 0
0 0.325 0 0.0222222 0
0 0.71875 0 0.0236111 0
0 0.629861 0 0.0847222 0
0 0.323611 0 0.025 0
0 0.721528 0 0.0263889 0
0 0.724306 0 0.0263889 0
0 0.322222 0 0.025 0
0 0.725 0 0.025 0
0 0.320833 0 0.025 0
0 0.319444 0 0.025 0
0 0.729167 0 0.025 0
0 0.317361 0 0.0263889 0
0 0.733333 0 0.0277778 0
0 0.315972 0 0.0263889 0
0 0.734722 0 0.0277778 0
0 0.649306 0 0.0847222 0
0 0.738194 0 0.0263889 0
0 0.313889 0 0.0277778 0
0 0.739583 0 0.0263889 0
0 0.313194 0 0.0263889 0
0 0.650694 0 0.0847222 0
0 0.311111 0 0.0277778 0
0 0.745139 0 0.0263889 0
0 0.448611 0 0.0583333 0
0 0.747917 0 0.0291667 0
0 0.309028 0 0.0263889 0
0 0.984028 0 0.0291667 0
0 0.30625 0 0.0263889 0
0 0.754167 0 0.0277778 0
0 0.499306 1 0.00694444 0
0 0.9875 0 0.025 0
0 0.758333 0 0.0277778 0
0 0.303472 0 0.0263889 0
0 0.505556 1 0.00833333 0
0 0.990972 0 0.0180556 0
0 0.763194 0 0.0291667 0
0 0.3 0 0.0277778 0
0 0.505556 1 0.00833333 0
0 0.993056 0 0.0138889 0
0 0.495139 1 0.00972222 0
0 0.3 0 0.0277778 0
0 0.765972 0 0.0291667 0
0 0.502083 1 0.00694444 0
0 0.44375 0 0.0736111 0
0 0.297222 0 0.0277778 0
0 0.770139 0 0.0291667 0
0 0.442361 0 0.0791667 0
0 0.780556 0 0.0305556 0
0 0.290278 0 0.0305556 0
0 0.44375 0 0.0763889 0
0 0.788194 0 0.0319444 0
0 0.286111 0 0.0305556 0
0 0.443056 0 0.0805556 0
0 0.79375 0 0.0319444 0
0 0.282639 0 0.0291667 0
0 0.440972 0 0.0847222 0
0 0.799306 0 0.0347222 0
0 0.279167 0 0.0305556 0
0 0.438889 0 0.0777778 0
0 0.275694 0 0.0319444 0
0 0.805556 0 0.0333333 0
0 0.438889 0 0.0944444 0
0 0.272222 0 0.0333333 0
0 0.811806 0 0.0347222 0
0 0.440278 0 0.0972222 0
0 0.26875 0 0.0319444 0
0 0.817361 0 0.0347222 0
0 0.4375 0 0.105556 0
0 0.263194 0 0.0347222 0
0 0.826389 0 0.0361111 0
0 0.432639 0 0.101389 0
0 0.261111 0 0.0361111 0
0 0.83125 0 0.0375 0
0 0.579167 0 0.0138889 0
0 0.432639 0 0.101389 0
0 0.260417 0 0.0375 0
0 0.832639 0 0.0375 0
0 0.431944 0 0.119444 0
0 0.591667 0 0.0194444 0
0 0.852778 0 0.0416667 0
0 0.248611 0 0.0388889 0
0 0.595833 0 0.0194444 0
0 0.426389 0 0.113889 0
0 0.247222 0 0.0388889 0
0 0.588194 1 0.0208333 0
0 0.424306 0 0.118056 0
0 0.601389 0 0.0194444 0
0 0.426389 0 0.119444 0
0 0.584028 1 0.0180556 0
0 0.59375 1 0.0236111 0
0 0.608333 0 0.0194444 0
0 0.425 0 0.119444 0
0 0.615278 0 0.0194444 0
0 0.425 0 0.119444 0
0 0.615278 0 0.0194444 0
0 0.426389 0 0.125 0
0 0.418056 0 0.127778 0
0 0.468056 0 0.0611111 0
0 0.41875 0 0.129167 0
0 0.705556 1 0.0277778 0
0 0.468056 0 0.0611111 0
0 0.419444 0 0.133333 0
0 0.465972 0 0.0625 0
0 0.398611 1 0.1 0
0 0.93125 0 0.0375 0
0 0.945833 0 0.0388889 0
0 0.784028 0 0.0152778 0
0 0.988889 0 0.0222222 0
0 0.99375 0 0.0125 0
0 0.75625 0.5 0.0180556 1
0 0.832639 0 0.0236111 0
0 0.832639 0 0.0236111 0
0 0.832639 0 0.0236111 0
0 0.832639 0 0.0236111 0
0 0.832639 0 0.0236111 0
0 0.832639 0 0.0236111 0
0 0.832639 0 0.0236111 0
0 0.832639 0 0.0236111 0
0 0.832639 0 0.0236111 0
0 0.832639 0 0.0236111 0
0 0.833333 0 0.0222222 0
