0 0.469444 0 0.0222222 0
0 0.469444 0 0.0222222 0
0 0.469444 0 0.0222222 0
0 0.469444 0 0.0222222 0
0 0.469444 0 0.0222222 0
0 0.469444 0 0.0222222 0
0 0.469444 0 0.0222222 0
0 0.469444 0 0.0222222 0
0 0.469444 0 0.0222222 0
0 0.469444 0 0.0222222 0
0 0.469444 0 0.0222222 0
0 0.469444 0 0.0222222 0
0 0.469444 0 0.0222222 0
0 0.469444 0 0.0222222 0
0 0.469444 0 0.0222222 0
0 0.469444 0 0.0222222 0
0 0.469444 0 0.0222222 0
0 0.469444 0 0.0222222 0
0 0.469444 0 0.0222222 0
0 0.469444 0 0.0222222 0
0 0.469444 0 0.0222222 0
0 0.469444 0 0.0222222 0
0 0.469444 0 0.0222222 0
0 0.46875 0 0.0208333 0
0 0.467361 0 0.0236111 0
0 0.464583 0 0.0208333 0
0 0.4625 0 0.0194444 0
0 0.461111 0 0.0222222 0
0 0.458333 0 0.0222222 0
0 0.455556 0 0.0222222 0
0 0.455556 0 0.0222222 0
0 0.453472 0 0.0236111 0
0 0.452083 0 0.0208333 0
0 0.452083 0 0.0208333 0
0 0.448611 0 0.0222222 0
0 0.448611 0 0.0222222 0
0 0.445833 0 0.0222222 0
0 0.445139 0 0.0208333 0
0 0.442361 0 0.0236111 0
0 0.440278 0.5 0.0222222 1
0 0.438194 0.5 0.0208333 1
0 0.438194 0.5 0.0208333 1
0 0.438194 0.5 0.0208333 1
0 0.436806 1 0.0208333 0
0 0.436806 1 0.0208333 0
0 0.436111 1 0.0222222 0
0 0.435417 1 0.0208333 0
0 0.436111 1 0.0222222 0
0 0.435417 1 0.0208333 0
0 0.435417 1 0.0208333 0
0 0.435417 1 0.0208333 0
0 0.435417 1 0.0208333 0
0 0.435417 1 0.0208333 0
0 0.435417 1 0.0208333 0
0 0.434722 1 0.0222222 0
0 0.434722 1 0.0222222 0
0 0.434028 1 0.0208333 0
0 0.432639 1 0.0208333 0
0 0.432639 1 0.0208333 0
0 0.43125 1 0.0208333 0
0 0.430556 1 0.0222222 0
0 0.427778 1 0.0222222 0
0 0.426389 1 0.0194444 0
0 0.423611 1 0.0222222 0
0 0.423611 1 0.0222222 0
0 0.422222 1 0.0222222 0
0 0.423611 1 0.0222222 0
0 0.425 1 0.0194444 0
0 0.427083 1 0.0208333 0
0 0.427778 1 0.0222222 0
0 0.427778 1 0.0222222 0
0 0.427778 1 0.0222222 0
0 0.428472 0.5 0.0208333 1
0 0.428472 0.5 0.0208333 1
0 0.429167 0.5 0.0222222 1
0 0.429861 0.5 0.0236111 1
0 0.430556 0.5 0.0222222 1
0 0.429167 0 0.0222222 0
0 0.430556 0 0.0222222 0
0 0.430556 0 0.0222222 0
0 0.43125 0 0.0208333 0
0 0.430556 0 0.0222222 0
0 0.430556 0 0.0222222 0
0 0.43125 0 0.0208333 0
0 0.43125 0 0.0208333 0
0 0.432639 0 0.0208333 0
0 0.432639 0 0.0208333 0
0 0.433333 0 0.0222222 0
0 0.434722 0 0.0222222 0
0 0.436111 0 0.0222222 0
0 0.439583 0 0.0208333 0
0 0.440972 0 0.0208333 0
0 0.440972 0 0.0208333 0
0 0.445139 0 0.0208333 0
0 0.447917 0.5 0.0208333 1
0 0.452083 0.5 0.0208333 1
0 0.447917 0 0.0291667 0
0 0.45625 0.5 0.0208333 1
0 0.459028 0.5 0.0208333 1
0 0.464583 0.5 0.0208333 1
0 0.454167 0 0.0305556 0
0 0.467361 0.5 0.0180556 1
0 0.470833 0.5 0.0194444 1
0 0.479167 0 0.0305556 0
0 0.479167 0 0.0305556 0
0 0.479861 0 0.0319444 0
0 0.480556 0 0.0194444 0
0 0.480556 0 0.0194444 0
0 0.478472 0 0.0208333 0
0 0.475694 0 0.0208333 0
0 0.471528 0 0.0208333 0
0 0.468056 0 0.0305556 0
0 0.470139 0 0.0208333 0
0 0.467361 0 0.0208333 0
0 0.467361 0 0.0208333 0
0 0.464583 0 0.0208333 0
0 0.463194 0 0.0208333 0
0 0.460417 0 0.0208333 0
0 0.459028 0 0.0208333 0
0 0.45625 0 0.0291667 0
0 0.457639 0 0.0208333 0
0 0.45625 0 0.0291667 0
0 0.457639 0 0.0208333 0
0 0.456944 0 0.0194444 0
0 0.457639 0 0.0208333 0
0 0.453472 0 0.0319444 0
0 0.458333 0 0.0222222 0
0 0.459028 0 0.0208333 0
0 0.461111 0 0.0222222 0
0 0.461111 0 0.0222222 0
0 0.463889 0 0.0194444 0
0 0.464583 0 0.0208333 0
0 0.465278 0 0.0222222 0
0 0.467361 0 0.0208333 0
0 0.46875 0 0.0208333 0
0 0.470139 0 0.0208333 0
0 0.470139 0 0.0208333 0
0 0.473611 0 0.0222222 0
0 0.475 0 0.0194444 0
0 0.476389 0 0.0194444 0
0 0.478472 0 0.0208333 0
0 0.479861 0 0.0208333 0
0 0.468056 0 0.0305556 0
0 0.48125 0 0.0291667 0
0 0.480556 0 0.0305556 0
0 0.479167 0 0.0305556 0
0 0.477778 0 0.0166667 0
0 0.477083 0 0.0152778 0
0 0.477083 0 0.0180556 0
0 0.475694 0 0.0180556 0
0 0.475694 0 0.0180556 0
0 0.475694 0 0.0180556 0
0 0.475 0 0.0166667 0
0 0.474306 0 0.0180556 0
0 0.474306 0 0.0180556 0
0 0.46875 0 0.0319444 0
0 0.474306 0 0.0180556 0
0 0.474306 0 0.0180556 0
0 0.474306 0 0.0180556 0
0 0.46875 0 0.0319444 0
0 0.474306 0 0.0180556 0
0 0.475 0 0.0166667 0
0 0.475 0 0.0166667 0
0 0.475 0 0.0166667 0
0 0.475694 0.5 0.0180556 1
0 0.475694 0.5 0.0180556 1
0 0.475694 0.5 0.0152778 1
0 0.475694 0 0.0125 0
0 0.473611 0.5 0.0166667 1
0 0.472222 0.5 0.0166667 1
0 0.472222 0.5 0.0166667 1
0 0.472917 0.5 0.0180556 1
0 0.470833 0.5 0.0166667 1
0 0.470139 0.5 0.0180556 1
0 0.484722 0.5 0.0388889 1
0 0.470139 0.5 0.0180556 1
0 0.484722 0.5 0.0388889 1
0 0.470139 0.5 0.0180556 1
0 0.480556 0.5 0.0361111 1
0 0.470139 0.5 0.0180556 1
0 0.479861 0.5 0.0347222 1
0 0.469444 0.5 0.0194444 1
0 0.482639 0.5 0.0375 1
0 0.469444 0.5 0.0194444 1
0 0.48125 0.5 0.0347222 1
0 0.468056 0.5 0.0194444 1
0 0.478472 0.5 0.0319444 1
0 0.467361 0.5 0.0208333 1
0 0.476389 0.5 0.0305556 1
0 0.467361 0.5 0.0208333 1
0 0.465972 0.5 0.0208333 1
0 0.465972 0.5 0.0208333 1
0 0.465278 0.5 0.0194444 1
0 0.463889 0.5 0.0194444 1
0 0.4625 0.5 0.0194444 1
0 0.461111 0.5 0.0222222 1
0 0.459028 0.5 0.0208333 1
0 0.457639 0.5 0.0208333 1
0 0.457639 0.5 0.0208333 1
0 0.456944 0.5 0.0194444 1
0 0.45625 0.5 0.0208333 1
0 0.454861 0.5 0.0208333 1
0 0.453472 0.5 0.0208333 1
0 0.452778 0.5 0.0222222 1
0 0.452778 0.5 0.0222222 1
0 0.452778 0.5 0.0222222 1
0 0.452778 0.5 0.0222222 1
0 0.452083 0.5 0.0208333 1
0 0.452083 0.5 0.0208333 1
0 0.452083 0.5 0.0208333 1
0 0.452778 0.5 0.0222222 1
0 0.452778 0.5 0.0222222 1
0 0.452778 0.5 0.0222222 1
0 0.452778 0.5 0.0222222 1
0 0.452778 0.5 0.0222222 1
0 0.452778 0.5 0.0222222 1
0 0.453472 0.5 0.0236111 1
0 0.453472 0.5 0.0236111 1
0 0.454167 0.5 0.0222222 1
0 0.454167 0.5 0.0222222 1
0 0.454167 0.5 0.0222222 1
0 0.454861 0.5 0.0208333 1
0 0.455556 0.5 0.0222222 1
0 0.45625 0.5 0.0208333 1
0 0.456944 0.5 0.0194444 1
0 0.457639 0.5 0.0208333 1
0 0.457639 0.5 0.0208333 1
0 0.457639 0.5 0.0208333 1
0 0.459028 0.5 0.0208333 1
0 0.459722 0.5 0.0222222 1
0 0.461111 0.5 0.0222222 1
0 0.4625 1 0.0194444 0
0 0.463194 1 0.0208333 0
0 0.464583 1 0.0208333 0
0 0.465278 1 0.0222222 0
0 0.465278 0 0.0305556 0
0 0.466667 1 0.0222222 0
0 0.465278 0 0.0305556 0
0 0.466667 1 0.0222222 0
0 0.467361 0 0.0291667 0
0 0.467361 1 0.0208333 0
0 0.465972 0 0.0291667 0
0 0.468056 1 0.0194444 0
0 0.469444 1 0.0194444 0
0 0.470833 1 0.0194444 0
0 0.470833 1 0.0194444 0
0 0.471528 1 0.0180556 0
0 0.472222 1 0.0194444 0
0 0.472222 0.5 0.0194444 1
0 0.473611 0.5 0.0194444 1
0 0.472917 0.5 0.0180556 1
0 0.472917 0.5 0.0180556 1
0 0.471528 0 0.0291667 0
0 0.473611 0.5 0.0194444 1
0 0.472222 0.5 0.0166667 1
0 0.472222 0.5 0.0166667 1
0 0.472222 0.5 0.0166667 1
0 0.472222 0.5 0.0166667 1
0 0.472917 0.5 0.0180556 1
0 0.472917 0.5 0.0180556 1
0 0.472917 0.5 0.0180556 1
0 0.472222 0.5 0.0194444 1
0 0.472917 0.5 0.0208333 1
0 0.471528 0.5 0.0208333 1
0 0.471528 0.5 0.0208333 1
0 0.471528 0.5 0.0208333 1
0 0.470833 0.5 0.0194444 1
0 0.470833 0 0.0222222 0
0 0.470139 0 0.0208333 0
0 0.470833 0 0.0222222 0
0 0.469444 0 0.0222222 0
0 0.468056 0 0.0222222 0
0 0.467361 0 0.0236111 0
0 0.466667 0 0.0222222 0
0 0.466667 0 0.0222222 0
0 0.465278 0 0.0333333 0
0 0.467361 0 0.0236111 0
0 0.465278 0 0.0333333 0
0 0.466667 0 0.0222222 0
0 0.465972 0 0.0319444 0
0 0.466667 0 0.0222222 0
0 0.465972 0 0.0236111 0
0 0.465972 0 0.0236111 0
0 0.465972 0 0.0236111 0
0 0.465972 0 0.0236111 0
0 0.465972 0 0.0236111 0
0 0.465972 0 0.0236111 0
0 0.465972 0 0.0236111 0
0 0.465972 0 0.0236111 0
0 0.465972 0 0.0236111 0
0 0.467361 0.5 0.0236111 1
0 0.467361 0.5 0.0236111 1
0 0.467361 0.5 0.0236111 1
0 0.465278 0 0.0333333 0
0 0.467361 0.5 0.0236111 1
0 0.464583 0 0.0347222 0
0 0.468056 0.5 0.0222222 1
0 0.465278 0 0.0333333 0
0 0.468056 0.5 0.0222222 1
0 0.464583 0 0.0347222 0
0 0.468056 0.5 0.0222222 1
0 0.464583 0 0.0347222 0
0 0.468056 0.5 0.0222222 1
0 0.468056 0.5 0.0222222 1
0 0.46875 0.5 0.0208333 1
0 0.46875 0.5 0.0236111 1
0 0.469444 0.5 0.0222222 1
0 0.469444 0.5 0.0222222 1
0 0.469444 0.5 0.0222222 1
0 0.469444 0.5 0.0222222 1
0 0.469444 0.5 0.0222222 1
0 0.469444 0 0.0222222 0
0 0.469444 0 0.0222222 0
0 0.470139 0 0.0236111 0
0 0.470139 0 0.0236111 0
0 0.470139 0 0.0236111 0
0 0.470139 0 0.0236111 0
0 0.470139 0 0.0236111 0
0 0.471528 0 0.0236111 0
0 0.471528 0 0.0236111 0
0 0.471528 0 0.0236111 0
0 0.471528 0 0.0236111 0
0 0.471528 0 0.0236111 0
0 0.472222 0 0.0222222 0
0 0.473611 0 0.0222222 0
0 0.474306 0 0.0236111 0
0 0.475 0 0.0222222 0
0 0.475694 0 0.0208333 0
0 0.475694 0 0.0208333 0
0 0.476389 0 0.0222222 0
0 0.477778 0 0.0222222 0
0 0.477778 0 0.0222222 0
0 0.478472 0 0.0236111 0
0 0.479167 0 0.0222222 0
0 0.479167 0 0.0222222 0
0 0.480556 0 0.0277778 0
0 0.479861 0 0.0291667 0
0 0.481944 0 0.0361111 0
0 0.48125 0 0.0347222 0
0 0.502083 0.5 0.0486111 1
0 0.501389 0.5 0.0472222 1
0 0.500694 0.5 0.0486111 1
0 0.500694 0.5 0.0486111 1
0 0.500694 0.5 0.0458333 1
0 0.500694 0.5 0.0458333 1
0 0.495139 0 0.0208333 0
0 0.494444 0 0.0194444 0
0 0.494444 0 0.0194444 0
0 0.49375 0 0.0236111 0
0 0.479861 0 0.0375 0
0 0.493056 0 0.025 0
0 0.491667 0 0.025 0
0 0.490972 0 0.0263889 0
0 0.490278 0 0.025 0
0 0.490278 0 0.025 0
0 0.490278 0 0.025 0
0 0.488889 0 0.025 0
0 0.488194 0 0.0263889 0
0 0.4875 0 0.025 0
0 0.486111 0 0.025 0
0 0.486111 0 0.025 0
0 0.486111 0 0.025 0
0 0.485417 0 0.0263889 0
0 0.485417 0 0.0263889 0
0 0.485417 0 0.0263889 0
0 0.484722 0 0.025 0
0 0.484722 0 0.025 0
0 0.484722 0 0.025 0
0 0.484722 0 0.025 0
0 0.484722 0 0.025 0
0 0.484722 0 0.025 0
0 0.484722 0 0.025 0
0 0.485417 0 0.0263889 0
0 0.484722 0 0.0222222 0
0 0.484722 0 0.0222222 0
0 0.477083 0 0.0347222 0
0 0.48125 0 0.0347222 0
0 0.489583 0 0.0347222 0
0 0.491667 0 0.0333333 0
0 0.491667 0 0.0333333 0
0 0.49375 0 0.0319444 0
0 0.492361 0 0.0347222 0
0 0.5 0.5 0.0472222 1
0 0.484722 0 0.025 0
0 0.484722 0 0.025 0
0 0.483333 0 0.025 0
0 0.494444 0.5 0.0388889 1
0 0.483333 0 0.025 0
0 0.483333 0 0.025 0
0 0.490972 0.5 0.0347222 1
0 0.481944 0 0.025 0
0 0.490972 0.5 0.0347222 1
0 0.481944 0 0.025 0
0 0.490972 0.5 0.0347222 1
0 0.482639 0 0.0236111 0
0 0.475 0 0.0305556 0
0 0.493056 0.5 0.0388889 1
0 0.481944 0 0.0222222 0
0 0.498611 0.5 0.0472222 1
0 0.470139 0 0.0402778 0
0 0.473611 0 0.0388889 0
0 0.476389 0 0.0388889 0
0 0.475 0 0.0388889 0
0 0.477083 0 0.0402778 0
0 0.476389 0 0.0361111 0
0 0.478472 0 0.0375 0
0 0.478472 0 0.0375 0
0 0.479861 0 0.0319444 0
0 0.479167 0 0.0333333 0
0 0.479167 0 0.0361111 0
0 0.479167 0 0.0361111 0
0 0.479167 0 0.0361111 0
0 0.5 0.5 0.0472222 1
0 0.5 0.5 0.0472222 1
0 0.490972 0 0.0319444 0
0 0.489583 0 0.0291667 0
0 0.488889 0 0.0277778 0
0 0.479861 0 0.0375 0
0 0.4875 0 0.0277778 0
0 0.486806 0 0.0291667 0
0 0.486806 0 0.0291667 0
0 0.485417 0 0.0263889 0
0 0.484722 0 0.0277778 0
0 0.483333 0 0.0277778 0
0 0.460417 0 0.0958333 0
0 0.481944 0 0.0277778 0
0 0.480556 0 0.0277778 0
0 0.480556 0 0.0277778 0
0 0.480556 0 0.0277778 0
0 0.479861 0 0.0291667 0
0 0.479167 0 0.0277778 0
0 0.479167 0 0.0277778 0
0 0.452083 0 0.0958333 0
0 0.479167 0 0.0277778 0
0 0.451389 0 0.0944444 0
0 0.478472 0 0.0291667 0
0 0.477778 0 0.0277778 0
0 0.45 0 0.0944444 0
0 0.477083 0 0.0291667 0
0 0.45 0 0.1 0
0 0.477778 0 0.0277778 0
0 0.448611 0 0.0944444 0
0 0.477778 0 0.0277778 0
0 0.448611 0 0.1 0
0 0.478472 0 0.0291667 0
0 0.466667 0 0.0388889 0
0 0.448611 0 0.1 0
0 0.478472 0 0.0291667 0
0 0.466667 0 0.0388889 0
0 0.448611 0 0.1 0
0 0.478472 0 0.0291667 0
0 0.479167 0 0.0277778 0
0 0.479167 0 0.0277778 0
0 0.478472 0 0.0263889 0
0 0.479861 0.5 0.0263889 1
0 0.479167 0.5 0.025 1
0 0.479861 0 0.0347222 0
0 0.452778 0 0.102778 0
0 0.452083 0 0.104167 0
0 0.450694 0 0.104167 0
0 0.450694 0 0.104167 0
0 0.45 0 0.102778 0
0 0.450694 0 0.101389 0
0 0.475 0 0.0333333 0
0 0.45 0 0.1 0
0 0.449306 0 0.101389 0
0 0.45 0 0.102778 0
0 0.45 0 0.102778 0
0 0.451389 0 0.102778 0
0 0.451389 0 0.102778 0
0 0.451389 0 0.102778 0
0 0.451389 0 0.102778 0
0 0.477083 0 0.0375 0
0 0.477778 0 0.0361111 0
0 0.477083 0 0.0347222 0
0 0.484722 0 0.0444444 0
0 0.505556 0.5 0.0416667 1
0 0.505556 0.5 0.0444444 1
0 0.515278 1 0.0194444 0
0 0.507639 0.5 0.0430556 1
0 0.507639 0.5 0.0402778 1
0 0.515278 1 0.0194444 0
0 0.507639 0.5 0.0402778 1
0 0.515278 1 0.0194444 0
0 0.507639 0.5 0.0430556 1
0 0.516667 1 0.0194444 0
0 0.509028 1 0.0430556 0
0 0.516667 1 0.0222222 0
0 0.509722 1 0.0416667 0
0 0.516667 1 0.0222222 0
0 0.511111 1 0.0416667 0
0 0.516667 1 0.025 0
0 0.5125 1 0.0416667 0
0 0.516667 1 0.0277778 0
0 0.5125 1 0.0416667 0
0 0.518056 1 0.025 0
0 0.518056 1 0.0277778 0
0 0.518056 1 0.0277778 0
0 0.513194 1 0.0402778 0
0 0.519444 1 0.025 0
0 0.520139 1 0.0263889 0
0 0.520833 1 0.025 0
0 0.514583 1 0.0402778 0
0 0.520833 1 0.025 0
0 0.521528 1 0.0208333 0
0 0.520833 1 0.025 0
0 0.520139 1 0.0263889 0
0 0.519444 1 0.025 0
0 0.519444 1 0.025 0
0 0.51875 1 0.0263889 0
0 0.513194 1 0.0402778 0
0 0.519444 1 0.025 0
0 0.5125 1 0.0416667 0
0 0.51875 1 0.0263889 0
0 0.513194 1 0.0402778 0
0 0.51875 1 0.0263889 0
0 0.51875 1 0.0263889 0
0 0.518056 1 0.025 0
0 0.516667 1 0.025 0
0 0.516667 1 0.025 0
0 0.517361 1 0.0236111 0
0 0.517361 1 0.0236111 0
0 0.517361 1 0.0208333 0
0 0.517361 1 0.0208333 0
0 0.516667 1 0.0222222 0
0 0.511111 1 0.0388889 0
0 0.517361 1 0.0208333 0
0 0.511806 1 0.0319444 0
0 0.511806 1 0.0319444 0
0 0.511111 1 0.0305556 0
0 0.510417 1 0.0319444 0
0 0.510417 1 0.0319444 0
0 0.510417 1 0.0319444 0
0 0.509028 1 0.0375 0
0 0.517361 1 0.0180556 0
0 0.509028 1 0.0375 0
0 0.516667 1 0.0194444 0
0 0.517361 1 0.0180556 0
0 0.509028 1 0.0375 0
0 0.517361 1 0.0180556 0
0 0.518056 1 0.0166667 0
0 0.509722 1 0.0361111 0
0 0.516667 1 0.0194444 0
0 0.509722 1 0.0361111 0
0 0.516667 1 0.0194444 0
0 0.517361 1 0.0180556 0
0 0.518056 1 0.0194444 0
0 0.516667 1 0.0194444 0
0 0.516667 1 0.0194444 0
0 0.511111 1 0.0305556 0
0 0.517361 1 0.0180556 0
0 0.517361 1 0.0152778 0
0 0.518056 1 0.0166667 0
0 0.518056 1 0.0166667 0
0 0.518056 1 0.0166667 0
0 0.51875 1 0.0152778 0
0 0.51875 1 0.0125 0
0 0.518056 1 0.0138889 0
0 0.518056 1 0.0166667 0
0 0.518056 1 0.0166667 0
0 0.505556 1 0.0361111 0
0 0.505556 1 0.0361111 0
0 0.505556 1 0.0361111 0
0 0.505556 1 0.0361111 0
0 0.505556 1 0.0361111 0
0 0.504861 1 0.0375 0
0 0.504861 1 0.0375 0
0 0.504861 1 0.0375 0
0 0.505556 1 0.0361111 0
0 0.505556 1 0.0388889 0
0 0.505556 1 0.0388889 0
0 0.505556 1 0.0388889 0
0 0.506944 1 0.0361111 0
0 0.50625 1 0.0375 0
0 0.506944 1 0.0361111 0
0 0.506944 1 0.0361111 0
0 0.507639 1 0.0375 0
0 0.507639 1 0.0402778 0
0 0.507639 1 0.0402778 0
0 0.507639 1 0.0402778 0
0 0.509028 1 0.0375 0
0 0.509722 1 0.0388889 0
0 0.509722 1 0.0388889 0
0 0.509722 1 0.0416667 0
0 0.510417 1 0.0430556 0
0 0.511806 1 0.0486111 0
0 0.511806 1 0.0486111 0
0 0.523611 1 0.0222222 0
0 0.5125 1 0.05 0
0 0.525 1 0.0222222 0
0 0.515278 1 0.05 0
0 0.517361 1 0.0513889 0
0 0.527083 1 0.0236111 0
0 0.519444 1 0.05 0
0 0.527778 1 0.025 0
0 0.522917 1 0.0458333 0
0 0.529861 1 0.0263889 0
0 0.523611 1 0.05 0
0 0.530556 1 0.0277778 0
0 0.525 1 0.05 0
0 0.530556 1 0.0277778 0
0 0.526389 1 0.05 0
0 0.531944 1 0.0305556 0
0 0.523611 1 0.0527778 0
0 0.532639 1 0.0319444 0
0 0.523611 1 0.0527778 0
0 0.532639 1 0.0319444 0
0 0.518056 1 0.05 0
0 0.534722 1 0.0333333 0
0 0.536111 1 0.0333333 0
0 0.371528 0 0.0125 0
0 0.5375 1 0.0361111 0
0 0.540972 1 0.0347222 0
0 0.542361 1 0.0347222 0
0 0.544444 1 0.0333333 0
0 0.546528 1 0.0347222 0
0 0.55 1 0.0361111 0
0 0.552083 1 0.0347222 0
0 0.552083 1 0.0347222 0
0 0.553472 1 0.0347222 0
0 0.554861 1 0.0347222 0
0 0.556944 1 0.0361111 0
0 0.559722 1 0.0361111 0
0 0.561111 1 0.0361111 0
0 0.5625 1 0.0361111 0
0 0.564583 1 0.0375 0
0 0.564583 1 0.0375 0
0 0.565278 1 0.0361111 0
0 0.566667 1 0.0361111 0
0 0.566667 1 0.0361111 0
0 0.566667 1 0.0361111 0
0 0.566667 1 0.0361111 0
0 0.565972 1 0.0375 0
0 0.564583 1 0.0375 0
0 0.563194 1 0.0375 0
0 0.561806 1 0.0375 0
0 0.559722 1 0.0361111 0
0 0.559028 1 0.0375 0
0 0.558333 1 0.0361111 0
0 0.55625 1 0.0375 0
0 0.554167 1 0.0361111 0
0 0.554167 1 0.0361111 0
0 0.550694 1 0.0375 0
0 0.547917 1 0.0375 0
0 0.544444 1 0.0361111 0
0 0.544444 1 0.0361111 0
0 0.540972 1 0.0375 0
0 0.538889 1 0.0388889 0
0 0.499306 0 0.0402778 0
0 0.536806 1 0.0347222 0
0 0.499306 0 0.0430556 0
0 0.535417 1 0.0347222 0
0 0.496528 0 0.0347222 0
0 0.363194 0 0.0125 0
0 0.534028 1 0.0347222 0
0 0.361111 0 0.0138889 0
0 0.532639 1 0.0319444 0
0 0.529861 1 0.0291667 0
0 0.527778 1 0.0277778 0
0 0.527778 1 0.0277778 0
0 0.527083 1 0.0263889 0
0 0.525 1 0.025 0
0 0.515972 1 0.0513889 0
0 0.511806 1 0.0513889 0
0 0.509722 1 0.0444444 0
0 0.508333 1 0.0416667 0
0 0.508333 1 0.0416667 0
0 0.50625 1 0.0402778 0
0 0.504861 1 0.0375 0
0 0.345833 0 0.0138889 0
0 0.345833 0 0.0138889 0
0 0.486806 1 0.0208333 0
0 0.477778 0 0.0388889 0
0 0.486806 1 0.0208333 0
0 0.486111 1 0.0194444 0
0 0.485417 1 0.0180556 0
0 0.344444 0 0.0111111 0
0 0.485417 1 0.0208333 0
0 0.344444 0 0.0111111 0
0 0.485417 1 0.0208333 0
0 0.486111 1 0.0194444 0
0 0.347222 0 0.0138889 0
0 0.354861 0 0.0125 0
0 0.357639 0 0.0125 0
0 0.358333 0 0.0138889 0
0 0.529167 1 0.0111111 0
0 0.529167 1 0.0111111 0
0 0.529861 1 0.0125 0
0 0.529167 1 0.0138889 0
0 0.530556 1 0.0138889 0
0 0.530556 1 0.0166667 0
0 0.530556 1 0.0166667 0
0 0.530556 1 0.0194444 0
0 0.513194 1 0.0486111 0
0 0.529167 1 0.0194444 0
0 0.513889 1 0.05 0
0 0.357639 0 0.0125 0
0 0.514583 1 0.0513889 0
0 0.515972 1 0.0541667 0
0 0.534028 1 0.0236111 0
0 0.558333 0 0.0111111 0
0 0.517361 1 0.0569444 0
0 0.534722 1 0.025 0
0 0.518056 1 0.0583333 0
0 0.354861 0 0.0125 0
0 0.527083 1 0.0458333 0
0 0.354861 0 0.0125 0
0 0.527083 1 0.0458333 0
0 0.353472 0 0.0152778 0
0 0.536111 1 0.0305556 0
0 0.532639 1 0.0486111 0
0 0.353472 0 0.0125 0
0 0.540278 1 0.0305556 0
0 0.540972 1 0.0319444 0
0 0.541667 1 0.0333333 0
0 0.543056 1 0.0333333 0
0 0.54375 1 0.0347222 0
0 0.352778 0 0.0138889 0
0 0.544444 1 0.0361111 0
0 0.545139 1 0.0375 0
0 0.546528 1 0.0375 0
0 0.547917 1 0.0430556 0
0 0.547917 1 0.0430556 0
0 0.548611 1 0.0416667 0
0 0.55 1 0.0416667 0
0 0.551389 1 0.0416667 0
0 0.353472 0 0.0125 0
0 0.552083 1 0.0430556 0
0 0.353472 0 0.0152778 0
0 0.552778 1 0.0416667 0
0 0.353472 0 0.0152778 0
0 0.553472 1 0.0430556 0
0 0.554167 1 0.0416667 0
0 0.554167 1 0.0416667 0
0 0.554167 1 0.0416667 0
0 0.354167 0 0.0138889 0
0 0.554861 1 0.0430556 0
0 0.354167 0 0.0138889 0
0 0.554861 1 0.0430556 0
0 0.554861 1 0.0430556 0
0 0.554861 1 0.0430556 0
0 0.554861 1 0.0430556 0
0 0.554167 1 0.0444444 0
0 0.553472 1 0.0430556 0
0 0.553472 1 0.0430556 0
0 0.553472 1 0.0430556 0
0 0.553472 1 0.0430556 0
0 0.553472 1 0.0430556 0
0 0.553472 1 0.0430556 0
0 0.553472 1 0.0430556 0
0 0.553472 1 0.0430556 0
0 0.553472 1 0.0430556 0
0 0.553472 1 0.0430556 0
0 0.553472 1 0.0430556 0
0 0.553472 1 0.0430556 0
0 0.553472 1 0.0430556 0
0 0.553472 1 0.0430556 0
0 0.553472 1 0.0430556 0
0 0.553472 1 0.0430556 0
0 0.553472 1 0.0430556 0
0 0.553472 1 0.0430556 0
0 0.553472 1 0.0430556 0
0 0.553472 1 0.0430556 0
0 0.553472 1 0.0430556 0
0 0.553472 1 0.0430556 0
0 0.553472 1 0.0430556 0
0 0.553472 1 0.0430556 0
0 0.553472 1 0.0430556 0
0 0.553472 1 0.0430556 0
0 0.553472 1 0.0430556 0
0 0.553472 1 0.0430556 0
0 0.553472 1 0.0430556 0
0 0.553472 1 0.0430556 0
0 0.553472 1 0.0430556 0
0 0.553472 1 0.0430556 0
0 0.553472 1 0.0430556 0
0 0.553472 1 0.0430556 0
0 0.553472 1 0.0430556 0
0 0.553472 1 0.0430556 0
0 0.553472 1 0.0430556 0
0 0.553472 1 0.0430556 0
0 0.553472 1 0.0430556 0
0 0.553472 1 0.0430556 0
0 0.553472 1 0.0430556 0
0 0.553472 1 0.0430556 0
0 0.553472 1 0.0430556 0
0 0.553472 1 0.0430556 0
0 0.553472 1 0.0430556 0
0 0.553472 1 0.0430556 0
0 0.553472 1 0.0430556 0
0 0.553472 1 0.0430556 0
0 0.553472 1 0.0430556 0
0 0.553472 1 0.0430556 0
0 0.553472 1 0.0430556 0
0 0.553472 1 0.0430556 0
0 0.553472 1 0.0430556 0
0 0.553472 1 0.0430556 0
0 0.553472 1 0.0430556 0
0 0.553472 1 0.0430556 0
0 0.553472 1 0.0430556 0
0 0.553472 1 0.0430556 0
0 0.553472 1 0.0430556 0
0 0.553472 1 0.0430556 0
0 0.553472 1 0.0430556 0
0 0.553472 1 0.0430556 0
0 0.553472 1 0.0430556 0
0 0.553472 1 0.0430556 0
0 0.553472 1 0.0430556 0
0 0.553472 1 0.0430556 0
0 0.553472 1 0.0430556 0
0 0.553472 1 0.0430556 0
0 0.553472 1 0.0430556 0
0 0.553472 1 0.0430556 0
0 0.553472 1 0.0430556 0
0 0.553472 1 0.0430556 0
0 0.553472 1 0.0430556 0
0 0.553472 1 0.0430556 0
0 0.553472 1 0.0430556 0
0 0.553472 1 0.0430556 0
0 0.553472 1 0.0430556 0
0 0.553472 1 0.0430556 0
0 0.553472 1 0.0430556 0
0 0.553472 1 0.0430556 0
0 0.553472 1 0.0430556 0
0 0.553472 1 0.0430556 0
0 0.553472 1 0.0430556 0
0 0.553472 1 0.0430556 0
0 0.553472 1 0.0430556 0
0 0.553472 1 0.0430556 0
0 0.553472 1 0.0430556 0
0 0.553472 1 0.0430556 0
0 0.553472 1 0.0430556 0
0 0.553472 1 0.0430556 0
0 0.553472 1 0.0430556 0
0 0.553472 1 0.0430556 0
0 0.553472 1 0.0430556 0
0 0.553472 1 0.0430556 0
0 0.553472 1 0.0430556 0
0 0.553472 1 0.0430556 0
0 0.553472 1 0.0430556 0
0 0.553472 1 0.0430556 0
0 0.553472 1 0.0430556 0
0 0.553472 1 0.0430556 0
0 0.553472 1 0.0430556 0
0 0.553472 1 0.0430556 0
0 0.553472 1 0.0430556 0
0 0.553472 1 0.0430556 0
0 0.553472 1 0.0430556 0
0 0.553472 1 0.0430556 0
0 0.553472 1 0.0430556 0
0 0.553472 1 0.0430556 0
0 0.553472 1 0.0430556 0
0 0.553472 1 0.0430556 0
0 0.553472 1 0.0430556 0
0 0.553472 1 0.0430556 0
0 0.553472 1 0.0430556 0
0 0.553472 1 0.0430556 0
0 0.553472 1 0.0430556 0
0 0.553472 1 0.0430556 0
0 0.553472 1 0.0430556 0
0 0.553472 1 0.0430556 0
0 0.553472 1 0.0430556 0
0 0.553472 1 0.0430556 0
0 0.553472 1 0.0430556 0
0 0.553472 1 0.0430556 0
0 0.553472 1 0.0430556 0
0 0.553472 1 0.0430556 0
0 0.553472 1 0.0430556 0
0 0.553472 1 0.0430556 0
0 0.553472 1 0.0430556 0
0 0.553472 1 0.0430556 0
0 0.553472 1 0.0430556 0
0 0.553472 1 0.0430556 0
0 0.553472 1 0.0430556 0
0 0.553472 1 0.0430556 0
0 0.553472 1 0.0430556 0
0 0.553472 1 0.0430556 0
0 0.553472 1 0.0430556 0
0 0.553472 1 0.0430556 0
0 0.553472 1 0.0430556 0
0 0.553472 1 0.0430556 0
0 0.553472 1 0.0430556 0
0 0.553472 1 0.0430556 0
0 0.553472 1 0.0430556 0
0 0.553472 1 0.0430556 0
0 0.553472 1 0.0430556 0
0 0.553472 1 0.0430556 0
0 0.553472 1 0.0430556 0
0 0.553472 1 0.0430556 0
0 0.553472 1 0.0430556 0
0 0.553472 1 0.0430556 0
0 0.553472 1 0.0430556 0
0 0.553472 1 0.0430556 0
0 0.553472 1 0.0430556 0
0 0.553472 1 0.0430556 0
0 0.553472 1 0.0430556 0
0 0.553472 1 0.0430556 0
0 0.553472 1 0.0430556 0
0 0.553472 1 0.0430556 0
0 0.553472 1 0.0430556 0
0 0.553472 1 0.0430556 0
0 0.553472 1 0.0430556 0
0 0.553472 1 0.0430556 0
0 0.553472 1 0.0430556 0
0 0.553472 1 0.0430556 0
0 0.553472 1 0.0430556 0
0 0.553472 1 0.0430556 0
0 0.553472 1 0.0430556 0
0 0.553472 1 0.0430556 0
0 0.553472 1 0.0430556 0
0 0.553472 1 0.0430556 0
0 0.553472 1 0.0430556 0
0 0.553472 1 0.0430556 0
0 0.553472 1 0.0430556 0
0 0.553472 1 0.0430556 0
0 0.553472 1 0.0430556 0
0 0.553472 1 0.0430556 0
0 0.553472 1 0.0430556 0
0 0.553472 1 0.0430556 0
0 0.553472 1 0.0430556 0
0 0.553472 1 0.0430556 0
0 0.553472 1 0.0430556 0
0 0.553472 1 0.0430556 0
0 0.553472 1 0.0430556 0
0 0.553472 1 0.0430556 0
0 0.553472 1 0.0430556 0
0 0.553472 1 0.0430556 0
0 0.553472 1 0.0430556 0
0 0.553472 1 0.0430556 0
0 0.553472 1 0.0430556 0
0 0.553472 1 0.0430556 0
0 0.553472 1 0.0430556 0
0 0.553472 1 0.0430556 0
0 0.553472 1 0.0430556 0
0 0.553472 1 0.0430556 0
0 0.553472 1 0.0430556 0
0 0.553472 1 0.0430556 0
0 0.553472 1 0.0430556 0
0 0.553472 1 0.0430556 0
0 0.553472 1 0.0430556 0
0 0.553472 1 0.0430556 0
0 0.553472 1 0.0430556 0
0 0.553472 1 0.0430556 0
0 0.553472 1 0.0430556 0
0 0.553472 1 0.0430556 0
0 0.553472 1 0.0430556 0
0 0.553472 1 0.0430556 0
0 0.553472 1 0.0430556 0
0 0.553472 1 0.0430556 0
0 0.553472 1 0.0430556 0
0 0.553472 1 0.0430556 0
0 0.553472 1 0.0430556 0
0 0.553472 1 0.0430556 0
0 0.553472 1 0.0430556 0
0 0.553472 1 0.0430556 0
0 0.553472 1 0.0430556 0
0 0.553472 1 0.0430556 0
0 0.553472 1 0.0430556 0
0 0.553472 1 0.0430556 0
0 0.553472 1 0.0430556 0
0 0.553472 1 0.0430556 0
0 0.553472 1 0.0430556 0
0 0.553472 1 0.0430556 0
0 0.553472 1 0.0430556 0
0 0.553472 1 0.0430556 0
0 0.553472 1 0.0430556 0
0 0.553472 1 0.0430556 0
0 0.553472 1 0.0430556 0
0 0.553472 1 0.0430556 0
0 0.553472 1 0.0430556 0
0 0.553472 1 0.0430556 0
0 0.553472 1 0.0430556 0
0 0.553472 1 0.0430556 0
0 0.553472 1 0.0430556 0
0 0.553472 1 0.0430556 0
0 0.553472 1 0.0430556 0
0 0.553472 1 0.0430556 0
0 0.553472 1 0.0430556 0
0 0.553472 1 0.0430556 0
0 0.553472 1 0.0430556 0
0 0.553472 1 0.0430556 0
0 0.553472 1 0.0430556 0
0 0.553472 1 0.0430556 0
0 0.553472 1 0.0430556 0
0 0.553472 1 0.0430556 0
0 0.553472 1 0.0430556 0
0 0.553472 1 0.0430556 0
0 0.553472 1 0.0430556 0
0 0.553472 1 0.0430556 0
0 0.553472 1 0.0430556 0
0 0.553472 1 0.0430556 0
0 0.553472 1 0.0430556 0
0 0.553472 1 0.0430556 0
0 0.553472 1 0.0430556 0
0 0.553472 1 0.0430556 0
0 0.553472 1 0.0430556 0
0 0.553472 1 0.0430556 0
0 0.553472 1 0.0430556 0
0 0.553472 1 0.0430556 0
0 0.553472 1 0.0430556 0
0 0.553472 1 0.0430556 0
0 0.553472 1 0.0430556 0
0 0.553472 1 0.0430556 0
0 0.553472 1 0.0430556 0
0 0.553472 1 0.0430556 0
0 0.553472 1 0.0430556 0
0 0.553472 1 0.0430556 0
0 0.553472 1 0.0430556 0
0 0.553472 1 0.0430556 0
0 0.553472 1 0.0430556 0
0 0.553472 1 0.0430556 0
0 0.553472 1 0.0430556 0
0 0.553472 1 0.0430556 0
0 0.553472 1 0.0430556 0
0 0.553472 1 0.0430556 0
0 0.553472 1 0.0430556 0
0 0.553472 1 0.0430556 0
0 0.553472 1 0.0430556 0
0 0.553472 1 0.0430556 0
0 0.553472 1 0.0430556 0
0 0.553472 1 0.0430556 0
0 0.553472 1 0.0430556 0
0 0.553472 1 0.0430556 0
0 0.553472 1 0.0430556 0
0 0.553472 1 0.0430556 0
0 0.553472 1 0.0430556 0
0 0.553472 1 0.0430556 0
0 0.553472 1 0.0430556 0
0 0.553472 1 0.0430556 0
0 0.553472 1 0.0430556 0
0 0.553472 1 0.0430556 0
0 0.553472 1 0.0430556 0
0 0.553472 1 0.0430556 0
0 0.553472 1 0.0430556 0
0 0.553472 1 0.0430556 0
0 0.553472 1 0.0430556 0
0 0.553472 1 0.0430556 0
0 0.553472 1 0.0430556 0
0 0.553472 1 0.0430556 0
0 0.553472 1 0.0430556 0
0 0.553472 1 0.0430556 0
0 0.553472 1 0.0430556 0
0 0.553472 1 0.0430556 0
0 0.553472 1 0.0430556 0
0 0.553472 1 0.0430556 0
0 0.553472 1 0.0430556 0
0 0.553472 1 0.0430556 0
0 0.553472 1 0.0430556 0
0 0.553472 1 0.0430556 0
0 0.553472 1 0.0430556 0
0 0.553472 1 0.0430556 0
0 0.553472 1 0.0430556 0
0 0.553472 1 0.0430556 0
0 0.553472 1 0.0430556 0
0 0.553472 1 0.0430556 0
0 0.553472 1 0.0430556 0
0 0.553472 1 0.0430556 0
0 0.553472 1 0.0430556 0
0 0.553472 1 0.0430556 0
0 0.553472 1 0.0430556 0
0 0.553472 1 0.0430556 0
0 0.553472 1 0.0430556 0
0 0.553472 1 0.0430556 0
0 0.553472 1 0.0430556 0
0 0.553472 1 0.0430556 0
0 0.553472 1 0.0430556 0
0 0.553472 1 0.0430556 0
0 0.553472 1 0.0430556 0
0 0.553472 1 0.0430556 0
0 0.553472 1 0.0430556 0
0 0.553472 1 0.0430556 0
0 0.553472 1 0.0430556 0
0 0.553472 1 0.0430556 0
0 0.553472 1 0.0430556 0
0 0.553472 1 0.0430556 0
0 0.553472 1 0.0430556 0
0 0.553472 1 0.0430556 0
0 0.553472 1 0.0430556 0
0 0.553472 1 0.0430556 0
0 0.553472 1 0.0430556 0
0 0.553472 1 0.0430556 0
0 0.553472 1 0.0430556 0
0 0.553472 1 0.0430556 0
0 0.553472 1 0.0430556 0
0 0.553472 1 0.0430556 0
0 0.553472 1 0.0430556 0
0 0.553472 1 0.0430556 0
0 0.553472 1 0.0430556 0
0 0.553472 1 0.0430556 0
0 0.553472 1 0.0430556 0
0 0.553472 1 0.0430556 0
0 0.553472 1 0.0430556 0
0 0.553472 1 0.0430556 0
0 0.553472 1 0.0430556 0
0 0.553472 1 0.0430556 0
0 0.553472 1 0.0430556 0
0 0.553472 1 0.0430556 0
0 0.553472 1 0.0430556 0
0 0.553472 1 0.0430556 0
0 0.553472 1 0.0430556 0
0 0.553472 1 0.0430556 0
0 0.553472 1 0.0430556 0
0 0.553472 1 0.0430556 0
0 0.553472 1 0.0430556 0
0 0.553472 1 0.0430556 0
0 0.553472 1 0.0430556 0
0 0.553472 1 0.0430556 0
0 0.553472 1 0.0430556 0
0 0.553472 1 0.0430556 0
0 0.553472 1 0.0430556 0
0 0.553472 1 0.0430556 0
0 0.553472 1 0.0430556 0
0 0.553472 1 0.0430556 0
0 0.553472 1 0.0430556 0
0 0.553472 1 0.0430556 0
0 0.553472 1 0.0430556 0
0 0.553472 1 0.0430556 0
0 0.553472 1 0.0430556 0
0 0.553472 1 0.0430556 0
0 0.553472 1 0.0430556 0
0 0.553472 1 0.0430556 0
0 0.553472 1 0.0430556 0
0 0.553472 1 0.0430556 0
0 0.553472 1 0.0430556 0
0 0.553472 1 0.0430556 0
0 0.553472 1 0.0430556 0
0 0.553472 1 0.0430556 0
0 0.553472 1 0.0430556 0
0 0.553472 1 0.0430556 0
0 0.553472 1 0.0430556 0
0 0.553472 1 0.0430556 0
0 0.553472 1 0.0430556 0
0 0.553472 1 0.0430556 0
0 0.553472 1 0.0430556 0
0 0.553472 1 0.0430556 0
0 0.553472 1 0.0430556 0
0 0.553472 1 0.0430556 0
0 0.553472 1 0.0430556 0
0 0.553472 1 0.0430556 0
0 0.553472 1 0.0430556 0
0 0.553472 1 0.0430556 0
0 0.553472 1 0.0430556 0
0 0.553472 1 0.0430556 0
0 0.553472 1 0.0430556 0
0 0.553472 1 0.0430556 0
0 0.553472 1 0.0430556 0
0 0.553472 1 0.0430556 0
0 0.553472 1 0.0430556 0
0 0.553472 1 0.0430556 0
0 0.553472 1 0.0430556 0
0 0.553472 1 0.0430556 0
0 0.553472 1 0.0430556 0
0 0.553472 1 0.0430556 0
0 0.553472 1 0.0430556 0
0 0.553472 1 0.0430556 0
0 0.553472 1 0.0430556 0
0 0.553472 1 0.0430556 0
0 0.553472 1 0.0430556 0
0 0.553472 1 0.0430556 0
0 0.553472 1 0.0430556 0
0 0.553472 1 0.0430556 0
0 0.553472 1 0.0430556 0
0 0.553472 1 0.0430556 0
0 0.553472 1 0.0430556 0
0 0.553472 1 0.0430556 0
0 0.553472 1 0.0430556 0
0 0.553472 1 0.0430556 0
0 0.553472 1 0.0430556 0
0 0.553472 1 0.0430556 0
0 0.553472 1 0.0430556 0
0 0.553472 1 0.0430556 0
0 0.553472 1 0.0430556 0
0 0.553472 1 0.0430556 0
0 0.553472 1 0.0430556 0
0 0.553472 1 0.0430556 0
0 0.553472 1 0.0430556 0
0 0.553472 1 0.0430556 0
0 0.553472 1 0.0430556 0
0 0.553472 1 0.0430556 0
0 0.553472 1 0.0430556 0
0 0.553472 1 0.0430556 0
0 0.553472 1 0.0430556 0
0 0.553472 1 0.0430556 0
0 0.553472 1 0.0430556 0
0 0.553472 1 0.0430556 0
0 0.553472 1 0.0430556 0
0 0.553472 1 0.0430556 0
0 0.553472 1 0.0430556 0
0 0.553472 1 0.0430556 0
0 0.553472 1 0.0430556 0
0 0.553472 1 0.0430556 0
0 0.553472 1 0.0430556 0
0 0.553472 1 0.0430556 0
0 0.553472 1 0.0430556 0
0 0.553472 1 0.0430556 0
0 0.553472 1 0.0430556 0
0 0.553472 1 0.0430556 0
0 0.553472 1 0.0430556 0
0 0.553472 1 0.0430556 0
0 0.553472 1 0.0430556 0
0 0.553472 1 0.0430556 0
0 0.553472 1 0.0430556 0
0 0.553472 1 0.0430556 0
0 0.553472 1 0.0430556 0
0 0.553472 1 0.0430556 0
0 0.553472 1 0.0430556 0
0 0.553472 1 0.0430556 0
0 0.553472 1 0.0430556 0
0 0.553472 1 0.0430556 0
0 0.553472 1 0.0430556 0
0 0.553472 1 0.0430556 0
0 0.553472 1 0.0430556 0
0 0.553472 1 0.0430556 0
0 0.553472 1 0.0430556 0
0 0.553472 1 0.0430556 0
0 0.553472 1 0.0430556 0
0 0.553472 1 0.0430556 0
0 0.553472 1 0.0430556 0
0 0.553472 1 0.0430556 0
0 0.553472 1 0.0430556 0
0 0.553472 1 0.0430556 0
0 0.553472 1 0.0430556 0
0 0.553472 1 0.0430556 0
0 0.553472 1 0.0430556 0
0 0.553472 1 0.0430556 0
0 0.553472 1 0.0430556 0
0 0.553472 1 0.0430556 0
0 0.553472 1 0.0430556 0
0 0.553472 1 0.0430556 0
0 0.553472 1 0.0430556 0
0 0.553472 1 0.0430556 0
0 0.553472 1 0.0430556 0
0 0.553472 1 0.0430556 0
0 0.553472 1 0.0430556 0
0 0.553472 1 0.0430556 0
0 0.553472 1 0.0430556 0
0 0.553472 1 0.0430556 0
0 0.553472 1 0.0430556 0
0 0.553472 1 0.0430556 0
0 0.553472 1 0.0430556 0
0 0.553472 1 0.0430556 0
0 0.553472 1 0.0430556 0
0 0.553472 1 0.0430556 0
0 0.553472 1 0.0430556 0
0 0.553472 1 0.0430556 0
0 0.553472 1 0.0430556 0
0 0.553472 1 0.0430556 0
0 0.553472 1 0.0430556 0
0 0.553472 1 0.0430556 0
0 0.553472 1 0.0430556 0
0 0.553472 1 0.0430556 0
0 0.553472 1 0.0430556 0
0 0.553472 1 0.0430556 0
0 0.553472 1 0.0430556 0
0 0.553472 1 0.0430556 0
0 0.553472 1 0.0430556 0
0 0.553472 1 0.0430556 0
0 0.553472 1 0.0430556 0
0 0.553472 1 0.0430556 0
0 0.553472 1 0.0430556 0
0 0.553472 1 0.0430556 0
0 0.553472 1 0.0430556 0
0 0.553472 1 0.0430556 0
0 0.553472 1 0.0430556 0
0 0.553472 1 0.0430556 0
0 0.553472 1 0.0430556 0
0 0.553472 1 0.0430556 0
0 0.553472 1 0.0430556 0
0 0.553472 1 0.0430556 0
0 0.553472 1 0.0430556 0
0 0.553472 1 0.0430556 0
0 0.553472 1 0.0430556 0
0 0.553472 1 0.0430556 0
0 0.553472 1 0.0430556 0
0 0.553472 1 0.0430556 0
0 0.553472 1 0.0430556 0
0 0.553472 1 0.0430556 0
0 0.553472 1 0.0430556 0
0 0.553472 1 0.0430556 0
0 0.553472 1 0.0430556 0
0 0.553472 1 0.0430556 0
0 0.553472 1 0.0430556 0
0 0.553472 1 0.0430556 0
0 0.553472 1 0.0430556 0
0 0.553472 1 0.0430556 0
0 0.553472 1 0.0430556 0
0 0.553472 1 0.0430556 0
0 0.553472 1 0.0430556 0
0 0.553472 1 0.0430556 0
0 0.553472 1 0.0430556 0
0 0.553472 1 0.0430556 0
0 0.553472 1 0.0430556 0
0 0.553472 1 0.0430556 0
0 0.553472 1 0.0430556 0
0 0.553472 1 0.0430556 0
0 0.553472 1 0.0430556 0
0 0.553472 1 0.0430556 0
