0 0.447222 0.5 0.0277778 1
0 0.447222 0.5 0.0277778 1
0 0.447222 0.5 0.0277778 1
0 0.447222 0.5 0.0277778 1
0 0.447222 0.5 0.0277778 1
0 0.447222 0.5 0.0277778 1
0 0.504861 0 0.0347222 0
0 0.447222 0.5 0.0277778 1
0 0.504861 0 0.0347222 0
0 0.447222 0.5 0.0277778 1
0 0.447222 0.5 0.0277778 1
0 0.447222 0.5 0.0277778 1
0 0.447222 0.5 0.0277778 1
0 0.447222 0.5 0.0277778 1
0 0.447222 0.5 0.0277778 1
0 0.447222 0.5 0.0277778 1
0 0.447222 0.5 0.0277778 1
0 0.447222 0.5 0.0277778 1
0 0.447222 0.5 0.0277778 1
0 0.447222 0.5 0.0277778 1
0 0.447222 0.5 0.0277778 1
0 0.447222 0.5 0.0277778 1
0 0.504861 0 0.0347222 0
0 0.447222 0.5 0.0277778 1
0 0.447222 0.5 0.0277778 1
0 0.504861 0 0.0347222 0
0 0.447222 0.5 0.0277778 1
0 0.447222 0.5 0.0277778 1
0 0.447222 0.5 0.0277778 1
0 0.504861 0 0.0347222 0
0 0.447222 0.5 0.0277778 1
0 0.504167 0 0.0333333 0
0 0.447222 0.5 0.0277778 1
0 0.504861 0 0.0347222 0
0 0.447222 0.5 0.0277778 1
0 0.504167 0 0.0333333 0
0 0.447222 0.5 0.0277778 1
0 0.447222 0.5 0.0277778 1
0 0.504861 0 0.0347222 0
0 0.447222 0.5 0.0277778 1
0 0.504167 0 0.0333333 0
0 0.447222 0.5 0.0277778 1
0 0.504861 0 0.0347222 0
0 0.447222 0.5 0.0277778 1
0 0.504861 0 0.0347222 0
0 0.447222 0.5 0.0277778 1
0 0.504167 0 0.0333333 0
0 0.447222 0.5 0.0277778 1
0 0.504861 0 0.0347222 0
0 0.447222 0.5 0.0277778 1
0 0.504167 0 0.0333333 0
0 0.447222 0.5 0.0277778 1
0 0.504167 0 0.0333333 0
0 0.447222 0.5 0.0277778 1
0 0.504167 0 0.0333333 0
0 0.447222 0.5 0.0277778 1
0 0.504861 0 0.0347222 0
0 0.447222 0.5 0.0277778 1
0 0.447222 0.5 0.0277778 1
0 0.504861 0 0.0347222 0
0 0.447222 0.5 0.0277778 1
0 0.504861 0 0.0347222 0
0 0.447222 0.5 0.0277778 1
0 0.504167 0 0.0333333 0
0 0.447222 0.5 0.0277778 1
0 0.504167 0 0.0333333 0
0 0.447222 0.5 0.0277778 1
0 0.504861 0 0.0347222 0
0 0.447222 0.5 0.0277778 1
0 0.504167 0 0.0333333 0
0 0.447222 0.5 0.0277778 1
0 0.504167 0 0.0333333 0
0 0.447222 0.5 0.0277778 1
0 0.504167 0 0.0333333 0
0 0.447222 0.5 0.0277778 1
0 0.504861 0 0.0347222 0
0 0.447222 0.5 0.0277778 1
0 0.447222 0.5 0.0277778 1
0 0.504167 0 0.0333333 0
0 0.447222 0.5 0.0277778 1
0 0.504167 0 0.0333333 0
0 0.447222 0.5 0.0277778 1
0 0.504861 0 0.0347222 0
0 0.447222 0.5 0.0277778 1
0 0.504861 0 0.0347222 0
0 0.447222 0.5 0.0277778 1
0 0.504861 0 0.0347222 0
0 0.447222 0.5 0.0277778 1
0 0.504861 0 0.0347222 0
0 0.447222 0.5 0.0277778 1
0 0.504861 0 0.0347222 0
0 0.447222 0.5 0.0277778 1
0 0.504861 0 0.0347222 0
0 0.447222 0.5 0.0277778 1
0 0.447222 0.5 0.0277778 1
0 0.504167 0 0.0333333 0
0 0.447222 0.5 0.0277778 1
0 0.504167 0 0.0333333 0
0 0.447222 0.5 0.0277778 1
0 0.504861 0 0.0347222 0
0 0.447222 0.5 0.0277778 1
0 0.504167 0 0.0333333 0
0 0.447222 0.5 0.0277778 1
0 0.447222 0.5 0.0277778 1
0 0.447222 0.5 0.0277778 1
0 0.504167 0 0.0333333 0
0 0.447222 0.5 0.0277778 1
0 0.504861 0 0.0347222 0
0 0.447222 0.5 0.0277778 1
0 0.504861 0 0.0347222 0
0 0.447222 0.5 0.0277778 1
0 0.504167 0 0.0333333 0
0 0.447222 0.5 0.0277778 1
0 0.447222 0.5 0.0277778 1
0 0.504861 0 0.0347222 0
0 0.447222 0.5 0.0277778 1
0 0.504861 0 0.0347222 0
0 0.447222 0.5 0.0277778 1
0 0.447222 0.5 0.0277778 1
0 0.504861 0 0.0347222 0
0 0.447222 0.5 0.0277778 1
0 0.504861 0 0.0347222 0
0 0.447222 0.5 0.0277778 1
0 0.504861 0 0.0347222 0
0 0.447222 0.5 0.0277778 1
0 0.504167 0 0.0333333 0
0 0.447222 0.5 0.0277778 1
0 0.504167 0 0.0333333 0
0 0.447222 0.5 0.0277778 1
0 0.504167 0 0.0333333 0
0 0.447222 0.5 0.0277778 1
0 0.504167 0 0.0333333 0
0 0.447222 0.5 0.0277778 1
0 0.504861 0 0.0347222 0
0 0.447222 0.5 0.0277778 1
0 0.504861 0 0.0347222 0
0 0.447222 0.5 0.0277778 1
0 0.504861 0 0.0347222 0
0 0.447222 0.5 0.0277778 1
0 0.504167 0 0.0333333 0
0 0.447222 0.5 0.0277778 1
0 0.504861 0 0.0347222 0
0 0.447222 0.5 0.0277778 1
0 0.504861 0 0.0347222 0
0 0.447222 0.5 0.0277778 1
0 0.504167 0 0.0333333 0
0 0.447222 0.5 0.0277778 1
0 0.504861 0 0.0347222 0
0 0.447222 0.5 0.0277778 1
0 0.504861 0 0.0347222 0
0 0.447222 0.5 0.0277778 1
0 0.504861 0 0.0347222 0
0 0.447222 0.5 0.0277778 1
0 0.447222 0.5 0.0277778 1
0 0.504861 0 0.0347222 0
0 0.447222 0.5 0.0277778 1
0 0.504861 0 0.0347222 0
0 0.447222 0.5 0.0277778 1
0 0.448611 0.5 0.0277778 1
0 0.383333 0 0.0138889 0
0 0.451389 0.5 0.0277778 1
0 0.453472 0.5 0.0263889 1
0 0.454167 0.5 0.025 1
0 0.456944 0.5 0.0222222 1
0 0.474306 0.5 0.0569444 1
0 0.510417 0 0.0347222 0
0 0.477778 0.5 0.0527778 1
0 0.578472 0 0.00972222 0
0 0.479861 0.5 0.0513889 1
0 0.51875 0 0.0319444 0
0 0.520833 0 0.0305556 0
0 0.521528 0 0.0319444 0
0 0.484028 0.5 0.0458333 1
0 0.590278 0 0.0111111 0
0 0.590972 0 0.0125 0
0 0.484028 0.5 0.0458333 1
0 0.4875 0.5 0.05 1
0 0.493056 1 0.0472222 0
0 0.499306 1 0.0291667 0
0 0.500694 1 0.0319444 0
0 0.601389 0 0.0138889 0
0 0.402083 0 0.0125 0
0 0.503472 1 0.0319444 0
0 0.534722 0 0.0333333 0
0 0.402778 0 0.0138889 0
0 0.601389 0 0.0111111 0
0 0.505556 1 0.0305556 0
0 0.535417 0 0.0347222 0
0 0.507639 1 0.0291667 0
0 0.509722 1 0.0305556 0
0 0.538194 0 0.0347222 0
0 0.60625 0 0.0125 0
0 0.511111 1 0.0305556 0
0 0.606944 0 0.0111111 0
0 0.536111 0 0.0333333 0
0 0.511111 1 0.0305556 0
0 0.538194 0 0.0375 0
0 0.511111 1 0.0305556 0
0 0.492361 0.5 0.0486111 1
0 0.513889 1 0.0333333 0
0 0.496528 0.5 0.0513889 1
0 0.514583 1 0.0319444 0
0 0.609722 0 0.0111111 0
0 0.513194 1 0.0319444 0
0 0.514583 1 0.0319444 0
0 0.514583 0.5 0.0319444 1
0 0.514583 0.5 0.0319444 1
0 0.513194 0.5 0.0319444 1
0 0.6125 0 0.0138889 0
0 0.513889 0.5 0.0333333 1
0 0.6125 0 0.0111111 0
0 0.511806 0.5 0.0347222 1
0 0.39375 0 0.0125 0
0 0.613889 0 0.0138889 0
0 0.511111 0.5 0.0361111 1
0 0.391667 0 0.0138889 0
0 0.613194 0 0.0125 0
0 0.510417 0.5 0.0375 1
0 0.510417 0.5 0.0375 1
0 0.509028 0.5 0.0375 1
0 0.614583 0 0.0125 0
0 0.506944 0.5 0.0388889 1
0 0.615278 0 0.0138889 0
0 0.505556 0.5 0.0388889 1
0 0.386111 0 0.0138889 0
0 0.615278 0 0.0138889 0
0 0.504861 0.5 0.0402778 1
0 0.384722 0 0.0166667 0
0 0.615972 0 0.0125 0
0 0.502083 0.5 0.0486111 1
0 0.616667 0 0.0138889 0
0 0.500694 0.5 0.0486111 1
0 0.383333 0 0.0138889 0
0 0.499306 0.5 0.0513889 1
0 0.498611 0.5 0.0444444 1
0 0.498611 0.5 0.0444444 1
0 0.258333 0 0.0138889 0
0 0.618056 0 0.0166667 0
0 0.738889 0 0.0138889 0
0 0.497222 0.5 0.0472222 1
0 0.61875 0 0.0180556 0
0 0.378472 0 0.0152778 0
0 0.495139 0.5 0.0486111 1
0 0.377083 0 0.0152778 0
0 0.619444 0 0.0138889 0
0 0.49375 0.5 0.0486111 1
0 0.375694 0 0.0152778 0
0 0.619444 0 0.0138889 0
0 0.492361 0.5 0.0513889 1
0 0.375694 0 0.0152778 0
0 0.619444 0 0.0138889 0
0 0.492361 0.5 0.0513889 1
0 0.375694 0 0.0152778 0
0 0.619444 0 0.0138889 0
0 0.492361 0.5 0.0513889 1
0 0.375694 0 0.0152778 0
0 0.619444 0 0.0138889 0
0 0.492361 0.5 0.0513889 1
0 0.375694 0 0.0152778 0
0 0.619444 0 0.0138889 0
0 0.492361 0.5 0.0513889 1
0 0.375694 0 0.0152778 0
0 0.619444 0 0.0138889 0
0 0.492361 0.5 0.0513889 1
0 0.745139 0 0.0152778 0
0 0.620139 0 0.0152778 0
0 0.491667 0.5 0.05 1
0 0.747222 0 0.0166667 0
0 0.370139 0 0.0152778 0
0 0.620139 0 0.0152778 0
0 0.484028 0.5 0.0569444 1
0 0.747222 0 0.0166667 0
0 0.370139 0 0.0152778 0
0 0.620139 0 0.0152778 0
0 0.484028 0.5 0.0541667 1
0 0.747222 0 0.0166667 0
0 0.370139 0 0.0152778 0
0 0.620139 0 0.0152778 0
0 0.483333 0.5 0.0555556 1
0 0.747222 0 0.0166667 0
0 0.370139 0 0.0152778 0
0 0.620139 0 0.0152778 0
0 0.483333 0.5 0.0555556 1
0 0.370139 0 0.0152778 0
0 0.748611 0 0.0138889 0
0 0.620139 0 0.0152778 0
0 0.483333 0.5 0.0555556 1
0 0.748611 0 0.0138889 0
0 0.620139 0 0.0152778 0
0 0.483333 0.5 0.0555556 1
0 0.620139 0 0.0180556 0
0 0.75 0 0.0138889 0
0 0.482639 0.5 0.0569444 1
0 0.750694 0 0.0152778 0
0 0.622222 0 0.0194444 0
0 0.481944 0.5 0.0583333 1
0 0.622222 0 0.0194444 0
0 0.480556 0.5 0.0583333 1
0 0.623611 0 0.0166667 0
0 0.480556 0.5 0.0611111 1
0 0.622917 0 0.0152778 0
0 0.479861 0.5 0.0625 1
0 0.757639 0 0.0152778 0
0 0.363889 0 0.0166667 0
0 0.624306 0 0.0152778 0
0 0.479861 0.5 0.0625 1
0 0.363889 0 0.0166667 0
0 0.758333 0 0.0166667 0
0 0.624306 0 0.0152778 0
0 0.479167 0.5 0.0638889 1
0 0.363194 0 0.0180556 0
0 0.761111 0 0.0166667 0
0 0.625694 0 0.0152778 0
0 0.478472 0.5 0.0680556 1
0 0.7625 0 0.0166667 0
0 0.626389 0 0.0166667 0
0 0.478472 0.5 0.0680556 1
0 0.361111 0 0.0166667 0
0 0.627083 0 0.0180556 0
0 0.478472 0.5 0.0708333 1
0 0.765278 0 0.0166667 0
0 0.627778 0 0.0166667 0
0 0.478472 0.5 0.0736111 1
0 0.765972 0 0.0180556 0
0 0.628472 0 0.0180556 0
0 0.478472 0.5 0.0736111 1
0 0.359028 0 0.0180556 0
0 0.768056 0 0.0138889 0
0 0.629861 0 0.0180556 0
0 0.478472 0.5 0.0763889 1
0 0.770833 0 0.0166667 0
0 0.631944 0 0.0194444 0
0 0.359028 0 0.0180556 0
0 0.478472 0.5 0.0791667 1
0 0.631944 0 0.0194444 0
0 0.359028 0 0.0180556 0
0 0.478472 0.5 0.0791667 1
0 0.772222 0 0.0166667 0
0 0.358333 0 0.0166667 0
0 0.632639 0 0.0180556 0
0 0.478472 0.5 0.0791667 1
0 0.544444 0 0.0388889 0
0 0.632639 0 0.0180556 0
0 0.358333 0 0.0166667 0
0 0.477778 0.5 0.0805556 1
0 0.358333 0 0.0166667 0
0 0.632639 0 0.0180556 0
0 0.477778 0.5 0.0805556 1
0 0.773611 0 0.0166667 0
0 0.358333 0 0.0166667 0
0 0.633333 0 0.0166667 0
0 0.478472 0.5 0.0819444 1
0 0.774306 0 0.0152778 0
0 0.358333 0 0.0166667 0
0 0.632639 0 0.0180556 0
0 0.478472 0.5 0.0819444 1
0 0.625694 0 0.0152778 0
0 0.755556 0 0.0138889 0
0 0.502778 0 0.0361111 0
0 0.501389 0 0.0527778 0
0 0.501389 0 0.0527778 0
0 0.622222 0 0.0138889 0
0 0.386111 0 0.0166667 0
0 0.380556 0 0.0166667 0
0 0.75 0 0.0138889 0
0 0.624306 0 0.0152778 0
0 0.507639 0 0.0263889 0
0 0.360417 0 0.0180556 0
0 0.632639 0 0.0152778 0
0 0.4875 0 0.0694444 0
0 0.213194 0 0.0180556 0
0 0.35625 0 0.0180556 0
0 0.634028 0 0.0180556 0
0 0.776389 0 0.0166667 0
0 0.479167 0.5 0.0888889 1
0 0.213194 0 0.0180556 0
0 0.35625 0 0.0180556 0
0 0.777083 0 0.0180556 0
0 0.634722 0 0.0166667 0
0 0.479861 0.5 0.0875 1
0 0.213194 0 0.0180556 0
0 0.35625 0 0.0180556 0
0 0.777778 0 0.0166667 0
0 0.635417 0 0.0180556 0
0 0.479861 0.5 0.0875 1
0 0.355556 0 0.0194444 0
0 0.635417 0 0.0180556 0
0 0.778472 0 0.0180556 0
0 0.479861 0.5 0.0902778 1
0 0.211806 0 0.0180556 0
0 0.355556 0 0.0166667 0
0 0.778472 0 0.0180556 0
0 0.635417 0 0.0180556 0
0 0.479861 0.5 0.0902778 1
0 0.355556 0 0.0166667 0
0 0.778472 0 0.0180556 0
0 0.635417 0 0.0180556 0
0 0.479167 0.5 0.0916667 1
0 0.355556 0 0.0166667 0
0 0.778472 0 0.0180556 0
0 0.636111 0 0.0166667 0
0 0.479167 0.5 0.0916667 1
0 0.354861 0 0.0180556 0
0 0.779861 0 0.0180556 0
0 0.636111 0 0.0166667 0
0 0.478472 0.5 0.0930556 1
0 0.354861 0 0.0180556 0
0 0.780556 0 0.0166667 0
0 0.636806 0 0.0180556 0
0 0.479861 0.5 0.0930556 1
0 0.780556 0 0.0166667 0
0 0.636111 0 0.0166667 0
0 0.479861 0.5 0.0930556 1
0 0.78125 0 0.0180556 0
0 0.636111 0 0.0166667 0
0 0.479167 0.5 0.0944444 1
0 0.354861 0 0.0180556 0
0 0.781944 0 0.0166667 0
0 0.636806 0 0.0180556 0
0 0.479167 0.5 0.0972222 1
0 0.354167 0 0.0194444 0
0 0.782639 0 0.0180556 0
0 0.6375 0 0.0166667 0
0 0.479861 0.5 0.0986111 1
0 0.354167 0 0.0166667 0
0 0.782639 0 0.0180556 0
0 0.6375 0 0.0166667 0
0 0.479861 0.5 0.0986111 1
0 0.353472 0 0.0180556 0
0 0.638194 0 0.0180556 0
0 0.480556 0.5 0.1 1
0 0.353472 0 0.0180556 0
0 0.638194 0 0.0180556 0
0 0.480556 0.5 0.1 1
0 0.352778 0 0.0166667 0
0 0.785417 0 0.0180556 0
0 0.638889 0 0.0166667 0
0 0.479861 0.5 0.101389 1
0 0.785417 0 0.0180556 0
0 0.352778 0 0.0166667 0
0 0.638889 0 0.0166667 0
0 0.479861 0.5 0.104167 1
0 0.352083 0 0.0180556 0
0 0.639583 0 0.0180556 0
0 0.479167 0.5 0.105556 1
0 0.7875 0 0.0194444 0
0 0.352083 0 0.0180556 0
0 0.639583 0 0.0180556 0
0 0.478472 0.5 0.106944 1
0 0.789583 0 0.0180556 0
0 0.352083 0 0.0180556 0
0 0.640972 0 0.0180556 0
0 0.479167 0.5 0.108333 1
0 0.202778 0 0.0194444 0
0 0.351389 0 0.0166667 0
0 0.790278 0 0.0166667 0
0 0.640278 0 0.0194444 0
0 0.479167 0.5 0.111111 1
0 0.200694 0 0.0180556 0
0 0.791667 0 0.0194444 0
0 0.350694 0 0.0180556 0
0 0.641667 0 0.0194444 0
0 0.478472 0.5 0.1125 1
0 0.200694 0 0.0180556 0
0 0.349306 0 0.0180556 0
0 0.791667 0 0.0194444 0
0 0.641667 0 0.0194444 0
0 0.479861 0.5 0.115278 1
0 0.35 0 0.0194444 0
0 0.792361 0 0.0208333 0
0 0.641667 0 0.0194444 0
0 0.482639 0.5 0.118056 1
0 0.793056 0 0.0194444 0
0 0.348611 0 0.0194444 0
0 0.642361 0 0.0180556 0
0 0.483333 0.5 0.116667 1
0 0.793056 0 0.0166667 0
0 0.349306 0 0.0180556 0
0 0.642361 0 0.0180556 0
0 0.486111 0.5 0.113889 1
0 0.793056 0 0.0166667 0
0 0.347917 0 0.0180556 0
0 0.643056 0 0.0194444 0
0 0.489583 0.5 0.120833 1
0 0.793056 0 0.0166667 0
0 0.643056 0 0.0194444 0
0 0.493056 0.5 0.108333 1
0 0.347917 0 0.0180556 0
0 0.794444 0 0.0166667 0
0 0.643056 0 0.0194444 0
0 0.494444 1 0.108333 0
0 0.348611 0 0.0194444 0
0 0.794444 0 0.0166667 0
0 0.64375 0 0.0180556 0
0 0.496528 1 0.109722 0
0 0.347917 0 0.0180556 0
0 0.794444 0 0.0166667 0
0 0.496528 1 0.109722 0
0 0.644444 0 0.0166667 0
0 0.348611 0 0.0194444 0
0 0.794444 0 0.0166667 0
0 0.64375 0 0.0180556 0
0 0.49375 0.5 0.106944 1
0 0.347917 0 0.0180556 0
0 0.795139 0 0.0180556 0
0 0.644444 0 0.0166667 0
0 0.490278 0.5 0.119444 1
0 0.347917 0 0.0180556 0
0 0.795139 0 0.0180556 0
0 0.488889 0.5 0.119444 1
0 0.644444 0 0.0166667 0
0 0.348611 0 0.0194444 0
0 0.795139 0 0.0180556 0
0 0.645139 0 0.0180556 0
0 0.488194 0.5 0.118056 1
0 0.348611 0 0.0194444 0
0 0.795833 0 0.0166667 0
0 0.645139 0 0.0180556 0
0 0.488194 0.5 0.115278 1
0 0.795833 0 0.0166667 0
0 0.348611 0 0.0194444 0
0 0.485417 0.5 0.115278 1
0 0.645139 0 0.0180556 0
0 0.795833 0 0.0166667 0
0 0.348611 0 0.0194444 0
0 0.644444 0 0.0194444 0
0 0.484028 0.5 0.115278 1
0 0.795833 0 0.0166667 0
0 0.348611 0 0.0194444 0
0 0.644444 0 0.0194444 0
0 0.482639 0.5 0.118056 1
0 0.795833 0 0.0166667 0
0 0.347917 0 0.0180556 0
0 0.644444 0 0.0194444 0
0 0.48125 0.5 0.118056 1
0 0.795833 0 0.0166667 0
0 0.347917 0 0.0180556 0
0 0.644444 0 0.0194444 0
0 0.48125 0.5 0.118056 1
0 0.348611 0 0.0194444 0
0 0.796528 0 0.0180556 0
0 0.645139 0 0.0208333 0
0 0.477778 0.5 0.113889 1
0 0.796528 0 0.0180556 0
0 0.347917 0 0.0208333 0
0 0.645139 0 0.0208333 0
0 0.477083 0.5 0.1125 1
0 0.796528 0 0.0180556 0
0 0.348611 0 0.0194444 0
0 0.645833 0 0.0194444 0
0 0.475694 0.5 0.1125 1
0 0.796528 0 0.0180556 0
0 0.348611 0 0.0194444 0
0 0.645139 0 0.0180556 0
0 0.473611 0.5 0.113889 1
0 0.348611 0 0.0194444 0
0 0.796528 0 0.0180556 0
0 0.473611 0.5 0.113889 1
0 0.645139 0 0.0180556 0
0 0.795833 0 0.0194444 0
0 0.348611 0 0.0194444 0
0 0.644444 0 0.0194444 0
0 0.475694 0.5 0.115278 1
0 0.795833 0 0.0194444 0
0 0.348611 0 0.0194444 0
0 0.645139 0 0.0180556 0
0 0.477778 0.5 0.111111 1
0 0.348611 0 0.0194444 0
0 0.645139 0 0.0180556 0
0 0.481944 0.5 0.113889 1
0 0.795833 0 0.0194444 0
0 0.347917 0 0.0180556 0
0 0.645139 0 0.0180556 0
0 0.484722 0.5 0.113889 1
0 0.55 0 0.0388889 0
0 0.794444 0 0.0194444 0
0 0.347917 0 0.0180556 0
0 0.645139 0 0.0180556 0
0 0.4875 0.5 0.113889 1
0 0.795139 0 0.0180556 0
0 0.644444 0 0.0166667 0
0 0.489583 0.5 0.109722 1
0 0.795833 0 0.0194444 0
0 0.644444 0 0.0166667 0
0 0.491667 0.5 0.111111 1
0 0.348611 0 0.0194444 0
0 0.795833 0 0.0194444 0
0 0.644444 0 0.0166667 0
0 0.492361 0.5 0.109722 1
0 0.348611 0 0.0194444 0
0 0.795833 0 0.0194444 0
0 0.644444 0 0.0166667 0
0 0.492361 0.5 0.109722 1
0 0.348611 0 0.0194444 0
0 0.794444 0 0.0194444 0
0 0.644444 0 0.0166667 0
0 0.491667 0.5 0.111111 1
0 0.349306 0 0.0180556 0
0 0.795833 0 0.0194444 0
0 0.644444 0 0.0166667 0
0 0.490972 0.5 0.1125 1
0 0.795139 0 0.0180556 0
0 0.348611 0 0.0194444 0
0 0.644444 0 0.0166667 0
0 0.489583 0.5 0.1125 1
0 0.348611 0 0.0194444 0
0 0.795139 0 0.0180556 0
0 0.644444 0 0.0166667 0
0 0.488194 0.5 0.1125 1
0 0.348611 0 0.0194444 0
0 0.795139 0 0.0180556 0
0 0.644444 0 0.0166667 0
0 0.491667 0.5 0.108333 1
0 0.348611 0 0.0194444 0
0 0.795139 0 0.0180556 0
0 0.644444 0 0.0166667 0
0 0.488194 0.5 0.115278 1
0 0.348611 0 0.0194444 0
0 0.795139 0 0.0180556 0
0 0.644444 0 0.0166667 0
0 0.484722 0.5 0.113889 1
0 0.795139 0 0.0180556 0
0 0.348611 0 0.0194444 0
0 0.644444 0 0.0166667 0
0 0.482639 0.5 0.115278 1
0 0.797222 0 0.0194444 0
0 0.348611 0 0.0194444 0
0 0.48125 0.5 0.1125 1
0 0.644444 0 0.0166667 0
0 0.348611 0 0.0194444 0
0 0.797222 0 0.0194444 0
0 0.480556 0.5 0.113889 1
0 0.645139 0 0.0180556 0
0 0.797222 0 0.0194444 0
0 0.347917 0 0.0180556 0
0 0.48125 0.5 0.1125 1
0 0.645833 0 0.0166667 0
0 0.797222 0 0.0194444 0
0 0.347917 0 0.0208333 0
0 0.484722 0.5 0.111111 1
0 0.645139 0 0.0180556 0
0 0.797222 0 0.0194444 0
0 0.347222 0 0.0194444 0
0 0.484722 0.5 0.113889 1
0 0.645833 0 0.0166667 0
0 0.797222 0 0.0194444 0
0 0.347222 0 0.0194444 0
0 0.485417 0.5 0.1125 1
0 0.645833 0 0.0166667 0
0 0.797917 0 0.0208333 0
0 0.347222 0 0.0194444 0
0 0.4875 0.5 0.116667 1
0 0.645139 0 0.0180556 0
0 0.797917 0 0.0180556 0
0 0.347917 0 0.0180556 0
0 0.645833 0 0.0166667 0
0 0.488194 0.5 0.120833 1
0 0.798611 0 0.0194444 0
0 0.347222 0 0.0194444 0
0 0.645833 0 0.0194444 0
0 0.492361 0.5 0.109722 1
0 0.19375 0 0.0180556 0
0 0.798611 0 0.0194444 0
0 0.347222 0 0.0194444 0
0 0.494444 0.5 0.113889 1
0 0.646528 0 0.0208333 0
0 0.798611 0 0.0194444 0
0 0.347222 0 0.0194444 0
0 0.49375 0.5 0.115278 1
0 0.645833 0 0.0194444 0
0 0.458333 0 0.0333333 0
0 0.347222 0 0.0194444 0
0 0.8 0 0.0166667 0
0 0.49375 0.5 0.115278 1
0 0.646528 0 0.0180556 0
0 0.346528 0 0.0208333 0
0 0.8 0 0.0166667 0
0 0.489583 0.5 0.120833 1
0 0.646528 0 0.0208333 0
0 0.346528 0 0.0208333 0
0 0.8 0 0.0166667 0
0 0.486806 0.5 0.115278 1
0 0.646528 0 0.0180556 0
0 0.347222 0 0.0194444 0
0 0.8 0 0.0166667 0
0 0.646528 0 0.0180556 0
0 0.486806 0.5 0.115278 1
0 0.346528 0 0.0180556 0
0 0.8 0 0.0166667 0
0 0.486111 0.5 0.119444 1
0 0.646528 0 0.0180556 0
0 0.8 0 0.0166667 0
0 0.346528 0 0.0180556 0
0 0.646528 0 0.0180556 0
0 0.483333 0.5 0.119444 1
0 0.346528 0 0.0180556 0
0 0.8 0 0.0166667 0
0 0.480556 0.5 0.119444 1
0 0.646528 0 0.0180556 0
0 0.347222 0 0.0194444 0
0 0.8 0 0.0166667 0
0 0.646528 0 0.0180556 0
0 0.479861 0.5 0.118056 1
0 0.8 0 0.0166667 0
0 0.347222 0 0.0194444 0
0 0.646528 0 0.0180556 0
0 0.478472 0.5 0.118056 1
0 0.346528 0 0.0208333 0
0 0.8 0 0.0166667 0
0 0.647222 0 0.0194444 0
0 0.479861 0.5 0.118056 1
0 0.346528 0 0.0208333 0
0 0.8 0 0.0166667 0
0 0.48125 0.5 0.118056 1
0 0.646528 0 0.0180556 0
0 0.8 0 0.0166667 0
0 0.346528 0 0.0208333 0
0 0.482639 0.5 0.118056 1
0 0.647222 0 0.0194444 0
0 0.8 0 0.0166667 0
0 0.346528 0 0.0208333 0
0 0.484722 0.5 0.116667 1
0 0.646528 0 0.0180556 0
0 0.345833 0 0.0194444 0
0 0.801389 0 0.0166667 0
0 0.484722 0.5 0.119444 1
0 0.647222 0 0.0194444 0
0 0.345833 0 0.0194444 0
0 0.485417 0.5 0.120833 1
0 0.800694 0 0.0180556 0
0 0.647222 0 0.0194444 0
0 0.345833 0 0.0194444 0
0 0.485417 0.5 0.120833 1
0 0.801389 0 0.0166667 0
0 0.647222 0 0.0194444 0
0 0.345139 0 0.0180556 0
0 0.801389 0 0.0166667 0
0 0.488194 0.5 0.123611 1
0 0.647222 0 0.0194444 0
0 0.802083 0 0.0180556 0
0 0.345139 0 0.0180556 0
0 0.491667 0.5 0.113889 1
0 0.647222 0 0.0194444 0
0 0.345139 0 0.0180556 0
0 0.802083 0 0.0180556 0
0 0.492361 0.5 0.1125 1
0 0.647222 0 0.0194444 0
0 0.345139 0 0.0180556 0
0 0.802778 0 0.0194444 0
0 0.486111 0.5 0.122222 1
0 0.647222 0 0.0194444 0
0 0.344444 0 0.0194444 0
0 0.802778 0 0.0194444 0
0 0.485417 0.5 0.120833 1
0 0.647917 0 0.0208333 0
0 0.345139 0 0.0180556 0
0 0.802778 0 0.0194444 0
0 0.484028 0.5 0.123611 1
0 0.647917 0 0.0208333 0
0 0.344444 0 0.0194444 0
0 0.802778 0 0.0194444 0
0 0.484028 0.5 0.123611 1
0 0.647917 0 0.0208333 0
0 0.456944 0 0.0333333 0
0 0.189583 0 0.0180556 0
0 0.344444 0 0.0194444 0
0 0.803472 0 0.0208333 0
0 0.483333 0.5 0.127778 1
0 0.647917 0 0.0208333 0
0 0.188889 0 0.0166667 0
0 0.344444 0 0.0194444 0
0 0.803472 0 0.0208333 0
0 0.648611 0 0.0194444 0
0 0.48125 0.5 0.126389 1
0 0.188194 0 0.0180556 0
0 0.345139 0 0.0180556 0
0 0.804861 0 0.0180556 0
0 0.648611 0 0.0194444 0
0 0.485417 0.5 0.126389 1
0 0.188194 0 0.0180556 0
0 0.649306 0 0.0208333 0
0 0.345139 0 0.0180556 0
0 0.804861 0 0.0208333 0
0 0.4875 0.5 0.127778 1
0 0.188194 0 0.0180556 0
0 0.805556 0 0.0194444 0
0 0.65 0 0.0194444 0
0 0.345139 0 0.0180556 0
0 0.4875 0.5 0.127778 1
0 0.188889 0 0.0194444 0
0 0.65 0 0.0194444 0
0 0.804861 0 0.0208333 0
0 0.345139 0 0.0180556 0
0 0.492361 0.5 0.115278 1
0 0.65 0 0.0194444 0
0 0.804861 0 0.0208333 0
0 0.345139 0 0.0180556 0
0 0.492361 0.5 0.115278 1
0 0.188194 0 0.0180556 0
0 0.805556 0 0.0194444 0
0 0.649306 0 0.0180556 0
0 0.345139 0 0.0180556 0
0 0.49375 0.5 0.118056 1
0 0.188194 0 0.0180556 0
0 0.649306 0 0.0180556 0
0 0.80625 0 0.0208333 0
0 0.345139 0 0.0180556 0
0 0.49375 0.5 0.118056 1
0 0.188194 0 0.0180556 0
0 0.649306 0 0.0180556 0
0 0.80625 0 0.0208333 0
0 0.345139 0 0.0180556 0
0 0.49375 0.5 0.118056 1
0 0.188194 0 0.0180556 0
0 0.80625 0 0.0208333 0
0 0.649306 0 0.0180556 0
0 0.345139 0 0.0180556 0
0 0.490972 0.5 0.129167 1
0 0.1875 0 0.0194444 0
0 0.345139 0 0.0180556 0
0 0.806944 0 0.0194444 0
0 0.49375 0.5 0.118056 1
0 0.650694 0 0.0180556 0
0 0.295833 0 0.0527778 0
0 0.344444 0 0.0194444 0
0 0.807639 0 0.0180556 0
0 0.49375 0.5 0.120833 1
0 0.650694 0 0.0180556 0
0 0.295833 0 0.0527778 0
0 0.344444 0 0.0194444 0
0 0.807639 0 0.0180556 0
0 0.49375 0.5 0.120833 1
0 0.650694 0 0.0180556 0
0 0.295833 0 0.0527778 0
0 0.344444 0 0.0194444 0
0 0.807639 0 0.0180556 0
0 0.49375 0.5 0.120833 1
0 0.650694 0 0.0180556 0
0 0.295833 0 0.0527778 0
0 0.344444 0 0.0194444 0
0 0.807639 0 0.0180556 0
0 0.49375 0.5 0.120833 1
0 0.650694 0 0.0180556 0
0 0.295833 0 0.0527778 0
0 0.344444 0 0.0194444 0
0 0.807639 0 0.0180556 0
0 0.49375 0.5 0.120833 1
0 0.650694 0 0.0180556 0
0 0.295833 0 0.0527778 0
0 0.344444 0 0.0194444 0
0 0.807639 0 0.0180556 0
0 0.49375 0.5 0.120833 1
0 0.650694 0 0.0180556 0
0 0.295833 0 0.0527778 0
0 0.344444 0 0.0194444 0
0 0.807639 0 0.0180556 0
0 0.49375 0.5 0.120833 1
0 0.650694 0 0.0180556 0
0 0.295833 0 0.0527778 0
0 0.344444 0 0.0194444 0
0 0.807639 0 0.0180556 0
0 0.49375 0.5 0.120833 1
0 0.650694 0 0.0180556 0
0 0.295833 0 0.0527778 0
0 0.344444 0 0.0194444 0
0 0.807639 0 0.0180556 0
0 0.49375 0.5 0.120833 1
0 0.650694 0 0.0180556 0
0 0.295833 0 0.0527778 0
0 0.344444 0 0.0194444 0
0 0.807639 0 0.0180556 0
0 0.49375 0.5 0.120833 1
0 0.650694 0 0.0180556 0
0 0.295833 0 0.0527778 0
0 0.344444 0 0.0194444 0
0 0.807639 0 0.0180556 0
0 0.49375 0.5 0.120833 1
0 0.650694 0 0.0180556 0
0 0.295833 0 0.0527778 0
0 0.344444 0 0.0194444 0
0 0.807639 0 0.0180556 0
0 0.49375 0.5 0.120833 1
0 0.650694 0 0.0180556 0
0 0.295833 0 0.0527778 0
0 0.344444 0 0.0194444 0
0 0.807639 0 0.0180556 0
0 0.49375 0.5 0.120833 1
0 0.650694 0 0.0180556 0
0 0.295833 0 0.0527778 0
0 0.344444 0 0.0194444 0
0 0.807639 0 0.0180556 0
0 0.49375 0.5 0.120833 1
0 0.650694 0 0.0180556 0
0 0.295833 0 0.0527778 0
0 0.344444 0 0.0194444 0
0 0.807639 0 0.0180556 0
0 0.49375 0.5 0.120833 1
0 0.650694 0 0.0180556 0
0 0.295833 0 0.0527778 0
0 0.344444 0 0.0194444 0
0 0.807639 0 0.0180556 0
0 0.49375 0.5 0.120833 1
0 0.650694 0 0.0180556 0
0 0.295833 0 0.0527778 0
0 0.344444 0 0.0194444 0
0 0.807639 0 0.0180556 0
0 0.49375 0.5 0.120833 1
0 0.650694 0 0.0180556 0
0 0.457639 0 0.0319444 0
0 0.554861 0 0.0402778 0
0 0.344444 0 0.0194444 0
0 0.807639 0 0.0180556 0
0 0.493056 0.5 0.119444 1
0 0.650694 0 0.0180556 0
0 0.457639 0 0.0319444 0
0 0.554861 0 0.0402778 0
0 0.344444 0 0.0194444 0
0 0.807639 0 0.0180556 0
0 0.493056 0.5 0.119444 1
0 0.650694 0 0.0180556 0
0 0.457639 0 0.0319444 0
0 0.554861 0 0.0402778 0
0 0.344444 0 0.0194444 0
0 0.807639 0 0.0180556 0
0 0.493056 0.5 0.119444 1
0 0.650694 0 0.0180556 0
0 0.457639 0 0.0319444 0
0 0.554861 0 0.0402778 0
0 0.344444 0 0.0194444 0
0 0.807639 0 0.0180556 0
0 0.493056 0.5 0.119444 1
0 0.650694 0 0.0180556 0
0 0.457639 0 0.0319444 0
0 0.554861 0 0.0402778 0
0 0.344444 0 0.0194444 0
0 0.807639 0 0.0180556 0
0 0.493056 0.5 0.119444 1
0 0.650694 0 0.0180556 0
0 0.457639 0 0.0319444 0
0 0.554861 0 0.0402778 0
0 0.344444 0 0.0194444 0
0 0.807639 0 0.0180556 0
0 0.493056 0.5 0.119444 1
0 0.650694 0 0.0180556 0
0 0.479861 0 0.143056 0
0 0.810417 0 0.0208333 0
0 0.341667 0 0.0194444 0
0 0.651389 0 0.0194444 0
0 0.181944 0 0.0194444 0
0 0.809722 0 0.0194444 0
0 0.48125 0 0.140278 0
0 0.651389 0 0.0194444 0
0 0.340278 0 0.0194444 0
0 0.181944 0 0.0194444 0
0 0.810417 0 0.0208333 0
0 0.479861 0 0.140278 0
0 0.340972 0 0.0180556 0
0 0.651389 0 0.0194444 0
0 0.181944 0 0.0194444 0
0 0.810417 0 0.0208333 0
0 0.477083 0 0.140278 0
0 0.340278 0 0.0194444 0
0 0.651389 0 0.0194444 0
0 0.476389 0 0.138889 0
0 0.810417 0 0.0208333 0
0 0.339583 0 0.0180556 0
0 0.651389 0 0.0194444 0
0 0.476389 0 0.138889 0
0 0.810417 0 0.0208333 0
0 0.339583 0 0.0180556 0
0 0.651389 0 0.0194444 0
0 0.475 0 0.138889 0
0 0.340278 0 0.0194444 0
0 0.811111 0 0.0194444 0
0 0.651389 0 0.0194444 0
0 0.475 0 0.138889 0
0 0.340278 0 0.0194444 0
0 0.811111 0 0.0194444 0
0 0.651389 0 0.0194444 0
0 0.475 0 0.138889 0
0 0.340278 0 0.0194444 0
0 0.811111 0 0.0194444 0
0 0.651389 0 0.0194444 0
0 0.340278 0 0.0194444 0
0 0.476389 0 0.138889 0
0 0.811111 0 0.0194444 0
0 0.651389 0 0.0194444 0
0 0.811111 0 0.0194444 0
0 0.470833 0 0.133333 0
0 0.338889 0 0.0194444 0
0 0.651389 0 0.0194444 0
0 0.468056 0 0.147222 0
0 0.810417 0 0.0208333 0
0 0.339583 0 0.0180556 0
0 0.651389 0 0.0194444 0
0 0.811111 0 0.0194444 0
0 0.468056 0 0.152778 0
0 0.339583 0 0.0180556 0
0 0.651389 0 0.0194444 0
0 0.811111 0 0.0222222 0
0 0.468056 0 0.147222 0
0 0.651389 0 0.0194444 0
0 0.339583 0 0.0180556 0
0 0.8125 0 0.0194444 0
0 0.468056 0 0.15 0
0 0.338889 0 0.0194444 0
0 0.652083 0 0.0208333 0
0 0.468056 0 0.155556 0
0 0.811806 0 0.0208333 0
0 0.338889 0 0.0194444 0
0 0.652083 0 0.0208333 0
0 0.465972 0 0.148611 0
0 0.811806 0 0.0180556 0
0 0.338889 0 0.0194444 0
0 0.652083 0 0.0208333 0
0 0.811111 0 0.0194444 0
0 0.465972 0 0.156944 0
0 0.338194 0 0.0180556 0
0 0.651389 0 0.0194444 0
0 0.811111 0 0.0194444 0
0 0.465972 0 0.156944 0
0 0.338194 0 0.0180556 0
0 0.651389 0 0.0194444 0
0 0.811111 0 0.0194444 0
0 0.465972 0 0.156944 0
0 0.338194 0 0.0180556 0
0 0.651389 0 0.0194444 0
0 0.811111 0 0.0194444 0
0 0.465972 0 0.156944 0
0 0.338194 0 0.0180556 0
0 0.651389 0 0.0194444 0
0 0.811111 0 0.0194444 0
0 0.465972 0 0.156944 0
0 0.338194 0 0.0180556 0
0 0.651389 0 0.0194444 0
0 0.811111 0 0.0194444 0
0 0.465972 0 0.156944 0
0 0.338194 0 0.0180556 0
0 0.651389 0 0.0194444 0
0 0.810417 0 0.0208333 0
0 0.465972 0 0.154167 0
0 0.338194 0 0.0180556 0
0 0.651389 0 0.0194444 0
0 0.810417 0 0.0208333 0
0 0.465972 0 0.154167 0
0 0.338194 0 0.0180556 0
0 0.651389 0 0.0194444 0
0 0.810417 0 0.0208333 0
0 0.465972 0 0.154167 0
0 0.338194 0 0.0180556 0
0 0.651389 0 0.0194444 0
0 0.178472 0 0.0208333 0
0 0.465278 0 0.147222 0
0 0.3375 0 0.0194444 0
0 0.651389 0 0.0194444 0
0 0.178472 0 0.0208333 0
0 0.465278 0 0.147222 0
0 0.3375 0 0.0194444 0
0 0.651389 0 0.0194444 0
0 0.178472 0 0.0208333 0
0 0.465278 0 0.147222 0
0 0.3375 0 0.0194444 0
0 0.651389 0 0.0194444 0
0 0.178472 0 0.0208333 0
0 0.465278 0 0.147222 0
0 0.3375 0 0.0194444 0
0 0.651389 0 0.0194444 0
0 0.178472 0 0.0208333 0
0 0.465278 0 0.147222 0
0 0.3375 0 0.0194444 0
0 0.651389 0 0.0194444 0
0 0.178472 0 0.0208333 0
0 0.465278 0 0.147222 0
0 0.3375 0 0.0194444 0
0 0.651389 0 0.0194444 0
0 0.178472 0 0.0208333 0
0 0.465278 0 0.147222 0
0 0.3375 0 0.0194444 0
0 0.651389 0 0.0194444 0
0 0.178472 0 0.0208333 0
0 0.465278 0 0.147222 0
0 0.3375 0 0.0194444 0
0 0.651389 0 0.0194444 0
0 0.178472 0 0.0208333 0
0 0.465278 0 0.147222 0
0 0.3375 0 0.0194444 0
0 0.651389 0 0.0194444 0
0 0.178472 0 0.0208333 0
0 0.465278 0 0.147222 0
0 0.3375 0 0.0194444 0
0 0.651389 0 0.0194444 0
0 0.178472 0 0.0208333 0
0 0.465278 0 0.147222 0
0 0.3375 0 0.0194444 0
0 0.651389 0 0.0194444 0
0 0.178472 0 0.0208333 0
0 0.465278 0 0.147222 0
0 0.3375 0 0.0194444 0
0 0.651389 0 0.0194444 0
0 0.178472 0 0.0208333 0
0 0.465278 0 0.147222 0
0 0.3375 0 0.0194444 0
0 0.651389 0 0.0194444 0
0 0.178472 0 0.0208333 0
0 0.465278 0 0.147222 0
0 0.3375 0 0.0194444 0
0 0.651389 0 0.0194444 0
0 0.336111 0 0.0194444 0
0 0.495139 0 0.0708333 0
0 0.652083 0 0.0180556 0
0 0.45625 0 0.126389 0
0 0.495139 0 0.0708333 0
0 0.652083 0 0.0180556 0
0 0.45625 0 0.123611 0
0 0.335417 0 0.0208333 0
0 0.494444 0 0.0694444 0
0 0.456944 0 0.130556 0
0 0.652083 0 0.0180556 0
0 0.336806 0 0.0208333 0
0 0.454167 0 0.125 0
0 0.652083 0 0.0180556 0
0 0.49375 0 0.0708333 0
0 0.336806 0 0.0208333 0
0 0.454167 0 0.125 0
0 0.652083 0 0.0180556 0
0 0.49375 0 0.0708333 0
0 0.456944 0 0.130556 0
0 0.652083 0 0.0180556 0
0 0.49375 0 0.0736111 0
0 0.456944 0 0.130556 0
0 0.652083 0 0.0180556 0
0 0.49375 0 0.0736111 0
0 0.336806 0 0.0208333 0
0 0.456944 0 0.130556 0
0 0.652083 0 0.0180556 0
0 0.49375 0 0.0736111 0
0 0.457639 0 0.131944 0
0 0.652083 0 0.0180556 0
0 0.49375 0 0.0736111 0
0 0.457639 0 0.131944 0
0 0.652083 0 0.0180556 0
0 0.49375 0 0.0736111 0
0 0.466667 0 0.127778 0
0 0.495139 0 0.0680556 0
0 0.65 0 0.0194444 0
0 0.465972 0 0.129167 0
0 0.335417 0 0.0180556 0
0 0.495833 0 0.0666667 0
0 0.650694 0 0.0180556 0
0 0.495139 0 0.0652778 0
0 0.464583 0 0.126389 0
0 0.650694 0 0.0180556 0
0 0.495833 0 0.0638889 0
0 0.4625 0 0.127778 0
0 0.495833 0 0.0666667 0
0 0.4625 0 0.127778 0
0 0.495139 0 0.0680556 0
0 0.336111 0 0.0194444 0
0 0.463194 0 0.129167 0
0 0.495833 0 0.0666667 0
0 0.335417 0 0.0180556 0
0 0.461806 0 0.129167 0
0 0.495139 0 0.0680556 0
0 0.4625 0 0.127778 0
0 0.495139 0 0.0680556 0
0 0.335417 0 0.0180556 0
0 0.4625 0 0.127778 0
0 0.495833 0 0.0666667 0
0 0.335417 0 0.0180556 0
0 0.463889 0 0.127778 0
0 0.495833 0 0.0666667 0
0 0.335417 0 0.0180556 0
0 0.463194 0 0.129167 0
0 0.495833 0 0.0666667 0
0 0.336111 0 0.0194444 0
0 0.463194 0 0.129167 0
0 0.495833 0 0.0666667 0
0 0.335417 0 0.0180556 0
0 0.463194 0 0.129167 0
0 0.495833 0 0.0666667 0
0 0.335417 0 0.0180556 0
0 0.461806 0 0.129167 0
0 0.495833 0 0.0666667 0
0 0.335417 0 0.0180556 0
0 0.461806 0 0.129167 0
0 0.495139 0 0.0680556 0
0 0.335417 0 0.0180556 0
0 0.461806 0 0.129167 0
0 0.495139 0 0.0680556 0
0 0.335417 0 0.0180556 0
0 0.4625 0 0.130556 0
0 0.495139 0 0.0680556 0
0 0.335417 0 0.0180556 0
0 0.463194 0 0.129167 0
0 0.495833 0 0.0666667 0
0 0.335417 0 0.0180556 0
0 0.463194 0 0.129167 0
0 0.495833 0 0.0666667 0
0 0.335417 0 0.0180556 0
0 0.4625 0 0.127778 0
0 0.495833 0 0.0666667 0
0 0.335417 0 0.0180556 0
0 0.4625 0 0.127778 0
0 0.495833 0 0.0666667 0
0 0.335417 0 0.0180556 0
0 0.463194 0 0.126389 0
0 0.495833 0 0.0666667 0
0 0.463194 0 0.126389 0
0 0.495833 0 0.0666667 0
0 0.463194 0 0.126389 0
0 0.495833 0 0.0666667 0
0 0.335417 0 0.0180556 0
0 0.463889 0 0.127778 0
0 0.495833 0 0.0666667 0
0 0.463194 0 0.126389 0
0 0.495833 0 0.0666667 0
0 0.336111 0 0.0194444 0
0 0.463889 0 0.127778 0
0 0.495833 0 0.0666667 0
0 0.335417 0 0.0180556 0
0 0.463889 0 0.127778 0
0 0.495833 0 0.0666667 0
0 0.335417 0 0.0180556 0
0 0.463889 0 0.127778 0
0 0.495833 0 0.0666667 0
0 0.463194 0 0.126389 0
0 0.495139 0 0.0652778 0
0 0.463194 0 0.126389 0
0 0.495833 0 0.0666667 0
0 0.335417 0 0.0180556 0
0 0.4625 0 0.127778 0
0 0.495833 0 0.0666667 0
0 0.4625 0 0.127778 0
0 0.495833 0 0.0666667 0
0 0.335417 0 0.0180556 0
0 0.463889 0 0.127778 0
0 0.495833 0 0.0666667 0
0 0.336111 0 0.0194444 0
0 0.463889 0 0.127778 0
0 0.495833 0 0.0666667 0
0 0.335417 0 0.0180556 0
0 0.4625 0 0.127778 0
0 0.495139 0 0.0680556 0
0 0.335417 0 0.0180556 0
0 0.4625 0 0.127778 0
0 0.495833 0 0.0666667 0
0 0.335417 0 0.0180556 0
0 0.463889 0 0.127778 0
0 0.495833 0 0.0666667 0
0 0.463194 0 0.126389 0
0 0.495833 0 0.0666667 0
0 0.335417 0 0.0180556 0
0 0.463889 0 0.127778 0
0 0.495139 0 0.0680556 0
0 0.335417 0 0.0180556 0
0 0.4625 0 0.127778 0
0 0.495139 0 0.0680556 0
0 0.335417 0 0.0180556 0
0 0.4625 0 0.127778 0
0 0.495833 0 0.0694444 0
0 0.335417 0 0.0180556 0
0 0.4625 0 0.127778 0
0 0.495833 0 0.0694444 0
0 0.335417 0 0.0180556 0
0 0.463194 0 0.126389 0
0 0.495833 0 0.0694444 0
0 0.335417 0 0.0180556 0
0 0.4625 0 0.127778 0
0 0.495833 0 0.0694444 0
0 0.335417 0 0.0180556 0
0 0.4625 0 0.127778 0
0 0.495833 0 0.0694444 0
0 0.335417 0 0.0180556 0
0 0.4625 0 0.127778 0
0 0.495833 0 0.0694444 0
0 0.463194 0 0.126389 0
0 0.335417 0 0.0180556 0
0 0.495833 0 0.0694444 0
0 0.463194 0 0.126389 0
0 0.335417 0 0.0180556 0
0 0.495833 0 0.0666667 0
0 0.335417 0 0.0180556 0
0 0.4625 0 0.127778 0
0 0.495833 0 0.0694444 0
0 0.650694 0 0.0180556 0
0 0.335417 0 0.0180556 0
0 0.463194 0 0.126389 0
0 0.495833 0 0.0694444 0
0 0.463194 0 0.126389 0
0 0.335417 0 0.0180556 0
0 0.495139 0 0.0680556 0
0 0.463889 0 0.127778 0
0 0.335417 0 0.0180556 0
0 0.495833 0 0.0666667 0
0 0.463889 0 0.127778 0
0 0.335417 0 0.0180556 0
0 0.495833 0 0.0666667 0
0 0.335417 0 0.0180556 0
0 0.4625 0 0.127778 0
0 0.495833 0 0.0666667 0
0 0.335417 0 0.0180556 0
0 0.4625 0 0.127778 0
0 0.495833 0 0.0666667 0
0 0.335417 0 0.0180556 0
0 0.4625 0 0.127778 0
0 0.495833 0 0.0666667 0
0 0.335417 0 0.0180556 0
0 0.4625 0 0.127778 0
0 0.495833 0 0.0666667 0
0 0.335417 0 0.0180556 0
0 0.4625 0 0.127778 0
0 0.495833 0 0.0666667 0
0 0.335417 0 0.0180556 0
0 0.4625 0 0.127778 0
0 0.495833 0 0.0666667 0
0 0.335417 0 0.0180556 0
0 0.4625 0 0.127778 0
0 0.495833 0 0.0666667 0
0 0.335417 0 0.0180556 0
0 0.4625 0 0.127778 0
0 0.495833 0 0.0666667 0
0 0.335417 0 0.0180556 0
0 0.4625 0 0.127778 0
0 0.495833 0 0.0666667 0
0 0.335417 0 0.0180556 0
0 0.4625 0 0.127778 0
0 0.495833 0 0.0666667 0
0 0.335417 0 0.0180556 0
0 0.4625 0 0.127778 0
0 0.495833 0 0.0666667 0
0 0.335417 0 0.0180556 0
0 0.4625 0 0.127778 0
0 0.495833 0 0.0666667 0
0 0.335417 0 0.0180556 0
0 0.4625 0 0.127778 0
0 0.495833 0 0.0666667 0
0 0.335417 0 0.0180556 0
0 0.4625 0 0.127778 0
0 0.495833 0 0.0666667 0
0 0.335417 0 0.0180556 0
0 0.4625 0 0.127778 0
0 0.495833 0 0.0666667 0
0 0.335417 0 0.0180556 0
0 0.4625 0 0.127778 0
0 0.495833 0 0.0666667 0
0 0.335417 0 0.0180556 0
0 0.4625 0 0.127778 0
0 0.495833 0 0.0666667 0
0 0.335417 0 0.0180556 0
0 0.4625 0 0.127778 0
0 0.495833 0 0.0666667 0
0 0.335417 0 0.0180556 0
0 0.4625 0 0.127778 0
0 0.495833 0 0.0666667 0
0 0.335417 0 0.0180556 0
0 0.4625 0 0.127778 0
0 0.495833 0 0.0666667 0
0 0.335417 0 0.0180556 0
0 0.4625 0 0.127778 0
0 0.495833 0 0.0666667 0
0 0.335417 0 0.0180556 0
0 0.4625 0 0.127778 0
0 0.495833 0 0.0666667 0
0 0.335417 0 0.0180556 0
0 0.4625 0 0.127778 0
0 0.495833 0 0.0666667 0
0 0.335417 0 0.0180556 0
0 0.4625 0 0.127778 0
0 0.495833 0 0.0666667 0
0 0.335417 0 0.0180556 0
0 0.4625 0 0.127778 0
0 0.495833 0 0.0666667 0
0 0.335417 0 0.0180556 0
0 0.4625 0 0.127778 0
0 0.495833 0 0.0666667 0
0 0.335417 0 0.0180556 0
0 0.4625 0 0.127778 0
0 0.495833 0 0.0666667 0
0 0.335417 0 0.0180556 0
0 0.4625 0 0.127778 0
0 0.495833 0 0.0666667 0
0 0.335417 0 0.0180556 0
0 0.4625 0 0.127778 0
0 0.495833 0 0.0666667 0
0 0.335417 0 0.0180556 0
0 0.4625 0 0.127778 0
0 0.495833 0 0.0666667 0
0 0.335417 0 0.0180556 0
0 0.4625 0 0.127778 0
0 0.495833 0 0.0666667 0
0 0.335417 0 0.0180556 0
0 0.4625 0 0.127778 0
0 0.495833 0 0.0666667 0
0 0.335417 0 0.0180556 0
0 0.4625 0 0.127778 0
0 0.495833 0 0.0666667 0
0 0.335417 0 0.0180556 0
0 0.4625 0 0.127778 0
0 0.495833 0 0.0666667 0
