0 0.567361 1 0.106944 0
0 0.579861 0 0.0208333 0
0 0.276389 0 0.0222222 0
0 0.567361 1 0.106944 0
0 0.276389 0 0.0222222 0
0 0.580556 0 0.0194444 0
0 0.567361 1 0.106944 0
0 0.276389 0 0.0222222 0
0 0.579861 0 0.0208333 0
0 0.567361 1 0.106944 0
0 0.276389 0 0.0222222 0
0 0.579861 0 0.0208333 0
0 0.567361 1 0.106944 0
0 0.493056 0 0.0388889 0
0 0.276389 0 0.0222222 0
0 0.579861 0 0.0208333 0
0 0.567361 1 0.106944 0
0 0.276389 0 0.0222222 0
0 0.579861 0 0.0208333 0
0 0.566667 1 0.108333 0
0 0.579861 0 0.0208333 0
0 0.276389 0 0.0222222 0
0 0.566667 1 0.108333 0
0 0.276389 0 0.0222222 0
0 0.580556 0 0.0194444 0
0 0.566667 1 0.108333 0
0 0.579861 0 0.0208333 0
0 0.276389 0 0.0222222 0
0 0.566667 1 0.108333 0
0 0.579861 0 0.0208333 0
0 0.276389 0 0.0222222 0
0 0.566667 1 0.108333 0
0 0.276389 0 0.0222222 0
0 0.580556 0 0.0194444 0
0 0.567361 1 0.106944 0
0 0.276389 0 0.0222222 0
0 0.579861 0 0.0208333 0
0 0.567361 1 0.106944 0
0 0.276389 0 0.0222222 0
0 0.580556 0 0.0194444 0
0 0.567361 1 0.106944 0
0 0.276389 0 0.0222222 0
0 0.579861 0 0.0208333 0
0 0.567361 1 0.106944 0
0 0.493056 0 0.0388889 0
0 0.276389 0 0.0222222 0
0 0.579861 0 0.0208333 0
0 0.567361 1 0.106944 0
0 0.493056 0 0.0388889 0
0 0.276389 0 0.0222222 0
0 0.579861 0 0.0208333 0
0 0.567361 1 0.106944 0
0 0.325694 0 0.00694444 0
0 0.276389 0 0.0222222 0
0 0.579861 0 0.0208333 0
0 0.567361 1 0.106944 0
0 0.579861 0 0.0208333 0
0 0.276389 0 0.0222222 0
0 0.567361 1 0.106944 0
0 0.276389 0 0.0222222 0
0 0.580556 0 0.0194444 0
0 0.567361 1 0.106944 0
0 0.579861 0 0.0208333 0
0 0.276389 0 0.0222222 0
0 0.276389 0 0.0222222 0
0 0.580556 0 0.0194444 0
0 0.276389 0 0.0222222 0
0 0.580556 0 0.0194444 0
0 0.276389 0 0.0222222 0
0 0.579861 0 0.0208333 0
0 0.276389 0 0.0222222 0
0 0.580556 0 0.0194444 0
0 0.566667 1 0.108333 0
0 0.276389 0 0.0222222 0
0 0.579861 0 0.0208333 0
0 0.493056 0 0.0388889 0
0 0.276389 0 0.0222222 0
0 0.579861 0 0.0208333 0
0 0.325694 0 0.00694444 0
0 0.276389 0 0.0222222 0
0 0.579861 0 0.0208333 0
0 0.325694 0 0.00694444 0
0 0.276389 0 0.0222222 0
0 0.579861 0 0.0208333 0
0 0.579861 0 0.0208333 0
0 0.276389 0 0.0222222 0
0 0.566667 1 0.108333 0
0 0.276389 0 0.0222222 0
0 0.580556 0 0.0194444 0
0 0.579861 0 0.0208333 0
0 0.276389 0 0.0222222 0
0 0.276389 0 0.0222222 0
0 0.580556 0 0.0194444 0
0 0.566667 1 0.108333 0
0 0.276389 0 0.0222222 0
0 0.579861 0 0.0208333 0
0 0.566667 1 0.108333 0
0 0.276389 0 0.0222222 0
0 0.579861 0 0.0208333 0
0 0.276389 0 0.0222222 0
0 0.580556 0 0.0194444 0
0 0.276389 0 0.0222222 0
0 0.579861 0 0.0208333 0
0 0.493056 0 0.0388889 0
0 0.276389 0 0.0222222 0
0 0.579861 0 0.0208333 0
0 0.325694 0 0.00694444 0
0 0.276389 0 0.0222222 0
0 0.579861 0 0.0208333 0
0 0.579861 0 0.0208333 0
0 0.276389 0 0.0222222 0
0 0.579861 0 0.0208333 0
0 0.276389 0 0.0222222 0
0 0.276389 0 0.0222222 0
0 0.580556 0 0.0194444 0
0 0.579861 0 0.0208333 0
0 0.276389 0 0.0222222 0
0 0.276389 0 0.0222222 0
0 0.580556 0 0.0194444 0
0 0.276389 0 0.0222222 0
0 0.579861 0 0.0208333 0
0 0.276389 0 0.0222222 0
0 0.579861 0 0.0208333 0
0 0.276389 0 0.0222222 0
0 0.580556 0 0.0194444 0
0 0.276389 0 0.0222222 0
0 0.579861 0 0.0208333 0
0 0.566667 1 0.108333 0
0 0.493056 0 0.0388889 0
0 0.276389 0 0.0222222 0
0 0.579861 0 0.0208333 0
0 0.566667 1 0.108333 0
0 0.325694 0 0.00694444 0
0 0.276389 0 0.0222222 0
0 0.579861 0 0.0208333 0
0 0.566667 1 0.108333 0
0 0.325694 0 0.00694444 0
0 0.276389 0 0.0222222 0
0 0.579861 0 0.0208333 0
0 0.566667 1 0.108333 0
0 0.579861 0 0.0208333 0
0 0.276389 0 0.0222222 0
0 0.566667 1 0.108333 0
0 0.276389 0 0.0222222 0
0 0.580556 0 0.0194444 0
0 0.567361 1 0.106944 0
0 0.579861 0 0.0208333 0
0 0.276389 0 0.0222222 0
0 0.567361 1 0.106944 0
0 0.276389 0 0.0222222 0
0 0.580556 0 0.0194444 0
0 0.567361 1 0.106944 0
0 0.276389 0 0.0222222 0
0 0.579861 0 0.0208333 0
0 0.567361 1 0.106944 0
0 0.276389 0 0.0222222 0
0 0.579861 0 0.0208333 0
0 0.567361 1 0.106944 0
0 0.276389 0 0.0222222 0
0 0.580556 0 0.0194444 0
0 0.567361 1 0.106944 0
0 0.276389 0 0.0222222 0
0 0.579861 0 0.0208333 0
0 0.567361 1 0.106944 0
0 0.493056 0 0.0388889 0
0 0.276389 0 0.0222222 0
0 0.579861 0 0.0208333 0
0 0.325694 0 0.00694444 0
0 0.567361 1 0.106944 0
0 0.276389 0 0.0222222 0
0 0.580556 0 0.0194444 0
0 0.325694 0 0.00694444 0
0 0.567361 1 0.106944 0
0 0.276389 0 0.0222222 0
0 0.580556 0 0.0194444 0
0 0.567361 1 0.106944 0
0 0.579861 0 0.0208333 0
0 0.276389 0 0.0222222 0
0 0.567361 1 0.106944 0
0 0.276389 0 0.0222222 0
0 0.580556 0 0.0194444 0
0 0.567361 1 0.106944 0
0 0.579861 0 0.0208333 0
0 0.276389 0 0.0222222 0
0 0.567361 1 0.106944 0
0 0.276389 0 0.0222222 0
0 0.580556 0 0.0194444 0
0 0.567361 1 0.106944 0
0 0.276389 0 0.0222222 0
0 0.579861 0 0.0208333 0
0 0.567361 1 0.106944 0
0 0.276389 0 0.0222222 0
0 0.580556 0 0.0194444 0
0 0.567361 1 0.106944 0
0 0.276389 0 0.0222222 0
0 0.580556 0 0.0194444 0
0 0.567361 1 0.106944 0
0 0.276389 0 0.0222222 0
0 0.579861 0 0.0208333 0
0 0.566667 1 0.108333 0
0 0.493056 0 0.0388889 0
0 0.276389 0 0.0222222 0
0 0.579861 0 0.0208333 0
0 0.325694 0 0.00694444 0
0 0.276389 0 0.0222222 0
0 0.579861 0 0.0208333 0
0 0.325694 0 0.00694444 0
0 0.276389 0 0.0222222 0
0 0.579861 0 0.0208333 0
0 0.579861 0 0.0208333 0
0 0.276389 0 0.0222222 0
0 0.276389 0 0.0222222 0
0 0.580556 0 0.0194444 0
0 0.579861 0 0.0208333 0
0 0.276389 0 0.0222222 0
0 0.276389 0 0.0222222 0
0 0.580556 0 0.0194444 0
0 0.276389 0 0.0222222 0
0 0.579861 0 0.0208333 0
0 0.276389 0 0.0222222 0
0 0.579861 0 0.0208333 0
0 0.276389 0 0.0222222 0
0 0.580556 0 0.0194444 0
0 0.276389 0 0.0222222 0
0 0.579861 0 0.0208333 0
0 0.493056 0 0.0388889 0
0 0.276389 0 0.0222222 0
0 0.579861 0 0.0208333 0
0 0.325694 0 0.00694444 0
0 0.276389 0 0.0222222 0
0 0.579861 0 0.0208333 0
0 0.325694 0 0.00694444 0
0 0.276389 0 0.0222222 0
0 0.579861 0 0.0208333 0
0 0.579861 0 0.0208333 0
0 0.276389 0 0.0222222 0
0 0.276389 0 0.0222222 0
0 0.580556 0 0.0194444 0
0 0.579861 0 0.0208333 0
0 0.276389 0 0.0222222 0
0 0.276389 0 0.0222222 0
0 0.580556 0 0.0194444 0
0 0.276389 0 0.0222222 0
0 0.579861 0 0.0208333 0
0 0.276389 0 0.0222222 0
0 0.580556 0 0.0194444 0
0 0.276389 0 0.0222222 0
0 0.580556 0 0.0194444 0
0 0.276389 0 0.0222222 0
0 0.579861 0 0.0208333 0
0 0.493056 0 0.0388889 0
0 0.276389 0 0.0222222 0
0 0.579861 0 0.0208333 0
0 0.276389 0 0.0222222 0
0 0.580556 0 0.0194444 0
0 0.579861 0 0.0208333 0
0 0.276389 0 0.0222222 0
0 0.276389 0 0.0222222 0
0 0.580556 0 0.0194444 0
0 0.579861 0 0.0208333 0
0 0.276389 0 0.0222222 0
0 0.276389 0 0.0222222 0
0 0.580556 0 0.0194444 0
0 0.276389 0 0.0222222 0
0 0.580556 0 0.0194444 0
0 0.276389 0 0.0222222 0
0 0.579861 0 0.0208333 0
0 0.276389 0 0.0222222 0
0 0.580556 0 0.0194444 0
0 0.276389 0 0.0222222 0
0 0.579861 0 0.0208333 0
0 0.493056 0 0.0388889 0
0 0.276389 0 0.0222222 0
0 0.579861 0 0.0208333 0
0 0.493056 0 0.0388889 0
0 0.276389 0 0.0222222 0
0 0.579861 0 0.0208333 0
0 0.276389 0 0.0222222 0
0 0.580556 0 0.0194444 0
0 0.579861 0 0.0208333 0
0 0.276389 0 0.0222222 0
0 0.276389 0 0.0222222 0
0 0.580556 0 0.0194444 0
0 0.579861 0 0.0208333 0
0 0.276389 0 0.0222222 0
0 0.276389 0 0.0222222 0
0 0.580556 0 0.0194444 0
0 0.276389 0 0.0222222 0
0 0.580556 0 0.0194444 0
0 0.276389 0 0.0222222 0
0 0.579861 0 0.0208333 0
0 0.276389 0 0.0222222 0
0 0.580556 0 0.0194444 0
0 0.276389 0 0.0222222 0
0 0.579861 0 0.0208333 0
0 0.493056 0 0.0388889 0
0 0.276389 0 0.0222222 0
0 0.579861 0 0.0208333 0
0 0.493056 0 0.0388889 0
0 0.276389 0 0.0222222 0
0 0.579861 0 0.0208333 0
0 0.276389 0 0.0222222 0
0 0.580556 0 0.0194444 0
0 0.579861 0 0.0208333 0
0 0.276389 0 0.0222222 0
0 0.276389 0 0.0222222 0
0 0.580556 0 0.0194444 0
0 0.579861 0 0.0208333 0
0 0.276389 0 0.0222222 0
0 0.579861 0 0.0208333 0
0 0.276389 0 0.0222222 0
0 0.276389 0 0.0222222 0
0 0.580556 0 0.0194444 0
0 0.276389 0 0.0222222 0
0 0.579861 0 0.0208333 0
0 0.276389 0 0.0222222 0
0 0.580556 0 0.0194444 0
0 0.276389 0 0.0222222 0
0 0.579861 0 0.0208333 0
0 0.276389 0 0.0222222 0
0 0.579861 0 0.0208333 0
0 0.493056 0 0.0388889 0
0 0.276389 0 0.0222222 0
0 0.579861 0 0.0208333 0
0 0.276389 0 0.0222222 0
0 0.579861 0 0.0208333 0
0 0.579861 0 0.0208333 0
0 0.276389 0 0.0222222 0
0 0.276389 0 0.0222222 0
0 0.580556 0 0.0194444 0
0 0.276389 0 0.0222222 0
0 0.580556 0 0.0194444 0
0 0.579861 0 0.0208333 0
0 0.276389 0 0.0222222 0
0 0.276389 0 0.0222222 0
0 0.580556 0 0.0194444 0
0 0.276389 0 0.0222222 0
0 0.579861 0 0.0208333 0
0 0.276389 0 0.0222222 0
0 0.580556 0 0.0194444 0
0 0.276389 0 0.0222222 0
0 0.580556 0 0.0194444 0
0 0.276389 0 0.0222222 0
0 0.579861 0 0.0208333 0
0 0.493056 0 0.0388889 0
0 0.276389 0 0.0222222 0
0 0.579861 0 0.0208333 0
0 0.276389 0 0.0222222 0
0 0.579861 0 0.0208333 0
0 0.276389 0 0.0222222 0
0 0.579861 0 0.0208333 0
0 0.579861 0 0.0208333 0
0 0.276389 0 0.0222222 0
0 0.276389 0 0.0222222 0
0 0.580556 0 0.0194444 0
0 0.579861 0 0.0208333 0
0 0.276389 0 0.0222222 0
0 0.276389 0 0.0222222 0
0 0.580556 0 0.0194444 0
0 0.276389 0 0.0222222 0
0 0.579861 0 0.0208333 0
0 0.276389 0 0.0222222 0
0 0.579861 0 0.0208333 0
0 0.276389 0 0.0222222 0
0 0.579861 0 0.0208333 0
0 0.276389 0 0.0222222 0
0 0.579861 0 0.0208333 0
0 0.493056 0 0.0388889 0
0 0.276389 0 0.0222222 0
0 0.579861 0 0.0208333 0
0 0.276389 0 0.0222222 0
0 0.579861 0 0.0208333 0
0 0.579861 0 0.0208333 0
0 0.276389 0 0.0222222 0
0 0.276389 0 0.0222222 0
0 0.580556 0 0.0194444 0
0 0.276389 0 0.0222222 0
0 0.580556 0 0.0194444 0
0 0.579861 0 0.0208333 0
0 0.276389 0 0.0222222 0
0 0.276389 0 0.0222222 0
0 0.580556 0 0.0194444 0
0 0.276389 0 0.0222222 0
0 0.579861 0 0.0208333 0
0 0.276389 0 0.0222222 0
0 0.580556 0 0.0194444 0
0 0.276389 0 0.0222222 0
0 0.580556 0 0.0194444 0
0 0.276389 0 0.0222222 0
0 0.579861 0 0.0208333 0
0 0.493056 0 0.0388889 0
0 0.276389 0 0.0222222 0
0 0.579861 0 0.0208333 0
0 0.276389 0 0.0222222 0
0 0.579861 0 0.0208333 0
0 0.579861 0 0.0208333 0
0 0.276389 0 0.0222222 0
0 0.276389 0 0.0222222 0
0 0.580556 0 0.0194444 0
0 0.579861 0 0.0208333 0
0 0.276389 0 0.0222222 0
0 0.276389 0 0.0222222 0
0 0.580556 0 0.0194444 0
0 0.276389 0 0.0222222 0
0 0.580556 0 0.0194444 0
0 0.276389 0 0.0222222 0
0 0.579861 0 0.0208333 0
0 0.276389 0 0.0222222 0
0 0.579861 0 0.0208333 0
0 0.276389 0 0.0222222 0
0 0.579861 0 0.0208333 0
0 0.49375 0 0.0402778 0
0 0.276389 0 0.0222222 0
0 0.579861 0 0.0208333 0
0 0.276389 0 0.0222222 0
0 0.579861 0 0.0208333 0
0 0.276389 0 0.0222222 0
0 0.579861 0 0.0208333 0
0 0.579861 0 0.0208333 0
0 0.276389 0 0.0222222 0
0 0.276389 0 0.0222222 0
0 0.580556 0 0.0194444 0
0 0.579861 0 0.0208333 0
0 0.276389 0 0.0222222 0
0 0.276389 0 0.0222222 0
0 0.580556 0 0.0194444 0
0 0.276389 0 0.0222222 0
0 0.580556 0 0.0194444 0
0 0.276389 0 0.0222222 0
0 0.579861 0 0.0208333 0
0 0.276389 0 0.0222222 0
0 0.580556 0 0.0194444 0
0 0.276389 0 0.0222222 0
0 0.579861 0 0.0208333 0
0 0.493056 0 0.0388889 0
0 0.276389 0 0.0222222 0
0 0.579861 0 0.0208333 0
0 0.493056 0 0.0388889 0
0 0.276389 0 0.0222222 0
0 0.579861 0 0.0208333 0
0 0.276389 0 0.0222222 0
0 0.579861 0 0.0208333 0
0 0.579861 0 0.0208333 0
0 0.276389 0 0.0222222 0
0 0.276389 0 0.0222222 0
0 0.580556 0 0.0194444 0
0 0.579861 0 0.0208333 0
0 0.276389 0 0.0222222 0
0 0.579861 0 0.0208333 0
0 0.276389 0 0.0222222 0
0 0.276389 0 0.0222222 0
0 0.580556 0 0.0194444 0
0 0.276389 0 0.0222222 0
0 0.579861 0 0.0208333 0
0 0.276389 0 0.0222222 0
0 0.580556 0 0.0194444 0
0 0.276389 0 0.0222222 0
0 0.579861 0 0.0208333 0
0 0.493056 0 0.0388889 0
0 0.276389 0 0.0222222 0
0 0.579861 0 0.0208333 0
0 0.276389 0 0.0222222 0
0 0.579861 0 0.0208333 0
0 0.579861 0 0.0208333 0
0 0.276389 0 0.0222222 0
0 0.276389 0 0.0222222 0
0 0.580556 0 0.0194444 0
0 0.579861 0 0.0208333 0
0 0.276389 0 0.0222222 0
0 0.276389 0 0.0222222 0
0 0.580556 0 0.0194444 0
0 0.276389 0 0.0222222 0
0 0.579861 0 0.0208333 0
0 0.276389 0 0.0222222 0
0 0.580556 0 0.0194444 0
0 0.276389 0 0.0222222 0
0 0.579861 0 0.0208333 0
0 0.276389 0 0.0222222 0
0 0.579861 0 0.0208333 0
0 0.579861 0 0.0208333 0
0 0.276389 0 0.0222222 0
0 0.276389 0 0.0222222 0
0 0.580556 0 0.0194444 0
0 0.579861 0 0.0208333 0
0 0.276389 0 0.0222222 0
0 0.276389 0 0.0222222 0
0 0.580556 0 0.0194444 0
0 0.276389 0 0.0222222 0
0 0.579861 0 0.0208333 0
0 0.276389 0 0.0222222 0
0 0.580556 0 0.0194444 0
0 0.276389 0 0.0222222 0
0 0.579861 0 0.0208333 0
0 0.49375 0 0.0402778 0
0 0.277083 0 0.0208333 0
0 0.580556 0 0.0194444 0
0 0.276389 0 0.0222222 0
0 0.579861 0 0.0208333 0
0 0.579861 0 0.0208333 0
0 0.276389 0 0.0222222 0
0 0.579861 0 0.0208333 0
0 0.276389 0 0.0222222 0
0 0.276389 0 0.0222222 0
0 0.580556 0 0.0194444 0
0 0.579861 0 0.0208333 0
0 0.276389 0 0.0222222 0
0 0.276389 0 0.0222222 0
0 0.579861 0 0.0208333 0
0 0.276389 0 0.0222222 0
0 0.579861 0 0.0208333 0
0 0.276389 0 0.0222222 0
0 0.580556 0 0.0194444 0
0 0.276389 0 0.0222222 0
0 0.579861 0 0.0208333 0
0 0.493056 0 0.0388889 0
0 0.277083 0 0.0208333 0
0 0.580556 0 0.0194444 0
0 0.276389 0 0.0222222 0
0 0.579861 0 0.0208333 0
0 0.579861 0 0.0208333 0
0 0.276389 0 0.0222222 0
0 0.276389 0 0.0222222 0
0 0.580556 0 0.0194444 0
0 0.579861 0 0.0208333 0
0 0.276389 0 0.0222222 0
0 0.276389 0 0.0222222 0
0 0.580556 0 0.0194444 0
0 0.276389 0 0.0222222 0
0 0.579861 0 0.0208333 0
0 0.276389 0 0.0222222 0
0 0.580556 0 0.0194444 0
0 0.276389 0 0.0222222 0
0 0.579861 0 0.0208333 0
0 0.493056 0 0.0388889 0
0 0.277083 0 0.0208333 0
0 0.580556 0 0.0194444 0
0 0.276389 0 0.0222222 0
0 0.579861 0 0.0208333 0
0 0.276389 0 0.0222222 0
0 0.579861 0 0.0208333 0
0 0.579861 0 0.0208333 0
0 0.276389 0 0.0222222 0
0 0.276389 0 0.0222222 0
0 0.580556 0 0.0194444 0
0 0.579861 0 0.0208333 0
0 0.276389 0 0.0222222 0
0 0.276389 0 0.0222222 0
0 0.580556 0 0.0194444 0
0 0.276389 0 0.0222222 0
0 0.579861 0 0.0208333 0
0 0.276389 0 0.0222222 0
0 0.580556 0 0.0194444 0
0 0.276389 0 0.0222222 0
0 0.579861 0 0.0208333 0
0 0.493056 0 0.0388889 0
0 0.277083 0 0.0208333 0
0 0.580556 0 0.0194444 0
0 0.579861 0 0.0208333 0
0 0.276389 0 0.0222222 0
0 0.276389 0 0.0222222 0
0 0.580556 0 0.0194444 0
0 0.579861 0 0.0208333 0
0 0.276389 0 0.0222222 0
0 0.276389 0 0.0222222 0
0 0.580556 0 0.0194444 0
0 0.276389 0 0.0222222 0
0 0.579861 0 0.0208333 0
0 0.276389 0 0.0222222 0
0 0.579861 0 0.0208333 0
0 0.276389 0 0.0222222 0
0 0.580556 0 0.0194444 0
0 0.276389 0 0.0222222 0
0 0.579861 0 0.0208333 0
0 0.493056 0 0.0388889 0
0 0.277083 0 0.0208333 0
0 0.580556 0 0.0194444 0
0 0.276389 0 0.0222222 0
0 0.579861 0 0.0208333 0
0 0.566667 1 0.108333 0
0 0.579861 0 0.0208333 0
0 0.276389 0 0.0222222 0
0 0.566667 1 0.108333 0
0 0.579861 0 0.0208333 0
0 0.276389 0 0.0222222 0
0 0.566667 1 0.108333 0
0 0.276389 0 0.0222222 0
0 0.580556 0 0.0194444 0
0 0.566667 1 0.108333 0
0 0.579861 0 0.0208333 0
0 0.276389 0 0.0222222 0
0 0.567361 1 0.106944 0
0 0.276389 0 0.0222222 0
0 0.580556 0 0.0194444 0
0 0.567361 1 0.106944 0
0 0.276389 0 0.0222222 0
0 0.579861 0 0.0208333 0
0 0.567361 1 0.106944 0
0 0.276389 0 0.0222222 0
0 0.580556 0 0.0194444 0
0 0.567361 1 0.106944 0
0 0.276389 0 0.0222222 0
0 0.579861 0 0.0208333 0
0 0.493056 0 0.0388889 0
0 0.567361 1 0.106944 0
0 0.277083 0 0.0208333 0
0 0.580556 0 0.0194444 0
0 0.567361 1 0.106944 0
0 0.276389 0 0.0222222 0
0 0.579861 0 0.0208333 0
0 0.567361 1 0.106944 0
0 0.579861 0 0.0208333 0
0 0.276389 0 0.0222222 0
0 0.567361 1 0.106944 0
0 0.276389 0 0.0222222 0
0 0.580556 0 0.0194444 0
0 0.567361 1 0.106944 0
0 0.579861 0 0.0208333 0
0 0.276389 0 0.0222222 0
0 0.567361 1 0.106944 0
0 0.276389 0 0.0222222 0
0 0.580556 0 0.0194444 0
0 0.567361 1 0.106944 0
0 0.276389 0 0.0222222 0
0 0.579861 0 0.0208333 0
0 0.567361 1 0.106944 0
0 0.276389 0 0.0222222 0
0 0.580556 0 0.0194444 0
0 0.567361 1 0.106944 0
0 0.276389 0 0.0222222 0
0 0.579861 0 0.0208333 0
0 0.493056 0 0.0388889 0
0 0.567361 1 0.106944 0
0 0.276389 0 0.0222222 0
0 0.580556 0 0.0194444 0
0 0.567361 1 0.106944 0
0 0.276389 0 0.0222222 0
0 0.579861 0 0.0208333 0
0 0.567361 1 0.106944 0
0 0.276389 0 0.0222222 0
0 0.579861 0 0.0208333 0
0 0.567361 1 0.106944 0
0 0.579861 0 0.0208333 0
0 0.276389 0 0.0222222 0
0 0.567361 1 0.106944 0
0 0.276389 0 0.0222222 0
0 0.580556 0 0.0194444 0
0 0.567361 1 0.106944 0
0 0.276389 0 0.0222222 0
0 0.580556 0 0.0194444 0
0 0.567361 1 0.106944 0
0 0.276389 0 0.0222222 0
0 0.580556 0 0.0194444 0
0 0.567361 1 0.106944 0
0 0.276389 0 0.0222222 0
0 0.579861 0 0.0208333 0
0 0.567361 1 0.106944 0
0 0.276389 0 0.0222222 0
0 0.580556 0 0.0194444 0
0 0.567361 1 0.106944 0
0 0.276389 0 0.0222222 0
0 0.579861 0 0.0208333 0
0 0.493056 0 0.0388889 0
0 0.567361 1 0.106944 0
0 0.277083 0 0.0208333 0
0 0.580556 0 0.0194444 0
0 0.493056 0 0.0388889 0
0 0.567361 1 0.106944 0
0 0.277083 0 0.0208333 0
0 0.580556 0 0.0194444 0
0 0.566667 1 0.105556 0
0 0.276389 0 0.0222222 0
0 0.579861 0 0.0208333 0
0 0.566667 1 0.105556 0
0 0.579861 0 0.0208333 0
0 0.276389 0 0.0222222 0
0 0.566667 1 0.105556 0
0 0.276389 0 0.0222222 0
0 0.580556 0 0.0194444 0
0 0.566667 1 0.105556 0
0 0.579861 0 0.0208333 0
0 0.276389 0 0.0222222 0
0 0.567361 1 0.106944 0
0 0.276389 0 0.0222222 0
0 0.580556 0 0.0194444 0
0 0.567361 1 0.106944 0
0 0.276389 0 0.0222222 0
0 0.580556 0 0.0194444 0
0 0.566667 1 0.105556 0
0 0.276389 0 0.0222222 0
0 0.579861 0 0.0208333 0
0 0.566667 1 0.105556 0
0 0.276389 0 0.0222222 0
0 0.580556 0 0.0194444 0
0 0.566667 1 0.105556 0
0 0.276389 0 0.0222222 0
0 0.579861 0 0.0208333 0
0 0.566667 1 0.105556 0
0 0.493056 0 0.0388889 0
0 0.277083 0 0.0208333 0
0 0.579861 0 0.0208333 0
0 0.566667 1 0.105556 0
0 0.493056 0 0.0388889 0
0 0.277083 0 0.0208333 0
0 0.579861 0 0.0208333 0
0 0.566667 1 0.105556 0
0 0.276389 0 0.0222222 0
0 0.579861 0 0.0208333 0
0 0.566667 1 0.105556 0
0 0.579861 0 0.0208333 0
0 0.276389 0 0.0222222 0
0 0.567361 1 0.106944 0
0 0.276389 0 0.0222222 0
0 0.580556 0 0.0194444 0
0 0.567361 1 0.106944 0
0 0.579861 0 0.0208333 0
0 0.276389 0 0.0222222 0
0 0.567361 1 0.106944 0
0 0.276389 0 0.0222222 0
0 0.580556 0 0.0194444 0
0 0.567361 1 0.106944 0
0 0.276389 0 0.0222222 0
0 0.579861 0 0.0208333 0
0 0.567361 1 0.106944 0
0 0.276389 0 0.0222222 0
0 0.580556 0 0.0194444 0
0 0.567361 1 0.106944 0
0 0.276389 0 0.0222222 0
0 0.579861 0 0.0208333 0
0 0.493056 0 0.0388889 0
0 0.567361 1 0.106944 0
0 0.276389 0 0.0222222 0
0 0.579861 0 0.0208333 0
0 0.567361 1 0.106944 0
0 0.276389 0 0.0222222 0
0 0.579861 0 0.0208333 0
0 0.567361 1 0.106944 0
0 0.579861 0 0.0208333 0
0 0.276389 0 0.0222222 0
0 0.567361 1 0.106944 0
0 0.579861 0 0.0208333 0
0 0.276389 0 0.0222222 0
0 0.566667 1 0.105556 0
0 0.276389 0 0.0222222 0
0 0.580556 0 0.0194444 0
0 0.567361 1 0.106944 0
0 0.276389 0 0.0222222 0
0 0.579861 0 0.0208333 0
0 0.566667 1 0.105556 0
0 0.276389 0 0.0222222 0
0 0.580556 0 0.0194444 0
0 0.566667 1 0.105556 0
0 0.276389 0 0.0222222 0
0 0.579861 0 0.0208333 0
0 0.493056 0 0.0388889 0
0 0.566667 1 0.105556 0
0 0.276389 0 0.0222222 0
0 0.579861 0 0.0208333 0
0 0.566667 1 0.105556 0
0 0.276389 0 0.0222222 0
0 0.579861 0 0.0208333 0
0 0.566667 1 0.105556 0
0 0.579861 0 0.0208333 0
0 0.276389 0 0.0222222 0
0 0.566667 1 0.105556 0
0 0.276389 0 0.0222222 0
0 0.580556 0 0.0194444 0
0 0.566667 1 0.105556 0
0 0.579861 0 0.0208333 0
0 0.276389 0 0.0222222 0
0 0.566667 1 0.105556 0
0 0.276389 0 0.0222222 0
0 0.579861 0 0.0208333 0
0 0.566667 1 0.105556 0
0 0.276389 0 0.0222222 0
0 0.580556 0 0.0194444 0
0 0.567361 1 0.106944 0
0 0.276389 0 0.0222222 0
0 0.579861 0 0.0208333 0
0 0.493056 0 0.0388889 0
0 0.567361 1 0.106944 0
0 0.276389 0 0.0222222 0
0 0.579861 0 0.0208333 0
0 0.566667 1 0.105556 0
0 0.276389 0 0.0222222 0
0 0.579861 0 0.0208333 0
0 0.566667 1 0.105556 0
0 0.276389 0 0.0222222 0
0 0.580556 0 0.0194444 0
0 0.566667 1 0.105556 0
0 0.579861 0 0.0208333 0
0 0.276389 0 0.0222222 0
0 0.566667 1 0.105556 0
0 0.276389 0 0.0222222 0
0 0.580556 0 0.0194444 0
0 0.566667 1 0.105556 0
0 0.276389 0 0.0222222 0
0 0.579861 0 0.0208333 0
0 0.566667 1 0.105556 0
0 0.276389 0 0.0222222 0
0 0.579861 0 0.0208333 0
0 0.566667 1 0.105556 0
0 0.276389 0 0.0222222 0
0 0.579861 0 0.0208333 0
0 0.493056 0 0.0388889 0
0 0.566667 1 0.105556 0
0 0.276389 0 0.0222222 0
0 0.580556 0 0.0194444 0
0 0.567361 1 0.106944 0
0 0.276389 0 0.0222222 0
0 0.579861 0 0.0208333 0
0 0.566667 1 0.105556 0
0 0.579861 0 0.0208333 0
0 0.276389 0 0.0222222 0
0 0.567361 1 0.106944 0
0 0.276389 0 0.0222222 0
0 0.580556 0 0.0194444 0
0 0.567361 1 0.106944 0
0 0.579861 0 0.0208333 0
0 0.276389 0 0.0222222 0
0 0.566667 1 0.105556 0
0 0.276389 0 0.0222222 0
0 0.580556 0 0.0194444 0
0 0.567361 1 0.106944 0
0 0.276389 0 0.0222222 0
0 0.579861 0 0.0208333 0
0 0.567361 1 0.106944 0
0 0.276389 0 0.0222222 0
0 0.580556 0 0.0194444 0
0 0.566667 1 0.105556 0
0 0.276389 0 0.0222222 0
0 0.579861 0 0.0208333 0
0 0.493056 0 0.0388889 0
0 0.567361 1 0.106944 0
0 0.276389 0 0.0222222 0
0 0.580556 0 0.0194444 0
0 0.566667 1 0.105556 0
0 0.276389 0 0.0222222 0
0 0.579861 0 0.0208333 0
0 0.567361 1 0.106944 0
0 0.579861 0 0.0208333 0
0 0.276389 0 0.0222222 0
0 0.567361 1 0.106944 0
0 0.276389 0 0.0222222 0
0 0.580556 0 0.0194444 0
0 0.566667 1 0.105556 0
0 0.579861 0 0.0208333 0
0 0.276389 0 0.0222222 0
0 0.566667 1 0.105556 0
0 0.276389 0 0.0222222 0
0 0.579861 0 0.0208333 0
0 0.566667 1 0.105556 0
0 0.276389 0 0.0222222 0
0 0.580556 0 0.0194444 0
0 0.566667 1 0.105556 0
0 0.276389 0 0.0222222 0
0 0.579861 0 0.0208333 0
0 0.493056 0 0.0388889 0
0 0.566667 1 0.105556 0
0 0.276389 0 0.0222222 0
0 0.579861 0 0.0208333 0
0 0.567361 1 0.106944 0
0 0.276389 0 0.0222222 0
0 0.579861 0 0.0208333 0
0 0.566667 1 0.105556 0
0 0.579861 0 0.0208333 0
0 0.276389 0 0.0222222 0
0 0.567361 1 0.106944 0
0 0.276389 0 0.0222222 0
0 0.580556 0 0.0194444 0
0 0.567361 1 0.106944 0
0 0.579861 0 0.0208333 0
0 0.276389 0 0.0222222 0
0 0.567361 1 0.106944 0
0 0.276389 0 0.0222222 0
0 0.580556 0 0.0194444 0
0 0.567361 1 0.106944 0
0 0.276389 0 0.0222222 0
0 0.579861 0 0.0208333 0
0 0.567361 1 0.106944 0
0 0.276389 0 0.0222222 0
0 0.580556 0 0.0194444 0
0 0.567361 1 0.106944 0
0 0.276389 0 0.0222222 0
0 0.579861 0 0.0208333 0
0 0.493056 0 0.0388889 0
0 0.567361 1 0.106944 0
0 0.276389 0 0.0222222 0
0 0.579861 0 0.0208333 0
0 0.566667 1 0.105556 0
0 0.276389 0 0.0222222 0
0 0.579861 0 0.0208333 0
0 0.567361 1 0.106944 0
0 0.579861 0 0.0208333 0
0 0.276389 0 0.0222222 0
0 0.567361 1 0.106944 0
0 0.276389 0 0.0222222 0
0 0.580556 0 0.0194444 0
0 0.567361 1 0.106944 0
0 0.579861 0 0.0208333 0
0 0.276389 0 0.0222222 0
0 0.566667 1 0.105556 0
0 0.276389 0 0.0222222 0
0 0.580556 0 0.0194444 0
0 0.567361 1 0.106944 0
0 0.276389 0 0.0222222 0
0 0.579861 0 0.0208333 0
0 0.567361 1 0.106944 0
0 0.276389 0 0.0222222 0
0 0.580556 0 0.0194444 0
0 0.566667 1 0.105556 0
0 0.276389 0 0.0222222 0
0 0.579861 0 0.0208333 0
0 0.493056 0 0.0388889 0
0 0.566667 1 0.105556 0
0 0.276389 0 0.0222222 0
0 0.579861 0 0.0208333 0
0 0.566667 1 0.105556 0
0 0.276389 0 0.0222222 0
0 0.579861 0 0.0208333 0
0 0.566667 1 0.105556 0
0 0.579861 0 0.0208333 0
0 0.276389 0 0.0222222 0
0 0.566667 1 0.105556 0
0 0.276389 0 0.0222222 0
0 0.580556 0 0.0194444 0
0 0.566667 1 0.105556 0
0 0.579861 0 0.0208333 0
0 0.276389 0 0.0222222 0
0 0.567361 1 0.106944 0
0 0.276389 0 0.0222222 0
0 0.580556 0 0.0194444 0
0 0.567361 1 0.106944 0
0 0.276389 0 0.0222222 0
0 0.579861 0 0.0208333 0
0 0.567361 1 0.106944 0
0 0.276389 0 0.0222222 0
0 0.580556 0 0.0194444 0
0 0.567361 1 0.106944 0
0 0.276389 0 0.0222222 0
0 0.580556 0 0.0194444 0
0 0.567361 1 0.106944 0
0 0.276389 0 0.0222222 0
0 0.579861 0 0.0208333 0
0 0.493056 0 0.0388889 0
0 0.567361 1 0.106944 0
0 0.276389 0 0.0222222 0
0 0.579861 0 0.0208333 0
0 0.567361 1 0.106944 0
0 0.276389 0 0.0222222 0
0 0.579861 0 0.0208333 0
0 0.566667 1 0.105556 0
0 0.579861 0 0.0208333 0
0 0.276389 0 0.0222222 0
0 0.566667 1 0.105556 0
0 0.276389 0 0.0222222 0
0 0.580556 0 0.0194444 0
0 0.567361 1 0.106944 0
0 0.579861 0 0.0208333 0
0 0.276389 0 0.0222222 0
0 0.567361 1 0.106944 0
0 0.276389 0 0.0222222 0
0 0.580556 0 0.0194444 0
0 0.567361 1 0.106944 0
0 0.276389 0 0.0222222 0
0 0.579861 0 0.0208333 0
0 0.566667 1 0.105556 0
0 0.276389 0 0.0222222 0
0 0.580556 0 0.0194444 0
0 0.566667 1 0.105556 0
0 0.276389 0 0.0222222 0
0 0.580556 0 0.0194444 0
0 0.493056 0 0.0388889 0
0 0.566667 1 0.105556 0
0 0.276389 0 0.0222222 0
0 0.579861 0 0.0208333 0
0 0.566667 1 0.105556 0
0 0.276389 0 0.0222222 0
0 0.579861 0 0.0208333 0
0 0.566667 1 0.105556 0
0 0.579861 0 0.0208333 0
0 0.276389 0 0.0222222 0
0 0.566667 1 0.105556 0
0 0.579861 0 0.0208333 0
0 0.276389 0 0.0222222 0
0 0.566667 1 0.105556 0
0 0.276389 0 0.0222222 0
0 0.580556 0 0.0194444 0
0 0.566667 1 0.105556 0
0 0.579861 0 0.0208333 0
0 0.276389 0 0.0222222 0
0 0.566667 1 0.105556 0
0 0.276389 0 0.0222222 0
0 0.580556 0 0.0194444 0
0 0.567361 1 0.106944 0
0 0.276389 0 0.0222222 0
0 0.579861 0 0.0208333 0
0 0.566667 1 0.105556 0
0 0.276389 0 0.0222222 0
0 0.579861 0 0.0208333 0
0 0.567361 1 0.106944 0
0 0.276389 0 0.0222222 0
0 0.580556 0 0.0194444 0
0 0.493056 0 0.0388889 0
0 0.567361 1 0.106944 0
0 0.276389 0 0.0222222 0
0 0.579861 0 0.0208333 0
0 0.567361 1 0.106944 0
0 0.276389 0 0.0222222 0
0 0.580556 0 0.0194444 0
0 0.567361 1 0.106944 0
0 0.579861 0 0.0208333 0
0 0.276389 0 0.0222222 0
0 0.46875 0 0.0208333 0
0 0.46875 0 0.0208333 0
0 0.46875 0 0.0208333 0
0 0.468056 0 0.0222222 0
0 0.465278 0 0.0222222 0
0 0.465278 0 0.0222222 0
0 0.463194 0 0.0208333 0
0 0.460417 0 0.0208333 0
0 0.457639 0 0.0208333 0
0 0.454167 0 0.0222222 0
0 0.452778 0 0.0222222 0
0 0.452778 0 0.0222222 0
0 0.452778 0 0.0222222 0
0 0.452778 0 0.0222222 0
0 0.450694 0 0.0208333 0
0 0.448611 0 0.0222222 0
0 0.447222 0 0.0222222 0
0 0.445833 0 0.0222222 0
0 0.44375 0 0.0208333 0
0 0.442361 0 0.0236111 0
0 0.441667 0 0.0222222 0
0 0.440278 0 0.0222222 0
0 0.440278 0 0.0222222 0
0 0.440278 0 0.0222222 0
0 0.440278 0 0.0222222 0
0 0.439583 0 0.0208333 0
0 0.4375 0 0.0194444 0
0 0.436111 0 0.0222222 0
0 0.434722 0 0.0222222 0
0 0.433333 0 0.0222222 0
0 0.432639 0 0.0208333 0
0 0.429861 0 0.0208333 0
0 0.428472 0 0.0208333 0
0 0.428472 0 0.0208333 0
0 0.428472 0 0.0208333 0
0 0.428472 0 0.0208333 0
0 0.427083 0 0.0208333 0
0 0.426389 0 0.0222222 0
0 0.425694 0 0.0208333 0
0 0.423611 0 0.0222222 0
0 0.422222 0 0.0222222 0
0 0.420833 0 0.0222222 0
0 0.418056 0 0.0222222 0
0 0.416667 0 0.0222222 0
0 0.416667 0 0.0222222 0
0 0.416667 0 0.0222222 0
0 0.416667 0 0.0222222 0
0 0.416667 0 0.0222222 0
0 0.416667 0 0.0222222 0
0 0.416667 0 0.0222222 0
0 0.416667 0 0.0222222 0
0 0.416667 0 0.0222222 0
0 0.416667 0 0.0222222 0
0 0.416667 0 0.0222222 0
0 0.416667 0 0.0222222 0
0 0.416667 0 0.0222222 0
0 0.416667 0 0.0222222 0
0 0.416667 0 0.0222222 0
0 0.416667 0 0.0222222 0
0 0.416667 0 0.0222222 0
0 0.416667 0 0.0222222 0
0 0.416667 0 0.0222222 0
0 0.416667 0 0.0222222 0
0 0.416667 0 0.0222222 0
0 0.416667 0 0.0222222 0
0 0.416667 0 0.0222222 0
0 0.416667 0 0.0222222 0
0 0.416667 0 0.0222222 0
0 0.416667 0 0.0222222 0
0 0.416667 0 0.0222222 0
0 0.416667 0 0.0222222 0
0 0.416667 0 0.0222222 0
0 0.416667 0 0.0222222 0
0 0.416667 0 0.0222222 0
0 0.416667 0 0.0222222 0
0 0.416667 0 0.0222222 0
0 0.416667 0 0.0222222 0
0 0.416667 0 0.0222222 0
0 0.416667 0 0.0222222 0
0 0.416667 0 0.0222222 0
0 0.416667 0 0.0222222 0
0 0.416667 0 0.0222222 0
0 0.416667 0 0.0222222 0
0 0.416667 0 0.0222222 0
0 0.416667 0 0.0222222 0
0 0.416667 0 0.0222222 0
0 0.416667 0 0.0222222 0
0 0.416667 0 0.0222222 0
0 0.416667 0 0.0222222 0
0 0.416667 0 0.0222222 0
0 0.416667 0 0.0222222 0
0 0.416667 0 0.0222222 0
0 0.416667 0 0.0222222 0
0 0.416667 0 0.0222222 0
0 0.416667 0 0.0222222 0
0 0.416667 0 0.0222222 0
0 0.416667 0 0.0222222 0
0 0.416667 0 0.0222222 0
0 0.416667 0 0.0222222 0
0 0.416667 0 0.0222222 0
0 0.416667 0 0.0222222 0
0 0.416667 0 0.0222222 0
0 0.416667 0 0.0222222 0
0 0.416667 0 0.0222222 0
0 0.416667 0 0.0222222 0
0 0.416667 0 0.0222222 0
0 0.416667 0 0.0222222 0
0 0.416667 0 0.0222222 0
0 0.416667 0 0.0222222 0
0 0.416667 0 0.0222222 0
0 0.416667 0 0.0222222 0
0 0.416667 0 0.0222222 0
0 0.416667 0 0.0222222 0
0 0.416667 0 0.0222222 0
0 0.416667 0 0.0222222 0
0 0.416667 0 0.0222222 0
0 0.416667 0 0.0222222 0
0 0.416667 0 0.0222222 0
0 0.416667 0 0.0222222 0
0 0.416667 0 0.0222222 0
0 0.416667 0 0.0222222 0
0 0.416667 0 0.0222222 0
0 0.416667 0 0.0222222 0
0 0.416667 0 0.0222222 0
0 0.416667 0 0.0222222 0
0 0.416667 0 0.0222222 0
0 0.416667 0 0.0222222 0
0 0.416667 0 0.0222222 0
0 0.416667 0 0.0222222 0
0 0.416667 0 0.0222222 0
0 0.416667 0 0.0222222 0
0 0.416667 0 0.0222222 0
0 0.416667 0 0.0222222 0
0 0.416667 0 0.0222222 0
0 0.416667 0 0.0222222 0
0 0.416667 0 0.0222222 0
0 0.416667 0 0.0222222 0
0 0.416667 0 0.0222222 0
0 0.416667 0 0.0222222 0
0 0.416667 0 0.0222222 0
0 0.416667 0 0.0222222 0
0 0.416667 0 0.0222222 0
0 0.416667 0 0.0222222 0
0 0.416667 0 0.0222222 0
0 0.416667 0 0.0222222 0
0 0.416667 0 0.0222222 0
0 0.416667 0 0.0222222 0
0 0.416667 0 0.0222222 0
0 0.416667 0 0.0222222 0
0 0.416667 0 0.0222222 0
0 0.416667 0 0.0222222 0
0 0.416667 0 0.0222222 0
0 0.416667 0 0.0222222 0
0 0.416667 0 0.0222222 0
0 0.416667 0 0.0222222 0
0 0.416667 0 0.0222222 0
0 0.416667 0 0.0222222 0
0 0.416667 0 0.0222222 0
0 0.416667 0 0.0222222 0
0 0.416667 0 0.0222222 0
0 0.416667 0 0.0222222 0
0 0.416667 0 0.0222222 0
0 0.416667 0 0.0222222 0
0 0.416667 0 0.0222222 0
0 0.416667 0 0.0222222 0
0 0.416667 0 0.0222222 0
0 0.416667 0 0.0222222 0
0 0.416667 0 0.0222222 0
0 0.416667 0 0.0222222 0
0 0.416667 0 0.0222222 0
0 0.416667 0 0.0222222 0
0 0.416667 0 0.0222222 0
0 0.416667 0 0.0222222 0
0 0.416667 0 0.0222222 0
0 0.416667 0 0.0222222 0
0 0.416667 0 0.0222222 0
0 0.416667 0 0.0222222 0
0 0.416667 0 0.0222222 0
0 0.416667 0 0.0222222 0
0 0.416667 0 0.0222222 0
0 0.416667 0 0.0222222 0
0 0.416667 0 0.0222222 0
0 0.416667 0 0.0222222 0
0 0.416667 0 0.0222222 0
0 0.416667 0 0.0222222 0
0 0.416667 0 0.0222222 0
0 0.416667 0 0.0222222 0
0 0.416667 0 0.0222222 0
0 0.416667 0 0.0222222 0
0 0.416667 0 0.0222222 0
0 0.416667 0 0.0222222 0
0 0.416667 0 0.0222222 0
0 0.416667 0 0.0222222 0
0 0.416667 0 0.0222222 0
0 0.416667 0 0.0222222 0
0 0.416667 0 0.0222222 0
0 0.416667 0 0.0222222 0
0 0.416667 0 0.0222222 0
0 0.416667 0 0.0222222 0
0 0.416667 0 0.0222222 0
0 0.416667 0 0.0222222 0
0 0.416667 0 0.0222222 0
0 0.416667 0 0.0222222 0
0 0.416667 0 0.0222222 0
0 0.416667 0 0.0222222 0
0 0.416667 0 0.0222222 0
0 0.416667 0 0.0222222 0
0 0.416667 0 0.0222222 0
0 0.416667 0 0.0222222 0
0 0.416667 0 0.0222222 0
0 0.416667 0 0.0222222 0
0 0.416667 0 0.0222222 0
0 0.416667 0 0.0222222 0
0 0.416667 0 0.0222222 0
0 0.416667 0 0.0222222 0
0 0.416667 0 0.0222222 0
0 0.416667 0 0.0222222 0
0 0.416667 0 0.0222222 0
0 0.416667 0 0.0222222 0
0 0.416667 0 0.0222222 0
0 0.416667 0 0.0222222 0
0 0.416667 0 0.0222222 0
0 0.416667 0 0.0222222 0
0 0.416667 0 0.0222222 0
0 0.416667 0 0.0222222 0
0 0.416667 0 0.0222222 0
0 0.416667 0 0.0222222 0
0 0.416667 0 0.0222222 0
0 0.416667 0 0.0222222 0
0 0.416667 0 0.0222222 0
0 0.416667 0 0.0222222 0
0 0.416667 0 0.0222222 0
0 0.416667 0 0.0222222 0
0 0.416667 0 0.0222222 0
0 0.416667 0 0.0222222 0
0 0.416667 0 0.0222222 0
0 0.416667 0 0.0222222 0
0 0.416667 0 0.0222222 0
0 0.416667 0 0.0222222 0
0 0.416667 0 0.0222222 0
0 0.416667 0 0.0222222 0
0 0.416667 0 0.0222222 0
0 0.416667 0 0.0222222 0
0 0.416667 0 0.0222222 0
0 0.416667 0 0.0222222 0
0 0.416667 0 0.0222222 0
0 0.416667 0 0.0222222 0
0 0.416667 0 0.0222222 0
0 0.416667 0 0.0222222 0
0 0.416667 0 0.0222222 0
0 0.416667 0 0.0222222 0
0 0.416667 0 0.0222222 0
0 0.416667 0 0.0222222 0
0 0.416667 0 0.0222222 0
0 0.416667 0 0.0222222 0
0 0.416667 0 0.0222222 0
0 0.416667 0 0.0222222 0
0 0.416667 0 0.0222222 0
0 0.416667 0 0.0222222 0
0 0.416667 0 0.0222222 0
0 0.416667 0 0.0222222 0
0 0.416667 0 0.0222222 0
0 0.416667 0 0.0222222 0
0 0.416667 0 0.0222222 0
0 0.416667 0 0.0222222 0
0 0.416667 0 0.0222222 0
0 0.416667 0 0.0222222 0
0 0.416667 0 0.0222222 0
0 0.416667 0 0.0222222 0
0 0.416667 0 0.0222222 0
0 0.416667 0 0.0222222 0
0 0.416667 0 0.0222222 0
0 0.416667 0 0.0222222 0
0 0.416667 0 0.0222222 0
0 0.416667 0 0.0222222 0
0 0.416667 0 0.0222222 0
0 0.416667 0 0.0222222 0
0 0.416667 0 0.0222222 0
0 0.416667 0 0.0222222 0
0 0.416667 0 0.0222222 0
0 0.416667 0 0.0222222 0
0 0.416667 0 0.0222222 0
0 0.416667 0 0.0222222 0
0 0.416667 0 0.0222222 0
0 0.416667 0 0.0222222 0
0 0.416667 0 0.0222222 0
0 0.416667 0 0.0222222 0
0 0.416667 0 0.0222222 0
0 0.416667 0 0.0222222 0
0 0.416667 0 0.0222222 0
0 0.416667 0 0.0222222 0
0 0.416667 0 0.0222222 0
0 0.416667 0 0.0222222 0
0 0.416667 0 0.0222222 0
0 0.416667 0 0.0222222 0
0 0.416667 0 0.0222222 0
0 0.416667 0 0.0222222 0
0 0.416667 0 0.0222222 0
0 0.416667 0 0.0222222 0
0 0.416667 0 0.0222222 0
0 0.416667 0 0.0222222 0
0 0.416667 0 0.0222222 0
0 0.416667 0 0.0222222 0
0 0.416667 0 0.0222222 0
0 0.416667 0 0.0222222 0
0 0.416667 0 0.0222222 0
0 0.416667 0 0.0222222 0
0 0.416667 0 0.0222222 0
0 0.416667 0 0.0222222 0
0 0.416667 0 0.0222222 0
0 0.416667 0 0.0222222 0
0 0.416667 0 0.0222222 0
0 0.416667 0 0.0222222 0
0 0.416667 0 0.0222222 0
0 0.416667 0 0.0222222 0
0 0.416667 0 0.0222222 0
0 0.416667 0 0.0222222 0
0 0.416667 0 0.0222222 0
0 0.416667 0 0.0222222 0
0 0.416667 0 0.0222222 0
0 0.416667 0 0.0222222 0
0 0.416667 0 0.0222222 0
0 0.416667 0 0.0222222 0
0 0.416667 0 0.0222222 0
0 0.416667 0 0.0222222 0
0 0.416667 0 0.0222222 0
0 0.416667 0 0.0222222 0
0 0.416667 0 0.0222222 0
0 0.416667 0 0.0222222 0
0 0.416667 0 0.0222222 0
0 0.416667 0 0.0222222 0
0 0.416667 0 0.0222222 0
0 0.416667 0 0.0222222 0
0 0.416667 0 0.0222222 0
0 0.416667 0 0.0222222 0
0 0.416667 0 0.0222222 0
0 0.416667 0 0.0222222 0
0 0.416667 0 0.0222222 0
0 0.416667 0 0.0222222 0
0 0.416667 0 0.0222222 0
