0 0.439583 1 0.0291667 0
0 0.439583 1 0.0291667 0
0 0.439583 1 0.0291667 0
0 0.439583 0.5 0.0291667 1
0 0.439583 0.5 0.0291667 1
0 0.439583 0.5 0.0291667 1
0 0.439583 0.5 0.0291667 1
0 0.439583 1 0.0291667 0
0 0.439583 0.5 0.0291667 1
0 0.439583 0.5 0.0291667 1
0 0.439583 0.5 0.0291667 1
0 0.439583 0.5 0.0291667 1
0 0.439583 0.5 0.0291667 1
0 0.439583 0.5 0.0291667 1
0 0.439583 0.5 0.0291667 1
0 0.439583 0.5 0.0291667 1
0 0.439583 0.5 0.0291667 1
0 0.439583 0.5 0.0291667 1
0 0.439583 0.5 0.0291667 1
0 0.439583 0.5 0.0291667 1
0 0.439583 0.5 0.0291667 1
0 0.439583 0.5 0.0291667 1
0 0.439583 0.5 0.0291667 1
0 0.439583 0.5 0.0291667 1
0 0.439583 0.5 0.0291667 1
0 0.439583 0.5 0.0291667 1
0 0.439583 0.5 0.0291667 1
0 0.439583 0.5 0.0291667 1
0 0.439583 0.5 0.0291667 1
0 0.439583 0.5 0.0291667 1
0 0.439583 0.5 0.0291667 1
0 0.439583 0.5 0.0291667 1
0 0.439583 0.5 0.0291667 1
0 0.439583 0.5 0.0291667 1
0 0.439583 0.5 0.0291667 1
0 0.439583 0.5 0.0291667 1
0 0.439583 0.5 0.0291667 1
0 0.439583 0.5 0.0291667 1
0 0.439583 0.5 0.0291667 1
0 0.439583 0.5 0.0291667 1
0 0.439583 0.5 0.0291667 1
0 0.439583 0.5 0.0291667 1
0 0.439583 0.5 0.0291667 1
0 0.439583 0.5 0.0291667 1
0 0.439583 0.5 0.0291667 1
0 0.439583 0.5 0.0291667 1
0 0.439583 0.5 0.0291667 1
0 0.439583 0.5 0.0291667 1
0 0.439583 0.5 0.0291667 1
0 0.439583 0.5 0.0291667 1
0 0.439583 0.5 0.0291667 1
0 0.439583 0.5 0.0291667 1
0 0.439583 0.5 0.0291667 1
0 0.439583 0.5 0.0291667 1
0 0.439583 0.5 0.0291667 1
0 0.439583 0.5 0.0291667 1
0 0.440278 0.5 0.0277778 1
0 0.440972 0.5 0.0291667 1
0 0.441667 0.5 0.0277778 1
0 0.441667 0.5 0.0277778 1
0 0.567361 0 0.00972222 0
0 0.44375 0.5 0.0263889 1
0 0.568056 0 0.0111111 0
0 0.444444 0.5 0.0277778 1
0 0.445139 0.5 0.0263889 1
0 0.447222 0.5 0.0277778 1
0 0.448611 0.5 0.0277778 1
0 0.448611 0.5 0.0277778 1
0 0.451389 0.5 0.0277778 1
0 0.571528 0 0.00972222 0
0 0.452778 0.5 0.0277778 1
0 0.573611 0 0.0111111 0
0 0.454167 0.5 0.0277778 1
0 0.573611 0 0.0111111 0
0 0.455556 0.5 0.0277778 1
0 0.577083 0 0.0125 0
0 0.458333 0 0.0277778 0
0 0.577778 0 0.0111111 0
0 0.459722 0 0.0277778 0
0 0.4625 0 0.0305556 0
0 0.463194 0 0.0291667 0
0 0.464583 0 0.0319444 0
0 0.465278 0 0.0305556 0
0 0.584722 0 0.0111111 0
0 0.465278 0 0.0305556 0
0 0.467361 0 0.0319444 0
0 0.588194 0 0.0125 0
0 0.468056 0 0.0305556 0
0 0.589583 0 0.0125 0
0 0.46875 0 0.0319444 0
0 0.470139 0 0.0319444 0
0 0.470139 0 0.0319444 0
0 0.382639 0 0.0125 0
0 0.470833 0 0.0333333 0
0 0.470833 0 0.0361111 0
0 0.470833 0 0.0361111 0
0 0.594444 0 0.0111111 0
0 0.470833 0 0.0361111 0
0 0.380556 0 0.0138889 0
0 0.595139 0 0.0125 0
0 0.471528 0 0.0375 0
0 0.38125 0 0.0125 0
0 0.596528 0 0.0125 0
0 0.471528 0 0.0375 0
0 0.471528 0 0.0375 0
0 0.470139 0 0.0402778 0
0 0.470139 0 0.0402778 0
0 0.715972 0 0.0125 0
0 0.601389 0 0.0138889 0
0 0.46875 0 0.0402778 0
0 0.715972 0 0.0125 0
0 0.601389 0 0.0138889 0
0 0.46875 0 0.0402778 0
0 0.602083 0 0.0125 0
0 0.468056 0 0.0416667 0
0 0.602083 0 0.0125 0
0 0.467361 0 0.0430556 0
0 0.604167 0 0.0138889 0
0 0.466667 0 0.0472222 0
0 0.466667 0 0.0472222 0
0 0.466667 0 0.0472222 0
0 0.727083 0 0.0152778 0
0 0.606944 0 0.0138889 0
0 0.464583 0 0.0486111 0
0 0.607639 0 0.0152778 0
0 0.461806 0 0.0513889 0
0 0.364583 0 0.0152778 0
0 0.609028 0 0.0152778 0
0 0.459722 0 0.0527778 0
0 0.609722 0 0.0138889 0
0 0.458333 0 0.0527778 0
0 0.611111 0 0.0166667 0
0 0.738194 0 0.0152778 0
0 0.457639 0 0.0541667 0
0 0.611806 0 0.0180556 0
0 0.455556 0 0.0555556 0
0 0.360417 0 0.0180556 0
0 0.741667 0 0.0166667 0
0 0.613194 0 0.0152778 0
0 0.454167 0 0.0583333 0
0 0.359722 0 0.0166667 0
0 0.743056 0 0.0138889 0
0 0.613194 0 0.0152778 0
0 0.452778 0 0.0611111 0
0 0.613194 0 0.0152778 0
0 0.744444 0 0.0138889 0
0 0.452778 0 0.0611111 0
0 0.359028 0 0.0152778 0
0 0.614583 0 0.0152778 0
0 0.745139 0 0.0152778 0
0 0.452083 0 0.0625 0
0 0.614583 0 0.0180556 0
0 0.357639 0 0.0152778 0
0 0.450694 0 0.0625 0
0 0.614583 0 0.0180556 0
0 0.357639 0 0.0152778 0
0 0.450694 0 0.0625 0
0 0.615972 0 0.0180556 0
0 0.45 0 0.0638889 0
0 0.615972 0 0.0180556 0
0 0.45 0 0.0638889 0
0 0.615972 0 0.0180556 0
0 0.45 0 0.0638889 0
0 0.615972 0 0.0180556 0
0 0.45 0 0.0638889 0
0 0.617361 0 0.0180556 0
0 0.450694 0 0.0763889 0
0 0.757639 0 0.0180556 0
0 0.352778 0 0.0166667 0
0 0.620833 0 0.0166667 0
0 0.446528 0 0.0736111 0
0 0.759028 0 0.0180556 0
0 0.352083 0 0.0152778 0
0 0.622222 0 0.0194444 0
0 0.446528 0 0.0763889 0
0 0.761111 0 0.0166667 0
0 0.351389 0 0.0166667 0
0 0.622917 0 0.0180556 0
0 0.447222 0 0.0777778 0
0 0.351389 0 0.0166667 0
0 0.763889 0 0.0166667 0
0 0.622917 0 0.0180556 0
0 0.447222 0 0.0777778 0
0 0.350694 0 0.0152778 0
0 0.765278 0 0.0166667 0
0 0.624306 0 0.0180556 0
0 0.447917 0.5 0.0791667 1
0 0.209028 0 0.0180556 0
0 0.765972 0 0.0180556 0
0 0.625 0 0.0166667 0
0 0.448611 0.5 0.0833333 1
0 0.767361 0 0.0180556 0
0 0.209028 0 0.0180556 0
0 0.626389 0 0.0166667 0
0 0.447222 0.5 0.0805556 1
0 0.349306 0 0.0180556 0
0 0.207639 0 0.0180556 0
0 0.769444 0 0.0166667 0
0 0.627083 0 0.0180556 0
0 0.447917 0.5 0.0819444 1
0 0.349306 0 0.0180556 0
0 0.771528 0 0.0180556 0
0 0.628472 0 0.0180556 0
0 0.448611 0.5 0.0833333 1
0 0.771528 0 0.0180556 0
0 0.629167 0 0.0194444 0
0 0.448611 0.5 0.0861111 1
0 0.347222 0 0.0166667 0
0 0.629861 0 0.0180556 0
0 0.449306 0.5 0.0875 1
0 0.347917 0 0.0208333 0
0 0.775 0 0.0166667 0
0 0.630556 0 0.0166667 0
0 0.450694 0.5 0.0875 1
0 0.347222 0 0.0194444 0
0 0.776389 0 0.0166667 0
0 0.631944 0 0.0166667 0
0 0.453472 0.5 0.0958333 1
0 0.777778 0 0.0166667 0
0 0.631944 0 0.0166667 0
0 0.453472 0.5 0.0958333 1
0 0.347222 0 0.0194444 0
0 0.779167 0 0.0194444 0
0 0.633333 0 0.0166667 0
0 0.455556 0.5 0.0972222 1
0 0.346528 0 0.0180556 0
0 0.780556 0 0.0166667 0
0 0.634028 0 0.0180556 0
0 0.459722 0.5 0.0972222 1
0 0.346528 0 0.0180556 0
0 0.78125 0 0.0152778 0
0 0.634028 0 0.0180556 0
0 0.460417 0.5 0.0958333 1
0 0.347222 0 0.0194444 0
0 0.782639 0 0.0152778 0
0 0.635417 0 0.0180556 0
0 0.465278 0.5 0.0972222 1
0 0.784028 0 0.0180556 0
0 0.346528 0 0.0180556 0
0 0.636111 0 0.0194444 0
0 0.470833 0.5 0.1 1
0 0.786111 0 0.0166667 0
0 0.347222 0 0.0194444 0
0 0.636806 0 0.0208333 0
0 0.473611 0.5 0.1 1
0 0.786806 0 0.0180556 0
0 0.347222 0 0.0194444 0
0 0.6375 0 0.0194444 0
0 0.476389 0.5 0.102778 1
0 0.7875 0 0.0166667 0
0 0.347222 0 0.0194444 0
0 0.638194 0 0.0180556 0
0 0.48125 0.5 0.101389 1
0 0.347222 0 0.0194444 0
0 0.788194 0 0.0180556 0
0 0.639583 0 0.0180556 0
0 0.483333 0.5 0.102778 1
0 0.347222 0 0.0194444 0
0 0.788194 0 0.0180556 0
0 0.639583 0 0.0180556 0
0 0.486111 0.5 0.102778 1
0 0.346528 0 0.0180556 0
0 0.639583 0 0.0180556 0
0 0.789583 0 0.0180556 0
0 0.489583 0.5 0.106944 1
0 0.346528 0 0.0180556 0
0 0.790972 0 0.0180556 0
0 0.640972 0 0.0180556 0
0 0.491667 0.5 0.108333 1
0 0.346528 0 0.0180556 0
0 0.791667 0 0.0194444 0
0 0.640972 0 0.0180556 0
0 0.492361 0.5 0.115278 1
0 0.793056 0 0.0194444 0
0 0.346528 0 0.0180556 0
0 0.641667 0 0.0194444 0
0 0.490972 0.5 0.115278 1
0 0.793056 0 0.0166667 0
0 0.346528 0 0.0180556 0
0 0.641667 0 0.0194444 0
0 0.488889 0.5 0.108333 1
0 0.346528 0 0.0180556 0
0 0.793056 0 0.0194444 0
0 0.643056 0 0.0194444 0
0 0.488889 0.5 0.111111 1
0 0.549306 0 0.0402778 0
0 0.347222 0 0.0194444 0
0 0.794444 0 0.0166667 0
0 0.643056 0 0.0194444 0
0 0.492361 0.5 0.109722 1
0 0.79375 0 0.0180556 0
0 0.548611 0 0.0416667 0
0 0.347222 0 0.0194444 0
0 0.64375 0 0.0180556 0
0 0.493056 0.5 0.111111 1
0 0.457639 0 0.0375 0
0 0.795139 0 0.0180556 0
0 0.347222 0 0.0194444 0
0 0.644444 0 0.0194444 0
0 0.491667 0.5 0.111111 1
0 0.794444 0 0.0194444 0
0 0.644444 0 0.0222222 0
0 0.347917 0 0.0208333 0
0 0.491667 0.5 0.111111 1
0 0.348611 0 0.0194444 0
0 0.795139 0 0.0180556 0
0 0.494444 0.5 0.111111 1
0 0.64375 0 0.0180556 0
0 0.347917 0 0.0180556 0
0 0.795139 0 0.0180556 0
0 0.64375 0 0.0180556 0
0 0.494444 0.5 0.113889 1
0 0.348611 0 0.0194444 0
0 0.794444 0 0.0166667 0
0 0.64375 0 0.0180556 0
0 0.493056 0.5 0.116667 1
0 0.348611 0 0.0194444 0
0 0.794444 0 0.0166667 0
0 0.64375 0 0.0180556 0
0 0.492361 0.5 0.109722 1
0 0.348611 0 0.0194444 0
0 0.794444 0 0.0166667 0
0 0.643056 0 0.0194444 0
0 0.492361 0.5 0.109722 1
0 0.79375 0 0.0180556 0
0 0.348611 0 0.0194444 0
0 0.64375 0 0.0180556 0
0 0.490278 0.5 0.116667 1
0 0.79375 0 0.0180556 0
0 0.349306 0 0.0180556 0
0 0.643056 0 0.0194444 0
0 0.488889 0.5 0.108333 1
0 0.79375 0 0.0180556 0
0 0.348611 0 0.0166667 0
0 0.643056 0 0.0194444 0
0 0.492361 0.5 0.109722 1
0 0.348611 0 0.0194444 0
0 0.643056 0 0.0194444 0
0 0.490972 0.5 0.1125 1
0 0.348611 0 0.0194444 0
0 0.643056 0 0.0194444 0
0 0.494444 0.5 0.108333 1
0 0.793056 0 0.0166667 0
0 0.348611 0 0.0194444 0
0 0.643056 0 0.0194444 0
0 0.49375 0.5 0.1125 1
0 0.348611 0 0.0194444 0
0 0.793056 0 0.0166667 0
0 0.643056 0 0.0194444 0
0 0.492361 0.5 0.1125 1
0 0.348611 0 0.0194444 0
0 0.793056 0 0.0166667 0
0 0.643056 0 0.0194444 0
0 0.493056 0.5 0.111111 1
0 0.347917 0 0.0180556 0
0 0.793056 0 0.0166667 0
0 0.643056 0 0.0194444 0
0 0.492361 0.5 0.109722 1
0 0.348611 0 0.0194444 0
0 0.793056 0 0.0166667 0
0 0.643056 0 0.0194444 0
0 0.492361 0.5 0.109722 1
0 0.348611 0 0.0194444 0
0 0.793056 0 0.0166667 0
0 0.643056 0 0.0194444 0
0 0.491667 0.5 0.111111 1
0 0.79375 0 0.0180556 0
0 0.348611 0 0.0194444 0
0 0.643056 0 0.0194444 0
0 0.493056 0.5 0.113889 1
0 0.79375 0 0.0180556 0
0 0.347222 0 0.0194444 0
0 0.643056 0 0.0194444 0
0 0.49375 0.5 0.109722 1
0 0.79375 0 0.0180556 0
0 0.347222 0 0.0194444 0
0 0.643056 0 0.0194444 0
0 0.493056 0.5 0.108333 1
0 0.794444 0 0.0194444 0
0 0.347222 0 0.0194444 0
0 0.64375 0 0.0208333 0
0 0.493056 0.5 0.111111 1
0 0.455556 0 0.0361111 0
0 0.794444 0 0.0194444 0
0 0.347222 0 0.0194444 0
0 0.64375 0 0.0208333 0
0 0.493056 0.5 0.111111 1
0 0.45625 0 0.0375 0
0 0.794444 0 0.0194444 0
0 0.64375 0 0.0180556 0
0 0.347222 0 0.0194444 0
0 0.491667 0.5 0.111111 1
0 0.195139 0 0.0180556 0
0 0.45625 0 0.0375 0
0 0.794444 0 0.0194444 0
0 0.64375 0 0.0180556 0
0 0.347222 0 0.0194444 0
0 0.491667 0.5 0.111111 1
0 0.793056 0 0.0194444 0
0 0.347222 0 0.0194444 0
0 0.643056 0 0.0194444 0
0 0.490278 0.5 0.116667 1
0 0.195139 0 0.0180556 0
0 0.793056 0 0.0194444 0
0 0.347222 0 0.0194444 0
0 0.643056 0 0.0194444 0
0 0.490972 0.5 0.118056 1
0 0.547917 0 0.0402778 0
0 0.793056 0 0.0194444 0
0 0.346528 0 0.0180556 0
0 0.643056 0 0.0194444 0
0 0.488889 0.5 0.108333 1
0 0.546528 0 0.0402778 0
0 0.79375 0 0.0180556 0
0 0.346528 0 0.0180556 0
0 0.642361 0 0.0208333 0
0 0.490972 0.5 0.1125 1
0 0.79375 0 0.0180556 0
0 0.346528 0 0.0180556 0
0 0.642361 0 0.0208333 0
0 0.490972 0.5 0.118056 1
0 0.547222 0 0.0416667 0
0 0.793056 0 0.0194444 0
0 0.347222 0 0.0194444 0
0 0.489583 0.5 0.118056 1
0 0.641667 0 0.0194444 0
0 0.547222 0 0.0416667 0
0 0.79375 0 0.0180556 0
0 0.346528 0 0.0180556 0
0 0.490278 0.5 0.116667 1
0 0.641667 0 0.0194444 0
0 0.546528 0 0.0402778 0
0 0.79375 0 0.0180556 0
0 0.346528 0 0.0180556 0
0 0.489583 0.5 0.118056 1
0 0.641667 0 0.0194444 0
0 0.793056 0 0.0166667 0
0 0.345833 0 0.0194444 0
0 0.490278 0.5 0.116667 1
0 0.641667 0 0.0194444 0
0 0.79375 0 0.0180556 0
0 0.345833 0 0.0166667 0
0 0.641667 0 0.0194444 0
0 0.489583 0.5 0.1125 1
0 0.345139 0 0.0180556 0
0 0.79375 0 0.0180556 0
0 0.641667 0 0.0194444 0
0 0.490278 0.5 0.111111 1
0 0.345139 0 0.0180556 0
0 0.79375 0 0.0180556 0
0 0.641667 0 0.0194444 0
0 0.488889 0.5 0.108333 1
0 0.345139 0 0.0180556 0
0 0.79375 0 0.0180556 0
0 0.641667 0 0.0194444 0
0 0.489583 0.5 0.118056 1
0 0.79375 0 0.0180556 0
0 0.345833 0 0.0166667 0
0 0.641667 0 0.0194444 0
0 0.489583 0.5 0.118056 1
0 0.79375 0 0.0180556 0
0 0.345139 0 0.0180556 0
0 0.641667 0 0.0194444 0
0 0.488194 0.5 0.109722 1
0 0.302083 0 0.0569444 0
0 0.793056 0 0.0194444 0
0 0.345139 0 0.0180556 0
0 0.641667 0 0.0194444 0
0 0.490278 0.5 0.116667 1
0 0.79375 0 0.0180556 0
0 0.345139 0 0.0180556 0
0 0.641667 0 0.0194444 0
0 0.490972 0.5 0.1125 1
0 0.546528 0 0.0402778 0
0 0.793056 0 0.0194444 0
0 0.345139 0 0.0180556 0
0 0.641667 0 0.0194444 0
0 0.489583 0.5 0.118056 1
0 0.545833 0 0.0416667 0
0 0.794444 0 0.0194444 0
0 0.345139 0 0.0180556 0
0 0.641667 0 0.0194444 0
0 0.490278 0.5 0.116667 1
0 0.794444 0 0.0194444 0
0 0.345139 0 0.0180556 0
0 0.641667 0 0.0194444 0
0 0.488194 0.5 0.109722 1
0 0.794444 0 0.0194444 0
0 0.345139 0 0.0180556 0
0 0.641667 0 0.0194444 0
0 0.489583 0.5 0.118056 1
0 0.794444 0 0.0194444 0
0 0.345139 0 0.0180556 0
0 0.641667 0 0.0194444 0
0 0.489583 0.5 0.118056 1
0 0.3 0 0.0583333 0
0 0.455556 0 0.0305556 0
0 0.794444 0 0.0194444 0
0 0.345139 0 0.0180556 0
0 0.641667 0 0.0194444 0
0 0.488194 0.5 0.109722 1
0 0.455556 0 0.0333333 0
0 0.345139 0 0.0180556 0
0 0.794444 0 0.0194444 0
0 0.642361 0 0.0180556 0
0 0.489583 0.5 0.118056 1
0 0.455556 0 0.0333333 0
0 0.345139 0 0.0180556 0
0 0.794444 0 0.0194444 0
0 0.642361 0 0.0180556 0
0 0.489583 0.5 0.118056 1
0 0.345139 0 0.0180556 0
0 0.795139 0 0.0180556 0
0 0.642361 0 0.0180556 0
0 0.489583 0.5 0.118056 1
0 0.345139 0 0.0180556 0
0 0.795139 0 0.0180556 0
0 0.642361 0 0.0180556 0
0 0.489583 0.5 0.118056 1
0 0.344444 0 0.0194444 0
0 0.795139 0 0.0180556 0
0 0.641667 0 0.0194444 0
0 0.489583 0.5 0.118056 1
0 0.344444 0 0.0194444 0
0 0.795139 0 0.0180556 0
0 0.642361 0 0.0208333 0
0 0.489583 0.5 0.118056 1
0 0.344444 0 0.0194444 0
0 0.794444 0 0.0194444 0
0 0.641667 0 0.0194444 0
0 0.489583 0.5 0.118056 1
0 0.34375 0 0.0180556 0
0 0.795139 0 0.0180556 0
0 0.642361 0 0.0208333 0
0 0.4875 0.5 0.108333 1
0 0.34375 0 0.0180556 0
0 0.795139 0 0.0180556 0
0 0.642361 0 0.0208333 0
0 0.489583 0.5 0.118056 1
0 0.344444 0 0.0194444 0
0 0.795139 0 0.0180556 0
0 0.642361 0 0.0208333 0
0 0.490278 0.5 0.116667 1
0 0.344444 0 0.0194444 0
0 0.795139 0 0.0180556 0
0 0.642361 0 0.0208333 0
0 0.489583 0.5 0.118056 1
0 0.344444 0 0.0194444 0
0 0.795139 0 0.0180556 0
0 0.642361 0 0.0208333 0
0 0.489583 0.5 0.118056 1
0 0.344444 0 0.0194444 0
0 0.795139 0 0.0180556 0
0 0.489583 0.5 0.118056 1
0 0.642361 0 0.0208333 0
0 0.34375 0 0.0180556 0
0 0.795139 0 0.0180556 0
0 0.642361 0 0.0208333 0
0 0.489583 0.5 0.118056 1
0 0.34375 0 0.0180556 0
0 0.795139 0 0.0180556 0
0 0.489583 0.5 0.118056 1
0 0.642361 0 0.0208333 0
0 0.546528 0 0.0430556 0
0 0.344444 0 0.0194444 0
0 0.795139 0 0.0180556 0
0 0.641667 0 0.0194444 0
0 0.4875 0.5 0.108333 1
0 0.344444 0 0.0194444 0
0 0.795139 0 0.0180556 0
0 0.489583 0.5 0.118056 1
0 0.641667 0 0.0194444 0
0 0.34375 0 0.0180556 0
0 0.794444 0 0.0166667 0
0 0.489583 0.5 0.118056 1
0 0.641667 0 0.0194444 0
0 0.34375 0 0.0208333 0
0 0.794444 0 0.0166667 0
0 0.488889 0.5 0.116667 1
0 0.641667 0 0.0194444 0
0 0.794444 0 0.0166667 0
0 0.489583 0.5 0.118056 1
0 0.641667 0 0.0194444 0
0 0.794444 0 0.0166667 0
0 0.641667 0 0.0194444 0
0 0.489583 0.5 0.118056 1
0 0.794444 0 0.0166667 0
0 0.641667 0 0.0194444 0
0 0.489583 0.5 0.118056 1
0 0.454167 0 0.0305556 0
0 0.795139 0 0.0180556 0
0 0.488889 0.5 0.116667 1
0 0.642361 0 0.0180556 0
0 0.343056 0 0.0194444 0
0 0.454167 0 0.0305556 0
0 0.795139 0 0.0180556 0
0 0.641667 0 0.0194444 0
0 0.489583 0.5 0.118056 1
0 0.454167 0 0.0305556 0
0 0.795139 0 0.0180556 0
0 0.641667 0 0.0194444 0
0 0.490278 0.5 0.116667 1
0 0.454167 0 0.0305556 0
0 0.795139 0 0.0180556 0
0 0.488889 0.5 0.116667 1
0 0.642361 0 0.0180556 0
0 0.454167 0 0.0305556 0
0 0.795139 0 0.0180556 0
0 0.488889 0.5 0.116667 1
0 0.642361 0 0.0180556 0
0 0.795139 0 0.0180556 0
0 0.488889 0.5 0.116667 1
0 0.642361 0 0.0180556 0
0 0.343056 0 0.0194444 0
0 0.795139 0 0.0180556 0
0 0.489583 0.5 0.118056 1
0 0.642361 0 0.0180556 0
0 0.343056 0 0.0194444 0
0 0.795139 0 0.0180556 0
0 0.489583 0.5 0.118056 1
0 0.642361 0 0.0180556 0
0 0.343056 0 0.0194444 0
0 0.795139 0 0.0180556 0
0 0.488889 0.5 0.116667 1
0 0.642361 0 0.0180556 0
0 0.343056 0 0.0194444 0
0 0.795139 0 0.0180556 0
0 0.643056 0 0.0194444 0
0 0.489583 0.5 0.118056 1
0 0.343056 0 0.0194444 0
0 0.795139 0 0.0180556 0
0 0.643056 0 0.0194444 0
0 0.488889 0.5 0.116667 1
0 0.795833 0 0.0194444 0
0 0.343056 0 0.0194444 0
0 0.643056 0 0.0194444 0
0 0.488889 0.5 0.116667 1
0 0.343056 0 0.0194444 0
0 0.795833 0 0.0194444 0
0 0.643056 0 0.0194444 0
0 0.489583 0.5 0.118056 1
0 0.343056 0 0.0194444 0
0 0.795833 0 0.0194444 0
0 0.643056 0 0.0194444 0
0 0.489583 0.5 0.118056 1
0 0.342361 0 0.0208333 0
0 0.795139 0 0.0180556 0
0 0.643056 0 0.0194444 0
0 0.488889 0.5 0.116667 1
0 0.342361 0 0.0208333 0
0 0.795833 0 0.0194444 0
0 0.643056 0 0.0194444 0
0 0.488889 0.5 0.116667 1
0 0.342361 0 0.0208333 0
0 0.795833 0 0.0194444 0
0 0.643056 0 0.0194444 0
0 0.489583 0.5 0.118056 1
0 0.341667 0 0.0194444 0
0 0.795833 0 0.0194444 0
0 0.643056 0 0.0194444 0
0 0.490278 0.5 0.116667 1
0 0.341667 0 0.0194444 0
0 0.795833 0 0.0194444 0
0 0.643056 0 0.0194444 0
0 0.488194 0.5 0.118056 1
0 0.341667 0 0.0194444 0
0 0.795833 0 0.0194444 0
0 0.643056 0 0.0194444 0
0 0.488194 0.5 0.115278 1
0 0.1875 0 0.0194444 0
0 0.341667 0 0.0194444 0
0 0.795833 0 0.0194444 0
0 0.643056 0 0.0194444 0
0 0.489583 0.5 0.118056 1
0 0.342361 0 0.0208333 0
0 0.795833 0 0.0194444 0
0 0.642361 0 0.0208333 0
0 0.488194 0.5 0.118056 1
0 0.341667 0 0.0194444 0
0 0.795833 0 0.0194444 0
0 0.643056 0 0.0194444 0
0 0.4875 0.5 0.116667 1
0 0.796528 0 0.0208333 0
0 0.341667 0 0.0194444 0
0 0.643056 0 0.0194444 0
0 0.488889 0.5 0.116667 1
0 0.545833 0 0.0416667 0
0 0.341667 0 0.0194444 0
0 0.796528 0 0.0208333 0
0 0.642361 0 0.0208333 0
0 0.489583 0.5 0.118056 1
0 0.341667 0 0.0194444 0
0 0.796528 0 0.0208333 0
0 0.643056 0 0.0194444 0
0 0.489583 0.5 0.115278 1
0 0.546528 0 0.0430556 0
0 0.796528 0 0.0208333 0
0 0.340972 0 0.0208333 0
0 0.642361 0 0.0208333 0
0 0.489583 0.5 0.118056 1
0 0.546528 0 0.0430556 0
0 0.796528 0 0.0208333 0
0 0.340972 0 0.0208333 0
0 0.643056 0 0.0194444 0
0 0.489583 0.5 0.118056 1
0 0.795833 0 0.0194444 0
0 0.340972 0 0.0208333 0
0 0.642361 0 0.0208333 0
0 0.489583 0.5 0.118056 1
0 0.796528 0 0.0208333 0
0 0.340972 0 0.0180556 0
0 0.642361 0 0.0208333 0
0 0.488889 0.5 0.116667 1
0 0.546528 0 0.0430556 0
0 0.340972 0 0.0180556 0
0 0.795833 0 0.0194444 0
0 0.642361 0 0.0208333 0
0 0.486806 0.5 0.115278 1
0 0.340972 0 0.0208333 0
0 0.795833 0 0.0194444 0
0 0.642361 0 0.0208333 0
0 0.488194 0.5 0.118056 1
0 0.795833 0 0.0194444 0
0 0.340278 0 0.0194444 0
0 0.643056 0 0.0194444 0
0 0.488194 0.5 0.118056 1
0 0.795833 0 0.0194444 0
0 0.340278 0 0.0194444 0
0 0.642361 0 0.0208333 0
0 0.488889 0.5 0.116667 1
0 0.797222 0 0.0194444 0
0 0.340278 0 0.0194444 0
0 0.488889 0.5 0.116667 1
0 0.643056 0 0.0194444 0
0 0.340972 0 0.0180556 0
0 0.797222 0 0.0194444 0
0 0.490278 0.5 0.116667 1
0 0.643056 0 0.0194444 0
0 0.797222 0 0.0194444 0
0 0.340972 0 0.0180556 0
0 0.642361 0 0.0208333 0
0 0.488889 0.5 0.116667 1
0 0.796528 0 0.0208333 0
0 0.340278 0 0.0166667 0
0 0.486806 0.5 0.115278 1
0 0.642361 0 0.0208333 0
0 0.796528 0 0.0208333 0
0 0.340278 0 0.0166667 0
0 0.642361 0 0.0208333 0
0 0.4875 0.5 0.116667 1
0 0.796528 0 0.0208333 0
0 0.340278 0 0.0166667 0
0 0.643056 0 0.0194444 0
0 0.488194 0.5 0.118056 1
0 0.797917 0 0.0208333 0
0 0.340278 0 0.0166667 0
0 0.643056 0 0.0194444 0
0 0.4875 0.5 0.116667 1
0 0.340278 0 0.0166667 0
0 0.643056 0 0.0194444 0
0 0.4875 0.5 0.116667 1
0 0.340278 0 0.0166667 0
0 0.643056 0 0.0194444 0
0 0.4875 0.5 0.116667 1
0 0.340278 0 0.0166667 0
0 0.643056 0 0.0194444 0
0 0.488194 0.5 0.118056 1
0 0.340278 0 0.0166667 0
0 0.643056 0 0.0194444 0
0 0.489583 0.5 0.118056 1
0 0.797222 0 0.0194444 0
0 0.339583 0 0.0180556 0
0 0.643056 0 0.0194444 0
0 0.489583 0.5 0.118056 1
0 0.797222 0 0.0194444 0
0 0.339583 0 0.0180556 0
0 0.643056 0 0.0194444 0
0 0.489583 0.5 0.118056 1
0 0.797222 0 0.0194444 0
0 0.642361 0 0.0180556 0
0 0.339583 0 0.0180556 0
0 0.489583 0.5 0.118056 1
0 0.797222 0 0.0194444 0
0 0.339583 0 0.0180556 0
0 0.643056 0 0.0194444 0
0 0.488194 0.5 0.118056 1
0 0.797222 0 0.0194444 0
0 0.643056 0 0.0194444 0
0 0.339583 0 0.0180556 0
0 0.488194 0.5 0.118056 1
0 0.797222 0 0.0194444 0
0 0.339583 0 0.0180556 0
0 0.643056 0 0.0194444 0
0 0.486111 0.5 0.116667 1
0 0.797222 0 0.0194444 0
0 0.643056 0 0.0194444 0
0 0.484722 0.5 0.116667 1
0 0.339583 0 0.0180556 0
0 0.797222 0 0.0194444 0
0 0.339583 0 0.0180556 0
0 0.643056 0 0.0194444 0
0 0.484722 0.5 0.116667 1
0 0.797222 0 0.0194444 0
0 0.643056 0 0.0194444 0
0 0.339583 0 0.0180556 0
0 0.488194 0.5 0.118056 1
0 0.797222 0 0.0194444 0
0 0.643056 0 0.0194444 0
0 0.339583 0 0.0180556 0
0 0.489583 0.5 0.118056 1
0 0.797222 0 0.0194444 0
0 0.643056 0 0.0194444 0
0 0.339583 0 0.0180556 0
0 0.489583 0.5 0.118056 1
0 0.184722 0 0.0194444 0
0 0.797222 0 0.0194444 0
0 0.339583 0 0.0180556 0
0 0.643056 0 0.0194444 0
0 0.491667 0.5 0.119444 1
0 0.184722 0 0.0194444 0
0 0.797222 0 0.0194444 0
0 0.643056 0 0.0194444 0
0 0.339583 0 0.0180556 0
0 0.488194 0.5 0.118056 1
0 0.184722 0 0.0194444 0
0 0.797222 0 0.0194444 0
0 0.642361 0 0.0208333 0
0 0.339583 0 0.0180556 0
0 0.485417 0.5 0.118056 1
0 0.185417 0 0.0180556 0
0 0.798611 0 0.0194444 0
0 0.643056 0 0.0194444 0
0 0.339583 0 0.0180556 0
0 0.477778 0.5 0.116667 1
0 0.798611 0 0.0194444 0
0 0.643056 0 0.0194444 0
0 0.339583 0 0.0180556 0
0 0.476389 0.5 0.116667 1
0 0.545833 0 0.0416667 0
0 0.184028 0 0.0180556 0
0 0.798611 0 0.0194444 0
0 0.643056 0 0.0194444 0
0 0.339583 0 0.0180556 0
0 0.484028 0.5 0.118056 1
0 0.184028 0 0.0180556 0
0 0.797917 0 0.0208333 0
0 0.339583 0 0.0180556 0
0 0.643056 0 0.0194444 0
0 0.489583 0.5 0.118056 1
0 0.184028 0 0.0180556 0
0 0.338889 0 0.0194444 0
0 0.798611 0 0.0194444 0
0 0.642361 0 0.0208333 0
0 0.500694 0.5 0.1125 1
0 0.545833 0 0.0416667 0
0 0.183333 0 0.0194444 0
0 0.797917 0 0.0208333 0
0 0.642361 0 0.0208333 0
0 0.339583 0 0.0180556 0
0 0.491667 0.5 0.119444 1
0 0.183333 0 0.0194444 0
0 0.798611 0 0.0194444 0
0 0.338889 0 0.0194444 0
0 0.643056 0 0.0194444 0
0 0.48125 0.5 0.1125 1
0 0.250694 0 0.00694444 0
0 0.183333 0 0.0194444 0
0 0.798611 0 0.0194444 0
0 0.642361 0 0.0208333 0
0 0.338889 0 0.0194444 0
0 0.454861 0.5 0.115278 1
0 0.183333 0 0.0194444 0
0 0.798611 0 0.0194444 0
0 0.642361 0 0.0208333 0
0 0.338889 0 0.0194444 0
0 0.447222 0.5 0.111111 1
0 0.798611 0 0.0194444 0
0 0.183333 0 0.0194444 0
0 0.338889 0 0.0194444 0
0 0.64375 0 0.0208333 0
0 0.431944 0.5 0.111111 1
0 0.798611 0 0.0194444 0
0 0.182639 0 0.0180556 0
0 0.338194 0 0.0180556 0
0 0.64375 0 0.0208333 0
0 0.457639 0.5 0.118056 1
0 0.799306 0 0.0208333 0
0 0.183333 0 0.0194444 0
0 0.338194 0 0.0180556 0
0 0.642361 0 0.0208333 0
0 0.51875 0.5 0.1125 1
0 0.484722 0 0.05 0
0 0.799306 0 0.0208333 0
0 0.183333 0 0.0194444 0
0 0.64375 0 0.0208333 0
0 0.545139 0.5 0.1125 1
0 0.338889 0 0.0194444 0
0 0.799306 0 0.0208333 0
0 0.182639 0 0.0180556 0
0 0.64375 0 0.0208333 0
0 0.586806 0.5 0.120833 1
0 0.338889 0 0.0194444 0
0 0.182639 0 0.0180556 0
0 0.799306 0 0.0180556 0
0 0.64375 0 0.0208333 0
0 0.6125 0.5 0.119444 1
0 0.338194 0 0.0180556 0
0 0.799306 0 0.0180556 0
0 0.182639 0 0.0180556 0
0 0.64375 0 0.0180556 0
0 0.620139 0.5 0.1125 1
0 0.338194 0 0.0180556 0
0 0.799306 0 0.0180556 0
0 0.64375 0 0.0180556 0
0 0.617361 0.5 0.109722 1
0 0.338889 0 0.0194444 0
0 0.182639 0 0.0180556 0
0 0.799306 0 0.0180556 0
0 0.603472 0.5 0.120833 1
0 0.64375 0 0.0180556 0
0 0.338889 0 0.0194444 0
0 0.799306 0 0.0180556 0
0 0.64375 0 0.0180556 0
0 0.558333 0.5 0.119444 1
0 0.339583 0 0.0180556 0
0 0.184028 0 0.0180556 0
0 0.799306 0 0.0180556 0
0 0.64375 0 0.0180556 0
0 0.54375 0.5 0.106944 1
0 0.339583 0 0.0180556 0
0 0.184028 0 0.0180556 0
0 0.799306 0 0.0180556 0
0 0.538889 0.5 0.111111 1
0 0.644444 0 0.0194444 0
0 0.339583 0 0.0180556 0
0 0.184028 0 0.0180556 0
0 0.8 0 0.0194444 0
0 0.538194 0.5 0.106944 1
0 0.644444 0 0.0194444 0
0 0.339583 0 0.0180556 0
0 0.184028 0 0.0180556 0
0 0.799306 0 0.0180556 0
0 0.644444 0 0.0194444 0
0 0.526389 0.5 0.102778 1
0 0.338889 0 0.0166667 0
0 0.8 0 0.0194444 0
0 0.5125 0.5 0.116667 1
0 0.644444 0 0.0194444 0
0 0.338889 0 0.0166667 0
0 0.799306 0 0.0180556 0
0 0.508333 0.5 0.116667 1
0 0.644444 0 0.0194444 0
0 0.339583 0 0.0180556 0
0 0.183333 0 0.0194444 0
0 0.8 0 0.0166667 0
0 0.501389 0.5 0.113889 1
0 0.644444 0 0.0194444 0
0 0.338889 0 0.0166667 0
0 0.183333 0 0.0194444 0
0 0.800694 0 0.0180556 0
0 0.486806 0.5 0.115278 1
0 0.644444 0 0.0194444 0
0 0.338889 0 0.0166667 0
0 0.182639 0 0.0180556 0
0 0.8 0 0.0166667 0
0 0.484722 0.5 0.119444 1
0 0.644444 0 0.0194444 0
0 0.338194 0 0.0180556 0
0 0.182639 0 0.0180556 0
0 0.8 0 0.0166667 0
0 0.492361 0.5 0.106944 1
0 0.338889 0 0.0166667 0
0 0.644444 0 0.0194444 0
0 0.182639 0 0.0180556 0
0 0.8 0 0.0166667 0
0 0.495139 0.5 0.115278 1
0 0.338889 0 0.0194444 0
0 0.644444 0 0.0194444 0
0 0.182639 0 0.0180556 0
0 0.800694 0 0.0180556 0
0 0.501389 0.5 0.116667 1
0 0.338889 0 0.0194444 0
0 0.644444 0 0.0194444 0
0 0.182639 0 0.0180556 0
0 0.800694 0 0.0180556 0
0 0.5125 0.5 0.122222 1
0 0.338889 0 0.0194444 0
0 0.644444 0 0.0194444 0
0 0.181944 0 0.0194444 0
0 0.800694 0 0.0180556 0
0 0.531944 0.5 0.116667 1
0 0.338194 0 0.0180556 0
0 0.644444 0 0.0194444 0
0 0.26875 0 0.00694444 0
0 0.182639 0 0.0180556 0
0 0.8 0 0.0166667 0
0 0.338194 0 0.0180556 0
0 0.545139 0.5 0.109722 1
0 0.644444 0 0.0194444 0
0 0.182639 0 0.0180556 0
0 0.8 0 0.0166667 0
0 0.338194 0 0.0180556 0
0 0.644444 0 0.0194444 0
0 0.546528 0.5 0.1125 1
0 0.181944 0 0.0194444 0
0 0.8 0 0.0166667 0
0 0.644444 0 0.0194444 0
0 0.338194 0 0.0180556 0
0 0.548611 0.5 0.113889 1
0 0.181944 0 0.0194444 0
0 0.8 0 0.0166667 0
0 0.3375 0 0.0194444 0
0 0.550694 0.5 0.115278 1
0 0.644444 0 0.0194444 0
0 0.18125 0 0.0180556 0
0 0.8 0 0.0166667 0
0 0.64375 0 0.0180556 0
0 0.3375 0 0.0194444 0
0 0.554861 0.5 0.118056 1
0 0.484028 0 0.0541667 0
0 0.3375 0 0.0194444 0
0 0.8 0 0.0166667 0
0 0.644444 0 0.0194444 0
0 0.561111 0.5 0.122222 1
0 0.336806 0 0.0180556 0
0 0.8 0 0.0166667 0
0 0.644444 0 0.0194444 0
0 0.569444 0.5 0.113889 1
0 0.336111 0 0.0194444 0
0 0.8 0 0.0166667 0
0 0.64375 0 0.0180556 0
0 0.571528 0.5 0.115278 1
0 0.336111 0 0.0194444 0
0 0.8 0 0.0166667 0
0 0.64375 0 0.0208333 0
0 0.570139 0.5 0.115278 1
0 0.336111 0 0.0194444 0
0 0.8 0 0.0166667 0
0 0.64375 0 0.0208333 0
0 0.568056 0.5 0.111111 1
0 0.336111 0 0.0194444 0
0 0.8 0 0.0166667 0
0 0.64375 0 0.0208333 0
0 0.568056 0.5 0.111111 1
0 0.336111 0 0.0194444 0
0 0.8 0 0.0166667 0
0 0.563194 0.5 0.120833 1
0 0.64375 0 0.0208333 0
0 0.799306 0 0.0180556 0
0 0.335417 0 0.0208333 0
0 0.550694 1 0.1125 0
0 0.642361 0 0.0208333 0
0 0.799306 0 0.0180556 0
0 0.335417 0 0.0208333 0
0 0.548611 1 0.111111 0
0 0.642361 0 0.0208333 0
0 0.799306 0 0.0208333 0
0 0.334722 0 0.0194444 0
0 0.538194 1 0.1125 0
0 0.642361 0 0.0208333 0
0 0.177778 0 0.0194444 0
0 0.54375 0 0.0375 0
0 0.798611 0 0.0222222 0
0 0.335417 0 0.0208333 0
0 0.642361 0 0.0208333 0
0 0.536806 1 0.106944 0
0 0.543056 0 0.0388889 0
0 0.798611 0 0.0222222 0
0 0.334722 0 0.0194444 0
0 0.642361 0 0.0208333 0
0 0.536806 1 0.104167 0
0 0.542361 0 0.0375 0
0 0.798611 0 0.0222222 0
0 0.334722 0 0.0194444 0
0 0.536111 1 0.105556 0
0 0.641667 0 0.0194444 0
0 0.543056 0 0.0416667 0
0 0.177083 0 0.0180556 0
0 0.798611 0 0.0194444 0
0 0.536806 1 0.1125 0
0 0.334722 0 0.0194444 0
0 0.640972 0 0.0208333 0
0 0.542361 0 0.0430556 0
0 0.176389 0 0.0194444 0
0 0.797917 0 0.0208333 0
0 0.334028 0 0.0180556 0
0 0.536806 0.5 0.109722 1
0 0.640972 0 0.0208333 0
0 0.797222 0 0.0222222 0
0 0.333333 0 0.0194444 0
0 0.535417 0.5 0.109722 1
0 0.640972 0 0.0208333 0
0 0.175694 0 0.0208333 0
0 0.446528 0 0.0375 0
0 0.333333 0 0.0194444 0
0 0.796528 0 0.0208333 0
0 0.533333 0.5 0.119444 1
0 0.640972 0 0.0208333 0
0 0.447917 0 0.0375 0
0 0.333333 0 0.0194444 0
0 0.796528 0 0.0208333 0
0 0.534028 0.5 0.120833 1
0 0.640278 0 0.0194444 0
0 0.175 0 0.0166667 0
0 0.333333 0 0.0194444 0
0 0.795833 0 0.0194444 0
0 0.536111 0.5 0.119444 1
0 0.640278 0 0.0194444 0
0 0.174306 0 0.0180556 0
0 0.795833 0 0.0194444 0
0 0.331944 0 0.0194444 0
0 0.531944 0.5 0.119444 1
0 0.638889 0 0.0194444 0
0 0.174306 0 0.0180556 0
0 0.331944 0 0.0194444 0
0 0.795139 0 0.0180556 0
0 0.527778 0.5 0.116667 1
0 0.638194 0 0.0180556 0
0 0.174306 0 0.0180556 0
0 0.331944 0 0.0194444 0
0 0.79375 0 0.0180556 0
0 0.526389 0.5 0.119444 1
0 0.636806 0 0.0180556 0
0 0.174306 0 0.0180556 0
0 0.330556 0 0.0194444 0
0 0.79375 0 0.0208333 0
0 0.525694 0.5 0.115278 1
0 0.636806 0 0.0180556 0
0 0.330556 0 0.0194444 0
0 0.79375 0 0.0208333 0
0 0.523611 0.5 0.116667 1
0 0.636806 0 0.0180556 0
0 0.174306 0 0.0180556 0
0 0.444444 0 0.0333333 0
0 0.793056 0 0.0194444 0
0 0.329861 0 0.0208333 0
0 0.520139 0.5 0.115278 1
0 0.636111 0 0.0194444 0
0 0.172917 0 0.0180556 0
0 0.536111 0 0.0444444 0
0 0.792361 0 0.0208333 0
0 0.329861 0 0.0208333 0
0 0.513194 0.5 0.123611 1
0 0.636111 0 0.0194444 0
0 0.790972 0 0.0208333 0
0 0.484028 0.5 0.120833 1
0 0.327778 0 0.0194444 0
0 0.634722 0 0.0194444 0
0 0.171528 0 0.0180556 0
0 0.790278 0 0.0194444 0
0 0.327083 0 0.0180556 0
0 0.467361 0.5 0.1125 1
0 0.634028 0 0.0180556 0
0 0.170833 0 0.0194444 0
0 0.790278 0 0.0194444 0
0 0.327083 0 0.0180556 0
0 0.451389 0.5 0.119444 1
0 0.633333 0 0.0194444 0
0 0.170833 0 0.0194444 0
0 0.327083 0 0.0180556 0
0 0.788889 0 0.0194444 0
0 0.442361 0.5 0.123611 1
0 0.632639 0 0.0208333 0
0 0.326389 0 0.0194444 0
0 0.788194 0 0.0180556 0
0 0.438194 0.5 0.118056 1
0 0.631944 0 0.0194444 0
0 0.170139 0 0.0180556 0
0 0.325694 0 0.0180556 0
0 0.788194 0 0.0180556 0
0 0.432639 0.5 0.118056 1
0 0.631944 0 0.0194444 0
0 0.170139 0 0.0180556 0
0 0.788194 0 0.0180556 0
0 0.325 0 0.0194444 0
0 0.631944 0 0.0194444 0
0 0.429861 0.5 0.115278 1
0 0.788194 0 0.0180556 0
0 0.325 0 0.0194444 0
0 0.63125 0 0.0180556 0
0 0.427083 0.5 0.1125 1
0 0.440278 0 0.0361111 0
0 0.7875 0 0.0166667 0
0 0.325 0 0.0194444 0
0 0.63125 0 0.0180556 0
0 0.427083 0.5 0.1125 1
0 0.324306 0 0.0180556 0
0 0.786111 0 0.0194444 0
0 0.630556 0 0.0194444 0
0 0.416667 0.5 0.108333 1
0 0.529861 0 0.0375 0
0 0.16875 0 0.0208333 0
0 0.324306 0 0.0180556 0
0 0.786806 0 0.0208333 0
0 0.403472 0.5 0.115278 1
0 0.630556 0 0.0194444 0
0 0.16875 0 0.0208333 0
0 0.325 0 0.0194444 0
0 0.786806 0 0.0208333 0
0 0.403472 0.5 0.115278 1
0 0.630556 0 0.0194444 0
0 0.324306 0 0.0180556 0
0 0.786111 0 0.0194444 0
0 0.394444 0 0.113889 0
0 0.629861 0 0.0208333 0
0 0.324306 0 0.0180556 0
0 0.786111 0 0.0194444 0
0 0.389583 0 0.120833 0
0 0.629861 0 0.0208333 0
0 0.324306 0 0.0180556 0
0 0.786111 0 0.0194444 0
0 0.388194 0 0.120833 0
0 0.629861 0 0.0208333 0
0 0.324306 0 0.0180556 0
0 0.786111 0 0.0194444 0
0 0.388194 0 0.118056 0
0 0.629861 0 0.0208333 0
0 0.785417 0 0.0180556 0
0 0.324306 0 0.0180556 0
0 0.385417 0 0.115278 0
0 0.629167 0 0.0194444 0
0 0.322917 0 0.0180556 0
0 0.485417 0 0.0625 0
0 0.784722 0 0.0194444 0
0 0.38125 0 0.118056 0
0 0.628472 0 0.0208333 0
0 0.484722 0 0.0638889 0
0 0.322917 0 0.0180556 0
0 0.784028 0 0.0208333 0
0 0.377083 0 0.118056 0
0 0.628472 0 0.0208333 0
0 0.784028 0 0.0208333 0
0 0.322222 0 0.0194444 0
0 0.484722 0 0.0666667 0
0 0.373611 0 0.113889 0
0 0.627778 0 0.0194444 0
0 0.783333 0 0.0194444 0
0 0.322222 0 0.0194444 0
0 0.483333 0 0.0638889 0
0 0.372222 0 0.113889 0
0 0.627778 0 0.0194444 0
0 0.784028 0 0.0208333 0
0 0.322222 0 0.0194444 0
0 0.482639 0 0.0708333 0
0 0.371528 0 0.1125 0
0 0.627778 0 0.0194444 0
0 0.783333 0 0.0194444 0
0 0.322222 0 0.0194444 0
0 0.481944 0 0.0694444 0
0 0.370833 0 0.111111 0
0 0.627778 0 0.0194444 0
0 0.783333 0 0.0194444 0
0 0.322222 0 0.0194444 0
0 0.482639 0 0.0680556 0
0 0.36875 0 0.109722 0
0 0.627778 0 0.0194444 0
0 0.481944 0 0.0638889 0
0 0.782639 0 0.0208333 0
0 0.322222 0 0.0194444 0
0 0.368056 0 0.111111 0
0 0.627083 0 0.0180556 0
0 0.481944 0 0.0638889 0
0 0.782639 0 0.0208333 0
0 0.322222 0 0.0194444 0
0 0.368056 0 0.111111 0
0 0.627083 0 0.0180556 0
0 0.481944 0 0.0638889 0
0 0.782639 0 0.0208333 0
0 0.322222 0 0.0194444 0
0 0.368056 0 0.111111 0
0 0.627083 0 0.0180556 0
0 0.481944 0 0.0638889 0
0 0.782639 0 0.0208333 0
0 0.322222 0 0.0194444 0
0 0.368056 0 0.111111 0
0 0.627083 0 0.0180556 0
0 0.781944 0 0.0194444 0
0 0.484722 0 0.0611111 0
0 0.321528 0 0.0180556 0
0 0.375694 0 0.115278 0
0 0.626389 0 0.0194444 0
0 0.321528 0 0.0180556 0
0 0.781944 0 0.0194444 0
0 0.484722 0 0.0611111 0
0 0.378472 0 0.115278 0
0 0.626389 0 0.0194444 0
0 0.165278 0 0.0194444 0
0 0.484028 0 0.0652778 0
0 0.321528 0 0.0208333 0
0 0.781944 0 0.0166667 0
0 0.382639 0 0.120833 0
0 0.625694 0 0.0180556 0
0 0.165278 0 0.0194444 0
0 0.484028 0 0.0652778 0
0 0.321528 0 0.0208333 0
0 0.781944 0 0.0166667 0
0 0.382639 0 0.120833 0
0 0.625694 0 0.0180556 0
0 0.165278 0 0.0194444 0
0 0.484028 0 0.0652778 0
0 0.322222 0 0.0194444 0
0 0.781944 0 0.0166667 0
0 0.382639 0 0.120833 0
0 0.625694 0 0.0180556 0
0 0.165278 0 0.0194444 0
0 0.484028 0 0.0652778 0
0 0.78125 0 0.0180556 0
0 0.322222 0 0.0194444 0
0 0.382639 0 0.120833 0
0 0.625694 0 0.0180556 0
0 0.165278 0 0.0194444 0
0 0.484028 0 0.0652778 0
0 0.321528 0 0.0208333 0
0 0.78125 0 0.0180556 0
0 0.382639 0 0.120833 0
0 0.625694 0 0.0180556 0
0 0.165278 0 0.0194444 0
0 0.484028 0 0.0652778 0
0 0.78125 0 0.0180556 0
0 0.322222 0 0.0194444 0
0 0.382639 0 0.120833 0
0 0.625694 0 0.0180556 0
0 0.165278 0 0.0194444 0
0 0.484028 0 0.0652778 0
0 0.321528 0 0.0208333 0
0 0.78125 0 0.0180556 0
0 0.382639 0 0.120833 0
0 0.625694 0 0.0180556 0
0 0.165278 0 0.0194444 0
0 0.484028 0 0.0652778 0
0 0.78125 0 0.0180556 0
0 0.321528 0 0.0208333 0
0 0.382639 0 0.120833 0
0 0.625694 0 0.0180556 0
0 0.165278 0 0.0194444 0
0 0.484028 0 0.0652778 0
0 0.321528 0 0.0208333 0
0 0.781944 0 0.0166667 0
0 0.382639 0 0.120833 0
0 0.625694 0 0.0180556 0
0 0.165278 0 0.0194444 0
0 0.484028 0 0.0652778 0
0 0.78125 0 0.0180556 0
0 0.322222 0 0.0194444 0
0 0.382639 0 0.120833 0
0 0.625694 0 0.0180556 0
0 0.165278 0 0.0194444 0
0 0.484028 0 0.0652778 0
0 0.78125 0 0.0180556 0
0 0.322222 0 0.0194444 0
0 0.382639 0 0.120833 0
0 0.625694 0 0.0180556 0
0 0.165278 0 0.0194444 0
0 0.484028 0 0.0652778 0
0 0.322222 0 0.0194444 0
0 0.781944 0 0.0166667 0
0 0.382639 0 0.120833 0
0 0.625694 0 0.0180556 0
0 0.165278 0 0.0194444 0
0 0.484028 0 0.0652778 0
0 0.321528 0 0.0208333 0
0 0.781944 0 0.0166667 0
0 0.382639 0 0.120833 0
0 0.625694 0 0.0180556 0
0 0.165278 0 0.0194444 0
0 0.484028 0 0.0652778 0
0 0.320833 0 0.0194444 0
0 0.781944 0 0.0166667 0
0 0.382639 0 0.120833 0
0 0.625694 0 0.0180556 0
0 0.165278 0 0.0194444 0
0 0.484028 0 0.0652778 0
0 0.781944 0 0.0166667 0
0 0.321528 0 0.0208333 0
0 0.382639 0 0.120833 0
0 0.625694 0 0.0180556 0
0 0.165278 0 0.0194444 0
0 0.484028 0 0.0652778 0
0 0.321528 0 0.0208333 0
0 0.781944 0 0.0166667 0
0 0.381944 0 0.119444 0
0 0.625694 0 0.0180556 0
0 0.165278 0 0.0194444 0
0 0.484028 0 0.0652778 0
0 0.321528 0 0.0208333 0
0 0.781944 0 0.0166667 0
0 0.625694 0 0.0180556 0
0 0.381944 0 0.119444 0
0 0.165278 0 0.0194444 0
0 0.484028 0 0.0652778 0
0 0.321528 0 0.0208333 0
0 0.781944 0 0.0166667 0
0 0.381944 0 0.119444 0
0 0.625694 0 0.0180556 0
0 0.165278 0 0.0194444 0
0 0.484028 0 0.0652778 0
0 0.322222 0 0.0194444 0
0 0.781944 0 0.0166667 0
0 0.381944 0 0.119444 0
0 0.625694 0 0.0180556 0
0 0.165278 0 0.0194444 0
0 0.484028 0 0.0652778 0
0 0.321528 0 0.0208333 0
0 0.781944 0 0.0166667 0
0 0.381944 0 0.119444 0
0 0.625694 0 0.0180556 0
0 0.165278 0 0.0194444 0
0 0.484028 0 0.0652778 0
0 0.321528 0 0.0208333 0
0 0.781944 0 0.0166667 0
0 0.381944 0 0.119444 0
0 0.625694 0 0.0180556 0
0 0.165278 0 0.0194444 0
0 0.484028 0 0.0652778 0
0 0.321528 0 0.0208333 0
0 0.781944 0 0.0166667 0
0 0.381944 0 0.119444 0
0 0.625694 0 0.0180556 0
0 0.165278 0 0.0194444 0
0 0.484028 0 0.0652778 0
0 0.322222 0 0.0194444 0
0 0.781944 0 0.0166667 0
0 0.381944 0 0.119444 0
0 0.625694 0 0.0180556 0
0 0.165278 0 0.0194444 0
0 0.484028 0 0.0652778 0
0 0.321528 0 0.0208333 0
0 0.781944 0 0.0166667 0
0 0.625694 0 0.0180556 0
0 0.381944 0 0.119444 0
0 0.165278 0 0.0194444 0
0 0.484028 0 0.0652778 0
0 0.781944 0 0.0166667 0
0 0.322222 0 0.0194444 0
0 0.381944 0 0.119444 0
0 0.625694 0 0.0180556 0
0 0.165278 0 0.0194444 0
0 0.484028 0 0.0652778 0
0 0.321528 0 0.0208333 0
0 0.781944 0 0.0166667 0
0 0.625694 0 0.0180556 0
0 0.381944 0 0.119444 0
0 0.165278 0 0.0194444 0
0 0.484028 0 0.0652778 0
0 0.321528 0 0.0208333 0
0 0.781944 0 0.0166667 0
0 0.625694 0 0.0180556 0
0 0.381944 0 0.119444 0
0 0.165278 0 0.0194444 0
0 0.484028 0 0.0652778 0
0 0.321528 0 0.0208333 0
0 0.781944 0 0.0166667 0
0 0.381944 0 0.119444 0
0 0.625694 0 0.0180556 0
0 0.165278 0 0.0194444 0
0 0.484028 0 0.0652778 0
0 0.321528 0 0.0208333 0
0 0.781944 0 0.0166667 0
0 0.381944 0 0.119444 0
0 0.625694 0 0.0180556 0
0 0.165278 0 0.0194444 0
0 0.484028 0 0.0652778 0
0 0.322222 0 0.0194444 0
0 0.781944 0 0.0166667 0
0 0.381944 0 0.119444 0
0 0.626389 0 0.0194444 0
0 0.165278 0 0.0194444 0
0 0.484028 0 0.0652778 0
0 0.321528 0 0.0208333 0
0 0.781944 0 0.0166667 0
0 0.381944 0 0.119444 0
0 0.625694 0 0.0180556 0
0 0.165278 0 0.0194444 0
0 0.483333 0 0.0638889 0
0 0.321528 0 0.0208333 0
0 0.781944 0 0.0166667 0
0 0.381944 0 0.119444 0
0 0.625694 0 0.0180556 0
0 0.165278 0 0.0194444 0
0 0.484028 0 0.0652778 0
0 0.322222 0 0.0194444 0
0 0.781944 0 0.0166667 0
0 0.381944 0 0.119444 0
0 0.625694 0 0.0180556 0
0 0.165278 0 0.0194444 0
0 0.484028 0 0.0652778 0
0 0.321528 0 0.0208333 0
0 0.781944 0 0.0166667 0
0 0.381944 0 0.119444 0
0 0.625694 0 0.0180556 0
0 0.165278 0 0.0194444 0
0 0.484722 0 0.0666667 0
0 0.321528 0 0.0208333 0
0 0.781944 0 0.0166667 0
0 0.381944 0 0.119444 0
0 0.626389 0 0.0194444 0
0 0.165278 0 0.0194444 0
0 0.484028 0 0.0652778 0
0 0.321528 0 0.0208333 0
0 0.781944 0 0.0166667 0
0 0.381944 0 0.119444 0
0 0.625694 0 0.0180556 0
0 0.165278 0 0.0194444 0
0 0.484722 0 0.0666667 0
0 0.322222 0 0.0194444 0
0 0.781944 0 0.0166667 0
0 0.381944 0 0.119444 0
0 0.625694 0 0.0180556 0
0 0.165278 0 0.0194444 0
0 0.484722 0 0.0666667 0
0 0.321528 0 0.0208333 0
0 0.781944 0 0.0166667 0
0 0.381944 0 0.119444 0
0 0.625694 0 0.0180556 0
0 0.165278 0 0.0194444 0
0 0.485417 0 0.0680556 0
0 0.781944 0 0.0166667 0
0 0.320833 0 0.0194444 0
0 0.625694 0 0.0180556 0
0 0.381944 0 0.119444 0
0 0.165278 0 0.0194444 0
0 0.484722 0 0.0666667 0
0 0.781944 0 0.0166667 0
0 0.321528 0 0.0208333 0
0 0.381944 0 0.119444 0
0 0.625694 0 0.0180556 0
0 0.165278 0 0.0194444 0
0 0.484722 0 0.0666667 0
0 0.781944 0 0.0166667 0
0 0.320833 0 0.0194444 0
0 0.381944 0 0.119444 0
0 0.625694 0 0.0180556 0
0 0.165278 0 0.0194444 0
0 0.484722 0 0.0666667 0
0 0.781944 0 0.0166667 0
0 0.320833 0 0.0194444 0
0 0.381944 0 0.119444 0
0 0.625694 0 0.0180556 0
0 0.165278 0 0.0194444 0
0 0.484722 0 0.0666667 0
0 0.781944 0 0.0166667 0
0 0.320833 0 0.0194444 0
0 0.381944 0 0.119444 0
0 0.625694 0 0.0180556 0
0 0.165278 0 0.0194444 0
0 0.484722 0 0.0666667 0
0 0.781944 0 0.0166667 0
0 0.320833 0 0.0194444 0
0 0.381944 0 0.119444 0
0 0.625694 0 0.0180556 0
0 0.165278 0 0.0194444 0
0 0.484722 0 0.0666667 0
0 0.781944 0 0.0166667 0
0 0.320833 0 0.0194444 0
0 0.381944 0 0.119444 0
0 0.625694 0 0.0180556 0
0 0.165278 0 0.0194444 0
0 0.484722 0 0.0666667 0
0 0.781944 0 0.0166667 0
0 0.320833 0 0.0194444 0
0 0.381944 0 0.119444 0
0 0.625694 0 0.0180556 0
0 0.165278 0 0.0194444 0
0 0.484722 0 0.0666667 0
0 0.781944 0 0.0166667 0
0 0.321528 0 0.0208333 0
0 0.381944 0 0.119444 0
0 0.625694 0 0.0180556 0
0 0.165278 0 0.0194444 0
0 0.484722 0 0.0666667 0
0 0.781944 0 0.0166667 0
0 0.321528 0 0.0208333 0
0 0.381944 0 0.119444 0
0 0.625694 0 0.0180556 0
0 0.165278 0 0.0194444 0
0 0.484028 0 0.0652778 0
0 0.781944 0 0.0166667 0
0 0.320833 0 0.0194444 0
0 0.625694 0 0.0180556 0
0 0.381944 0 0.119444 0
0 0.165278 0 0.0194444 0
0 0.484028 0 0.0652778 0
0 0.781944 0 0.0166667 0
0 0.320833 0 0.0194444 0
0 0.381944 0 0.119444 0
0 0.625694 0 0.0180556 0
0 0.165278 0 0.0194444 0
0 0.484028 0 0.0652778 0
0 0.781944 0 0.0166667 0
0 0.320833 0 0.0194444 0
0 0.382639 0 0.120833 0
0 0.625694 0 0.0180556 0
0 0.165278 0 0.0194444 0
0 0.484722 0 0.0666667 0
0 0.320833 0 0.0194444 0
0 0.781944 0 0.0166667 0
0 0.382639 0 0.120833 0
0 0.625694 0 0.0180556 0
0 0.165278 0 0.0194444 0
0 0.484722 0 0.0666667 0
0 0.781944 0 0.0166667 0
0 0.321528 0 0.0208333 0
0 0.625694 0 0.0180556 0
0 0.382639 0 0.120833 0
0 0.165278 0 0.0194444 0
0 0.484722 0 0.0666667 0
0 0.781944 0 0.0166667 0
0 0.320833 0 0.0194444 0
0 0.381944 0 0.119444 0
0 0.625694 0 0.0180556 0
0 0.165278 0 0.0194444 0
0 0.484722 0 0.0666667 0
0 0.781944 0 0.0166667 0
0 0.320833 0 0.0194444 0
0 0.625694 0 0.0180556 0
0 0.381944 0 0.119444 0
0 0.165278 0 0.0194444 0
0 0.484722 0 0.0666667 0
0 0.781944 0 0.0166667 0
0 0.320833 0 0.0194444 0
0 0.381944 0 0.119444 0
0 0.625694 0 0.0180556 0
0 0.165278 0 0.0194444 0
0 0.485417 0 0.0680556 0
0 0.781944 0 0.0166667 0
0 0.321528 0 0.0208333 0
0 0.382639 0 0.120833 0
0 0.625694 0 0.0180556 0
0 0.165278 0 0.0194444 0
0 0.484722 0 0.0666667 0
0 0.781944 0 0.0166667 0
0 0.321528 0 0.0208333 0
0 0.382639 0 0.120833 0
0 0.625694 0 0.0180556 0
0 0.165278 0 0.0194444 0
0 0.484722 0 0.0666667 0
0 0.321528 0 0.0208333 0
0 0.781944 0 0.0166667 0
0 0.382639 0 0.120833 0
0 0.625694 0 0.0180556 0
0 0.165278 0 0.0194444 0
0 0.484722 0 0.0666667 0
0 0.78125 0 0.0180556 0
0 0.320833 0 0.0194444 0
0 0.382639 0 0.120833 0
0 0.625694 0 0.0180556 0
0 0.165278 0 0.0194444 0
0 0.484028 0 0.0652778 0
0 0.781944 0 0.0166667 0
0 0.320833 0 0.0194444 0
0 0.382639 0 0.120833 0
0 0.625694 0 0.0180556 0
0 0.165278 0 0.0194444 0
0 0.484028 0 0.0652778 0
0 0.781944 0 0.0166667 0
0 0.321528 0 0.0208333 0
0 0.382639 0 0.120833 0
0 0.625694 0 0.0180556 0
0 0.165278 0 0.0194444 0
0 0.484028 0 0.0652778 0
0 0.781944 0 0.0166667 0
0 0.320833 0 0.0194444 0
0 0.382639 0 0.120833 0
0 0.625694 0 0.0180556 0
0 0.165278 0 0.0194444 0
0 0.484028 0 0.0652778 0
0 0.781944 0 0.0166667 0
0 0.321528 0 0.0208333 0
0 0.382639 0 0.120833 0
0 0.625694 0 0.0180556 0
0 0.165278 0 0.0194444 0
0 0.484028 0 0.0652778 0
0 0.78125 0 0.0180556 0
0 0.320833 0 0.0194444 0
0 0.382639 0 0.120833 0
0 0.625694 0 0.0180556 0
0 0.165278 0 0.0194444 0
0 0.483333 0 0.0638889 0
0 0.321528 0 0.0208333 0
0 0.78125 0 0.0180556 0
0 0.382639 0 0.120833 0
0 0.625694 0 0.0180556 0
0 0.165278 0 0.0194444 0
0 0.484028 0 0.0652778 0
0 0.78125 0 0.0180556 0
0 0.321528 0 0.0208333 0
0 0.382639 0 0.120833 0
0 0.625694 0 0.0180556 0
0 0.165278 0 0.0194444 0
0 0.484028 0 0.0652778 0
0 0.321528 0 0.0208333 0
0 0.781944 0 0.0166667 0
0 0.381944 0 0.119444 0
0 0.625694 0 0.0180556 0
0 0.165278 0 0.0194444 0
0 0.484028 0 0.0652778 0
0 0.321528 0 0.0208333 0
0 0.781944 0 0.0166667 0
0 0.382639 0 0.120833 0
0 0.625694 0 0.0180556 0
0 0.165278 0 0.0194444 0
0 0.484028 0 0.0652778 0
0 0.321528 0 0.0208333 0
0 0.781944 0 0.0166667 0
0 0.625694 0 0.0180556 0
0 0.382639 0 0.120833 0
0 0.238194 0 0.00694444 0
0 0.165278 0 0.0194444 0
0 0.484028 0 0.0652778 0
0 0.321528 0 0.0208333 0
0 0.781944 0 0.0166667 0
0 0.382639 0 0.120833 0
0 0.625694 0 0.0180556 0
0 0.165278 0 0.0194444 0
0 0.484028 0 0.0652778 0
0 0.321528 0 0.0208333 0
0 0.781944 0 0.0166667 0
0 0.382639 0 0.120833 0
0 0.625694 0 0.0180556 0
0 0.165278 0 0.0194444 0
0 0.483333 0 0.0638889 0
0 0.321528 0 0.0208333 0
0 0.781944 0 0.0166667 0
0 0.382639 0 0.120833 0
0 0.625694 0 0.0180556 0
0 0.165278 0 0.0194444 0
0 0.484028 0 0.0652778 0
0 0.321528 0 0.0208333 0
0 0.781944 0 0.0166667 0
0 0.382639 0 0.120833 0
0 0.625694 0 0.0180556 0
0 0.165278 0 0.0194444 0
0 0.484028 0 0.0652778 0
0 0.321528 0 0.0208333 0
0 0.781944 0 0.0166667 0
0 0.382639 0 0.120833 0
0 0.625694 0 0.0180556 0
0 0.165278 0 0.0194444 0
0 0.484028 0 0.0652778 0
0 0.322222 0 0.0194444 0
0 0.781944 0 0.0166667 0
0 0.382639 0 0.120833 0
0 0.625694 0 0.0180556 0
0 0.165278 0 0.0194444 0
0 0.484028 0 0.0652778 0
0 0.321528 0 0.0208333 0
0 0.781944 0 0.0166667 0
0 0.382639 0 0.120833 0
0 0.626389 0 0.0194444 0
0 0.165278 0 0.0194444 0
0 0.484028 0 0.0652778 0
0 0.321528 0 0.0208333 0
0 0.781944 0 0.0166667 0
0 0.625694 0 0.0180556 0
0 0.381944 0 0.119444 0
0 0.165278 0 0.0194444 0
0 0.484028 0 0.0652778 0
0 0.322222 0 0.0194444 0
0 0.781944 0 0.0166667 0
0 0.381944 0 0.119444 0
0 0.626389 0 0.0194444 0
0 0.165278 0 0.0194444 0
0 0.484028 0 0.0652778 0
0 0.321528 0 0.0208333 0
0 0.781944 0 0.0166667 0
0 0.625694 0 0.0180556 0
0 0.381944 0 0.119444 0
0 0.165278 0 0.0194444 0
0 0.484028 0 0.0652778 0
0 0.781944 0 0.0166667 0
0 0.321528 0 0.0208333 0
0 0.381944 0 0.119444 0
0 0.625694 0 0.0180556 0
0 0.165278 0 0.0194444 0
0 0.484028 0 0.0652778 0
0 0.321528 0 0.0208333 0
0 0.781944 0 0.0166667 0
0 0.381944 0 0.119444 0
0 0.625694 0 0.0180556 0
0 0.165278 0 0.0194444 0
0 0.484028 0 0.0652778 0
0 0.321528 0 0.0208333 0
0 0.781944 0 0.0166667 0
0 0.625694 0 0.0180556 0
0 0.381944 0 0.119444 0
0 0.165278 0 0.0194444 0
0 0.484028 0 0.0652778 0
0 0.321528 0 0.0208333 0
0 0.781944 0 0.0166667 0
0 0.381944 0 0.119444 0
0 0.625694 0 0.0180556 0
0 0.165278 0 0.0194444 0
0 0.484028 0 0.0652778 0
0 0.321528 0 0.0208333 0
0 0.781944 0 0.0166667 0
0 0.381944 0 0.119444 0
0 0.625694 0 0.0180556 0
0 0.165278 0 0.0194444 0
0 0.484028 0 0.0652778 0
0 0.321528 0 0.0208333 0
0 0.781944 0 0.0166667 0
0 0.381944 0 0.119444 0
0 0.625694 0 0.0180556 0
0 0.165278 0 0.0194444 0
0 0.484028 0 0.0652778 0
0 0.322222 0 0.0194444 0
0 0.781944 0 0.0166667 0
0 0.381944 0 0.119444 0
0 0.625694 0 0.0180556 0
0 0.165278 0 0.0194444 0
0 0.484028 0 0.0652778 0
0 0.321528 0 0.0208333 0
0 0.781944 0 0.0166667 0
0 0.381944 0 0.119444 0
0 0.625694 0 0.0180556 0
0 0.165278 0 0.0194444 0
0 0.484028 0 0.0652778 0
0 0.321528 0 0.0208333 0
0 0.781944 0 0.0166667 0
0 0.381944 0 0.119444 0
0 0.625694 0 0.0180556 0
0 0.165278 0 0.0194444 0
0 0.484028 0 0.0652778 0
0 0.321528 0 0.0208333 0
0 0.781944 0 0.0166667 0
0 0.381944 0 0.119444 0
0 0.625694 0 0.0180556 0
0 0.165278 0 0.0194444 0
0 0.484028 0 0.0652778 0
0 0.322222 0 0.0194444 0
0 0.781944 0 0.0166667 0
0 0.381944 0 0.119444 0
0 0.625694 0 0.0180556 0
0 0.165278 0 0.0194444 0
0 0.484028 0 0.0652778 0
0 0.321528 0 0.0208333 0
0 0.781944 0 0.0166667 0
0 0.381944 0 0.119444 0
0 0.625694 0 0.0180556 0
0 0.165278 0 0.0194444 0
0 0.484028 0 0.0652778 0
0 0.322222 0 0.0194444 0
0 0.781944 0 0.0166667 0
0 0.381944 0 0.119444 0
0 0.625694 0 0.0180556 0
0 0.165278 0 0.0194444 0
0 0.484028 0 0.0652778 0
0 0.321528 0 0.0208333 0
0 0.781944 0 0.0166667 0
0 0.381944 0 0.119444 0
0 0.626389 0 0.0194444 0
0 0.165278 0 0.0194444 0
0 0.484028 0 0.0652778 0
0 0.321528 0 0.0208333 0
0 0.781944 0 0.0166667 0
0 0.381944 0 0.119444 0
0 0.625694 0 0.0180556 0
0 0.165278 0 0.0194444 0
0 0.484028 0 0.0652778 0
0 0.321528 0 0.0208333 0
0 0.781944 0 0.0166667 0
0 0.381944 0 0.119444 0
0 0.625694 0 0.0180556 0
0 0.165278 0 0.0194444 0
0 0.484028 0 0.0652778 0
0 0.321528 0 0.0208333 0
0 0.781944 0 0.0166667 0
0 0.381944 0 0.119444 0
0 0.626389 0 0.0194444 0
0 0.165278 0 0.0194444 0
0 0.484028 0 0.0652778 0
0 0.321528 0 0.0208333 0
0 0.781944 0 0.0166667 0
0 0.381944 0 0.119444 0
0 0.625694 0 0.0180556 0
0 0.165278 0 0.0194444 0
0 0.484028 0 0.0652778 0
0 0.322222 0 0.0194444 0
0 0.781944 0 0.0166667 0
0 0.381944 0 0.119444 0
0 0.625694 0 0.0180556 0
0 0.165278 0 0.0194444 0
0 0.484028 0 0.0652778 0
0 0.322222 0 0.0194444 0
0 0.781944 0 0.0166667 0
0 0.381944 0 0.119444 0
0 0.625694 0 0.0180556 0
0 0.165278 0 0.0194444 0
0 0.484028 0 0.0652778 0
0 0.321528 0 0.0208333 0
0 0.781944 0 0.0166667 0
0 0.381944 0 0.119444 0
0 0.625694 0 0.0180556 0
0 0.165278 0 0.0194444 0
0 0.484028 0 0.0652778 0
0 0.321528 0 0.0208333 0
0 0.781944 0 0.0166667 0
0 0.625694 0 0.0180556 0
0 0.381944 0 0.119444 0
0 0.165278 0 0.0194444 0
0 0.484028 0 0.0652778 0
0 0.321528 0 0.0208333 0
0 0.781944 0 0.0166667 0
0 0.625694 0 0.0180556 0
0 0.381944 0 0.119444 0
0 0.165278 0 0.0194444 0
0 0.484028 0 0.0652778 0
0 0.322222 0 0.0194444 0
0 0.781944 0 0.0166667 0
0 0.381944 0 0.119444 0
0 0.625694 0 0.0180556 0
0 0.165278 0 0.0194444 0
0 0.484028 0 0.0652778 0
0 0.321528 0 0.0208333 0
0 0.781944 0 0.0166667 0
0 0.381944 0 0.119444 0
0 0.626389 0 0.0194444 0
0 0.165278 0 0.0194444 0
0 0.484028 0 0.0652778 0
0 0.321528 0 0.0208333 0
0 0.781944 0 0.0166667 0
0 0.625694 0 0.0180556 0
0 0.381944 0 0.119444 0
0 0.165278 0 0.0194444 0
0 0.484028 0 0.0652778 0
0 0.321528 0 0.0208333 0
0 0.781944 0 0.0166667 0
0 0.381944 0 0.119444 0
0 0.625694 0 0.0180556 0
0 0.165278 0 0.0194444 0
0 0.484028 0 0.0652778 0
0 0.321528 0 0.0208333 0
0 0.781944 0 0.0166667 0
0 0.381944 0 0.119444 0
0 0.625694 0 0.0180556 0
0 0.165278 0 0.0194444 0
0 0.484028 0 0.0652778 0
0 0.321528 0 0.0208333 0
0 0.781944 0 0.0166667 0
0 0.381944 0 0.119444 0
0 0.626389 0 0.0194444 0
0 0.165278 0 0.0194444 0
0 0.484028 0 0.0652778 0
0 0.321528 0 0.0208333 0
0 0.781944 0 0.0166667 0
0 0.381944 0 0.119444 0
0 0.626389 0 0.0194444 0
0 0.165278 0 0.0194444 0
0 0.484028 0 0.0652778 0
0 0.781944 0 0.0166667 0
0 0.322222 0 0.0194444 0
0 0.381944 0 0.119444 0
0 0.625694 0 0.0180556 0
0 0.165278 0 0.0194444 0
0 0.484028 0 0.0652778 0
0 0.321528 0 0.0208333 0
0 0.781944 0 0.0166667 0
0 0.381944 0 0.119444 0
0 0.625694 0 0.0180556 0
0 0.165278 0 0.0194444 0
0 0.484028 0 0.0652778 0
0 0.321528 0 0.0208333 0
0 0.781944 0 0.0166667 0
0 0.381944 0 0.119444 0
0 0.625694 0 0.0180556 0
0 0.165278 0 0.0194444 0
0 0.484028 0 0.0652778 0
0 0.322222 0 0.0194444 0
0 0.781944 0 0.0166667 0
0 0.381944 0 0.119444 0
0 0.625694 0 0.0180556 0
0 0.165278 0 0.0194444 0
0 0.484028 0 0.0652778 0
0 0.321528 0 0.0208333 0
0 0.781944 0 0.0166667 0
0 0.381944 0 0.119444 0
0 0.625694 0 0.0180556 0
0 0.165278 0 0.0194444 0
0 0.484028 0 0.0652778 0
0 0.321528 0 0.0208333 0
0 0.781944 0 0.0166667 0
0 0.625694 0 0.0180556 0
0 0.381944 0 0.119444 0
0 0.165278 0 0.0194444 0
0 0.484028 0 0.0652778 0
0 0.321528 0 0.0208333 0
0 0.781944 0 0.0166667 0
0 0.381944 0 0.119444 0
0 0.625694 0 0.0180556 0
0 0.165278 0 0.0194444 0
0 0.484028 0 0.0652778 0
0 0.322222 0 0.0194444 0
0 0.781944 0 0.0166667 0
0 0.381944 0 0.119444 0
0 0.626389 0 0.0194444 0
0 0.165278 0 0.0194444 0
0 0.484028 0 0.0652778 0
0 0.321528 0 0.0208333 0
0 0.781944 0 0.0166667 0
0 0.381944 0 0.119444 0
0 0.625694 0 0.0180556 0
0 0.165278 0 0.0194444 0
0 0.484028 0 0.0652778 0
0 0.321528 0 0.0208333 0
0 0.781944 0 0.0166667 0
0 0.381944 0 0.119444 0
0 0.625694 0 0.0180556 0
0 0.165278 0 0.0194444 0
0 0.484028 0 0.0652778 0
0 0.321528 0 0.0208333 0
0 0.781944 0 0.0166667 0
0 0.381944 0 0.119444 0
0 0.625694 0 0.0180556 0
0 0.165278 0 0.0194444 0
0 0.484028 0 0.0652778 0
0 0.322222 0 0.0194444 0
0 0.781944 0 0.0166667 0
0 0.381944 0 0.119444 0
0 0.626389 0 0.0194444 0
0 0.165278 0 0.0194444 0
0 0.484028 0 0.0652778 0
0 0.321528 0 0.0208333 0
0 0.781944 0 0.0166667 0
0 0.381944 0 0.119444 0
0 0.625694 0 0.0180556 0
0 0.165278 0 0.0194444 0
0 0.484028 0 0.0652778 0
0 0.322222 0 0.0194444 0
0 0.781944 0 0.0166667 0
0 0.381944 0 0.119444 0
0 0.625694 0 0.0180556 0
0 0.165278 0 0.0194444 0
0 0.484028 0 0.0652778 0
0 0.321528 0 0.0208333 0
0 0.781944 0 0.0166667 0
0 0.625694 0 0.0180556 0
0 0.381944 0 0.119444 0
0 0.165278 0 0.0194444 0
0 0.484028 0 0.0652778 0
0 0.321528 0 0.0208333 0
0 0.781944 0 0.0166667 0
0 0.625694 0 0.0180556 0
0 0.381944 0 0.119444 0
0 0.165278 0 0.0194444 0
0 0.484028 0 0.0652778 0
0 0.321528 0 0.0208333 0
0 0.781944 0 0.0166667 0
0 0.381944 0 0.119444 0
0 0.625694 0 0.0180556 0
0 0.165278 0 0.0194444 0
0 0.484028 0 0.0652778 0
0 0.321528 0 0.0208333 0
0 0.781944 0 0.0166667 0
0 0.381944 0 0.119444 0
0 0.626389 0 0.0194444 0
0 0.165278 0 0.0194444 0
0 0.484028 0 0.0652778 0
0 0.321528 0 0.0208333 0
0 0.781944 0 0.0166667 0
0 0.625694 0 0.0180556 0
0 0.381944 0 0.119444 0
0 0.165278 0 0.0194444 0
0 0.483333 0 0.0638889 0
0 0.321528 0 0.0208333 0
0 0.781944 0 0.0166667 0
0 0.381944 0 0.119444 0
0 0.625694 0 0.0180556 0
0 0.165278 0 0.0194444 0
0 0.484028 0 0.0652778 0
0 0.322222 0 0.0194444 0
0 0.781944 0 0.0166667 0
0 0.381944 0 0.119444 0
0 0.625694 0 0.0180556 0
0 0.165278 0 0.0194444 0
0 0.484028 0 0.0652778 0
0 0.322222 0 0.0194444 0
0 0.781944 0 0.0166667 0
0 0.382639 0 0.120833 0
0 0.625694 0 0.0180556 0
0 0.165278 0 0.0194444 0
0 0.484722 0 0.0666667 0
0 0.322222 0 0.0194444 0
0 0.781944 0 0.0166667 0
0 0.382639 0 0.120833 0
0 0.625694 0 0.0180556 0
0 0.165278 0 0.0194444 0
0 0.485417 0 0.0680556 0
0 0.321528 0 0.0208333 0
0 0.78125 0 0.0180556 0
0 0.382639 0 0.120833 0
0 0.625694 0 0.0180556 0
0 0.165278 0 0.0194444 0
0 0.485417 0 0.0680556 0
0 0.321528 0 0.0208333 0
0 0.781944 0 0.0166667 0
0 0.382639 0 0.120833 0
0 0.625694 0 0.0180556 0
0 0.165278 0 0.0194444 0
0 0.485417 0 0.0680556 0
0 0.321528 0 0.0208333 0
0 0.781944 0 0.0166667 0
0 0.625694 0 0.0180556 0
0 0.382639 0 0.120833 0
0 0.165278 0 0.0194444 0
0 0.486111 0 0.0694444 0
0 0.78125 0 0.0180556 0
0 0.320833 0 0.0194444 0
0 0.382639 0 0.120833 0
0 0.625694 0 0.0180556 0
0 0.165278 0 0.0194444 0
0 0.486111 0 0.0694444 0
0 0.781944 0 0.0166667 0
0 0.320833 0 0.0194444 0
0 0.382639 0 0.120833 0
0 0.625694 0 0.0180556 0
0 0.165278 0 0.0194444 0
0 0.486111 0 0.0694444 0
0 0.78125 0 0.0180556 0
0 0.321528 0 0.0208333 0
0 0.382639 0 0.120833 0
0 0.625694 0 0.0180556 0
0 0.165278 0 0.0194444 0
0 0.485417 0 0.0680556 0
0 0.78125 0 0.0180556 0
0 0.321528 0 0.0208333 0
0 0.382639 0 0.120833 0
0 0.625694 0 0.0180556 0
0 0.165278 0 0.0194444 0
0 0.485417 0 0.0680556 0
0 0.78125 0 0.0180556 0
0 0.320833 0 0.0194444 0
0 0.382639 0 0.120833 0
0 0.625694 0 0.0180556 0
0 0.165278 0 0.0194444 0
0 0.484722 0 0.0666667 0
0 0.78125 0 0.0180556 0
0 0.320833 0 0.0194444 0
0 0.625694 0 0.0180556 0
0 0.382639 0 0.120833 0
0 0.165278 0 0.0194444 0
0 0.484722 0 0.0666667 0
0 0.78125 0 0.0180556 0
0 0.320833 0 0.0194444 0
0 0.382639 0 0.120833 0
0 0.625694 0 0.0180556 0
0 0.165278 0 0.0194444 0
0 0.484722 0 0.0666667 0
0 0.78125 0 0.0180556 0
0 0.320833 0 0.0194444 0
0 0.382639 0 0.120833 0
0 0.625694 0 0.0180556 0
0 0.165278 0 0.0194444 0
0 0.484722 0 0.0666667 0
0 0.78125 0 0.0180556 0
0 0.320833 0 0.0194444 0
0 0.625694 0 0.0180556 0
0 0.382639 0 0.120833 0
0 0.238194 0 0.00694444 0
0 0.165278 0 0.0194444 0
0 0.484722 0 0.0666667 0
0 0.78125 0 0.0180556 0
0 0.321528 0 0.0208333 0
0 0.382639 0 0.120833 0
0 0.625694 0 0.0180556 0
0 0.165278 0 0.0194444 0
0 0.484028 0 0.0652778 0
0 0.78125 0 0.0180556 0
0 0.320833 0 0.0194444 0
0 0.625694 0 0.0180556 0
0 0.382639 0 0.120833 0
0 0.165278 0 0.0194444 0
0 0.484028 0 0.0652778 0
0 0.78125 0 0.0180556 0
0 0.321528 0 0.0208333 0
0 0.625694 0 0.0180556 0
0 0.382639 0 0.120833 0
0 0.165278 0 0.0194444 0
0 0.484028 0 0.0652778 0
0 0.321528 0 0.0208333 0
0 0.78125 0 0.0180556 0
0 0.382639 0 0.120833 0
0 0.625694 0 0.0180556 0
0 0.165278 0 0.0194444 0
0 0.483333 0 0.0638889 0
0 0.78125 0 0.0180556 0
0 0.321528 0 0.0208333 0
0 0.382639 0 0.120833 0
0 0.625694 0 0.0180556 0
0 0.165278 0 0.0194444 0
0 0.483333 0 0.0638889 0
0 0.78125 0 0.0180556 0
0 0.321528 0 0.0208333 0
0 0.382639 0 0.120833 0
0 0.625694 0 0.0180556 0
0 0.165278 0 0.0194444 0
0 0.484028 0 0.0652778 0
0 0.78125 0 0.0180556 0
0 0.321528 0 0.0208333 0
0 0.382639 0 0.120833 0
0 0.625694 0 0.0180556 0
0 0.165278 0 0.0194444 0
0 0.484028 0 0.0652778 0
0 0.78125 0 0.0180556 0
0 0.321528 0 0.0208333 0
0 0.382639 0 0.120833 0
0 0.625694 0 0.0180556 0
0 0.165278 0 0.0194444 0
0 0.484028 0 0.0652778 0
0 0.781944 0 0.0166667 0
0 0.321528 0 0.0208333 0
0 0.625694 0 0.0180556 0
0 0.382639 0 0.120833 0
0 0.165278 0 0.0194444 0
0 0.484028 0 0.0652778 0
0 0.321528 0 0.0208333 0
0 0.781944 0 0.0166667 0
0 0.382639 0 0.120833 0
0 0.625694 0 0.0180556 0
0 0.165278 0 0.0194444 0
0 0.484028 0 0.0652778 0
0 0.781944 0 0.0166667 0
0 0.320833 0 0.0194444 0
0 0.382639 0 0.120833 0
0 0.625694 0 0.0180556 0
0 0.165278 0 0.0194444 0
0 0.484028 0 0.0652778 0
0 0.321528 0 0.0208333 0
0 0.781944 0 0.0166667 0
0 0.382639 0 0.120833 0
0 0.625694 0 0.0180556 0
0 0.165278 0 0.0194444 0
0 0.484028 0 0.0652778 0
0 0.781944 0 0.0166667 0
0 0.320833 0 0.0194444 0
0 0.625694 0 0.0180556 0
0 0.382639 0 0.120833 0
0 0.165278 0 0.0194444 0
0 0.483333 0 0.0638889 0
0 0.781944 0 0.0166667 0
0 0.320833 0 0.0194444 0
0 0.382639 0 0.120833 0
0 0.625694 0 0.0180556 0
0 0.165278 0 0.0194444 0
0 0.484028 0 0.0652778 0
0 0.781944 0 0.0166667 0
0 0.321528 0 0.0208333 0
0 0.381944 0 0.119444 0
0 0.625694 0 0.0180556 0
0 0.165278 0 0.0194444 0
0 0.484028 0 0.0652778 0
0 0.781944 0 0.0166667 0
0 0.321528 0 0.0208333 0
0 0.381944 0 0.119444 0
0 0.625694 0 0.0180556 0
0 0.165278 0 0.0194444 0
0 0.484028 0 0.0652778 0
0 0.321528 0 0.0208333 0
0 0.781944 0 0.0166667 0
0 0.381944 0 0.119444 0
0 0.625694 0 0.0180556 0
0 0.165278 0 0.0194444 0
0 0.484028 0 0.0652778 0
0 0.781944 0 0.0166667 0
0 0.321528 0 0.0208333 0
0 0.625694 0 0.0180556 0
0 0.381944 0 0.119444 0
0 0.165278 0 0.0194444 0
0 0.484028 0 0.0652778 0
0 0.781944 0 0.0166667 0
0 0.320833 0 0.0194444 0
0 0.381944 0 0.119444 0
0 0.625694 0 0.0180556 0
0 0.238194 0 0.00694444 0
0 0.165278 0 0.0194444 0
0 0.484028 0 0.0652778 0
0 0.321528 0 0.0208333 0
0 0.781944 0 0.0166667 0
0 0.625694 0 0.0180556 0
0 0.381944 0 0.119444 0
0 0.165278 0 0.0194444 0
0 0.484028 0 0.0652778 0
0 0.321528 0 0.0208333 0
0 0.781944 0 0.0166667 0
0 0.625694 0 0.0180556 0
0 0.381944 0 0.119444 0
0 0.165278 0 0.0194444 0
0 0.484028 0 0.0652778 0
0 0.321528 0 0.0208333 0
0 0.781944 0 0.0166667 0
0 0.381944 0 0.119444 0
0 0.626389 0 0.0194444 0
0 0.165278 0 0.0194444 0
0 0.484028 0 0.0652778 0
0 0.321528 0 0.0208333 0
0 0.781944 0 0.0166667 0
0 0.381944 0 0.119444 0
0 0.625694 0 0.0180556 0
0 0.165278 0 0.0194444 0
0 0.483333 0 0.0638889 0
0 0.321528 0 0.0208333 0
0 0.781944 0 0.0166667 0
0 0.381944 0 0.119444 0
0 0.625694 0 0.0180556 0
0 0.165278 0 0.0194444 0
0 0.484028 0 0.0652778 0
0 0.321528 0 0.0208333 0
0 0.781944 0 0.0166667 0
0 0.381944 0 0.119444 0
0 0.625694 0 0.0180556 0
0 0.165278 0 0.0194444 0
0 0.484028 0 0.0652778 0
0 0.321528 0 0.0208333 0
0 0.781944 0 0.0166667 0
0 0.381944 0 0.119444 0
0 0.625694 0 0.0180556 0
0 0.165278 0 0.0194444 0
0 0.484028 0 0.0652778 0
0 0.321528 0 0.0208333 0
0 0.781944 0 0.0166667 0
0 0.381944 0 0.119444 0
0 0.626389 0 0.0194444 0
0 0.165278 0 0.0194444 0
0 0.484028 0 0.0652778 0
0 0.321528 0 0.0208333 0
0 0.781944 0 0.0166667 0
0 0.381944 0 0.119444 0
0 0.625694 0 0.0180556 0
0 0.165278 0 0.0194444 0
0 0.484028 0 0.0652778 0
0 0.781944 0 0.0166667 0
0 0.321528 0 0.0208333 0
0 0.381944 0 0.119444 0
0 0.625694 0 0.0180556 0
0 0.165278 0 0.0194444 0
0 0.484028 0 0.0652778 0
0 0.322222 0 0.0194444 0
0 0.781944 0 0.0166667 0
0 0.381944 0 0.119444 0
0 0.625694 0 0.0180556 0
0 0.165278 0 0.0194444 0
0 0.484028 0 0.0652778 0
0 0.321528 0 0.0208333 0
0 0.781944 0 0.0166667 0
0 0.625694 0 0.0180556 0
0 0.381944 0 0.119444 0
0 0.165278 0 0.0194444 0
0 0.484028 0 0.0652778 0
0 0.781944 0 0.0166667 0
0 0.321528 0 0.0208333 0
0 0.381944 0 0.119444 0
0 0.625694 0 0.0180556 0
0 0.165278 0 0.0194444 0
0 0.484028 0 0.0652778 0
0 0.321528 0 0.0208333 0
0 0.781944 0 0.0166667 0
0 0.625694 0 0.0180556 0
0 0.381944 0 0.119444 0
0 0.238889 0 0.00555556 0
0 0.165278 0 0.0194444 0
0 0.484028 0 0.0652778 0
0 0.321528 0 0.0208333 0
0 0.781944 0 0.0166667 0
0 0.381944 0 0.119444 0
0 0.625694 0 0.0180556 0
0 0.238889 0 0.00555556 0
0 0.165278 0 0.0194444 0
0 0.484028 0 0.0652778 0
0 0.321528 0 0.0208333 0
0 0.781944 0 0.0166667 0
0 0.381944 0 0.119444 0
0 0.625694 0 0.0180556 0
0 0.238889 0 0.00555556 0
0 0.165278 0 0.0194444 0
0 0.484028 0 0.0652778 0
0 0.321528 0 0.0208333 0
0 0.781944 0 0.0166667 0
0 0.381944 0 0.119444 0
0 0.625694 0 0.0180556 0
0 0.165278 0 0.0194444 0
0 0.484028 0 0.0652778 0
0 0.321528 0 0.0208333 0
0 0.781944 0 0.0166667 0
0 0.381944 0 0.119444 0
0 0.625694 0 0.0180556 0
0 0.165278 0 0.0194444 0
0 0.484028 0 0.0652778 0
0 0.321528 0 0.0208333 0
0 0.781944 0 0.0166667 0
0 0.381944 0 0.119444 0
0 0.625694 0 0.0180556 0
0 0.165278 0 0.0194444 0
0 0.484028 0 0.0652778 0
0 0.781944 0 0.0166667 0
0 0.321528 0 0.0208333 0
0 0.381944 0 0.119444 0
0 0.625694 0 0.0180556 0
0 0.165278 0 0.0194444 0
0 0.484028 0 0.0652778 0
0 0.321528 0 0.0208333 0
0 0.781944 0 0.0166667 0
0 0.381944 0 0.119444 0
0 0.626389 0 0.0194444 0
0 0.165278 0 0.0194444 0
0 0.484028 0 0.0652778 0
0 0.321528 0 0.0208333 0
0 0.781944 0 0.0166667 0
0 0.381944 0 0.119444 0
0 0.626389 0 0.0194444 0
0 0.165278 0 0.0194444 0
0 0.484028 0 0.0652778 0
0 0.321528 0 0.0208333 0
0 0.781944 0 0.0166667 0
0 0.625694 0 0.0180556 0
0 0.381944 0 0.119444 0
0 0.165278 0 0.0194444 0
0 0.484028 0 0.0652778 0
0 0.781944 0 0.0166667 0
0 0.322222 0 0.0194444 0
0 0.381944 0 0.119444 0
0 0.625694 0 0.0180556 0
0 0.165278 0 0.0194444 0
0 0.484028 0 0.0652778 0
0 0.321528 0 0.0208333 0
0 0.781944 0 0.0166667 0
0 0.625694 0 0.0180556 0
0 0.381944 0 0.119444 0
0 0.165278 0 0.0194444 0
0 0.484028 0 0.0652778 0
0 0.321528 0 0.0208333 0
0 0.781944 0 0.0166667 0
0 0.381944 0 0.119444 0
0 0.625694 0 0.0180556 0
0 0.165278 0 0.0194444 0
0 0.484028 0 0.0652778 0
0 0.321528 0 0.0208333 0
0 0.781944 0 0.0166667 0
0 0.381944 0 0.119444 0
0 0.626389 0 0.0194444 0
0 0.165278 0 0.0194444 0
0 0.484028 0 0.0652778 0
0 0.321528 0 0.0208333 0
0 0.781944 0 0.0166667 0
0 0.381944 0 0.119444 0
0 0.625694 0 0.0180556 0
0 0.165278 0 0.0194444 0
0 0.484722 0 0.0666667 0
0 0.321528 0 0.0208333 0
0 0.781944 0 0.0166667 0
0 0.625694 0 0.0180556 0
0 0.381944 0 0.119444 0
0 0.165278 0 0.0194444 0
0 0.484722 0 0.0666667 0
0 0.322222 0 0.0194444 0
0 0.781944 0 0.0166667 0
0 0.381944 0 0.119444 0
0 0.625694 0 0.0180556 0
0 0.165278 0 0.0194444 0
0 0.484028 0 0.0652778 0
0 0.321528 0 0.0208333 0
0 0.781944 0 0.0166667 0
0 0.381944 0 0.119444 0
0 0.625694 0 0.0180556 0
0 0.165278 0 0.0194444 0
0 0.484028 0 0.0652778 0
0 0.78125 0 0.0180556 0
0 0.322222 0 0.0194444 0
0 0.381944 0 0.119444 0
0 0.625694 0 0.0180556 0
0 0.165278 0 0.0194444 0
0 0.484028 0 0.0652778 0
0 0.781944 0 0.0166667 0
0 0.321528 0 0.0208333 0
0 0.381944 0 0.119444 0
0 0.625694 0 0.0180556 0
0 0.165278 0 0.0194444 0
0 0.484028 0 0.0652778 0
0 0.78125 0 0.0180556 0
0 0.320833 0 0.0194444 0
0 0.381944 0 0.119444 0
0 0.625694 0 0.0180556 0
0 0.165278 0 0.0194444 0
0 0.484028 0 0.0652778 0
0 0.321528 0 0.0208333 0
0 0.78125 0 0.0180556 0
0 0.381944 0 0.119444 0
0 0.625694 0 0.0180556 0
0 0.165278 0 0.0194444 0
0 0.484028 0 0.0652778 0
0 0.781944 0 0.0166667 0
0 0.320833 0 0.0194444 0
0 0.381944 0 0.119444 0
0 0.625694 0 0.0180556 0
0 0.165278 0 0.0194444 0
0 0.484028 0 0.0652778 0
0 0.321528 0 0.0208333 0
0 0.78125 0 0.0180556 0
0 0.381944 0 0.119444 0
0 0.625694 0 0.0180556 0
0 0.165278 0 0.0194444 0
0 0.484028 0 0.0652778 0
0 0.321528 0 0.0208333 0
0 0.781944 0 0.0166667 0
0 0.382639 0 0.120833 0
0 0.625694 0 0.0180556 0
0 0.165278 0 0.0194444 0
0 0.484028 0 0.0652778 0
0 0.321528 0 0.0208333 0
0 0.78125 0 0.0180556 0
0 0.382639 0 0.120833 0
0 0.625694 0 0.0180556 0
0 0.165278 0 0.0194444 0
0 0.484028 0 0.0652778 0
0 0.321528 0 0.0180556 0
0 0.781944 0 0.0166667 0
0 0.382639 0 0.120833 0
0 0.625694 0 0.0180556 0
0 0.165278 0 0.0194444 0
0 0.484028 0 0.0652778 0
0 0.321528 0 0.0208333 0
0 0.78125 0 0.0180556 0
0 0.382639 0 0.120833 0
0 0.625694 0 0.0180556 0
0 0.165278 0 0.0194444 0
0 0.484028 0 0.0652778 0
0 0.321528 0 0.0208333 0
0 0.781944 0 0.0166667 0
0 0.382639 0 0.120833 0
0 0.625694 0 0.0180556 0
0 0.165278 0 0.0194444 0
0 0.484028 0 0.0652778 0
0 0.78125 0 0.0180556 0
0 0.321528 0 0.0180556 0
0 0.382639 0 0.120833 0
0 0.625694 0 0.0180556 0
0 0.165278 0 0.0194444 0
0 0.484028 0 0.0652778 0
0 0.78125 0 0.0180556 0
0 0.321528 0 0.0208333 0
0 0.625694 0 0.0180556 0
0 0.382639 0 0.120833 0
0 0.165278 0 0.0194444 0
0 0.483333 0 0.0638889 0
0 0.321528 0 0.0208333 0
0 0.781944 0 0.0166667 0
0 0.382639 0 0.120833 0
0 0.625694 0 0.0180556 0
0 0.165278 0 0.0194444 0
0 0.484028 0 0.0652778 0
0 0.321528 0 0.0208333 0
0 0.781944 0 0.0166667 0
0 0.382639 0 0.120833 0
0 0.625694 0 0.0180556 0
0 0.165278 0 0.0194444 0
0 0.483333 0 0.0638889 0
0 0.321528 0 0.0208333 0
0 0.781944 0 0.0166667 0
0 0.382639 0 0.120833 0
0 0.625694 0 0.0180556 0
0 0.165278 0 0.0194444 0
0 0.484028 0 0.0652778 0
0 0.322222 0 0.0194444 0
0 0.781944 0 0.0166667 0
0 0.382639 0 0.120833 0
0 0.625694 0 0.0180556 0
0 0.165278 0 0.0194444 0
0 0.484028 0 0.0652778 0
0 0.322222 0 0.0194444 0
0 0.781944 0 0.0166667 0
0 0.382639 0 0.120833 0
0 0.625694 0 0.0180556 0
0 0.165278 0 0.0194444 0
0 0.484028 0 0.0652778 0
0 0.320833 0 0.0194444 0
0 0.781944 0 0.0166667 0
0 0.625694 0 0.0180556 0
0 0.382639 0 0.120833 0
0 0.165278 0 0.0194444 0
0 0.484028 0 0.0652778 0
0 0.320833 0 0.0194444 0
0 0.781944 0 0.0166667 0
0 0.625694 0 0.0180556 0
0 0.382639 0 0.120833 0
0 0.165278 0 0.0194444 0
0 0.484028 0 0.0652778 0
0 0.320833 0 0.0194444 0
0 0.781944 0 0.0166667 0
0 0.625694 0 0.0180556 0
0 0.382639 0 0.120833 0
0 0.165278 0 0.0194444 0
0 0.484028 0 0.0652778 0
0 0.320833 0 0.0194444 0
0 0.781944 0 0.0166667 0
0 0.625694 0 0.0180556 0
0 0.382639 0 0.120833 0
0 0.165278 0 0.0194444 0
0 0.484028 0 0.0652778 0
0 0.320833 0 0.0194444 0
0 0.781944 0 0.0166667 0
0 0.625694 0 0.0180556 0
0 0.382639 0 0.120833 0
0 0.165278 0 0.0194444 0
0 0.484028 0 0.0652778 0
0 0.320833 0 0.0194444 0
0 0.781944 0 0.0166667 0
0 0.625694 0 0.0180556 0
0 0.382639 0 0.120833 0
0 0.165278 0 0.0194444 0
0 0.484028 0 0.0652778 0
0 0.320833 0 0.0194444 0
0 0.781944 0 0.0166667 0
0 0.625694 0 0.0180556 0
0 0.382639 0 0.120833 0
0 0.165278 0 0.0194444 0
0 0.484028 0 0.0652778 0
0 0.320833 0 0.0194444 0
0 0.781944 0 0.0166667 0
0 0.625694 0 0.0180556 0
0 0.382639 0 0.120833 0
0 0.165278 0 0.0194444 0
0 0.484028 0 0.0652778 0
0 0.320833 0 0.0194444 0
0 0.781944 0 0.0166667 0
0 0.625694 0 0.0180556 0
0 0.382639 0 0.120833 0
0 0.165278 0 0.0194444 0
0 0.484028 0 0.0652778 0
0 0.320833 0 0.0194444 0
0 0.781944 0 0.0166667 0
0 0.625694 0 0.0180556 0
0 0.382639 0 0.120833 0
0 0.165278 0 0.0194444 0
0 0.484028 0 0.0652778 0
0 0.320833 0 0.0194444 0
0 0.781944 0 0.0166667 0
0 0.625694 0 0.0180556 0
0 0.382639 0 0.120833 0
0 0.165278 0 0.0194444 0
0 0.484028 0 0.0652778 0
0 0.320833 0 0.0194444 0
0 0.781944 0 0.0166667 0
0 0.625694 0 0.0180556 0
0 0.382639 0 0.120833 0
0 0.165278 0 0.0194444 0
0 0.484028 0 0.0652778 0
0 0.320833 0 0.0194444 0
0 0.781944 0 0.0166667 0
0 0.625694 0 0.0180556 0
0 0.382639 0 0.120833 0
0 0.165278 0 0.0194444 0
0 0.484028 0 0.0652778 0
0 0.320833 0 0.0194444 0
0 0.781944 0 0.0166667 0
0 0.625694 0 0.0180556 0
0 0.382639 0 0.120833 0
0 0.165278 0 0.0194444 0
0 0.484028 0 0.0652778 0
0 0.320833 0 0.0194444 0
0 0.781944 0 0.0166667 0
0 0.625694 0 0.0180556 0
0 0.382639 0 0.120833 0
0 0.165278 0 0.0194444 0
0 0.484028 0 0.0652778 0
0 0.320833 0 0.0194444 0
0 0.781944 0 0.0166667 0
0 0.625694 0 0.0180556 0
0 0.382639 0 0.120833 0
0 0.165278 0 0.0194444 0
0 0.484028 0 0.0652778 0
0 0.320833 0 0.0194444 0
0 0.781944 0 0.0166667 0
0 0.625694 0 0.0180556 0
0 0.382639 0 0.120833 0
0 0.165278 0 0.0194444 0
0 0.484028 0 0.0652778 0
0 0.320833 0 0.0194444 0
0 0.781944 0 0.0166667 0
0 0.625694 0 0.0180556 0
0 0.382639 0 0.120833 0
0 0.165278 0 0.0194444 0
0 0.484028 0 0.0652778 0
0 0.320833 0 0.0194444 0
0 0.781944 0 0.0166667 0
0 0.625694 0 0.0180556 0
0 0.382639 0 0.120833 0
0 0.165278 0 0.0194444 0
0 0.484028 0 0.0652778 0
0 0.320833 0 0.0194444 0
0 0.781944 0 0.0166667 0
0 0.625694 0 0.0180556 0
0 0.382639 0 0.120833 0
0 0.165278 0 0.0194444 0
0 0.484028 0 0.0652778 0
0 0.320833 0 0.0194444 0
0 0.781944 0 0.0166667 0
0 0.625694 0 0.0180556 0
0 0.382639 0 0.120833 0
0 0.165278 0 0.0194444 0
0 0.484028 0 0.0652778 0
0 0.320833 0 0.0194444 0
0 0.781944 0 0.0166667 0
0 0.625694 0 0.0180556 0
0 0.382639 0 0.120833 0
0 0.165278 0 0.0194444 0
0 0.484028 0 0.0652778 0
0 0.320833 0 0.0194444 0
0 0.781944 0 0.0166667 0
0 0.625694 0 0.0180556 0
0 0.382639 0 0.120833 0
0 0.165278 0 0.0194444 0
0 0.484028 0 0.0652778 0
0 0.320833 0 0.0194444 0
0 0.781944 0 0.0166667 0
0 0.625694 0 0.0180556 0
0 0.382639 0 0.120833 0
0 0.165278 0 0.0194444 0
0 0.484028 0 0.0652778 0
0 0.320833 0 0.0194444 0
0 0.781944 0 0.0166667 0
0 0.625694 0 0.0180556 0
0 0.382639 0 0.120833 0
0 0.165278 0 0.0194444 0
0 0.484028 0 0.0652778 0
0 0.320833 0 0.0194444 0
0 0.781944 0 0.0166667 0
0 0.625694 0 0.0180556 0
0 0.382639 0 0.120833 0
0 0.165278 0 0.0194444 0
0 0.484028 0 0.0652778 0
0 0.320833 0 0.0194444 0
0 0.781944 0 0.0166667 0
0 0.625694 0 0.0180556 0
0 0.382639 0 0.120833 0
0 0.165278 0 0.0194444 0
0 0.484028 0 0.0652778 0
0 0.320833 0 0.0194444 0
0 0.781944 0 0.0166667 0
0 0.625694 0 0.0180556 0
0 0.382639 0 0.120833 0
0 0.165278 0 0.0194444 0
0 0.484028 0 0.0652778 0
0 0.320833 0 0.0194444 0
0 0.781944 0 0.0166667 0
0 0.625694 0 0.0180556 0
0 0.382639 0 0.120833 0
0 0.165278 0 0.0194444 0
0 0.484028 0 0.0652778 0
