0 0.372917 0 0.0180556 0
0 0.638194 0 0.0152778 0
0 0.523611 0.5 0.0694444 1
0 0.372917 0 0.0180556 0
0 0.638194 0 0.0152778 0
0 0.523611 0.5 0.0694444 1
0 0.372917 0 0.0180556 0
0 0.638194 0 0.0152778 0
0 0.523611 0.5 0.0694444 1
0 0.374306 0 0.0180556 0
0 0.638194 0 0.0152778 0
0 0.523611 0.5 0.0694444 1
0 0.373611 0 0.0194444 0
0 0.638194 0 0.0152778 0
0 0.523611 0.5 0.0694444 1
0 0.372917 0 0.0180556 0
0 0.638194 0 0.0152778 0
0 0.523611 0.5 0.0694444 1
0 0.374306 0 0.0180556 0
0 0.638194 0 0.0152778 0
0 0.523611 0.5 0.0694444 1
0 0.372917 0 0.0180556 0
0 0.638194 0 0.0152778 0
0 0.523611 0.5 0.0694444 1
0 0.373611 0 0.0194444 0
0 0.638194 0 0.0152778 0
0 0.523611 0.5 0.0694444 1
0 0.372917 0 0.0180556 0
0 0.638194 0 0.0152778 0
0 0.523611 0.5 0.0694444 1
0 0.374306 0 0.0180556 0
0 0.638194 0 0.0152778 0
0 0.523611 0.5 0.0694444 1
0 0.372917 0 0.0180556 0
0 0.638194 0 0.0152778 0
0 0.523611 0.5 0.0694444 1
0 0.374306 0 0.0180556 0
0 0.638194 0 0.0152778 0
0 0.523611 0.5 0.0694444 1
0 0.373611 0 0.0194444 0
0 0.638194 0 0.0152778 0
0 0.523611 0.5 0.0694444 1
0 0.372917 0 0.0180556 0
0 0.638194 0 0.0152778 0
0 0.523611 0.5 0.0694444 1
0 0.374306 0 0.0180556 0
0 0.638194 0 0.0152778 0
0 0.523611 0.5 0.0694444 1
0 0.372917 0 0.0180556 0
0 0.638194 0 0.0152778 0
0 0.523611 0.5 0.0694444 1
0 0.374306 0 0.0180556 0
0 0.638194 0 0.0152778 0
0 0.523611 0.5 0.0694444 1
0 0.372917 0 0.0180556 0
0 0.638194 0 0.0152778 0
0 0.523611 0.5 0.0694444 1
0 0.372917 0 0.0180556 0
0 0.638194 0 0.0152778 0
0 0.523611 0.5 0.0694444 1
0 0.374306 0 0.0180556 0
0 0.638194 0 0.0152778 0
0 0.523611 0.5 0.0694444 1
0 0.373611 0 0.0194444 0
0 0.638194 0 0.0152778 0
0 0.523611 0.5 0.0694444 1
0 0.372917 0 0.0180556 0
0 0.638194 0 0.0152778 0
0 0.523611 0.5 0.0694444 1
0 0.374306 0 0.0180556 0
0 0.638194 0 0.0152778 0
0 0.523611 0.5 0.0694444 1
0 0.374306 0 0.0180556 0
0 0.638194 0 0.0152778 0
0 0.523611 0.5 0.0694444 1
0 0.374306 0 0.0180556 0
0 0.638194 0 0.0152778 0
0 0.523611 0.5 0.0694444 1
0 0.372917 0 0.0180556 0
0 0.638194 0 0.0152778 0
0 0.523611 0.5 0.0694444 1
0 0.374306 0 0.0180556 0
0 0.638194 0 0.0152778 0
0 0.523611 0.5 0.0694444 1
0 0.372917 0 0.0180556 0
0 0.638194 0 0.0152778 0
0 0.523611 0.5 0.0694444 1
0 0.372917 0 0.0180556 0
0 0.638194 0 0.0152778 0
0 0.523611 0.5 0.0694444 1
0 0.372917 0 0.0180556 0
0 0.638194 0 0.0152778 0
0 0.523611 0.5 0.0694444 1
0 0.373611 0 0.0194444 0
0 0.638194 0 0.0152778 0
0 0.523611 0.5 0.0694444 1
0 0.374306 0 0.0180556 0
0 0.638194 0 0.0152778 0
0 0.523611 0.5 0.0694444 1
0 0.374306 0 0.0180556 0
0 0.638194 0 0.0152778 0
0 0.523611 0.5 0.0694444 1
0 0.372917 0 0.0180556 0
0 0.638194 0 0.0152778 0
0 0.523611 0.5 0.0694444 1
0 0.374306 0 0.0180556 0
0 0.638194 0 0.0152778 0
0 0.523611 0.5 0.0694444 1
0 0.374306 0 0.0180556 0
0 0.638194 0 0.0152778 0
0 0.523611 0.5 0.0694444 1
0 0.374306 0 0.0180556 0
0 0.638194 0 0.0152778 0
0 0.523611 0.5 0.0694444 1
0 0.372917 0 0.0180556 0
0 0.638194 0 0.0152778 0
0 0.523611 0.5 0.0694444 1
0 0.373611 0 0.0194444 0
0 0.638194 0 0.0152778 0
0 0.523611 0.5 0.0694444 1
0 0.374306 0 0.0180556 0
0 0.638194 0 0.0152778 0
0 0.523611 0.5 0.0694444 1
0 0.374306 0 0.0180556 0
0 0.638194 0 0.0152778 0
0 0.523611 0.5 0.0694444 1
0 0.374306 0 0.0180556 0
0 0.638194 0 0.0152778 0
0 0.523611 0.5 0.0694444 1
0 0.374306 0 0.0180556 0
0 0.638194 0 0.0152778 0
0 0.523611 0.5 0.0694444 1
0 0.374306 0 0.0180556 0
0 0.638194 0 0.0152778 0
0 0.523611 0.5 0.0694444 1
0 0.373611 0 0.0194444 0
0 0.638194 0 0.0152778 0
0 0.523611 0.5 0.0694444 1
0 0.374306 0 0.0180556 0
0 0.638194 0 0.0152778 0
0 0.523611 0.5 0.0694444 1
0 0.373611 0 0.0194444 0
0 0.638194 0 0.0152778 0
0 0.523611 0.5 0.0694444 1
0 0.372917 0 0.0180556 0
0 0.638194 0 0.0152778 0
0 0.523611 0.5 0.0694444 1
0 0.373611 0 0.0194444 0
0 0.638194 0 0.0152778 0
0 0.523611 0.5 0.0694444 1
0 0.374306 0 0.0180556 0
0 0.638194 0 0.0152778 0
0 0.523611 0.5 0.0694444 1
0 0.374306 0 0.0180556 0
0 0.638194 0 0.0152778 0
0 0.523611 0.5 0.0694444 1
0 0.372917 0 0.0180556 0
0 0.638194 0 0.0152778 0
0 0.523611 0.5 0.0694444 1
0 0.374306 0 0.0180556 0
0 0.638194 0 0.0152778 0
0 0.523611 0.5 0.0694444 1
0 0.373611 0 0.0194444 0
0 0.638194 0 0.0152778 0
0 0.523611 0.5 0.0694444 1
0 0.374306 0 0.0180556 0
0 0.638194 0 0.0152778 0
0 0.523611 0.5 0.0694444 1
0 0.374306 0 0.0180556 0
0 0.638194 0 0.0152778 0
0 0.523611 0.5 0.0694444 1
0 0.373611 0 0.0194444 0
0 0.638194 0 0.0152778 0
0 0.523611 0.5 0.0694444 1
0 0.374306 0 0.0180556 0
0 0.638194 0 0.0152778 0
0 0.523611 0.5 0.0694444 1
0 0.374306 0 0.0180556 0
0 0.638194 0 0.0152778 0
0 0.523611 0.5 0.0694444 1
0 0.372917 0 0.0180556 0
0 0.638194 0 0.0152778 0
0 0.523611 0.5 0.0694444 1
0 0.374306 0 0.0180556 0
0 0.638194 0 0.0152778 0
0 0.523611 0.5 0.0694444 1
0 0.373611 0 0.0194444 0
0 0.638194 0 0.0152778 0
0 0.523611 0.5 0.0694444 1
0 0.374306 0 0.0180556 0
0 0.638194 0 0.0152778 0
0 0.523611 0.5 0.0694444 1
0 0.374306 0 0.0180556 0
0 0.6375 0 0.0166667 0
0 0.523611 0.5 0.0694444 1
0 0.374306 0 0.0180556 0
0 0.638194 0 0.0152778 0
0 0.523611 0.5 0.0694444 1
0 0.373611 0 0.0194444 0
0 0.638194 0 0.0152778 0
0 0.523611 0.5 0.0694444 1
0 0.374306 0 0.0180556 0
0 0.638194 0 0.0152778 0
0 0.523611 0.5 0.0694444 1
0 0.372917 0 0.0180556 0
0 0.638194 0 0.0152778 0
0 0.523611 0.5 0.0694444 1
0 0.374306 0 0.0180556 0
0 0.638194 0 0.0152778 0
0 0.523611 0.5 0.0694444 1
0 0.373611 0 0.0194444 0
0 0.638194 0 0.0152778 0
0 0.523611 0.5 0.0694444 1
0 0.374306 0 0.0180556 0
0 0.638194 0 0.0152778 0
0 0.523611 0.5 0.0694444 1
0 0.374306 0 0.0180556 0
0 0.638194 0 0.0152778 0
0 0.523611 0.5 0.0694444 1
0 0.374306 0 0.0180556 0
0 0.638194 0 0.0152778 0
0 0.523611 0.5 0.0694444 1
0 0.372917 0 0.0180556 0
0 0.638194 0 0.0152778 0
0 0.523611 0.5 0.0694444 1
0 0.374306 0 0.0180556 0
0 0.638194 0 0.0152778 0
0 0.523611 0.5 0.0694444 1
0 0.373611 0 0.0194444 0
0 0.638194 0 0.0152778 0
0 0.523611 0.5 0.0694444 1
0 0.374306 0 0.0180556 0
0 0.638194 0 0.0152778 0
0 0.523611 0.5 0.0694444 1
0 0.374306 0 0.0180556 0
0 0.638194 0 0.0152778 0
0 0.523611 0.5 0.0694444 1
0 0.374306 0 0.0180556 0
0 0.638194 0 0.0152778 0
0 0.523611 0.5 0.0694444 1
0 0.374306 0 0.0180556 0
0 0.638194 0 0.0152778 0
0 0.523611 0.5 0.0694444 1
0 0.374306 0 0.0180556 0
0 0.638194 0 0.0152778 0
0 0.523611 0.5 0.0694444 1
0 0.374306 0 0.0180556 0
0 0.638194 0 0.0152778 0
0 0.523611 0.5 0.0694444 1
