0 0.619444 0 0.0138889 0
0 0.511111 0.5 0.0472222 1
0 0.619444 0 0.0138889 0
0 0.511111 0.5 0.0472222 1
0 0.619444 0 0.0138889 0
0 0.511111 0.5 0.0472222 1
0 0.619444 0 0.0138889 0
0 0.511111 0.5 0.0472222 1
0 0.619444 0 0.0138889 0
0 0.511806 0.5 0.0402778 1
0 0.619444 0 0.0138889 0
0 0.511806 0.5 0.0402778 1
0 0.619444 0 0.0138889 0
0 0.511111 0.5 0.0416667 1
0 0.619444 0 0.0138889 0
0 0.511111 0.5 0.0416667 1
0 0.619444 0 0.0138889 0
0 0.511111 0.5 0.0416667 1
0 0.619444 0 0.0138889 0
0 0.511806 0.5 0.0402778 1
0 0.619444 0 0.0138889 0
0 0.511806 0.5 0.0402778 1
0 0.619444 0 0.0138889 0
0 0.511806 0.5 0.0402778 1
0 0.619444 0 0.0138889 0
0 0.511111 0.5 0.0416667 1
0 0.619444 0 0.0138889 0
0 0.511111 0.5 0.0416667 1
0 0.619444 0 0.0138889 0
0 0.511111 0.5 0.0416667 1
0 0.619444 0 0.0138889 0
0 0.511111 0.5 0.0416667 1
0 0.619444 0 0.0138889 0
0 0.511806 0.5 0.0402778 1
0 0.619444 0 0.0138889 0
0 0.5125 0.5 0.0416667 1
0 0.619444 0 0.0138889 0
0 0.5125 0.5 0.0416667 1
0 0.619444 0 0.0138889 0
0 0.513194 0.5 0.0402778 1
0 0.619444 0 0.0138889 0
0 0.513194 0.5 0.0402778 1
0 0.619444 0 0.0138889 0
0 0.513194 0.5 0.0402778 1
0 0.620833 0 0.0194444 0
0 0.513194 0.5 0.0402778 1
0 0.620139 0 0.0152778 0
0 0.513194 0.5 0.0402778 1
0 0.620833 0 0.0194444 0
0 0.513889 0.5 0.0388889 1
0 0.620139 0 0.0152778 0
0 0.513194 0.5 0.0402778 1
0 0.621528 0 0.0180556 0
0 0.513194 0.5 0.0402778 1
0 0.621528 0 0.0180556 0
0 0.513194 0.5 0.0402778 1
0 0.621528 0 0.0180556 0
0 0.513194 0.5 0.0402778 1
0 0.620139 0 0.0208333 0
0 0.513889 0.5 0.0388889 1
0 0.620139 0 0.0180556 0
0 0.513889 0.5 0.0388889 1
0 0.738194 0 0.0125 0
0 0.619444 0 0.0166667 0
0 0.513889 0.5 0.0388889 1
0 0.619444 0 0.0166667 0
0 0.738194 0 0.0125 0
0 0.513889 0.5 0.0388889 1
0 0.619444 0 0.0166667 0
0 0.513889 0.5 0.0388889 1
0 0.619444 0 0.0166667 0
0 0.513889 0.5 0.0388889 1
0 0.619444 0 0.0166667 0
0 0.513889 0.5 0.0388889 1
0 0.619444 0 0.0166667 0
0 0.513889 0.5 0.0388889 1
0 0.619444 0 0.0166667 0
0 0.515278 0.5 0.0388889 1
0 0.388889 0 0.0138889 0
0 0.619444 0 0.0166667 0
0 0.514583 0.5 0.0402778 1
0 0.619444 0 0.0166667 0
0 0.388889 0 0.0138889 0
0 0.514583 0.5 0.0402778 1
0 0.388889 0 0.0138889 0
0 0.620139 0 0.0152778 0
0 0.514583 0.5 0.0402778 1
0 0.619444 0 0.0166667 0
0 0.388889 0 0.0138889 0
0 0.514583 0.5 0.0402778 1
0 0.619444 0 0.0166667 0
0 0.388889 0 0.0138889 0
0 0.514583 0.5 0.0402778 1
0 0.388889 0 0.0138889 0
0 0.514583 0.5 0.0402778 1
0 0.514583 0.5 0.0402778 1
0 0.543056 0 0.0444444 0
0 0.514583 0.5 0.0402778 1
0 0.514583 0.5 0.0402778 1
0 0.514583 0.5 0.0402778 1
0 0.543056 0 0.0444444 0
0 0.388889 0 0.0138889 0
0 0.514583 0.5 0.0402778 1
0 0.515278 0.5 0.0416667 1
0 0.619444 0 0.0166667 0
0 0.543056 0 0.0444444 0
0 0.388889 0 0.0138889 0
0 0.515278 0.5 0.0416667 1
0 0.620139 0 0.0152778 0
0 0.515278 0.5 0.0416667 1
0 0.543056 0 0.0444444 0
0 0.620139 0 0.0152778 0
0 0.388889 0 0.0138889 0
0 0.515278 0.5 0.0416667 1
0 0.515278 0.5 0.0416667 1
0 0.620139 0 0.0152778 0
0 0.543056 0 0.0444444 0
0 0.388889 0 0.0138889 0
0 0.515972 0.5 0.0402778 1
0 0.515972 0.5 0.0402778 1
0 0.543056 0 0.0444444 0
0 0.620139 0 0.0152778 0
0 0.388889 0 0.0138889 0
0 0.515972 0.5 0.0402778 1
0 0.542361 0 0.0430556 0
0 0.388889 0 0.0138889 0
0 0.515972 0.5 0.0402778 1
0 0.620139 0 0.0152778 0
0 0.543056 0 0.0444444 0
0 0.388889 0 0.0138889 0
0 0.515278 0.5 0.0416667 1
0 0.620139 0 0.0152778 0
0 0.515972 0.5 0.0402778 1
0 0.620139 0 0.0152778 0
0 0.388889 0 0.0138889 0
0 0.515972 0.5 0.0402778 1
0 0.620139 0 0.0152778 0
0 0.515972 0.5 0.0402778 1
0 0.543056 0 0.0444444 0
0 0.388889 0 0.0138889 0
0 0.620139 0 0.0152778 0
0 0.515972 0.5 0.0402778 1
0 0.542361 0 0.0430556 0
0 0.620139 0 0.0152778 0
0 0.388889 0 0.0138889 0
0 0.515278 0.5 0.0416667 1
0 0.543056 0 0.0444444 0
0 0.388889 0 0.0138889 0
0 0.515972 0.5 0.0402778 1
0 0.620139 0 0.0152778 0
0 0.515972 0.5 0.0402778 1
0 0.620139 0 0.0152778 0
0 0.388889 0 0.0138889 0
0 0.515972 0.5 0.0402778 1
0 0.543056 0 0.0444444 0
0 0.388889 0 0.0138889 0
0 0.515972 0.5 0.0402778 1
0 0.542361 0 0.0430556 0
0 0.388889 0 0.0138889 0
0 0.620139 0 0.0152778 0
0 0.515972 0.5 0.0402778 1
0 0.388889 0 0.0138889 0
0 0.620139 0 0.0152778 0
0 0.515972 0.5 0.0402778 1
0 0.543056 0 0.0444444 0
0 0.388889 0 0.0138889 0
0 0.515972 0.5 0.0402778 1
0 0.620139 0 0.0152778 0
0 0.515972 0.5 0.0402778 1
0 0.388889 0 0.0138889 0
0 0.620139 0 0.0152778 0
0 0.515972 0.5 0.0402778 1
0 0.388889 0 0.0138889 0
0 0.515972 0.5 0.0402778 1
0 0.620139 0 0.0152778 0
0 0.388889 0 0.0138889 0
0 0.515972 0.5 0.0402778 1
0 0.620139 0 0.0152778 0
0 0.388889 0 0.0138889 0
0 0.515972 0.5 0.0402778 1
0 0.620139 0 0.0152778 0
0 0.388889 0 0.0138889 0
0 0.515972 0.5 0.0402778 1
0 0.620139 0 0.0152778 0
0 0.388889 0 0.0138889 0
0 0.515972 0.5 0.0402778 1
0 0.620139 0 0.0152778 0
0 0.388889 0 0.0138889 0
0 0.515972 0.5 0.0402778 1
0 0.620139 0 0.0152778 0
0 0.388889 0 0.0138889 0
0 0.515972 0.5 0.0402778 1
0 0.620139 0 0.0152778 0
0 0.388889 0 0.0138889 0
0 0.515972 0.5 0.0402778 1
0 0.620139 0 0.0152778 0
0 0.388889 0 0.0138889 0
0 0.515972 0.5 0.0402778 1
0 0.620139 0 0.0152778 0
0 0.388889 0 0.0138889 0
0 0.515972 0.5 0.0402778 1
0 0.620139 0 0.0152778 0
0 0.388889 0 0.0138889 0
0 0.515972 0.5 0.0402778 1
0 0.620139 0 0.0152778 0
0 0.388889 0 0.0138889 0
0 0.515972 0.5 0.0402778 1
0 0.620139 0 0.0152778 0
0 0.388889 0 0.0138889 0
0 0.515972 0.5 0.0402778 1
0 0.515972 0.5 0.0402778 1
0 0.388889 0 0.0138889 0
0 0.515278 0.5 0.0416667 1
0 0.388889 0 0.0138889 0
0 0.515972 0.5 0.0402778 1
0 0.515278 0.5 0.0416667 1
0 0.619444 0 0.0166667 0
0 0.542361 0 0.0430556 0
0 0.515972 0.5 0.0402778 1
0 0.388889 0 0.0138889 0
0 0.515972 0.5 0.0402778 1
0 0.515972 0.5 0.0402778 1
0 0.542361 0 0.0430556 0
0 0.515278 0.5 0.0416667 1
0 0.543056 0 0.0444444 0
0 0.515278 0.5 0.0416667 1
0 0.543056 0 0.0444444 0
0 0.388889 0 0.0138889 0
0 0.515278 0.5 0.0416667 1
0 0.543056 0 0.0444444 0
0 0.515278 0.5 0.0416667 1
0 0.542361 0 0.0430556 0
0 0.514583 0.5 0.0402778 1
0 0.543056 0 0.0444444 0
0 0.515278 0.5 0.0416667 1
0 0.515278 0.5 0.0416667 1
0 0.515278 0.5 0.0416667 1
0 0.515278 0.5 0.0416667 1
0 0.515972 0.5 0.0402778 1
0 0.388889 0 0.0138889 0
0 0.515972 0.5 0.0402778 1
0 0.619444 0 0.0166667 0
0 0.388889 0 0.0138889 0
0 0.515972 0.5 0.0402778 1
0 0.543056 0 0.0444444 0
0 0.388889 0 0.0138889 0
0 0.515972 0.5 0.0402778 1
0 0.619444 0 0.0166667 0
0 0.515972 0.5 0.0402778 1
0 0.619444 0 0.0166667 0
0 0.388889 0 0.0138889 0
0 0.514583 0.5 0.0402778 1
0 0.619444 0 0.0166667 0
0 0.543056 0 0.0444444 0
0 0.388889 0 0.0138889 0
0 0.515278 0.5 0.0416667 1
0 0.543056 0 0.0444444 0
0 0.619444 0 0.0166667 0
0 0.388889 0 0.0138889 0
0 0.515278 0.5 0.0416667 1
0 0.388194 0 0.0152778 0
0 0.515278 0.5 0.0416667 1
0 0.388889 0 0.0138889 0
0 0.619444 0 0.0166667 0
0 0.515278 0.5 0.0416667 1
0 0.543056 0 0.0444444 0
0 0.619444 0 0.0166667 0
0 0.388889 0 0.0138889 0
0 0.515278 0.5 0.0416667 1
0 0.619444 0 0.0166667 0
0 0.388194 0 0.0152778 0
0 0.515278 0.5 0.0416667 1
0 0.388889 0 0.0138889 0
0 0.620139 0 0.0152778 0
0 0.515278 0.5 0.0416667 1
0 0.619444 0 0.0166667 0
0 0.515278 0.5 0.0416667 1
0 0.388889 0 0.0138889 0
0 0.620139 0 0.0152778 0
0 0.515278 0.5 0.0416667 1
0 0.619444 0 0.0166667 0
0 0.388194 0 0.0152778 0
0 0.515278 0.5 0.0416667 1
0 0.620139 0 0.0152778 0
0 0.515278 0.5 0.0416667 1
0 0.619444 0 0.0166667 0
0 0.514583 0.5 0.0402778 1
0 0.619444 0 0.0166667 0
0 0.514583 0.5 0.0402778 1
0 0.388889 0 0.0138889 0
0 0.619444 0 0.0166667 0
0 0.514583 0.5 0.0402778 1
0 0.619444 0 0.0166667 0
0 0.514583 0.5 0.0402778 1
0 0.620139 0 0.0180556 0
0 0.514583 0.5 0.0402778 1
0 0.388889 0 0.0138889 0
0 0.619444 0 0.0166667 0
0 0.514583 0.5 0.0402778 1
0 0.619444 0 0.0166667 0
0 0.514583 0.5 0.0402778 1
0 0.514583 0.5 0.0402778 1
0 0.620139 0 0.0152778 0
0 0.514583 0.5 0.0402778 1
0 0.620139 0 0.0180556 0
0 0.514583 0.5 0.0402778 1
0 0.514583 0.5 0.0402778 1
0 0.514583 0.5 0.0402778 1
0 0.620139 0 0.0180556 0
0 0.514583 0.5 0.0402778 1
0 0.619444 0 0.0166667 0
0 0.738194 0 0.0125 0
0 0.514583 0.5 0.0402778 1
0 0.738194 0 0.0125 0
0 0.620139 0 0.0152778 0
0 0.514583 0.5 0.0402778 1
0 0.619444 0 0.0166667 0
0 0.738194 0 0.0125 0
0 0.514583 0.5 0.0402778 1
0 0.738194 0 0.0125 0
0 0.620139 0 0.0180556 0
0 0.514583 0.5 0.0402778 1
0 0.738194 0 0.0125 0
0 0.620139 0 0.0152778 0
0 0.513889 0.5 0.0388889 1
0 0.619444 0 0.0166667 0
0 0.513889 0.5 0.0388889 1
0 0.620139 0 0.0152778 0
0 0.513889 0.5 0.0388889 1
0 0.513889 0.5 0.0388889 1
0 0.620833 0 0.0194444 0
0 0.513889 0.5 0.0388889 1
0 0.620139 0 0.0180556 0
0 0.513889 0.5 0.0388889 1
0 0.621528 0 0.0180556 0
0 0.513889 0.5 0.0388889 1
0 0.620139 0 0.0180556 0
0 0.513889 0.5 0.0388889 1
0 0.620139 0 0.0180556 0
0 0.513889 0.5 0.0388889 1
0 0.621528 0 0.0180556 0
0 0.513889 0.5 0.0388889 1
0 0.513889 0.5 0.0388889 1
0 0.620833 0 0.0194444 0
0 0.513889 0.5 0.0388889 1
0 0.620833 0 0.0194444 0
0 0.513889 0.5 0.0388889 1
0 0.513889 0.5 0.0388889 1
0 0.619444 0 0.0138889 0
0 0.513889 0.5 0.0388889 1
0 0.513889 0.5 0.0388889 1
0 0.620833 0 0.0194444 0
0 0.513889 0.5 0.0388889 1
0 0.513889 0.5 0.0388889 1
0 0.621528 0 0.0180556 0
0 0.513889 0.5 0.0388889 1
0 0.620833 0 0.0194444 0
0 0.513889 0.5 0.0388889 1
0 0.513889 0.5 0.0388889 1
0 0.620833 0 0.0194444 0
0 0.513889 0.5 0.0388889 1
0 0.513889 0.5 0.0388889 1
0 0.620833 0 0.0194444 0
0 0.513889 0.5 0.0388889 1
0 0.513889 0.5 0.0388889 1
0 0.513889 0.5 0.0388889 1
0 0.513889 0.5 0.0388889 1
0 0.5125 0.5 0.0416667 1
0 0.620833 0 0.0194444 0
0 0.5125 0.5 0.0416667 1
0 0.620833 0 0.0194444 0
0 0.5125 0.5 0.0416667 1
0 0.5125 0.5 0.0416667 1
0 0.5125 0.5 0.0416667 1
0 0.619444 0 0.0138889 0
0 0.5125 0.5 0.0416667 1
0 0.5125 0.5 0.0416667 1
0 0.621528 0 0.0180556 0
0 0.5125 0.5 0.0416667 1
0 0.621528 0 0.0180556 0
0 0.5125 0.5 0.0416667 1
0 0.619444 0 0.0138889 0
0 0.5125 0.5 0.0416667 1
0 0.619444 0 0.0138889 0
0 0.5125 0.5 0.0416667 1
0 0.619444 0 0.0138889 0
0 0.388194 0 0.0152778 0
0 0.5125 0.5 0.0416667 1
0 0.388194 0 0.0152778 0
0 0.619444 0 0.0138889 0
0 0.5125 0.5 0.0416667 1
0 0.388194 0 0.0152778 0
0 0.619444 0 0.0138889 0
0 0.5125 0.5 0.0416667 1
0 0.388194 0 0.0152778 0
0 0.619444 0 0.0138889 0
0 0.5125 0.5 0.0416667 1
0 0.619444 0 0.0138889 0
0 0.5125 0.5 0.0416667 1
0 0.388194 0 0.0152778 0
0 0.619444 0 0.0138889 0
0 0.513194 0.5 0.0402778 1
0 0.619444 0 0.0138889 0
0 0.5125 0.5 0.0416667 1
0 0.388194 0 0.0152778 0
0 0.619444 0 0.0138889 0
0 0.5125 0.5 0.0416667 1
0 0.619444 0 0.0138889 0
0 0.5125 0.5 0.0416667 1
0 0.388194 0 0.0152778 0
0 0.619444 0 0.0138889 0
0 0.5125 0.5 0.0416667 1
0 0.388194 0 0.0152778 0
0 0.619444 0 0.0138889 0
0 0.5125 0.5 0.0416667 1
0 0.619444 0 0.0166667 0
0 0.5125 0.5 0.0416667 1
0 0.619444 0 0.0138889 0
0 0.511806 0.5 0.0402778 1
0 0.619444 0 0.0166667 0
0 0.511806 0.5 0.0402778 1
0 0.61875 0 0.0180556 0
0 0.511806 0.5 0.0402778 1
0 0.511806 0.5 0.0402778 1
0 0.511806 0.5 0.0402778 1
0 0.511806 0.5 0.0402778 1
0 0.511806 0.5 0.0402778 1
0 0.619444 0 0.0166667 0
0 0.511806 0.5 0.0402778 1
0 0.619444 0 0.0166667 0
0 0.511806 0.5 0.0402778 1
0 0.619444 0 0.0166667 0
0 0.511806 0.5 0.0402778 1
0 0.619444 0 0.0166667 0
0 0.511806 0.5 0.0402778 1
0 0.511806 0.5 0.0402778 1
0 0.61875 0 0.0152778 0
0 0.511806 0.5 0.0402778 1
0 0.619444 0 0.0166667 0
0 0.511111 0.5 0.0416667 1
0 0.619444 0 0.0166667 0
0 0.511111 0.5 0.0416667 1
0 0.61875 0 0.0152778 0
0 0.511111 0.5 0.0416667 1
0 0.619444 0 0.0166667 0
0 0.511111 0.5 0.0416667 1
0 0.619444 0 0.0166667 0
0 0.511806 0.5 0.0402778 1
0 0.511111 0.5 0.0416667 1
0 0.511806 0.5 0.0402778 1
0 0.511806 0.5 0.0402778 1
0 0.619444 0 0.0166667 0
0 0.511806 0.5 0.0402778 1
0 0.511806 0.5 0.0402778 1
0 0.511111 0.5 0.0416667 1
0 0.511111 0.5 0.0416667 1
0 0.511111 0.5 0.0416667 1
0 0.511111 0.5 0.0416667 1
0 0.511111 0.5 0.0416667 1
0 0.511111 0.5 0.0416667 1
0 0.511111 0.5 0.0416667 1
0 0.511111 0.5 0.0416667 1
0 0.511111 0.5 0.0416667 1
0 0.511111 0.5 0.0416667 1
0 0.511111 0.5 0.0416667 1
0 0.511111 0.5 0.0416667 1
0 0.511111 0.5 0.0416667 1
0 0.511111 0.5 0.0416667 1
0 0.511111 0.5 0.0416667 1
0 0.511806 0.5 0.0402778 1
0 0.511806 0.5 0.0402778 1
0 0.61875 0 0.0180556 0
0 0.511806 0.5 0.0402778 1
0 0.511806 0.5 0.0402778 1
0 0.618056 0 0.0166667 0
0 0.511806 0.5 0.0402778 1
0 0.618056 0 0.0166667 0
0 0.511806 0.5 0.0402778 1
0 0.3875 0 0.0138889 0
0 0.61875 0 0.0152778 0
0 0.511111 0.5 0.0416667 1
0 0.61875 0 0.0152778 0
0 0.511111 0.5 0.0416667 1
0 0.3875 0 0.0138889 0
0 0.619444 0 0.0138889 0
0 0.511111 0.5 0.0416667 1
0 0.3875 0 0.0138889 0
0 0.61875 0 0.0152778 0
0 0.511111 0.5 0.0416667 1
0 0.619444 0 0.0138889 0
0 0.511111 0.5 0.0416667 1
0 0.619444 0 0.0138889 0
0 0.511111 0.5 0.0416667 1
0 0.619444 0 0.0138889 0
0 0.511111 0.5 0.0416667 1
0 0.3875 0 0.0138889 0
0 0.619444 0 0.0138889 0
0 0.511111 0.5 0.0416667 1
0 0.619444 0 0.0138889 0
0 0.511111 0.5 0.0416667 1
0 0.619444 0 0.0138889 0
0 0.511111 0.5 0.0416667 1
0 0.619444 0 0.0138889 0
0 0.511111 0.5 0.0416667 1
0 0.619444 0 0.0138889 0
0 0.511111 0.5 0.0416667 1
0 0.619444 0 0.0138889 0
0 0.511111 0.5 0.0416667 1
0 0.61875 0 0.0125 0
0 0.511111 0.5 0.0416667 1
0 0.61875 0 0.0125 0
0 0.511111 0.5 0.0416667 1
0 0.61875 0 0.0125 0
0 0.511111 0.5 0.0416667 1
0 0.511806 0.5 0.0402778 1
0 0.511806 0.5 0.0402778 1
0 0.511111 0.5 0.0416667 1
0 0.511111 0.5 0.0416667 1
0 0.511111 0.5 0.0416667 1
0 0.619444 0 0.0138889 0
0 0.511806 0.5 0.0430556 1
0 0.619444 0 0.0138889 0
0 0.511111 0.5 0.0416667 1
0 0.619444 0 0.0138889 0
0 0.511111 0.5 0.0416667 1
0 0.619444 0 0.0138889 0
0 0.511111 0.5 0.0416667 1
0 0.619444 0 0.0138889 0
0 0.511111 0.5 0.0416667 1
0 0.619444 0 0.0138889 0
0 0.511111 0.5 0.0416667 1
0 0.619444 0 0.0138889 0
0 0.511111 0.5 0.0416667 1
0 0.61875 0 0.0152778 0
0 0.511111 0.5 0.0416667 1
0 0.619444 0 0.0138889 0
0 0.511111 0.5 0.0416667 1
0 0.619444 0 0.0138889 0
0 0.511111 0.5 0.0416667 1
0 0.619444 0 0.0138889 0
0 0.511111 0.5 0.0416667 1
0 0.61875 0 0.0152778 0
0 0.511806 0.5 0.0402778 1
0 0.619444 0 0.0138889 0
0 0.511806 0.5 0.0402778 1
0 0.619444 0 0.0138889 0
0 0.511806 0.5 0.0402778 1
0 0.619444 0 0.0138889 0
0 0.511806 0.5 0.0402778 1
0 0.619444 0 0.0138889 0
0 0.511806 0.5 0.0402778 1
0 0.619444 0 0.0138889 0
0 0.511111 0.5 0.0416667 1
0 0.61875 0 0.0152778 0
0 0.511111 0.5 0.0416667 1
0 0.61875 0 0.0152778 0
0 0.511111 0.5 0.0416667 1
0 0.619444 0 0.0138889 0
0 0.511111 0.5 0.0416667 1
0 0.619444 0 0.0138889 0
0 0.511111 0.5 0.0416667 1
0 0.619444 0 0.0138889 0
0 0.5125 0.5 0.0416667 1
0 0.61875 0 0.0152778 0
0 0.5125 0.5 0.0416667 1
0 0.61875 0 0.0152778 0
0 0.5125 0.5 0.0416667 1
0 0.619444 0 0.0138889 0
0 0.5125 0.5 0.0416667 1
0 0.619444 0 0.0138889 0
0 0.5125 0.5 0.0416667 1
0 0.619444 0 0.0138889 0
0 0.5125 0.5 0.0416667 1
0 0.619444 0 0.0138889 0
0 0.5125 0.5 0.0416667 1
0 0.619444 0 0.0138889 0
0 0.511111 0.5 0.0416667 1
0 0.61875 0 0.0152778 0
0 0.511111 0.5 0.0416667 1
0 0.61875 0 0.0152778 0
0 0.511111 0.5 0.0416667 1
0 0.618056 0 0.0138889 0
0 0.511111 0.5 0.0416667 1
0 0.61875 0 0.0152778 0
0 0.5125 0.5 0.0416667 1
0 0.511111 0.5 0.0416667 1
0 0.61875 0 0.0152778 0
0 0.511111 0.5 0.0416667 1
0 0.61875 0 0.0152778 0
0 0.511111 0.5 0.0416667 1
0 0.61875 0 0.0152778 0
0 0.511111 0.5 0.0416667 1
0 0.61875 0 0.0152778 0
0 0.511111 0.5 0.0416667 1
0 0.61875 0 0.0152778 0
0 0.511111 0.5 0.0416667 1
0 0.511111 0.5 0.0416667 1
0 0.61875 0 0.0152778 0
0 0.511111 0.5 0.0416667 1
0 0.61875 0 0.0152778 0
0 0.511111 0.5 0.0416667 1
0 0.61875 0 0.0152778 0
0 0.511111 0.5 0.0416667 1
0 0.61875 0 0.0152778 0
0 0.511111 0.5 0.0416667 1
0 0.511111 0.5 0.0416667 1
0 0.619444 0 0.0138889 0
0 0.511111 0.5 0.0416667 1
0 0.619444 0 0.0138889 0
0 0.511111 0.5 0.0416667 1
0 0.61875 0 0.0152778 0
0 0.511111 0.5 0.0416667 1
0 0.61875 0 0.0152778 0
0 0.511111 0.5 0.0416667 1
0 0.61875 0 0.0152778 0
0 0.511111 0.5 0.0416667 1
0 0.61875 0 0.0125 0
0 0.511111 0.5 0.0416667 1
0 0.61875 0 0.0125 0
0 0.511111 0.5 0.0416667 1
0 0.619444 0 0.0138889 0
0 0.511111 0.5 0.0416667 1
0 0.619444 0 0.0138889 0
0 0.511111 0.5 0.0416667 1
0 0.619444 0 0.0138889 0
0 0.511111 0.5 0.0416667 1
0 0.619444 0 0.0138889 0
0 0.511111 0.5 0.0416667 1
0 0.3875 0 0.0138889 0
0 0.61875 0 0.0152778 0
0 0.511111 0.5 0.0416667 1
0 0.61875 0 0.0152778 0
0 0.511806 0.5 0.0402778 1
0 0.3875 0 0.0138889 0
0 0.619444 0 0.0138889 0
0 0.511806 0.5 0.0402778 1
0 0.619444 0 0.0138889 0
0 0.511806 0.5 0.0402778 1
0 0.619444 0 0.0138889 0
0 0.511806 0.5 0.0402778 1
0 0.3875 0 0.0138889 0
0 0.618056 0 0.0138889 0
0 0.511111 0.5 0.0416667 1
0 0.3875 0 0.0138889 0
0 0.61875 0 0.0125 0
0 0.511806 0.5 0.0402778 1
0 0.61875 0 0.0152778 0
0 0.511806 0.5 0.0402778 1
0 0.3875 0 0.0138889 0
0 0.61875 0 0.0125 0
0 0.511806 0.5 0.0402778 1
0 0.61875 0 0.0125 0
0 0.511806 0.5 0.0402778 1
0 0.619444 0 0.0138889 0
0 0.5125 0.5 0.0416667 1
0 0.3875 0 0.0138889 0
0 0.61875 0 0.0125 0
0 0.5125 0.5 0.0416667 1
0 0.3875 0 0.0138889 0
0 0.619444 0 0.0138889 0
0 0.5125 0.5 0.0416667 1
0 0.619444 0 0.0138889 0
0 0.5125 0.5 0.0416667 1
0 0.619444 0 0.0138889 0
0 0.5125 0.5 0.0416667 1
0 0.3875 0 0.0138889 0
0 0.61875 0 0.0125 0
0 0.5125 0.5 0.0416667 1
0 0.619444 0 0.0138889 0
0 0.5125 0.5 0.0416667 1
0 0.3875 0 0.0138889 0
0 0.619444 0 0.0138889 0
0 0.5125 0.5 0.0416667 1
0 0.3875 0 0.0138889 0
0 0.619444 0 0.0138889 0
0 0.5125 0.5 0.0416667 1
0 0.619444 0 0.0138889 0
0 0.5125 0.5 0.0416667 1
0 0.619444 0 0.0138889 0
0 0.5125 0.5 0.0416667 1
0 0.3875 0 0.0138889 0
0 0.619444 0 0.0138889 0
0 0.5125 0.5 0.0416667 1
0 0.3875 0 0.0138889 0
0 0.619444 0 0.0138889 0
0 0.5125 0.5 0.0416667 1
0 0.3875 0 0.0138889 0
0 0.619444 0 0.0138889 0
0 0.5125 0.5 0.0416667 1
0 0.3875 0 0.0138889 0
0 0.619444 0 0.0138889 0
0 0.5125 0.5 0.0416667 1
0 0.619444 0 0.0138889 0
0 0.5125 0.5 0.0416667 1
0 0.619444 0 0.0138889 0
0 0.5125 0.5 0.0416667 1
0 0.618056 0 0.0138889 0
0 0.3875 0 0.0138889 0
0 0.5125 0.5 0.0416667 1
0 0.618056 0 0.0138889 0
0 0.3875 0 0.0138889 0
0 0.5125 0.5 0.0416667 1
0 0.3875 0 0.0138889 0
0 0.61875 0 0.0152778 0
0 0.5125 0.5 0.0416667 1
0 0.3875 0 0.0138889 0
0 0.619444 0 0.0138889 0
0 0.5125 0.5 0.0416667 1
0 0.61875 0 0.0152778 0
0 0.3875 0 0.0138889 0
0 0.5125 0.5 0.0416667 1
0 0.61875 0 0.0152778 0
0 0.3875 0 0.0138889 0
0 0.5125 0.5 0.0416667 1
0 0.3875 0 0.0138889 0
0 0.619444 0 0.0138889 0
0 0.5125 0.5 0.0416667 1
0 0.619444 0 0.0138889 0
0 0.5125 0.5 0.0416667 1
0 0.619444 0 0.0138889 0
0 0.5125 0.5 0.0416667 1
0 0.3875 0 0.0138889 0
0 0.619444 0 0.0138889 0
0 0.5125 0.5 0.0416667 1
0 0.61875 0 0.0152778 0
0 0.3875 0 0.0138889 0
0 0.5125 0.5 0.0416667 1
0 0.61875 0 0.0152778 0
0 0.3875 0 0.0138889 0
0 0.5125 0.5 0.0416667 1
0 0.61875 0 0.0152778 0
0 0.3875 0 0.0138889 0
0 0.5125 0.5 0.0416667 1
0 0.3875 0 0.0138889 0
0 0.619444 0 0.0138889 0
0 0.5125 0.5 0.0416667 1
0 0.61875 0 0.0152778 0
0 0.3875 0 0.0138889 0
0 0.5125 0.5 0.0416667 1
0 0.619444 0 0.0138889 0
0 0.5125 0.5 0.0416667 1
0 0.3875 0 0.0138889 0
0 0.619444 0 0.0138889 0
0 0.5125 0.5 0.0416667 1
0 0.618056 0 0.0166667 0
0 0.3875 0 0.0138889 0
0 0.5125 0.5 0.0416667 1
0 0.619444 0 0.0138889 0
0 0.5125 0.5 0.0416667 1
0 0.619444 0 0.0138889 0
0 0.5125 0.5 0.0416667 1
0 0.61875 0 0.0152778 0
0 0.5125 0.5 0.0416667 1
0 0.3875 0 0.0138889 0
0 0.5125 0.5 0.0416667 1
0 0.619444 0 0.0138889 0
0 0.5125 0.5 0.0416667 1
0 0.3875 0 0.0138889 0
0 0.619444 0 0.0138889 0
0 0.5125 0.5 0.0416667 1
0 0.61875 0 0.0152778 0
0 0.3875 0 0.0138889 0
0 0.5125 0.5 0.0416667 1
0 0.61875 0 0.0152778 0
0 0.3875 0 0.0138889 0
0 0.5125 0.5 0.0416667 1
0 0.3875 0 0.0138889 0
0 0.619444 0 0.0138889 0
0 0.5125 0.5 0.0416667 1
0 0.3875 0 0.0138889 0
0 0.619444 0 0.0138889 0
0 0.5125 0.5 0.0416667 1
0 0.619444 0 0.0138889 0
0 0.5125 0.5 0.0416667 1
0 0.619444 0 0.0138889 0
0 0.3875 0 0.0138889 0
0 0.5125 0.5 0.0416667 1
0 0.619444 0 0.0138889 0
0 0.3875 0 0.0138889 0
0 0.5125 0.5 0.0416667 1
0 0.61875 0 0.0152778 0
0 0.5125 0.5 0.0416667 1
0 0.61875 0 0.0152778 0
0 0.5125 0.5 0.0416667 1
0 0.619444 0 0.0138889 0
0 0.5125 0.5 0.0416667 1
0 0.619444 0 0.0138889 0
0 0.5125 0.5 0.0416667 1
0 0.619444 0 0.0138889 0
0 0.5125 0.5 0.0416667 1
0 0.619444 0 0.0138889 0
0 0.5125 0.5 0.0416667 1
0 0.619444 0 0.0138889 0
0 0.5125 0.5 0.0416667 1
0 0.61875 0 0.0152778 0
0 0.5125 0.5 0.0416667 1
0 0.619444 0 0.0138889 0
0 0.5125 0.5 0.0416667 1
0 0.619444 0 0.0138889 0
0 0.5125 0.5 0.0416667 1
0 0.619444 0 0.0138889 0
0 0.5125 0.5 0.0416667 1
0 0.619444 0 0.0138889 0
0 0.5125 0.5 0.0416667 1
0 0.5125 0.5 0.0416667 1
0 0.5125 0.5 0.0416667 1
0 0.619444 0 0.0138889 0
0 0.5125 0.5 0.0416667 1
0 0.5125 0.5 0.0416667 1
0 0.5125 0.5 0.0416667 1
0 0.5125 0.5 0.0416667 1
0 0.5125 0.5 0.0416667 1
0 0.5125 0.5 0.0416667 1
0 0.5125 0.5 0.0416667 1
0 0.621528 0 0.0180556 0
0 0.5125 0.5 0.0416667 1
0 0.5125 0.5 0.0416667 1
0 0.620833 0 0.0194444 0
0 0.5125 0.5 0.0416667 1
0 0.5125 0.5 0.0416667 1
0 0.513194 0.5 0.0402778 1
0 0.619444 0 0.0138889 0
0 0.5125 0.5 0.0416667 1
0 0.620139 0 0.0180556 0
0 0.5125 0.5 0.0416667 1
0 0.619444 0 0.0138889 0
0 0.5125 0.5 0.0416667 1
0 0.619444 0 0.0138889 0
0 0.5125 0.5 0.0416667 1
0 0.619444 0 0.0138889 0
0 0.5125 0.5 0.0416667 1
0 0.620139 0 0.0152778 0
0 0.5125 0.5 0.0416667 1
0 0.620139 0 0.0152778 0
0 0.5125 0.5 0.0416667 1
0 0.619444 0 0.0166667 0
0 0.513194 0.5 0.0402778 1
0 0.620833 0 0.0194444 0
0 0.513194 0.5 0.0402778 1
0 0.620139 0 0.0180556 0
0 0.513194 0.5 0.0402778 1
0 0.621528 0 0.0180556 0
0 0.513194 0.5 0.0402778 1
0 0.621528 0 0.0180556 0
0 0.513194 0.5 0.0402778 1
0 0.621528 0 0.0180556 0
0 0.513194 0.5 0.0402778 1
0 0.621528 0 0.0180556 0
0 0.513194 0.5 0.0402778 1
0 0.620139 0 0.0180556 0
0 0.513889 0.5 0.0388889 1
0 0.513889 0.5 0.0388889 1
0 0.621528 0 0.0180556 0
0 0.513889 0.5 0.0388889 1
0 0.513889 0.5 0.0388889 1
0 0.620139 0 0.0180556 0
0 0.513889 0.5 0.0388889 1
0 0.620139 0 0.0180556 0
0 0.513889 0.5 0.0388889 1
0 0.621528 0 0.0180556 0
0 0.513889 0.5 0.0388889 1
0 0.621528 0 0.0180556 0
0 0.513889 0.5 0.0388889 1
0 0.621528 0 0.0180556 0
0 0.513889 0.5 0.0388889 1
0 0.621528 0 0.0180556 0
0 0.513889 0.5 0.0388889 1
0 0.620833 0 0.0222222 0
0 0.513889 0.5 0.0388889 1
0 0.514583 0.5 0.0402778 1
0 0.515278 0.5 0.0388889 1
0 0.620139 0 0.0208333 0
0 0.515278 0.5 0.0388889 1
0 0.515278 0.5 0.0388889 1
0 0.620139 0 0.0208333 0
0 0.515278 0.5 0.0388889 1
0 0.621528 0 0.0208333 0
0 0.515278 0.5 0.0388889 1
0 0.515278 0.5 0.0388889 1
0 0.620833 0 0.0222222 0
0 0.515278 0.5 0.0388889 1
0 0.620139 0 0.0208333 0
0 0.515278 0.5 0.0388889 1
0 0.515278 0.5 0.0388889 1
0 0.620139 0 0.0208333 0
0 0.515278 0.5 0.0388889 1
0 0.621528 0 0.0208333 0
0 0.515278 0.5 0.0388889 1
0 0.620139 0 0.0208333 0
0 0.515278 0.5 0.0388889 1
0 0.515278 0.5 0.0388889 1
0 0.620833 0 0.0194444 0
0 0.515278 0.5 0.0388889 1
0 0.621528 0 0.0208333 0
0 0.515278 0.5 0.0388889 1
0 0.515278 0.5 0.0388889 1
0 0.621528 0 0.0208333 0
0 0.515278 0.5 0.0388889 1
0 0.515278 0.5 0.0388889 1
0 0.621528 0 0.0208333 0
0 0.515278 0.5 0.0388889 1
0 0.621528 0 0.0208333 0
0 0.515278 0.5 0.0388889 1
0 0.620139 0 0.0208333 0
0 0.515278 0.5 0.0388889 1
0 0.515972 0.5 0.0375 1
0 0.388194 0 0.0152778 0
0 0.515972 0.5 0.0402778 1
0 0.388194 0 0.0152778 0
0 0.515972 0.5 0.0402778 1
0 0.620139 0 0.0180556 0
0 0.515972 0.5 0.0402778 1
0 0.620139 0 0.0208333 0
0 0.516667 0.5 0.0388889 1
0 0.515972 0.5 0.0402778 1
0 0.620139 0 0.0180556 0
0 0.516667 0.5 0.0388889 1
0 0.622222 0 0.0194444 0
0 0.516667 0.5 0.0388889 1
0 0.388194 0 0.0152778 0
0 0.516667 0.5 0.0388889 1
0 0.620139 0 0.0180556 0
0 0.516667 0.5 0.0388889 1
0 0.620139 0 0.0180556 0
0 0.516667 0.5 0.0388889 1
0 0.515972 0.5 0.0402778 1
0 0.515972 0.5 0.0402778 1
0 0.516667 0.5 0.0388889 1
0 0.516667 0.5 0.0388889 1
