0 0.570833 0 0.0111111 0
0 0.452778 0.5 0.0277778 1
0 0.570833 0 0.0111111 0
0 0.452778 0.5 0.0277778 1
0 0.570833 0 0.0111111 0
0 0.452778 0.5 0.0277778 1
0 0.571528 0 0.00972222 0
0 0.452778 0.5 0.0277778 1
0 0.570833 0 0.0111111 0
0 0.452778 0.5 0.0277778 1
0 0.570833 0 0.0111111 0
0 0.452778 0.5 0.0277778 1
0 0.570833 0 0.0111111 0
0 0.452778 0.5 0.0277778 1
0 0.570833 0 0.0111111 0
0 0.452778 0.5 0.0277778 1
0 0.570833 0 0.0111111 0
0 0.452778 0.5 0.0277778 1
0 0.570833 0 0.0111111 0
0 0.452778 0.5 0.0277778 1
0 0.570833 0 0.0111111 0
0 0.452778 0.5 0.0277778 1
0 0.570833 0 0.0111111 0
0 0.452778 0.5 0.0277778 1
0 0.570833 0 0.0111111 0
0 0.452778 0.5 0.0277778 1
0 0.570833 0 0.0111111 0
0 0.452778 0.5 0.0277778 1
0 0.570833 0 0.0111111 0
0 0.452778 0.5 0.0277778 1
0 0.570833 0 0.00833333 0
0 0.452778 0.5 0.0277778 1
0 0.570833 0 0.00833333 0
0 0.452778 0.5 0.0277778 1
0 0.570833 0 0.0111111 0
0 0.452778 0.5 0.0277778 1
0 0.570833 0 0.0111111 0
0 0.452778 0.5 0.0277778 1
0 0.570833 0 0.00833333 0
0 0.452778 0.5 0.0277778 1
0 0.570833 0 0.0111111 0
0 0.452778 0.5 0.0277778 1
0 0.570833 0 0.0111111 0
0 0.452778 0.5 0.0277778 1
0 0.570833 0 0.0111111 0
0 0.452778 0.5 0.0277778 1
0 0.570833 0 0.0111111 0
0 0.452778 0.5 0.0277778 1
0 0.570833 0 0.0111111 0
0 0.452778 0.5 0.0277778 1
0 0.570833 0 0.0111111 0
0 0.452778 0.5 0.0277778 1
0 0.571528 0 0.00972222 0
0 0.452778 0.5 0.0277778 1
0 0.452778 0.5 0.0277778 1
0 0.452778 0.5 0.0277778 1
0 0.570833 0 0.0111111 0
0 0.452778 0.5 0.0277778 1
0 0.452778 0.5 0.0277778 1
0 0.453472 0.5 0.0263889 1
0 0.454861 0.5 0.0236111 1
0 0.456944 0.5 0.025 1
0 0.473611 0.5 0.0555556 1
0 0.476389 0.5 0.0527778 1
0 0.577083 0 0.00972222 0
0 0.478472 0.5 0.0541667 1
0 0.480556 0.5 0.0472222 1
0 0.515972 0 0.0319444 0
0 0.585417 0 0.00972222 0
0 0.490972 1 0.0152778 0
0 0.5875 0 0.0111111 0
0 0.492361 1 0.0180556 0
0 0.589583 0 0.00972222 0
0 0.495833 1 0.0222222 0
0 0.498611 1 0.025 0
0 0.501389 1 0.0277778 0
0 0.504167 1 0.0277778 0
0 0.508333 1 0.0277778 0
0 0.408333 0 0.0138889 0
0 0.601389 0 0.0111111 0
0 0.511111 1 0.0277778 0
0 0.514583 1 0.0291667 0
0 0.516667 1 0.0305556 0
0 0.607639 0 0.0125 0
0 0.519444 1 0.0277778 0
0 0.541667 0 0.0361111 0
0 0.409028 0 0.0125 0
0 0.609722 0 0.0111111 0
0 0.522222 1 0.0305556 0
0 0.409722 0 0.0138889 0
0 0.611806 0 0.0125 0
0 0.524306 1 0.0319444 0
0 0.54375 0 0.0375 0
0 0.6125 0 0.0111111 0
0 0.525694 1 0.0319444 0
0 0.526389 1 0.0333333 0
0 0.720139 0 0.0125 0
0 0.527083 1 0.0347222 0
0 0.407639 0 0.0125 0
0 0.615278 0 0.0111111 0
0 0.527778 1 0.0333333 0
0 0.406944 0 0.0138889 0
0 0.615278 0 0.0111111 0
0 0.527778 0.5 0.0333333 1
0 0.615972 0 0.0125 0
0 0.527778 0.5 0.0361111 1
0 0.616667 0 0.0111111 0
0 0.527083 0.5 0.0375 1
0 0.527083 0.5 0.0347222 1
0 0.527778 0.5 0.0361111 1
0 0.526389 0.5 0.0361111 1
0 0.525694 0.5 0.0375 1
0 0.400694 0 0.0125 0
0 0.618056 0 0.0111111 0
0 0.525 0.5 0.0388889 1
0 0.399306 0 0.0125 0
0 0.619444 0 0.0138889 0
0 0.523611 0.5 0.0388889 1
0 0.61875 0 0.0125 0
0 0.523611 0.5 0.0388889 1
0 0.619444 0 0.0138889 0
0 0.522222 0.5 0.0388889 1
0 0.620833 0 0.0166667 0
0 0.521528 0.5 0.0402778 1
0 0.620139 0 0.0152778 0
0 0.520833 0.5 0.0416667 1
0 0.392361 0 0.0152778 0
0 0.620139 0 0.0125 0
0 0.51875 0.5 0.0402778 1
0 0.390278 0 0.0138889 0
0 0.620833 0 0.0138889 0
0 0.517361 0.5 0.0402778 1
0 0.620833 0 0.0138889 0
0 0.515278 0.5 0.0444444 1
0 0.620833 0 0.0166667 0
0 0.514583 0.5 0.0430556 1
0 0.621528 0 0.0152778 0
0 0.513889 0.5 0.0444444 1
0 0.622222 0 0.0138889 0
0 0.513194 0.5 0.0458333 1
0 0.382639 0 0.0152778 0
0 0.622222 0 0.0138889 0
0 0.509722 0.5 0.05 1
0 0.623611 0 0.0138889 0
0 0.508333 0.5 0.05 1
0 0.50625 0 0.0513889 0
0 0.377083 0 0.0152778 0
0 0.624306 0 0.0152778 0
0 0.505556 0 0.0527778 0
0 0.625694 0 0.0152778 0
0 0.502778 0 0.0555556 0
0 0.625694 0 0.0152778 0
0 0.500694 0 0.0597222 0
0 0.373611 0 0.0166667 0
0 0.625694 0 0.0152778 0
0 0.500694 0 0.0597222 0
0 0.371528 0 0.0152778 0
0 0.627083 0 0.0152778 0
0 0.757639 0 0.0152778 0
0 0.499306 0 0.0625 0
0 0.370833 0 0.0166667 0
0 0.238889 0 0.0138889 0
0 0.626389 0 0.0166667 0
0 0.497917 0 0.0625 0
0 0.627778 0 0.0166667 0
0 0.497222 0 0.0638889 0
0 0.761806 0 0.0152778 0
0 0.629167 0 0.0166667 0
0 0.495833 0 0.0638889 0
0 0.7625 0 0.0138889 0
0 0.629167 0 0.0166667 0
0 0.494444 0 0.0666667 0
0 0.763889 0 0.0166667 0
0 0.231944 0 0.0166667 0
0 0.629861 0 0.0180556 0
0 0.49375 0 0.0680556 0
0 0.631944 0 0.0194444 0
0 0.365972 0 0.0180556 0
0 0.492361 0 0.0708333 0
0 0.631944 0 0.0166667 0
0 0.364583 0 0.0180556 0
0 0.491667 0 0.0722222 0
0 0.770139 0 0.0152778 0
0 0.363889 0 0.0166667 0
0 0.632639 0 0.0180556 0
0 0.491667 0 0.075 0
0 0.3625 0 0.0166667 0
0 0.633333 0 0.0166667 0
0 0.491667 0 0.0777778 0
0 0.773611 0 0.0166667 0
0 0.361111 0 0.0166667 0
0 0.633333 0 0.0166667 0
0 0.490972 0 0.0791667 0
0 0.360417 0 0.0180556 0
0 0.774306 0 0.0152778 0
0 0.634028 0 0.0180556 0
0 0.490278 0 0.0805556 0
0 0.359722 0 0.0166667 0
0 0.634722 0 0.0166667 0
0 0.775694 0 0.0152778 0
0 0.488889 0 0.0833333 0
0 0.359028 0 0.0180556 0
0 0.635417 0 0.0180556 0
0 0.777083 0 0.0152778 0
0 0.488889 0 0.0833333 0
0 0.777778 0 0.0166667 0
0 0.359028 0 0.0180556 0
0 0.636111 0 0.0166667 0
0 0.488889 0.5 0.0888889 1
0 0.357639 0 0.0180556 0
0 0.6375 0 0.0166667 0
0 0.488889 0.5 0.0888889 1
0 0.213194 0 0.0180556 0
0 0.357639 0 0.0180556 0
0 0.638194 0 0.0180556 0
0 0.781944 0 0.0166667 0
0 0.488194 0.5 0.0902778 1
0 0.35625 0 0.0180556 0
0 0.783333 0 0.0166667 0
0 0.638194 0 0.0180556 0
0 0.488889 0.5 0.0916667 1
0 0.35625 0 0.0180556 0
0 0.784028 0 0.0180556 0
0 0.639583 0 0.0180556 0
0 0.489583 0.5 0.0958333 1
0 0.354861 0 0.0180556 0
0 0.785417 0 0.0180556 0
0 0.639583 0 0.0180556 0
0 0.488889 0.5 0.0972222 1
0 0.209028 0 0.0180556 0
0 0.354861 0 0.0180556 0
0 0.7875 0 0.0166667 0
0 0.640278 0 0.0194444 0
0 0.489583 0.5 0.101389 1
0 0.206944 0 0.0166667 0
0 0.354167 0 0.0194444 0
0 0.7875 0 0.0166667 0
0 0.640972 0 0.0180556 0
0 0.4875 0.5 0.102778 1
0 0.788194 0 0.0152778 0
0 0.353472 0 0.0180556 0
0 0.641667 0 0.0194444 0
0 0.488194 0.5 0.104167 1
0 0.789583 0 0.0180556 0
0 0.353472 0 0.0180556 0
0 0.641667 0 0.0194444 0
0 0.4875 0.5 0.105556 1
0 0.790972 0 0.0180556 0
0 0.352778 0 0.0194444 0
0 0.642361 0 0.0180556 0
0 0.486806 0.5 0.106944 1
0 0.790972 0 0.0180556 0
0 0.352778 0 0.0194444 0
0 0.642361 0 0.0180556 0
0 0.486806 0.5 0.109722 1
0 0.792361 0 0.0180556 0
0 0.352083 0 0.0180556 0
0 0.64375 0 0.0180556 0
0 0.488194 0.5 0.1125 1
0 0.793056 0 0.0194444 0
0 0.352083 0 0.0180556 0
0 0.64375 0 0.0180556 0
0 0.488194 0.5 0.115278 1
0 0.793056 0 0.0166667 0
0 0.352083 0 0.0180556 0
0 0.64375 0 0.0180556 0
0 0.488194 0.5 0.115278 1
0 0.79375 0 0.0180556 0
0 0.352083 0 0.0180556 0
0 0.64375 0 0.0180556 0
0 0.4875 0.5 0.113889 1
0 0.351389 0 0.0166667 0
0 0.794444 0 0.0166667 0
0 0.644444 0 0.0194444 0
0 0.486806 0.5 0.115278 1
0 0.351389 0 0.0166667 0
0 0.645139 0 0.0180556 0
0 0.4875 0.5 0.113889 1
0 0.795139 0 0.0180556 0
0 0.350694 0 0.0180556 0
0 0.4875 0.5 0.113889 1
0 0.645139 0 0.0180556 0
0 0.35 0 0.0194444 0
0 0.795833 0 0.0166667 0
0 0.645139 0 0.0180556 0
0 0.486806 0.5 0.1125 1
0 0.796528 0 0.0180556 0
0 0.349306 0 0.0180556 0
0 0.645139 0 0.0180556 0
0 0.4875 0.5 0.113889 1
0 0.349306 0 0.0180556 0
0 0.796528 0 0.0180556 0
0 0.645139 0 0.0180556 0
0 0.4875 0.5 0.113889 1
0 0.349306 0 0.0180556 0
0 0.796528 0 0.0180556 0
0 0.488194 0.5 0.115278 1
0 0.645139 0 0.0180556 0
0 0.796528 0 0.0180556 0
0 0.349306 0 0.0180556 0
0 0.645833 0 0.0194444 0
0 0.4875 0.5 0.113889 1
0 0.796528 0 0.0180556 0
0 0.349306 0 0.0180556 0
0 0.4875 0.5 0.113889 1
0 0.645833 0 0.0194444 0
0 0.796528 0 0.0180556 0
0 0.349306 0 0.0180556 0
0 0.486806 0.5 0.1125 1
0 0.645833 0 0.0194444 0
0 0.797222 0 0.0194444 0
0 0.35 0 0.0194444 0
0 0.4875 0.5 0.113889 1
0 0.646528 0 0.0208333 0
0 0.797917 0 0.0180556 0
0 0.349306 0 0.0180556 0
0 0.488194 0.5 0.115278 1
0 0.646528 0 0.0180556 0
0 0.797222 0 0.0194444 0
0 0.35 0 0.0194444 0
0 0.488194 0.5 0.115278 1
0 0.645833 0 0.0194444 0
0 0.797222 0 0.0194444 0
0 0.349306 0 0.0180556 0
0 0.488194 0.5 0.115278 1
0 0.645833 0 0.0194444 0
0 0.552083 0 0.0402778 0
0 0.349306 0 0.0180556 0
0 0.797222 0 0.0194444 0
0 0.488194 0.5 0.115278 1
0 0.646528 0 0.0180556 0
0 0.552083 0 0.0402778 0
0 0.349306 0 0.0180556 0
0 0.797222 0 0.0194444 0
0 0.4875 0.5 0.113889 1
0 0.646528 0 0.0180556 0
0 0.797917 0 0.0180556 0
0 0.646528 0 0.0180556 0
0 0.4875 0.5 0.113889 1
0 0.348611 0 0.0194444 0
0 0.797917 0 0.0180556 0
0 0.4875 0.5 0.113889 1
0 0.646528 0 0.0180556 0
0 0.797222 0 0.0194444 0
0 0.348611 0 0.0194444 0
0 0.646528 0 0.0180556 0
0 0.488194 0.5 0.115278 1
0 0.797222 0 0.0194444 0
0 0.348611 0 0.0194444 0
0 0.488194 0.5 0.115278 1
0 0.645833 0 0.0166667 0
0 0.348611 0 0.0194444 0
0 0.645833 0 0.0166667 0
0 0.4875 0.5 0.113889 1
0 0.349306 0 0.0180556 0
0 0.798611 0 0.0194444 0
0 0.645833 0 0.0166667 0
0 0.4875 0.5 0.113889 1
0 0.798611 0 0.0194444 0
0 0.645833 0 0.0166667 0
0 0.4875 0.5 0.113889 1
0 0.798611 0 0.0194444 0
0 0.646528 0 0.0180556 0
0 0.486111 0.5 0.111111 1
0 0.348611 0 0.0194444 0
0 0.196528 0 0.0180556 0
0 0.798611 0 0.0194444 0
0 0.646528 0 0.0180556 0
0 0.4875 0.5 0.116667 1
0 0.196528 0 0.0180556 0
0 0.348611 0 0.0194444 0
0 0.798611 0 0.0194444 0
0 0.646528 0 0.0208333 0
0 0.4875 0.5 0.116667 1
0 0.196528 0 0.0180556 0
0 0.348611 0 0.0194444 0
0 0.798611 0 0.0194444 0
0 0.4875 0.5 0.116667 1
0 0.646528 0 0.0180556 0
0 0.196528 0 0.0180556 0
0 0.348611 0 0.0194444 0
0 0.798611 0 0.0194444 0
0 0.4875 0.5 0.113889 1
0 0.645833 0 0.0194444 0
0 0.798611 0 0.0194444 0
0 0.347917 0 0.0208333 0
0 0.488194 0.5 0.115278 1
0 0.645833 0 0.0194444 0
0 0.348611 0 0.0194444 0
0 0.799306 0 0.0180556 0
0 0.4875 0.5 0.116667 1
0 0.645833 0 0.0194444 0
0 0.348611 0 0.0194444 0
0 0.798611 0 0.0194444 0
0 0.4875 0.5 0.116667 1
0 0.646528 0 0.0180556 0
0 0.348611 0 0.0194444 0
0 0.798611 0 0.0194444 0
0 0.646528 0 0.0180556 0
0 0.4875 0.5 0.116667 1
0 0.458333 0 0.0277778 0
0 0.348611 0 0.0194444 0
0 0.799306 0 0.0180556 0
0 0.646528 0 0.0180556 0
0 0.4875 0.5 0.116667 1
0 0.799306 0 0.0180556 0
0 0.348611 0 0.0194444 0
0 0.646528 0 0.0180556 0
0 0.4875 0.5 0.116667 1
0 0.799306 0 0.0180556 0
0 0.347917 0 0.0208333 0
0 0.486806 0.5 0.115278 1
0 0.646528 0 0.0180556 0
0 0.798611 0 0.0194444 0
0 0.348611 0 0.0194444 0
0 0.646528 0 0.0180556 0
0 0.4875 0.5 0.116667 1
0 0.798611 0 0.0194444 0
0 0.347917 0 0.0180556 0
0 0.4875 0.5 0.116667 1
0 0.646528 0 0.0180556 0
0 0.798611 0 0.0194444 0
0 0.348611 0 0.0194444 0
0 0.646528 0 0.0180556 0
0 0.4875 0.5 0.116667 1
0 0.196528 0 0.0180556 0
0 0.348611 0 0.0194444 0
0 0.646528 0 0.0180556 0
0 0.4875 0.5 0.116667 1
0 0.798611 0 0.0194444 0
0 0.348611 0 0.0194444 0
0 0.647222 0 0.0194444 0
0 0.4875 0.5 0.116667 1
0 0.347222 0 0.0194444 0
0 0.647222 0 0.0194444 0
0 0.486806 0.5 0.115278 1
0 0.554861 0 0.0402778 0
0 0.195833 0 0.0194444 0
0 0.8 0 0.0194444 0
0 0.347222 0 0.0194444 0
0 0.4875 0.5 0.116667 1
0 0.647917 0 0.0208333 0
0 0.195139 0 0.0180556 0
0 0.800694 0 0.0180556 0
0 0.347917 0 0.0208333 0
0 0.486806 0.5 0.115278 1
0 0.647222 0 0.0194444 0
0 0.194444 0 0.0166667 0
0 0.8 0 0.0166667 0
0 0.347917 0 0.0208333 0
0 0.486806 0.5 0.115278 1
0 0.647222 0 0.0194444 0
0 0.195139 0 0.0180556 0
0 0.8 0 0.0194444 0
0 0.347222 0 0.0194444 0
0 0.4875 0.5 0.116667 1
0 0.647222 0 0.0194444 0
0 0.19375 0 0.0180556 0
0 0.8 0 0.0194444 0
0 0.347222 0 0.0194444 0
0 0.4875 0.5 0.116667 1
0 0.647222 0 0.0194444 0
0 0.8 0 0.0194444 0
0 0.347222 0 0.0194444 0
0 0.486806 0.5 0.118056 1
0 0.647222 0 0.0194444 0
0 0.8 0 0.0166667 0
0 0.347222 0 0.0194444 0
0 0.486111 0.5 0.116667 1
0 0.647222 0 0.0194444 0
0 0.8 0 0.0166667 0
0 0.347222 0 0.0194444 0
0 0.486806 0.5 0.118056 1
0 0.646528 0 0.0180556 0
0 0.194444 0 0.0194444 0
0 0.8 0 0.0166667 0
0 0.347222 0 0.0194444 0
0 0.486111 0.5 0.116667 1
0 0.647222 0 0.0194444 0
0 0.194444 0 0.0194444 0
0 0.8 0 0.0166667 0
0 0.347222 0 0.0194444 0
0 0.646528 0 0.0180556 0
0 0.4875 0.5 0.116667 1
0 0.8 0 0.0166667 0
0 0.347222 0 0.0194444 0
0 0.647222 0 0.0194444 0
0 0.486806 0.5 0.118056 1
0 0.194444 0 0.0194444 0
0 0.8 0 0.0166667 0
0 0.646528 0 0.0180556 0
0 0.346528 0 0.0180556 0
0 0.486806 0.5 0.118056 1
0 0.8 0 0.0194444 0
0 0.346528 0 0.0180556 0
0 0.646528 0 0.0180556 0
0 0.486806 0.5 0.118056 1
0 0.194444 0 0.0194444 0
0 0.800694 0 0.0180556 0
0 0.346528 0 0.0180556 0
0 0.486806 0.5 0.118056 1
0 0.646528 0 0.0180556 0
0 0.19375 0 0.0180556 0
0 0.800694 0 0.0180556 0
0 0.646528 0 0.0180556 0
0 0.486111 0.5 0.116667 1
0 0.346528 0 0.0180556 0
0 0.8 0 0.0194444 0
0 0.347222 0 0.0194444 0
0 0.485417 0.5 0.118056 1
0 0.646528 0 0.0180556 0
0 0.8 0 0.0194444 0
0 0.647222 0 0.0194444 0
0 0.346528 0 0.0180556 0
0 0.485417 0.5 0.118056 1
0 0.8 0 0.0194444 0
0 0.647222 0 0.0194444 0
0 0.346528 0 0.0180556 0
0 0.484028 0.5 0.118056 1
0 0.801389 0 0.0194444 0
0 0.647222 0 0.0194444 0
0 0.347222 0 0.0194444 0
0 0.484028 0.5 0.118056 1
0 0.275694 0 0.00694444 0
0 0.800694 0 0.0180556 0
0 0.347222 0 0.0194444 0
0 0.647222 0 0.0194444 0
0 0.484722 0.5 0.116667 1
0 0.194444 0 0.0194444 0
0 0.647917 0 0.0208333 0
0 0.347222 0 0.0194444 0
0 0.801389 0 0.0194444 0
0 0.483333 0.5 0.116667 1
0 0.801389 0 0.0194444 0
0 0.347222 0 0.0194444 0
0 0.647917 0 0.0208333 0
0 0.484028 0.5 0.115278 1
0 0.347222 0 0.0194444 0
0 0.801389 0 0.0194444 0
0 0.484028 0.5 0.115278 1
0 0.647917 0 0.0208333 0
0 0.346528 0 0.0180556 0
0 0.801389 0 0.0194444 0
0 0.484722 0.5 0.113889 1
0 0.647917 0 0.0208333 0
0 0.347222 0 0.0194444 0
0 0.801389 0 0.0194444 0
0 0.484722 0.5 0.113889 1
0 0.647917 0 0.0208333 0
0 0.347222 0 0.0194444 0
0 0.801389 0 0.0194444 0
0 0.484722 0.5 0.113889 1
0 0.647222 0 0.0194444 0
0 0.346528 0 0.0180556 0
0 0.801389 0 0.0194444 0
0 0.485417 0.5 0.115278 1
0 0.647917 0 0.0208333 0
0 0.346528 0 0.0180556 0
0 0.801389 0 0.0194444 0
0 0.485417 0.5 0.115278 1
0 0.647917 0 0.0208333 0
0 0.346528 0 0.0180556 0
0 0.485417 0.5 0.115278 1
0 0.802083 0 0.0208333 0
0 0.647917 0 0.0208333 0
0 0.346528 0 0.0180556 0
0 0.484722 0.5 0.116667 1
0 0.802778 0 0.0194444 0
0 0.647222 0 0.0194444 0
0 0.346528 0 0.0180556 0
0 0.484722 0.5 0.116667 1
0 0.802778 0 0.0194444 0
0 0.647917 0 0.0208333 0
0 0.346528 0 0.0180556 0
0 0.802778 0 0.0194444 0
0 0.647917 0 0.0208333 0
0 0.484722 0.5 0.116667 1
0 0.346528 0 0.0180556 0
0 0.802778 0 0.0194444 0
0 0.484028 0.5 0.118056 1
0 0.647917 0 0.0208333 0
0 0.346528 0 0.0180556 0
0 0.802778 0 0.0194444 0
0 0.647917 0 0.0208333 0
0 0.484028 0.5 0.118056 1
0 0.346528 0 0.0180556 0
0 0.647917 0 0.0208333 0
0 0.484028 0.5 0.118056 1
0 0.802778 0 0.0194444 0
0 0.346528 0 0.0180556 0
0 0.647917 0 0.0208333 0
0 0.484722 0.5 0.119444 1
0 0.802778 0 0.0194444 0
0 0.346528 0 0.0180556 0
0 0.647917 0 0.0208333 0
0 0.802778 0 0.0194444 0
0 0.484722 0.5 0.119444 1
0 0.346528 0 0.0180556 0
0 0.647917 0 0.0208333 0
0 0.802778 0 0.0194444 0
0 0.484722 0.5 0.119444 1
0 0.346528 0 0.0180556 0
0 0.803472 0 0.0208333 0
0 0.647917 0 0.0208333 0
0 0.484722 0.5 0.119444 1
0 0.803472 0 0.0208333 0
0 0.346528 0 0.0180556 0
0 0.648611 0 0.0194444 0
0 0.484722 0.5 0.119444 1
0 0.803472 0 0.0208333 0
0 0.346528 0 0.0180556 0
0 0.648611 0 0.0194444 0
0 0.484722 0.5 0.119444 1
0 0.803472 0 0.0208333 0
0 0.346528 0 0.0180556 0
0 0.648611 0 0.0194444 0
0 0.485417 0.5 0.118056 1
0 0.346528 0 0.0180556 0
0 0.803472 0 0.0208333 0
0 0.648611 0 0.0194444 0
0 0.485417 0.5 0.120833 1
0 0.803472 0 0.0208333 0
0 0.346528 0 0.0180556 0
0 0.648611 0 0.0194444 0
0 0.485417 0.5 0.120833 1
0 0.803472 0 0.0208333 0
0 0.346528 0 0.0180556 0
0 0.649306 0 0.0208333 0
0 0.486111 0.5 0.119444 1
0 0.803472 0 0.0208333 0
0 0.648611 0 0.0194444 0
0 0.346528 0 0.0180556 0
0 0.485417 0.5 0.120833 1
0 0.804167 0 0.0222222 0
0 0.649306 0 0.0208333 0
0 0.345833 0 0.0194444 0
0 0.486806 0.5 0.120833 1
0 0.804861 0 0.0208333 0
0 0.345833 0 0.0194444 0
0 0.648611 0 0.0194444 0
0 0.486111 0.5 0.119444 1
0 0.804167 0 0.0194444 0
0 0.648611 0 0.0194444 0
0 0.345833 0 0.0194444 0
0 0.486111 0.5 0.122222 1
0 0.257639 0 0.00694444 0
0 0.804861 0 0.0208333 0
0 0.345833 0 0.0194444 0
0 0.648611 0 0.0194444 0
0 0.486111 0.5 0.119444 1
0 0.804861 0 0.0208333 0
0 0.649306 0 0.0180556 0
0 0.345833 0 0.0194444 0
0 0.485417 0.5 0.120833 1
0 0.804167 0 0.0194444 0
0 0.649306 0 0.0180556 0
0 0.345833 0 0.0194444 0
0 0.485417 0.5 0.120833 1
0 0.804167 0 0.0194444 0
0 0.649306 0 0.0208333 0
0 0.485417 0.5 0.120833 1
0 0.345833 0 0.0194444 0
0 0.804861 0 0.0208333 0
0 0.649306 0 0.0208333 0
0 0.345833 0 0.0194444 0
0 0.485417 0.5 0.120833 1
0 0.189583 0 0.0180556 0
0 0.804861 0 0.0208333 0
0 0.649306 0 0.0180556 0
0 0.345833 0 0.0194444 0
0 0.485417 0.5 0.120833 1
0 0.804861 0 0.0208333 0
0 0.345833 0 0.0194444 0
0 0.649306 0 0.0180556 0
0 0.486111 0.5 0.122222 1
0 0.804861 0 0.0208333 0
0 0.649306 0 0.0180556 0
0 0.345833 0 0.0194444 0
0 0.486111 0.5 0.122222 1
0 0.189583 0 0.0180556 0
0 0.804861 0 0.0208333 0
0 0.649306 0 0.0180556 0
0 0.345833 0 0.0194444 0
0 0.486111 0.5 0.122222 1
0 0.189583 0 0.0180556 0
0 0.805556 0 0.0194444 0
0 0.649306 0 0.0180556 0
0 0.486111 0.5 0.122222 1
0 0.345139 0 0.0180556 0
0 0.189583 0 0.0180556 0
0 0.805556 0 0.0194444 0
0 0.649306 0 0.0180556 0
0 0.485417 0.5 0.123611 1
0 0.345139 0 0.0180556 0
0 0.189583 0 0.0180556 0
0 0.805556 0 0.0194444 0
0 0.649306 0 0.0208333 0
0 0.345139 0 0.0180556 0
0 0.486111 0.5 0.122222 1
0 0.189583 0 0.0180556 0
0 0.805556 0 0.0194444 0
0 0.649306 0 0.0180556 0
0 0.345139 0 0.0180556 0
0 0.485417 0.5 0.123611 1
0 0.188889 0 0.0166667 0
0 0.805556 0 0.0194444 0
0 0.649306 0 0.0180556 0
0 0.485417 0.5 0.123611 1
0 0.345139 0 0.0180556 0
0 0.188889 0 0.0166667 0
0 0.80625 0 0.0180556 0
0 0.649306 0 0.0180556 0
0 0.485417 0.5 0.123611 1
0 0.345139 0 0.0180556 0
0 0.188889 0 0.0166667 0
0 0.80625 0 0.0180556 0
0 0.486111 0.5 0.125 1
0 0.345139 0 0.0180556 0
0 0.649306 0 0.0180556 0
0 0.188889 0 0.0166667 0
0 0.80625 0 0.0180556 0
0 0.485417 0.5 0.123611 1
0 0.345139 0 0.0180556 0
0 0.65 0 0.0194444 0
0 0.188194 0 0.0180556 0
0 0.80625 0 0.0208333 0
0 0.485417 0.5 0.126389 1
0 0.650694 0 0.0180556 0
0 0.345139 0 0.0180556 0
0 0.188194 0 0.0180556 0
0 0.80625 0 0.0180556 0
0 0.485417 0.5 0.126389 1
0 0.345139 0 0.0180556 0
0 0.650694 0 0.0180556 0
0 0.188194 0 0.0180556 0
0 0.80625 0 0.0208333 0
0 0.485417 0.5 0.126389 1
0 0.345139 0 0.0180556 0
0 0.65 0 0.0166667 0
0 0.188194 0 0.0180556 0
0 0.806944 0 0.0194444 0
0 0.484722 0.5 0.125 1
0 0.650694 0 0.0180556 0
0 0.345139 0 0.0180556 0
0 0.80625 0 0.0180556 0
0 0.188194 0 0.0180556 0
0 0.485417 0.5 0.126389 1
0 0.650694 0 0.0180556 0
0 0.345139 0 0.0180556 0
0 0.188194 0 0.0180556 0
0 0.806944 0 0.0194444 0
0 0.485417 0.5 0.126389 1
0 0.65 0 0.0194444 0
0 0.345139 0 0.0180556 0
0 0.188194 0 0.0180556 0
0 0.80625 0 0.0180556 0
0 0.485417 0.5 0.126389 1
0 0.345139 0 0.0180556 0
0 0.650694 0 0.0180556 0
0 0.1875 0 0.0194444 0
0 0.80625 0 0.0180556 0
0 0.345139 0 0.0180556 0
0 0.485417 0.5 0.126389 1
0 0.650694 0 0.0180556 0
0 0.1875 0 0.0194444 0
0 0.345139 0 0.0180556 0
0 0.80625 0 0.0180556 0
0 0.485417 0.5 0.126389 1
0 0.650694 0 0.0180556 0
0 0.458333 0 0.0361111 0
0 0.1875 0 0.0194444 0
0 0.80625 0 0.0180556 0
0 0.345139 0 0.0180556 0
0 0.485417 0.5 0.129167 1
0 0.650694 0 0.0180556 0
0 0.1875 0 0.0194444 0
0 0.806944 0 0.0194444 0
0 0.485417 0.5 0.129167 1
0 0.344444 0 0.0166667 0
0 0.650694 0 0.0180556 0
0 0.188194 0 0.0180556 0
0 0.806944 0 0.0194444 0
0 0.485417 0.5 0.129167 1
0 0.344444 0 0.0166667 0
0 0.650694 0 0.0180556 0
0 0.188194 0 0.0180556 0
0 0.806944 0 0.0194444 0
0 0.345139 0 0.0180556 0
0 0.485417 0.5 0.129167 1
0 0.650694 0 0.0180556 0
0 0.188194 0 0.0180556 0
0 0.806944 0 0.0194444 0
0 0.485417 0.5 0.129167 1
0 0.345139 0 0.0180556 0
0 0.650694 0 0.0180556 0
0 0.188194 0 0.0180556 0
0 0.806944 0 0.0194444 0
0 0.485417 0.5 0.129167 1
0 0.345139 0 0.0180556 0
0 0.650694 0 0.0180556 0
0 0.188194 0 0.0180556 0
0 0.554167 0 0.0416667 0
0 0.806944 0 0.0194444 0
0 0.485417 0.5 0.129167 1
0 0.344444 0 0.0166667 0
0 0.650694 0 0.0180556 0
0 0.554167 0 0.0416667 0
0 0.806944 0 0.0194444 0
0 0.486111 0.5 0.130556 1
0 0.344444 0 0.0166667 0
0 0.651389 0 0.0194444 0
0 0.188194 0 0.0180556 0
0 0.807639 0 0.0180556 0
0 0.486111 0.5 0.130556 1
0 0.344444 0 0.0166667 0
0 0.651389 0 0.0194444 0
0 0.188194 0 0.0180556 0
0 0.807639 0 0.0180556 0
0 0.486111 0.5 0.130556 1
0 0.344444 0 0.0166667 0
0 0.651389 0 0.0194444 0
0 0.188194 0 0.0180556 0
0 0.807639 0 0.0180556 0
0 0.486111 0.5 0.130556 1
0 0.344444 0 0.0166667 0
0 0.651389 0 0.0194444 0
0 0.1875 0 0.0194444 0
0 0.554167 0 0.0416667 0
0 0.808333 0 0.0194444 0
0 0.344444 0 0.0166667 0
0 0.486111 0.5 0.130556 1
0 0.651389 0 0.0194444 0
0 0.186806 0 0.0180556 0
0 0.808333 0 0.0194444 0
0 0.344444 0 0.0166667 0
0 0.486111 0.5 0.130556 1
0 0.651389 0 0.0194444 0
0 0.186806 0 0.0180556 0
0 0.808333 0 0.0194444 0
0 0.486111 0.5 0.130556 1
0 0.345139 0 0.0180556 0
0 0.651389 0 0.0194444 0
0 0.458333 0 0.0361111 0
0 0.186806 0 0.0180556 0
0 0.808333 0 0.0194444 0
0 0.345139 0 0.0180556 0
0 0.486111 0.5 0.133333 1
0 0.651389 0 0.0194444 0
0 0.458333 0 0.0361111 0
0 0.186806 0 0.0180556 0
0 0.808333 0 0.0194444 0
0 0.485417 0.5 0.131944 1
0 0.345139 0 0.0180556 0
0 0.651389 0 0.0194444 0
0 0.554861 0 0.0430556 0
0 0.458333 0 0.0361111 0
0 0.186806 0 0.0180556 0
0 0.808333 0 0.0194444 0
0 0.486111 0.5 0.133333 1
0 0.344444 0 0.0194444 0
0 0.651389 0 0.0194444 0
0 0.456944 0 0.0361111 0
0 0.186806 0 0.0180556 0
0 0.34375 0 0.0180556 0
0 0.809028 0 0.0208333 0
0 0.486111 0.5 0.133333 1
0 0.651389 0 0.0194444 0
0 0.456944 0 0.0361111 0
0 0.186806 0 0.0180556 0
0 0.34375 0 0.0180556 0
0 0.808333 0 0.0194444 0
0 0.486111 0.5 0.133333 1
0 0.652083 0 0.0208333 0
0 0.186806 0 0.0180556 0
0 0.456944 0 0.0333333 0
0 0.344444 0 0.0194444 0
0 0.809028 0 0.0208333 0
0 0.485417 0.5 0.134722 1
0 0.652083 0 0.0208333 0
0 0.554861 0 0.0430556 0
0 0.456944 0 0.0333333 0
0 0.186806 0 0.0180556 0
0 0.34375 0 0.0208333 0
0 0.809028 0 0.0208333 0
0 0.486111 0.5 0.133333 1
0 0.652083 0 0.0208333 0
0 0.186806 0 0.0180556 0
0 0.554861 0 0.0430556 0
0 0.34375 0 0.0208333 0
0 0.809028 0 0.0208333 0
0 0.486806 0.5 0.134722 1
0 0.652083 0 0.0208333 0
0 0.554861 0 0.0430556 0
0 0.34375 0 0.0208333 0
0 0.809028 0 0.0208333 0
0 0.486111 0.5 0.136111 1
0 0.652083 0 0.0208333 0
0 0.34375 0 0.0208333 0
0 0.809028 0 0.0208333 0
0 0.554861 0 0.0430556 0
0 0.486111 0.5 0.136111 1
0 0.652083 0 0.0208333 0
0 0.34375 0 0.0208333 0
0 0.554861 0 0.0430556 0
0 0.809722 0 0.0194444 0
0 0.486111 0.5 0.136111 1
0 0.652083 0 0.0208333 0
0 0.554861 0 0.0430556 0
0 0.34375 0 0.0208333 0
0 0.810417 0 0.0208333 0
0 0.486111 0.5 0.136111 1
0 0.652083 0 0.0208333 0
0 0.344444 0 0.0194444 0
0 0.554861 0 0.0430556 0
0 0.809722 0 0.0194444 0
0 0.486111 0.5 0.136111 1
0 0.652083 0 0.0208333 0
0 0.34375 0 0.0208333 0
0 0.554861 0 0.0430556 0
0 0.809722 0 0.0194444 0
0 0.485417 0.5 0.140278 1
0 0.652083 0 0.0208333 0
0 0.554861 0 0.0430556 0
0 0.343056 0 0.0194444 0
0 0.809722 0 0.0194444 0
0 0.486111 0.5 0.141667 1
0 0.652083 0 0.0208333 0
0 0.343056 0 0.0194444 0
0 0.810417 0 0.0208333 0
0 0.486806 0.5 0.140278 1
0 0.652778 0 0.0194444 0
0 0.343056 0 0.0194444 0
0 0.810417 0 0.0208333 0
0 0.486806 0.5 0.140278 1
0 0.652778 0 0.0194444 0
0 0.185417 0 0.0180556 0
0 0.343056 0 0.0194444 0
0 0.810417 0 0.0208333 0
0 0.486806 0.5 0.140278 1
0 0.652778 0 0.0194444 0
0 0.184722 0 0.0194444 0
0 0.810417 0 0.0208333 0
0 0.343056 0 0.0194444 0
0 0.486806 0.5 0.140278 1
0 0.652778 0 0.0194444 0
0 0.184722 0 0.0194444 0
0 0.810417 0 0.0208333 0
0 0.343056 0 0.0194444 0
0 0.486111 0.5 0.138889 1
0 0.652778 0 0.0194444 0
0 0.184722 0 0.0194444 0
0 0.810417 0 0.0208333 0
0 0.341667 0 0.0194444 0
0 0.486111 0.5 0.138889 1
0 0.652778 0 0.0194444 0
0 0.184722 0 0.0194444 0
0 0.809722 0 0.0194444 0
0 0.342361 0 0.0208333 0
0 0.486111 0.5 0.138889 1
0 0.652778 0 0.0194444 0
0 0.184722 0 0.0194444 0
0 0.810417 0 0.0208333 0
0 0.342361 0 0.0208333 0
0 0.486111 0.5 0.138889 1
0 0.652083 0 0.0208333 0
0 0.810417 0 0.0208333 0
0 0.342361 0 0.0180556 0
0 0.486111 0.5 0.138889 1
0 0.652778 0 0.0194444 0
0 0.554861 0 0.0430556 0
0 0.184722 0 0.0194444 0
0 0.810417 0 0.0208333 0
0 0.342361 0 0.0180556 0
0 0.485417 0.5 0.1375 1
0 0.652778 0 0.0194444 0
0 0.456944 0 0.0333333 0
0 0.554861 0 0.0430556 0
0 0.810417 0 0.0208333 0
0 0.184722 0 0.0194444 0
0 0.342361 0 0.0180556 0
0 0.485417 0.5 0.1375 1
0 0.652778 0 0.0194444 0
0 0.554861 0 0.0430556 0
0 0.811111 0 0.0194444 0
0 0.184722 0 0.0194444 0
0 0.342361 0 0.0180556 0
0 0.486111 0.5 0.136111 1
0 0.652778 0 0.0194444 0
0 0.184028 0 0.0180556 0
0 0.810417 0 0.0208333 0
0 0.342361 0 0.0180556 0
0 0.485417 0.5 0.1375 1
0 0.652778 0 0.0194444 0
0 0.184028 0 0.0180556 0
0 0.811111 0 0.0194444 0
0 0.341667 0 0.0194444 0
0 0.485417 0.5 0.1375 1
0 0.652778 0 0.0194444 0
0 0.184028 0 0.0180556 0
0 0.811111 0 0.0194444 0
0 0.342361 0 0.0180556 0
0 0.484722 0.5 0.136111 1
0 0.652778 0 0.0194444 0
0 0.184028 0 0.0180556 0
0 0.811806 0 0.0208333 0
0 0.341667 0 0.0194444 0
0 0.484722 0.5 0.136111 1
0 0.652778 0 0.0194444 0
0 0.811111 0 0.0194444 0
0 0.184028 0 0.0180556 0
0 0.341667 0 0.0194444 0
0 0.484028 0.5 0.1375 1
0 0.652778 0 0.0194444 0
0 0.184028 0 0.0180556 0
0 0.811111 0 0.0194444 0
0 0.484028 0.5 0.140278 1
0 0.342361 0 0.0208333 0
0 0.652778 0 0.0194444 0
0 0.184028 0 0.0180556 0
0 0.811111 0 0.0194444 0
0 0.485417 0.5 0.140278 1
0 0.342361 0 0.0208333 0
0 0.652778 0 0.0194444 0
0 0.184028 0 0.0180556 0
0 0.811111 0 0.0194444 0
0 0.484722 0.5 0.141667 1
0 0.342361 0 0.0208333 0
0 0.652778 0 0.0194444 0
0 0.554861 0 0.0430556 0
0 0.184028 0 0.0180556 0
0 0.485417 0.5 0.140278 1
0 0.811111 0 0.0194444 0
0 0.341667 0 0.0194444 0
0 0.652778 0 0.0194444 0
0 0.184028 0 0.0180556 0
0 0.554861 0 0.0430556 0
0 0.811111 0 0.0194444 0
0 0.484722 0.5 0.141667 1
0 0.342361 0 0.0208333 0
0 0.652778 0 0.0194444 0
0 0.554861 0 0.0430556 0
0 0.183333 0 0.0194444 0
0 0.811111 0 0.0194444 0
0 0.484722 0.5 0.144444 1
0 0.342361 0 0.0208333 0
0 0.652778 0 0.0194444 0
0 0.183333 0 0.0194444 0
0 0.811111 0 0.0194444 0
0 0.484028 0.5 0.143056 1
0 0.342361 0 0.0208333 0
0 0.652778 0 0.0194444 0
0 0.184028 0 0.0180556 0
0 0.811111 0 0.0194444 0
0 0.485417 0.5 0.143056 1
0 0.341667 0 0.0194444 0
0 0.652778 0 0.0194444 0
0 0.183333 0 0.0194444 0
0 0.811111 0 0.0194444 0
0 0.342361 0 0.0208333 0
0 0.485417 0.5 0.145833 1
0 0.652778 0 0.0194444 0
0 0.183333 0 0.0194444 0
0 0.811806 0 0.0208333 0
0 0.485417 0.5 0.145833 1
0 0.341667 0 0.0194444 0
0 0.652778 0 0.0194444 0
0 0.183333 0 0.0194444 0
0 0.341667 0 0.0194444 0
0 0.811806 0 0.0208333 0
0 0.485417 0.5 0.145833 1
0 0.653472 0 0.0208333 0
0 0.341667 0 0.0194444 0
0 0.485417 0.5 0.145833 1
0 0.811806 0 0.0208333 0
0 0.653472 0 0.0208333 0
0 0.342361 0 0.0208333 0
0 0.485417 0.5 0.145833 1
0 0.811806 0 0.0208333 0
0 0.653472 0 0.0208333 0
0 0.485417 0.5 0.145833 1
0 0.342361 0 0.0208333 0
0 0.811806 0 0.0208333 0
0 0.653472 0 0.0208333 0
0 0.341667 0 0.0194444 0
0 0.811806 0 0.0208333 0
0 0.485417 0.5 0.145833 1
0 0.653472 0 0.0208333 0
0 0.342361 0 0.0208333 0
0 0.485417 0.5 0.145833 1
0 0.811806 0 0.0208333 0
0 0.653472 0 0.0208333 0
0 0.341667 0 0.0194444 0
0 0.485417 0.5 0.145833 1
0 0.811806 0 0.0208333 0
0 0.653472 0 0.0208333 0
0 0.341667 0 0.0194444 0
0 0.485417 0.5 0.145833 1
0 0.811806 0 0.0208333 0
0 0.653472 0 0.0208333 0
0 0.341667 0 0.0194444 0
0 0.485417 0.5 0.145833 1
0 0.811806 0 0.0208333 0
0 0.653472 0 0.0208333 0
0 0.485417 0.5 0.145833 1
0 0.342361 0 0.0208333 0
0 0.811806 0 0.0208333 0
0 0.653472 0 0.0208333 0
0 0.341667 0 0.0194444 0
0 0.485417 0.5 0.145833 1
0 0.811806 0 0.0208333 0
0 0.653472 0 0.0208333 0
0 0.341667 0 0.0194444 0
0 0.485417 0.5 0.145833 1
0 0.811806 0 0.0208333 0
0 0.653472 0 0.0208333 0
0 0.341667 0 0.0194444 0
0 0.485417 0.5 0.145833 1
0 0.811806 0 0.0208333 0
0 0.653472 0 0.0208333 0
0 0.341667 0 0.0194444 0
0 0.485417 0.5 0.145833 1
0 0.811806 0 0.0208333 0
0 0.653472 0 0.0208333 0
0 0.341667 0 0.0194444 0
0 0.485417 0.5 0.145833 1
0 0.811806 0 0.0208333 0
0 0.653472 0 0.0208333 0
0 0.485417 0.5 0.145833 1
0 0.341667 0 0.0194444 0
0 0.811806 0 0.0208333 0
0 0.653472 0 0.0208333 0
0 0.341667 0 0.0194444 0
0 0.485417 0.5 0.145833 1
0 0.811806 0 0.0208333 0
0 0.653472 0 0.0208333 0
0 0.341667 0 0.0194444 0
0 0.485417 0.5 0.145833 1
0 0.811806 0 0.0208333 0
0 0.653472 0 0.0208333 0
0 0.341667 0 0.0194444 0
0 0.485417 0.5 0.145833 1
0 0.811806 0 0.0208333 0
0 0.653472 0 0.0208333 0
0 0.485417 0.5 0.145833 1
0 0.342361 0 0.0208333 0
0 0.811806 0 0.0208333 0
0 0.653472 0 0.0208333 0
0 0.342361 0 0.0208333 0
0 0.485417 0.5 0.145833 1
0 0.811806 0 0.0208333 0
0 0.653472 0 0.0208333 0
0 0.342361 0 0.0208333 0
0 0.485417 0.5 0.145833 1
0 0.811806 0 0.0208333 0
0 0.653472 0 0.0208333 0
0 0.485417 0.5 0.145833 1
0 0.811806 0 0.0208333 0
0 0.342361 0 0.0208333 0
0 0.653472 0 0.0208333 0
0 0.342361 0 0.0208333 0
0 0.811806 0 0.0208333 0
0 0.485417 0.5 0.145833 1
0 0.653472 0 0.0208333 0
0 0.341667 0 0.0194444 0
0 0.485417 0.5 0.145833 1
0 0.811806 0 0.0208333 0
0 0.653472 0 0.0208333 0
0 0.341667 0 0.0194444 0
0 0.811806 0 0.0208333 0
0 0.485417 0.5 0.145833 1
0 0.653472 0 0.0208333 0
0 0.341667 0 0.0194444 0
0 0.485417 0.5 0.145833 1
0 0.811806 0 0.0208333 0
0 0.653472 0 0.0208333 0
0 0.341667 0 0.0194444 0
0 0.811806 0 0.0208333 0
0 0.485417 0.5 0.145833 1
0 0.653472 0 0.0208333 0
0 0.341667 0 0.0194444 0
0 0.811806 0 0.0208333 0
0 0.485417 0.5 0.145833 1
0 0.653472 0 0.0208333 0
0 0.341667 0 0.0194444 0
0 0.485417 0.5 0.145833 1
0 0.811806 0 0.0208333 0
0 0.653472 0 0.0208333 0
0 0.341667 0 0.0194444 0
0 0.485417 0.5 0.145833 1
0 0.811806 0 0.0208333 0
0 0.653472 0 0.0208333 0
0 0.341667 0 0.0194444 0
0 0.485417 0.5 0.145833 1
0 0.811806 0 0.0208333 0
0 0.653472 0 0.0208333 0
0 0.341667 0 0.0194444 0
0 0.485417 0.5 0.145833 1
0 0.811806 0 0.0208333 0
0 0.653472 0 0.0208333 0
0 0.341667 0 0.0194444 0
0 0.485417 0.5 0.145833 1
0 0.811806 0 0.0208333 0
0 0.653472 0 0.0208333 0
0 0.342361 0 0.0208333 0
0 0.485417 0.5 0.145833 1
0 0.811806 0 0.0208333 0
0 0.653472 0 0.0208333 0
0 0.341667 0 0.0194444 0
0 0.485417 0.5 0.145833 1
0 0.811806 0 0.0208333 0
0 0.653472 0 0.0208333 0
0 0.342361 0 0.0208333 0
0 0.485417 0.5 0.145833 1
0 0.811806 0 0.0208333 0
0 0.653472 0 0.0208333 0
0 0.341667 0 0.0194444 0
0 0.485417 0.5 0.145833 1
0 0.811806 0 0.0208333 0
0 0.653472 0 0.0208333 0
0 0.341667 0 0.0194444 0
0 0.485417 0.5 0.145833 1
0 0.811806 0 0.0208333 0
0 0.653472 0 0.0208333 0
0 0.341667 0 0.0194444 0
0 0.811806 0 0.0208333 0
0 0.485417 0.5 0.145833 1
0 0.653472 0 0.0208333 0
0 0.341667 0 0.0194444 0
0 0.811806 0 0.0208333 0
0 0.485417 0.5 0.145833 1
0 0.653472 0 0.0208333 0
0 0.341667 0 0.0194444 0
0 0.485417 0.5 0.145833 1
0 0.811806 0 0.0208333 0
0 0.653472 0 0.0208333 0
0 0.341667 0 0.0194444 0
0 0.485417 0.5 0.145833 1
0 0.811806 0 0.0208333 0
0 0.653472 0 0.0208333 0
0 0.342361 0 0.0208333 0
0 0.485417 0.5 0.145833 1
0 0.811806 0 0.0208333 0
0 0.653472 0 0.0208333 0
0 0.342361 0 0.0208333 0
0 0.485417 0.5 0.145833 1
0 0.811806 0 0.0208333 0
0 0.653472 0 0.0208333 0
0 0.263194 0 0.00694444 0
0 0.811806 0 0.0208333 0
0 0.485417 0.5 0.145833 1
0 0.342361 0 0.0208333 0
0 0.653472 0 0.0208333 0
0 0.485417 0.5 0.145833 1
0 0.811806 0 0.0208333 0
0 0.341667 0 0.0194444 0
0 0.653472 0 0.0208333 0
0 0.485417 0.5 0.145833 1
0 0.811806 0 0.0208333 0
0 0.341667 0 0.0194444 0
0 0.653472 0 0.0208333 0
0 0.485417 0.5 0.145833 1
0 0.811806 0 0.0208333 0
0 0.341667 0 0.0194444 0
0 0.653472 0 0.0208333 0
0 0.485417 0.5 0.145833 1
0 0.811806 0 0.0208333 0
0 0.341667 0 0.0194444 0
0 0.653472 0 0.0208333 0
0 0.485417 0.5 0.145833 1
0 0.811806 0 0.0208333 0
0 0.341667 0 0.0194444 0
0 0.653472 0 0.0208333 0
0 0.485417 0.5 0.145833 1
0 0.811806 0 0.0208333 0
0 0.341667 0 0.0194444 0
0 0.653472 0 0.0208333 0
0 0.485417 0.5 0.145833 1
0 0.811806 0 0.0208333 0
0 0.341667 0 0.0194444 0
0 0.653472 0 0.0208333 0
0 0.485417 0.5 0.145833 1
0 0.811806 0 0.0208333 0
0 0.341667 0 0.0194444 0
0 0.653472 0 0.0208333 0
0 0.485417 0.5 0.145833 1
0 0.811806 0 0.0208333 0
0 0.341667 0 0.0194444 0
0 0.653472 0 0.0208333 0
0 0.485417 0.5 0.145833 1
0 0.811806 0 0.0208333 0
0 0.341667 0 0.0194444 0
0 0.653472 0 0.0208333 0
0 0.811806 0 0.0208333 0
0 0.485417 0.5 0.145833 1
0 0.341667 0 0.0194444 0
0 0.653472 0 0.0208333 0
0 0.342361 0 0.0208333 0
0 0.485417 0.5 0.145833 1
0 0.811806 0 0.0208333 0
0 0.653472 0 0.0208333 0
0 0.341667 0 0.0194444 0
0 0.811806 0 0.0208333 0
0 0.485417 0.5 0.145833 1
0 0.653472 0 0.0208333 0
0 0.485417 0.5 0.145833 1
0 0.811806 0 0.0208333 0
0 0.341667 0 0.0194444 0
0 0.653472 0 0.0208333 0
0 0.811806 0 0.0208333 0
0 0.485417 0.5 0.145833 1
0 0.342361 0 0.0208333 0
0 0.653472 0 0.0208333 0
0 0.485417 0.5 0.145833 1
0 0.342361 0 0.0208333 0
0 0.811806 0 0.0208333 0
0 0.653472 0 0.0208333 0
0 0.485417 0.5 0.145833 1
0 0.811806 0 0.0208333 0
0 0.342361 0 0.0208333 0
0 0.653472 0 0.0208333 0
0 0.485417 0.5 0.145833 1
0 0.342361 0 0.0208333 0
0 0.811806 0 0.0208333 0
0 0.653472 0 0.0208333 0
0 0.485417 0.5 0.145833 1
0 0.342361 0 0.0208333 0
0 0.811806 0 0.0208333 0
0 0.653472 0 0.0208333 0
0 0.485417 0.5 0.145833 1
0 0.341667 0 0.0194444 0
0 0.811806 0 0.0208333 0
0 0.653472 0 0.0208333 0
0 0.342361 0 0.0208333 0
0 0.486111 0.5 0.144444 1
0 0.811806 0 0.0208333 0
0 0.653472 0 0.0208333 0
0 0.485417 0.5 0.145833 1
0 0.342361 0 0.0208333 0
0 0.811806 0 0.0208333 0
0 0.653472 0 0.0208333 0
0 0.485417 0.5 0.145833 1
0 0.811806 0 0.0208333 0
0 0.341667 0 0.0194444 0
0 0.653472 0 0.0208333 0
0 0.485417 0.5 0.145833 1
0 0.811806 0 0.0208333 0
0 0.341667 0 0.0194444 0
0 0.653472 0 0.0208333 0
0 0.485417 0.5 0.145833 1
0 0.811806 0 0.0208333 0
0 0.341667 0 0.0194444 0
0 0.653472 0 0.0208333 0
0 0.485417 0.5 0.145833 1
0 0.811806 0 0.0208333 0
0 0.342361 0 0.0208333 0
0 0.653472 0 0.0208333 0
0 0.342361 0 0.0208333 0
0 0.485417 0.5 0.145833 1
0 0.811806 0 0.0208333 0
0 0.653472 0 0.0208333 0
0 0.485417 0.5 0.145833 1
0 0.342361 0 0.0208333 0
0 0.811806 0 0.0208333 0
0 0.653472 0 0.0208333 0
0 0.342361 0 0.0208333 0
0 0.485417 0.5 0.145833 1
0 0.811806 0 0.0208333 0
0 0.653472 0 0.0208333 0
0 0.341667 0 0.0194444 0
0 0.485417 0.5 0.145833 1
0 0.811806 0 0.0208333 0
0 0.653472 0 0.0208333 0
0 0.485417 0.5 0.145833 1
0 0.341667 0 0.0194444 0
0 0.811806 0 0.0208333 0
0 0.653472 0 0.0208333 0
0 0.341667 0 0.0194444 0
0 0.485417 0.5 0.145833 1
0 0.811806 0 0.0208333 0
0 0.653472 0 0.0208333 0
0 0.341667 0 0.0194444 0
0 0.485417 0.5 0.145833 1
0 0.811806 0 0.0208333 0
0 0.653472 0 0.0208333 0
0 0.341667 0 0.0194444 0
0 0.485417 0.5 0.145833 1
0 0.811806 0 0.0208333 0
0 0.653472 0 0.0208333 0
0 0.341667 0 0.0194444 0
0 0.485417 0.5 0.145833 1
0 0.811806 0 0.0208333 0
0 0.653472 0 0.0208333 0
0 0.341667 0 0.0194444 0
0 0.811806 0 0.0208333 0
0 0.485417 0.5 0.145833 1
0 0.653472 0 0.0208333 0
0 0.341667 0 0.0194444 0
0 0.485417 0.5 0.145833 1
0 0.811806 0 0.0208333 0
0 0.653472 0 0.0208333 0
0 0.341667 0 0.0194444 0
0 0.485417 0.5 0.145833 1
0 0.811806 0 0.0208333 0
0 0.653472 0 0.0208333 0
0 0.341667 0 0.0194444 0
0 0.485417 0.5 0.145833 1
0 0.811806 0 0.0208333 0
0 0.653472 0 0.0208333 0
0 0.342361 0 0.0208333 0
0 0.485417 0.5 0.145833 1
0 0.811806 0 0.0208333 0
0 0.653472 0 0.0208333 0
0 0.341667 0 0.0194444 0
0 0.485417 0.5 0.145833 1
0 0.811806 0 0.0208333 0
0 0.653472 0 0.0208333 0
0 0.341667 0 0.0194444 0
0 0.811806 0 0.0208333 0
0 0.485417 0.5 0.145833 1
0 0.653472 0 0.0208333 0
0 0.341667 0 0.0194444 0
0 0.485417 0.5 0.145833 1
0 0.811806 0 0.0208333 0
0 0.653472 0 0.0208333 0
0 0.341667 0 0.0194444 0
0 0.485417 0.5 0.145833 1
0 0.811806 0 0.0208333 0
0 0.653472 0 0.0208333 0
0 0.341667 0 0.0194444 0
0 0.485417 0.5 0.145833 1
0 0.811806 0 0.0208333 0
0 0.653472 0 0.0208333 0
0 0.341667 0 0.0194444 0
0 0.485417 0.5 0.145833 1
0 0.811806 0 0.0208333 0
0 0.653472 0 0.0208333 0
0 0.341667 0 0.0194444 0
0 0.811806 0 0.0208333 0
0 0.485417 0.5 0.145833 1
0 0.653472 0 0.0208333 0
0 0.341667 0 0.0194444 0
0 0.811806 0 0.0208333 0
0 0.485417 0.5 0.145833 1
0 0.653472 0 0.0208333 0
0 0.341667 0 0.0194444 0
0 0.811806 0 0.0208333 0
0 0.485417 0.5 0.145833 1
0 0.653472 0 0.0208333 0
0 0.341667 0 0.0194444 0
0 0.485417 0.5 0.145833 1
0 0.811806 0 0.0208333 0
0 0.653472 0 0.0208333 0
0 0.341667 0 0.0194444 0
0 0.485417 0.5 0.145833 1
0 0.811806 0 0.0208333 0
0 0.653472 0 0.0208333 0
0 0.341667 0 0.0194444 0
0 0.485417 0.5 0.145833 1
0 0.811806 0 0.0208333 0
0 0.653472 0 0.0208333 0
0 0.341667 0 0.0194444 0
0 0.485417 0.5 0.145833 1
0 0.811806 0 0.0208333 0
0 0.653472 0 0.0208333 0
0 0.341667 0 0.0194444 0
0 0.485417 0.5 0.145833 1
0 0.811806 0 0.0208333 0
0 0.653472 0 0.0208333 0
0 0.341667 0 0.0194444 0
0 0.485417 0.5 0.145833 1
0 0.811806 0 0.0208333 0
0 0.653472 0 0.0208333 0
0 0.341667 0 0.0194444 0
0 0.485417 0.5 0.145833 1
0 0.811806 0 0.0208333 0
0 0.653472 0 0.0208333 0
0 0.341667 0 0.0194444 0
0 0.811806 0 0.0208333 0
0 0.485417 0.5 0.145833 1
0 0.653472 0 0.0208333 0
0 0.341667 0 0.0194444 0
0 0.485417 0.5 0.145833 1
0 0.811806 0 0.0208333 0
0 0.653472 0 0.0208333 0
0 0.341667 0 0.0194444 0
0 0.485417 0.5 0.145833 1
0 0.811806 0 0.0208333 0
0 0.653472 0 0.0208333 0
0 0.341667 0 0.0194444 0
0 0.485417 0.5 0.145833 1
0 0.811806 0 0.0208333 0
0 0.653472 0 0.0208333 0
0 0.341667 0 0.0194444 0
0 0.811806 0 0.0208333 0
0 0.485417 0.5 0.145833 1
0 0.653472 0 0.0208333 0
0 0.341667 0 0.0194444 0
0 0.485417 0.5 0.145833 1
0 0.811806 0 0.0208333 0
0 0.653472 0 0.0208333 0
0 0.342361 0 0.0208333 0
0 0.485417 0.5 0.145833 1
0 0.811806 0 0.0208333 0
0 0.653472 0 0.0208333 0
0 0.341667 0 0.0194444 0
0 0.485417 0.5 0.145833 1
0 0.811806 0 0.0208333 0
0 0.653472 0 0.0208333 0
0 0.341667 0 0.0194444 0
0 0.485417 0.5 0.145833 1
0 0.811806 0 0.0208333 0
0 0.653472 0 0.0208333 0
0 0.342361 0 0.0208333 0
0 0.485417 0.5 0.145833 1
0 0.811806 0 0.0208333 0
0 0.653472 0 0.0208333 0
0 0.341667 0 0.0194444 0
0 0.811806 0 0.0208333 0
0 0.485417 0.5 0.145833 1
0 0.653472 0 0.0208333 0
0 0.341667 0 0.0194444 0
0 0.485417 0.5 0.145833 1
0 0.811806 0 0.0208333 0
0 0.653472 0 0.0208333 0
0 0.341667 0 0.0194444 0
0 0.485417 0.5 0.145833 1
0 0.811806 0 0.0208333 0
0 0.653472 0 0.0208333 0
0 0.341667 0 0.0194444 0
0 0.485417 0.5 0.145833 1
0 0.811806 0 0.0208333 0
0 0.653472 0 0.0208333 0
0 0.485417 0.5 0.145833 1
0 0.342361 0 0.0208333 0
0 0.811806 0 0.0208333 0
0 0.653472 0 0.0208333 0
0 0.341667 0 0.0194444 0
0 0.811806 0 0.0208333 0
0 0.485417 0.5 0.145833 1
0 0.653472 0 0.0208333 0
0 0.485417 0.5 0.145833 1
0 0.342361 0 0.0208333 0
0 0.811806 0 0.0208333 0
0 0.653472 0 0.0208333 0
0 0.341667 0 0.0194444 0
0 0.485417 0.5 0.145833 1
0 0.811806 0 0.0208333 0
0 0.653472 0 0.0208333 0
0 0.341667 0 0.0194444 0
0 0.811806 0 0.0208333 0
0 0.485417 0.5 0.145833 1
0 0.653472 0 0.0208333 0
0 0.341667 0 0.0194444 0
0 0.485417 0.5 0.145833 1
0 0.811806 0 0.0208333 0
0 0.653472 0 0.0208333 0
0 0.485417 0.5 0.145833 1
0 0.342361 0 0.0208333 0
0 0.811806 0 0.0208333 0
0 0.653472 0 0.0208333 0
0 0.485417 0.5 0.145833 1
0 0.342361 0 0.0208333 0
0 0.811806 0 0.0208333 0
0 0.653472 0 0.0208333 0
0 0.485417 0.5 0.145833 1
0 0.341667 0 0.0194444 0
0 0.811806 0 0.0208333 0
0 0.653472 0 0.0208333 0
0 0.342361 0 0.0208333 0
0 0.485417 0.5 0.145833 1
0 0.811806 0 0.0208333 0
0 0.653472 0 0.0208333 0
0 0.341667 0 0.0194444 0
0 0.485417 0.5 0.145833 1
0 0.811806 0 0.0208333 0
0 0.653472 0 0.0208333 0
0 0.341667 0 0.0194444 0
0 0.485417 0.5 0.145833 1
0 0.811806 0 0.0208333 0
0 0.653472 0 0.0208333 0
0 0.341667 0 0.0194444 0
0 0.485417 0.5 0.145833 1
0 0.811806 0 0.0208333 0
0 0.653472 0 0.0208333 0
0 0.341667 0 0.0194444 0
0 0.485417 0.5 0.145833 1
0 0.811806 0 0.0208333 0
0 0.653472 0 0.0208333 0
0 0.341667 0 0.0194444 0
0 0.811806 0 0.0208333 0
0 0.485417 0.5 0.145833 1
0 0.653472 0 0.0208333 0
0 0.341667 0 0.0194444 0
0 0.485417 0.5 0.145833 1
0 0.811806 0 0.0208333 0
0 0.653472 0 0.0208333 0
0 0.341667 0 0.0194444 0
0 0.485417 0.5 0.145833 1
0 0.811806 0 0.0208333 0
0 0.653472 0 0.0208333 0
0 0.341667 0 0.0194444 0
0 0.811806 0 0.0208333 0
0 0.485417 0.5 0.145833 1
0 0.653472 0 0.0208333 0
0 0.341667 0 0.0194444 0
0 0.485417 0.5 0.145833 1
0 0.811806 0 0.0208333 0
0 0.653472 0 0.0208333 0
0 0.341667 0 0.0194444 0
0 0.485417 0.5 0.145833 1
0 0.811806 0 0.0208333 0
0 0.653472 0 0.0208333 0
0 0.342361 0 0.0208333 0
0 0.485417 0.5 0.145833 1
0 0.811806 0 0.0208333 0
0 0.653472 0 0.0208333 0
0 0.485417 0.5 0.145833 1
0 0.342361 0 0.0208333 0
0 0.811806 0 0.0208333 0
0 0.653472 0 0.0208333 0
0 0.341667 0 0.0194444 0
0 0.485417 0.5 0.145833 1
0 0.811806 0 0.0208333 0
0 0.653472 0 0.0208333 0
0 0.485417 0.5 0.145833 1
0 0.811806 0 0.0208333 0
0 0.341667 0 0.0194444 0
0 0.653472 0 0.0208333 0
0 0.263194 0 0.00694444 0
0 0.485417 0.5 0.145833 1
0 0.811806 0 0.0208333 0
0 0.341667 0 0.0194444 0
0 0.653472 0 0.0208333 0
0 0.485417 0.5 0.145833 1
0 0.811806 0 0.0208333 0
0 0.341667 0 0.0194444 0
0 0.653472 0 0.0208333 0
0 0.485417 0.5 0.145833 1
0 0.811806 0 0.0208333 0
0 0.341667 0 0.0194444 0
0 0.653472 0 0.0208333 0
0 0.811806 0 0.0208333 0
0 0.485417 0.5 0.145833 1
0 0.341667 0 0.0194444 0
0 0.653472 0 0.0208333 0
0 0.485417 0.5 0.145833 1
0 0.811806 0 0.0208333 0
0 0.341667 0 0.0194444 0
0 0.653472 0 0.0208333 0
0 0.485417 0.5 0.145833 1
0 0.811806 0 0.0208333 0
0 0.341667 0 0.0194444 0
0 0.653472 0 0.0208333 0
0 0.485417 0.5 0.145833 1
0 0.811806 0 0.0208333 0
0 0.341667 0 0.0194444 0
0 0.653472 0 0.0208333 0
0 0.342361 0 0.0208333 0
0 0.485417 0.5 0.145833 1
0 0.811806 0 0.0208333 0
0 0.653472 0 0.0208333 0
0 0.485417 0.5 0.145833 1
0 0.811806 0 0.0208333 0
0 0.342361 0 0.0208333 0
0 0.653472 0 0.0208333 0
0 0.485417 0.5 0.145833 1
0 0.811806 0 0.0208333 0
0 0.342361 0 0.0208333 0
0 0.653472 0 0.0208333 0
0 0.485417 0.5 0.145833 1
0 0.811806 0 0.0208333 0
0 0.342361 0 0.0208333 0
0 0.653472 0 0.0208333 0
0 0.485417 0.5 0.145833 1
0 0.341667 0 0.0194444 0
0 0.811806 0 0.0208333 0
0 0.653472 0 0.0208333 0
0 0.342361 0 0.0208333 0
0 0.485417 0.5 0.145833 1
0 0.811806 0 0.0208333 0
0 0.653472 0 0.0208333 0
0 0.341667 0 0.0194444 0
0 0.811806 0 0.0208333 0
0 0.485417 0.5 0.145833 1
0 0.653472 0 0.0208333 0
0 0.485417 0.5 0.145833 1
0 0.342361 0 0.0208333 0
0 0.811806 0 0.0208333 0
0 0.653472 0 0.0208333 0
0 0.811806 0 0.0208333 0
0 0.485417 0.5 0.145833 1
0 0.342361 0 0.0208333 0
0 0.653472 0 0.0208333 0
0 0.26875 0 0.00694444 0
0 0.485417 0.5 0.145833 1
0 0.811806 0 0.0208333 0
0 0.342361 0 0.0208333 0
0 0.653472 0 0.0208333 0
0 0.811806 0 0.0208333 0
0 0.485417 0.5 0.145833 1
0 0.342361 0 0.0208333 0
0 0.653472 0 0.0208333 0
0 0.485417 0.5 0.145833 1
0 0.341667 0 0.0194444 0
0 0.811806 0 0.0208333 0
0 0.653472 0 0.0208333 0
0 0.485417 0.5 0.145833 1
0 0.811806 0 0.0208333 0
0 0.341667 0 0.0194444 0
0 0.653472 0 0.0208333 0
0 0.341667 0 0.0194444 0
0 0.485417 0.5 0.145833 1
0 0.811806 0 0.0208333 0
0 0.653472 0 0.0208333 0
0 0.485417 0.5 0.145833 1
0 0.342361 0 0.0208333 0
0 0.811806 0 0.0208333 0
0 0.653472 0 0.0208333 0
0 0.485417 0.5 0.145833 1
0 0.342361 0 0.0208333 0
0 0.811806 0 0.0208333 0
0 0.653472 0 0.0208333 0
0 0.341667 0 0.0194444 0
0 0.811806 0 0.0208333 0
0 0.485417 0.5 0.145833 1
0 0.653472 0 0.0208333 0
0 0.485417 0.5 0.145833 1
0 0.342361 0 0.0208333 0
0 0.811806 0 0.0208333 0
0 0.653472 0 0.0208333 0
0 0.342361 0 0.0208333 0
0 0.485417 0.5 0.145833 1
0 0.811806 0 0.0208333 0
0 0.653472 0 0.0208333 0
0 0.342361 0 0.0208333 0
0 0.485417 0.5 0.145833 1
0 0.811806 0 0.0208333 0
0 0.653472 0 0.0208333 0
0 0.342361 0 0.0208333 0
0 0.485417 0.5 0.145833 1
0 0.811806 0 0.0208333 0
0 0.653472 0 0.0208333 0
0 0.341667 0 0.0194444 0
0 0.811806 0 0.0208333 0
0 0.485417 0.5 0.145833 1
0 0.653472 0 0.0208333 0
0 0.341667 0 0.0194444 0
0 0.485417 0.5 0.145833 1
0 0.811806 0 0.0208333 0
0 0.653472 0 0.0208333 0
0 0.341667 0 0.0194444 0
0 0.811806 0 0.0208333 0
0 0.485417 0.5 0.145833 1
0 0.653472 0 0.0208333 0
0 0.341667 0 0.0194444 0
0 0.485417 0.5 0.145833 1
0 0.811806 0 0.0208333 0
0 0.653472 0 0.0208333 0
0 0.341667 0 0.0194444 0
0 0.485417 0.5 0.145833 1
0 0.811806 0 0.0208333 0
0 0.653472 0 0.0208333 0
0 0.341667 0 0.0194444 0
0 0.811806 0 0.0208333 0
0 0.485417 0.5 0.145833 1
0 0.653472 0 0.0208333 0
0 0.341667 0 0.0194444 0
0 0.485417 0.5 0.145833 1
0 0.811806 0 0.0208333 0
0 0.653472 0 0.0208333 0
0 0.341667 0 0.0194444 0
0 0.485417 0.5 0.145833 1
0 0.811806 0 0.0208333 0
0 0.653472 0 0.0208333 0
0 0.341667 0 0.0194444 0
0 0.485417 0.5 0.145833 1
0 0.811806 0 0.0208333 0
0 0.653472 0 0.0208333 0
0 0.341667 0 0.0194444 0
0 0.485417 0.5 0.145833 1
0 0.811806 0 0.0208333 0
0 0.653472 0 0.0208333 0
0 0.341667 0 0.0194444 0
0 0.811806 0 0.0208333 0
0 0.485417 0.5 0.145833 1
0 0.653472 0 0.0208333 0
0 0.341667 0 0.0194444 0
0 0.811806 0 0.0208333 0
0 0.485417 0.5 0.145833 1
0 0.653472 0 0.0208333 0
0 0.342361 0 0.0208333 0
0 0.485417 0.5 0.145833 1
0 0.811806 0 0.0208333 0
0 0.653472 0 0.0208333 0
0 0.341667 0 0.0194444 0
0 0.485417 0.5 0.145833 1
0 0.811806 0 0.0208333 0
0 0.653472 0 0.0208333 0
0 0.341667 0 0.0194444 0
0 0.485417 0.5 0.145833 1
0 0.811806 0 0.0208333 0
0 0.653472 0 0.0208333 0
0 0.342361 0 0.0208333 0
0 0.485417 0.5 0.145833 1
0 0.811806 0 0.0208333 0
0 0.653472 0 0.0208333 0
0 0.341667 0 0.0194444 0
0 0.811806 0 0.0208333 0
0 0.485417 0.5 0.145833 1
0 0.653472 0 0.0208333 0
0 0.341667 0 0.0194444 0
0 0.485417 0.5 0.145833 1
0 0.811806 0 0.0208333 0
0 0.653472 0 0.0208333 0
0 0.341667 0 0.0194444 0
0 0.811806 0 0.0208333 0
0 0.485417 0.5 0.145833 1
0 0.653472 0 0.0208333 0
0 0.341667 0 0.0194444 0
0 0.811806 0 0.0208333 0
0 0.485417 0.5 0.145833 1
0 0.653472 0 0.0208333 0
0 0.341667 0 0.0194444 0
0 0.485417 0.5 0.145833 1
0 0.811806 0 0.0208333 0
0 0.653472 0 0.0208333 0
0 0.341667 0 0.0194444 0
0 0.485417 0.5 0.145833 1
0 0.811806 0 0.0208333 0
0 0.653472 0 0.0208333 0
0 0.485417 0.5 0.145833 1
0 0.811806 0 0.0208333 0
0 0.342361 0 0.0208333 0
0 0.653472 0 0.0208333 0
0 0.342361 0 0.0208333 0
0 0.485417 0.5 0.145833 1
0 0.811806 0 0.0208333 0
0 0.653472 0 0.0208333 0
0 0.342361 0 0.0208333 0
0 0.485417 0.5 0.145833 1
0 0.811806 0 0.0208333 0
0 0.653472 0 0.0208333 0
0 0.341667 0 0.0194444 0
0 0.485417 0.5 0.145833 1
0 0.811806 0 0.0208333 0
0 0.653472 0 0.0208333 0
0 0.341667 0 0.0194444 0
0 0.485417 0.5 0.145833 1
0 0.811806 0 0.0208333 0
0 0.653472 0 0.0208333 0
0 0.485417 0.5 0.145833 1
0 0.341667 0 0.0194444 0
0 0.811806 0 0.0208333 0
0 0.653472 0 0.0208333 0
0 0.341667 0 0.0194444 0
0 0.485417 0.5 0.145833 1
0 0.811806 0 0.0208333 0
0 0.653472 0 0.0208333 0
0 0.341667 0 0.0194444 0
0 0.485417 0.5 0.145833 1
0 0.811806 0 0.0208333 0
0 0.653472 0 0.0208333 0
0 0.341667 0 0.0194444 0
0 0.485417 0.5 0.145833 1
0 0.811806 0 0.0208333 0
0 0.653472 0 0.0208333 0
0 0.341667 0 0.0194444 0
0 0.485417 0.5 0.145833 1
0 0.811806 0 0.0208333 0
0 0.653472 0 0.0208333 0
0 0.342361 0 0.0208333 0
0 0.485417 0.5 0.145833 1
0 0.811806 0 0.0208333 0
0 0.653472 0 0.0208333 0
0 0.341667 0 0.0194444 0
0 0.485417 0.5 0.145833 1
0 0.811806 0 0.0208333 0
0 0.653472 0 0.0208333 0
0 0.341667 0 0.0194444 0
0 0.485417 0.5 0.145833 1
0 0.811806 0 0.0208333 0
0 0.653472 0 0.0208333 0
0 0.485417 0.5 0.145833 1
0 0.342361 0 0.0208333 0
0 0.811806 0 0.0208333 0
0 0.653472 0 0.0208333 0
0 0.341667 0 0.0194444 0
0 0.485417 0.5 0.145833 1
0 0.811806 0 0.0208333 0
0 0.653472 0 0.0208333 0
0 0.341667 0 0.0194444 0
0 0.485417 0.5 0.145833 1
0 0.811806 0 0.0208333 0
0 0.653472 0 0.0208333 0
0 0.341667 0 0.0194444 0
0 0.485417 0.5 0.145833 1
0 0.811806 0 0.0208333 0
0 0.653472 0 0.0208333 0
0 0.342361 0 0.0208333 0
0 0.485417 0.5 0.145833 1
0 0.811806 0 0.0208333 0
0 0.653472 0 0.0208333 0
0 0.485417 0.5 0.145833 1
0 0.342361 0 0.0208333 0
0 0.811806 0 0.0208333 0
0 0.653472 0 0.0208333 0
0 0.485417 0.5 0.145833 1
0 0.341667 0 0.0194444 0
0 0.811806 0 0.0208333 0
0 0.653472 0 0.0208333 0
0 0.341667 0 0.0194444 0
0 0.485417 0.5 0.145833 1
0 0.811806 0 0.0208333 0
0 0.653472 0 0.0208333 0
0 0.342361 0 0.0208333 0
0 0.485417 0.5 0.145833 1
0 0.811806 0 0.0208333 0
0 0.653472 0 0.0208333 0
0 0.342361 0 0.0208333 0
0 0.811806 0 0.0208333 0
0 0.485417 0.5 0.145833 1
0 0.653472 0 0.0208333 0
0 0.342361 0 0.0208333 0
0 0.485417 0.5 0.145833 1
0 0.811806 0 0.0208333 0
0 0.653472 0 0.0208333 0
0 0.341667 0 0.0194444 0
0 0.811806 0 0.0208333 0
0 0.485417 0.5 0.145833 1
0 0.653472 0 0.0208333 0
0 0.341667 0 0.0194444 0
0 0.485417 0.5 0.145833 1
0 0.811806 0 0.0208333 0
0 0.653472 0 0.0208333 0
0 0.341667 0 0.0194444 0
0 0.485417 0.5 0.145833 1
0 0.811806 0 0.0208333 0
0 0.653472 0 0.0208333 0
0 0.341667 0 0.0194444 0
0 0.485417 0.5 0.145833 1
0 0.811806 0 0.0208333 0
0 0.653472 0 0.0208333 0
0 0.341667 0 0.0194444 0
0 0.811806 0 0.0208333 0
0 0.485417 0.5 0.145833 1
0 0.653472 0 0.0208333 0
0 0.341667 0 0.0194444 0
0 0.485417 0.5 0.145833 1
0 0.811806 0 0.0208333 0
0 0.653472 0 0.0208333 0
0 0.341667 0 0.0194444 0
0 0.485417 0.5 0.145833 1
0 0.811806 0 0.0208333 0
0 0.653472 0 0.0208333 0
0 0.341667 0 0.0194444 0
0 0.485417 0.5 0.145833 1
0 0.811806 0 0.0208333 0
0 0.653472 0 0.0208333 0
0 0.341667 0 0.0194444 0
0 0.485417 0.5 0.145833 1
0 0.811806 0 0.0208333 0
0 0.653472 0 0.0208333 0
0 0.341667 0 0.0194444 0
0 0.485417 0.5 0.145833 1
0 0.811806 0 0.0208333 0
0 0.653472 0 0.0208333 0
0 0.341667 0 0.0194444 0
0 0.485417 0.5 0.145833 1
0 0.811806 0 0.0208333 0
0 0.653472 0 0.0208333 0
0 0.341667 0 0.0194444 0
0 0.485417 0.5 0.145833 1
0 0.811806 0 0.0208333 0
0 0.653472 0 0.0208333 0
0 0.341667 0 0.0194444 0
0 0.811806 0 0.0208333 0
0 0.485417 0.5 0.145833 1
0 0.653472 0 0.0208333 0
0 0.341667 0 0.0194444 0
0 0.485417 0.5 0.145833 1
0 0.811806 0 0.0208333 0
0 0.653472 0 0.0208333 0
0 0.342361 0 0.0208333 0
0 0.811806 0 0.0208333 0
0 0.485417 0.5 0.145833 1
0 0.653472 0 0.0208333 0
0 0.341667 0 0.0194444 0
0 0.485417 0.5 0.145833 1
0 0.811806 0 0.0208333 0
0 0.653472 0 0.0208333 0
0 0.342361 0 0.0208333 0
0 0.485417 0.5 0.145833 1
0 0.811806 0 0.0208333 0
0 0.653472 0 0.0208333 0
0 0.341667 0 0.0194444 0
0 0.485417 0.5 0.145833 1
0 0.811806 0 0.0208333 0
0 0.653472 0 0.0208333 0
0 0.485417 0.5 0.145833 1
0 0.811806 0 0.0208333 0
0 0.341667 0 0.0194444 0
0 0.653472 0 0.0208333 0
0 0.485417 0.5 0.145833 1
0 0.811806 0 0.0208333 0
0 0.341667 0 0.0194444 0
0 0.653472 0 0.0208333 0
0 0.341667 0 0.0194444 0
0 0.485417 0.5 0.145833 1
0 0.811806 0 0.0208333 0
0 0.653472 0 0.0208333 0
0 0.485417 0.5 0.145833 1
0 0.811806 0 0.0208333 0
0 0.341667 0 0.0194444 0
0 0.653472 0 0.0208333 0
0 0.485417 0.5 0.145833 1
0 0.811806 0 0.0208333 0
0 0.341667 0 0.0194444 0
0 0.653472 0 0.0208333 0
0 0.485417 0.5 0.145833 1
0 0.811806 0 0.0208333 0
0 0.341667 0 0.0194444 0
0 0.653472 0 0.0208333 0
0 0.485417 0.5 0.145833 1
0 0.811806 0 0.0208333 0
0 0.341667 0 0.0194444 0
0 0.653472 0 0.0208333 0
0 0.485417 0.5 0.145833 1
0 0.811806 0 0.0208333 0
0 0.341667 0 0.0194444 0
0 0.653472 0 0.0208333 0
0 0.485417 0.5 0.145833 1
0 0.811806 0 0.0208333 0
0 0.341667 0 0.0194444 0
0 0.653472 0 0.0208333 0
0 0.485417 0.5 0.145833 1
0 0.341667 0 0.0194444 0
0 0.811806 0 0.0208333 0
0 0.653472 0 0.0208333 0
0 0.811806 0 0.0208333 0
0 0.485417 0.5 0.145833 1
0 0.341667 0 0.0194444 0
0 0.653472 0 0.0208333 0
0 0.811806 0 0.0208333 0
0 0.485417 0.5 0.145833 1
0 0.341667 0 0.0194444 0
0 0.653472 0 0.0208333 0
0 0.485417 0.5 0.145833 1
0 0.811806 0 0.0208333 0
0 0.341667 0 0.0194444 0
0 0.653472 0 0.0208333 0
0 0.485417 0.5 0.145833 1
0 0.811806 0 0.0208333 0
0 0.341667 0 0.0194444 0
0 0.653472 0 0.0208333 0
0 0.485417 0.5 0.145833 1
0 0.811806 0 0.0208333 0
0 0.342361 0 0.0208333 0
0 0.653472 0 0.0208333 0
0 0.485417 0.5 0.145833 1
0 0.811806 0 0.0208333 0
0 0.342361 0 0.0208333 0
0 0.653472 0 0.0208333 0
0 0.811806 0 0.0208333 0
0 0.342361 0 0.0208333 0
0 0.485417 0.5 0.145833 1
0 0.653472 0 0.0208333 0
0 0.342361 0 0.0208333 0
0 0.485417 0.5 0.145833 1
0 0.811806 0 0.0208333 0
0 0.653472 0 0.0208333 0
0 0.342361 0 0.0208333 0
0 0.485417 0.5 0.145833 1
0 0.811806 0 0.0208333 0
0 0.653472 0 0.0208333 0
0 0.341667 0 0.0194444 0
0 0.485417 0.5 0.145833 1
0 0.811806 0 0.0208333 0
0 0.653472 0 0.0208333 0
0 0.485417 0.5 0.145833 1
0 0.811806 0 0.0208333 0
0 0.342361 0 0.0208333 0
0 0.653472 0 0.0208333 0
0 0.342361 0 0.0208333 0
0 0.485417 0.5 0.145833 1
0 0.811806 0 0.0208333 0
0 0.653472 0 0.0208333 0
0 0.485417 0.5 0.145833 1
0 0.342361 0 0.0208333 0
0 0.811806 0 0.0208333 0
0 0.653472 0 0.0208333 0
0 0.485417 0.5 0.145833 1
0 0.811806 0 0.0208333 0
0 0.341667 0 0.0194444 0
0 0.653472 0 0.0208333 0
0 0.485417 0.5 0.145833 1
0 0.811806 0 0.0208333 0
0 0.341667 0 0.0194444 0
0 0.653472 0 0.0208333 0
0 0.485417 0.5 0.145833 1
0 0.811806 0 0.0208333 0
0 0.341667 0 0.0194444 0
0 0.653472 0 0.0208333 0
0 0.811806 0 0.0208333 0
0 0.485417 0.5 0.145833 1
0 0.341667 0 0.0194444 0
0 0.653472 0 0.0208333 0
0 0.485417 0.5 0.145833 1
0 0.811806 0 0.0208333 0
0 0.341667 0 0.0194444 0
0 0.653472 0 0.0208333 0
0 0.341667 0 0.0194444 0
0 0.485417 0.5 0.145833 1
0 0.811806 0 0.0208333 0
0 0.653472 0 0.0208333 0
0 0.485417 0.5 0.145833 1
0 0.342361 0 0.0208333 0
0 0.811806 0 0.0208333 0
0 0.653472 0 0.0208333 0
0 0.341667 0 0.0194444 0
0 0.485417 0.5 0.145833 1
0 0.811806 0 0.0208333 0
0 0.653472 0 0.0208333 0
0 0.341667 0 0.0194444 0
0 0.485417 0.5 0.145833 1
0 0.811806 0 0.0208333 0
0 0.653472 0 0.0208333 0
0 0.341667 0 0.0194444 0
0 0.485417 0.5 0.145833 1
0 0.811806 0 0.0208333 0
0 0.653472 0 0.0208333 0
0 0.341667 0 0.0194444 0
0 0.485417 0.5 0.145833 1
0 0.811806 0 0.0208333 0
0 0.653472 0 0.0208333 0
0 0.341667 0 0.0194444 0
0 0.485417 0.5 0.145833 1
0 0.811806 0 0.0208333 0
0 0.653472 0 0.0208333 0
0 0.341667 0 0.0194444 0
0 0.485417 0.5 0.145833 1
0 0.811806 0 0.0208333 0
0 0.653472 0 0.0208333 0
0 0.341667 0 0.0194444 0
0 0.485417 0.5 0.145833 1
0 0.811806 0 0.0208333 0
0 0.653472 0 0.0208333 0
0 0.341667 0 0.0194444 0
0 0.485417 0.5 0.145833 1
0 0.811806 0 0.0208333 0
0 0.653472 0 0.0208333 0
0 0.341667 0 0.0194444 0
0 0.485417 0.5 0.145833 1
0 0.811806 0 0.0208333 0
0 0.653472 0 0.0208333 0
0 0.341667 0 0.0194444 0
0 0.485417 0.5 0.145833 1
0 0.811806 0 0.0208333 0
0 0.653472 0 0.0208333 0
0 0.485417 0.5 0.145833 1
0 0.341667 0 0.0194444 0
0 0.811806 0 0.0208333 0
0 0.653472 0 0.0208333 0
0 0.485417 0.5 0.145833 1
0 0.341667 0 0.0194444 0
0 0.811806 0 0.0208333 0
0 0.653472 0 0.0208333 0
0 0.485417 0.5 0.145833 1
0 0.341667 0 0.0194444 0
0 0.811806 0 0.0208333 0
0 0.653472 0 0.0208333 0
0 0.341667 0 0.0194444 0
0 0.485417 0.5 0.145833 1
0 0.811806 0 0.0208333 0
0 0.653472 0 0.0208333 0
0 0.341667 0 0.0194444 0
0 0.485417 0.5 0.145833 1
0 0.811806 0 0.0208333 0
0 0.653472 0 0.0208333 0
0 0.341667 0 0.0194444 0
0 0.485417 0.5 0.145833 1
0 0.811806 0 0.0208333 0
0 0.653472 0 0.0208333 0
0 0.485417 0.5 0.145833 1
0 0.341667 0 0.0194444 0
0 0.811806 0 0.0208333 0
0 0.653472 0 0.0208333 0
0 0.341667 0 0.0194444 0
0 0.811806 0 0.0208333 0
0 0.485417 0.5 0.145833 1
0 0.653472 0 0.0208333 0
0 0.485417 0.5 0.145833 1
0 0.341667 0 0.0194444 0
0 0.811806 0 0.0208333 0
0 0.653472 0 0.0208333 0
0 0.341667 0 0.0194444 0
0 0.485417 0.5 0.145833 1
0 0.811806 0 0.0208333 0
0 0.653472 0 0.0208333 0
0 0.341667 0 0.0194444 0
0 0.485417 0.5 0.145833 1
0 0.811806 0 0.0208333 0
0 0.653472 0 0.0208333 0
0 0.341667 0 0.0194444 0
0 0.485417 0.5 0.145833 1
0 0.811806 0 0.0208333 0
0 0.653472 0 0.0208333 0
0 0.342361 0 0.0208333 0
0 0.485417 0.5 0.145833 1
0 0.811806 0 0.0208333 0
0 0.653472 0 0.0208333 0
0 0.342361 0 0.0208333 0
0 0.485417 0.5 0.145833 1
0 0.811806 0 0.0208333 0
0 0.653472 0 0.0208333 0
0 0.342361 0 0.0208333 0
0 0.485417 0.5 0.145833 1
0 0.811806 0 0.0208333 0
0 0.653472 0 0.0208333 0
0 0.341667 0 0.0194444 0
0 0.485417 0.5 0.145833 1
0 0.811806 0 0.0208333 0
0 0.653472 0 0.0208333 0
0 0.341667 0 0.0194444 0
0 0.485417 0.5 0.145833 1
0 0.811806 0 0.0208333 0
0 0.653472 0 0.0208333 0
0 0.341667 0 0.0194444 0
0 0.811806 0 0.0208333 0
0 0.485417 0.5 0.145833 1
0 0.653472 0 0.0208333 0
0 0.342361 0 0.0208333 0
0 0.485417 0.5 0.145833 1
0 0.811806 0 0.0208333 0
0 0.653472 0 0.0208333 0
0 0.341667 0 0.0194444 0
0 0.485417 0.5 0.145833 1
0 0.811806 0 0.0208333 0
0 0.653472 0 0.0208333 0
0 0.341667 0 0.0194444 0
0 0.485417 0.5 0.145833 1
0 0.811806 0 0.0208333 0
0 0.653472 0 0.0208333 0
0 0.341667 0 0.0194444 0
0 0.485417 0.5 0.145833 1
0 0.811806 0 0.0208333 0
0 0.653472 0 0.0208333 0
0 0.341667 0 0.0194444 0
0 0.485417 0.5 0.145833 1
0 0.811806 0 0.0208333 0
0 0.653472 0 0.0208333 0
0 0.341667 0 0.0194444 0
0 0.485417 0.5 0.145833 1
0 0.811806 0 0.0208333 0
0 0.653472 0 0.0208333 0
0 0.341667 0 0.0194444 0
0 0.485417 0.5 0.145833 1
0 0.811806 0 0.0208333 0
0 0.653472 0 0.0208333 0
0 0.341667 0 0.0194444 0
0 0.485417 0.5 0.145833 1
0 0.811806 0 0.0208333 0
0 0.653472 0 0.0208333 0
0 0.341667 0 0.0194444 0
0 0.811806 0 0.0208333 0
0 0.485417 0.5 0.145833 1
0 0.653472 0 0.0208333 0
0 0.341667 0 0.0194444 0
0 0.485417 0.5 0.145833 1
0 0.811806 0 0.0208333 0
0 0.653472 0 0.0208333 0
0 0.341667 0 0.0194444 0
0 0.485417 0.5 0.145833 1
0 0.811806 0 0.0208333 0
0 0.653472 0 0.0208333 0
0 0.341667 0 0.0194444 0
0 0.485417 0.5 0.145833 1
0 0.811806 0 0.0208333 0
0 0.653472 0 0.0208333 0
0 0.341667 0 0.0194444 0
0 0.485417 0.5 0.145833 1
0 0.811806 0 0.0208333 0
0 0.653472 0 0.0208333 0
0 0.341667 0 0.0194444 0
0 0.485417 0.5 0.145833 1
0 0.811806 0 0.0208333 0
0 0.653472 0 0.0208333 0
0 0.341667 0 0.0194444 0
0 0.485417 0.5 0.145833 1
0 0.811806 0 0.0208333 0
0 0.653472 0 0.0208333 0
0 0.341667 0 0.0194444 0
0 0.485417 0.5 0.145833 1
0 0.811806 0 0.0208333 0
0 0.653472 0 0.0208333 0
0 0.341667 0 0.0194444 0
0 0.485417 0.5 0.145833 1
0 0.811806 0 0.0208333 0
0 0.653472 0 0.0208333 0
0 0.342361 0 0.0208333 0
0 0.485417 0.5 0.145833 1
0 0.811806 0 0.0208333 0
0 0.653472 0 0.0208333 0
0 0.341667 0 0.0194444 0
0 0.485417 0.5 0.145833 1
0 0.811806 0 0.0208333 0
0 0.653472 0 0.0208333 0
0 0.485417 0.5 0.145833 1
0 0.341667 0 0.0194444 0
0 0.811806 0 0.0208333 0
0 0.653472 0 0.0208333 0
0 0.341667 0 0.0194444 0
0 0.811806 0 0.0208333 0
0 0.485417 0.5 0.145833 1
0 0.653472 0 0.0208333 0
0 0.341667 0 0.0194444 0
0 0.485417 0.5 0.145833 1
0 0.811806 0 0.0208333 0
0 0.653472 0 0.0208333 0
0 0.342361 0 0.0208333 0
0 0.485417 0.5 0.145833 1
0 0.811806 0 0.0208333 0
0 0.653472 0 0.0208333 0
0 0.341667 0 0.0194444 0
0 0.485417 0.5 0.145833 1
0 0.811806 0 0.0208333 0
0 0.653472 0 0.0208333 0
0 0.342361 0 0.0208333 0
0 0.485417 0.5 0.145833 1
0 0.811806 0 0.0208333 0
0 0.653472 0 0.0208333 0
0 0.485417 0.5 0.145833 1
0 0.341667 0 0.0194444 0
0 0.811806 0 0.0208333 0
0 0.653472 0 0.0208333 0
0 0.341667 0 0.0194444 0
0 0.811806 0 0.0208333 0
0 0.485417 0.5 0.145833 1
0 0.653472 0 0.0208333 0
0 0.341667 0 0.0194444 0
0 0.485417 0.5 0.145833 1
0 0.811806 0 0.0208333 0
0 0.653472 0 0.0208333 0
0 0.341667 0 0.0194444 0
0 0.811806 0 0.0208333 0
0 0.485417 0.5 0.145833 1
0 0.653472 0 0.0208333 0
0 0.341667 0 0.0194444 0
0 0.485417 0.5 0.145833 1
0 0.811806 0 0.0208333 0
0 0.653472 0 0.0208333 0
0 0.341667 0 0.0194444 0
0 0.485417 0.5 0.145833 1
0 0.811806 0 0.0208333 0
0 0.653472 0 0.0208333 0
0 0.341667 0 0.0194444 0
0 0.485417 0.5 0.145833 1
0 0.811806 0 0.0208333 0
0 0.653472 0 0.0208333 0
0 0.341667 0 0.0194444 0
0 0.485417 0.5 0.145833 1
0 0.811806 0 0.0208333 0
0 0.653472 0 0.0208333 0
0 0.341667 0 0.0194444 0
0 0.485417 0.5 0.145833 1
0 0.811806 0 0.0208333 0
0 0.653472 0 0.0208333 0
0 0.342361 0 0.0208333 0
0 0.485417 0.5 0.145833 1
0 0.811806 0 0.0208333 0
0 0.653472 0 0.0208333 0
0 0.342361 0 0.0208333 0
0 0.486111 0.5 0.144444 1
0 0.811806 0 0.0208333 0
0 0.653472 0 0.0208333 0
0 0.485417 0.5 0.145833 1
0 0.342361 0 0.0208333 0
0 0.811806 0 0.0208333 0
0 0.653472 0 0.0208333 0
0 0.485417 0.5 0.145833 1
0 0.811806 0 0.0208333 0
0 0.342361 0 0.0208333 0
0 0.653472 0 0.0208333 0
0 0.485417 0.5 0.145833 1
0 0.341667 0 0.0194444 0
0 0.811806 0 0.0208333 0
0 0.653472 0 0.0208333 0
0 0.485417 0.5 0.145833 1
0 0.811806 0 0.0208333 0
0 0.341667 0 0.0194444 0
0 0.653472 0 0.0208333 0
0 0.485417 0.5 0.145833 1
0 0.811806 0 0.0208333 0
0 0.341667 0 0.0194444 0
0 0.653472 0 0.0208333 0
0 0.485417 0.5 0.145833 1
0 0.811806 0 0.0208333 0
0 0.341667 0 0.0194444 0
0 0.653472 0 0.0208333 0
0 0.485417 0.5 0.145833 1
0 0.811806 0 0.0208333 0
0 0.341667 0 0.0194444 0
0 0.653472 0 0.0208333 0
0 0.485417 0.5 0.145833 1
0 0.811806 0 0.0208333 0
0 0.341667 0 0.0194444 0
0 0.653472 0 0.0208333 0
0 0.485417 0.5 0.145833 1
0 0.811806 0 0.0208333 0
0 0.341667 0 0.0194444 0
0 0.653472 0 0.0208333 0
0 0.485417 0.5 0.145833 1
0 0.811806 0 0.0208333 0
0 0.341667 0 0.0194444 0
0 0.653472 0 0.0208333 0
0 0.485417 0.5 0.145833 1
0 0.811806 0 0.0208333 0
0 0.341667 0 0.0194444 0
0 0.653472 0 0.0208333 0
0 0.485417 0.5 0.145833 1
0 0.342361 0 0.0208333 0
0 0.811806 0 0.0208333 0
0 0.653472 0 0.0208333 0
0 0.485417 0.5 0.145833 1
0 0.811806 0 0.0208333 0
0 0.342361 0 0.0208333 0
0 0.653472 0 0.0208333 0
0 0.341667 0 0.0194444 0
0 0.485417 0.5 0.145833 1
0 0.811806 0 0.0208333 0
0 0.653472 0 0.0208333 0
0 0.485417 0.5 0.145833 1
0 0.811806 0 0.0208333 0
0 0.342361 0 0.0208333 0
0 0.653472 0 0.0208333 0
0 0.342361 0 0.0208333 0
0 0.485417 0.5 0.145833 1
0 0.811806 0 0.0208333 0
0 0.653472 0 0.0208333 0
0 0.485417 0.5 0.145833 1
0 0.811806 0 0.0208333 0
0 0.342361 0 0.0208333 0
0 0.653472 0 0.0208333 0
0 0.485417 0.5 0.145833 1
0 0.341667 0 0.0194444 0
0 0.811806 0 0.0208333 0
0 0.653472 0 0.0208333 0
0 0.342361 0 0.0208333 0
0 0.485417 0.5 0.145833 1
0 0.811806 0 0.0208333 0
0 0.653472 0 0.0208333 0
0 0.342361 0 0.0208333 0
0 0.811806 0 0.0208333 0
0 0.485417 0.5 0.145833 1
0 0.653472 0 0.0208333 0
0 0.485417 0.5 0.145833 1
0 0.811806 0 0.0208333 0
0 0.342361 0 0.0208333 0
0 0.653472 0 0.0208333 0
0 0.485417 0.5 0.145833 1
0 0.811806 0 0.0208333 0
0 0.341667 0 0.0194444 0
0 0.653472 0 0.0208333 0
0 0.485417 0.5 0.145833 1
0 0.811806 0 0.0208333 0
0 0.341667 0 0.0194444 0
0 0.653472 0 0.0208333 0
0 0.485417 0.5 0.145833 1
0 0.811806 0 0.0208333 0
0 0.341667 0 0.0194444 0
0 0.653472 0 0.0208333 0
0 0.485417 0.5 0.145833 1
0 0.811806 0 0.0208333 0
0 0.342361 0 0.0208333 0
0 0.653472 0 0.0208333 0
0 0.342361 0 0.0208333 0
0 0.811806 0 0.0208333 0
0 0.485417 0.5 0.145833 1
0 0.653472 0 0.0208333 0
0 0.342361 0 0.0208333 0
0 0.485417 0.5 0.145833 1
0 0.811806 0 0.0208333 0
0 0.653472 0 0.0208333 0
0 0.485417 0.5 0.145833 1
0 0.342361 0 0.0208333 0
0 0.811806 0 0.0208333 0
0 0.653472 0 0.0208333 0
0 0.342361 0 0.0208333 0
0 0.485417 0.5 0.145833 1
0 0.811806 0 0.0208333 0
0 0.653472 0 0.0208333 0
0 0.341667 0 0.0194444 0
0 0.811806 0 0.0208333 0
0 0.485417 0.5 0.145833 1
0 0.653472 0 0.0208333 0
0 0.341667 0 0.0194444 0
0 0.485417 0.5 0.145833 1
0 0.811806 0 0.0208333 0
0 0.653472 0 0.0208333 0
0 0.341667 0 0.0194444 0
0 0.485417 0.5 0.145833 1
0 0.811806 0 0.0208333 0
0 0.653472 0 0.0208333 0
0 0.341667 0 0.0194444 0
0 0.485417 0.5 0.145833 1
0 0.811806 0 0.0208333 0
0 0.653472 0 0.0208333 0
0 0.341667 0 0.0194444 0
0 0.811806 0 0.0208333 0
0 0.485417 0.5 0.145833 1
0 0.653472 0 0.0208333 0
0 0.341667 0 0.0194444 0
0 0.485417 0.5 0.145833 1
0 0.811806 0 0.0208333 0
0 0.653472 0 0.0208333 0
