0 0.509028 0 0.0458333 0
0 0.509028 0 0.0458333 0
0 0.509028 0 0.0458333 0
0 0.509722 0 0.0444444 0
0 0.509028 0 0.0458333 0
0 0.510417 0 0.0541667 0
0 0.510417 0 0.0541667 0
0 0.509722 0 0.0472222 0
0 0.510417 0 0.0486111 0
0 0.510417 0 0.0486111 0
0 0.511111 0 0.0472222 0
0 0.511111 0 0.0472222 0
0 0.511806 0 0.0541667 0
0 0.511806 0 0.0541667 0
0 0.511111 0 0.0472222 0
0 0.511111 0 0.0472222 0
0 0.511111 0 0.0472222 0
0 0.511111 0 0.0472222 0
0 0.511806 0 0.0541667 0
0 0.511806 0 0.0541667 0
0 0.5125 0 0.0527778 0
0 0.5125 0 0.0527778 0
0 0.5125 0 0.0527778 0
0 0.5125 0 0.0527778 0
0 0.5125 0 0.0527778 0
0 0.5125 0 0.0527778 0
0 0.513194 0 0.0541667 0
0 0.513194 0 0.0458333 0
0 0.513194 0 0.0458333 0
0 0.513194 0 0.0458333 0
0 0.513194 0 0.0458333 0
0 0.513889 0 0.0472222 0
0 0.513889 0 0.0472222 0
0 0.514583 0 0.0458333 0
0 0.513889 0 0.0472222 0
0 0.6125 0 0.0138889 0
0 0.513889 0 0.0472222 0
0 0.611806 0 0.0125 0
0 0.514583 0 0.0458333 0
0 0.611806 0 0.0125 0
0 0.514583 0 0.0458333 0
0 0.611806 0 0.0125 0
0 0.515278 0 0.0472222 0
0 0.6125 0 0.0138889 0
0 0.515278 0 0.0472222 0
0 0.515278 0 0.0472222 0
0 0.515278 0 0.0472222 0
0 0.515972 0 0.0486111 0
0 0.613194 0 0.0125 0
0 0.515972 0 0.0486111 0
0 0.613194 0 0.0125 0
0 0.515972 0 0.0486111 0
0 0.516667 0 0.0472222 0
0 0.516667 0 0.0472222 0
0 0.517361 0 0.0486111 0
0 0.517361 0 0.0486111 0
0 0.517361 0 0.0486111 0
0 0.518056 0 0.0472222 0
0 0.614583 0 0.0125 0
0 0.518056 0 0.0472222 0
0 0.614583 0 0.0125 0
0 0.518056 0 0.0472222 0
0 0.614583 0 0.0125 0
0 0.518056 0 0.0472222 0
0 0.615278 0 0.0138889 0
0 0.518056 0 0.0472222 0
0 0.51875 0 0.0486111 0
0 0.51875 0 0.0486111 0
0 0.51875 0 0.0486111 0
0 0.51875 0 0.0486111 0
0 0.51875 0 0.0486111 0
0 0.51875 0 0.0486111 0
0 0.615972 0 0.0125 0
0 0.51875 0 0.0486111 0
0 0.615972 0 0.0125 0
0 0.519444 0 0.0472222 0
0 0.520139 0 0.0486111 0
0 0.520139 0 0.0486111 0
0 0.520139 0 0.0486111 0
0 0.520139 0 0.0513889 0
0 0.520139 0 0.0513889 0
0 0.520833 0 0.0527778 0
0 0.520833 0 0.0527778 0
0 0.520833 0 0.0527778 0
0 0.521528 0 0.0541667 0
0 0.521528 0 0.0541667 0
0 0.521528 0 0.0541667 0
0 0.521528 0 0.0541667 0
0 0.522917 0 0.0541667 0
0 0.522917 0 0.0541667 0
0 0.522917 0 0.0541667 0
0 0.523611 0 0.0555556 0
0 0.524306 0 0.0541667 0
0 0.524306 0 0.0541667 0
0 0.524306 0 0.0541667 0
0 0.524306 0 0.0541667 0
0 0.524306 0 0.0541667 0
0 0.525 0 0.0527778 0
0 0.620139 0 0.0125 0
0 0.525 0 0.0527778 0
0 0.525 0 0.0527778 0
0 0.525694 0 0.0541667 0
0 0.525694 0 0.0541667 0
0 0.525694 0 0.0541667 0
0 0.525694 0 0.0541667 0
0 0.527083 0 0.0541667 0
0 0.527083 0 0.0541667 0
0 0.527083 0 0.0541667 0
0 0.527778 0 0.0555556 0
0 0.527778 0 0.0555556 0
0 0.529167 0 0.0555556 0
0 0.529167 0 0.0555556 0
0 0.529167 0 0.0555556 0
0 0.529167 0 0.0555556 0
0 0.530556 0 0.0555556 0
0 0.529861 0 0.0541667 0
0 0.529861 0 0.0541667 0
0 0.623611 0 0.0166667 0
0 0.53125 0 0.0541667 0
0 0.623611 0 0.0166667 0
0 0.53125 0 0.0541667 0
0 0.53125 0 0.0541667 0
0 0.624306 0 0.0180556 0
0 0.531944 0 0.0555556 0
0 0.532639 0 0.0569444 0
0 0.532639 0 0.0569444 0
0 0.533333 0 0.0555556 0
0 0.625 0 0.0138889 0
0 0.533333 0 0.0555556 0
0 0.534028 0 0.0569444 0
0 0.534028 0 0.0569444 0
0 0.534028 0 0.0569444 0
0 0.534028 0 0.0597222 0
0 0.534028 0 0.0597222 0
0 0.534722 0 0.0611111 0
0 0.534722 0 0.0611111 0
0 0.534722 0 0.0611111 0
0 0.534722 0 0.0611111 0
0 0.535417 0 0.0597222 0
0 0.626389 0 0.0138889 0
0 0.535417 0 0.0597222 0
0 0.535417 0 0.0597222 0
0 0.536111 0 0.0611111 0
0 0.395139 0 0.0152778 0
0 0.536111 0 0.0611111 0
0 0.536806 0 0.0625 0
0 0.394444 0 0.0166667 0
0 0.536806 0 0.0625 0
0 0.536806 0 0.0597222 0
0 0.627778 0 0.0138889 0
0 0.536806 0 0.0625 0
0 0.536806 0 0.0625 0
0 0.536806 0 0.0625 0
0 0.628472 0 0.0152778 0
0 0.5375 0 0.0722222 0
0 0.628472 0 0.0152778 0
0 0.5375 0 0.0638889 0
0 0.628472 0 0.0152778 0
0 0.5375 0 0.0638889 0
0 0.628472 0 0.0152778 0
0 0.5375 0 0.0638889 0
0 0.5375 0 0.0638889 0
0 0.629167 0 0.0166667 0
0 0.538194 0 0.0625 0
0 0.628472 0 0.0152778 0
0 0.538889 0 0.0638889 0
0 0.538889 0 0.0638889 0
0 0.538889 0 0.0638889 0
0 0.538889 0 0.0638889 0
0 0.629167 0 0.0138889 0
0 0.538889 0 0.0638889 0
0 0.538889 0 0.0638889 0
0 0.539583 0 0.0625 0
0 0.539583 0 0.0625 0
0 0.539583 0 0.0625 0
0 0.539583 0 0.0625 0
0 0.539583 0 0.0625 0
0 0.540278 0 0.0638889 0
0 0.540278 0 0.0638889 0
0 0.539583 0 0.0625 0
0 0.539583 0 0.0625 0
0 0.540972 0 0.0625 0
0 0.540972 0 0.0625 0
0 0.540972 0 0.0625 0
0 0.540972 0 0.0625 0
0 0.540972 0 0.0625 0
0 0.541667 0 0.0638889 0
0 0.541667 0 0.0638889 0
0 0.541667 0 0.0638889 0
0 0.541667 0 0.0666667 0
0 0.541667 0 0.0666667 0
0 0.542361 0 0.0652778 0
0 0.541667 0 0.0666667 0
0 0.542361 0 0.0652778 0
0 0.543056 0 0.0666667 0
0 0.543056 0 0.0666667 0
0 0.543056 0 0.0666667 0
0 0.543056 0 0.0666667 0
0 0.392361 0 0.0180556 0
0 0.543056 0 0.0666667 0
0 0.633333 0 0.0166667 0
0 0.393056 0 0.0194444 0
0 0.54375 0 0.0680556 0
0 0.392361 0 0.0180556 0
0 0.54375 0 0.0680556 0
0 0.633333 0 0.0138889 0
0 0.392361 0 0.0180556 0
0 0.54375 0 0.0680556 0
0 0.392361 0 0.0180556 0
0 0.54375 0 0.0680556 0
0 0.392361 0 0.0180556 0
0 0.544444 0 0.0694444 0
0 0.544444 0 0.0694444 0
0 0.392361 0 0.0180556 0
0 0.544444 0 0.0694444 0
0 0.391667 0 0.0194444 0
0 0.544444 0 0.0694444 0
0 0.634028 0 0.0180556 0
0 0.391667 0 0.0166667 0
0 0.544444 0 0.0694444 0
0 0.634028 0 0.0180556 0
0 0.544444 0 0.0694444 0
0 0.634028 0 0.0180556 0
0 0.544444 0 0.0694444 0
0 0.634028 0 0.0180556 0
0 0.391667 0 0.0166667 0
0 0.544444 0 0.0694444 0
0 0.633333 0 0.0194444 0
0 0.390972 0 0.0180556 0
0 0.544444 0 0.0694444 0
0 0.390972 0 0.0180556 0
0 0.545833 0 0.0694444 0
0 0.390972 0 0.0180556 0
0 0.545833 0 0.0694444 0
0 0.634722 0 0.0194444 0
0 0.390972 0 0.0180556 0
0 0.545833 0 0.0694444 0
0 0.634028 0 0.0180556 0
0 0.390972 0 0.0180556 0
0 0.545833 0 0.0694444 0
0 0.390278 0 0.0194444 0
0 0.546528 0 0.0708333 0
0 0.634722 0 0.0166667 0
0 0.546528 0 0.0708333 0
0 0.634722 0 0.0166667 0
0 0.546528 0 0.0708333 0
0 0.546528 0 0.0708333 0
0 0.389583 0 0.0180556 0
0 0.546528 0 0.0708333 0
0 0.635417 0 0.0180556 0
0 0.389583 0 0.0180556 0
0 0.546528 0 0.0708333 0
0 0.389583 0 0.0180556 0
0 0.635417 0 0.0180556 0
0 0.547222 0 0.0722222 0
0 0.390278 0 0.0166667 0
0 0.547222 0 0.0722222 0
0 0.389583 0 0.0180556 0
0 0.547222 0 0.0722222 0
0 0.389583 0 0.0180556 0
0 0.547222 0 0.0722222 0
0 0.390278 0 0.0166667 0
0 0.547917 0 0.0736111 0
0 0.635417 0 0.0180556 0
0 0.388889 0 0.0166667 0
0 0.547917 0 0.0736111 0
0 0.635417 0 0.0180556 0
0 0.388889 0 0.0166667 0
0 0.547917 0 0.0736111 0
0 0.636806 0 0.0180556 0
0 0.388889 0 0.0166667 0
0 0.547917 0 0.0736111 0
0 0.635417 0 0.0180556 0
0 0.388889 0 0.0166667 0
0 0.547917 0 0.0736111 0
0 0.388889 0 0.0166667 0
0 0.547917 0 0.0736111 0
0 0.388889 0 0.0166667 0
0 0.547917 0 0.0736111 0
0 0.388889 0 0.0166667 0
0 0.548611 0 0.075 0
0 0.548611 0 0.075 0
0 0.548611 0 0.075 0
0 0.548611 0 0.075 0
0 0.388889 0 0.0166667 0
0 0.636806 0 0.0152778 0
0 0.549306 0 0.0763889 0
0 0.636806 0 0.0152778 0
0 0.548611 0 0.0777778 0
0 0.6375 0 0.0138889 0
0 0.548611 0 0.0777778 0
0 0.638194 0 0.0152778 0
0 0.548611 0 0.0777778 0
0 0.636806 0 0.0152778 0
0 0.549306 0 0.0791667 0
0 0.3875 0 0.0166667 0
0 0.638194 0 0.0152778 0
0 0.549306 0 0.0791667 0
0 0.3875 0 0.0166667 0
0 0.638194 0 0.0152778 0
0 0.549306 0 0.0791667 0
0 0.6375 0 0.0166667 0
0 0.549306 0 0.0791667 0
0 0.55 0 0.0805556 0
0 0.638889 0 0.0166667 0
0 0.55 0 0.0805556 0
0 0.638194 0 0.0152778 0
0 0.550694 0 0.0819444 0
0 0.638889 0 0.0166667 0
0 0.550694 0 0.0819444 0
0 0.385417 0 0.0180556 0
0 0.638889 0 0.0166667 0
0 0.551389 0 0.0833333 0
0 0.385417 0 0.0180556 0
0 0.638889 0 0.0166667 0
0 0.551389 0 0.0833333 0
0 0.638889 0 0.0166667 0
0 0.551389 0 0.0833333 0
0 0.638889 0 0.0166667 0
0 0.550694 0 0.0847222 0
0 0.639583 0 0.0152778 0
0 0.551389 0 0.0861111 0
0 0.639583 0 0.0152778 0
0 0.551389 0 0.0861111 0
0 0.639583 0 0.0152778 0
0 0.551389 0 0.0861111 0
0 0.638889 0 0.0166667 0
0 0.551389 0 0.0861111 0
0 0.384028 0 0.0180556 0
0 0.640278 0 0.0166667 0
0 0.551389 0 0.0861111 0
0 0.384028 0 0.0180556 0
0 0.638889 0 0.0166667 0
0 0.551389 0 0.0861111 0
0 0.384028 0 0.0180556 0
0 0.638889 0 0.0166667 0
0 0.551389 0 0.0861111 0
0 0.384028 0 0.0180556 0
0 0.639583 0 0.0180556 0
0 0.252083 0 0.0180556 0
0 0.550694 0 0.0875 0
0 0.252083 0 0.0180556 0
0 0.773611 0 0.0166667 0
0 0.384028 0 0.0180556 0
0 0.640972 0 0.0180556 0
0 0.550694 0 0.0875 0
0 0.773611 0 0.0166667 0
0 0.640278 0 0.0166667 0
0 0.551389 0 0.0888889 0
0 0.640278 0 0.0166667 0
0 0.383333 0 0.0166667 0
0 0.550694 0 0.0902778 0
0 0.641667 0 0.0166667 0
0 0.550694 0 0.0902778 0
0 0.640278 0 0.0194444 0
0 0.550694 0 0.0902778 0
0 0.640278 0 0.0194444 0
0 0.550694 0 0.0902778 0
0 0.640972 0 0.0180556 0
0 0.551389 0 0.0916667 0
0 0.382639 0 0.0180556 0
0 0.641667 0 0.0194444 0
0 0.551389 0 0.0916667 0
0 0.775694 0 0.0152778 0
0 0.381944 0 0.0166667 0
0 0.642361 0 0.0180556 0
0 0.550694 0 0.0930556 0
0 0.381944 0 0.0166667 0
0 0.642361 0 0.0180556 0
0 0.551389 0 0.0944444 0
0 0.641667 0 0.0194444 0
0 0.379861 0 0.0180556 0
0 0.551389 0 0.0944444 0
0 0.551389 0 0.0944444 0
0 0.245833 0 0.0194444 0
0 0.379861 0 0.0180556 0
0 0.643056 0 0.0166667 0
0 0.551389 0 0.0972222 0
0 0.643056 0 0.0166667 0
0 0.379861 0 0.0180556 0
0 0.551389 0 0.0972222 0
0 0.643056 0 0.0166667 0
0 0.379861 0 0.0180556 0
0 0.552083 0 0.0958333 0
0 0.643056 0 0.0166667 0
0 0.379861 0 0.0180556 0
0 0.552083 0 0.0958333 0
0 0.379167 0 0.0194444 0
0 0.643056 0 0.0166667 0
0 0.552083 0 0.0958333 0
0 0.378472 0 0.0180556 0
0 0.644444 0 0.0166667 0
0 0.552083 0 0.0958333 0
0 0.378472 0 0.0180556 0
0 0.644444 0 0.0166667 0
0 0.552083 0 0.0986111 0
0 0.378472 0 0.0180556 0
0 0.64375 0 0.0152778 0
0 0.551389 0 0.1 0
0 0.64375 0 0.0152778 0
0 0.378472 0 0.0180556 0
0 0.551389 0 0.1 0
0 0.644444 0 0.0166667 0
0 0.377778 0 0.0166667 0
0 0.550694 0 0.101389 0
0 0.377778 0 0.0166667 0
0 0.644444 0 0.0166667 0
0 0.550694 0 0.101389 0
0 0.645139 0 0.0180556 0
0 0.377778 0 0.0166667 0
0 0.550694 0 0.104167 0
0 0.239583 0 0.0208333 0
0 0.377778 0 0.0166667 0
0 0.644444 0 0.0166667 0
0 0.550694 0 0.104167 0
0 0.239583 0 0.0208333 0
0 0.377778 0 0.0166667 0
0 0.644444 0 0.0166667 0
0 0.550694 0 0.104167 0
0 0.377778 0 0.0166667 0
0 0.644444 0 0.0166667 0
0 0.550694 0 0.104167 0
0 0.239583 0 0.0208333 0
0 0.377778 0 0.0166667 0
0 0.644444 0 0.0166667 0
0 0.550694 0 0.104167 0
0 0.239583 0 0.0208333 0
0 0.645139 0 0.0180556 0
0 0.376389 0 0.0166667 0
0 0.550694 0 0.104167 0
0 0.376389 0 0.0166667 0
0 0.55 0 0.105556 0
0 0.645139 0 0.0180556 0
0 0.55 0 0.105556 0
0 0.550694 0 0.106944 0
0 0.550694 0 0.106944 0
0 0.645139 0 0.0180556 0
0 0.374306 0 0.0180556 0
0 0.55 0 0.108333 0
0 0.373611 0 0.0194444 0
0 0.645833 0 0.0194444 0
0 0.55 0 0.108333 0
0 0.373611 0 0.0194444 0
0 0.55 0 0.108333 0
0 0.645833 0 0.0194444 0
0 0.373611 0 0.0194444 0
0 0.55 0 0.113889 0
0 0.234722 0 0.0194444 0
0 0.373611 0 0.0194444 0
0 0.550694 0 0.115278 0
0 0.372917 0 0.0180556 0
0 0.233333 0 0.0194444 0
0 0.550694 0 0.115278 0
0 0.372222 0 0.0194444 0
0 0.550694 0 0.115278 0
0 0.372222 0 0.0194444 0
0 0.55 0 0.116667 0
0 0.372222 0 0.0194444 0
0 0.55 0 0.116667 0
0 0.371528 0 0.0180556 0
0 0.549306 0 0.118056 0
0 0.371528 0 0.0180556 0
0 0.549306 0 0.118056 0
0 0.647222 0 0.0194444 0
0 0.371528 0 0.0180556 0
0 0.549306 0 0.118056 0
0 0.371528 0 0.0180556 0
0 0.549306 0 0.120833 0
0 0.647917 0 0.0208333 0
0 0.371528 0 0.0180556 0
0 0.549306 0 0.120833 0
0 0.647917 0 0.0208333 0
0 0.788889 0 0.0166667 0
0 0.371528 0 0.0180556 0
0 0.548611 0 0.122222 0
0 0.647222 0 0.0222222 0
0 0.370833 0 0.0194444 0
0 0.788889 0 0.0166667 0
0 0.548611 0 0.122222 0
0 0.646528 0 0.0208333 0
0 0.788889 0 0.0166667 0
0 0.547917 0 0.123611 0
0 0.647222 0 0.0222222 0
0 0.788889 0 0.0166667 0
0 0.547917 0 0.123611 0
0 0.788889 0 0.0166667 0
0 0.647917 0 0.0208333 0
0 0.547917 0 0.123611 0
0 0.788889 0 0.0166667 0
0 0.647917 0 0.0208333 0
0 0.547917 0 0.123611 0
0 0.647222 0 0.0194444 0
0 0.788889 0 0.0166667 0
0 0.547917 0 0.123611 0
0 0.788889 0 0.0166667 0
0 0.647917 0 0.0208333 0
0 0.547917 0 0.123611 0
0 0.788889 0 0.0166667 0
0 0.647222 0 0.0194444 0
0 0.547222 0 0.125 0
0 0.369444 0 0.0194444 0
0 0.647222 0 0.0194444 0
0 0.547222 0 0.125 0
0 0.647222 0 0.0194444 0
0 0.547222 0 0.125 0
0 0.647222 0 0.0194444 0
0 0.54375 0 0.134722 0
0 0.368056 0 0.0194444 0
0 0.647222 0 0.0194444 0
0 0.543056 0 0.136111 0
0 0.647917 0 0.0208333 0
0 0.543056 0 0.136111 0
0 0.366667 0 0.0194444 0
0 0.647222 0 0.0194444 0
0 0.541667 0 0.136111 0
0 0.366667 0 0.0194444 0
0 0.647222 0 0.0194444 0
0 0.541667 0 0.136111 0
0 0.365972 0 0.0208333 0
0 0.647222 0 0.0194444 0
0 0.542361 0 0.1375 0
0 0.365972 0 0.0208333 0
0 0.647222 0 0.0194444 0
0 0.540972 0 0.1375 0
0 0.365972 0 0.0208333 0
0 0.647222 0 0.0194444 0
0 0.540972 0 0.1375 0
0 0.365972 0 0.0208333 0
0 0.647222 0 0.0194444 0
0 0.540972 0 0.1375 0
0 0.365972 0 0.0208333 0
0 0.647222 0 0.0194444 0
0 0.541667 0 0.138889 0
0 0.647222 0 0.0194444 0
0 0.365278 0 0.0194444 0
0 0.540278 0 0.138889 0
0 0.365278 0 0.0194444 0
0 0.539583 0 0.143056 0
0 0.648611 0 0.0194444 0
0 0.559722 0 0.0388889 0
0 0.365278 0 0.0166667 0
0 0.647917 0 0.0180556 0
0 0.539583 0 0.143056 0
0 0.364583 0 0.0180556 0
0 0.539583 0 0.143056 0
0 0.647917 0 0.0180556 0
0 0.364583 0 0.0180556 0
0 0.539583 0 0.143056 0
0 0.647917 0 0.0180556 0
0 0.364583 0 0.0180556 0
0 0.539583 0 0.143056 0
0 0.647917 0 0.0180556 0
0 0.364583 0 0.0180556 0
0 0.539583 0 0.143056 0
0 0.647917 0 0.0180556 0
0 0.364583 0 0.0180556 0
0 0.539583 0 0.143056 0
0 0.648611 0 0.0194444 0
0 0.364583 0 0.0180556 0
0 0.539583 0 0.143056 0
0 0.647917 0 0.0180556 0
0 0.364583 0 0.0180556 0
0 0.539583 0 0.143056 0
0 0.648611 0 0.0194444 0
0 0.364583 0 0.0180556 0
0 0.539583 0 0.143056 0
0 0.648611 0 0.0194444 0
0 0.363889 0 0.0194444 0
0 0.538194 0 0.145833 0
0 0.648611 0 0.0194444 0
0 0.559722 0 0.0388889 0
0 0.648611 0 0.0194444 0
0 0.363889 0 0.0194444 0
0 0.538194 0 0.145833 0
0 0.363889 0 0.0194444 0
0 0.5375 0 0.147222 0
0 0.647917 0 0.0180556 0
0 0.363889 0 0.0194444 0
0 0.5375 0 0.147222 0
0 0.647917 0 0.0180556 0
0 0.648611 0 0.0194444 0
0 0.536806 0 0.148611 0
0 0.557639 0 0.0402778 0
0 0.648611 0 0.0194444 0
0 0.536111 0 0.15 0
0 0.558333 0 0.0388889 0
0 0.648611 0 0.0194444 0
0 0.536111 0 0.15 0
0 0.558333 0 0.0388889 0
0 0.648611 0 0.0194444 0
0 0.535417 0 0.148611 0
0 0.557639 0 0.0402778 0
0 0.648611 0 0.0194444 0
0 0.536111 0 0.15 0
0 0.557639 0 0.0402778 0
0 0.534722 0 0.152778 0
0 0.557639 0 0.0402778 0
0 0.534722 0 0.152778 0
0 0.648611 0 0.0194444 0
0 0.534722 0 0.152778 0
0 0.648611 0 0.0194444 0
0 0.534028 0 0.154167 0
0 0.647917 0 0.0180556 0
0 0.534722 0 0.155556 0
0 0.647917 0 0.0180556 0
0 0.534028 0 0.154167 0
0 0.361111 0 0.0194444 0
0 0.648611 0 0.0194444 0
0 0.534028 0 0.156944 0
0 0.361111 0 0.0194444 0
0 0.534028 0 0.156944 0
0 0.648611 0 0.0194444 0
0 0.534028 0 0.156944 0
0 0.647917 0 0.0180556 0
0 0.534028 0 0.156944 0
0 0.647917 0 0.0180556 0
0 0.648611 0 0.0194444 0
0 0.532639 0 0.156944 0
0 0.647917 0 0.0180556 0
0 0.532639 0 0.156944 0
0 0.647917 0 0.0180556 0
0 0.532639 0 0.156944 0
0 0.647917 0 0.0180556 0
0 0.532639 0 0.156944 0
0 0.647917 0 0.0180556 0
0 0.532639 0 0.156944 0
0 0.647917 0 0.0180556 0
0 0.531944 0 0.158333 0
0 0.648611 0 0.0194444 0
0 0.530556 0 0.158333 0
0 0.647917 0 0.0180556 0
0 0.53125 0 0.159722 0
0 0.53125 0 0.1625 0
0 0.529861 0 0.159722 0
0 0.529861 0 0.159722 0
0 0.528472 0 0.159722 0
0 0.529861 0 0.1625 0
0 0.360417 0 0.0180556 0
0 0.529167 0 0.161111 0
0 0.529167 0 0.158333 0
0 0.529167 0 0.158333 0
0 0.529167 0 0.155556 0
0 0.528472 0 0.159722 0
0 0.647917 0 0.0180556 0
0 0.649306 0 0.0180556 0
0 0.518056 0 0.152778 0
0 0.522222 0 0.125 0
0 0.530556 0 0.105556 0
0 0.530556 0 0.105556 0
0 0.53125 0 0.101389 0
0 0.527778 0 0.125 0
0 0.530556 0 0.105556 0
0 0.530556 0 0.105556 0
0 0.529861 0 0.104167 0
0 0.529861 0 0.104167 0
0 0.529861 0 0.104167 0
0 0.526389 0 0.122222 0
0 0.526389 0 0.122222 0
0 0.529861 0 0.109722 0
0 0.529167 0 0.105556 0
0 0.53125 0 0.109722 0
0 0.525 0 0.075 0
0 0.525 0 0.075 0
0 0.526389 0 0.1 0
0 0.526389 0 0.0861111 0
0 0.526389 0 0.0777778 0
0 0.526389 0 0.0777778 0
0 0.526389 0 0.075 0
0 0.525694 0 0.0763889 0
0 0.525694 0 0.0763889 0
0 0.525694 0 0.0763889 0
0 0.525694 0 0.0763889 0
0 0.528472 0 0.0902778 0
0 0.53125 0 0.106944 0
0 0.535417 0 0.115278 0
0 0.535417 0 0.115278 0
0 0.535417 0 0.115278 0
0 0.526389 0 0.0805556 0
0 0.528472 0 0.104167 0
0 0.527083 0 0.0819444 0
0 0.529167 0 0.0861111 0
0 0.529167 0 0.0861111 0
0 0.529167 0 0.1 0
0 0.529167 0 0.1 0
0 0.529167 0 0.1 0
0 0.529167 0 0.1 0
0 0.529167 0 0.1 0
0 0.530556 0 0.108333 0
0 0.53125 0 0.106944 0
0 0.529861 0 0.101389 0
0 0.529861 0 0.101389 0
0 0.531944 0 0.105556 0
0 0.53125 0 0.106944 0
0 0.53125 0 0.104167 0
0 0.534722 0 0.113889 0
0 0.533333 0 0.111111 0
0 0.531944 0 0.108333 0
0 0.530556 0 0.105556 0
0 0.53125 0 0.106944 0
0 0.530556 0 0.105556 0
0 0.530556 0 0.105556 0
0 0.531944 0 0.108333 0
0 0.535417 0 0.115278 0
0 0.533333 0 0.113889 0
0 0.530556 0 0.108333 0
0 0.53125 0 0.106944 0
0 0.53125 0 0.106944 0
0 0.53125 0 0.106944 0
0 0.532639 0 0.109722 0
0 0.529861 0 0.0930556 0
0 0.530556 0 0.105556 0
0 0.530556 0 0.105556 0
0 0.529167 0 0.105556 0
0 0.529861 0 0.104167 0
0 0.529861 0 0.104167 0
0 0.529861 0 0.104167 0
0 0.529861 0 0.0958333 0
0 0.529167 0 0.0944444 0
0 0.528472 0 0.0930556 0
0 0.529861 0 0.0930556 0
0 0.528472 0 0.0930556 0
0 0.529167 0 0.0916667 0
0 0.528472 0 0.0902778 0
0 0.529167 0 0.0916667 0
0 0.529167 0 0.0916667 0
0 0.529167 0 0.0916667 0
0 0.527778 0 0.0916667 0
0 0.528472 0 0.0930556 0
0 0.527778 0 0.0944444 0
0 0.527778 0 0.102778 0
0 0.528472 0 0.101389 0
0 0.527778 0 0.0944444 0
0 0.527778 0 0.0944444 0
0 0.527778 0 0.0916667 0
0 0.530556 0 0.108333 0
0 0.528472 0 0.0930556 0
0 0.527083 0 0.0902778 0
0 0.527083 0 0.0902778 0
0 0.529167 0 0.0944444 0
0 0.529167 0 0.0944444 0
0 0.526389 0 0.0888889 0
0 0.526389 0 0.0916667 0
0 0.526389 0 0.0916667 0
0 0.527083 0 0.0930556 0
0 0.526389 0 0.0916667 0
0 0.526389 0 0.0916667 0
0 0.526389 0 0.0916667 0
0 0.527083 0 0.0875 0
0 0.527083 0 0.0875 0
0 0.526389 0 0.0916667 0
0 0.526389 0 0.0888889 0
0 0.524306 0 0.0875 0
0 0.524306 0 0.0875 0
0 0.523611 0 0.0861111 0
0 0.524306 0 0.0847222 0
0 0.524306 0 0.0847222 0
0 0.524306 0 0.0875 0
0 0.525 0 0.0861111 0
0 0.524306 0 0.0875 0
0 0.524306 0 0.0875 0
0 0.523611 0 0.0861111 0
0 0.523611 0 0.0861111 0
0 0.523611 0 0.0861111 0
0 0.522917 0 0.0847222 0
0 0.522917 0 0.0875 0
0 0.522917 0 0.0847222 0
0 0.522222 0 0.0861111 0
0 0.521528 0 0.0847222 0
0 0.521528 0 0.0847222 0
0 0.521528 0 0.0847222 0
0 0.520833 0 0.0833333 0
0 0.520833 0 0.0833333 0
0 0.520833 0 0.0861111 0
0 0.520139 0 0.0819444 0
0 0.520139 0 0.0847222 0
0 0.51875 0 0.0819444 0
0 0.519444 0 0.0861111 0
0 0.51875 0 0.0847222 0
0 0.51875 0 0.0847222 0
0 0.51875 0 0.0847222 0
0 0.51875 0 0.0847222 0
0 0.51875 0 0.0847222 0
0 0.51875 0 0.0847222 0
0 0.518056 0 0.0833333 0
0 0.517361 0 0.0847222 0
0 0.559722 0 0.0444444 0
0 0.518056 0 0.0888889 0
0 0.516667 0 0.0861111 0
0 0.560417 0 0.0430556 0
0 0.515972 0 0.0847222 0
0 0.560417 0 0.0430556 0
0 0.515278 0 0.0861111 0
0 0.560417 0 0.0430556 0
0 0.515278 0 0.0861111 0
0 0.513889 0 0.0861111 0
0 0.515278 0 0.0861111 0
0 0.515278 0 0.0861111 0
0 0.559722 0 0.0444444 0
0 0.513889 0 0.0888889 0
0 0.511806 0 0.0847222 0
0 0.511806 0 0.0847222 0
0 0.560417 0 0.0430556 0
0 0.513194 0.5 0.0875 1
0 0.513194 0.5 0.0875 1
0 0.559722 0 0.0444444 0
0 0.511806 0 0.0875 0
0 0.559722 0 0.0444444 0
0 0.511806 0 0.0875 0
0 0.513194 0.5 0.0875 1
0 0.559722 0 0.0444444 0
0 0.511111 0.5 0.0861111 1
0 0.559722 0 0.0444444 0
0 0.511806 0.5 0.0847222 1
0 0.559028 0 0.0430556 0
0 0.511111 0.5 0.0861111 1
0 0.559722 0 0.0444444 0
0 0.510417 0.5 0.0875 1
0 0.559722 0 0.0444444 0
0 0.510417 0.5 0.0875 1
0 0.511806 0.5 0.0875 1
0 0.559028 0 0.0458333 0
0 0.509028 0.5 0.0847222 1
0 0.509722 0.5 0.0833333 1
0 0.508333 0.5 0.0833333 1
0 0.507639 0.5 0.0847222 1
0 0.507639 0.5 0.0847222 1
0 0.509028 0.5 0.0847222 1
0 0.507639 0.5 0.0847222 1
0 0.506944 0.5 0.0833333 1
0 0.50625 0.5 0.0819444 1
0 0.505556 0.5 0.0833333 1
0 0.505556 0.5 0.0833333 1
0 0.506944 0.5 0.0805556 1
0 0.50625 0.5 0.0819444 1
0 0.50625 0.5 0.0819444 1
0 0.50625 0.5 0.0819444 1
0 0.506944 0.5 0.0805556 1
0 0.559028 0 0.0430556 0
0 0.505556 0.5 0.0833333 1
0 0.559028 0 0.0430556 0
0 0.504167 0.5 0.0861111 1
0 0.652778 0 0.0194444 0
0 0.559028 0 0.0430556 0
0 0.503472 0.5 0.0875 1
0 0.559722 0 0.0444444 0
0 0.501389 0.5 0.0861111 1
0 0.653472 0 0.0180556 0
0 0.558333 0 0.0416667 0
0 0.5 0.5 0.0888889 1
0 0.558333 0 0.0444444 0
0 0.500694 0.5 0.0902778 1
0 0.558333 0 0.0444444 0
0 0.500694 0.5 0.0902778 1
0 0.653472 0 0.0180556 0
0 0.558333 0 0.0444444 0
0 0.5 0.5 0.0861111 1
0 0.652778 0 0.0222222 0
0 0.558333 0 0.0444444 0
0 0.499306 0.5 0.0875 1
0 0.559028 0 0.0430556 0
0 0.5 0.5 0.0861111 1
0 0.558333 0 0.0416667 0
0 0.498611 0.5 0.0833333 1
0 0.5 0.5 0.0972222 1
0 0.559028 0 0.0430556 0
0 0.653472 0 0.0208333 0
0 0.558333 0 0.0416667 0
0 0.497917 0.5 0.0902778 1
0 0.653472 0 0.0208333 0
0 0.558333 0 0.0416667 0
0 0.497917 0.5 0.0902778 1
0 0.346528 0 0.0208333 0
0 0.653472 0 0.0208333 0
0 0.559028 0 0.0430556 0
0 0.495833 0.5 0.0888889 1
0 0.556944 0 0.0416667 0
0 0.497222 0.5 0.0916667 1
0 0.653472 0 0.0208333 0
0 0.652778 0 0.0222222 0
0 0.558333 0 0.0444444 0
0 0.497222 0.5 0.0916667 1
0 0.653472 0 0.0208333 0
0 0.557639 0 0.0430556 0
0 0.497222 0.5 0.0916667 1
0 0.653472 0 0.0208333 0
0 0.557639 0 0.0430556 0
0 0.497222 0.5 0.0916667 1
0 0.653472 0 0.0208333 0
0 0.559028 0 0.0430556 0
0 0.497222 0.5 0.0916667 1
0 0.653472 0 0.0208333 0
0 0.556944 0 0.0416667 0
0 0.497222 0.5 0.0916667 1
0 0.653472 0 0.0208333 0
0 0.557639 0 0.0430556 0
0 0.497222 0.5 0.0888889 1
0 0.346528 0 0.0180556 0
0 0.653472 0 0.0208333 0
0 0.495833 0.5 0.0888889 1
0 0.558333 0 0.0444444 0
0 0.345833 0 0.0194444 0
0 0.653472 0 0.0208333 0
0 0.556944 0 0.0416667 0
0 0.495139 0.5 0.0875 1
0 0.653472 0 0.0208333 0
0 0.345833 0 0.0194444 0
0 0.558333 0 0.0444444 0
0 0.49375 0.5 0.0875 1
0 0.653472 0 0.0208333 0
0 0.493056 0.5 0.0861111 1
0 0.345833 0 0.0194444 0
0 0.556944 0 0.0416667 0
0 0.653472 0 0.0208333 0
0 0.492361 0.5 0.0875 1
0 0.556944 0 0.0416667 0
0 0.345833 0 0.0194444 0
0 0.652778 0 0.0194444 0
0 0.490278 0.5 0.0888889 1
0 0.557639 0 0.0402778 0
0 0.653472 0 0.0208333 0
0 0.489583 0.5 0.0875 1
0 0.557639 0 0.0402778 0
0 0.652778 0 0.0194444 0
0 0.489583 0.5 0.0875 1
0 0.653472 0 0.0208333 0
0 0.556944 0 0.0416667 0
0 0.488194 0.5 0.0902778 1
0 0.652083 0 0.0236111 0
0 0.4875 0.5 0.0916667 1
0 0.557639 0 0.0430556 0
0 0.652083 0 0.0236111 0
0 0.4875 0.5 0.0916667 1
0 0.557639 0 0.0430556 0
0 0.558333 0 0.0416667 0
0 0.653472 0 0.0208333 0
0 0.486806 0.5 0.0930556 1
0 0.345139 0 0.0208333 0
0 0.653472 0 0.0208333 0
0 0.4875 1 0.0944444 0
0 0.558333 0 0.0416667 0
0 0.557639 0 0.0402778 0
0 0.653472 0 0.0208333 0
0 0.485417 1 0.0902778 0
0 0.557639 0 0.0402778 0
0 0.653472 0 0.0208333 0
0 0.484722 1 0.0916667 0
0 0.653472 0 0.0208333 0
0 0.485417 1 0.0930556 0
0 0.557639 0 0.0402778 0
0 0.653472 0 0.0208333 0
0 0.484028 1 0.0902778 0
0 0.652778 0 0.0194444 0
0 0.484722 1 0.0888889 0
0 0.653472 0 0.0208333 0
0 0.482639 1 0.0902778 0
0 0.652083 0 0.0208333 0
0 0.556944 0 0.0444444 0
0 0.48125 1 0.0930556 0
0 0.652083 0 0.0208333 0
0 0.556944 0 0.0444444 0
0 0.48125 1 0.0930556 0
0 0.652778 0 0.0194444 0
0 0.479861 1 0.0930556 0
0 0.34375 0 0.0208333 0
0 0.557639 0 0.0430556 0
0 0.652083 0 0.0208333 0
0 0.479861 1 0.0902778 0
0 0.652778 0 0.0194444 0
0 0.477083 1 0.0930556 0
0 0.557639 0 0.0430556 0
0 0.652083 0 0.0208333 0
0 0.476389 1 0.0916667 0
0 0.652083 0 0.0208333 0
0 0.476389 1 0.0916667 0
0 0.652083 0 0.0208333 0
0 0.476389 1 0.0916667 0
0 0.34375 0 0.0208333 0
0 0.652083 0 0.0208333 0
0 0.556944 0 0.0444444 0
0 0.476389 1 0.0916667 0
0 0.652778 0 0.0194444 0
0 0.476389 1 0.0916667 0
0 0.34375 0 0.0208333 0
0 0.652778 0 0.0194444 0
0 0.476389 1 0.0861111 0
0 0.652083 0 0.0208333 0
0 0.34375 0 0.0208333 0
0 0.475 1 0.0916667 0
0 0.652083 0 0.0208333 0
0 0.470139 1 0.104167 0
0 0.652083 0 0.0208333 0
0 0.470139 1 0.104167 0
0 0.34375 0 0.0208333 0
0 0.556944 0 0.0444444 0
0 0.652083 0 0.0208333 0
0 0.470139 1 0.109722 0
0 0.34375 0 0.0208333 0
0 0.652778 0 0.0194444 0
0 0.471528 1 0.0958333 0
0 0.652083 0 0.0208333 0
0 0.470833 1 0.0972222 0
0 0.652083 0 0.0180556 0
0 0.469444 1 0.0944444 0
0 0.651389 0 0.0194444 0
0 0.473611 1 0.119444 0
0 0.651389 0 0.0194444 0
0 0.473611 1 0.119444 0
0 0.651389 0 0.0194444 0
0 0.469444 1 0.0972222 0
0 0.342361 0 0.0208333 0
0 0.652083 0 0.0208333 0
0 0.470833 1 0.0972222 0
0 0.651389 0 0.0194444 0
0 0.456944 0 0.0444444 0
0 0.46875 1 0.0958333 0
0 0.455556 0 0.0416667 0
0 0.651389 0 0.0194444 0
0 0.461806 1 0.129167 0
0 0.554861 0 0.0430556 0
0 0.650694 0 0.0208333 0
0 0.468056 1 0.1 0
0 0.342361 0 0.0208333 0
0 0.651389 0 0.0194444 0
0 0.461111 1 0.0916667 0
0 0.554861 0 0.0430556 0
0 0.65 0 0.0194444 0
0 0.342361 0 0.0208333 0
0 0.452778 1 0.108333 0
0 0.554861 0 0.0430556 0
0 0.65 0 0.0194444 0
0 0.342361 0 0.0208333 0
0 0.452778 1 0.108333 0
0 0.651389 0 0.0194444 0
0 0.463194 1 0.0986111 0
0 0.650694 0 0.0208333 0
0 0.460417 1 0.0930556 0
0 0.552778 0 0.0444444 0
0 0.460417 1 0.0930556 0
0 0.553472 0 0.0430556 0
0 0.460417 1 0.0930556 0
0 0.650694 0 0.0208333 0
0 0.460417 1 0.0930556 0
0 0.650694 0 0.0208333 0
0 0.460417 1 0.0930556 0
0 0.65 0 0.0222222 0
0 0.553472 0 0.0430556 0
0 0.460417 1 0.0930556 0
0 0.341667 0 0.0194444 0
0 0.554167 0 0.0444444 0
0 0.459722 1 0.0972222 0
0 0.466667 1 0.125 0
0 0.341667 0 0.0194444 0
0 0.650694 0 0.0208333 0
0 0.65 0 0.0194444 0
0 0.341667 0 0.0194444 0
0 0.552778 0 0.0444444 0
0 0.457639 1 0.0902778 0
0 0.341667 0 0.0194444 0
0 0.650694 0 0.0180556 0
0 0.454167 1 0.0916667 0
0 0.26875 0 0.00694444 0
0 0.457639 1 0.0958333 0
0 0.340972 0 0.0208333 0
0 0.552778 0 0.0444444 0
0 0.65 0 0.0194444 0
0 0.341667 0 0.0194444 0
0 0.650694 0 0.0180556 0
0 0.454861 1 0.0902778 0
0 0.65 0 0.0194444 0
0 0.340972 0 0.0180556 0
0 0.452778 1 0.0888889 0
0 0.65 0 0.0194444 0
0 0.340972 0 0.0180556 0
0 0.452778 1 0.0888889 0
0 0.455556 1 0.0916667 0
0 0.65 0 0.0194444 0
0 0.340972 0 0.0180556 0
0 0.455556 1 0.0916667 0
0 0.65 0 0.0194444 0
0 0.340972 0 0.0180556 0
0 0.454861 1 0.0930556 0
0 0.649306 0 0.0180556 0
0 0.340972 0 0.0180556 0
0 0.340278 0 0.0194444 0
0 0.649306 0 0.0180556 0
0 0.452083 1 0.0902778 0
0 0.340278 0 0.0194444 0
0 0.649306 0 0.0180556 0
0 0.453472 1 0.0902778 0
0 0.340278 0 0.0194444 0
0 0.65 0 0.0166667 0
0 0.452083 1 0.0875 0
0 0.649306 0 0.0180556 0
0 0.340278 0 0.0194444 0
0 0.452083 1 0.0875 0
0 0.649306 0 0.0180556 0
0 0.340278 0 0.0194444 0
0 0.452083 1 0.0875 0
0 0.340278 0 0.0194444 0
0 0.649306 0 0.0180556 0
0 0.452083 1 0.0875 0
0 0.340278 0 0.0194444 0
0 0.649306 0 0.0180556 0
0 0.452083 1 0.0875 0
0 0.648611 0 0.0194444 0
0 0.340278 0 0.0194444 0
0 0.452083 1 0.0875 0
0 0.339583 0 0.0208333 0
0 0.649306 0 0.0208333 0
0 0.452778 1 0.0861111 0
0 0.551389 0 0.0388889 0
0 0.452778 1 0.0861111 0
0 0.648611 0 0.0194444 0
0 0.339583 0 0.0208333 0
0 0.452778 1 0.0888889 0
0 0.65 0 0.0194444 0
0 0.340278 0 0.0194444 0
0 0.550694 0 0.0402778 0
0 0.648611 0 0.0194444 0
0 0.340278 0 0.0194444 0
0 0.452778 1 0.0861111 0
0 0.339583 0 0.0208333 0
0 0.648611 0 0.0166667 0
0 0.451389 1 0.0833333 0
0 0.551389 0 0.0444444 0
0 0.339583 0 0.0208333 0
0 0.648611 0 0.0166667 0
0 0.451389 1 0.0861111 0
0 0.552083 0 0.0375 0
0 0.45 1 0.0861111 0
0 0.649306 0 0.0180556 0
0 0.339583 0 0.0208333 0
0 0.551389 0 0.0444444 0
0 0.649306 0 0.0180556 0
0 0.338889 0 0.0222222 0
0 0.450694 1 0.0819444 0
0 0.552083 0 0.0430556 0
0 0.648611 0 0.0166667 0
0 0.340278 0 0.0194444 0
0 0.448611 1 0.0805556 0
0 0.550694 0 0.0402778 0
0 0.338889 0 0.0222222 0
0 0.648611 0 0.0194444 0
0 0.45 1 0.0805556 0
0 0.648611 0 0.0194444 0
0 0.550694 0 0.0402778 0
0 0.339583 0 0.0208333 0
0 0.447917 1 0.0791667 0
0 0.55 0 0.0388889 0
0 0.339583 0 0.0208333 0
0 0.648611 0 0.0194444 0
0 0.448611 1 0.0805556 0
0 0.55 0 0.0416667 0
0 0.648611 0 0.0194444 0
0 0.339583 0 0.0208333 0
0 0.447917 1 0.0819444 0
0 0.339583 0 0.0208333 0
0 0.648611 0 0.0194444 0
0 0.447917 1 0.0819444 0
0 0.55 0 0.0388889 0
0 0.339583 0 0.0208333 0
0 0.647917 0 0.0208333 0
0 0.446528 1 0.0791667 0
0 0.55 0 0.0361111 0
0 0.339583 0 0.0208333 0
0 0.647917 0 0.0208333 0
0 0.447222 1 0.0805556 0
0 0.55 0 0.0388889 0
0 0.338889 0 0.0222222 0
0 0.647917 0 0.0208333 0
0 0.447917 1 0.0819444 0
0 0.55 0 0.0388889 0
0 0.447917 1 0.0819444 0
0 0.338889 0 0.0222222 0
0 0.647917 0 0.0208333 0
0 0.647917 0 0.0208333 0
0 0.448611 1 0.0833333 0
0 0.550694 0 0.0430556 0
0 0.339583 0 0.0208333 0
0 0.55 0 0.0416667 0
0 0.647917 0 0.0208333 0
0 0.339583 0 0.0208333 0
0 0.448611 1 0.0833333 0
0 0.55 0 0.0444444 0
0 0.647917 0 0.0208333 0
0 0.338889 0 0.0194444 0
0 0.448611 1 0.0833333 0
0 0.55 0 0.0416667 0
0 0.647917 0 0.0208333 0
0 0.339583 0 0.0208333 0
0 0.448611 1 0.0833333 0
0 0.647917 0 0.0208333 0
0 0.550694 0 0.0430556 0
0 0.339583 0 0.0208333 0
0 0.448611 1 0.0833333 0
0 0.549306 0 0.0430556 0
0 0.648611 0 0.0194444 0
0 0.339583 0 0.0208333 0
0 0.447222 1 0.0805556 0
0 0.549306 0 0.0430556 0
0 0.648611 0 0.0194444 0
0 0.339583 0 0.0208333 0
0 0.447222 1 0.0805556 0
0 0.55 0 0.0416667 0
0 0.647917 0 0.0208333 0
0 0.338889 0 0.0222222 0
0 0.448611 1 0.0833333 0
0 0.55 0 0.0416667 0
0 0.647917 0 0.0208333 0
0 0.338889 0 0.0222222 0
0 0.447222 1 0.0805556 0
0 0.647917 0 0.0208333 0
0 0.550694 0 0.0430556 0
0 0.338889 0 0.0222222 0
0 0.446528 1 0.0791667 0
0 0.55 0 0.0416667 0
0 0.647917 0 0.0208333 0
0 0.446528 1 0.0791667 0
0 0.338889 0 0.0222222 0
0 0.55 0 0.0416667 0
0 0.647917 0 0.0208333 0
0 0.445833 1 0.0777778 0
0 0.338889 0 0.0222222 0
0 0.647917 0 0.0208333 0
0 0.445833 1 0.0777778 0
0 0.338194 0 0.0208333 0
0 0.647917 0 0.0208333 0
0 0.446528 1 0.0791667 0
0 0.338194 0 0.0208333 0
0 0.445833 1 0.0805556 0
0 0.647917 0 0.0208333 0
0 0.338194 0 0.0208333 0
0 0.446528 1 0.0819444 0
0 0.647917 0 0.0208333 0
0 0.338194 0 0.0208333 0
0 0.648611 0 0.0222222 0
0 0.338194 0 0.0208333 0
0 0.447222 1 0.0833333 0
0 0.647917 0 0.0208333 0
0 0.338194 0 0.0208333 0
0 0.55 0 0.0416667 0
0 0.447917 1 0.0819444 0
0 0.647917 0 0.0208333 0
0 0.338194 0 0.0208333 0
0 0.55 0 0.0416667 0
0 0.447917 1 0.0819444 0
0 0.647917 0 0.0208333 0
0 0.338194 0 0.0208333 0
0 0.447222 1 0.0805556 0
0 0.647917 0 0.0208333 0
0 0.338194 0 0.0208333 0
0 0.55 0 0.0416667 0
0 0.447222 1 0.0805556 0
0 0.647917 0 0.0208333 0
0 0.338194 0 0.0208333 0
0 0.447222 1 0.0805556 0
0 0.647917 0 0.0208333 0
0 0.338194 0 0.0208333 0
0 0.446528 1 0.0847222 0
0 0.648611 0 0.0222222 0
0 0.338194 0 0.0208333 0
0 0.549306 0 0.0430556 0
0 0.447222 1 0.0833333 0
0 0.647917 0 0.0208333 0
0 0.338194 0 0.0208333 0
0 0.447222 1 0.0833333 0
0 0.647917 0 0.0208333 0
0 0.338194 0 0.0208333 0
0 0.446528 1 0.0819444 0
0 0.647917 0 0.0208333 0
0 0.338194 0 0.0208333 0
0 0.446528 1 0.0791667 0
0 0.647917 0 0.0208333 0
0 0.338194 0 0.0208333 0
0 0.446528 1 0.0791667 0
0 0.647917 0 0.0208333 0
0 0.338194 0 0.0208333 0
0 0.549306 0 0.0430556 0
0 0.263194 0 0.00694444 0
0 0.445833 1 0.0777778 0
0 0.647917 0 0.0208333 0
0 0.338194 0 0.0208333 0
0 0.549306 0 0.0430556 0
0 0.447222 1 0.0777778 0
0 0.647222 0 0.0222222 0
0 0.338194 0 0.0208333 0
0 0.549306 0 0.0430556 0
0 0.446528 1 0.0791667 0
0 0.647917 0 0.0208333 0
0 0.338194 0 0.0208333 0
0 0.549306 0 0.0430556 0
0 0.445833 1 0.0777778 0
0 0.647917 0 0.0208333 0
0 0.338194 0 0.0208333 0
0 0.445139 1 0.0763889 0
0 0.647917 0 0.0208333 0
0 0.338194 0 0.0208333 0
0 0.549306 0 0.0430556 0
0 0.445833 1 0.0777778 0
0 0.647917 0 0.0208333 0
0 0.338194 0 0.0208333 0
0 0.549306 0 0.0430556 0
0 0.445833 1 0.0777778 0
0 0.647917 0 0.0208333 0
0 0.338194 0 0.0208333 0
0 0.549306 0 0.0430556 0
0 0.446528 1 0.0763889 0
0 0.647917 0 0.0208333 0
0 0.338194 0 0.0208333 0
0 0.445833 1 0.0777778 0
0 0.549306 0 0.0430556 0
0 0.647917 0 0.0208333 0
0 0.338194 0 0.0208333 0
0 0.549306 0 0.0430556 0
0 0.445833 1 0.0777778 0
0 0.647917 0 0.0208333 0
0 0.338194 0 0.0208333 0
0 0.548611 0 0.0444444 0
0 0.445833 1 0.0777778 0
0 0.647917 0 0.0208333 0
0 0.338194 0 0.0208333 0
0 0.548611 0 0.0444444 0
0 0.445833 1 0.0777778 0
0 0.647917 0 0.0208333 0
0 0.338194 0 0.0208333 0
0 0.446528 1 0.0763889 0
0 0.549306 0 0.0430556 0
0 0.647917 0 0.0208333 0
0 0.338194 0 0.0208333 0
0 0.549306 0 0.0430556 0
0 0.445833 1 0.0777778 0
0 0.647917 0 0.0208333 0
0 0.338194 0 0.0208333 0
0 0.549306 0 0.0430556 0
0 0.445833 1 0.0805556 0
0 0.647917 0 0.0208333 0
0 0.338194 0 0.0208333 0
0 0.549306 0 0.0430556 0
0 0.445833 1 0.0805556 0
0 0.647917 0 0.0208333 0
0 0.338194 0 0.0208333 0
0 0.446528 1 0.0819444 0
0 0.647917 0 0.0208333 0
0 0.338194 0 0.0208333 0
0 0.549306 0 0.0430556 0
0 0.647917 0 0.0208333 0
0 0.338194 0 0.0208333 0
0 0.446528 1 0.0791667 0
0 0.647917 0 0.0208333 0
0 0.338194 0 0.0208333 0
0 0.445833 1 0.0805556 0
0 0.647917 0 0.0208333 0
0 0.338194 0 0.0208333 0
0 0.549306 0 0.0430556 0
0 0.446528 1 0.0791667 0
0 0.647917 0 0.0208333 0
0 0.338194 0 0.0208333 0
0 0.648611 0 0.0222222 0
0 0.338194 0 0.0208333 0
0 0.445833 1 0.0805556 0
0 0.647917 0 0.0236111 0
0 0.338194 0 0.0208333 0
0 0.445833 1 0.0805556 0
0 0.647917 0 0.0208333 0
0 0.338194 0 0.0208333 0
0 0.647917 0 0.0208333 0
0 0.338194 0 0.0208333 0
0 0.647917 0 0.0208333 0
0 0.338194 0 0.0208333 0
0 0.549306 0 0.0430556 0
0 0.647917 0 0.0208333 0
0 0.338889 0 0.0222222 0
0 0.549306 0 0.0375 0
0 0.647917 0 0.0208333 0
0 0.338194 0 0.0208333 0
0 0.55 0 0.0444444 0
0 0.647917 0 0.0208333 0
0 0.338194 0 0.0208333 0
0 0.263194 0 0.00694444 0
0 0.549306 0 0.0430556 0
0 0.647917 0 0.0208333 0
0 0.338194 0 0.0208333 0
0 0.55 0 0.0444444 0
0 0.647917 0 0.0208333 0
0 0.338194 0 0.0208333 0
0 0.549306 0 0.0375 0
0 0.647917 0 0.0208333 0
0 0.338194 0 0.0208333 0
0 0.549306 0 0.0430556 0
0 0.647917 0 0.0208333 0
0 0.338194 0 0.0208333 0
0 0.549306 0 0.0430556 0
0 0.647917 0 0.0208333 0
0 0.338194 0 0.0208333 0
0 0.549306 0 0.0402778 0
0 0.647917 0 0.0208333 0
0 0.338194 0 0.0208333 0
0 0.549306 0 0.0430556 0
0 0.647917 0 0.0208333 0
0 0.338194 0 0.0208333 0
0 0.44375 1 0.0791667 0
0 0.549306 0 0.0375 0
0 0.647917 0 0.0208333 0
0 0.338194 0 0.0208333 0
0 0.443056 1 0.0777778 0
0 0.55 0 0.0444444 0
0 0.647222 0 0.0222222 0
0 0.338194 0 0.0208333 0
0 0.44375 1 0.0791667 0
0 0.549306 0 0.0430556 0
0 0.647222 0 0.0222222 0
0 0.338194 0 0.0208333 0
0 0.55 0 0.0444444 0
0 0.647222 0 0.0222222 0
0 0.338194 0 0.0208333 0
0 0.549306 0 0.0375 0
0 0.647222 0 0.0222222 0
0 0.338194 0 0.0208333 0
0 0.647222 0 0.0222222 0
0 0.338194 0 0.0208333 0
0 0.549306 0 0.0430556 0
0 0.647917 0 0.0208333 0
0 0.338194 0 0.0208333 0
0 0.548611 0 0.0361111 0
0 0.647917 0 0.0208333 0
0 0.338194 0 0.0208333 0
0 0.647917 0 0.0208333 0
0 0.338194 0 0.0208333 0
0 0.549306 0 0.0430556 0
0 0.647222 0 0.0222222 0
0 0.338194 0 0.0208333 0
0 0.647222 0 0.0222222 0
0 0.338194 0 0.0208333 0
0 0.647917 0 0.0208333 0
0 0.338194 0 0.0208333 0
0 0.647917 0 0.0208333 0
0 0.338194 0 0.0208333 0
0 0.647917 0 0.0236111 0
0 0.338889 0 0.0194444 0
0 0.647222 0 0.0222222 0
0 0.338194 0 0.0208333 0
0 0.647222 0 0.0222222 0
0 0.338194 0 0.0208333 0
0 0.647917 0 0.0208333 0
0 0.338194 0 0.0208333 0
0 0.647917 0 0.0208333 0
0 0.338194 0 0.0208333 0
0 0.647917 0 0.0208333 0
0 0.338194 0 0.0208333 0
0 0.393056 0 0.00555556 0
0 0.647917 0 0.0208333 0
0 0.338194 0 0.0208333 0
0 0.647222 0 0.0222222 0
0 0.338889 0 0.0194444 0
0 0.647917 0 0.0208333 0
0 0.338194 0 0.0208333 0
0 0.647222 0 0.0222222 0
0 0.338889 0 0.0194444 0
0 0.647917 0 0.0208333 0
0 0.338194 0 0.0208333 0
0 0.647917 0 0.0208333 0
0 0.338194 0 0.0208333 0
0 0.647917 0 0.0208333 0
0 0.338889 0 0.0194444 0
0 0.647917 0 0.0208333 0
0 0.338194 0 0.0208333 0
0 0.393056 0 0.00555556 0
0 0.647917 0 0.0208333 0
0 0.338194 0 0.0208333 0
0 0.647222 0 0.0222222 0
0 0.338889 0 0.0194444 0
0 0.647917 0 0.0208333 0
0 0.338194 0 0.0208333 0
0 0.647222 0 0.0222222 0
0 0.338889 0 0.0194444 0
0 0.647917 0 0.0208333 0
0 0.338194 0 0.0208333 0
0 0.647917 0 0.0208333 0
0 0.338194 0 0.0208333 0
0 0.338194 0 0.0208333 0
0 0.647917 0 0.0236111 0
0 0.647917 0 0.0208333 0
0 0.338889 0 0.0194444 0
0 0.647917 0 0.0208333 0
0 0.338889 0 0.0194444 0
0 0.647917 0 0.0236111 0
0 0.338194 0 0.0208333 0
0 0.647917 0 0.0208333 0
0 0.338889 0 0.0194444 0
0 0.647917 0 0.0236111 0
0 0.338194 0 0.0208333 0
0 0.647222 0 0.0222222 0
0 0.338889 0 0.0194444 0
0 0.647222 0 0.0222222 0
0 0.338889 0 0.0194444 0
0 0.647917 0 0.0208333 0
0 0.338194 0 0.0208333 0
0 0.647917 0 0.0208333 0
0 0.338194 0 0.0208333 0
0 0.338194 0 0.0208333 0
0 0.647917 0 0.0208333 0
0 0.269444 0 0.00833333 0
0 0.647222 0 0.0222222 0
0 0.338194 0 0.0208333 0
0 0.338194 0 0.0208333 0
0 0.647917 0 0.0208333 0
0 0.647917 0 0.0236111 0
0 0.338194 0 0.0208333 0
0 0.647222 0 0.0222222 0
0 0.338889 0 0.0194444 0
0 0.647222 0 0.0222222 0
0 0.338889 0 0.0194444 0
0 0.647917 0 0.0236111 0
0 0.338194 0 0.0208333 0
0 0.647917 0 0.0236111 0
0 0.338194 0 0.0208333 0
0 0.647917 0 0.0208333 0
0 0.338194 0 0.0208333 0
0 0.647917 0 0.0208333 0
0 0.338194 0 0.0208333 0
0 0.647917 0 0.0208333 0
0 0.338194 0 0.0208333 0
0 0.548611 0 0.0361111 0
0 0.270139 0 0.00694444 0
0 0.647917 0 0.0208333 0
0 0.338194 0 0.0208333 0
0 0.647917 0 0.0208333 0
0 0.338194 0 0.0208333 0
0 0.549306 0 0.0375 0
0 0.647917 0 0.0208333 0
0 0.338194 0 0.0208333 0
0 0.647222 0 0.0222222 0
0 0.338194 0 0.0208333 0
0 0.647917 0 0.0208333 0
0 0.338194 0 0.0208333 0
0 0.549306 0 0.0430556 0
0 0.647222 0 0.0222222 0
0 0.338194 0 0.0208333 0
0 0.549306 0 0.0430556 0
0 0.647917 0 0.0208333 0
0 0.338194 0 0.0208333 0
0 0.549306 0 0.0430556 0
0 0.647917 0 0.0208333 0
0 0.338194 0 0.0208333 0
0 0.549306 0 0.0375 0
0 0.647917 0 0.0208333 0
0 0.338194 0 0.0208333 0
0 0.338194 0 0.0208333 0
0 0.647917 0 0.0208333 0
0 0.55 0 0.0361111 0
0 0.647917 0 0.0208333 0
0 0.338194 0 0.0208333 0
0 0.647222 0 0.0222222 0
0 0.338194 0 0.0208333 0
0 0.647222 0 0.0222222 0
0 0.338194 0 0.0208333 0
0 0.647222 0 0.0222222 0
0 0.338194 0 0.0208333 0
0 0.647222 0 0.0222222 0
0 0.338194 0 0.0208333 0
0 0.647222 0 0.0222222 0
0 0.338194 0 0.0208333 0
0 0.549306 0 0.0430556 0
0 0.647222 0 0.0222222 0
0 0.338194 0 0.0208333 0
0 0.647222 0 0.0222222 0
0 0.338194 0 0.0208333 0
0 0.549306 0 0.0430556 0
0 0.647222 0 0.0222222 0
0 0.338194 0 0.0208333 0
0 0.647917 0 0.0208333 0
0 0.338194 0 0.0208333 0
0 0.549306 0 0.0430556 0
0 0.647222 0 0.0222222 0
0 0.338194 0 0.0208333 0
0 0.549306 0 0.0430556 0
0 0.647222 0 0.0222222 0
0 0.338194 0 0.0208333 0
0 0.548611 0 0.0444444 0
0 0.647917 0 0.0208333 0
0 0.338194 0 0.0208333 0
0 0.548611 0 0.0444444 0
0 0.647222 0 0.0222222 0
0 0.338194 0 0.0208333 0
0 0.548611 0 0.0444444 0
0 0.647222 0 0.0222222 0
0 0.338194 0 0.0208333 0
0 0.647222 0 0.0222222 0
0 0.338194 0 0.0208333 0
0 0.646528 0 0.0236111 0
0 0.338194 0 0.0208333 0
0 0.647222 0 0.0222222 0
0 0.338194 0 0.0208333 0
0 0.647222 0 0.0222222 0
0 0.338194 0 0.0208333 0
0 0.647222 0 0.0222222 0
0 0.338194 0 0.0208333 0
0 0.647222 0 0.0222222 0
0 0.338194 0 0.0208333 0
0 0.646528 0 0.0236111 0
0 0.338194 0 0.0208333 0
0 0.547917 0 0.0430556 0
0 0.338889 0 0.0194444 0
0 0.647222 0 0.0222222 0
0 0.338194 0 0.0208333 0
0 0.647222 0 0.0222222 0
0 0.338889 0 0.0194444 0
0 0.647222 0 0.0222222 0
0 0.548611 0 0.0416667 0
0 0.339583 0 0.0208333 0
0 0.647222 0 0.0222222 0
0 0.549306 0 0.0430556 0
0 0.646528 0 0.0236111 0
0 0.339583 0 0.0208333 0
0 0.338889 0 0.0194444 0
0 0.647222 0 0.0222222 0
0 0.338889 0 0.0194444 0
0 0.647222 0 0.0222222 0
0 0.549306 0 0.0430556 0
0 0.647222 0 0.0222222 0
0 0.339583 0 0.0208333 0
0 0.338889 0 0.0194444 0
0 0.647222 0 0.0222222 0
0 0.549306 0 0.0430556 0
0 0.647222 0 0.0222222 0
0 0.338889 0 0.0194444 0
0 0.646528 0 0.0208333 0
0 0.338889 0 0.0194444 0
0 0.454861 0 0.0319444 0
0 0.339583 0 0.0208333 0
0 0.646528 0 0.0208333 0
0 0.455556 0 0.0333333 0
0 0.339583 0 0.0208333 0
0 0.646528 0 0.0208333 0
0 0.455556 0 0.0333333 0
0 0.339583 0 0.0208333 0
0 0.646528 0 0.0208333 0
0 0.454861 0 0.0347222 0
0 0.339583 0 0.0208333 0
0 0.645833 0 0.0222222 0
0 0.549306 0 0.0430556 0
0 0.339583 0 0.0208333 0
0 0.454861 0 0.0347222 0
0 0.645833 0 0.0222222 0
0 0.338889 0 0.0222222 0
0 0.454861 0 0.0347222 0
0 0.645833 0 0.0222222 0
0 0.548611 0 0.0416667 0
0 0.340278 0 0.0222222 0
0 0.645833 0 0.0222222 0
0 0.340278 0 0.0222222 0
0 0.645139 0 0.0208333 0
0 0.645139 0 0.0208333 0
0 0.340972 0 0.0208333 0
0 0.644444 0 0.0222222 0
0 0.340972 0 0.0208333 0
0 0.644444 0 0.0222222 0
0 0.340278 0 0.0194444 0
0 0.644444 0 0.0222222 0
0 0.340278 0 0.0194444 0
0 0.643056 0 0.0222222 0
0 0.340972 0 0.0208333 0
0 0.64375 0 0.0208333 0
0 0.340972 0 0.0208333 0
0 0.797917 0 0.0263889 0
0 0.64375 0 0.0208333 0
0 0.340972 0 0.0208333 0
0 0.64375 0 0.0208333 0
0 0.341667 0 0.0222222 0
0 0.64375 0 0.0208333 0
0 0.341667 0 0.0222222 0
0 0.64375 0 0.0208333 0
0 0.341667 0 0.0222222 0
0 0.797222 0 0.025 0
0 0.342361 0 0.0208333 0
0 0.643056 0 0.0194444 0
0 0.796528 0 0.0236111 0
0 0.447917 1 0.106944 0
0 0.342361 0 0.0208333 0
0 0.643056 0 0.0194444 0
0 0.796528 0 0.0236111 0
0 0.342361 0 0.0208333 0
0 0.642361 0 0.0208333 0
0 0.342361 0 0.0208333 0
0 0.642361 0 0.0208333 0
0 0.546528 0 0.0430556 0
0 0.342361 0 0.0208333 0
0 0.642361 0 0.0208333 0
0 0.343056 0 0.0194444 0
0 0.641667 0 0.0194444 0
0 0.343056 0 0.0194444 0
0 0.641667 0 0.0194444 0
0 0.344444 0 0.0222222 0
0 0.445833 1 0.119444 0
0 0.640972 0 0.0208333 0
0 0.344444 0 0.0222222 0
0 0.445833 1 0.119444 0
0 0.640972 0 0.0208333 0
0 0.792361 0 0.0208333 0
0 0.446528 1 0.120833 0
0 0.545139 0 0.0375 0
0 0.345139 0 0.0208333 0
0 0.640278 0 0.0194444 0
0 0.544444 0 0.0388889 0
0 0.446528 1 0.115278 0
0 0.345139 0 0.0208333 0
0 0.640278 0 0.0194444 0
0 0.545139 0 0.0402778 0
0 0.447917 1 0.1125 0
0 0.344444 0 0.0194444 0
0 0.640278 0 0.0194444 0
0 0.545833 0 0.0388889 0
0 0.448611 1 0.113889 0
0 0.344444 0 0.0194444 0
0 0.638889 0 0.0194444 0
0 0.546528 0 0.0402778 0
0 0.448611 1 0.113889 0
0 0.638889 0 0.0194444 0
0 0.344444 0 0.0194444 0
0 0.790278 0 0.0194444 0
0 0.448611 1 0.113889 0
0 0.344444 0 0.0194444 0
0 0.638889 0 0.0194444 0
0 0.790278 0 0.0194444 0
0 0.448611 1 0.113889 0
0 0.344444 0 0.0194444 0
0 0.638889 0 0.0194444 0
0 0.789583 0 0.0180556 0
0 0.545833 0 0.0388889 0
0 0.45 1 0.111111 0
0 0.638889 0 0.0194444 0
0 0.345833 0 0.0194444 0
0 0.345833 0 0.0194444 0
0 0.45 1 0.108333 0
0 0.638194 0 0.0180556 0
0 0.545833 0 0.0388889 0
0 0.638194 0 0.0180556 0
0 0.447917 1 0.104167 0
0 0.345833 0 0.0194444 0
0 0.636806 0 0.0208333 0
0 0.346528 0 0.0180556 0
0 0.448611 1 0.105556 0
0 0.6375 0 0.0194444 0
0 0.448611 1 0.105556 0
0 0.345833 0 0.0194444 0
0 0.785417 0 0.0208333 0
0 0.346528 0 0.0208333 0
0 0.636806 0 0.0180556 0
0 0.448611 1 0.102778 0
0 0.277083 0 0.00694444 0
0 0.786111 0 0.0194444 0
0 0.636806 0 0.0180556 0
0 0.346528 0 0.0208333 0
0 0.449306 1 0.104167 0
0 0.785417 0 0.0208333 0
0 0.636806 0 0.0180556 0
0 0.346528 0 0.0208333 0
0 0.449306 1 0.104167 0
0 0.784722 0 0.0194444 0
0 0.636806 0 0.0180556 0
0 0.346528 0 0.0208333 0
0 0.449306 1 0.104167 0
0 0.636806 0 0.0180556 0
0 0.45 1 0.102778 0
0 0.347222 0 0.0194444 0
0 0.785417 0 0.0208333 0
0 0.347222 0 0.0194444 0
0 0.636111 0 0.0194444 0
0 0.449306 1 0.0986111 0
0 0.784722 0 0.0194444 0
0 0.635417 0 0.0180556 0
0 0.347222 0 0.0194444 0
0 0.447917 1 0.0986111 0
0 0.784028 0 0.0208333 0
0 0.348611 0 0.0194444 0
0 0.636111 0 0.0194444 0
0 0.448611 1 0.0972222 0
0 0.347917 0 0.0208333 0
0 0.635417 0 0.0208333 0
0 0.449306 1 0.0958333 0
0 0.347917 0 0.0208333 0
0 0.635417 0 0.0208333 0
0 0.448611 1 0.0972222 0
0 0.347917 0 0.0208333 0
0 0.635417 0 0.0208333 0
0 0.448611 1 0.0972222 0
0 0.348611 0 0.0194444 0
0 0.634722 0 0.0194444 0
0 0.448611 1 0.0972222 0
0 0.347917 0 0.0208333 0
0 0.635417 0 0.0208333 0
0 0.447917 1 0.0958333 0
0 0.348611 0 0.0194444 0
0 0.635417 0 0.0208333 0
0 0.447917 1 0.0958333 0
0 0.347917 0 0.0208333 0
0 0.634028 0 0.0208333 0
0 0.448611 1 0.0944444 0
0 0.348611 0 0.0194444 0
0 0.634028 0 0.0208333 0
0 0.449306 1 0.0958333 0
0 0.349306 0 0.0208333 0
0 0.634028 0 0.0208333 0
0 0.448611 1 0.0944444 0
0 0.456944 0 0.0333333 0
0 0.349306 0 0.0208333 0
0 0.634028 0 0.0208333 0
0 0.449306 1 0.0930556 0
0 0.779861 0 0.0180556 0
0 0.45625 0 0.0347222 0
0 0.349306 0 0.0208333 0
0 0.634028 0 0.0208333 0
0 0.449306 1 0.0930556 0
0 0.35 0 0.0194444 0
0 0.633333 0 0.0194444 0
0 0.45 1 0.0916667 0
0 0.35 0 0.0194444 0
0 0.633333 0 0.0194444 0
0 0.45 1 0.0916667 0
0 0.35 0 0.0194444 0
0 0.633333 0 0.0194444 0
0 0.45 1 0.0916667 0
0 0.777778 0 0.0194444 0
0 0.35 0 0.0194444 0
0 0.633333 0 0.0194444 0
0 0.45 1 0.0916667 0
0 0.777778 0 0.0194444 0
0 0.35 0 0.0194444 0
0 0.633333 0 0.0194444 0
0 0.45 1 0.0916667 0
0 0.350694 0 0.0180556 0
0 0.633333 0 0.0194444 0
0 0.450694 1 0.0902778 0
0 0.350694 0 0.0180556 0
0 0.633333 0 0.0194444 0
0 0.450694 1 0.0902778 0
0 0.351389 0 0.0194444 0
0 0.633333 0 0.0194444 0
0 0.451389 1 0.0916667 0
0 0.351389 0 0.0194444 0
0 0.631944 0 0.0194444 0
0 0.451389 1 0.0916667 0
0 0.351389 0 0.0194444 0
0 0.631944 0 0.0194444 0
0 0.450694 1 0.0902778 0
0 0.632639 0 0.0208333 0
0 0.351389 0 0.0194444 0
0 0.450694 1 0.0902778 0
0 0.352778 0 0.0194444 0
0 0.63125 0 0.0180556 0
0 0.451389 1 0.0916667 0
0 0.352778 0 0.0194444 0
0 0.452083 1 0.0902778 0
0 0.352778 0 0.0194444 0
0 0.630556 0 0.0194444 0
0 0.452778 1 0.0916667 0
0 0.352778 0 0.0194444 0
0 0.630556 0 0.0194444 0
0 0.452778 1 0.0916667 0
0 0.630556 0 0.0194444 0
0 0.452083 1 0.0902778 0
0 0.352778 0 0.0194444 0
0 0.629861 0 0.0180556 0
0 0.452778 1 0.0888889 0
0 0.629861 0 0.0180556 0
0 0.452778 1 0.0888889 0
0 0.353472 0 0.0180556 0
0 0.629167 0 0.0166667 0
0 0.452083 1 0.0902778 0
0 0.354167 0 0.0194444 0
0 0.629167 0 0.0166667 0
0 0.452778 1 0.0916667 0
0 0.354167 0 0.0194444 0
0 0.628472 0 0.0180556 0
0 0.452778 1 0.0916667 0
0 0.354861 0 0.0180556 0
0 0.628472 0 0.0180556 0
0 0.452778 1 0.0916667 0
0 0.354167 0 0.0194444 0
0 0.628472 0 0.0180556 0
0 0.453472 1 0.0902778 0
0 0.354167 0 0.0194444 0
0 0.628472 0 0.0180556 0
0 0.453472 1 0.0902778 0
0 0.628472 0 0.0180556 0
0 0.454167 1 0.0916667 0
0 0.628472 0 0.0180556 0
0 0.454167 1 0.0916667 0
0 0.354861 0 0.0180556 0
0 0.627778 0 0.0194444 0
0 0.453472 1 0.0902778 0
0 0.355556 0 0.0194444 0
0 0.627778 0 0.0194444 0
0 0.454167 1 0.0916667 0
0 0.355556 0 0.0194444 0
0 0.454167 1 0.0944444 0
0 0.356944 0 0.0194444 0
0 0.627778 0 0.0194444 0
0 0.454861 1 0.0930556 0
0 0.627083 0 0.0180556 0
0 0.454861 1 0.0930556 0
0 0.627083 0 0.0180556 0
0 0.454167 1 0.0916667 0
0 0.627083 0 0.0180556 0
0 0.454167 1 0.0916667 0
0 0.627083 0 0.0180556 0
0 0.454167 1 0.0916667 0
0 0.454167 1 0.0916667 0
0 0.626389 0 0.0166667 0
0 0.454167 1 0.0888889 0
0 0.454861 1 0.0902778 0
0 0.357639 0 0.0180556 0
0 0.626389 0 0.0194444 0
0 0.455556 1 0.0888889 0
0 0.357639 0 0.0180556 0
0 0.455556 1 0.0888889 0
0 0.625694 0 0.0180556 0
0 0.456944 1 0.0888889 0
0 0.357639 0 0.0180556 0
0 0.625694 0 0.0152778 0
0 0.456944 1 0.0888889 0
0 0.625694 0 0.0152778 0
0 0.456944 1 0.0888889 0
0 0.625694 0 0.0152778 0
0 0.456944 1 0.0888889 0
0 0.357639 0 0.0180556 0
0 0.625 0 0.0166667 0
0 0.456944 1 0.0861111 0
0 0.625 0 0.0166667 0
0 0.358333 0 0.0194444 0
0 0.456944 1 0.0888889 0
0 0.359028 0 0.0180556 0
0 0.625 0 0.0166667 0
0 0.456944 1 0.0888889 0
0 0.624306 0 0.0180556 0
0 0.359028 0 0.0180556 0
0 0.457639 1 0.0875 0
0 0.625 0 0.0194444 0
0 0.457639 1 0.0902778 0
0 0.457639 1 0.0902778 0
0 0.625 0 0.0194444 0
0 0.457639 1 0.0902778 0
0 0.625 0 0.0194444 0
0 0.458333 1 0.0888889 0
0 0.458333 1 0.0888889 0
0 0.458333 1 0.0888889 0
0 0.359028 0 0.0208333 0
0 0.459028 1 0.0875 0
0 0.359028 0 0.0208333 0
0 0.459028 1 0.0875 0
0 0.625 0 0.0194444 0
0 0.459028 1 0.0875 0
0 0.623611 0 0.0194444 0
0 0.459028 1 0.0875 0
0 0.623611 0 0.0194444 0
0 0.459028 1 0.0875 0
0 0.623611 0 0.0194444 0
0 0.459028 1 0.0875 0
0 0.624306 0 0.0180556 0
0 0.458333 1 0.0861111 0
0 0.623611 0 0.0194444 0
0 0.359722 0 0.0194444 0
0 0.458333 1 0.0861111 0
0 0.623611 0 0.0194444 0
0 0.459028 1 0.0875 0
0 0.359722 0 0.0194444 0
0 0.623611 0 0.0194444 0
0 0.458333 1 0.0861111 0
0 0.624306 0 0.0180556 0
0 0.458333 1 0.0861111 0
0 0.623611 0 0.0194444 0
0 0.458333 1 0.0861111 0
0 0.623611 0 0.0194444 0
0 0.458333 1 0.0861111 0
0 0.623611 0 0.0194444 0
0 0.458333 1 0.0861111 0
0 0.623611 0 0.0194444 0
0 0.458333 1 0.0861111 0
0 0.623611 0 0.0194444 0
0 0.459028 1 0.0875 0
0 0.623611 0 0.0194444 0
0 0.359722 0 0.0194444 0
0 0.458333 1 0.0861111 0
0 0.623611 0 0.0194444 0
0 0.359722 0 0.0194444 0
0 0.458333 1 0.0861111 0
0 0.623611 0 0.0194444 0
0 0.458333 1 0.0861111 0
0 0.623611 0 0.0194444 0
0 0.458333 1 0.0861111 0
0 0.624306 0 0.0180556 0
0 0.458333 1 0.0861111 0
0 0.623611 0 0.0194444 0
0 0.458333 1 0.0861111 0
0 0.623611 0 0.0194444 0
0 0.458333 1 0.0861111 0
0 0.624306 0 0.0180556 0
0 0.458333 1 0.0861111 0
0 0.623611 0 0.0194444 0
0 0.458333 1 0.0861111 0
0 0.623611 0 0.0194444 0
0 0.458333 1 0.0861111 0
0 0.623611 0 0.0194444 0
0 0.458333 1 0.0861111 0
0 0.623611 0 0.0194444 0
0 0.458333 1 0.0861111 0
0 0.359722 0 0.0194444 0
0 0.623611 0 0.0194444 0
0 0.458333 1 0.0861111 0
0 0.623611 0 0.0194444 0
0 0.458333 1 0.0861111 0
0 0.359722 0 0.0194444 0
0 0.623611 0 0.0194444 0
0 0.458333 1 0.0861111 0
0 0.624306 0 0.0180556 0
0 0.458333 1 0.0861111 0
0 0.623611 0 0.0194444 0
0 0.458333 1 0.0861111 0
0 0.624306 0 0.0180556 0
0 0.458333 1 0.0861111 0
0 0.623611 0 0.0194444 0
0 0.458333 1 0.0861111 0
0 0.623611 0 0.0194444 0
0 0.458333 1 0.0861111 0
0 0.623611 0 0.0194444 0
0 0.458333 1 0.0861111 0
0 0.623611 0 0.0194444 0
0 0.458333 1 0.0861111 0
0 0.359722 0 0.0194444 0
0 0.623611 0 0.0194444 0
0 0.458333 1 0.0861111 0
0 0.623611 0 0.0194444 0
0 0.458333 1 0.0861111 0
0 0.359722 0 0.0194444 0
0 0.623611 0 0.0194444 0
0 0.458333 1 0.0861111 0
0 0.624306 0 0.0180556 0
0 0.458333 1 0.0861111 0
0 0.623611 0 0.0194444 0
0 0.458333 1 0.0861111 0
0 0.624306 0 0.0180556 0
0 0.458333 1 0.0861111 0
0 0.623611 0 0.0194444 0
0 0.458333 1 0.0861111 0
0 0.623611 0 0.0194444 0
0 0.458333 1 0.0861111 0
0 0.623611 0 0.0194444 0
0 0.458333 1 0.0861111 0
0 0.359722 0 0.0194444 0
0 0.623611 0 0.0194444 0
0 0.458333 1 0.0861111 0
0 0.623611 0 0.0194444 0
0 0.458333 1 0.0861111 0
0 0.359722 0 0.0194444 0
0 0.623611 0 0.0194444 0
0 0.458333 1 0.0861111 0
0 0.624306 0 0.0180556 0
0 0.458333 1 0.0861111 0
0 0.623611 0 0.0194444 0
0 0.458333 1 0.0861111 0
0 0.624306 0 0.0180556 0
0 0.458333 1 0.0861111 0
0 0.624306 0 0.0180556 0
0 0.458333 1 0.0861111 0
0 0.623611 0 0.0194444 0
0 0.458333 1 0.0861111 0
0 0.623611 0 0.0194444 0
0 0.458333 1 0.0861111 0
0 0.623611 0 0.0194444 0
0 0.458333 1 0.0861111 0
0 0.623611 0 0.0194444 0
0 0.458333 1 0.0861111 0
0 0.623611 0 0.0194444 0
0 0.359722 0 0.0194444 0
0 0.457639 1 0.0847222 0
0 0.623611 0 0.0194444 0
0 0.457639 1 0.0847222 0
0 0.359722 0 0.0194444 0
0 0.623611 0 0.0194444 0
0 0.457639 1 0.0847222 0
0 0.624306 0 0.0180556 0
0 0.457639 1 0.0847222 0
0 0.623611 0 0.0194444 0
0 0.457639 1 0.0847222 0
0 0.623611 0 0.0194444 0
0 0.457639 1 0.0847222 0
0 0.624306 0 0.0180556 0
0 0.457639 1 0.0847222 0
0 0.623611 0 0.0194444 0
0 0.457639 1 0.0847222 0
0 0.623611 0 0.0194444 0
0 0.457639 1 0.0847222 0
0 0.623611 0 0.0194444 0
0 0.457639 1 0.0847222 0
0 0.623611 0 0.0194444 0
0 0.359722 0 0.0194444 0
0 0.457639 1 0.0847222 0
0 0.623611 0 0.0194444 0
0 0.457639 1 0.0847222 0
0 0.623611 0 0.0194444 0
0 0.457639 1 0.0847222 0
0 0.359722 0 0.0194444 0
0 0.623611 0 0.0194444 0
0 0.457639 1 0.0847222 0
0 0.624306 0 0.0180556 0
0 0.457639 1 0.0847222 0
0 0.623611 0 0.0194444 0
0 0.457639 1 0.0847222 0
0 0.623611 0 0.0194444 0
0 0.457639 1 0.0847222 0
0 0.624306 0 0.0180556 0
0 0.457639 1 0.0847222 0
0 0.623611 0 0.0194444 0
0 0.457639 1 0.0847222 0
0 0.623611 0 0.0194444 0
0 0.457639 1 0.0847222 0
0 0.623611 0 0.0194444 0
0 0.457639 1 0.0847222 0
0 0.623611 0 0.0194444 0
0 0.457639 1 0.0847222 0
0 0.623611 0 0.0194444 0
0 0.457639 1 0.0847222 0
0 0.623611 0 0.0194444 0
0 0.359722 0 0.0194444 0
0 0.457639 1 0.0847222 0
0 0.623611 0 0.0194444 0
0 0.457639 1 0.0847222 0
0 0.359722 0 0.0194444 0
0 0.623611 0 0.0194444 0
0 0.457639 1 0.0847222 0
0 0.624306 0 0.0180556 0
0 0.457639 1 0.0847222 0
0 0.623611 0 0.0194444 0
0 0.457639 1 0.0847222 0
0 0.623611 0 0.0194444 0
0 0.457639 1 0.0847222 0
0 0.624306 0 0.0180556 0
0 0.457639 1 0.0847222 0
0 0.623611 0 0.0194444 0
0 0.457639 1 0.0847222 0
0 0.623611 0 0.0194444 0
0 0.457639 1 0.0847222 0
0 0.623611 0 0.0194444 0
0 0.457639 1 0.0847222 0
0 0.623611 0 0.0194444 0
0 0.457639 1 0.0847222 0
0 0.623611 0 0.0194444 0
0 0.359722 0 0.0194444 0
0 0.457639 1 0.0847222 0
0 0.623611 0 0.0194444 0
0 0.457639 1 0.0847222 0
0 0.359722 0 0.0194444 0
0 0.623611 0 0.0194444 0
0 0.457639 1 0.0847222 0
0 0.359722 0 0.0194444 0
0 0.623611 0 0.0194444 0
0 0.457639 1 0.0847222 0
0 0.624306 0 0.0180556 0
0 0.457639 1 0.0847222 0
0 0.623611 0 0.0194444 0
0 0.457639 1 0.0847222 0
0 0.624306 0 0.0180556 0
0 0.457639 1 0.0847222 0
0 0.623611 0 0.0194444 0
0 0.457639 1 0.0847222 0
0 0.623611 0 0.0194444 0
0 0.457639 1 0.0847222 0
0 0.623611 0 0.0194444 0
0 0.457639 1 0.0847222 0
0 0.623611 0 0.0194444 0
0 0.457639 1 0.0847222 0
0 0.623611 0 0.0194444 0
0 0.359722 0 0.0194444 0
0 0.457639 1 0.0847222 0
0 0.623611 0 0.0194444 0
0 0.457639 1 0.0847222 0
0 0.623611 0 0.0194444 0
0 0.457639 1 0.0847222 0
0 0.359722 0 0.0194444 0
0 0.623611 0 0.0194444 0
0 0.457639 1 0.0847222 0
0 0.624306 0 0.0180556 0
0 0.457639 1 0.0847222 0
0 0.623611 0 0.0194444 0
0 0.457639 1 0.0847222 0
0 0.623611 0 0.0194444 0
0 0.457639 1 0.0847222 0
0 0.624306 0 0.0180556 0
0 0.457639 1 0.0847222 0
0 0.623611 0 0.0194444 0
0 0.457639 1 0.0847222 0
0 0.623611 0 0.0194444 0
0 0.457639 1 0.0847222 0
0 0.623611 0 0.0194444 0
0 0.457639 1 0.0847222 0
0 0.623611 0 0.0194444 0
0 0.457639 1 0.0847222 0
0 0.623611 0 0.0194444 0
0 0.359722 0 0.0194444 0
0 0.457639 1 0.0847222 0
0 0.623611 0 0.0194444 0
0 0.457639 1 0.0847222 0
0 0.623611 0 0.0194444 0
0 0.457639 1 0.0847222 0
0 0.359722 0 0.0194444 0
0 0.623611 0 0.0194444 0
0 0.457639 1 0.0847222 0
0 0.624306 0 0.0180556 0
0 0.457639 1 0.0847222 0
0 0.623611 0 0.0194444 0
0 0.457639 1 0.0847222 0
0 0.624306 0 0.0180556 0
0 0.457639 1 0.0847222 0
0 0.623611 0 0.0194444 0
0 0.457639 1 0.0847222 0
0 0.623611 0 0.0194444 0
0 0.457639 1 0.0847222 0
0 0.623611 0 0.0194444 0
0 0.457639 1 0.0847222 0
0 0.623611 0 0.0194444 0
0 0.457639 1 0.0847222 0
0 0.623611 0 0.0194444 0
0 0.359722 0 0.0194444 0
0 0.457639 1 0.0847222 0
0 0.623611 0 0.0194444 0
0 0.359722 0 0.0194444 0
0 0.457639 1 0.0847222 0
0 0.623611 0 0.0194444 0
0 0.457639 1 0.0847222 0
0 0.359722 0 0.0194444 0
0 0.623611 0 0.0194444 0
0 0.457639 1 0.0847222 0
0 0.359722 0 0.0194444 0
0 0.623611 0 0.0194444 0
0 0.457639 1 0.0847222 0
0 0.624306 0 0.0180556 0
0 0.457639 1 0.0847222 0
0 0.623611 0 0.0194444 0
0 0.457639 1 0.0847222 0
0 0.624306 0 0.0180556 0
0 0.457639 1 0.0847222 0
0 0.624306 0 0.0180556 0
0 0.457639 1 0.0847222 0
0 0.623611 0 0.0194444 0
0 0.457639 1 0.0847222 0
0 0.623611 0 0.0194444 0
0 0.457639 1 0.0847222 0
0 0.623611 0 0.0194444 0
0 0.457639 1 0.0847222 0
0 0.623611 0 0.0194444 0
0 0.457639 1 0.0847222 0
0 0.623611 0 0.0194444 0
0 0.359722 0 0.0194444 0
0 0.457639 1 0.0847222 0
0 0.623611 0 0.0194444 0
0 0.457639 1 0.0847222 0
0 0.359722 0 0.0194444 0
0 0.623611 0 0.0194444 0
0 0.457639 1 0.0847222 0
0 0.359722 0 0.0194444 0
0 0.623611 0 0.0194444 0
0 0.457639 1 0.0847222 0
0 0.624306 0 0.0180556 0
0 0.457639 1 0.0847222 0
0 0.623611 0 0.0194444 0
0 0.457639 1 0.0847222 0
0 0.624306 0 0.0180556 0
0 0.457639 1 0.0847222 0
0 0.624306 0 0.0180556 0
0 0.457639 1 0.0847222 0
0 0.623611 0 0.0194444 0
0 0.457639 1 0.0847222 0
0 0.623611 0 0.0194444 0
0 0.457639 1 0.0847222 0
0 0.623611 0 0.0194444 0
0 0.457639 1 0.0847222 0
0 0.623611 0 0.0194444 0
0 0.457639 1 0.0847222 0
0 0.623611 0 0.0194444 0
0 0.359722 0 0.0194444 0
0 0.457639 1 0.0847222 0
0 0.623611 0 0.0194444 0
0 0.457639 1 0.0847222 0
0 0.623611 0 0.0194444 0
0 0.457639 1 0.0847222 0
0 0.623611 0 0.0194444 0
0 0.457639 1 0.0847222 0
0 0.624306 0 0.0180556 0
0 0.457639 1 0.0847222 0
0 0.623611 0 0.0194444 0
0 0.457639 1 0.0847222 0
0 0.624306 0 0.0180556 0
0 0.457639 1 0.0847222 0
0 0.624306 0 0.0180556 0
0 0.457639 1 0.0847222 0
0 0.623611 0 0.0194444 0
0 0.457639 1 0.0847222 0
0 0.623611 0 0.0194444 0
0 0.457639 1 0.0847222 0
0 0.623611 0 0.0194444 0
0 0.457639 1 0.0847222 0
0 0.623611 0 0.0194444 0
0 0.359722 0 0.0194444 0
0 0.457639 1 0.0847222 0
0 0.623611 0 0.0194444 0
0 0.457639 1 0.0847222 0
0 0.359722 0 0.0194444 0
0 0.623611 0 0.0194444 0
0 0.458333 1 0.0861111 0
0 0.359722 0 0.0194444 0
0 0.623611 0 0.0194444 0
0 0.458333 1 0.0861111 0
0 0.624306 0 0.0180556 0
0 0.457639 1 0.0847222 0
0 0.623611 0 0.0194444 0
0 0.458333 1 0.0861111 0
0 0.624306 0 0.0180556 0
0 0.458333 1 0.0861111 0
0 0.623611 0 0.0194444 0
0 0.458333 1 0.0861111 0
0 0.623611 0 0.0194444 0
0 0.458333 1 0.0861111 0
0 0.623611 0 0.0194444 0
0 0.458333 1 0.0861111 0
0 0.623611 0 0.0194444 0
0 0.458333 1 0.0861111 0
0 0.623611 0 0.0194444 0
0 0.458333 1 0.0861111 0
0 0.623611 0 0.0194444 0
0 0.359722 0 0.0194444 0
0 0.458333 1 0.0861111 0
0 0.623611 0 0.0194444 0
0 0.458333 1 0.0861111 0
0 0.623611 0 0.0194444 0
0 0.458333 1 0.0861111 0
0 0.623611 0 0.0194444 0
0 0.458333 1 0.0861111 0
0 0.624306 0 0.0180556 0
0 0.458333 1 0.0861111 0
0 0.623611 0 0.0194444 0
0 0.458333 1 0.0861111 0
0 0.623611 0 0.0194444 0
0 0.458333 1 0.0861111 0
0 0.624306 0 0.0180556 0
0 0.458333 1 0.0861111 0
0 0.623611 0 0.0194444 0
0 0.458333 1 0.0861111 0
0 0.623611 0 0.0194444 0
0 0.458333 1 0.0861111 0
0 0.623611 0 0.0194444 0
0 0.458333 1 0.0861111 0
0 0.623611 0 0.0194444 0
0 0.458333 1 0.0861111 0
0 0.623611 0 0.0194444 0
0 0.359722 0 0.0194444 0
0 0.458333 1 0.0861111 0
0 0.623611 0 0.0194444 0
0 0.359722 0 0.0194444 0
0 0.458333 1 0.0861111 0
0 0.623611 0 0.0194444 0
0 0.458333 1 0.0861111 0
0 0.623611 0 0.0194444 0
0 0.458333 1 0.0861111 0
0 0.624306 0 0.0180556 0
0 0.458333 1 0.0861111 0
0 0.624306 0 0.0180556 0
0 0.458333 1 0.0861111 0
0 0.623611 0 0.0194444 0
0 0.458333 1 0.0861111 0
0 0.624306 0 0.0180556 0
0 0.458333 1 0.0861111 0
0 0.624306 0 0.0180556 0
0 0.458333 1 0.0861111 0
0 0.623611 0 0.0194444 0
0 0.458333 1 0.0861111 0
0 0.623611 0 0.0194444 0
0 0.458333 1 0.0861111 0
0 0.623611 0 0.0194444 0
0 0.458333 1 0.0861111 0
0 0.623611 0 0.0194444 0
0 0.458333 1 0.0861111 0
0 0.623611 0 0.0194444 0
0 0.359722 0 0.0194444 0
0 0.458333 1 0.0861111 0
0 0.623611 0 0.0194444 0
0 0.458333 1 0.0861111 0
0 0.359722 0 0.0194444 0
0 0.623611 0 0.0194444 0
0 0.458333 1 0.0861111 0
0 0.359722 0 0.0194444 0
0 0.623611 0 0.0194444 0
0 0.458333 1 0.0861111 0
0 0.624306 0 0.0180556 0
0 0.458333 1 0.0861111 0
0 0.623611 0 0.0194444 0
0 0.458333 1 0.0861111 0
0 0.623611 0 0.0194444 0
0 0.458333 1 0.0861111 0
0 0.624306 0 0.0180556 0
0 0.458333 1 0.0861111 0
0 0.623611 0 0.0194444 0
0 0.458333 1 0.0861111 0
0 0.623611 0 0.0194444 0
0 0.458333 1 0.0861111 0
0 0.623611 0 0.0194444 0
0 0.458333 1 0.0861111 0
0 0.623611 0 0.0194444 0
0 0.458333 1 0.0861111 0
0 0.623611 0 0.0194444 0
0 0.359722 0 0.0194444 0
0 0.458333 1 0.0861111 0
0 0.623611 0 0.0194444 0
0 0.458333 1 0.0861111 0
0 0.359722 0 0.0194444 0
0 0.623611 0 0.0194444 0
0 0.458333 1 0.0861111 0
0 0.359722 0 0.0194444 0
0 0.623611 0 0.0194444 0
0 0.458333 1 0.0861111 0
0 0.624306 0 0.0180556 0
0 0.458333 1 0.0861111 0
0 0.623611 0 0.0194444 0
0 0.458333 1 0.0861111 0
0 0.623611 0 0.0194444 0
0 0.458333 1 0.0861111 0
0 0.623611 0 0.0194444 0
0 0.458333 1 0.0861111 0
0 0.623611 0 0.0194444 0
0 0.458333 1 0.0861111 0
0 0.623611 0 0.0194444 0
0 0.458333 1 0.0861111 0
0 0.623611 0 0.0194444 0
0 0.458333 1 0.0861111 0
0 0.623611 0 0.0194444 0
0 0.458333 1 0.0861111 0
0 0.623611 0 0.0194444 0
0 0.359722 0 0.0194444 0
0 0.458333 1 0.0861111 0
0 0.623611 0 0.0194444 0
0 0.458333 1 0.0861111 0
0 0.623611 0 0.0194444 0
0 0.458333 1 0.0861111 0
0 0.359722 0 0.0194444 0
0 0.623611 0 0.0194444 0
0 0.458333 1 0.0861111 0
0 0.624306 0 0.0180556 0
0 0.458333 1 0.0861111 0
0 0.623611 0 0.0194444 0
0 0.458333 1 0.0861111 0
0 0.624306 0 0.0180556 0
0 0.458333 1 0.0861111 0
0 0.624306 0 0.0180556 0
0 0.458333 1 0.0861111 0
0 0.623611 0 0.0194444 0
0 0.458333 1 0.0861111 0
0 0.623611 0 0.0194444 0
0 0.458333 1 0.0861111 0
0 0.623611 0 0.0194444 0
0 0.458333 1 0.0861111 0
0 0.623611 0 0.0194444 0
0 0.458333 1 0.0861111 0
0 0.623611 0 0.0194444 0
0 0.359722 0 0.0194444 0
0 0.458333 1 0.0861111 0
0 0.623611 0 0.0194444 0
0 0.458333 1 0.0861111 0
0 0.359722 0 0.0194444 0
0 0.623611 0 0.0194444 0
0 0.458333 1 0.0861111 0
0 0.359722 0 0.0194444 0
0 0.623611 0 0.0194444 0
0 0.458333 1 0.0861111 0
0 0.624306 0 0.0180556 0
0 0.458333 1 0.0861111 0
0 0.623611 0 0.0194444 0
0 0.458333 1 0.0861111 0
0 0.624306 0 0.0180556 0
0 0.458333 1 0.0861111 0
0 0.624306 0 0.0180556 0
0 0.458333 1 0.0861111 0
0 0.623611 0 0.0194444 0
0 0.458333 1 0.0861111 0
0 0.623611 0 0.0194444 0
0 0.458333 1 0.0861111 0
0 0.623611 0 0.0194444 0
0 0.458333 1 0.0861111 0
0 0.623611 0 0.0194444 0
0 0.458333 1 0.0861111 0
0 0.623611 0 0.0194444 0
0 0.359722 0 0.0194444 0
0 0.458333 1 0.0861111 0
0 0.623611 0 0.0194444 0
0 0.458333 1 0.0861111 0
0 0.623611 0 0.0194444 0
0 0.458333 1 0.0861111 0
0 0.359722 0 0.0194444 0
0 0.623611 0 0.0194444 0
0 0.458333 1 0.0861111 0
0 0.624306 0 0.0180556 0
0 0.458333 1 0.0861111 0
0 0.623611 0 0.0194444 0
0 0.458333 1 0.0861111 0
0 0.623611 0 0.0194444 0
0 0.458333 1 0.0861111 0
0 0.624306 0 0.0180556 0
0 0.458333 1 0.0861111 0
0 0.623611 0 0.0194444 0
0 0.458333 1 0.0861111 0
0 0.623611 0 0.0194444 0
0 0.458333 1 0.0861111 0
0 0.623611 0 0.0194444 0
0 0.458333 1 0.0861111 0
0 0.623611 0 0.0194444 0
0 0.458333 1 0.0861111 0
0 0.623611 0 0.0194444 0
0 0.359722 0 0.0194444 0
0 0.458333 1 0.0861111 0
0 0.623611 0 0.0194444 0
0 0.359722 0 0.0194444 0
0 0.458333 1 0.0861111 0
0 0.623611 0 0.0194444 0
0 0.458333 1 0.0861111 0
0 0.359722 0 0.0194444 0
0 0.623611 0 0.0194444 0
0 0.458333 1 0.0861111 0
0 0.624306 0 0.0180556 0
0 0.458333 1 0.0861111 0
0 0.623611 0 0.0194444 0
0 0.458333 1 0.0861111 0
0 0.623611 0 0.0194444 0
0 0.458333 1 0.0861111 0
0 0.624306 0 0.0180556 0
0 0.458333 1 0.0861111 0
0 0.623611 0 0.0194444 0
0 0.458333 1 0.0861111 0
0 0.623611 0 0.0194444 0
0 0.458333 1 0.0861111 0
0 0.623611 0 0.0194444 0
0 0.458333 1 0.0861111 0
0 0.623611 0 0.0194444 0
0 0.458333 1 0.0861111 0
0 0.623611 0 0.0194444 0
0 0.359722 0 0.0194444 0
0 0.458333 1 0.0861111 0
0 0.623611 0 0.0194444 0
0 0.359722 0 0.0194444 0
0 0.458333 1 0.0861111 0
0 0.623611 0 0.0194444 0
0 0.458333 1 0.0861111 0
0 0.359722 0 0.0194444 0
0 0.623611 0 0.0194444 0
0 0.458333 1 0.0861111 0
0 0.624306 0 0.0180556 0
0 0.458333 1 0.0861111 0
0 0.624306 0 0.0180556 0
0 0.458333 1 0.0861111 0
0 0.623611 0 0.0194444 0
0 0.458333 1 0.0861111 0
0 0.624306 0 0.0180556 0
0 0.458333 1 0.0861111 0
0 0.623611 0 0.0194444 0
0 0.458333 1 0.0861111 0
0 0.623611 0 0.0194444 0
0 0.458333 1 0.0861111 0
0 0.623611 0 0.0194444 0
0 0.458333 1 0.0861111 0
0 0.623611 0 0.0194444 0
0 0.458333 1 0.0861111 0
0 0.623611 0 0.0194444 0
0 0.359722 0 0.0194444 0
0 0.458333 1 0.0861111 0
0 0.623611 0 0.0194444 0
0 0.359722 0 0.0194444 0
0 0.458333 1 0.0861111 0
0 0.623611 0 0.0194444 0
0 0.458333 1 0.0861111 0
0 0.359722 0 0.0194444 0
0 0.623611 0 0.0194444 0
0 0.458333 1 0.0861111 0
0 0.624306 0 0.0180556 0
0 0.458333 1 0.0861111 0
0 0.624306 0 0.0180556 0
0 0.458333 1 0.0861111 0
0 0.623611 0 0.0194444 0
0 0.458333 1 0.0861111 0
0 0.624306 0 0.0180556 0
0 0.458333 1 0.0861111 0
0 0.623611 0 0.0194444 0
0 0.458333 1 0.0861111 0
0 0.623611 0 0.0194444 0
0 0.458333 1 0.0861111 0
0 0.623611 0 0.0194444 0
0 0.458333 1 0.0861111 0
0 0.623611 0 0.0194444 0
0 0.459028 1 0.0875 0
0 0.623611 0 0.0194444 0
0 0.459028 1 0.0875 0
0 0.623611 0 0.0194444 0
0 0.359722 0 0.0194444 0
0 0.458333 1 0.0861111 0
0 0.623611 0 0.0194444 0
0 0.459028 1 0.0875 0
0 0.359722 0 0.0194444 0
0 0.623611 0 0.0194444 0
0 0.459028 1 0.0875 0
0 0.624306 0 0.0180556 0
0 0.459028 1 0.0875 0
0 0.624306 0 0.0180556 0
0 0.459028 1 0.0875 0
0 0.623611 0 0.0194444 0
0 0.458333 1 0.0861111 0
0 0.624306 0 0.0180556 0
0 0.458333 1 0.0861111 0
0 0.624306 0 0.0180556 0
0 0.458333 1 0.0861111 0
0 0.623611 0 0.0194444 0
0 0.458333 1 0.0861111 0
0 0.623611 0 0.0194444 0
0 0.458333 1 0.0861111 0
0 0.623611 0 0.0194444 0
0 0.458333 1 0.0861111 0
0 0.623611 0 0.0194444 0
0 0.458333 1 0.0861111 0
0 0.623611 0 0.0194444 0
0 0.359722 0 0.0194444 0
0 0.458333 1 0.0861111 0
0 0.623611 0 0.0194444 0
0 0.458333 1 0.0861111 0
0 0.359722 0 0.0194444 0
0 0.623611 0 0.0194444 0
0 0.458333 1 0.0861111 0
0 0.624306 0 0.0180556 0
0 0.458333 1 0.0861111 0
0 0.624306 0 0.0180556 0
0 0.458333 1 0.0861111 0
0 0.623611 0 0.0194444 0
0 0.458333 1 0.0861111 0
0 0.624306 0 0.0180556 0
0 0.458333 1 0.0861111 0
0 0.623611 0 0.0194444 0
0 0.458333 1 0.0861111 0
0 0.623611 0 0.0194444 0
0 0.458333 1 0.0861111 0
0 0.623611 0 0.0194444 0
0 0.458333 1 0.0861111 0
0 0.623611 0 0.0194444 0
0 0.458333 1 0.0861111 0
0 0.623611 0 0.0194444 0
0 0.359722 0 0.0194444 0
0 0.458333 1 0.0861111 0
0 0.623611 0 0.0194444 0
0 0.359722 0 0.0194444 0
0 0.458333 1 0.0861111 0
0 0.623611 0 0.0194444 0
0 0.458333 1 0.0861111 0
0 0.359722 0 0.0194444 0
0 0.623611 0 0.0194444 0
0 0.458333 1 0.0861111 0
0 0.624306 0 0.0180556 0
0 0.458333 1 0.0861111 0
0 0.624306 0 0.0180556 0
0 0.458333 1 0.0861111 0
0 0.623611 0 0.0194444 0
0 0.458333 1 0.0861111 0
0 0.624306 0 0.0180556 0
0 0.458333 1 0.0861111 0
0 0.623611 0 0.0194444 0
0 0.458333 1 0.0861111 0
0 0.623611 0 0.0194444 0
0 0.458333 1 0.0861111 0
0 0.623611 0 0.0194444 0
0 0.458333 1 0.0861111 0
0 0.623611 0 0.0194444 0
0 0.458333 1 0.0861111 0
0 0.623611 0 0.0194444 0
0 0.359722 0 0.0194444 0
0 0.458333 1 0.0861111 0
0 0.623611 0 0.0194444 0
0 0.359722 0 0.0194444 0
0 0.458333 1 0.0861111 0
0 0.623611 0 0.0194444 0
0 0.458333 1 0.0861111 0
0 0.359722 0 0.0194444 0
0 0.623611 0 0.0194444 0
0 0.458333 1 0.0861111 0
0 0.624306 0 0.0180556 0
0 0.458333 1 0.0861111 0
0 0.623611 0 0.0194444 0
0 0.457639 1 0.0819444 0
0 0.623611 0 0.0194444 0
0 0.457639 1 0.0819444 0
0 0.624306 0 0.0180556 0
0 0.457639 1 0.0847222 0
0 0.623611 0 0.0194444 0
0 0.457639 1 0.0847222 0
0 0.623611 0 0.0194444 0
0 0.457639 1 0.0847222 0
0 0.623611 0 0.0194444 0
0 0.457639 1 0.0819444 0
0 0.623611 0 0.0194444 0
0 0.457639 1 0.0819444 0
0 0.623611 0 0.0194444 0
0 0.359722 0 0.0194444 0
0 0.457639 1 0.0819444 0
0 0.623611 0 0.0194444 0
0 0.359722 0 0.0194444 0
0 0.457639 1 0.0819444 0
0 0.623611 0 0.0194444 0
0 0.457639 1 0.0819444 0
0 0.359722 0 0.0194444 0
0 0.623611 0 0.0194444 0
0 0.457639 1 0.0819444 0
0 0.624306 0 0.0180556 0
0 0.456944 1 0.0805556 0
0 0.624306 0 0.0180556 0
0 0.456944 1 0.0805556 0
0 0.623611 0 0.0194444 0
0 0.456944 1 0.0805556 0
0 0.624306 0 0.0180556 0
0 0.456944 1 0.0805556 0
0 0.623611 0 0.0194444 0
0 0.456944 1 0.0805556 0
0 0.623611 0 0.0194444 0
0 0.456944 1 0.0805556 0
0 0.623611 0 0.0194444 0
0 0.456944 1 0.0805556 0
0 0.623611 0 0.0194444 0
0 0.456944 1 0.0805556 0
0 0.623611 0 0.0194444 0
0 0.359722 0 0.0194444 0
0 0.456944 1 0.0805556 0
0 0.623611 0 0.0194444 0
0 0.359722 0 0.0194444 0
0 0.456944 1 0.0805556 0
0 0.623611 0 0.0194444 0
0 0.456944 1 0.0805556 0
0 0.623611 0 0.0194444 0
0 0.456944 1 0.0805556 0
0 0.624306 0 0.0180556 0
0 0.456944 1 0.0805556 0
0 0.624306 0 0.0180556 0
0 0.456944 1 0.0805556 0
0 0.623611 0 0.0194444 0
0 0.456944 1 0.0805556 0
0 0.624306 0 0.0180556 0
0 0.456944 1 0.0805556 0
0 0.624306 0 0.0180556 0
0 0.456944 1 0.0805556 0
0 0.623611 0 0.0194444 0
0 0.456944 1 0.0805556 0
0 0.623611 0 0.0194444 0
0 0.456944 1 0.0805556 0
0 0.623611 0 0.0194444 0
0 0.456944 1 0.0805556 0
0 0.623611 0 0.0194444 0
0 0.456944 1 0.0805556 0
0 0.623611 0 0.0194444 0
0 0.359722 0 0.0194444 0
0 0.456944 1 0.0805556 0
0 0.623611 0 0.0194444 0
0 0.359722 0 0.0194444 0
0 0.456944 1 0.0805556 0
0 0.623611 0 0.0194444 0
0 0.456944 1 0.0805556 0
0 0.623611 0 0.0194444 0
0 0.456944 1 0.0805556 0
0 0.623611 0 0.0194444 0
0 0.456944 1 0.0805556 0
0 0.624306 0 0.0180556 0
0 0.456944 1 0.0805556 0
0 0.623611 0 0.0194444 0
0 0.456944 1 0.0805556 0
0 0.623611 0 0.0194444 0
0 0.456944 1 0.0805556 0
0 0.624306 0 0.0180556 0
0 0.456944 1 0.0805556 0
0 0.623611 0 0.0194444 0
0 0.456944 1 0.0805556 0
0 0.623611 0 0.0194444 0
0 0.456944 1 0.0805556 0
0 0.623611 0 0.0194444 0
0 0.456944 1 0.0805556 0
0 0.623611 0 0.0194444 0
0 0.456944 1 0.0805556 0
0 0.623611 0 0.0194444 0
0 0.359722 0 0.0194444 0
0 0.456944 1 0.0805556 0
0 0.623611 0 0.0194444 0
0 0.359722 0 0.0194444 0
0 0.456944 1 0.0805556 0
0 0.623611 0 0.0194444 0
0 0.456944 1 0.0805556 0
0 0.623611 0 0.0194444 0
0 0.456944 1 0.0805556 0
0 0.623611 0 0.0194444 0
0 0.456944 1 0.0805556 0
0 0.624306 0 0.0180556 0
0 0.456944 1 0.0805556 0
0 0.623611 0 0.0194444 0
0 0.456944 1 0.0805556 0
0 0.623611 0 0.0194444 0
0 0.456944 1 0.0805556 0
0 0.624306 0 0.0180556 0
0 0.456944 1 0.0805556 0
0 0.623611 0 0.0194444 0
0 0.456944 1 0.0805556 0
0 0.359028 0 0.0208333 0
0 0.623611 0 0.0194444 0
0 0.456944 1 0.0805556 0
0 0.359028 0 0.0208333 0
0 0.623611 0 0.0194444 0
0 0.456944 1 0.0805556 0
0 0.623611 0 0.0194444 0
0 0.456944 1 0.0805556 0
0 0.623611 0 0.0194444 0
0 0.359722 0 0.0194444 0
0 0.456944 1 0.0805556 0
0 0.623611 0 0.0194444 0
0 0.359722 0 0.0194444 0
0 0.456944 1 0.0805556 0
0 0.623611 0 0.0194444 0
0 0.456944 1 0.0805556 0
0 0.623611 0 0.0194444 0
0 0.456944 1 0.0805556 0
0 0.623611 0 0.0194444 0
0 0.456944 1 0.0805556 0
0 0.624306 0 0.0180556 0
0 0.456944 1 0.0805556 0
0 0.623611 0 0.0194444 0
0 0.456944 1 0.0805556 0
0 0.624306 0 0.0180556 0
0 0.456944 1 0.0805556 0
0 0.624306 0 0.0180556 0
0 0.456944 1 0.0805556 0
0 0.623611 0 0.0194444 0
0 0.456944 1 0.0805556 0
0 0.359028 0 0.0208333 0
0 0.623611 0 0.0194444 0
0 0.456944 1 0.0805556 0
0 0.623611 0 0.0194444 0
0 0.456944 1 0.0805556 0
0 0.623611 0 0.0194444 0
0 0.456944 1 0.0805556 0
0 0.623611 0 0.0194444 0
0 0.359722 0 0.0194444 0
0 0.456944 1 0.0805556 0
0 0.623611 0 0.0194444 0
0 0.456944 1 0.0805556 0
0 0.623611 0 0.0194444 0
0 0.456944 1 0.0805556 0
0 0.623611 0 0.0194444 0
0 0.456944 1 0.0805556 0
0 0.624306 0 0.0180556 0
0 0.456944 1 0.0805556 0
0 0.624306 0 0.0180556 0
0 0.456944 1 0.0805556 0
0 0.623611 0 0.0194444 0
0 0.456944 1 0.0805556 0
0 0.624306 0 0.0180556 0
0 0.456944 1 0.0805556 0
0 0.623611 0 0.0194444 0
0 0.456944 1 0.0805556 0
0 0.623611 0 0.0194444 0
0 0.456944 1 0.0805556 0
0 0.359028 0 0.0208333 0
0 0.623611 0 0.0194444 0
0 0.456944 1 0.0805556 0
0 0.623611 0 0.0194444 0
0 0.456944 1 0.0805556 0
0 0.623611 0 0.0194444 0
0 0.456944 1 0.0805556 0
0 0.623611 0 0.0194444 0
0 0.359722 0 0.0194444 0
0 0.456944 1 0.0805556 0
0 0.623611 0 0.0194444 0
0 0.456944 1 0.0805556 0
0 0.623611 0 0.0194444 0
0 0.456944 1 0.0805556 0
0 0.623611 0 0.0194444 0
0 0.456944 1 0.0805556 0
0 0.624306 0 0.0180556 0
0 0.456944 1 0.0805556 0
0 0.624306 0 0.0180556 0
0 0.456944 1 0.0805556 0
0 0.623611 0 0.0194444 0
0 0.456944 1 0.0805556 0
0 0.624306 0 0.0180556 0
0 0.456944 1 0.0805556 0
0 0.624306 0 0.0180556 0
0 0.456944 1 0.0805556 0
0 0.623611 0 0.0194444 0
0 0.456944 1 0.0805556 0
0 0.359028 0 0.0208333 0
0 0.623611 0 0.0194444 0
0 0.456944 1 0.0805556 0
0 0.359028 0 0.0208333 0
0 0.623611 0 0.0194444 0
0 0.456944 1 0.0805556 0
0 0.623611 0 0.0194444 0
0 0.456944 1 0.0805556 0
0 0.623611 0 0.0194444 0
0 0.359722 0 0.0194444 0
0 0.456944 1 0.0805556 0
0 0.623611 0 0.0194444 0
0 0.359722 0 0.0194444 0
0 0.456944 1 0.0805556 0
0 0.623611 0 0.0194444 0
0 0.456944 1 0.0805556 0
0 0.623611 0 0.0194444 0
0 0.456944 1 0.0805556 0
0 0.624306 0 0.0180556 0
0 0.456944 1 0.0805556 0
0 0.624306 0 0.0180556 0
0 0.456944 1 0.0805556 0
0 0.623611 0 0.0194444 0
0 0.456944 1 0.0805556 0
0 0.624306 0 0.0180556 0
0 0.456944 1 0.0805556 0
0 0.623611 0 0.0194444 0
0 0.456944 1 0.0805556 0
0 0.623611 0 0.0194444 0
0 0.456944 1 0.0805556 0
0 0.359028 0 0.0208333 0
0 0.623611 0 0.0194444 0
0 0.456944 1 0.0805556 0
0 0.623611 0 0.0194444 0
0 0.456944 1 0.0805556 0
0 0.623611 0 0.0194444 0
0 0.456944 1 0.0805556 0
0 0.623611 0 0.0194444 0
0 0.359722 0 0.0194444 0
0 0.456944 1 0.0805556 0
0 0.623611 0 0.0194444 0
0 0.456944 1 0.0805556 0
0 0.623611 0 0.0194444 0
0 0.456944 1 0.0805556 0
0 0.623611 0 0.0194444 0
0 0.456944 1 0.0805556 0
0 0.624306 0 0.0180556 0
0 0.456944 1 0.0805556 0
0 0.624306 0 0.0180556 0
0 0.456944 1 0.0805556 0
0 0.623611 0 0.0194444 0
0 0.456944 1 0.0805556 0
0 0.624306 0 0.0180556 0
0 0.456944 1 0.0805556 0
0 0.624306 0 0.0180556 0
0 0.456944 1 0.0805556 0
0 0.623611 0 0.0194444 0
0 0.456944 1 0.0805556 0
0 0.359028 0 0.0208333 0
0 0.623611 0 0.0194444 0
0 0.456944 1 0.0805556 0
0 0.359028 0 0.0208333 0
0 0.623611 0 0.0194444 0
0 0.456944 1 0.0805556 0
0 0.623611 0 0.0194444 0
0 0.456944 1 0.0805556 0
0 0.623611 0 0.0194444 0
0 0.359722 0 0.0194444 0
0 0.456944 1 0.0805556 0
0 0.623611 0 0.0194444 0
0 0.456944 1 0.0805556 0
0 0.623611 0 0.0194444 0
0 0.456944 1 0.0805556 0
0 0.623611 0 0.0194444 0
0 0.456944 1 0.0805556 0
0 0.624306 0 0.0180556 0
0 0.456944 1 0.0805556 0
0 0.623611 0 0.0194444 0
0 0.456944 1 0.0805556 0
0 0.623611 0 0.0194444 0
0 0.456944 1 0.0805556 0
0 0.623611 0 0.0194444 0
0 0.456944 1 0.0805556 0
0 0.623611 0 0.0194444 0
0 0.456944 1 0.0805556 0
0 0.623611 0 0.0194444 0
0 0.359028 0 0.0208333 0
0 0.456944 1 0.0805556 0
0 0.623611 0 0.0194444 0
0 0.456944 1 0.0805556 0
0 0.623611 0 0.0194444 0
0 0.456944 1 0.0805556 0
0 0.623611 0 0.0194444 0
0 0.359722 0 0.0194444 0
0 0.456944 1 0.0805556 0
0 0.623611 0 0.0194444 0
0 0.456944 1 0.0805556 0
0 0.623611 0 0.0194444 0
0 0.456944 1 0.0805556 0
0 0.623611 0 0.0194444 0
0 0.456944 1 0.0805556 0
0 0.624306 0 0.0180556 0
0 0.456944 1 0.0805556 0
0 0.624306 0 0.0180556 0
0 0.456944 1 0.0805556 0
0 0.623611 0 0.0194444 0
0 0.456944 1 0.0805556 0
0 0.623611 0 0.0194444 0
0 0.456944 1 0.0805556 0
0 0.623611 0 0.0194444 0
0 0.456944 1 0.0805556 0
0 0.623611 0 0.0194444 0
0 0.456944 1 0.0805556 0
0 0.359028 0 0.0208333 0
0 0.623611 0 0.0194444 0
0 0.456944 1 0.0805556 0
0 0.359028 0 0.0208333 0
0 0.623611 0 0.0194444 0
0 0.456944 1 0.0805556 0
0 0.623611 0 0.0194444 0
0 0.456944 1 0.0805556 0
0 0.623611 0 0.0194444 0
0 0.359722 0 0.0194444 0
0 0.456944 1 0.0805556 0
0 0.623611 0 0.0194444 0
0 0.359722 0 0.0194444 0
0 0.456944 1 0.0805556 0
0 0.623611 0 0.0194444 0
0 0.456944 1 0.0805556 0
0 0.623611 0 0.0194444 0
0 0.456944 1 0.0805556 0
0 0.624306 0 0.0180556 0
0 0.456944 1 0.0805556 0
0 0.624306 0 0.0180556 0
0 0.456944 1 0.0805556 0
0 0.623611 0 0.0194444 0
0 0.456944 1 0.0805556 0
0 0.623611 0 0.0194444 0
0 0.456944 1 0.0805556 0
0 0.623611 0 0.0194444 0
0 0.456944 1 0.0805556 0
0 0.623611 0 0.0194444 0
0 0.456944 1 0.0805556 0
0 0.623611 0 0.0194444 0
0 0.359028 0 0.0208333 0
0 0.456944 1 0.0805556 0
0 0.623611 0 0.0194444 0
0 0.456944 1 0.0805556 0
0 0.623611 0 0.0194444 0
0 0.456944 1 0.0805556 0
0 0.623611 0 0.0194444 0
0 0.359722 0 0.0194444 0
0 0.456944 1 0.0805556 0
0 0.623611 0 0.0194444 0
0 0.456944 1 0.0805556 0
0 0.623611 0 0.0194444 0
0 0.456944 1 0.0805556 0
0 0.623611 0 0.0194444 0
0 0.456944 1 0.0805556 0
0 0.624306 0 0.0180556 0
0 0.456944 1 0.0805556 0
0 0.624306 0 0.0180556 0
0 0.456944 1 0.0805556 0
0 0.623611 0 0.0194444 0
0 0.456944 1 0.0805556 0
0 0.623611 0 0.0194444 0
0 0.456944 1 0.0805556 0
0 0.623611 0 0.0194444 0
0 0.456944 1 0.0805556 0
0 0.623611 0 0.0194444 0
0 0.456944 1 0.0805556 0
0 0.623611 0 0.0194444 0
0 0.359028 0 0.0208333 0
0 0.456944 1 0.0805556 0
0 0.623611 0 0.0194444 0
0 0.456944 1 0.0805556 0
0 0.623611 0 0.0194444 0
0 0.456944 1 0.0805556 0
0 0.623611 0 0.0194444 0
0 0.359722 0 0.0194444 0
0 0.456944 1 0.0805556 0
0 0.623611 0 0.0194444 0
0 0.456944 1 0.0805556 0
0 0.623611 0 0.0194444 0
0 0.456944 1 0.0805556 0
0 0.623611 0 0.0194444 0
0 0.456944 1 0.0805556 0
0 0.624306 0 0.0180556 0
0 0.456944 1 0.0805556 0
0 0.624306 0 0.0180556 0
0 0.456944 1 0.0805556 0
0 0.623611 0 0.0194444 0
0 0.456944 1 0.0805556 0
0 0.623611 0 0.0194444 0
0 0.456944 1 0.0805556 0
0 0.623611 0 0.0194444 0
0 0.456944 1 0.0805556 0
0 0.623611 0 0.0194444 0
0 0.456944 1 0.0805556 0
0 0.623611 0 0.0194444 0
0 0.359028 0 0.0208333 0
0 0.456944 1 0.0805556 0
0 0.623611 0 0.0194444 0
0 0.456944 1 0.0805556 0
0 0.623611 0 0.0194444 0
0 0.456944 1 0.0805556 0
0 0.359722 0 0.0194444 0
0 0.623611 0 0.0194444 0
0 0.456944 1 0.0805556 0
0 0.623611 0 0.0194444 0
0 0.456944 1 0.0805556 0
0 0.623611 0 0.0194444 0
0 0.456944 1 0.0805556 0
0 0.623611 0 0.0194444 0
0 0.456944 1 0.0805556 0
0 0.624306 0 0.0180556 0
0 0.456944 1 0.0805556 0
0 0.624306 0 0.0180556 0
0 0.456944 1 0.0805556 0
0 0.623611 0 0.0194444 0
0 0.456944 1 0.0805556 0
0 0.623611 0 0.0194444 0
0 0.456944 1 0.0805556 0
0 0.623611 0 0.0194444 0
0 0.456944 1 0.0805556 0
0 0.623611 0 0.0194444 0
0 0.456944 1 0.0805556 0
0 0.623611 0 0.0194444 0
0 0.359028 0 0.0208333 0
0 0.456944 1 0.0805556 0
0 0.623611 0 0.0194444 0
0 0.359028 0 0.0208333 0
0 0.456944 1 0.0805556 0
0 0.623611 0 0.0194444 0
0 0.456944 1 0.0805556 0
0 0.623611 0 0.0194444 0
0 0.359722 0 0.0194444 0
0 0.456944 1 0.0805556 0
0 0.623611 0 0.0194444 0
0 0.456944 1 0.0805556 0
0 0.623611 0 0.0194444 0
0 0.456944 1 0.0805556 0
0 0.623611 0 0.0194444 0
0 0.456944 1 0.0805556 0
0 0.624306 0 0.0180556 0
0 0.456944 1 0.0805556 0
0 0.624306 0 0.0180556 0
0 0.456944 1 0.0805556 0
0 0.623611 0 0.0194444 0
0 0.456944 1 0.0805556 0
0 0.623611 0 0.0194444 0
0 0.456944 1 0.0805556 0
0 0.623611 0 0.0194444 0
0 0.456944 1 0.0805556 0
0 0.623611 0 0.0194444 0
0 0.456944 1 0.0805556 0
0 0.623611 0 0.0194444 0
0 0.359028 0 0.0208333 0
0 0.456944 1 0.0805556 0
0 0.623611 0 0.0194444 0
0 0.359028 0 0.0208333 0
0 0.456944 1 0.0805556 0
0 0.623611 0 0.0194444 0
0 0.456944 1 0.0805556 0
0 0.623611 0 0.0194444 0
0 0.359722 0 0.0194444 0
0 0.456944 1 0.0805556 0
0 0.623611 0 0.0194444 0
0 0.456944 1 0.0805556 0
0 0.623611 0 0.0194444 0
0 0.456944 1 0.0805556 0
0 0.623611 0 0.0194444 0
0 0.456944 1 0.0805556 0
0 0.624306 0 0.0180556 0
0 0.456944 1 0.0805556 0
0 0.624306 0 0.0180556 0
0 0.456944 1 0.0805556 0
0 0.623611 0 0.0194444 0
0 0.456944 1 0.0805556 0
0 0.623611 0 0.0194444 0
0 0.456944 1 0.0805556 0
0 0.623611 0 0.0194444 0
0 0.456944 1 0.0805556 0
0 0.623611 0 0.0194444 0
0 0.456944 1 0.0805556 0
0 0.623611 0 0.0194444 0
0 0.359028 0 0.0208333 0
0 0.456944 1 0.0805556 0
0 0.623611 0 0.0194444 0
0 0.359028 0 0.0208333 0
0 0.456944 1 0.0805556 0
0 0.623611 0 0.0194444 0
0 0.456944 1 0.0805556 0
0 0.623611 0 0.0194444 0
0 0.359722 0 0.0194444 0
0 0.456944 1 0.0805556 0
0 0.623611 0 0.0194444 0
0 0.359722 0 0.0194444 0
0 0.456944 1 0.0805556 0
0 0.623611 0 0.0194444 0
0 0.456944 1 0.0805556 0
0 0.623611 0 0.0194444 0
0 0.456944 1 0.0805556 0
0 0.623611 0 0.0194444 0
0 0.456944 1 0.0805556 0
0 0.624306 0 0.0180556 0
0 0.456944 1 0.0805556 0
0 0.623611 0 0.0194444 0
0 0.456944 1 0.0805556 0
0 0.623611 0 0.0194444 0
0 0.456944 1 0.0805556 0
0 0.623611 0 0.0194444 0
0 0.456944 1 0.0805556 0
0 0.623611 0 0.0194444 0
0 0.456944 1 0.0805556 0
0 0.359028 0 0.0208333 0
0 0.623611 0 0.0194444 0
0 0.456944 1 0.0805556 0
0 0.623611 0 0.0194444 0
0 0.456944 1 0.0805556 0
0 0.623611 0 0.0194444 0
0 0.456944 1 0.0805556 0
