0 0.767361 0 0.0236111 0
0 0.598611 0 0.0222222 0
0 0.498611 0 0.0527778 0
0 0.766667 0 0.0222222 0
0 0.497917 0 0.0513889 0
0 0.598611 0 0.0222222 0
0 0.767361 0 0.0236111 0
0 0.598611 0 0.0222222 0
0 0.498611 0 0.0527778 0
0 0.766667 0 0.025 0
0 0.497917 0 0.0513889 0
0 0.598611 0 0.0222222 0
0 0.767361 0 0.0236111 0
0 0.498611 0 0.05 0
0 0.598611 0 0.0222222 0
0 0.767361 0 0.0236111 0
0 0.498611 0 0.05 0
0 0.598611 0 0.0222222 0
0 0.767361 0 0.0236111 0
0 0.498611 0 0.0527778 0
0 0.598611 0 0.0222222 0
0 0.1375 0 0.00833333 0
0 0.767361 0 0.0236111 0
0 0.497917 0 0.0513889 0
0 0.598611 0 0.0222222 0
0 0.767361 0 0.0236111 0
0 0.499306 0 0.0513889 0
0 0.598611 0 0.0222222 0
0 0.767361 0 0.0236111 0
0 0.499306 0 0.0513889 0
0 0.598611 0 0.0222222 0
0 0.767361 0 0.0236111 0
0 0.498611 0 0.0527778 0
0 0.598611 0 0.0222222 0
0 0.767361 0 0.0236111 0
0 0.598611 0 0.0222222 0
0 0.498611 0 0.0527778 0
0 0.766667 0 0.0222222 0
0 0.497917 0 0.0513889 0
0 0.598611 0 0.0222222 0
0 0.767361 0 0.0236111 0
0 0.498611 0 0.0527778 0
0 0.598611 0 0.0222222 0
0 0.767361 0 0.0236111 0
0 0.498611 0 0.0527778 0
0 0.598611 0 0.0222222 0
0 0.766667 0 0.025 0
0 0.498611 0 0.0527778 0
0 0.598611 0 0.0222222 0
0 0.767361 0 0.0236111 0
0 0.498611 0 0.05 0
0 0.598611 0 0.0222222 0
0 0.767361 0 0.0236111 0
0 0.498611 0 0.0527778 0
0 0.598611 0 0.0222222 0
0 0.1375 0 0.00833333 0
0 0.767361 0 0.0236111 0
0 0.497917 0 0.0513889 0
0 0.598611 0 0.0222222 0
0 0.1375 0 0.00833333 0
0 0.767361 0 0.0236111 0
0 0.497917 0 0.0513889 0
0 0.598611 0 0.0222222 0
0 0.767361 0 0.0236111 0
0 0.499306 0 0.0513889 0
0 0.598611 0 0.0222222 0
0 0.767361 0 0.0236111 0
0 0.498611 0 0.0527778 0
0 0.598611 0 0.0222222 0
0 0.767361 0 0.0236111 0
0 0.598611 0 0.0222222 0
0 0.498611 0 0.0527778 0
0 0.766667 0 0.0222222 0
0 0.497917 0 0.0513889 0
0 0.598611 0 0.0222222 0
0 0.766667 0 0.0222222 0
0 0.497917 0 0.0513889 0
0 0.598611 0 0.0222222 0
0 0.767361 0 0.0236111 0
0 0.499306 0 0.0513889 0
0 0.598611 0 0.0222222 0
0 0.767361 0 0.0236111 0
0 0.497917 0 0.0513889 0
0 0.598611 0 0.0222222 0
0 0.767361 0 0.0236111 0
0 0.498611 0 0.05 0
0 0.598611 0 0.0222222 0
0 0.767361 0 0.0236111 0
0 0.498611 0 0.05 0
0 0.598611 0 0.0222222 0
0 0.767361 0 0.0236111 0
0 0.498611 0 0.0527778 0
0 0.598611 0 0.0222222 0
0 0.767361 0 0.0236111 0
0 0.497917 0 0.0513889 0
0 0.598611 0 0.0222222 0
0 0.767361 0 0.0236111 0
0 0.499306 0 0.0513889 0
0 0.598611 0 0.0222222 0
0 0.767361 0 0.0236111 0
0 0.499306 0 0.0513889 0
0 0.598611 0 0.0222222 0
0 0.766667 0 0.0222222 0
0 0.498611 0 0.0527778 0
0 0.598611 0 0.0222222 0
0 0.767361 0 0.0236111 0
0 0.598611 0 0.0222222 0
0 0.498611 0 0.0527778 0
0 0.766667 0 0.0222222 0
0 0.497917 0 0.0513889 0
0 0.598611 0 0.0222222 0
0 0.767361 0 0.0236111 0
0 0.498611 0 0.0527778 0
0 0.598611 0 0.0222222 0
0 0.766667 0 0.025 0
0 0.498611 0 0.0527778 0
0 0.598611 0 0.0222222 0
0 0.766667 0 0.025 0
0 0.498611 0 0.0527778 0
0 0.598611 0 0.0222222 0
0 0.767361 0 0.0236111 0
0 0.498611 0 0.05 0
0 0.598611 0 0.0222222 0
0 0.767361 0 0.0236111 0
0 0.498611 0 0.0527778 0
0 0.598611 0 0.0222222 0
0 0.767361 0 0.0236111 0
0 0.497917 0 0.0513889 0
0 0.598611 0 0.0222222 0
0 0.767361 0 0.0236111 0
0 0.497917 0 0.0513889 0
0 0.598611 0 0.0222222 0
0 0.767361 0 0.0236111 0
0 0.499306 0 0.0513889 0
0 0.598611 0 0.0222222 0
0 0.767361 0 0.0236111 0
0 0.498611 0 0.0527778 0
0 0.598611 0 0.0222222 0
0 0.767361 0 0.0236111 0
0 0.598611 0 0.0222222 0
0 0.498611 0 0.0527778 0
0 0.767361 0 0.0236111 0
0 0.598611 0 0.0222222 0
0 0.498611 0 0.0527778 0
0 0.766667 0 0.0222222 0
0 0.497917 0 0.0513889 0
0 0.598611 0 0.0222222 0
0 0.767361 0 0.0236111 0
0 0.498611 0 0.0527778 0
0 0.598611 0 0.0222222 0
0 0.766667 0 0.025 0
0 0.497917 0 0.0513889 0
0 0.598611 0 0.0222222 0
0 0.767361 0 0.0236111 0
0 0.498611 0 0.05 0
0 0.598611 0 0.0222222 0
0 0.767361 0 0.0236111 0
0 0.498611 0 0.05 0
0 0.598611 0 0.0222222 0
0 0.767361 0 0.0236111 0
0 0.498611 0 0.0527778 0
0 0.598611 0 0.0222222 0
0 0.1375 0 0.00833333 0
0 0.767361 0 0.0236111 0
0 0.498611 0 0.05 0
0 0.598611 0 0.0222222 0
0 0.767361 0 0.0236111 0
0 0.499306 0 0.0513889 0
0 0.598611 0 0.0222222 0
0 0.766667 0 0.0222222 0
0 0.498611 0 0.0527778 0
0 0.598611 0 0.0222222 0
0 0.767361 0 0.0236111 0
0 0.598611 0 0.0222222 0
0 0.498611 0 0.0527778 0
0 0.767361 0 0.0236111 0
0 0.598611 0 0.0222222 0
0 0.498611 0 0.0527778 0
0 0.766667 0 0.0222222 0
0 0.497917 0 0.0513889 0
0 0.598611 0 0.0222222 0
0 0.767361 0 0.0236111 0
0 0.498611 0 0.0527778 0
0 0.598611 0 0.0222222 0
0 0.767361 0 0.0236111 0
0 0.497917 0 0.0513889 0
0 0.598611 0 0.0222222 0
0 0.767361 0 0.0236111 0
0 0.498611 0 0.05 0
0 0.598611 0 0.0222222 0
0 0.767361 0 0.0236111 0
0 0.497917 0 0.0513889 0
0 0.598611 0 0.0222222 0
0 0.767361 0 0.0236111 0
0 0.497917 0 0.0513889 0
0 0.598611 0 0.0222222 0
0 0.1375 0 0.00833333 0
0 0.767361 0 0.0236111 0
0 0.498611 0 0.05 0
0 0.598611 0 0.0222222 0
0 0.767361 0 0.0236111 0
0 0.499306 0 0.0513889 0
0 0.598611 0 0.0222222 0
0 0.766667 0 0.0222222 0
0 0.498611 0 0.0527778 0
0 0.598611 0 0.0222222 0
0 0.766667 0 0.0222222 0
0 0.498611 0 0.0527778 0
0 0.598611 0 0.0222222 0
0 0.767361 0 0.0236111 0
0 0.598611 0 0.0222222 0
0 0.498611 0 0.0527778 0
0 0.766667 0 0.0222222 0
0 0.497917 0 0.0513889 0
0 0.598611 0 0.0222222 0
0 0.767361 0 0.0236111 0
0 0.498611 0 0.0527778 0
0 0.598611 0 0.0222222 0
0 0.766667 0 0.025 0
0 0.497917 0 0.0513889 0
0 0.598611 0 0.0222222 0
0 0.767361 0 0.0236111 0
0 0.498611 0 0.05 0
0 0.598611 0 0.0222222 0
0 0.767361 0 0.0236111 0
0 0.497917 0 0.0513889 0
0 0.598611 0 0.0222222 0
0 0.767361 0 0.0236111 0
0 0.497917 0 0.0513889 0
0 0.598611 0 0.0222222 0
0 0.1375 0 0.00833333 0
0 0.767361 0 0.0236111 0
0 0.498611 0 0.05 0
0 0.598611 0 0.0222222 0
0 0.767361 0 0.0236111 0
0 0.499306 0 0.0513889 0
0 0.598611 0 0.0222222 0
0 0.766667 0 0.0222222 0
0 0.498611 0 0.0527778 0
0 0.598611 0 0.0222222 0
0 0.766667 0 0.0222222 0
0 0.498611 0 0.0527778 0
0 0.598611 0 0.0222222 0
0 0.767361 0 0.0236111 0
0 0.598611 0 0.0222222 0
0 0.498611 0 0.0527778 0
0 0.766667 0 0.0222222 0
0 0.497917 0 0.0513889 0
0 0.598611 0 0.0222222 0
0 0.767361 0 0.0236111 0
0 0.598611 0 0.0222222 0
0 0.498611 0 0.0527778 0
0 0.766667 0 0.025 0
0 0.497917 0 0.0513889 0
0 0.598611 0 0.0222222 0
0 0.766667 0 0.025 0
0 0.497917 0 0.0513889 0
0 0.598611 0 0.0222222 0
0 0.767361 0 0.0236111 0
0 0.498611 0 0.05 0
0 0.598611 0 0.0222222 0
0 0.767361 0 0.0236111 0
0 0.497917 0 0.0513889 0
0 0.598611 0 0.0222222 0
0 0.1375 0 0.00833333 0
0 0.767361 0 0.0236111 0
0 0.498611 0 0.05 0
0 0.598611 0 0.0222222 0
0 0.767361 0 0.0236111 0
0 0.499306 0 0.0513889 0
0 0.598611 0 0.0222222 0
0 0.766667 0 0.0222222 0
0 0.498611 0 0.0527778 0
0 0.598611 0 0.0222222 0
0 0.766667 0 0.0222222 0
0 0.498611 0 0.0527778 0
0 0.598611 0 0.0222222 0
0 0.767361 0 0.0236111 0
0 0.598611 0 0.0222222 0
0 0.498611 0 0.0527778 0
0 0.767361 0 0.0236111 0
0 0.598611 0 0.0222222 0
0 0.498611 0 0.0527778 0
0 0.767361 0 0.0236111 0
0 0.498611 0 0.0527778 0
0 0.598611 0 0.0222222 0
0 0.766667 0 0.0222222 0
0 0.498611 0 0.05 0
0 0.598611 0 0.0222222 0
0 0.767361 0 0.0236111 0
0 0.499306 0 0.0513889 0
0 0.598611 0 0.0222222 0
0 0.766667 0 0.0222222 0
0 0.497917 0 0.0513889 0
0 0.598611 0 0.0222222 0
0 0.767361 0 0.0236111 0
0 0.598611 0 0.0222222 0
0 0.499306 0 0.0513889 0
0 0.767361 0 0.0236111 0
0 0.598611 0 0.0222222 0
0 0.499306 0 0.0513889 0
0 0.767361 0 0.0236111 0
0 0.497917 0 0.0513889 0
0 0.598611 0 0.0222222 0
0 0.767361 0 0.0236111 0
0 0.499306 0 0.0513889 0
0 0.598611 0 0.0222222 0
0 0.767361 0 0.0236111 0
0 0.497917 0 0.0513889 0
0 0.598611 0 0.0222222 0
0 0.767361 0 0.0236111 0
0 0.498611 0 0.05 0
0 0.598611 0 0.0222222 0
0 0.767361 0 0.0236111 0
0 0.498611 0 0.05 0
0 0.598611 0 0.0222222 0
0 0.767361 0 0.0236111 0
0 0.498611 0 0.0527778 0
0 0.598611 0 0.0222222 0
0 0.766667 0 0.0222222 0
0 0.498611 0 0.05 0
0 0.598611 0 0.0222222 0
0 0.767361 0 0.0236111 0
0 0.598611 0 0.0222222 0
0 0.499306 0 0.0513889 0
0 0.766667 0 0.0222222 0
0 0.497917 0 0.0513889 0
0 0.598611 0 0.0222222 0
0 0.766667 0 0.0222222 0
0 0.497917 0 0.0513889 0
0 0.598611 0 0.0222222 0
0 0.0923611 0 0.00694444 0
0 0.767361 0 0.0236111 0
0 0.598611 0 0.0222222 0
0 0.499306 0 0.0513889 0
0 0.767361 0 0.0236111 0
0 0.499306 0 0.0513889 0
0 0.598611 0 0.0222222 0
0 0.767361 0 0.0236111 0
0 0.497917 0 0.0513889 0
0 0.598611 0 0.0222222 0
0 0.767361 0 0.0236111 0
0 0.498611 0 0.05 0
0 0.598611 0 0.0222222 0
0 0.767361 0 0.0236111 0
0 0.498611 0 0.05 0
0 0.598611 0 0.0222222 0
0 0.767361 0 0.0236111 0
0 0.498611 0 0.0527778 0
0 0.598611 0 0.0222222 0
0 0.766667 0 0.0222222 0
0 0.498611 0 0.05 0
0 0.598611 0 0.0222222 0
0 0.767361 0 0.0236111 0
0 0.598611 0 0.0222222 0
0 0.499306 0 0.0513889 0
0 0.766667 0 0.0222222 0
0 0.497917 0 0.0513889 0
0 0.598611 0 0.0222222 0
0 0.0930556 0 0.00833333 0
0 0.767361 0 0.0236111 0
0 0.598611 0 0.0222222 0
0 0.499306 0 0.0513889 0
0 0.767361 0 0.0236111 0
0 0.497917 0 0.0513889 0
0 0.598611 0 0.0222222 0
0 0.767361 0 0.0236111 0
0 0.499306 0 0.0513889 0
0 0.598611 0 0.0222222 0
0 0.767361 0 0.0236111 0
0 0.497917 0 0.0513889 0
0 0.598611 0 0.0222222 0
0 0.767361 0 0.0236111 0
0 0.498611 0 0.05 0
0 0.598611 0 0.0222222 0
0 0.767361 0 0.0236111 0
0 0.498611 0 0.0527778 0
0 0.598611 0 0.0222222 0
0 0.766667 0 0.0222222 0
0 0.498611 0 0.05 0
0 0.598611 0 0.0222222 0
0 0.767361 0 0.0236111 0
0 0.499306 0 0.0513889 0
0 0.598611 0 0.0222222 0
0 0.766667 0 0.0222222 0
0 0.497917 0 0.0513889 0
0 0.598611 0 0.0222222 0
0 0.767361 0 0.0236111 0
0 0.497917 0 0.0513889 0
0 0.598611 0 0.0222222 0
0 0.767361 0 0.0236111 0
0 0.598611 0 0.0222222 0
0 0.498611 0 0.0527778 0
0 0.767361 0 0.0236111 0
0 0.497917 0 0.0513889 0
0 0.598611 0 0.0222222 0
0 0.767361 0 0.0236111 0
0 0.498611 0 0.05 0
0 0.598611 0 0.0222222 0
0 0.767361 0 0.0236111 0
0 0.498611 0 0.0527778 0
0 0.598611 0 0.0222222 0
0 0.766667 0 0.0222222 0
0 0.498611 0 0.05 0
0 0.598611 0 0.0222222 0
0 0.767361 0 0.0236111 0
0 0.499306 0 0.0513889 0
0 0.598611 0 0.0222222 0
0 0.767361 0 0.0236111 0
0 0.497917 0 0.0513889 0
0 0.598611 0 0.0222222 0
0 0.0930556 0 0.00833333 0
0 0.767361 0 0.0236111 0
0 0.598611 0 0.0222222 0
0 0.499306 0 0.0513889 0
0 0.767361 0 0.0236111 0
0 0.497917 0 0.0513889 0
0 0.598611 0 0.0222222 0
0 0.767361 0 0.0236111 0
0 0.598611 0 0.0222222 0
0 0.499306 0 0.0513889 0
0 0.767361 0 0.0236111 0
0 0.498611 0 0.0527778 0
0 0.598611 0 0.0222222 0
0 0.767361 0 0.0236111 0
0 0.498611 0 0.05 0
0 0.598611 0 0.0222222 0
0 0.767361 0 0.0236111 0
0 0.498611 0 0.0527778 0
0 0.598611 0 0.0222222 0
0 0.766667 0 0.0222222 0
0 0.498611 0 0.05 0
0 0.598611 0 0.0222222 0
0 0.767361 0 0.0236111 0
0 0.499306 0 0.0513889 0
0 0.598611 0 0.0222222 0
0 0.767361 0 0.0236111 0
0 0.497917 0 0.0513889 0
0 0.598611 0 0.0222222 0
0 0.767361 0 0.0236111 0
0 0.497917 0 0.0513889 0
0 0.598611 0 0.0222222 0
0 0.0930556 0 0.00833333 0
0 0.767361 0 0.0236111 0
0 0.598611 0 0.0222222 0
0 0.499306 0 0.0513889 0
0 0.767361 0 0.0236111 0
0 0.497917 0 0.0513889 0
0 0.598611 0 0.0222222 0
0 0.767361 0 0.0236111 0
0 0.598611 0 0.0222222 0
0 0.498611 0 0.0527778 0
0 0.767361 0 0.0236111 0
0 0.497917 0 0.0513889 0
0 0.598611 0 0.0222222 0
0 0.767361 0 0.0236111 0
0 0.498611 0 0.05 0
0 0.598611 0 0.0222222 0
0 0.767361 0 0.0236111 0
0 0.498611 0 0.0527778 0
0 0.598611 0 0.0222222 0
0 0.767361 0 0.0236111 0
0 0.498611 0 0.0527778 0
0 0.598611 0 0.0222222 0
0 0.766667 0 0.0222222 0
0 0.498611 0 0.05 0
0 0.598611 0 0.0222222 0
0 0.767361 0 0.0236111 0
0 0.499306 0 0.0513889 0
0 0.598611 0 0.0222222 0
0 0.767361 0 0.0236111 0
0 0.497917 0 0.0513889 0
0 0.598611 0 0.0222222 0
0 0.09375 0 0.00694444 0
0 0.767361 0 0.0236111 0
0 0.598611 0 0.0222222 0
0 0.499306 0 0.0513889 0
0 0.767361 0 0.0236111 0
0 0.497917 0 0.0513889 0
0 0.598611 0 0.0222222 0
0 0.767361 0 0.0236111 0
0 0.497917 0 0.0513889 0
0 0.598611 0 0.0222222 0
0 0.767361 0 0.0236111 0
0 0.598611 0 0.0222222 0
0 0.498611 0 0.0527778 0
0 0.767361 0 0.0236111 0
0 0.497917 0 0.0513889 0
0 0.598611 0 0.0222222 0
0 0.767361 0 0.0236111 0
0 0.498611 0 0.05 0
0 0.598611 0 0.0222222 0
0 0.767361 0 0.0236111 0
0 0.498611 0 0.0527778 0
0 0.598611 0 0.0222222 0
0 0.766667 0 0.0222222 0
0 0.498611 0 0.05 0
0 0.598611 0 0.0222222 0
0 0.767361 0 0.0236111 0
0 0.499306 0 0.0513889 0
0 0.598611 0 0.0222222 0
0 0.767361 0 0.0236111 0
0 0.497917 0 0.0513889 0
0 0.598611 0 0.0222222 0
0 0.767361 0 0.0236111 0
0 0.598611 0 0.0222222 0
0 0.499306 0 0.0513889 0
0 0.767361 0 0.0236111 0
0 0.598611 0 0.0222222 0
0 0.499306 0 0.0513889 0
0 0.767361 0 0.0236111 0
0 0.497917 0 0.0513889 0
0 0.598611 0 0.0222222 0
0 0.767361 0 0.0236111 0
0 0.598611 0 0.0222222 0
0 0.498611 0 0.0527778 0
0 0.767361 0 0.0236111 0
0 0.497917 0 0.0513889 0
0 0.598611 0 0.0222222 0
0 0.767361 0 0.0236111 0
0 0.498611 0 0.05 0
0 0.598611 0 0.0222222 0
0 0.767361 0 0.0236111 0
0 0.498611 0 0.0527778 0
0 0.598611 0 0.0222222 0
0 0.767361 0 0.0236111 0
0 0.498611 0 0.0527778 0
0 0.598611 0 0.0222222 0
0 0.766667 0 0.0222222 0
0 0.498611 0 0.05 0
0 0.598611 0 0.0222222 0
0 0.767361 0 0.0236111 0
0 0.499306 0 0.0513889 0
0 0.598611 0 0.0222222 0
0 0.767361 0 0.0236111 0
0 0.497917 0 0.0513889 0
0 0.598611 0 0.0222222 0
0 0.767361 0 0.0236111 0
0 0.598611 0 0.0222222 0
0 0.499306 0 0.0513889 0
0 0.767361 0 0.0236111 0
0 0.497917 0 0.0513889 0
0 0.598611 0 0.0222222 0
0 0.767361 0 0.0236111 0
0 0.598611 0 0.0222222 0
0 0.498611 0 0.0527778 0
0 0.767361 0 0.0236111 0
0 0.497917 0 0.0513889 0
0 0.598611 0 0.0222222 0
0 0.767361 0 0.0236111 0
0 0.497917 0 0.0513889 0
0 0.598611 0 0.0222222 0
0 0.767361 0 0.0236111 0
0 0.498611 0 0.05 0
0 0.598611 0 0.0222222 0
0 0.767361 0 0.0236111 0
0 0.498611 0 0.0527778 0
0 0.598611 0 0.0222222 0
0 0.766667 0 0.0222222 0
0 0.498611 0 0.05 0
0 0.598611 0 0.0222222 0
0 0.767361 0 0.0236111 0
0 0.499306 0 0.0513889 0
0 0.598611 0 0.0222222 0
0 0.767361 0 0.0236111 0
0 0.497917 0 0.0513889 0
0 0.598611 0 0.0222222 0
0 0.767361 0 0.0236111 0
0 0.598611 0 0.0222222 0
0 0.499306 0 0.0513889 0
0 0.767361 0 0.0236111 0
0 0.497917 0 0.0513889 0
0 0.598611 0 0.0222222 0
0 0.767361 0 0.0236111 0
0 0.598611 0 0.0222222 0
0 0.498611 0 0.0527778 0
0 0.767361 0 0.0236111 0
0 0.497917 0 0.0513889 0
0 0.598611 0 0.0222222 0
0 0.767361 0 0.0236111 0
0 0.498611 0 0.05 0
0 0.598611 0 0.0222222 0
0 0.767361 0 0.0236111 0
0 0.498611 0 0.0527778 0
0 0.598611 0 0.0222222 0
0 0.766667 0 0.0222222 0
0 0.498611 0 0.05 0
0 0.598611 0 0.0222222 0
0 0.767361 0 0.0236111 0
0 0.499306 0 0.0513889 0
0 0.598611 0 0.0222222 0
0 0.767361 0 0.0236111 0
0 0.497917 0 0.0513889 0
0 0.598611 0 0.0222222 0
0 0.767361 0 0.0236111 0
0 0.598611 0 0.0222222 0
0 0.499306 0 0.0513889 0
0 0.767361 0 0.0236111 0
0 0.598611 0 0.0222222 0
0 0.499306 0 0.0513889 0
0 0.767361 0 0.0236111 0
0 0.497917 0 0.0513889 0
0 0.598611 0 0.0222222 0
0 0.767361 0 0.0236111 0
0 0.598611 0 0.0222222 0
0 0.498611 0 0.0527778 0
0 0.767361 0 0.0236111 0
0 0.497917 0 0.0513889 0
0 0.598611 0 0.0222222 0
0 0.767361 0 0.0236111 0
0 0.498611 0 0.05 0
0 0.598611 0 0.0222222 0
0 0.767361 0 0.0236111 0
0 0.498611 0 0.0527778 0
0 0.598611 0 0.0222222 0
0 0.766667 0 0.0222222 0
0 0.498611 0 0.05 0
0 0.598611 0 0.0222222 0
0 0.767361 0 0.0236111 0
0 0.499306 0 0.0513889 0
0 0.598611 0 0.0222222 0
0 0.767361 0 0.0236111 0
0 0.497917 0 0.0513889 0
0 0.598611 0 0.0222222 0
0 0.767361 0 0.0236111 0
0 0.497917 0 0.0513889 0
0 0.598611 0 0.0222222 0
0 0.767361 0 0.0236111 0
0 0.598611 0 0.0222222 0
0 0.499306 0 0.0513889 0
0 0.766667 0 0.0222222 0
0 0.497917 0 0.0513889 0
0 0.598611 0 0.0222222 0
0 0.767361 0 0.0236111 0
0 0.598611 0 0.0222222 0
0 0.499306 0 0.0513889 0
0 0.767361 0 0.0236111 0
0 0.497917 0 0.0513889 0
0 0.598611 0 0.0222222 0
0 0.767361 0 0.0236111 0
0 0.498611 0 0.05 0
0 0.598611 0 0.0222222 0
0 0.767361 0 0.0236111 0
0 0.498611 0 0.05 0
0 0.598611 0 0.0222222 0
0 0.767361 0 0.0236111 0
0 0.498611 0 0.0527778 0
0 0.598611 0 0.0222222 0
0 0.767361 0 0.0236111 0
0 0.499306 0 0.0513889 0
0 0.598611 0 0.0222222 0
0 0.767361 0 0.0236111 0
0 0.497917 0 0.0513889 0
0 0.598611 0 0.0222222 0
0 0.767361 0 0.0236111 0
0 0.497917 0 0.0513889 0
0 0.598611 0 0.0222222 0
0 0.767361 0 0.0236111 0
0 0.598611 0 0.0222222 0
0 0.499306 0 0.0513889 0
0 0.767361 0 0.0236111 0
0 0.497917 0 0.0513889 0
0 0.598611 0 0.0222222 0
0 0.767361 0 0.0236111 0
0 0.598611 0 0.0222222 0
0 0.499306 0 0.0513889 0
0 0.767361 0 0.0236111 0
0 0.497917 0 0.0513889 0
0 0.598611 0 0.0222222 0
0 0.767361 0 0.0236111 0
0 0.497917 0 0.0513889 0
0 0.598611 0 0.0222222 0
0 0.767361 0 0.0236111 0
0 0.498611 0 0.05 0
0 0.598611 0 0.0222222 0
0 0.767361 0 0.0236111 0
0 0.498611 0 0.0527778 0
0 0.598611 0 0.0222222 0
0 0.766667 0 0.0222222 0
0 0.498611 0 0.05 0
0 0.598611 0 0.0222222 0
0 0.766667 0 0.0222222 0
0 0.498611 0 0.05 0
0 0.598611 0 0.0222222 0
0 0.767361 0 0.0236111 0
0 0.499306 0 0.0513889 0
0 0.598611 0 0.0222222 0
0 0.767361 0 0.0236111 0
0 0.497917 0 0.0513889 0
0 0.598611 0 0.0222222 0
0 0.767361 0 0.0236111 0
0 0.598611 0 0.0222222 0
0 0.499306 0 0.0513889 0
0 0.767361 0 0.0236111 0
0 0.598611 0 0.0222222 0
0 0.499306 0 0.0513889 0
0 0.766667 0 0.0222222 0
0 0.497917 0 0.0513889 0
0 0.598611 0 0.0222222 0
0 0.767361 0 0.0236111 0
0 0.499306 0 0.0513889 0
0 0.598611 0 0.0222222 0
0 0.767361 0 0.0236111 0
0 0.497917 0 0.0513889 0
0 0.598611 0 0.0222222 0
0 0.767361 0 0.0236111 0
0 0.497917 0 0.0513889 0
0 0.598611 0 0.0222222 0
0 0.767361 0 0.0236111 0
0 0.498611 0 0.05 0
0 0.598611 0 0.0222222 0
0 0.767361 0 0.0236111 0
0 0.498611 0 0.0527778 0
0 0.598611 0 0.0222222 0
0 0.767361 0 0.0236111 0
0 0.498611 0 0.0527778 0
0 0.598611 0 0.0222222 0
0 0.766667 0 0.0222222 0
0 0.498611 0 0.05 0
0 0.598611 0 0.0222222 0
0 0.767361 0 0.0236111 0
0 0.499306 0 0.0513889 0
0 0.598611 0 0.0222222 0
0 0.767361 0 0.0236111 0
0 0.499306 0 0.0513889 0
0 0.598611 0 0.0222222 0
0 0.767361 0 0.0236111 0
0 0.497917 0 0.0513889 0
0 0.598611 0 0.0222222 0
0 0.767361 0 0.0236111 0
0 0.498611 0 0.05 0
0 0.598611 0 0.0222222 0
0 0.767361 0 0.0236111 0
0 0.499306 0 0.0513889 0
0 0.598611 0 0.0222222 0
0 0.766667 0 0.0222222 0
0 0.498611 0 0.0527778 0
0 0.598611 0 0.0222222 0
0 0.766667 0 0.0222222 0
0 0.498611 0 0.0527778 0
0 0.598611 0 0.0222222 0
0 0.767361 0 0.0236111 0
0 0.598611 0 0.0222222 0
0 0.499306 0 0.0513889 0
0 0.766667 0 0.0222222 0
0 0.497917 0 0.0513889 0
0 0.598611 0 0.0222222 0
0 0.767361 0 0.0236111 0
0 0.598611 0 0.0222222 0
0 0.499306 0 0.0513889 0
0 0.766667 0 0.025 0
0 0.497917 0 0.0513889 0
0 0.598611 0 0.0222222 0
0 0.766667 0 0.025 0
0 0.497917 0 0.0513889 0
0 0.598611 0 0.0222222 0
0 0.767361 0 0.0236111 0
0 0.499306 0 0.0513889 0
0 0.598611 0 0.0222222 0
0 0.767361 0 0.0236111 0
0 0.497917 0 0.0513889 0
0 0.598611 0 0.0222222 0
0 0.767361 0 0.0236111 0
0 0.498611 0 0.05 0
0 0.598611 0 0.0222222 0
0 0.767361 0 0.0236111 0
0 0.498611 0 0.0527778 0
0 0.598611 0 0.0222222 0
0 0.767361 0 0.0236111 0
0 0.498611 0 0.0527778 0
0 0.598611 0 0.0222222 0
0 0.766667 0 0.0222222 0
0 0.497917 0 0.0513889 0
0 0.598611 0 0.0222222 0
0 0.767361 0 0.0236111 0
0 0.598611 0 0.0222222 0
0 0.499306 0 0.0513889 0
0 0.766667 0 0.0222222 0
0 0.497917 0 0.0513889 0
0 0.598611 0 0.0222222 0
0 0.767361 0 0.0236111 0
0 0.598611 0 0.0222222 0
0 0.499306 0 0.0513889 0
0 0.766667 0 0.025 0
0 0.497917 0 0.0513889 0
0 0.598611 0 0.0222222 0
0 0.767361 0 0.0236111 0
0 0.499306 0 0.0513889 0
0 0.598611 0 0.0222222 0
0 0.767361 0 0.0236111 0
0 0.499306 0 0.0513889 0
0 0.598611 0 0.0222222 0
0 0.651389 0 0.00555556 0
0 0.767361 0 0.0236111 0
0 0.497917 0 0.0513889 0
0 0.598611 0 0.0222222 0
0 0.767361 0 0.0236111 0
0 0.498611 0 0.05 0
0 0.598611 0 0.0222222 0
0 0.767361 0 0.0236111 0
0 0.499306 0 0.0513889 0
0 0.598611 0 0.0222222 0
0 0.131944 0 0.00833333 0
0 0.766667 0 0.0222222 0
0 0.497917 0 0.0513889 0
0 0.598611 0 0.0222222 0
0 0.767361 0 0.0236111 0
0 0.598611 0 0.0222222 0
0 0.499306 0 0.0513889 0
0 0.766667 0 0.0222222 0
0 0.497917 0 0.0513889 0
0 0.598611 0 0.0222222 0
0 0.766667 0 0.0222222 0
0 0.497917 0 0.0513889 0
0 0.598611 0 0.0222222 0
0 0.767361 0 0.0236111 0
0 0.598611 0 0.0222222 0
0 0.499306 0 0.0513889 0
0 0.766667 0 0.025 0
0 0.497917 0 0.0513889 0
0 0.598611 0 0.0222222 0
0 0.767361 0 0.0236111 0
0 0.499306 0 0.0513889 0
0 0.598611 0 0.0222222 0
0 0.767361 0 0.0236111 0
0 0.497917 0 0.0513889 0
0 0.598611 0 0.0222222 0
0 0.767361 0 0.0236111 0
0 0.498611 0 0.05 0
0 0.598611 0 0.0222222 0
0 0.767361 0 0.0236111 0
0 0.498611 0 0.05 0
0 0.598611 0 0.0222222 0
0 0.767361 0 0.0236111 0
0 0.498611 0 0.0527778 0
0 0.598611 0 0.0222222 0
0 0.766667 0 0.0222222 0
0 0.497917 0 0.0513889 0
0 0.598611 0 0.0222222 0
0 0.767361 0 0.0236111 0
0 0.598611 0 0.0222222 0
0 0.499306 0 0.0513889 0
0 0.766667 0 0.0222222 0
0 0.497917 0 0.0513889 0
0 0.598611 0 0.0222222 0
0 0.766667 0 0.0222222 0
0 0.497917 0 0.0513889 0
0 0.598611 0 0.0222222 0
0 0.767361 0 0.0236111 0
0 0.598611 0 0.0222222 0
0 0.499306 0 0.0513889 0
0 0.766667 0 0.025 0
0 0.497917 0 0.0513889 0
0 0.598611 0 0.0222222 0
0 0.767361 0 0.0236111 0
0 0.499306 0 0.0513889 0
0 0.598611 0 0.0222222 0
0 0.767361 0 0.0236111 0
0 0.499306 0 0.0513889 0
0 0.598611 0 0.0222222 0
0 0.767361 0 0.0236111 0
0 0.497917 0 0.0513889 0
0 0.598611 0 0.0222222 0
0 0.767361 0 0.0236111 0
0 0.498611 0 0.05 0
0 0.598611 0 0.0222222 0
0 0.767361 0 0.0236111 0
0 0.498611 0 0.0527778 0
0 0.598611 0 0.0222222 0
0 0.767361 0 0.0236111 0
0 0.498611 0 0.0527778 0
0 0.598611 0 0.0222222 0
0 0.766667 0 0.0222222 0
0 0.498611 0 0.05 0
0 0.598611 0 0.0222222 0
0 0.767361 0 0.0236111 0
0 0.598611 0 0.0222222 0
0 0.499306 0 0.0513889 0
0 0.766667 0 0.0222222 0
0 0.497917 0 0.0513889 0
0 0.598611 0 0.0222222 0
0 0.766667 0 0.0222222 0
0 0.497917 0 0.0513889 0
0 0.598611 0 0.0222222 0
0 0.767361 0 0.0236111 0
0 0.598611 0 0.0222222 0
0 0.498611 0 0.0527778 0
0 0.766667 0 0.025 0
0 0.497917 0 0.0513889 0
0 0.598611 0 0.0222222 0
0 0.767361 0 0.0236111 0
0 0.499306 0 0.0513889 0
0 0.598611 0 0.0222222 0
0 0.767361 0 0.0236111 0
0 0.499306 0 0.0513889 0
0 0.598611 0 0.0222222 0
0 0.650694 0 0.00694444 0
0 0.767361 0 0.0236111 0
0 0.497917 0 0.0513889 0
0 0.598611 0 0.0222222 0
0 0.767361 0 0.0236111 0
0 0.498611 0 0.05 0
0 0.598611 0 0.0222222 0
0 0.767361 0 0.0236111 0
0 0.498611 0 0.0527778 0
0 0.598611 0 0.0222222 0
0 0.766667 0 0.0222222 0
0 0.498611 0 0.05 0
0 0.598611 0 0.0222222 0
0 0.766667 0 0.0222222 0
0 0.498611 0 0.05 0
0 0.598611 0 0.0222222 0
0 0.767361 0 0.0236111 0
0 0.598611 0 0.0222222 0
0 0.499306 0 0.0513889 0
0 0.766667 0 0.0222222 0
0 0.497917 0 0.0513889 0
0 0.598611 0 0.0222222 0
0 0.767361 0 0.0236111 0
0 0.598611 0 0.0222222 0
0 0.499306 0 0.0513889 0
0 0.767361 0 0.0236111 0
0 0.598611 0 0.0222222 0
0 0.499306 0 0.0513889 0
0 0.766667 0 0.025 0
0 0.498611 0 0.0527778 0
0 0.598611 0 0.0222222 0
0 0.767361 0 0.0236111 0
0 0.499306 0 0.0513889 0
0 0.598611 0 0.0222222 0
0 0.767361 0 0.0236111 0
0 0.497917 0 0.0513889 0
0 0.598611 0 0.0222222 0
0 0.767361 0 0.0236111 0
0 0.497917 0 0.0513889 0
0 0.598611 0 0.0222222 0
0 0.767361 0 0.0236111 0
0 0.498611 0 0.05 0
0 0.598611 0 0.0222222 0
0 0.767361 0 0.0236111 0
0 0.498611 0 0.0527778 0
0 0.598611 0 0.0222222 0
0 0.766667 0 0.0222222 0
0 0.498611 0 0.05 0
0 0.598611 0 0.0222222 0
0 0.767361 0 0.0236111 0
0 0.598611 0 0.0222222 0
0 0.499306 0 0.0513889 0
0 0.767361 0 0.0236111 0
0 0.598611 0 0.0222222 0
0 0.499306 0 0.0513889 0
0 0.766667 0 0.0222222 0
0 0.497917 0 0.0513889 0
0 0.598611 0 0.0222222 0
0 0.767361 0 0.0236111 0
0 0.598611 0 0.0222222 0
0 0.499306 0 0.0513889 0
0 0.766667 0 0.025 0
0 0.498611 0 0.0527778 0
0 0.598611 0 0.0222222 0
0 0.767361 0 0.0236111 0
0 0.499306 0 0.0513889 0
0 0.598611 0 0.0222222 0
0 0.767361 0 0.0236111 0
0 0.499306 0 0.0513889 0
0 0.598611 0 0.0222222 0
0 0.767361 0 0.0236111 0
0 0.497917 0 0.0513889 0
0 0.598611 0 0.0222222 0
0 0.767361 0 0.0236111 0
0 0.498611 0 0.05 0
0 0.598611 0 0.0222222 0
0 0.767361 0 0.0236111 0
0 0.498611 0 0.0527778 0
0 0.598611 0 0.0222222 0
0 0.767361 0 0.0236111 0
0 0.498611 0 0.0527778 0
0 0.598611 0 0.0222222 0
0 0.766667 0 0.0222222 0
0 0.498611 0 0.05 0
0 0.598611 0 0.0222222 0
0 0.767361 0 0.0236111 0
0 0.598611 0 0.0222222 0
0 0.499306 0 0.0513889 0
0 0.766667 0 0.0222222 0
0 0.497917 0 0.0513889 0
0 0.598611 0 0.0222222 0
0 0.767361 0 0.0236111 0
0 0.598611 0 0.0222222 0
0 0.499306 0 0.0513889 0
0 0.767361 0 0.0236111 0
0 0.598611 0 0.0222222 0
0 0.499306 0 0.0513889 0
0 0.766667 0 0.025 0
0 0.498611 0 0.0527778 0
0 0.598611 0 0.0222222 0
0 0.767361 0 0.0236111 0
0 0.499306 0 0.0513889 0
0 0.598611 0 0.0222222 0
0 0.651389 0 0.00555556 0
0 0.767361 0 0.0236111 0
0 0.497917 0 0.0513889 0
0 0.598611 0 0.0222222 0
0 0.651389 0 0.00555556 0
0 0.767361 0 0.0236111 0
0 0.497917 0 0.0513889 0
0 0.598611 0 0.0222222 0
0 0.767361 0 0.0236111 0
0 0.498611 0 0.05 0
0 0.598611 0 0.0222222 0
0 0.767361 0 0.0236111 0
0 0.498611 0 0.0527778 0
0 0.598611 0 0.0222222 0
0 0.766667 0 0.0222222 0
0 0.498611 0 0.05 0
0 0.598611 0 0.0222222 0
0 0.766667 0 0.0222222 0
0 0.498611 0 0.05 0
0 0.598611 0 0.0222222 0
0 0.767361 0 0.0236111 0
0 0.598611 0 0.0222222 0
0 0.499306 0 0.0513889 0
0 0.766667 0 0.0222222 0
0 0.497917 0 0.0513889 0
0 0.598611 0 0.0222222 0
0 0.767361 0 0.0236111 0
0 0.598611 0 0.0222222 0
0 0.499306 0 0.0513889 0
0 0.766667 0 0.025 0
0 0.498611 0 0.0527778 0
0 0.598611 0 0.0222222 0
0 0.766667 0 0.025 0
0 0.498611 0 0.0527778 0
0 0.598611 0 0.0222222 0
0 0.767361 0 0.0236111 0
0 0.499306 0 0.0513889 0
0 0.598611 0 0.0222222 0
0 0.650694 0 0.00694444 0
0 0.767361 0 0.0236111 0
0 0.497917 0 0.0513889 0
0 0.598611 0 0.0222222 0
0 0.767361 0 0.0236111 0
0 0.498611 0 0.05 0
0 0.598611 0 0.0222222 0
0 0.767361 0 0.0236111 0
0 0.498611 0 0.05 0
0 0.598611 0 0.0222222 0
0 0.767361 0 0.0236111 0
0 0.498611 0 0.0527778 0
0 0.598611 0 0.0222222 0
0 0.766667 0 0.0222222 0
0 0.498611 0 0.05 0
0 0.598611 0 0.0222222 0
0 0.767361 0 0.0236111 0
0 0.598611 0 0.0222222 0
0 0.499306 0 0.0513889 0
0 0.766667 0 0.0222222 0
0 0.497917 0 0.0513889 0
0 0.598611 0 0.0222222 0
0 0.766667 0 0.0222222 0
0 0.497917 0 0.0513889 0
0 0.598611 0 0.0222222 0
0 0.767361 0 0.0236111 0
0 0.598611 0 0.0222222 0
0 0.499306 0 0.0513889 0
0 0.766667 0 0.025 0
0 0.497917 0 0.0513889 0
0 0.598611 0 0.0222222 0
0 0.767361 0 0.0236111 0
0 0.499306 0 0.0513889 0
0 0.598611 0 0.0222222 0
0 0.650694 0 0.00694444 0
0 0.767361 0 0.0236111 0
0 0.497917 0 0.0513889 0
0 0.598611 0 0.0222222 0
0 0.767361 0 0.0236111 0
0 0.498611 0 0.05 0
0 0.598611 0 0.0222222 0
0 0.767361 0 0.0236111 0
0 0.498611 0 0.05 0
0 0.598611 0 0.0222222 0
0 0.767361 0 0.0236111 0
0 0.498611 0 0.0527778 0
0 0.598611 0 0.0222222 0
0 0.766667 0 0.0222222 0
0 0.498611 0 0.05 0
0 0.598611 0 0.0222222 0
0 0.767361 0 0.0236111 0
0 0.598611 0 0.0222222 0
0 0.499306 0 0.0513889 0
0 0.766667 0 0.0222222 0
0 0.497917 0 0.0513889 0
0 0.598611 0 0.0222222 0
0 0.767361 0 0.0236111 0
0 0.598611 0 0.0222222 0
0 0.499306 0 0.0513889 0
0 0.766667 0 0.025 0
0 0.497917 0 0.0513889 0
0 0.598611 0 0.0222222 0
0 0.767361 0 0.0236111 0
0 0.499306 0 0.0513889 0
0 0.598611 0 0.0222222 0
0 0.650694 0 0.00694444 0
0 0.767361 0 0.0236111 0
0 0.497917 0 0.0513889 0
0 0.598611 0 0.0222222 0
0 0.767361 0 0.0236111 0
0 0.498611 0 0.05 0
0 0.598611 0 0.0222222 0
0 0.767361 0 0.0236111 0
0 0.498611 0 0.0527778 0
0 0.598611 0 0.0222222 0
0 0.766667 0 0.0222222 0
0 0.498611 0 0.05 0
0 0.598611 0 0.0222222 0
0 0.767361 0 0.0236111 0
0 0.499306 0 0.0513889 0
0 0.598611 0 0.0222222 0
0 0.766667 0 0.0222222 0
0 0.497917 0 0.0513889 0
0 0.598611 0 0.0222222 0
0 0.767361 0 0.0236111 0
0 0.598611 0 0.0222222 0
0 0.499306 0 0.0513889 0
0 0.766667 0 0.025 0
0 0.497917 0 0.0513889 0
0 0.598611 0 0.0222222 0
0 0.767361 0 0.0236111 0
0 0.499306 0 0.0513889 0
0 0.598611 0 0.0222222 0
0 0.651389 0 0.00555556 0
0 0.767361 0 0.0236111 0
0 0.497917 0 0.0513889 0
0 0.598611 0 0.0222222 0
0 0.651389 0 0.00555556 0
0 0.767361 0 0.0236111 0
0 0.497917 0 0.0513889 0
0 0.598611 0 0.0222222 0
0 0.767361 0 0.0236111 0
0 0.498611 0 0.05 0
0 0.598611 0 0.0222222 0
0 0.767361 0 0.0236111 0
0 0.498611 0 0.0527778 0
0 0.598611 0 0.0222222 0
0 0.766667 0 0.0222222 0
0 0.498611 0 0.05 0
0 0.598611 0 0.0222222 0
0 0.767361 0 0.0236111 0
0 0.598611 0 0.0222222 0
0 0.499306 0 0.0513889 0
0 0.766667 0 0.0222222 0
0 0.497917 0 0.0513889 0
0 0.598611 0 0.0222222 0
0 0.767361 0 0.0236111 0
0 0.598611 0 0.0222222 0
0 0.499306 0 0.0513889 0
0 0.766667 0 0.025 0
0 0.497917 0 0.0513889 0
0 0.598611 0 0.0222222 0
0 0.6625 0 0.00833333 0
0 0.767361 0 0.0236111 0
0 0.499306 0 0.0513889 0
0 0.598611 0 0.0222222 0
0 0.651389 0 0.00555556 0
0 0.767361 0 0.0236111 0
0 0.497917 0 0.0513889 0
0 0.598611 0 0.0222222 0
0 0.767361 0 0.0236111 0
0 0.498611 0 0.05 0
0 0.598611 0 0.0222222 0
0 0.767361 0 0.0236111 0
0 0.498611 0 0.0527778 0
0 0.598611 0 0.0222222 0
0 0.766667 0 0.0222222 0
0 0.498611 0 0.05 0
0 0.598611 0 0.0222222 0
0 0.766667 0 0.0222222 0
0 0.498611 0 0.05 0
0 0.598611 0 0.0222222 0
0 0.766667 0 0.0222222 0
0 0.497917 0 0.0513889 0
0 0.598611 0 0.0222222 0
0 0.766667 0 0.0222222 0
0 0.497917 0 0.0513889 0
0 0.598611 0 0.0222222 0
0 0.767361 0 0.0236111 0
0 0.598611 0 0.0222222 0
0 0.499306 0 0.0513889 0
0 0.766667 0 0.025 0
0 0.497917 0 0.0513889 0
0 0.598611 0 0.0222222 0
0 0.767361 0 0.0236111 0
0 0.499306 0 0.0513889 0
0 0.598611 0 0.0222222 0
0 0.767361 0 0.0236111 0
0 0.598611 0 0.0222222 0
0 0.499306 0 0.0513889 0
0 0.766667 0 0.0222222 0
0 0.497917 0 0.0513889 0
0 0.598611 0 0.0222222 0
0 0.767361 0 0.0236111 0
0 0.497917 0 0.0513889 0
0 0.598611 0 0.0222222 0
0 0.766667 0 0.0222222 0
0 0.497917 0 0.0513889 0
0 0.598611 0 0.0222222 0
0 0.767361 0 0.0236111 0
0 0.598611 0 0.0222222 0
0 0.498611 0 0.0527778 0
0 0.766667 0 0.025 0
0 0.497917 0 0.0513889 0
0 0.598611 0 0.0222222 0
0 0.767361 0 0.0236111 0
0 0.499306 0 0.0513889 0
0 0.598611 0 0.0222222 0
0 0.767361 0 0.0236111 0
0 0.598611 0 0.0222222 0
0 0.499306 0 0.0513889 0
0 0.766667 0 0.0222222 0
0 0.497917 0 0.0513889 0
0 0.598611 0 0.0222222 0
0 0.767361 0 0.0236111 0
0 0.598611 0 0.0222222 0
0 0.498611 0 0.0527778 0
0 0.767361 0 0.0236111 0
0 0.598611 0 0.0222222 0
0 0.498611 0 0.0527778 0
0 0.767361 0 0.0236111 0
0 0.497917 0 0.0513889 0
0 0.598611 0 0.0222222 0
0 0.767361 0 0.0236111 0
0 0.498611 0 0.05 0
0 0.598611 0 0.0222222 0
0 0.767361 0 0.0236111 0
0 0.498611 0 0.0527778 0
0 0.598611 0 0.0222222 0
0 0.766667 0 0.0222222 0
0 0.498611 0 0.05 0
0 0.598611 0 0.0222222 0
0 0.767361 0 0.0236111 0
0 0.499306 0 0.0513889 0
0 0.598611 0 0.0222222 0
0 0.767361 0 0.0236111 0
0 0.499306 0 0.0513889 0
0 0.598611 0 0.0222222 0
0 0.767361 0 0.0236111 0
0 0.497917 0 0.0513889 0
0 0.598611 0 0.0222222 0
0 0.767361 0 0.0236111 0
0 0.598611 0 0.0222222 0
0 0.499306 0 0.0513889 0
0 0.767361 0 0.0236111 0
0 0.497917 0 0.0513889 0
0 0.598611 0 0.0222222 0
0 0.767361 0 0.0236111 0
0 0.598611 0 0.0222222 0
0 0.498611 0 0.0527778 0
0 0.767361 0 0.0236111 0
0 0.497917 0 0.0513889 0
0 0.598611 0 0.0222222 0
0 0.767361 0 0.0236111 0
0 0.497917 0 0.0513889 0
0 0.598611 0 0.0222222 0
0 0.767361 0 0.0236111 0
0 0.498611 0 0.05 0
0 0.598611 0 0.0222222 0
0 0.767361 0 0.0236111 0
0 0.498611 0 0.0527778 0
0 0.598611 0 0.0222222 0
0 0.766667 0 0.0222222 0
0 0.498611 0 0.05 0
0 0.598611 0 0.0222222 0
0 0.767361 0 0.0236111 0
0 0.499306 0 0.0513889 0
0 0.598611 0 0.0222222 0
0 0.766667 0 0.0222222 0
0 0.498611 0 0.0527778 0
0 0.598611 0 0.0222222 0
0 0.766667 0 0.0222222 0
0 0.498611 0 0.0527778 0
0 0.598611 0 0.0222222 0
0 0.767361 0 0.0236111 0
0 0.598611 0 0.0222222 0
0 0.499306 0 0.0513889 0
0 0.766667 0 0.0222222 0
0 0.497917 0 0.0513889 0
0 0.598611 0 0.0222222 0
0 0.767361 0 0.0236111 0
0 0.598611 0 0.0222222 0
0 0.499306 0 0.0513889 0
0 0.767361 0 0.0236111 0
0 0.497917 0 0.0513889 0
0 0.598611 0 0.0222222 0
0 0.767361 0 0.0236111 0
0 0.498611 0 0.05 0
0 0.598611 0 0.0222222 0
0 0.767361 0 0.0236111 0
0 0.498611 0 0.0527778 0
0 0.598611 0 0.0222222 0
0 0.767361 0 0.0236111 0
0 0.498611 0 0.05 0
0 0.598611 0 0.0222222 0
0 0.767361 0 0.0236111 0
0 0.498611 0 0.05 0
0 0.598611 0 0.0222222 0
0 0.767361 0 0.0236111 0
0 0.499306 0 0.0513889 0
0 0.598611 0 0.0222222 0
0 0.13125 0 0.00694444 0
0 0.766667 0 0.0222222 0
0 0.498611 0 0.0527778 0
0 0.598611 0 0.0222222 0
0 0.767361 0 0.0236111 0
0 0.598611 0 0.0222222 0
0 0.499306 0 0.0513889 0
0 0.766667 0 0.0222222 0
0 0.497917 0 0.0513889 0
0 0.598611 0 0.0222222 0
0 0.767361 0 0.0236111 0
0 0.598611 0 0.0222222 0
0 0.499306 0 0.0513889 0
0 0.766667 0 0.025 0
0 0.497917 0 0.0513889 0
0 0.598611 0 0.0222222 0
0 0.767361 0 0.0236111 0
0 0.498611 0 0.05 0
0 0.598611 0 0.0222222 0
0 0.767361 0 0.0236111 0
0 0.498611 0 0.0527778 0
0 0.598611 0 0.0222222 0
0 0.767361 0 0.0236111 0
0 0.498611 0 0.0527778 0
0 0.598611 0 0.0222222 0
0 0.767361 0 0.0236111 0
0 0.498611 0 0.05 0
0 0.598611 0 0.0222222 0
0 0.767361 0 0.0236111 0
0 0.499306 0 0.0513889 0
0 0.598611 0 0.0222222 0
0 0.13125 0 0.00694444 0
0 0.766667 0 0.0222222 0
0 0.498611 0 0.0527778 0
0 0.598611 0 0.0222222 0
0 0.767361 0 0.0236111 0
0 0.598611 0 0.0222222 0
0 0.499306 0 0.0513889 0
0 0.766667 0 0.0222222 0
0 0.497917 0 0.0513889 0
0 0.598611 0 0.0222222 0
0 0.767361 0 0.0236111 0
0 0.598611 0 0.0222222 0
0 0.498611 0 0.0527778 0
0 0.766667 0 0.025 0
0 0.497917 0 0.0513889 0
0 0.598611 0 0.0222222 0
0 0.767361 0 0.0236111 0
0 0.498611 0 0.05 0
0 0.598611 0 0.0222222 0
0 0.767361 0 0.0236111 0
0 0.498611 0 0.0527778 0
0 0.598611 0 0.0222222 0
0 0.767361 0 0.0236111 0
0 0.498611 0 0.05 0
0 0.598611 0 0.0222222 0
0 0.767361 0 0.0236111 0
0 0.499306 0 0.0513889 0
0 0.598611 0 0.0222222 0
0 0.766667 0 0.0222222 0
0 0.497917 0 0.0513889 0
0 0.598611 0 0.0222222 0
0 0.766667 0 0.0222222 0
0 0.497917 0 0.0513889 0
0 0.598611 0 0.0222222 0
0 0.767361 0 0.0236111 0
0 0.598611 0 0.0222222 0
0 0.499306 0 0.0513889 0
0 0.766667 0 0.0222222 0
0 0.497917 0 0.0513889 0
0 0.598611 0 0.0222222 0
0 0.767361 0 0.0236111 0
0 0.598611 0 0.0222222 0
0 0.498611 0 0.0527778 0
0 0.766667 0 0.025 0
0 0.497917 0 0.0513889 0
0 0.598611 0 0.0222222 0
0 0.766667 0 0.025 0
0 0.497917 0 0.0513889 0
0 0.598611 0 0.0222222 0
0 0.767361 0 0.0236111 0
0 0.498611 0 0.05 0
0 0.598611 0 0.0222222 0
0 0.767361 0 0.0236111 0
0 0.498611 0 0.0527778 0
0 0.598611 0 0.0222222 0
0 0.767361 0 0.0236111 0
0 0.498611 0 0.05 0
0 0.598611 0 0.0222222 0
0 0.767361 0 0.0236111 0
0 0.499306 0 0.0513889 0
0 0.598611 0 0.0222222 0
0 0.767361 0 0.0236111 0
0 0.499306 0 0.0513889 0
0 0.598611 0 0.0222222 0
0 0.766667 0 0.0222222 0
0 0.498611 0 0.0527778 0
0 0.598611 0 0.0222222 0
0 0.767361 0 0.0236111 0
0 0.598611 0 0.0222222 0
0 0.499306 0 0.0513889 0
0 0.766667 0 0.0222222 0
0 0.497917 0 0.0513889 0
0 0.598611 0 0.0222222 0
0 0.766667 0 0.0222222 0
0 0.497917 0 0.0513889 0
0 0.598611 0 0.0222222 0
0 0.767361 0 0.0236111 0
0 0.598611 0 0.0222222 0
0 0.498611 0 0.0527778 0
0 0.767361 0 0.0236111 0
0 0.497917 0 0.0513889 0
0 0.598611 0 0.0222222 0
0 0.767361 0 0.0236111 0
0 0.498611 0 0.05 0
0 0.598611 0 0.0222222 0
0 0.767361 0 0.0236111 0
0 0.498611 0 0.05 0
0 0.598611 0 0.0222222 0
0 0.767361 0 0.0236111 0
0 0.498611 0 0.0527778 0
0 0.598611 0 0.0222222 0
0 0.767361 0 0.0236111 0
0 0.498611 0 0.05 0
0 0.598611 0 0.0222222 0
0 0.767361 0 0.0236111 0
0 0.499306 0 0.0513889 0
0 0.598611 0 0.0222222 0
0 0.766667 0 0.0222222 0
0 0.498611 0 0.0527778 0
0 0.598611 0 0.0222222 0
0 0.766667 0 0.0222222 0
0 0.498611 0 0.0527778 0
0 0.598611 0 0.0222222 0
0 0.767361 0 0.0236111 0
0 0.598611 0 0.0222222 0
0 0.499306 0 0.0513889 0
0 0.766667 0 0.0222222 0
0 0.497917 0 0.0513889 0
0 0.598611 0 0.0222222 0
0 0.767361 0 0.0236111 0
0 0.498611 0 0.0527778 0
0 0.598611 0 0.0222222 0
0 0.767361 0 0.0236111 0
0 0.497917 0 0.0513889 0
0 0.598611 0 0.0222222 0
0 0.767361 0 0.0236111 0
0 0.497917 0 0.0513889 0
0 0.598611 0 0.0222222 0
0 0.767361 0 0.0236111 0
0 0.498611 0 0.05 0
0 0.598611 0 0.0222222 0
0 0.767361 0 0.0236111 0
0 0.498611 0 0.0527778 0
0 0.598611 0 0.0222222 0
0 0.767361 0 0.0236111 0
0 0.497917 0 0.0513889 0
0 0.598611 0 0.0222222 0
0 0.767361 0 0.0236111 0
0 0.497917 0 0.0513889 0
0 0.598611 0 0.0222222 0
0 0.767361 0 0.0236111 0
0 0.499306 0 0.0513889 0
0 0.598611 0 0.0222222 0
0 0.766667 0 0.0222222 0
0 0.497917 0 0.0513889 0
0 0.598611 0 0.0222222 0
0 0.767361 0 0.0236111 0
0 0.598611 0 0.0222222 0
0 0.499306 0 0.0513889 0
0 0.767361 0 0.0236111 0
0 0.598611 0 0.0222222 0
0 0.499306 0 0.0513889 0
0 0.766667 0 0.0222222 0
0 0.497917 0 0.0513889 0
0 0.598611 0 0.0222222 0
0 0.767361 0 0.0236111 0
0 0.498611 0 0.0527778 0
0 0.598611 0 0.0222222 0
0 0.766667 0 0.025 0
0 0.497917 0 0.0513889 0
0 0.598611 0 0.0222222 0
0 0.767361 0 0.0236111 0
0 0.498611 0 0.05 0
0 0.598611 0 0.0222222 0
0 0.767361 0 0.0236111 0
0 0.498611 0 0.05 0
0 0.598611 0 0.0222222 0
0 0.767361 0 0.0236111 0
0 0.498611 0 0.0527778 0
0 0.598611 0 0.0222222 0
0 0.767361 0 0.0236111 0
0 0.498611 0 0.05 0
0 0.598611 0 0.0222222 0
0 0.767361 0 0.0236111 0
0 0.499306 0 0.0513889 0
0 0.598611 0 0.0222222 0
0 0.767361 0 0.0236111 0
0 0.499306 0 0.0513889 0
0 0.598611 0 0.0222222 0
0 0.766667 0 0.0222222 0
0 0.498611 0 0.0527778 0
0 0.598611 0 0.0222222 0
0 0.767361 0 0.0236111 0
0 0.598611 0 0.0222222 0
0 0.499306 0 0.0513889 0
0 0.766667 0 0.0222222 0
0 0.497917 0 0.0513889 0
0 0.598611 0 0.0222222 0
0 0.767361 0 0.0236111 0
0 0.498611 0 0.0527778 0
0 0.598611 0 0.0222222 0
0 0.767361 0 0.0236111 0
0 0.498611 0 0.0527778 0
0 0.598611 0 0.0222222 0
0 0.766667 0 0.025 0
0 0.497917 0 0.0513889 0
0 0.598611 0 0.0222222 0
0 0.767361 0 0.0236111 0
0 0.498611 0 0.05 0
0 0.598611 0 0.0222222 0
0 0.767361 0 0.0236111 0
0 0.498611 0 0.0527778 0
0 0.598611 0 0.0222222 0
0 0.767361 0 0.0236111 0
0 0.498611 0 0.05 0
0 0.598611 0 0.0222222 0
0 0.767361 0 0.0236111 0
0 0.499306 0 0.0513889 0
0 0.598611 0 0.0222222 0
0 0.766667 0 0.0222222 0
0 0.498611 0 0.0527778 0
0 0.598611 0 0.0222222 0
0 0.767361 0 0.0236111 0
0 0.598611 0 0.0222222 0
0 0.499306 0 0.0513889 0
0 0.766667 0 0.0222222 0
0 0.497917 0 0.0513889 0
0 0.598611 0 0.0222222 0
0 0.767361 0 0.0236111 0
0 0.498611 0 0.0527778 0
0 0.598611 0 0.0222222 0
0 0.766667 0 0.025 0
0 0.497917 0 0.0513889 0
0 0.598611 0 0.0222222 0
0 0.767361 0 0.0236111 0
0 0.498611 0 0.05 0
0 0.598611 0 0.0222222 0
0 0.767361 0 0.0236111 0
0 0.498611 0 0.05 0
0 0.598611 0 0.0222222 0
0 0.767361 0 0.0236111 0
0 0.498611 0 0.0527778 0
0 0.598611 0 0.0222222 0
0 0.767361 0 0.0236111 0
0 0.499306 0 0.0513889 0
0 0.598611 0 0.0222222 0
0 0.767361 0 0.0236111 0
0 0.499306 0 0.0513889 0
0 0.598611 0 0.0222222 0
0 0.766667 0 0.0222222 0
0 0.498611 0 0.0527778 0
0 0.598611 0 0.0222222 0
0 0.767361 0 0.0236111 0
0 0.598611 0 0.0222222 0
0 0.498611 0 0.0527778 0
0 0.766667 0 0.0222222 0
0 0.497917 0 0.0513889 0
0 0.598611 0 0.0222222 0
0 0.767361 0 0.0236111 0
0 0.498611 0 0.0527778 0
0 0.598611 0 0.0222222 0
0 0.766667 0 0.025 0
0 0.497917 0 0.0513889 0
0 0.598611 0 0.0222222 0
0 0.766667 0 0.025 0
0 0.497917 0 0.0513889 0
0 0.598611 0 0.0222222 0
0 0.767361 0 0.0236111 0
0 0.498611 0 0.05 0
0 0.598611 0 0.0222222 0
0 0.767361 0 0.0236111 0
0 0.498611 0 0.0527778 0
0 0.598611 0 0.0222222 0
0 0.767361 0 0.0236111 0
0 0.498611 0 0.05 0
0 0.598611 0 0.0222222 0
0 0.767361 0 0.0236111 0
0 0.498611 0 0.05 0
0 0.598611 0 0.0222222 0
0 0.767361 0 0.0236111 0
0 0.499306 0 0.0513889 0
0 0.598611 0 0.0222222 0
0 0.767361 0 0.0236111 0
0 0.598611 0 0.0222222 0
0 0.498611 0 0.0527778 0
0 0.766667 0 0.0222222 0
0 0.497917 0 0.0513889 0
0 0.598611 0 0.0222222 0
0 0.767361 0 0.0236111 0
0 0.499306 0 0.0513889 0
0 0.598611 0 0.0222222 0
0 0.767361 0 0.0236111 0
0 0.499306 0 0.0513889 0
0 0.598611 0 0.0222222 0
0 0.767361 0 0.0236111 0
0 0.497917 0 0.0513889 0
0 0.598611 0 0.0222222 0
0 0.767361 0 0.0236111 0
0 0.498611 0 0.05 0
0 0.598611 0 0.0222222 0
0 0.767361 0 0.0236111 0
0 0.498611 0 0.0527778 0
0 0.598611 0 0.0222222 0
0 0.136806 0 0.00694444 0
0 0.767361 0 0.0236111 0
0 0.498611 0 0.05 0
0 0.598611 0 0.0222222 0
0 0.767361 0 0.0236111 0
0 0.499306 0 0.0513889 0
0 0.598611 0 0.0222222 0
0 0.766667 0 0.0222222 0
0 0.498611 0 0.0527778 0
0 0.598611 0 0.0222222 0
0 0.767361 0 0.0236111 0
0 0.598611 0 0.0222222 0
0 0.498611 0 0.0527778 0
0 0.766667 0 0.0222222 0
0 0.497917 0 0.0513889 0
0 0.598611 0 0.0222222 0
0 0.767361 0 0.0236111 0
0 0.498611 0 0.0527778 0
0 0.598611 0 0.0222222 0
0 0.767361 0 0.0236111 0
0 0.497917 0 0.0513889 0
0 0.598611 0 0.0222222 0
0 0.767361 0 0.0236111 0
0 0.498611 0 0.05 0
0 0.598611 0 0.0222222 0
0 0.767361 0 0.0236111 0
0 0.498611 0 0.0527778 0
0 0.598611 0 0.0222222 0
0 0.1375 0 0.00833333 0
0 0.767361 0 0.0236111 0
0 0.498611 0 0.05 0
0 0.598611 0 0.0222222 0
0 0.767361 0 0.0236111 0
0 0.499306 0 0.0513889 0
0 0.598611 0 0.0222222 0
0 0.766667 0 0.0222222 0
0 0.498611 0 0.0527778 0
0 0.598611 0 0.0222222 0
0 0.766667 0 0.0222222 0
0 0.498611 0 0.0527778 0
0 0.598611 0 0.0222222 0
0 0.767361 0 0.0236111 0
0 0.598611 0 0.0222222 0
0 0.498611 0 0.0527778 0
0 0.766667 0 0.0222222 0
0 0.497917 0 0.0513889 0
0 0.598611 0 0.0222222 0
0 0.766667 0 0.0222222 0
0 0.497917 0 0.0513889 0
0 0.598611 0 0.0222222 0
0 0.766667 0 0.0222222 0
0 0.498611 0 0.05 0
0 0.598611 0 0.0222222 0
0 0.767361 0 0.0236111 0
0 0.598611 0 0.0222222 0
0 0.498611 0 0.0527778 0
0 0.766667 0 0.0222222 0
0 0.497917 0 0.0513889 0
0 0.598611 0 0.0222222 0
0 0.767361 0 0.0236111 0
0 0.598611 0 0.0222222 0
0 0.499306 0 0.0513889 0
0 0.766667 0 0.025 0
0 0.497917 0 0.0513889 0
0 0.598611 0 0.0222222 0
0 0.766667 0 0.025 0
0 0.497917 0 0.0513889 0
0 0.598611 0 0.0222222 0
0 0.767361 0 0.0236111 0
0 0.499306 0 0.0513889 0
0 0.598611 0 0.0222222 0
0 0.767361 0 0.0236111 0
0 0.497917 0 0.0513889 0
0 0.598611 0 0.0222222 0
0 0.767361 0 0.0236111 0
0 0.498611 0 0.05 0
0 0.598611 0 0.0222222 0
0 0.766667 0 0.0222222 0
0 0.498611 0 0.05 0
0 0.598611 0 0.0222222 0
0 0.767361 0 0.0236111 0
0 0.598611 0 0.0222222 0
0 0.498611 0 0.0527778 0
0 0.766667 0 0.0222222 0
0 0.497917 0 0.0513889 0
0 0.598611 0 0.0222222 0
0 0.767361 0 0.0236111 0
0 0.598611 0 0.0222222 0
0 0.498611 0 0.0527778 0
0 0.766667 0 0.025 0
0 0.497917 0 0.0513889 0
0 0.598611 0 0.0222222 0
0 0.767361 0 0.0236111 0
0 0.499306 0 0.0513889 0
0 0.598611 0 0.0222222 0
0 0.767361 0 0.0236111 0
0 0.497917 0 0.0513889 0
0 0.598611 0 0.0222222 0
0 0.767361 0 0.0236111 0
0 0.498611 0 0.05 0
0 0.598611 0 0.0222222 0
0 0.767361 0 0.0236111 0
0 0.498611 0 0.0527778 0
0 0.598611 0 0.0222222 0
0 0.766667 0 0.0222222 0
0 0.498611 0 0.05 0
0 0.598611 0 0.0222222 0
0 0.767361 0 0.0236111 0
0 0.598611 0 0.0222222 0
0 0.498611 0 0.0527778 0
0 0.766667 0 0.0222222 0
0 0.497917 0 0.0513889 0
0 0.598611 0 0.0222222 0
0 0.767361 0 0.0236111 0
0 0.499306 0 0.0513889 0
0 0.598611 0 0.0222222 0
0 0.766667 0 0.025 0
0 0.497917 0 0.0513889 0
0 0.598611 0 0.0222222 0
0 0.767361 0 0.0236111 0
0 0.498611 0 0.0527778 0
0 0.598611 0 0.0222222 0
0 0.767361 0 0.0236111 0
0 0.497917 0 0.0513889 0
0 0.598611 0 0.0222222 0
0 0.767361 0 0.0236111 0
0 0.498611 0 0.05 0
0 0.598611 0 0.0222222 0
0 0.767361 0 0.0236111 0
0 0.498611 0 0.0527778 0
0 0.598611 0 0.0222222 0
0 0.766667 0 0.0222222 0
0 0.498611 0 0.05 0
0 0.598611 0 0.0222222 0
0 0.767361 0 0.0236111 0
0 0.598611 0 0.0222222 0
0 0.499306 0 0.0513889 0
0 0.767361 0 0.0236111 0
0 0.598611 0 0.0222222 0
0 0.499306 0 0.0513889 0
0 0.766667 0 0.0222222 0
0 0.497917 0 0.0513889 0
0 0.598611 0 0.0222222 0
0 0.767361 0 0.0236111 0
0 0.498611 0 0.05 0
0 0.598611 0 0.0222222 0
0 0.767361 0 0.0236111 0
0 0.498611 0 0.0527778 0
0 0.598611 0 0.0222222 0
0 0.767361 0 0.0236111 0
0 0.499306 0 0.0513889 0
0 0.598611 0 0.0222222 0
0 0.767361 0 0.0236111 0
0 0.497917 0 0.0513889 0
0 0.598611 0 0.0222222 0
0 0.767361 0 0.0236111 0
0 0.497917 0 0.0513889 0
0 0.598611 0 0.0222222 0
0 0.767361 0 0.0236111 0
0 0.498611 0 0.05 0
0 0.598611 0 0.0222222 0
0 0.767361 0 0.0236111 0
0 0.498611 0 0.0527778 0
0 0.598611 0 0.0222222 0
0 0.766667 0 0.0222222 0
0 0.498611 0 0.05 0
0 0.598611 0 0.0222222 0
0 0.767361 0 0.0236111 0
0 0.498611 0 0.0527778 0
0 0.598611 0 0.0222222 0
0 0.766667 0 0.0222222 0
0 0.497917 0 0.0513889 0
0 0.598611 0 0.0222222 0
0 0.766667 0 0.0222222 0
0 0.497917 0 0.0513889 0
0 0.598611 0 0.0222222 0
0 0.767361 0 0.0236111 0
0 0.499306 0 0.0513889 0
0 0.598611 0 0.0222222 0
0 0.767361 0 0.0236111 0
0 0.498611 0 0.0527778 0
0 0.598611 0 0.0222222 0
0 0.767361 0 0.0236111 0
0 0.498611 0 0.0527778 0
0 0.598611 0 0.0222222 0
0 0.767361 0 0.0236111 0
0 0.497917 0 0.0513889 0
0 0.598611 0 0.0222222 0
0 0.767361 0 0.0236111 0
0 0.498611 0 0.05 0
0 0.598611 0 0.0222222 0
0 0.767361 0 0.0236111 0
0 0.498611 0 0.0527778 0
0 0.598611 0 0.0222222 0
0 0.766667 0 0.0222222 0
0 0.498611 0 0.05 0
0 0.598611 0 0.0222222 0
0 0.766667 0 0.0222222 0
0 0.498611 0 0.05 0
0 0.598611 0 0.0222222 0
0 0.767361 0 0.0236111 0
0 0.499306 0 0.0513889 0
0 0.598611 0 0.0222222 0
0 0.766667 0 0.0222222 0
0 0.497917 0 0.0513889 0
0 0.598611 0 0.0222222 0
0 0.767361 0 0.0236111 0
0 0.499306 0 0.0513889 0
0 0.598611 0 0.0222222 0
0 0.767361 0 0.0236111 0
0 0.497917 0 0.0513889 0
0 0.598611 0 0.0222222 0
0 0.767361 0 0.0236111 0
0 0.498611 0 0.0527778 0
0 0.598611 0 0.0222222 0
0 0.767361 0 0.0236111 0
0 0.497917 0 0.0513889 0
0 0.598611 0 0.0222222 0
0 0.767361 0 0.0236111 0
0 0.497917 0 0.0513889 0
0 0.598611 0 0.0222222 0
0 0.767361 0 0.0236111 0
0 0.498611 0 0.05 0
0 0.598611 0 0.0222222 0
0 0.767361 0 0.0236111 0
0 0.498611 0 0.0527778 0
0 0.598611 0 0.0222222 0
0 0.766667 0 0.0222222 0
0 0.498611 0 0.05 0
0 0.598611 0 0.0222222 0
0 0.767361 0 0.0236111 0
0 0.499306 0 0.0513889 0
0 0.598611 0 0.0222222 0
0 0.766667 0 0.0222222 0
0 0.497917 0 0.0513889 0
0 0.598611 0 0.0222222 0
0 0.767361 0 0.0236111 0
0 0.598611 0 0.0222222 0
0 0.499306 0 0.0513889 0
0 0.767361 0 0.0236111 0
0 0.598611 0 0.0222222 0
0 0.499306 0 0.0513889 0
0 0.120139 0 0.00972222 0
0 0.767361 0 0.0236111 0
0 0.497917 0 0.0513889 0
0 0.598611 0 0.0222222 0
0 0.767361 0 0.0236111 0
0 0.499306 0 0.0513889 0
0 0.598611 0 0.0222222 0
0 0.767361 0 0.0236111 0
0 0.497917 0 0.0513889 0
0 0.598611 0 0.0222222 0
0 0.767361 0 0.0236111 0
0 0.498611 0 0.05 0
0 0.598611 0 0.0222222 0
0 0.767361 0 0.0236111 0
0 0.498611 0 0.0527778 0
0 0.598611 0 0.0222222 0
0 0.767361 0 0.0236111 0
0 0.498611 0 0.0527778 0
0 0.598611 0 0.0222222 0
0 0.766667 0 0.0222222 0
0 0.498611 0 0.05 0
0 0.598611 0 0.0222222 0
0 0.767361 0 0.0236111 0
0 0.598611 0 0.0222222 0
0 0.499306 0 0.0513889 0
0 0.766667 0 0.0222222 0
0 0.497917 0 0.0513889 0
0 0.598611 0 0.0222222 0
0 0.767361 0 0.0236111 0
0 0.598611 0 0.0222222 0
0 0.499306 0 0.0513889 0
0 0.767361 0 0.0236111 0
0 0.598611 0 0.0222222 0
0 0.499306 0 0.0513889 0
0 0.120139 0 0.00972222 0
0 0.767361 0 0.0236111 0
0 0.498611 0 0.0527778 0
0 0.598611 0 0.0222222 0
0 0.767361 0 0.0236111 0
0 0.499306 0 0.0513889 0
0 0.598611 0 0.0222222 0
0 0.767361 0 0.0236111 0
0 0.497917 0 0.0513889 0
0 0.598611 0 0.0222222 0
0 0.767361 0 0.0236111 0
0 0.498611 0 0.05 0
0 0.598611 0 0.0222222 0
0 0.767361 0 0.0236111 0
0 0.498611 0 0.0527778 0
0 0.598611 0 0.0222222 0
0 0.767361 0 0.0236111 0
0 0.498611 0 0.0527778 0
0 0.598611 0 0.0222222 0
0 0.766667 0 0.0222222 0
0 0.498611 0 0.05 0
0 0.598611 0 0.0222222 0
0 0.767361 0 0.0236111 0
0 0.598611 0 0.0222222 0
0 0.499306 0 0.0513889 0
0 0.766667 0 0.0222222 0
0 0.497917 0 0.0513889 0
0 0.598611 0 0.0222222 0
0 0.767361 0 0.0236111 0
0 0.598611 0 0.0222222 0
0 0.499306 0 0.0513889 0
0 0.767361 0 0.0236111 0
0 0.497917 0 0.0513889 0
0 0.598611 0 0.0222222 0
0 0.767361 0 0.0236111 0
0 0.497917 0 0.0513889 0
0 0.598611 0 0.0222222 0
0 0.767361 0 0.0236111 0
0 0.499306 0 0.0513889 0
0 0.598611 0 0.0222222 0
0 0.767361 0 0.0236111 0
0 0.497917 0 0.0513889 0
0 0.598611 0 0.0222222 0
0 0.767361 0 0.0236111 0
0 0.498611 0 0.05 0
0 0.598611 0 0.0222222 0
0 0.767361 0 0.0236111 0
0 0.498611 0 0.0527778 0
0 0.598611 0 0.0222222 0
0 0.766667 0 0.0222222 0
0 0.498611 0 0.05 0
0 0.598611 0 0.0222222 0
0 0.766667 0 0.0222222 0
0 0.498611 0 0.05 0
0 0.598611 0 0.0222222 0
0 0.767361 0 0.0236111 0
0 0.598611 0 0.0222222 0
0 0.499306 0 0.0513889 0
0 0.766667 0 0.0222222 0
0 0.497917 0 0.0513889 0
0 0.598611 0 0.0222222 0
0 0.767361 0 0.0236111 0
0 0.598611 0 0.0222222 0
0 0.499306 0 0.0513889 0
0 0.767361 0 0.0236111 0
0 0.497917 0 0.0513889 0
0 0.598611 0 0.0222222 0
0 0.767361 0 0.0236111 0
0 0.498611 0 0.0527778 0
0 0.598611 0 0.0222222 0
0 0.767361 0 0.0236111 0
0 0.497917 0 0.0513889 0
0 0.598611 0 0.0222222 0
0 0.767361 0 0.0236111 0
0 0.498611 0 0.05 0
0 0.598611 0 0.0222222 0
0 0.767361 0 0.0236111 0
0 0.498611 0 0.0527778 0
0 0.598611 0 0.0222222 0
0 0.767361 0 0.0236111 0
0 0.498611 0 0.0527778 0
0 0.598611 0 0.0222222 0
0 0.766667 0 0.0222222 0
0 0.498611 0 0.05 0
0 0.598611 0 0.0222222 0
0 0.767361 0 0.0236111 0
0 0.598611 0 0.0222222 0
0 0.499306 0 0.0513889 0
0 0.766667 0 0.0222222 0
0 0.497917 0 0.0513889 0
0 0.598611 0 0.0222222 0
0 0.767361 0 0.0236111 0
0 0.598611 0 0.0222222 0
0 0.499306 0 0.0513889 0
0 0.767361 0 0.0236111 0
0 0.598611 0 0.0222222 0
0 0.499306 0 0.0513889 0
0 0.767361 0 0.0236111 0
0 0.497917 0 0.0513889 0
0 0.598611 0 0.0222222 0
0 0.767361 0 0.0236111 0
0 0.498611 0 0.0527778 0
0 0.598611 0 0.0222222 0
0 0.767361 0 0.0236111 0
0 0.497917 0 0.0513889 0
0 0.598611 0 0.0222222 0
0 0.767361 0 0.0236111 0
0 0.498611 0 0.05 0
0 0.598611 0 0.0222222 0
0 0.767361 0 0.0236111 0
0 0.498611 0 0.0527778 0
0 0.598611 0 0.0222222 0
0 0.767361 0 0.0236111 0
0 0.498611 0 0.0527778 0
0 0.598611 0 0.0222222 0
0 0.766667 0 0.0222222 0
0 0.498611 0 0.05 0
0 0.598611 0 0.0222222 0
0 0.767361 0 0.0236111 0
0 0.499306 0 0.0513889 0
0 0.598611 0 0.0222222 0
0 0.766667 0 0.0222222 0
0 0.497917 0 0.0513889 0
0 0.598611 0 0.0222222 0
0 0.767361 0 0.0236111 0
0 0.598611 0 0.0222222 0
0 0.499306 0 0.0513889 0
0 0.767361 0 0.0236111 0
0 0.497917 0 0.0513889 0
0 0.598611 0 0.0222222 0
0 0.767361 0 0.0236111 0
0 0.497917 0 0.0513889 0
0 0.598611 0 0.0222222 0
0 0.767361 0 0.0236111 0
0 0.598611 0 0.0222222 0
0 0.498611 0 0.0527778 0
0 0.767361 0 0.0236111 0
0 0.497917 0 0.0513889 0
0 0.598611 0 0.0222222 0
0 0.767361 0 0.0236111 0
0 0.498611 0 0.05 0
0 0.598611 0 0.0222222 0
0 0.767361 0 0.0236111 0
0 0.498611 0 0.0527778 0
0 0.598611 0 0.0222222 0
0 0.766667 0 0.0222222 0
0 0.498611 0 0.05 0
0 0.598611 0 0.0222222 0
0 0.767361 0 0.0236111 0
0 0.499306 0 0.0513889 0
0 0.598611 0 0.0222222 0
0 0.767361 0 0.0236111 0
0 0.499306 0 0.0513889 0
0 0.598611 0 0.0222222 0
0 0.766667 0 0.0222222 0
0 0.497917 0 0.0513889 0
0 0.598611 0 0.0222222 0
0 0.767361 0 0.0236111 0
0 0.598611 0 0.0222222 0
0 0.499306 0 0.0513889 0
0 0.767361 0 0.0236111 0
0 0.497917 0 0.0513889 0
0 0.598611 0 0.0222222 0
0 0.767361 0 0.0236111 0
0 0.498611 0 0.0527778 0
0 0.598611 0 0.0222222 0
0 0.767361 0 0.0236111 0
0 0.497917 0 0.0513889 0
0 0.598611 0 0.0222222 0
0 0.767361 0 0.0236111 0
0 0.497917 0 0.0513889 0
0 0.598611 0 0.0222222 0
0 0.767361 0 0.0236111 0
0 0.498611 0 0.05 0
0 0.598611 0 0.0222222 0
0 0.767361 0 0.0236111 0
0 0.498611 0 0.0527778 0
0 0.598611 0 0.0222222 0
0 0.766667 0 0.0222222 0
0 0.498611 0 0.05 0
0 0.598611 0 0.0222222 0
0 0.767361 0 0.0236111 0
0 0.598611 0 0.0222222 0
0 0.499306 0 0.0513889 0
0 0.766667 0 0.0222222 0
0 0.497917 0 0.0513889 0
0 0.598611 0 0.0222222 0
0 0.767361 0 0.0236111 0
0 0.598611 0 0.0222222 0
0 0.499306 0 0.0513889 0
0 0.767361 0 0.0236111 0
0 0.598611 0 0.0222222 0
0 0.499306 0 0.0513889 0
0 0.767361 0 0.0236111 0
0 0.497917 0 0.0513889 0
0 0.598611 0 0.0222222 0
0 0.767361 0 0.0236111 0
0 0.498611 0 0.0527778 0
0 0.598611 0 0.0222222 0
0 0.767361 0 0.0236111 0
0 0.497917 0 0.0513889 0
0 0.598611 0 0.0222222 0
0 0.767361 0 0.0236111 0
0 0.498611 0 0.05 0
0 0.598611 0 0.0222222 0
0 0.767361 0 0.0236111 0
0 0.498611 0 0.0527778 0
0 0.598611 0 0.0222222 0
0 0.767361 0 0.0236111 0
0 0.498611 0 0.0527778 0
0 0.598611 0 0.0222222 0
0 0.766667 0 0.0222222 0
0 0.498611 0 0.05 0
0 0.598611 0 0.0222222 0
0 0.767361 0 0.0236111 0
0 0.498611 0 0.05 0
0 0.598611 0 0.0222222 0
0 0.767361 0 0.0236111 0
0 0.498611 0 0.0527778 0
0 0.598611 0 0.0222222 0
0 0.1375 0 0.00833333 0
0 0.767361 0 0.0236111 0
0 0.498611 0 0.05 0
0 0.598611 0 0.0222222 0
0 0.767361 0 0.0236111 0
0 0.499306 0 0.0513889 0
0 0.598611 0 0.0222222 0
0 0.766667 0 0.0222222 0
0 0.498611 0 0.0527778 0
0 0.598611 0 0.0222222 0
0 0.767361 0 0.0236111 0
0 0.598611 0 0.0222222 0
0 0.498611 0 0.0527778 0
0 0.766667 0 0.0222222 0
0 0.497917 0 0.0513889 0
0 0.598611 0 0.0222222 0
0 0.767361 0 0.0236111 0
0 0.498611 0 0.0527778 0
0 0.598611 0 0.0222222 0
0 0.767361 0 0.0236111 0
0 0.497917 0 0.0513889 0
0 0.598611 0 0.0222222 0
0 0.767361 0 0.0236111 0
0 0.498611 0 0.05 0
0 0.598611 0 0.0222222 0
0 0.767361 0 0.0236111 0
0 0.498611 0 0.0527778 0
0 0.598611 0 0.0222222 0
0 0.1375 0 0.00833333 0
0 0.767361 0 0.0236111 0
0 0.497917 0 0.0513889 0
0 0.598611 0 0.0222222 0
0 0.767361 0 0.0236111 0
0 0.499306 0 0.0513889 0
0 0.598611 0 0.0222222 0
0 0.767361 0 0.0236111 0
0 0.498611 0 0.0527778 0
0 0.598611 0 0.0222222 0
0 0.767361 0 0.0236111 0
0 0.598611 0 0.0222222 0
0 0.498611 0 0.0527778 0
0 0.766667 0 0.0222222 0
0 0.497917 0 0.0513889 0
0 0.598611 0 0.0222222 0
0 0.767361 0 0.0236111 0
0 0.498611 0 0.0527778 0
0 0.598611 0 0.0222222 0
0 0.766667 0 0.025 0
0 0.497917 0 0.0513889 0
0 0.598611 0 0.0222222 0
0 0.767361 0 0.0236111 0
0 0.498611 0 0.05 0
0 0.598611 0 0.0222222 0
0 0.767361 0 0.0236111 0
0 0.498611 0 0.0527778 0
0 0.598611 0 0.0222222 0
0 0.1375 0 0.00833333 0
0 0.767361 0 0.0236111 0
0 0.497917 0 0.0513889 0
0 0.598611 0 0.0222222 0
0 0.767361 0 0.0236111 0
0 0.499306 0 0.0513889 0
0 0.598611 0 0.0222222 0
0 0.766667 0 0.0222222 0
0 0.498611 0 0.0527778 0
0 0.598611 0 0.0222222 0
0 0.767361 0 0.0236111 0
0 0.598611 0 0.0222222 0
0 0.498611 0 0.0527778 0
0 0.767361 0 0.0236111 0
0 0.598611 0 0.0222222 0
0 0.498611 0 0.0527778 0
0 0.766667 0 0.0222222 0
0 0.497917 0 0.0513889 0
0 0.598611 0 0.0222222 0
0 0.767361 0 0.0236111 0
0 0.498611 0 0.0527778 0
0 0.598611 0 0.0222222 0
0 0.766667 0 0.025 0
0 0.497917 0 0.0513889 0
0 0.598611 0 0.0222222 0
0 0.767361 0 0.0236111 0
0 0.498611 0 0.05 0
0 0.598611 0 0.0222222 0
0 0.767361 0 0.0236111 0
0 0.498611 0 0.0527778 0
0 0.598611 0 0.0222222 0
0 0.1375 0 0.00833333 0
0 0.767361 0 0.0236111 0
0 0.497917 0 0.0513889 0
0 0.598611 0 0.0222222 0
0 0.767361 0 0.0236111 0
0 0.499306 0 0.0513889 0
0 0.598611 0 0.0222222 0
0 0.766667 0 0.0222222 0
0 0.498611 0 0.0527778 0
0 0.598611 0 0.0222222 0
0 0.766667 0 0.0222222 0
0 0.498611 0 0.0527778 0
0 0.598611 0 0.0222222 0
0 0.767361 0 0.0236111 0
0 0.598611 0 0.0222222 0
0 0.498611 0 0.0527778 0
0 0.766667 0 0.0222222 0
0 0.497917 0 0.0513889 0
0 0.598611 0 0.0222222 0
0 0.767361 0 0.0236111 0
0 0.498611 0 0.0527778 0
0 0.598611 0 0.0222222 0
0 0.767361 0 0.0236111 0
0 0.497917 0 0.0513889 0
0 0.598611 0 0.0222222 0
0 0.767361 0 0.0236111 0
0 0.497917 0 0.0513889 0
0 0.598611 0 0.0222222 0
0 0.767361 0 0.0236111 0
0 0.498611 0 0.05 0
0 0.598611 0 0.0222222 0
0 0.767361 0 0.0236111 0
0 0.498611 0 0.0527778 0
0 0.598611 0 0.0222222 0
0 0.1375 0 0.00833333 0
0 0.767361 0 0.0236111 0
0 0.497917 0 0.0513889 0
0 0.598611 0 0.0222222 0
0 0.767361 0 0.0236111 0
0 0.499306 0 0.0513889 0
0 0.598611 0 0.0222222 0
0 0.767361 0 0.0236111 0
0 0.499306 0 0.0513889 0
0 0.598611 0 0.0222222 0
0 0.766667 0 0.0222222 0
0 0.498611 0 0.0527778 0
0 0.598611 0 0.0222222 0
0 0.767361 0 0.0236111 0
0 0.598611 0 0.0222222 0
0 0.498611 0 0.0527778 0
0 0.766667 0 0.0222222 0
0 0.497917 0 0.0513889 0
0 0.598611 0 0.0222222 0
0 0.767361 0 0.0236111 0
0 0.498611 0 0.0527778 0
0 0.598611 0 0.0222222 0
0 0.767361 0 0.0236111 0
0 0.497917 0 0.0513889 0
0 0.598611 0 0.0222222 0
0 0.767361 0 0.0236111 0
0 0.498611 0 0.05 0
0 0.598611 0 0.0222222 0
0 0.767361 0 0.0236111 0
0 0.498611 0 0.05 0
0 0.598611 0 0.0222222 0
0 0.767361 0 0.0236111 0
0 0.498611 0 0.0527778 0
0 0.598611 0 0.0222222 0
0 0.1375 0 0.00833333 0
0 0.767361 0 0.0236111 0
0 0.497917 0 0.0513889 0
0 0.598611 0 0.0222222 0
0 0.767361 0 0.0236111 0
0 0.499306 0 0.0513889 0
0 0.598611 0 0.0222222 0
0 0.766667 0 0.0222222 0
0 0.498611 0 0.0527778 0
0 0.598611 0 0.0222222 0
0 0.767361 0 0.0236111 0
0 0.598611 0 0.0222222 0
0 0.498611 0 0.0527778 0
0 0.767361 0 0.0236111 0
0 0.598611 0 0.0222222 0
0 0.498611 0 0.0527778 0
0 0.766667 0 0.0222222 0
0 0.497917 0 0.0513889 0
0 0.598611 0 0.0222222 0
0 0.767361 0 0.0236111 0
0 0.498611 0 0.0527778 0
0 0.598611 0 0.0222222 0
0 0.767361 0 0.0236111 0
0 0.497917 0 0.0513889 0
0 0.598611 0 0.0222222 0
0 0.767361 0 0.0236111 0
0 0.498611 0 0.05 0
0 0.598611 0 0.0222222 0
0 0.767361 0 0.0236111 0
0 0.497917 0 0.0513889 0
0 0.598611 0 0.0222222 0
0 0.138194 0 0.00972222 0
0 0.767361 0 0.0236111 0
0 0.498611 0 0.05 0
0 0.598611 0 0.0222222 0
0 0.767361 0 0.0236111 0
0 0.499306 0 0.0513889 0
0 0.598611 0 0.0222222 0
0 0.766667 0 0.0222222 0
0 0.498611 0 0.0527778 0
0 0.598611 0 0.0222222 0
0 0.767361 0 0.0236111 0
0 0.598611 0 0.0222222 0
0 0.498611 0 0.0527778 0
0 0.767361 0 0.0236111 0
0 0.598611 0 0.0222222 0
0 0.498611 0 0.0527778 0
0 0.766667 0 0.0222222 0
0 0.497917 0 0.0513889 0
0 0.598611 0 0.0222222 0
0 0.469444 0 0.0222222 0
0 0.46875 0 0.0208333 0
0 0.467361 0 0.0236111 0
0 0.466667 0 0.0222222 0
0 0.466667 0 0.0222222 0
0 0.465278 0 0.0222222 0
0 0.464583 0 0.0208333 0
0 0.461111 0 0.0222222 0
0 0.459722 0 0.0222222 0
0 0.458333 0 0.0222222 0
0 0.455556 0 0.0222222 0
0 0.454167 0 0.0222222 0
0 0.452778 0 0.0222222 0
0 0.452083 0 0.0208333 0
0 0.452083 0 0.0208333 0
0 0.452083 0 0.0208333 0
0 0.452083 0 0.0208333 0
0 0.452083 0 0.0208333 0
0 0.452083 0 0.0208333 0
0 0.448611 0 0.0222222 0
0 0.446528 0 0.0236111 0
0 0.445139 0 0.0208333 0
0 0.443056 0 0.0222222 0
0 0.441667 0.5 0.0222222 1
0 0.440278 0.5 0.0222222 1
0 0.438194 0.5 0.0208333 1
0 0.438194 0.5 0.0208333 1
0 0.438194 0.5 0.0208333 1
0 0.4375 0.5 0.0222222 1
0 0.435417 1 0.0208333 0
0 0.434722 1 0.0222222 0
0 0.434722 1 0.0222222 0
0 0.434028 1 0.0208333 0
0 0.433333 1 0.0222222 0
0 0.433333 1 0.0222222 0
0 0.433333 1 0.0222222 0
0 0.433333 1 0.0222222 0
0 0.433333 1 0.0222222 0
0 0.433333 1 0.0222222 0
0 0.433333 1 0.0222222 0
0 0.433333 1 0.0222222 0
0 0.433333 1 0.0222222 0
0 0.432639 1 0.0208333 0
0 0.432639 1 0.0208333 0
0 0.432639 1 0.0208333 0
0 0.432639 1 0.0208333 0
0 0.43125 1 0.0208333 0
0 0.429861 1 0.0208333 0
0 0.429861 1 0.0208333 0
0 0.429861 1 0.0208333 0
0 0.429167 1 0.0222222 0
0 0.428472 1 0.0208333 0
0 0.427083 1 0.0208333 0
0 0.427083 1 0.0208333 0
0 0.454861 0 0.0263889 0
0 0.425 1 0.0194444 0
0 0.422917 1 0.0208333 0
0 0.420833 1 0.0222222 0
0 0.419444 1 0.0222222 0
0 0.419444 1 0.0222222 0
0 0.418056 1 0.0222222 0
0 0.415278 1 0.0222222 0
0 0.415278 1 0.0222222 0
0 0.415278 1 0.0222222 0
0 0.415972 1 0.0208333 0
0 0.418056 1 0.0222222 0
0 0.418056 1 0.0222222 0
0 0.420833 1 0.0222222 0
0 0.420833 1 0.0222222 0
0 0.420833 1 0.0222222 0
0 0.421528 1 0.0208333 0
0 0.421528 1 0.0236111 0
0 0.422222 0.5 0.0222222 1
0 0.422222 0.5 0.0222222 1
0 0.422222 0.5 0.0222222 1
0 0.423611 0.5 0.0222222 1
0 0.424306 0.5 0.0208333 1
0 0.425 0.5 0.0222222 1
0 0.426389 0.5 0.0222222 1
0 0.426389 0.5 0.0222222 1
0 0.426389 0.5 0.0222222 1
0 0.427083 0.5 0.0208333 1
0 0.427083 0 0.0208333 0
0 0.427083 0 0.0208333 0
0 0.427083 0 0.0208333 0
0 0.427083 0 0.0208333 0
0 0.427778 0 0.0222222 0
0 0.429167 0 0.0222222 0
0 0.430556 0.5 0.0222222 1
0 0.430556 0.5 0.0222222 1
0 0.432639 0.5 0.0208333 1
0 0.432639 0.5 0.0208333 1
0 0.433333 0.5 0.0222222 1
0 0.434722 0.5 0.0222222 1
0 0.436111 0.5 0.0222222 1
0 0.439583 0.5 0.0208333 1
0 0.44375 0.5 0.0208333 1
0 0.445833 1 0.0222222 0
0 0.447222 1 0.0222222 0
0 0.450694 1 0.0208333 0
0 0.452778 1 0.0222222 0
0 0.454861 1 0.0208333 0
0 0.457639 1 0.0208333 0
0 0.461806 1 0.0208333 0
0 0.461806 1 0.0208333 0
0 0.465278 1 0.0222222 0
0 0.468056 1 0.0222222 0
0 0.471528 1 0.0208333 0
0 0.475694 1 0.0208333 0
0 0.479861 1 0.0208333 0
0 0.484028 1 0.0208333 0
0 0.486111 1 0.0194444 0
0 0.4875 1 0.0138889 0
0 0.4875 1 0.0138889 0
0 0.486806 1 0.0180556 0
0 0.479167 0 0.0277778 0
0 0.484722 1 0.0194444 0
0 0.479167 0 0.0277778 0
0 0.484722 1 0.0194444 0
0 0.482639 1 0.0208333 0
0 0.478472 1 0.0208333 0
0 0.476389 1 0.0222222 0
0 0.476389 1 0.0222222 0
0 0.476389 1 0.0222222 0
0 0.476389 1 0.0222222 0
0 0.476389 1 0.0222222 0
0 0.473611 1 0.0222222 0
0 0.470139 1 0.0208333 0
0 0.470139 1 0.0208333 0
0 0.466667 0 0.0305556 0
0 0.464583 1 0.0208333 0
0 0.459722 1 0.0222222 0
0 0.457639 1 0.0208333 0
0 0.453472 1 0.0236111 0
0 0.453472 1 0.0236111 0
0 0.453472 1 0.0236111 0
0 0.453472 1 0.0236111 0
0 0.453472 1 0.0236111 0
0 0.452778 1 0.0222222 0
0 0.448611 1 0.0222222 0
0 0.447222 1 0.0222222 0
0 0.444444 1 0.0222222 0
0 0.443056 1 0.0222222 0
0 0.440972 1 0.0236111 0
0 0.439583 1 0.0236111 0
0 0.438194 1 0.0208333 0
0 0.4375 1 0.0222222 0
0 0.436111 1 0.0222222 0
0 0.434722 1 0.0222222 0
0 0.434028 1 0.0236111 0
0 0.434028 1 0.0236111 0
0 0.434722 1 0.0222222 0
0 0.434722 1 0.0222222 0
0 0.435417 1 0.0236111 0
0 0.436806 1 0.0236111 0
0 0.438889 1 0.0222222 0
0 0.440278 1 0.0222222 0
0 0.440278 1 0.0222222 0
0 0.440278 1 0.0222222 0
0 0.440972 1 0.0236111 0
0 0.441667 1 0.0222222 0
0 0.443056 1 0.0222222 0
0 0.445139 1 0.0208333 0
0 0.445833 1 0.0222222 0
0 0.447917 1 0.0236111 0
0 0.45 1 0.0222222 0
0 0.452778 1 0.0222222 0
0 0.454167 1 0.0222222 0
0 0.456944 1 0.0222222 0
0 0.458333 1 0.0222222 0
0 0.458333 1 0.0222222 0
0 0.459722 1 0.0222222 0
0 0.4625 1 0.0222222 0
0 0.465278 1 0.0222222 0
0 0.465972 1 0.0236111 0
0 0.468056 1 0.0222222 0
0 0.470139 1 0.0208333 0
0 0.472222 1 0.0222222 0
0 0.474306 1 0.0236111 0
0 0.475694 1 0.0208333 0
0 0.475694 1 0.0208333 0
0 0.477083 1 0.0208333 0
0 0.478472 1 0.0208333 0
0 0.479167 1 0.0222222 0
0 0.479167 1 0.0222222 0
0 0.479167 1 0.0222222 0
0 0.479167 1 0.0222222 0
0 0.479861 1 0.0208333 0
0 0.479861 1 0.0208333 0
0 0.481944 1 0.0194444 0
0 0.452083 0 0.00694444 0
0 0.481944 1 0.0194444 0
0 0.481944 1 0.0194444 0
0 0.482639 1 0.0208333 0
0 0.482639 1 0.0180556 0
0 0.481944 1 0.0166667 0
0 0.482639 1 0.0180556 0
0 0.458333 0 0.00555556 0
0 0.482639 1 0.0180556 0
0 0.481944 1 0.0194444 0
0 0.481944 1 0.0194444 0
0 0.480556 1 0.0194444 0
0 0.480556 1 0.0194444 0
0 0.480556 1 0.0194444 0
0 0.480556 1 0.0194444 0
0 0.480556 1 0.0194444 0
0 0.479861 1 0.0208333 0
0 0.479861 1 0.0208333 0
0 0.478472 1 0.0208333 0
0 0.477083 1 0.0208333 0
0 0.475694 1 0.0208333 0
0 0.474306 1 0.0236111 0
0 0.472917 1 0.0236111 0
0 0.452778 0 0.00555556 0
0 0.472222 1 0.0222222 0
0 0.472222 1 0.0222222 0
0 0.471528 1 0.0236111 0
0 0.471528 1 0.0236111 0
0 0.471528 1 0.0236111 0
0 0.471528 1 0.0236111 0
0 0.470833 1 0.0222222 0
0 0.470833 1 0.0222222 0
0 0.470833 1 0.0222222 0
0 0.470833 1 0.0222222 0
0 0.470833 1 0.0222222 0
0 0.470833 1 0.0222222 0
0 0.470833 1 0.0222222 0
0 0.470833 1 0.0222222 0
0 0.470833 1 0.0222222 0
0 0.470833 1 0.0222222 0
0 0.470833 1 0.0222222 0
0 0.470833 1 0.0222222 0
0 0.470833 1 0.0222222 0
0 0.470833 1 0.0222222 0
0 0.470833 1 0.0222222 0
0 0.470833 1 0.0222222 0
0 0.470833 1 0.0222222 0
0 0.470833 1 0.0222222 0
0 0.470833 1 0.0222222 0
0 0.470833 1 0.0222222 0
0 0.470833 1 0.0222222 0
0 0.470833 1 0.0222222 0
0 0.470833 1 0.0222222 0
0 0.470833 1 0.0222222 0
0 0.470833 1 0.0222222 0
0 0.470833 1 0.0222222 0
0 0.470833 1 0.0222222 0
0 0.470833 1 0.0222222 0
0 0.470833 1 0.0222222 0
0 0.470833 1 0.0222222 0
0 0.470833 1 0.0222222 0
0 0.470833 1 0.0222222 0
0 0.470833 1 0.0222222 0
0 0.470833 1 0.0222222 0
0 0.470833 1 0.0222222 0
0 0.470833 1 0.0222222 0
0 0.470833 1 0.0222222 0
0 0.470833 1 0.0222222 0
0 0.470833 1 0.0222222 0
