0 0.440278 0.5 0.0277778 1
0 0.440278 0.5 0.0277778 1
0 0.440278 0.5 0.0277778 1
0 0.440278 0.5 0.0277778 1
0 0.440278 0.5 0.0277778 1
0 0.440278 0.5 0.0277778 1
0 0.440278 0.5 0.0277778 1
0 0.440278 0.5 0.0277778 1
0 0.440278 0.5 0.0277778 1
0 0.440278 0.5 0.0277778 1
0 0.440278 0.5 0.0277778 1
0 0.440278 0.5 0.0277778 1
0 0.440278 0.5 0.0277778 1
0 0.440278 0.5 0.0277778 1
0 0.440278 0.5 0.0277778 1
0 0.440278 0.5 0.0277778 1
0 0.440278 0.5 0.0277778 1
0 0.440278 0.5 0.0277778 1
0 0.440278 0.5 0.0277778 1
0 0.440278 0.5 0.0277778 1
0 0.440278 0.5 0.0277778 1
0 0.440278 0.5 0.0277778 1
0 0.440278 0.5 0.0277778 1
0 0.440278 0.5 0.0277778 1
0 0.440278 0.5 0.0277778 1
0 0.440278 0.5 0.0277778 1
0 0.440278 0.5 0.0277778 1
0 0.440278 0.5 0.0277778 1
0 0.441667 0.5 0.0277778 1
0 0.44375 0 0.0263889 0
0 0.447222 0 0.0277778 0
0 0.45 0 0.025 0
0 0.452083 0 0.0263889 0
0 0.454167 0 0.0277778 0
0 0.570139 0 0.00972222 0
0 0.455556 0 0.0277778 0
0 0.571528 0 0.00972222 0
0 0.455556 0 0.025 0
0 0.45625 0 0.0263889 0
0 0.45625 0 0.0263889 0
0 0.456944 0 0.025 0
0 0.571528 0 0.00972222 0
0 0.456944 0 0.025 0
0 0.45625 0 0.0263889 0
0 0.45625 0 0.0263889 0
0 0.45625 0 0.0263889 0
0 0.570833 0 0.0111111 0
0 0.455556 0 0.025 0
0 0.571528 0 0.00972222 0
0 0.45625 0 0.0263889 0
0 0.571528 0 0.00972222 0
0 0.45625 0 0.0263889 0
0 0.45625 0 0.0263889 0
0 0.45625 0 0.0263889 0
0 0.457639 0 0.0263889 0
0 0.572222 0 0.0111111 0
0 0.458333 0 0.025 0
0 0.572222 0 0.0111111 0
0 0.459028 0 0.0263889 0
0 0.572222 0 0.0111111 0
0 0.459028 0 0.0263889 0
0 0.572222 0 0.0111111 0
0 0.459028 0 0.0263889 0
0 0.572222 0 0.0111111 0
0 0.459028 0 0.0263889 0
0 0.571528 0 0.00972222 0
0 0.457639 0 0.0263889 0
0 0.572222 0 0.0111111 0
0 0.458333 0 0.025 0
0 0.571528 0 0.00972222 0
0 0.458333 0 0.025 0
0 0.458333 0 0.025 0
0 0.571528 0 0.00972222 0
0 0.457639 0 0.0263889 0
0 0.571528 0 0.00972222 0
0 0.457639 0 0.0263889 0
0 0.571528 0 0.00972222 0
0 0.457639 0 0.0263889 0
0 0.572222 0 0.0111111 0
0 0.458333 0 0.025 0
0 0.457639 0 0.0263889 0
0 0.571528 0 0.00972222 0
0 0.457639 0 0.0263889 0
0 0.571528 0 0.00972222 0
0 0.457639 0 0.0263889 0
0 0.571528 0 0.00972222 0
0 0.457639 0 0.0263889 0
0 0.457639 0 0.0263889 0
0 0.572222 0 0.0111111 0
0 0.457639 0 0.0263889 0
0 0.458333 0 0.025 0
0 0.459028 0 0.0263889 0
0 0.459028 0 0.0263889 0
0 0.459028 0 0.0263889 0
0 0.459722 0 0.0277778 0
0 0.572917 0 0.00972222 0
0 0.460417 0 0.0263889 0
0 0.572917 0 0.00972222 0
0 0.460417 0 0.0263889 0
0 0.460417 0 0.0263889 0
0 0.460417 0 0.0263889 0
0 0.461111 0 0.0277778 0
0 0.461111 0 0.0277778 0
0 0.461806 0 0.0263889 0
0 0.389583 0 0.0125 0
0 0.4625 0 0.0277778 0
0 0.389583 0 0.0125 0
0 0.463194 0 0.0263889 0
0 0.463194 0 0.0263889 0
0 0.463194 0 0.0263889 0
0 0.573611 0 0.0111111 0
0 0.4625 0 0.025 0
0 0.573611 0 0.0111111 0
0 0.461806 0 0.0263889 0
0 0.573611 0 0.0111111 0
0 0.461111 0 0.0277778 0
0 0.461111 0 0.0277778 0
0 0.389583 0 0.0125 0
0 0.461111 0 0.0277778 0
0 0.573611 0 0.0111111 0
0 0.461111 0 0.0277778 0
0 0.573611 0 0.0111111 0
0 0.461111 0 0.0277778 0
0 0.461111 0 0.0277778 0
0 0.389583 0 0.0125 0
0 0.461111 0 0.0277778 0
0 0.461111 0 0.0277778 0
0 0.572917 0 0.00972222 0
0 0.461111 0 0.0277778 0
0 0.572917 0 0.00972222 0
0 0.461111 0 0.0277778 0
0 0.461111 0 0.0277778 0
0 0.573611 0 0.0111111 0
0 0.461111 0 0.0277778 0
0 0.461111 0 0.0277778 0
0 0.573611 0 0.0111111 0
0 0.461111 0 0.0277778 0
0 0.573611 0 0.0111111 0
0 0.461111 0 0.0277778 0
0 0.573611 0 0.0111111 0
0 0.461111 0 0.0277778 0
0 0.573611 0 0.0111111 0
0 0.461111 0 0.0277778 0
0 0.461111 0 0.0277778 0
0 0.573611 0 0.0111111 0
0 0.461111 0 0.0277778 0
0 0.573611 0 0.0111111 0
0 0.461111 0 0.0277778 0
0 0.573611 0 0.0111111 0
0 0.461111 0 0.0277778 0
0 0.389583 0 0.0125 0
0 0.461806 0 0.0263889 0
0 0.573611 0 0.0111111 0
0 0.461806 0 0.0263889 0
0 0.461806 0 0.0263889 0
0 0.461806 0 0.0263889 0
0 0.510417 0 0.0375 0
0 0.461806 0 0.0263889 0
0 0.461806 0 0.0263889 0
0 0.510417 0 0.0375 0
0 0.461806 0 0.0263889 0
0 0.510417 0 0.0375 0
0 0.461806 0 0.0263889 0
0 0.509722 0 0.0361111 0
0 0.461806 0 0.0263889 0
0 0.511111 0 0.0333333 0
0 0.4625 0 0.0277778 0
0 0.573611 0 0.0111111 0
0 0.463194 0 0.0263889 0
0 0.463194 0 0.0263889 0
0 0.463194 0 0.0263889 0
0 0.463194 0 0.0263889 0
0 0.389583 0 0.0125 0
0 0.463194 0 0.0263889 0
0 0.389583 0 0.0125 0
0 0.463194 0 0.0263889 0
0 0.463194 0 0.0263889 0
0 0.463194 0 0.0263889 0
0 0.463194 0 0.0263889 0
0 0.464583 0 0.0263889 0
0 0.464583 0 0.0263889 0
0 0.464583 0 0.0263889 0
0 0.464583 0 0.0263889 0
0 0.464583 0 0.0263889 0
0 0.575694 0 0.0125 0
0 0.465278 0 0.0277778 0
0 0.465278 0 0.0277778 0
0 0.465972 0 0.0263889 0
0 0.465972 0 0.0263889 0
0 0.465972 0 0.0263889 0
0 0.466667 0 0.0277778 0
0 0.466667 0 0.0277778 0
0 0.466667 0 0.0277778 0
0 0.465972 0 0.0263889 0
0 0.465972 0 0.0263889 0
0 0.465972 0 0.0263889 0
0 0.464583 0 0.0263889 0
0 0.464583 0 0.0263889 0
0 0.464583 0 0.0263889 0
0 0.464583 0 0.0263889 0
0 0.464583 0 0.0263889 0
0 0.464583 0 0.0263889 0
0 0.575694 0 0.0125 0
0 0.465278 0 0.025 0
0 0.464583 0 0.0263889 0
0 0.390972 0 0.0125 0
0 0.465972 0 0.0263889 0
0 0.465972 0 0.0263889 0
0 0.465972 0 0.0263889 0
0 0.466667 0 0.0277778 0
0 0.466667 0 0.0277778 0
0 0.466667 0 0.0277778 0
0 0.466667 0 0.0277778 0
0 0.466667 0 0.0277778 0
0 0.466667 0 0.0277778 0
0 0.575694 0 0.00972222 0
0 0.466667 0 0.0277778 0
0 0.576389 0 0.0111111 0
0 0.466667 0 0.0277778 0
0 0.576389 0 0.0111111 0
0 0.466667 0 0.0277778 0
0 0.576389 0 0.0111111 0
0 0.466667 0 0.0277778 0
0 0.466667 0 0.0277778 0
0 0.467361 0 0.0263889 0
0 0.467361 0 0.0263889 0
0 0.576389 0 0.0111111 0
0 0.467361 0 0.0263889 0
0 0.575694 0 0.00972222 0
0 0.467361 0 0.0263889 0
0 0.575694 0 0.00972222 0
0 0.466667 0 0.0277778 0
0 0.575694 0 0.00972222 0
0 0.466667 0 0.0277778 0
0 0.575694 0 0.00972222 0
0 0.466667 0 0.0277778 0
0 0.575694 0 0.00972222 0
0 0.466667 0 0.0277778 0
0 0.575694 0 0.00972222 0
0 0.466667 0 0.0277778 0
0 0.575694 0 0.00972222 0
0 0.466667 0 0.0277778 0
0 0.575694 0 0.00972222 0
0 0.466667 0 0.0277778 0
0 0.575694 0 0.00972222 0
0 0.466667 0 0.0277778 0
0 0.575694 0 0.00972222 0
0 0.466667 0 0.0277778 0
0 0.575694 0 0.00972222 0
0 0.466667 0 0.0277778 0
0 0.575694 0 0.00972222 0
0 0.466667 0 0.0277778 0
0 0.575694 0 0.00972222 0
0 0.466667 0 0.0277778 0
0 0.575694 0 0.00972222 0
0 0.466667 0 0.0277778 0
0 0.575694 0 0.00972222 0
0 0.466667 0 0.0277778 0
0 0.575694 0 0.00972222 0
0 0.466667 0 0.0277778 0
0 0.575694 0 0.00972222 0
0 0.466667 0 0.0277778 0
0 0.575694 0 0.00972222 0
0 0.466667 0 0.0277778 0
0 0.575694 0 0.00972222 0
0 0.466667 0 0.0277778 0
