0 0.427778 0 0.0222222 0
0 0.427778 0 0.0222222 0
0 0.427778 0 0.0222222 0
0 0.427778 0 0.0222222 0
0 0.427778 0 0.0222222 0
0 0.427778 0 0.0222222 0
0 0.427778 0 0.0222222 0
0 0.427778 0 0.0222222 0
0 0.427778 0 0.0222222 0
0 0.427778 0 0.0222222 0
0 0.427778 0 0.0222222 0
0 0.427778 0 0.0222222 0
0 0.427778 0 0.0222222 0
0 0.427778 0 0.0222222 0
0 0.427778 0 0.0222222 0
0 0.427778 0 0.0222222 0
0 0.427778 0 0.0222222 0
0 0.427778 0 0.0222222 0
0 0.427778 0 0.0222222 0
0 0.427778 0 0.0222222 0
0 0.427778 0 0.0222222 0
0 0.427778 0 0.0222222 0
0 0.427778 0 0.0222222 0
0 0.427778 0 0.0222222 0
0 0.427778 0 0.0222222 0
0 0.427778 0 0.0222222 0
0 0.427778 0 0.0222222 0
0 0.427778 0 0.0222222 0
0 0.427778 0 0.0222222 0
0 0.427778 0 0.0222222 0
0 0.427778 0 0.0222222 0
0 0.427778 0 0.0222222 0
0 0.427778 0 0.0222222 0
0 0.427778 0 0.0222222 0
0 0.427778 0 0.0222222 0
0 0.427778 0 0.0222222 0
0 0.427778 0 0.0222222 0
0 0.427778 0 0.0222222 0
0 0.427778 0 0.0222222 0
0 0.427778 0 0.0222222 0
0 0.427778 0 0.0222222 0
0 0.427778 0 0.0222222 0
0 0.427778 0 0.0222222 0
0 0.427778 0 0.0222222 0
0 0.427778 0 0.0222222 0
0 0.427778 0 0.0222222 0
0 0.427778 0 0.0222222 0
0 0.427778 0 0.0222222 0
0 0.427778 0 0.0222222 0
0 0.427778 0 0.0222222 0
0 0.427778 0 0.0222222 0
0 0.427778 0 0.0222222 0
0 0.427778 0 0.0222222 0
0 0.427778 0 0.0222222 0
0 0.427778 0 0.0222222 0
0 0.427778 0 0.0222222 0
0 0.427778 0 0.0222222 0
0 0.427778 0 0.0222222 0
0 0.427778 0 0.0222222 0
0 0.427778 0 0.0222222 0
0 0.427778 0 0.0222222 0
0 0.427778 0 0.0222222 0
0 0.427778 0 0.0222222 0
0 0.427778 0 0.0222222 0
0 0.427778 0 0.0222222 0
0 0.427778 0 0.0222222 0
0 0.427778 0 0.0222222 0
0 0.427778 0 0.0222222 0
0 0.427778 0 0.0222222 0
0 0.427778 0 0.0222222 0
0 0.427778 0 0.0222222 0
0 0.427778 0 0.0222222 0
0 0.427778 0 0.0222222 0
0 0.427778 0 0.0222222 0
0 0.427778 0 0.0222222 0
0 0.427778 0 0.0222222 0
0 0.427778 0 0.0222222 0
0 0.427778 0 0.0222222 0
0 0.427778 0 0.0222222 0
0 0.427778 0 0.0222222 0
0 0.427778 0 0.0222222 0
0 0.427778 0 0.0222222 0
0 0.427778 0 0.0222222 0
0 0.427778 0 0.0222222 0
0 0.427778 0 0.0222222 0
0 0.427778 0 0.0222222 0
0 0.427778 0 0.0222222 0
0 0.427778 0 0.0222222 0
0 0.427778 0 0.0222222 0
0 0.427778 0 0.0222222 0
0 0.427778 0 0.0222222 0
0 0.427778 0 0.0222222 0
0 0.427778 0 0.0222222 0
0 0.427778 0 0.0222222 0
0 0.427778 0 0.0222222 0
0 0.427778 0 0.0222222 0
0 0.427778 0 0.0222222 0
0 0.427778 0 0.0222222 0
0 0.427778 0 0.0222222 0
0 0.427778 0 0.0222222 0
0 0.427778 0 0.0222222 0
0 0.427778 0 0.0222222 0
0 0.426389 0 0.0222222 0
0 0.424306 0 0.0208333 0
0 0.422222 0 0.0222222 0
0 0.419444 0 0.0222222 0
0 0.419444 0 0.0222222 0
0 0.416667 0 0.0222222 0
0 0.415278 0 0.0222222 0
0 0.413889 0 0.0222222 0
0 0.413194 0 0.0208333 0
0 0.411806 0 0.0208333 0
0 0.411806 0 0.0208333 0
0 0.410417 0 0.0208333 0
0 0.409722 0 0.0222222 0
0 0.409722 0 0.0222222 0
0 0.409028 0 0.0208333 0
0 0.409028 0 0.0208333 0
0 0.409722 0 0.0222222 0
0 0.410417 0 0.0208333 0
0 0.411111 0 0.0222222 0
0 0.411806 0 0.0208333 0
0 0.411806 0 0.0208333 0
0 0.4125 0 0.0194444 0
0 0.414583 0 0.0208333 0
0 0.415972 0 0.0208333 0
0 0.417361 0.5 0.0208333 1
0 0.417361 0.5 0.0208333 1
0 0.418056 0.5 0.0222222 1
0 0.417361 0.5 0.0208333 1
0 0.418056 1 0.0222222 0
0 0.418056 1 0.0222222 0
0 0.418056 1 0.0222222 0
0 0.418056 1 0.0222222 0
0 0.419444 1 0.0194444 0
0 0.420139 1 0.0208333 0
0 0.419444 1 0.0194444 0
0 0.418056 1 0.0194444 0
0 0.418056 1 0.0194444 0
0 0.417361 1 0.0208333 0
0 0.415972 1 0.0208333 0
0 0.415972 1 0.0208333 0
0 0.414583 1 0.0208333 0
0 0.414583 1 0.0208333 0
0 0.414583 1 0.0208333 0
0 0.414583 1 0.0208333 0
0 0.414583 1 0.0208333 0
0 0.415278 1 0.0222222 0
0 0.415972 1 0.0208333 0
0 0.415972 1 0.0208333 0
0 0.416667 1 0.0222222 0
0 0.417361 1 0.0208333 0
0 0.418056 1 0.0194444 0
0 0.420139 1 0.0208333 0
0 0.421528 1 0.0208333 0
0 0.424306 1 0.0208333 0
0 0.424306 1 0.0208333 0
0 0.429167 1 0.0194444 0
0 0.433333 1 0.0194444 0
0 0.438889 1 0.0194444 0
0 0.442361 1 0.0208333 0
0 0.446528 1 0.0208333 0
0 0.452778 1 0.0194444 0
0 0.452778 1 0.0194444 0
0 0.465972 1 0.0208333 0
0 0.471528 1 0.0180556 0
0 0.471528 1 0.0180556 0
0 0.522917 0 0.0180556 0
0 0.522917 0 0.0180556 0
0 0.525 0 0.0166667 0
0 0.532639 0 0.0180556 0
0 0.536111 0 0.0194444 0
0 0.541667 0 0.0194444 0
0 0.582639 1 0.0930556 0
0 0.547222 0 0.0194444 0
0 0.584722 1 0.0972222 0
0 0.549306 0 0.0180556 0
0 0.552778 0 0.0194444 0
0 0.552778 0 0.0194444 0
0 0.555556 0 0.0194444 0
0 0.556944 0 0.0194444 0
0 0.558333 0 0.0194444 0
0 0.559028 0 0.0208333 0
0 0.559028 0 0.0208333 0
0 0.559722 0 0.0194444 0
0 0.559028 0 0.0208333 0
0 0.558333 0 0.0194444 0
0 0.558333 0 0.0194444 0
0 0.558333 0 0.0194444 0
0 0.558333 0 0.0194444 0
0 0.558333 0 0.0194444 0
0 0.559028 0.5 0.0208333 1
0 0.559028 0.5 0.0208333 1
0 0.563889 0.5 0.0194444 1
0 0.566667 0.5 0.0194444 1
0 0.56875 0.5 0.0208333 1
0 0.502778 0 0.0305556 0
0 0.570833 0.5 0.0194444 1
0 0.572917 0.5 0.0208333 1
0 0.576389 0.5 0.0194444 1
0 0.578472 0.5 0.0208333 1
0 0.517361 0 0.0319444 0
0 0.579861 0.5 0.0208333 1
0 0.581944 0.5 0.0194444 1
0 0.581944 0.5 0.0194444 1
0 0.584028 0.5 0.0208333 1
0 0.527778 0 0.0305556 0
0 0.586111 0.5 0.0194444 1
0 0.589583 0.5 0.0208333 1
0 0.590972 0.5 0.0208333 1
0 0.592361 0.5 0.0236111 1
0 0.592361 0.5 0.0236111 1
0 0.540972 0 0.0319444 0
0 0.59375 0.5 0.0208333 1
0 0.59375 0.5 0.0208333 1
0 0.593056 0.5 0.0222222 1
0 0.59375 0 0.0208333 0
0 0.59375 0 0.0208333 0
0 0.593056 0 0.0222222 0
0 0.593056 0 0.0222222 0
0 0.552083 0 0.0375 0
0 0.591667 0 0.0222222 0
0 0.551389 0 0.0333333 0
0 0.590278 0 0.0222222 0
0 0.551389 0 0.0361111 0
0 0.586806 0 0.0208333 0
0 0.583333 0 0.0222222 0
0 0.578472 0 0.0236111 0
0 0.578472 0 0.0236111 0
0 0.572917 0 0.0236111 0
0 0.567361 0 0.0236111 0
0 0.561111 0 0.0222222 0
0 0.555556 0 0.0222222 0
0 0.551389 0 0.0222222 0
0 0.544444 0 0.0222222 0
0 0.538889 0 0.0222222 0
0 0.534028 0 0.0236111 0
0 0.534028 0 0.0236111 0
0 0.529861 0 0.0236111 0
0 0.523611 0 0.0222222 0
0 0.516667 0 0.025 0
0 0.511111 0 0.0222222 0
0 0.507639 0 0.0236111 0
0 0.502778 0 0.0222222 0
0 0.502778 0 0.0222222 0
0 0.460417 0 0.0375 0
0 0.497917 0 0.0236111 0
0 0.492361 0 0.0236111 0
0 0.488889 0 0.0222222 0
0 0.484028 0 0.0236111 0
0 0.477778 0 0.025 0
0 0.477778 0 0.025 0
0 0.473611 0 0.025 0
0 0.470139 0 0.0236111 0
0 0.466667 0 0.025 0
0 0.463889 0 0.0222222 0
0 0.460417 0 0.0236111 0
0 0.460417 0 0.0236111 0
0 0.460417 0 0.0236111 0
0 0.460417 0 0.0236111 0
0 0.4625 0 0.0222222 0
0 0.465278 0 0.0222222 0
0 0.467361 0 0.0236111 0
0 0.471528 0 0.0236111 0
0 0.477083 0 0.0236111 0
0 0.480556 0 0.0222222 0
0 0.479167 0 0.0333333 0
0 0.485417 0 0.0236111 0
0 0.502083 0.5 0.0486111 1
0 0.504167 0.5 0.0527778 1
0 0.50625 0.5 0.0541667 1
0 0.507639 0.5 0.0541667 1
0 0.525694 1 0.0236111 0
0 0.528472 1 0.0236111 0
0 0.528472 1 0.0236111 0
0 0.529861 1 0.0208333 0
0 0.532639 1 0.0208333 0
0 0.534722 1 0.0222222 0
0 0.534722 0.5 0.0222222 1
0 0.536806 0.5 0.0208333 1
0 0.536806 0.5 0.0208333 1
0 0.538194 0.5 0.0208333 1
0 0.538194 0.5 0.0208333 1
0 0.538194 0.5 0.0208333 1
0 0.538889 0.5 0.0222222 1
0 0.538194 0 0.0208333 0
0 0.538889 0 0.0222222 0
0 0.539583 0 0.0208333 0
0 0.540278 0 0.0222222 0
0 0.540278 0 0.0222222 0
0 0.540278 0 0.0222222 0
0 0.540278 0 0.0222222 0
0 0.540278 0 0.0222222 0
0 0.540278 0 0.0222222 0
0 0.540278 0 0.0222222 0
0 0.540278 0 0.0222222 0
0 0.540278 0 0.0222222 0
0 0.540278 0 0.0222222 0
0 0.539583 0 0.0236111 0
0 0.539583 0 0.0208333 0
0 0.539583 0 0.0208333 0
0 0.539583 0 0.0208333 0
0 0.538889 0 0.0222222 0
0 0.539583 0 0.0208333 0
0 0.539583 0 0.0208333 0
0 0.540278 0 0.0222222 0
0 0.541667 0 0.0222222 0
0 0.541667 0 0.0222222 0
0 0.54375 0 0.0208333 0
0 0.545139 0 0.0208333 0
0 0.546528 0 0.0208333 0
0 0.546528 0 0.0208333 0
0 0.547917 0 0.0208333 0
0 0.55 0 0.0194444 0
0 0.552083 0 0.0208333 0
0 0.554167 0 0.0222222 0
0 0.55625 0 0.0208333 0
0 0.557639 0 0.0208333 0
0 0.560417 0 0.0208333 0
0 0.561806 0 0.0208333 0
0 0.561806 0 0.0208333 0
0 0.5625 0 0.0194444 0
0 0.564583 0 0.0208333 0
0 0.564583 0 0.0208333 0
0 0.564583 0 0.0208333 0
0 0.515972 0 0.0291667 0
0 0.564583 0 0.0208333 0
0 0.517361 0 0.0263889 0
0 0.563889 0 0.0194444 0
0 0.5625 0 0.0194444 0
0 0.5625 0 0.0194444 0
0 0.561806 0 0.0208333 0
0 0.560417 0 0.0208333 0
0 0.559028 0 0.0208333 0
0 0.555556 0 0.0194444 0
0 0.553472 0 0.0208333 0
0 0.550694 0 0.0208333 0
0 0.548611 0 0.0222222 0
0 0.54375 0 0.0208333 0
0 0.539583 0 0.0208333 0
0 0.534722 0 0.0222222 0
0 0.530556 0 0.0222222 0
0 0.527083 0 0.0208333 0
0 0.523611 0 0.0222222 0
0 0.520833 0 0.0222222 0
0 0.520833 0 0.0222222 0
0 0.520139 0 0.0208333 0
0 0.500694 0.5 0.0486111 1
0 0.517361 0 0.0236111 0
0 0.501389 0.5 0.05 1
0 0.515278 0 0.0222222 0
0 0.501389 0.5 0.05 1
0 0.515278 0 0.0222222 0
0 0.514583 0 0.0208333 0
0 0.513194 0 0.0208333 0
0 0.513194 0 0.0208333 0
0 0.511806 0 0.0208333 0
0 0.511111 0 0.0222222 0
0 0.509722 0 0.0222222 0
0 0.507639 0 0.0208333 0
0 0.504861 0 0.0236111 0
0 0.502083 0 0.0208333 0
0 0.498611 0 0.0222222 0
0 0.498611 0 0.0222222 0
0 0.495833 0 0.0222222 0
0 0.491667 0 0.0222222 0
0 0.486111 0 0.0222222 0
0 0.483333 0 0.0222222 0
0 0.477778 0 0.0222222 0
0 0.473611 0 0.0222222 0
0 0.469444 0 0.0222222 0
0 0.465278 0 0.0222222 0
0 0.463194 0 0.0208333 0
0 0.458333 0 0.0222222 0
0 0.458333 0 0.0222222 0
0 0.45625 0 0.0208333 0
0 0.454167 0 0.0222222 0
0 0.451389 0 0.0222222 0
0 0.449306 0 0.0208333 0
0 0.447222 0 0.0222222 0
0 0.447222 0 0.0222222 0
0 0.447222 0 0.0222222 0
0 0.447917 0 0.0208333 0
0 0.450694 0 0.0208333 0
0 0.452778 0 0.0222222 0
0 0.452778 0 0.0222222 0
0 0.454167 0 0.0222222 0
0 0.458333 0 0.0222222 0
0 0.461111 0 0.0222222 0
0 0.461111 0 0.0222222 0
0 0.466667 0 0.0222222 0
0 0.470139 0 0.0208333 0
0 0.473611 0 0.0222222 0
0 0.475694 0 0.0208333 0
0 0.477778 0 0.0222222 0
0 0.479167 0 0.0222222 0
0 0.482639 0 0.0208333 0
0 0.482639 0 0.0208333 0
0 0.483333 0 0.0222222 0
0 0.484028 0 0.0208333 0
0 0.485417 0 0.0208333 0
0 0.486111 0 0.0222222 0
0 0.486806 0 0.0208333 0
0 0.488194 0 0.0208333 0
0 0.488194 0 0.0208333 0
0 0.488194 0 0.0208333 0
0 0.488889 0 0.0194444 0
0 0.488889 0 0.0194444 0
0 0.488194 0 0.0208333 0
0 0.4875 0 0.0194444 0
0 0.486111 0 0.0222222 0
0 0.484722 0 0.0222222 0
0 0.483333 0 0.0222222 0
0 0.482639 0 0.0208333 0
0 0.482639 0 0.0208333 0
0 0.48125 0 0.0208333 0
0 0.479861 0 0.0208333 0
0 0.479167 0 0.0222222 0
0 0.478472 0 0.0208333 0
0 0.570833 1 0.075 0
0 0.477083 0 0.0208333 0
0 0.477083 0 0.0208333 0
0 0.477083 0 0.0208333 0
0 0.477083 0 0.0208333 0
0 0.476389 0 0.0194444 0
0 0.477083 0 0.0208333 0
0 0.476389 0.5 0.0166667 1
0 0.454861 0 0.0291667 0
0 0.453472 0 0.0319444 0
0 0.453472 0 0.0319444 0
0 0.478472 0 0.0291667 0
0 0.48125 0 0.0291667 0
0 0.482639 0 0.0291667 0
0 0.502083 0.5 0.0458333 1
0 0.500694 0 0.0180556 0
0 0.5 0 0.0194444 0
0 0.5 0 0.0194444 0
0 0.497917 0 0.0208333 0
0 0.496528 0 0.0208333 0
0 0.495139 0 0.0208333 0
0 0.493056 0 0.0222222 0
0 0.491667 0 0.0222222 0
0 0.490972 0 0.0208333 0
0 0.489583 0 0.0208333 0
0 0.489583 0 0.0208333 0
0 0.489583 0 0.0208333 0
0 0.488194 0 0.0208333 0
0 0.4875 0 0.0194444 0
0 0.486806 0 0.0208333 0
0 0.485417 0 0.0208333 0
0 0.485417 0 0.0208333 0
0 0.485417 0 0.0208333 0
0 0.484028 0 0.0208333 0
0 0.482639 0 0.0208333 0
0 0.480556 0 0.0222222 0
0 0.477778 0 0.0222222 0
0 0.475 0 0.0194444 0
0 0.471528 0 0.0208333 0
0 0.469444 0 0.0194444 0
0 0.467361 0 0.0208333 0
0 0.467361 0 0.0208333 0
0 0.465972 0 0.0208333 0
0 0.465278 0 0.0222222 0
0 0.463194 0 0.0208333 0
0 0.461806 0 0.0208333 0
0 0.461111 0 0.0222222 0
0 0.461806 0 0.0208333 0
0 0.461806 0 0.0208333 0
0 0.463194 0 0.0208333 0
0 0.463889 0 0.0194444 0
0 0.453472 0 0.0319444 0
0 0.465972 0 0.0208333 0
0 0.467361 0 0.0208333 0
0 0.470833 0 0.0222222 0
0 0.474306 0 0.0208333 0
0 0.469444 0 0.0305556 0
0 0.478472 0 0.0208333 0
0 0.469444 0 0.0305556 0
0 0.478472 0 0.0208333 0
0 0.483333 0 0.0194444 0
0 0.495833 0 0.0277778 0
0 0.503472 0.5 0.0513889 1
0 0.503472 0.5 0.0513889 1
0 0.503472 0.5 0.0513889 1
0 0.503472 0.5 0.0513889 1
0 0.504167 0.5 0.05 1
0 0.504167 0.5 0.05 1
0 0.504861 0.5 0.0486111 1
0 0.50625 0.5 0.0513889 1
0 0.524306 1 0.0125 0
0 0.504861 0.5 0.0486111 1
0 0.529167 1 0.0194444 0
0 0.504861 0.5 0.0486111 1
0 0.534028 1 0.0208333 0
0 0.545139 1 0.0208333 0
0 0.545139 1 0.0208333 0
0 0.55625 1 0.0208333 0
0 0.565972 1 0.0208333 0
0 0.582639 1 0.0208333 0
0 0.595833 1 0.0222222 0
0 0.613194 1 0.0208333 0
0 0.623611 1 0.0222222 0
0 0.636111 1 0.0222222 0
0 0.65 1 0.0194444 0
0 0.663194 1 0.0208333 0
0 0.663194 1 0.0208333 0
0 0.690278 1 0.0222222 0
0 0.696528 1 0.0208333 0
0 0.696528 1 0.0208333 0
0 0.704167 1 0.0222222 0
0 0.709028 1 0.0208333 0
0 0.716667 0.5 0.0222222 1
0 0.967361 1 0.0652778 0
0 0.71875 0 0.0208333 0
0 0.975694 0.5 0.0458333 1
0 0.716667 0 0.0222222 0
0 0.977083 0.5 0.0458333 1
0 0.707639 0 0.0208333 0
0 0.974306 0 0.0513889 0
0 0.69375 0 0.0208333 0
0 0.974306 0 0.0513889 0
0 0.69375 0 0.0208333 0
0 0.66875 0 0.0208333 0
0 0.949306 0 0.101389 0
0 0.633333 0 0.0222222 0
0 0.940278 0 0.119444 0
0 0.6125 0 0.0194444 0
0 0.570833 0 0.0222222 0
0 0.5125 0 0.0222222 0
0 0.480556 0 0.0222222 0
0 0.409722 0 0.0222222 0
0 0.35 0 0.0222222 0
0 0.289583 0 0.0236111 0
0 0.289583 0 0.0236111 0
0 0.503472 0.5 0.0569444 1
0 0.224306 0 0.0236111 0
0 0.311806 1 0.0430556 0
0 0.186806 0 0.0208333 0
0 0.502778 0.5 0.0555556 1
0 0.501389 0.5 0.0527778 1
0 0.501389 0.5 0.0527778 1
0 0.5 0.5 0.0527778 1
0 0.503472 0.5 0.0569444 1
0 0.503472 0.5 0.0569444 1
0 0.502083 0.5 0.0513889 1
0 0.502083 0.5 0.0513889 1
0 0.500694 0.5 0.0486111 1
0 0.70625 1 0.0902778 0
0 0.501389 0.5 0.05 1
0 0.501389 0.5 0.05 1
0 0.502083 0.5 0.0486111 1
0 0.800694 0 0.0652778 0
0 0.800694 0 0.0652778 0
0 0.769444 0 0.05 0
0 0.9625 0 0.0277778 0
0 0.46875 0 0.0569444 0
0 0.413889 0 0.0694444 0
0 0.413889 0 0.0694444 0
0 0.330556 0 0.0805556 0
0 0.99375 0 0.0125 0
0 0.954861 0 0.0902778 0
0 0.894444 0 0.108333 0
0 0.501389 0.5 0.05 1
0 0.501389 0.5 0.0527778 1
0 0.502083 0.5 0.0541667 1
0 0.502083 0.5 0.0541667 1
0 0.501389 0.5 0.0555556 1
0 0.501389 0.5 0.0555556 1
0 0.502083 0.5 0.0569444 1
0 0.502083 0.5 0.0569444 1
0 0.502083 0.5 0.0569444 1
0 0.502083 0.5 0.0569444 1
0 0.501389 0.5 0.0555556 1
0 0.502778 0.5 0.0527778 1
0 0.503472 0.5 0.0541667 1
0 0.990972 0 0.0180556 0
0 0.46875 0 0.0236111 0
0 0.46875 0 0.0236111 0
0 0.467361 0 0.0236111 0
0 0.467361 0 0.0236111 0
0 0.465278 0 0.0222222 0
0 0.463194 0 0.0208333 0
0 0.459028 0 0.0208333 0
0 0.45625 0 0.0208333 0
0 0.452778 0 0.0222222 0
0 0.452778 0 0.0222222 0
0 0.450694 0 0.0208333 0
0 0.447222 0 0.0222222 0
0 0.445833 0 0.0222222 0
0 0.445833 0 0.0222222 0
0 0.445833 0 0.0222222 0
0 0.44375 0.5 0.0208333 1
0 0.442361 0.5 0.0208333 1
0 0.441667 0.5 0.0222222 1
0 0.440278 0.5 0.0222222 1
0 0.440278 0.5 0.0222222 1
0 0.439583 1 0.0208333 0
0 0.439583 1 0.0208333 0
0 0.439583 1 0.0208333 0
0 0.439583 1 0.0208333 0
0 0.439583 1 0.0208333 0
0 0.439583 1 0.0208333 0
0 0.439583 1 0.0208333 0
0 0.439583 1 0.0236111 0
0 0.438889 1 0.0222222 0
0 0.438889 1 0.0222222 0
0 0.438194 1 0.0208333 0
0 0.438889 1 0.0194444 0
0 0.438194 1 0.0208333 0
0 0.438194 1 0.0208333 0
0 0.438194 1 0.0208333 0
0 0.438194 1 0.0208333 0
0 0.438194 1 0.0208333 0
0 0.438194 1 0.0208333 0
0 0.438194 1 0.0208333 0
0 0.438194 1 0.0208333 0
0 0.438194 1 0.0208333 0
0 0.438194 1 0.0208333 0
0 0.4375 1 0.0222222 0
0 0.436111 1 0.0222222 0
0 0.436111 1 0.0222222 0
0 0.434722 1 0.0222222 0
0 0.434722 1 0.0222222 0
0 0.433333 1 0.0222222 0
0 0.433333 1 0.0222222 0
0 0.433333 1 0.0222222 0
0 0.432639 1 0.0208333 0
0 0.430556 1 0.0222222 0
0 0.429167 1 0.0222222 0
0 0.427778 1 0.0222222 0
0 0.426389 1 0.0194444 0
0 0.427083 1 0.0208333 0
0 0.427083 1 0.0208333 0
0 0.427083 1 0.0208333 0
0 0.427083 1 0.0208333 0
0 0.427083 1 0.0208333 0
0 0.427083 1 0.0208333 0
0 0.429167 1 0.0222222 0
0 0.432639 1 0.0208333 0
0 0.434028 1 0.0208333 0
0 0.435417 1 0.0208333 0
0 0.435417 1 0.0208333 0
0 0.436111 1 0.0222222 0
0 0.436111 0.5 0.0222222 1
0 0.436806 0.5 0.0236111 1
0 0.438194 0.5 0.0208333 1
0 0.439583 0.5 0.0208333 1
0 0.440278 0.5 0.0222222 1
0 0.440972 0.5 0.0236111 1
0 0.440972 0.5 0.0236111 1
0 0.441667 0 0.0222222 0
0 0.441667 0 0.0222222 0
0 0.44375 0 0.0208333 0
0 0.443056 0 0.0222222 0
0 0.44375 0 0.0208333 0
0 0.44375 0 0.0208333 0
0 0.445139 0 0.0208333 0
0 0.445139 0 0.0208333 0
0 0.445139 0 0.0208333 0
0 0.445139 0 0.0208333 0
0 0.445833 0 0.0222222 0
0 0.446528 0 0.0208333 0
0 0.447222 0 0.0222222 0
0 0.448611 0 0.0222222 0
0 0.452083 0 0.0208333 0
0 0.454167 0 0.0222222 0
0 0.457639 0 0.0208333 0
0 0.457639 0 0.0208333 0
0 0.459028 0.5 0.0208333 1
0 0.459028 0.5 0.0208333 1
0 0.459028 0.5 0.0208333 1
0 0.459028 0.5 0.0208333 1
0 0.459028 0.5 0.0208333 1
0 0.459722 0.5 0.0222222 1
0 0.463889 0.5 0.0194444 1
0 0.466667 0.5 0.0194444 1
0 0.470139 0.5 0.0180556 1
0 0.469444 0 0.0222222 0
0 0.469444 0 0.0222222 0
0 0.468056 0 0.0222222 0
0 0.468056 0 0.0222222 0
0 0.465278 0 0.0222222 0
0 0.458333 0 0.0222222 0
0 0.456944 0 0.0222222 0
0 0.455556 0 0.0222222 0
0 0.452778 0 0.0222222 0
0 0.450694 0 0.0208333 0
0 0.45 0 0.0194444 0
0 0.45 0 0.0194444 0
0 0.448611 0 0.0222222 0
0 0.447222 0 0.0222222 0
0 0.445833 0 0.0222222 0
0 0.444444 0 0.0222222 0
0 0.440972 0.5 0.0236111 1
0 0.439583 0.5 0.0208333 1
0 0.438194 0.5 0.0208333 1
0 0.438194 1 0.0208333 0
0 0.436806 1 0.0208333 0
0 0.4375 1 0.0194444 0
0 0.436111 1 0.0222222 0
0 0.436111 1 0.0222222 0
0 0.436806 1 0.0208333 0
0 0.436806 1 0.0208333 0
0 0.436806 1 0.0208333 0
0 0.436806 1 0.0208333 0
0 0.436806 1 0.0208333 0
0 0.436806 1 0.0208333 0
0 0.436806 1 0.0208333 0
0 0.436806 1 0.0208333 0
0 0.436806 1 0.0208333 0
0 0.436806 1 0.0208333 0
0 0.436806 1 0.0208333 0
0 0.436806 1 0.0208333 0
0 0.436806 1 0.0208333 0
0 0.436806 1 0.0208333 0
0 0.436806 1 0.0208333 0
0 0.436806 1 0.0208333 0
0 0.436806 1 0.0208333 0
0 0.436806 1 0.0208333 0
0 0.436806 1 0.0208333 0
0 0.436806 1 0.0208333 0
0 0.436806 1 0.0208333 0
0 0.436806 1 0.0208333 0
0 0.436806 1 0.0208333 0
0 0.436806 1 0.0208333 0
0 0.436806 1 0.0208333 0
0 0.436806 1 0.0208333 0
0 0.436806 1 0.0208333 0
0 0.436806 1 0.0208333 0
0 0.436806 1 0.0208333 0
0 0.436806 1 0.0208333 0
0 0.436806 1 0.0208333 0
0 0.436806 1 0.0208333 0
0 0.436806 1 0.0208333 0
0 0.436806 1 0.0208333 0
0 0.436806 1 0.0208333 0
0 0.436806 1 0.0208333 0
0 0.436806 1 0.0208333 0
0 0.436806 1 0.0208333 0
0 0.436806 1 0.0208333 0
0 0.436806 1 0.0208333 0
0 0.436806 1 0.0208333 0
0 0.436806 1 0.0208333 0
0 0.436806 1 0.0208333 0
0 0.436806 1 0.0208333 0
0 0.436806 1 0.0208333 0
0 0.436806 1 0.0208333 0
0 0.436806 1 0.0208333 0
0 0.436806 1 0.0208333 0
0 0.436806 1 0.0208333 0
0 0.436806 1 0.0208333 0
0 0.436806 1 0.0208333 0
0 0.436806 1 0.0208333 0
0 0.436806 1 0.0208333 0
0 0.436806 1 0.0208333 0
0 0.436806 1 0.0208333 0
0 0.436806 1 0.0208333 0
0 0.436806 1 0.0208333 0
0 0.436806 1 0.0208333 0
0 0.436806 1 0.0208333 0
0 0.436806 1 0.0208333 0
0 0.436806 1 0.0208333 0
0 0.436806 1 0.0208333 0
0 0.436806 1 0.0208333 0
0 0.436806 1 0.0208333 0
0 0.436806 1 0.0208333 0
0 0.436806 1 0.0208333 0
0 0.436806 1 0.0208333 0
0 0.436806 1 0.0208333 0
0 0.436806 1 0.0208333 0
0 0.436806 1 0.0208333 0
0 0.436806 1 0.0208333 0
0 0.436806 1 0.0208333 0
0 0.436806 1 0.0208333 0
0 0.436806 1 0.0208333 0
0 0.436806 1 0.0208333 0
0 0.436806 1 0.0208333 0
0 0.436806 1 0.0208333 0
0 0.436806 1 0.0208333 0
0 0.436806 1 0.0208333 0
0 0.436806 1 0.0208333 0
0 0.436806 1 0.0208333 0
0 0.436806 1 0.0208333 0
0 0.436806 1 0.0208333 0
0 0.436806 1 0.0208333 0
0 0.436806 1 0.0208333 0
0 0.436806 1 0.0208333 0
0 0.436806 1 0.0208333 0
0 0.436806 1 0.0208333 0
0 0.436806 1 0.0208333 0
0 0.436806 1 0.0208333 0
0 0.436806 1 0.0208333 0
0 0.436806 1 0.0208333 0
0 0.436806 1 0.0208333 0
0 0.436806 1 0.0208333 0
0 0.436806 1 0.0208333 0
0 0.436806 1 0.0208333 0
0 0.436806 1 0.0208333 0
0 0.436806 1 0.0208333 0
0 0.436806 1 0.0208333 0
0 0.436806 1 0.0208333 0
0 0.436806 1 0.0208333 0
0 0.436806 1 0.0208333 0
0 0.436806 1 0.0208333 0
0 0.436806 1 0.0208333 0
0 0.436806 1 0.0208333 0
0 0.436806 1 0.0208333 0
0 0.436806 1 0.0208333 0
0 0.436806 1 0.0208333 0
0 0.436806 1 0.0208333 0
0 0.436806 1 0.0208333 0
0 0.436806 1 0.0208333 0
0 0.436806 1 0.0208333 0
0 0.436806 1 0.0208333 0
0 0.436806 1 0.0208333 0
0 0.436806 1 0.0208333 0
0 0.436806 1 0.0208333 0
0 0.436806 1 0.0208333 0
0 0.436806 1 0.0208333 0
0 0.436806 1 0.0208333 0
0 0.436806 1 0.0208333 0
0 0.436806 1 0.0208333 0
0 0.436806 1 0.0208333 0
0 0.436806 1 0.0208333 0
0 0.436806 1 0.0208333 0
0 0.436806 1 0.0208333 0
0 0.436806 1 0.0208333 0
0 0.436806 1 0.0208333 0
0 0.436806 1 0.0208333 0
0 0.436806 1 0.0208333 0
0 0.436806 1 0.0208333 0
0 0.436806 1 0.0208333 0
0 0.436806 1 0.0208333 0
0 0.436806 1 0.0208333 0
0 0.436806 1 0.0208333 0
0 0.436806 1 0.0208333 0
0 0.436806 1 0.0208333 0
0 0.436806 1 0.0208333 0
0 0.436806 1 0.0208333 0
0 0.436806 1 0.0208333 0
0 0.436806 1 0.0208333 0
0 0.436806 1 0.0208333 0
0 0.436806 1 0.0208333 0
0 0.436806 1 0.0208333 0
0 0.436806 1 0.0208333 0
0 0.436806 1 0.0208333 0
0 0.436806 1 0.0208333 0
0 0.436806 1 0.0208333 0
0 0.436806 1 0.0208333 0
0 0.436806 1 0.0208333 0
0 0.436806 1 0.0208333 0
0 0.436806 1 0.0208333 0
0 0.436806 1 0.0208333 0
0 0.436806 1 0.0208333 0
0 0.436806 1 0.0208333 0
0 0.436806 1 0.0208333 0
0 0.436806 1 0.0208333 0
0 0.436806 1 0.0208333 0
0 0.436806 1 0.0208333 0
0 0.436806 1 0.0208333 0
0 0.436806 1 0.0208333 0
0 0.436806 1 0.0208333 0
0 0.436806 1 0.0208333 0
0 0.436806 1 0.0208333 0
0 0.436806 1 0.0208333 0
0 0.436806 1 0.0208333 0
0 0.436806 1 0.0208333 0
0 0.436806 1 0.0208333 0
0 0.436806 1 0.0208333 0
0 0.436806 1 0.0208333 0
0 0.436806 1 0.0208333 0
0 0.436806 1 0.0208333 0
0 0.436806 1 0.0208333 0
0 0.436806 1 0.0208333 0
0 0.436806 1 0.0208333 0
0 0.436806 1 0.0208333 0
0 0.436806 1 0.0208333 0
0 0.436806 1 0.0208333 0
0 0.436806 1 0.0208333 0
0 0.436806 1 0.0208333 0
0 0.436806 1 0.0208333 0
0 0.436806 1 0.0208333 0
0 0.436806 1 0.0208333 0
0 0.436806 1 0.0208333 0
0 0.436806 1 0.0208333 0
0 0.436806 1 0.0208333 0
0 0.436806 1 0.0208333 0
0 0.436806 1 0.0208333 0
0 0.436806 1 0.0208333 0
0 0.436806 1 0.0208333 0
0 0.436806 1 0.0208333 0
0 0.436806 1 0.0208333 0
0 0.436806 1 0.0208333 0
0 0.436806 1 0.0208333 0
0 0.436806 1 0.0208333 0
0 0.436806 1 0.0208333 0
0 0.436806 1 0.0208333 0
0 0.436806 1 0.0208333 0
0 0.436806 1 0.0208333 0
0 0.436806 1 0.0208333 0
0 0.436806 1 0.0208333 0
0 0.436806 1 0.0208333 0
0 0.436806 1 0.0208333 0
0 0.436806 1 0.0208333 0
0 0.436806 1 0.0208333 0
0 0.436806 1 0.0208333 0
0 0.436806 1 0.0208333 0
0 0.436806 1 0.0208333 0
0 0.436806 1 0.0208333 0
0 0.436806 1 0.0208333 0
0 0.436806 1 0.0208333 0
0 0.436806 1 0.0208333 0
0 0.436806 1 0.0208333 0
0 0.436806 1 0.0208333 0
0 0.436806 1 0.0208333 0
0 0.436806 1 0.0208333 0
0 0.436806 1 0.0208333 0
0 0.436806 1 0.0208333 0
0 0.436806 1 0.0208333 0
0 0.436806 1 0.0208333 0
0 0.436806 1 0.0208333 0
0 0.436806 1 0.0208333 0
0 0.436806 1 0.0208333 0
0 0.436806 1 0.0208333 0
0 0.436806 1 0.0208333 0
0 0.436806 1 0.0208333 0
0 0.436806 1 0.0208333 0
0 0.436806 1 0.0208333 0
0 0.436806 1 0.0208333 0
0 0.436806 1 0.0208333 0
0 0.436806 1 0.0208333 0
0 0.436806 1 0.0208333 0
0 0.436806 1 0.0208333 0
0 0.436806 1 0.0208333 0
0 0.436806 1 0.0208333 0
0 0.436806 1 0.0208333 0
0 0.436806 1 0.0208333 0
0 0.436806 1 0.0208333 0
0 0.436806 1 0.0208333 0
0 0.436806 1 0.0208333 0
0 0.436806 1 0.0208333 0
0 0.436806 1 0.0208333 0
0 0.436111 1 0.0222222 0
0 0.436111 1 0.0222222 0
0 0.436111 1 0.0222222 0
0 0.436111 1 0.0222222 0
0 0.436111 1 0.0222222 0
0 0.436111 1 0.0222222 0
0 0.436111 1 0.0222222 0
0 0.436111 1 0.0222222 0
0 0.436111 1 0.0222222 0
0 0.436111 1 0.0222222 0
0 0.436111 1 0.0222222 0
0 0.436111 1 0.0222222 0
0 0.436111 1 0.0222222 0
0 0.436111 1 0.0222222 0
0 0.436111 1 0.0222222 0
0 0.436111 1 0.0222222 0
0 0.436111 1 0.0222222 0
0 0.436111 1 0.0222222 0
0 0.436111 1 0.0222222 0
0 0.436111 1 0.0222222 0
0 0.436111 1 0.0222222 0
0 0.436111 1 0.0222222 0
0 0.436111 1 0.0222222 0
0 0.436111 1 0.0222222 0
0 0.436111 1 0.0222222 0
0 0.436111 1 0.0222222 0
0 0.436111 1 0.0222222 0
0 0.436111 1 0.0222222 0
0 0.436111 1 0.0222222 0
0 0.436111 1 0.0222222 0
0 0.436111 1 0.0222222 0
0 0.436111 1 0.0222222 0
0 0.436111 1 0.0222222 0
0 0.436111 1 0.0222222 0
0 0.436111 1 0.0222222 0
0 0.436111 1 0.0222222 0
0 0.436111 1 0.0222222 0
0 0.436111 1 0.0222222 0
0 0.436111 1 0.0222222 0
0 0.436111 1 0.0222222 0
0 0.436111 1 0.0222222 0
0 0.436111 1 0.0222222 0
0 0.436111 1 0.0222222 0
0 0.436111 1 0.0222222 0
0 0.436111 1 0.0222222 0
0 0.436111 1 0.0222222 0
0 0.436111 1 0.0222222 0
0 0.436111 1 0.0222222 0
0 0.436111 1 0.0222222 0
0 0.436111 1 0.0222222 0
0 0.436111 1 0.0222222 0
0 0.436111 1 0.0222222 0
0 0.436111 1 0.0222222 0
0 0.436111 1 0.0222222 0
0 0.436111 1 0.0222222 0
0 0.436111 1 0.0222222 0
0 0.436111 1 0.0222222 0
0 0.436111 1 0.0222222 0
0 0.436111 1 0.0222222 0
0 0.436111 1 0.0222222 0
0 0.436111 1 0.0222222 0
0 0.436111 1 0.0222222 0
0 0.436111 1 0.0222222 0
0 0.436111 1 0.0222222 0
