0 0.428472 0 0.0208333 0
0 0.428472 0 0.0208333 0
0 0.428472 0 0.0208333 0
0 0.428472 0 0.0208333 0
0 0.428472 0 0.0208333 0
0 0.428472 0 0.0208333 0
0 0.428472 0 0.0208333 0
0 0.428472 0 0.0208333 0
0 0.428472 0 0.0208333 0
0 0.428472 0 0.0208333 0
0 0.428472 0 0.0208333 0
0 0.428472 0 0.0208333 0
0 0.428472 0 0.0208333 0
0 0.428472 0 0.0208333 0
0 0.428472 0 0.0208333 0
0 0.428472 0 0.0208333 0
0 0.428472 0 0.0208333 0
0 0.428472 0 0.0208333 0
0 0.428472 0 0.0208333 0
0 0.428472 0 0.0208333 0
0 0.428472 0 0.0208333 0
0 0.428472 0 0.0208333 0
0 0.428472 0 0.0208333 0
0 0.428472 0 0.0208333 0
0 0.428472 0 0.0208333 0
0 0.428472 0 0.0208333 0
0 0.428472 0 0.0208333 0
0 0.428472 0 0.0208333 0
0 0.428472 0 0.0208333 0
0 0.428472 0 0.0208333 0
0 0.428472 0 0.0208333 0
0 0.428472 0 0.0208333 0
0 0.428472 0 0.0208333 0
0 0.428472 0 0.0208333 0
0 0.428472 0 0.0208333 0
0 0.428472 0 0.0208333 0
0 0.428472 0 0.0208333 0
0 0.428472 0 0.0208333 0
0 0.428472 0 0.0208333 0
0 0.428472 0 0.0208333 0
0 0.428472 0 0.0208333 0
0 0.428472 0 0.0208333 0
0 0.428472 0 0.0208333 0
0 0.428472 0 0.0208333 0
0 0.428472 0 0.0208333 0
0 0.428472 0 0.0208333 0
0 0.428472 0 0.0208333 0
0 0.428472 0 0.0208333 0
0 0.428472 0 0.0208333 0
0 0.428472 0 0.0208333 0
0 0.428472 0 0.0208333 0
0 0.428472 0 0.0208333 0
0 0.428472 0 0.0208333 0
0 0.428472 0 0.0208333 0
0 0.428472 0 0.0208333 0
0 0.428472 0 0.0208333 0
0 0.428472 0 0.0208333 0
0 0.428472 0 0.0208333 0
0 0.428472 0 0.0208333 0
0 0.428472 0 0.0208333 0
0 0.428472 0 0.0208333 0
0 0.428472 0 0.0208333 0
0 0.428472 0 0.0208333 0
0 0.428472 0 0.0208333 0
0 0.428472 0 0.0208333 0
0 0.428472 0 0.0208333 0
0 0.428472 0 0.0208333 0
0 0.428472 0 0.0208333 0
0 0.428472 0 0.0208333 0
0 0.428472 0 0.0208333 0
0 0.428472 0 0.0208333 0
0 0.428472 0 0.0208333 0
0 0.428472 0 0.0208333 0
0 0.428472 0 0.0208333 0
0 0.428472 0 0.0208333 0
0 0.428472 0 0.0208333 0
0 0.428472 0 0.0208333 0
0 0.428472 0 0.0208333 0
0 0.428472 0 0.0208333 0
0 0.428472 0 0.0208333 0
0 0.428472 0 0.0208333 0
0 0.428472 0 0.0208333 0
0 0.428472 0 0.0208333 0
0 0.428472 0 0.0208333 0
0 0.428472 0 0.0208333 0
0 0.428472 0 0.0208333 0
0 0.428472 0 0.0208333 0
0 0.428472 0 0.0208333 0
0 0.428472 0 0.0208333 0
0 0.428472 0 0.0208333 0
0 0.428472 0 0.0208333 0
0 0.428472 0 0.0208333 0
0 0.428472 0 0.0208333 0
0 0.428472 0 0.0208333 0
0 0.428472 0 0.0208333 0
0 0.428472 0 0.0208333 0
0 0.428472 0 0.0208333 0
0 0.428472 0 0.0208333 0
0 0.427083 0 0.0208333 0
0 0.427083 0 0.0208333 0
0 0.425694 0 0.0208333 0
0 0.425 0 0.0194444 0
0 0.423611 0 0.0222222 0
0 0.422222 0 0.0222222 0
0 0.422222 0 0.0222222 0
0 0.422222 0 0.0222222 0
0 0.422222 0 0.0222222 0
0 0.422222 0 0.0222222 0
0 0.421528 0 0.0208333 0
0 0.421528 0 0.0208333 0
0 0.422222 0 0.0222222 0
0 0.423611 0 0.0222222 0
0 0.425694 0 0.0208333 0
0 0.426389 0 0.0222222 0
0 0.426389 0 0.0222222 0
0 0.427778 0 0.0222222 0
0 0.429167 0 0.0222222 0
0 0.43125 0 0.0208333 0
0 0.433333 0 0.0222222 0
0 0.434722 0 0.0222222 0
0 0.438889 0 0.0222222 0
0 0.445139 0 0.0208333 0
0 0.445139 0 0.0208333 0
0 0.445833 0 0.0222222 0
0 0.450694 0 0.0208333 0
0 0.452778 0 0.0222222 0
0 0.45625 0 0.0208333 0
0 0.458333 0 0.0222222 0
0 0.463194 0 0.0208333 0
0 0.466667 0 0.0222222 0
0 0.470833 0 0.0222222 0
0 0.473611 0 0.0222222 0
0 0.478472 0 0.0208333 0
0 0.482639 0 0.0208333 0
0 0.484722 0 0.0222222 0
0 0.490278 0 0.0222222 0
0 0.495833 0 0.0222222 0
0 0.497917 0 0.0208333 0
0 0.502083 0 0.0208333 0
0 0.505556 0 0.0222222 0
0 0.509722 0 0.0222222 0
0 0.515278 0 0.0222222 0
0 0.51875 0 0.0208333 0
0 0.522222 0 0.0222222 0
0 0.527778 0 0.0222222 0
0 0.533333 0 0.0222222 0
0 0.536111 0 0.0222222 0
0 0.542361 0 0.0236111 0
0 0.548611 0 0.0222222 0
0 0.554861 0 0.0236111 0
0 0.561111 0 0.0222222 0
0 0.567361 0 0.0236111 0
0 0.572222 0 0.0222222 0
0 0.578472 0 0.0236111 0
0 0.581944 0 0.0222222 0
0 0.5875 0 0.0222222 0
0 0.593056 0 0.0222222 0
0 0.6 0 0.0222222 0
0 0.605556 0 0.0222222 0
0 0.611806 0 0.0208333 0
0 0.619444 0 0.0222222 0
0 0.626389 0 0.0222222 0
0 0.632639 0 0.0236111 0
0 0.6375 0 0.0222222 0
0 0.645833 0 0.025 0
0 0.652778 0 0.025 0
0 0.661111 0 0.025 0
0 0.670833 0 0.025 0
0 0.680556 0 0.025 0
0 0.688194 0 0.0236111 0
0 0.69375 0 0.0236111 0
0 0.704167 0 0.025 0
0 0.711806 0 0.0236111 0
0 0.582639 0 0.0569444 0
0 0.722222 0 0.025 0
0 0.731944 0 0.025 0
0 0.743056 0 0.025 0
0 0.751389 0 0.025 0
0 0.761806 0 0.0236111 0
0 0.768056 0 0.025 0
0 0.778472 0 0.0236111 0
0 0.786806 0 0.0236111 0
0 0.796528 0 0.0263889 0
0 0.80625 0 0.0263889 0
0 0.827083 0 0.0263889 0
0 0.838889 0 0.025 0
0 0.847917 0 0.0263889 0
0 0.856944 0 0.025 0
0 0.867361 0 0.0263889 0
0 0.879861 0 0.0263889 0
0 0.889583 0 0.0263889 0
0 0.900694 0 0.0236111 0
0 0.909722 0 0.0277778 0
0 0.918056 0 0.025 0
0 0.929167 0 0.025 0
0 0.935417 0 0.0263889 0
0 0.945833 0 0.0277778 0
0 0.953472 0 0.0263889 0
0 0.960417 0 0.0263889 0
0 0.970139 0 0.0263889 0
0 0.981944 0 0.025 0
0 0.988889 0 0.0222222 0
0 0.993056 0 0.0111111 0
0 0.500694 0.5 0.0486111 1
0 0.988889 0 0.0194444 0
0 0.991667 0 0.0138889 0
0 0.469444 0 0.0222222 0
0 0.46875 0 0.0208333 0
0 0.466667 0 0.0222222 0
0 0.465278 0 0.0222222 0
0 0.464583 0 0.0208333 0
0 0.461111 0 0.0222222 0
0 0.459722 0 0.0222222 0
0 0.458333 0 0.0222222 0
0 0.45625 0 0.0208333 0
0 0.45625 0 0.0236111 0
0 0.45625 0 0.0236111 0
0 0.454167 0 0.0222222 0
0 0.454167 0 0.0222222 0
0 0.452778 0 0.0222222 0
0 0.452083 0 0.0208333 0
0 0.451389 0 0.0222222 0
0 0.449306 0 0.0208333 0
0 0.448611 0 0.0222222 0
0 0.448611 0 0.0222222 0
0 0.449306 0 0.0208333 0
0 0.449306 0 0.0208333 0
0 0.449306 0 0.0208333 0
0 0.449306 0 0.0208333 0
0 0.449306 0 0.0208333 0
0 0.449306 0 0.0208333 0
0 0.449306 0 0.0208333 0
0 0.449306 0 0.0208333 0
0 0.449306 0 0.0208333 0
0 0.449306 0 0.0208333 0
0 0.449306 0 0.0208333 0
0 0.449306 0 0.0208333 0
0 0.449306 0 0.0208333 0
0 0.449306 0 0.0208333 0
0 0.449306 0 0.0208333 0
0 0.449306 0 0.0208333 0
0 0.449306 0 0.0208333 0
0 0.449306 0 0.0208333 0
0 0.449306 0 0.0208333 0
0 0.449306 0 0.0208333 0
0 0.449306 0 0.0208333 0
0 0.449306 0 0.0208333 0
0 0.449306 0 0.0208333 0
0 0.449306 0 0.0208333 0
0 0.449306 0 0.0208333 0
0 0.449306 0 0.0208333 0
0 0.449306 0 0.0208333 0
0 0.449306 0 0.0208333 0
0 0.449306 0 0.0208333 0
0 0.449306 0 0.0208333 0
0 0.449306 0 0.0208333 0
0 0.449306 0 0.0208333 0
0 0.449306 0 0.0208333 0
0 0.449306 0 0.0208333 0
0 0.449306 0 0.0208333 0
0 0.449306 0 0.0208333 0
0 0.449306 0 0.0208333 0
0 0.449306 0 0.0208333 0
0 0.449306 0 0.0208333 0
0 0.449306 0 0.0208333 0
0 0.449306 0 0.0208333 0
0 0.449306 0 0.0208333 0
0 0.449306 0 0.0208333 0
0 0.449306 0 0.0208333 0
0 0.449306 0 0.0208333 0
0 0.449306 0 0.0208333 0
0 0.449306 0 0.0208333 0
0 0.449306 0 0.0208333 0
0 0.449306 0 0.0208333 0
0 0.449306 0 0.0208333 0
0 0.449306 0 0.0208333 0
0 0.449306 0 0.0208333 0
0 0.449306 0 0.0208333 0
0 0.449306 0 0.0208333 0
0 0.449306 0 0.0208333 0
0 0.449306 0 0.0208333 0
0 0.449306 0 0.0208333 0
0 0.449306 0 0.0208333 0
0 0.449306 0 0.0208333 0
0 0.449306 0 0.0208333 0
0 0.449306 0 0.0208333 0
0 0.449306 0 0.0208333 0
0 0.449306 0 0.0208333 0
0 0.449306 0 0.0208333 0
0 0.449306 0 0.0208333 0
0 0.449306 0 0.0208333 0
0 0.449306 0 0.0208333 0
0 0.449306 0 0.0208333 0
0 0.449306 0 0.0208333 0
0 0.449306 0 0.0208333 0
0 0.449306 0 0.0208333 0
0 0.449306 0 0.0208333 0
0 0.449306 0 0.0208333 0
0 0.449306 0 0.0208333 0
0 0.449306 0 0.0208333 0
0 0.449306 0 0.0208333 0
0 0.449306 0 0.0208333 0
0 0.449306 0 0.0208333 0
0 0.449306 0 0.0208333 0
0 0.449306 0 0.0208333 0
0 0.449306 0 0.0208333 0
0 0.449306 0 0.0208333 0
0 0.449306 0 0.0208333 0
0 0.449306 0 0.0208333 0
0 0.449306 0 0.0208333 0
0 0.449306 0 0.0208333 0
0 0.449306 0 0.0208333 0
0 0.449306 0 0.0208333 0
0 0.449306 0 0.0208333 0
0 0.449306 0 0.0208333 0
0 0.449306 0 0.0208333 0
0 0.449306 0 0.0208333 0
0 0.449306 0 0.0208333 0
0 0.449306 0 0.0208333 0
0 0.449306 0 0.0208333 0
0 0.449306 0 0.0208333 0
0 0.449306 0 0.0208333 0
0 0.449306 0 0.0208333 0
0 0.449306 0 0.0208333 0
0 0.449306 0 0.0208333 0
0 0.449306 0 0.0208333 0
0 0.449306 0 0.0208333 0
0 0.449306 0 0.0208333 0
0 0.449306 0 0.0208333 0
0 0.449306 0 0.0208333 0
0 0.449306 0 0.0208333 0
0 0.449306 0 0.0208333 0
0 0.449306 0 0.0208333 0
0 0.449306 0 0.0208333 0
0 0.449306 0 0.0208333 0
0 0.449306 0 0.0208333 0
0 0.449306 0 0.0208333 0
0 0.449306 0 0.0208333 0
0 0.449306 0 0.0208333 0
0 0.449306 0 0.0208333 0
0 0.449306 0 0.0208333 0
0 0.449306 0 0.0208333 0
0 0.449306 0 0.0208333 0
0 0.449306 0 0.0208333 0
0 0.449306 0 0.0208333 0
0 0.449306 0 0.0208333 0
0 0.449306 0 0.0208333 0
0 0.449306 0 0.0208333 0
0 0.449306 0 0.0208333 0
0 0.449306 0 0.0208333 0
0 0.449306 0 0.0208333 0
0 0.449306 0 0.0208333 0
0 0.449306 0 0.0208333 0
0 0.449306 0 0.0208333 0
0 0.449306 0 0.0208333 0
0 0.449306 0 0.0208333 0
0 0.449306 0 0.0208333 0
0 0.449306 0 0.0208333 0
0 0.449306 0 0.0208333 0
0 0.449306 0 0.0208333 0
0 0.449306 0 0.0208333 0
0 0.449306 0 0.0208333 0
0 0.449306 0 0.0208333 0
0 0.449306 0 0.0208333 0
0 0.449306 0 0.0208333 0
0 0.449306 0 0.0208333 0
0 0.449306 0 0.0208333 0
0 0.449306 0 0.0208333 0
0 0.449306 0 0.0208333 0
0 0.449306 0 0.0208333 0
0 0.449306 0 0.0208333 0
0 0.449306 0 0.0208333 0
0 0.449306 0 0.0208333 0
0 0.449306 0 0.0208333 0
0 0.449306 0 0.0208333 0
0 0.449306 0 0.0208333 0
0 0.449306 0 0.0208333 0
0 0.449306 0 0.0208333 0
0 0.449306 0 0.0208333 0
0 0.449306 0 0.0208333 0
0 0.449306 0 0.0208333 0
0 0.449306 0 0.0208333 0
0 0.449306 0 0.0208333 0
0 0.449306 0 0.0208333 0
0 0.449306 0 0.0208333 0
0 0.449306 0 0.0208333 0
0 0.449306 0 0.0208333 0
0 0.449306 0 0.0208333 0
0 0.449306 0 0.0208333 0
0 0.449306 0 0.0208333 0
0 0.449306 0 0.0208333 0
0 0.449306 0 0.0208333 0
0 0.449306 0 0.0208333 0
0 0.449306 0 0.0208333 0
0 0.449306 0 0.0208333 0
0 0.449306 0 0.0208333 0
0 0.449306 0 0.0208333 0
0 0.449306 0 0.0208333 0
0 0.449306 0 0.0208333 0
0 0.449306 0 0.0208333 0
0 0.449306 0 0.0208333 0
0 0.449306 0 0.0208333 0
0 0.449306 0 0.0208333 0
0 0.449306 0 0.0208333 0
0 0.449306 0 0.0208333 0
0 0.449306 0 0.0208333 0
0 0.449306 0 0.0208333 0
0 0.449306 0 0.0208333 0
0 0.449306 0 0.0208333 0
0 0.449306 0 0.0208333 0
0 0.449306 0 0.0208333 0
0 0.449306 0 0.0208333 0
0 0.449306 0 0.0208333 0
0 0.449306 0 0.0208333 0
0 0.449306 0 0.0208333 0
0 0.449306 0 0.0208333 0
0 0.449306 0 0.0208333 0
0 0.449306 0 0.0208333 0
0 0.449306 0 0.0208333 0
0 0.449306 0 0.0208333 0
0 0.449306 0 0.0208333 0
0 0.449306 0 0.0208333 0
0 0.449306 0 0.0208333 0
0 0.449306 0 0.0208333 0
0 0.449306 0 0.0208333 0
0 0.449306 0 0.0208333 0
0 0.449306 0 0.0208333 0
0 0.449306 0 0.0208333 0
0 0.449306 0 0.0208333 0
0 0.449306 0 0.0208333 0
0 0.449306 0 0.0208333 0
0 0.449306 0 0.0208333 0
0 0.449306 0 0.0208333 0
0 0.449306 0 0.0208333 0
0 0.449306 0 0.0208333 0
0 0.449306 0 0.0208333 0
0 0.449306 0 0.0208333 0
0 0.449306 0 0.0208333 0
0 0.449306 0 0.0208333 0
0 0.449306 0 0.0208333 0
0 0.449306 0 0.0208333 0
0 0.449306 0 0.0208333 0
0 0.449306 0 0.0208333 0
0 0.449306 0 0.0208333 0
0 0.449306 0 0.0208333 0
0 0.449306 0 0.0208333 0
0 0.449306 0 0.0208333 0
0 0.449306 0 0.0208333 0
0 0.449306 0 0.0208333 0
0 0.449306 0 0.0208333 0
0 0.449306 0 0.0208333 0
0 0.449306 0 0.0208333 0
0 0.449306 0 0.0208333 0
0 0.449306 0 0.0208333 0
0 0.449306 0 0.0208333 0
0 0.449306 0 0.0208333 0
0 0.449306 0 0.0208333 0
0 0.449306 0 0.0208333 0
0 0.449306 0 0.0208333 0
0 0.449306 0 0.0208333 0
0 0.449306 0 0.0208333 0
0 0.449306 0 0.0208333 0
0 0.449306 0 0.0208333 0
0 0.449306 0 0.0208333 0
0 0.449306 0 0.0208333 0
0 0.449306 0 0.0208333 0
0 0.449306 0 0.0208333 0
0 0.449306 0 0.0208333 0
0 0.449306 0 0.0208333 0
0 0.449306 0 0.0208333 0
0 0.449306 0 0.0208333 0
0 0.449306 0 0.0208333 0
0 0.449306 0 0.0208333 0
0 0.449306 0 0.0208333 0
0 0.449306 0 0.0208333 0
0 0.449306 0 0.0208333 0
0 0.449306 0 0.0208333 0
0 0.449306 0 0.0208333 0
0 0.449306 0 0.0208333 0
0 0.449306 0 0.0208333 0
0 0.449306 0 0.0208333 0
0 0.449306 0 0.0208333 0
0 0.449306 0 0.0208333 0
0 0.449306 0 0.0208333 0
0 0.449306 0 0.0208333 0
0 0.449306 0 0.0208333 0
0 0.449306 0 0.0208333 0
0 0.449306 0 0.0208333 0
0 0.449306 0 0.0208333 0
0 0.449306 0 0.0208333 0
0 0.449306 0 0.0208333 0
0 0.449306 0 0.0208333 0
0 0.449306 0 0.0208333 0
0 0.449306 0 0.0208333 0
0 0.449306 0 0.0208333 0
0 0.449306 0 0.0208333 0
0 0.449306 0 0.0208333 0
0 0.449306 0 0.0208333 0
0 0.449306 0 0.0208333 0
0 0.449306 0 0.0208333 0
0 0.449306 0 0.0208333 0
0 0.449306 0 0.0208333 0
0 0.449306 0 0.0208333 0
0 0.449306 0 0.0208333 0
0 0.449306 0 0.0208333 0
0 0.449306 0 0.0208333 0
0 0.449306 0 0.0208333 0
0 0.449306 0 0.0208333 0
