0 0.438889 1 0.0277778 0
0 0.438889 1 0.0277778 0
0 0.438889 1 0.0277778 0
0 0.438889 1 0.0277778 0
0 0.438889 1 0.0277778 0
0 0.438889 1 0.0277778 0
0 0.438889 1 0.0277778 0
0 0.438889 1 0.0277778 0
0 0.438889 1 0.0277778 0
0 0.438889 1 0.0277778 0
0 0.438889 1 0.0277778 0
0 0.438889 1 0.0277778 0
0 0.438889 1 0.0277778 0
0 0.438889 1 0.0277778 0
0 0.438889 1 0.0277778 0
0 0.438889 1 0.0277778 0
0 0.438889 1 0.0277778 0
0 0.438889 1 0.0277778 0
0 0.438889 1 0.0277778 0
0 0.438889 1 0.0277778 0
0 0.438889 1 0.0277778 0
0 0.438889 1 0.0277778 0
0 0.438889 1 0.0277778 0
0 0.438889 1 0.0277778 0
0 0.438889 1 0.0277778 0
0 0.438889 1 0.0277778 0
0 0.438889 1 0.0277778 0
0 0.438889 1 0.0277778 0
0 0.438889 1 0.0277778 0
0 0.438889 1 0.0277778 0
0 0.438889 1 0.0277778 0
0 0.438889 1 0.0277778 0
0 0.438889 1 0.0277778 0
0 0.438889 1 0.0277778 0
0 0.438889 1 0.0277778 0
0 0.438889 1 0.0277778 0
0 0.438889 1 0.0277778 0
0 0.438889 1 0.0277778 0
0 0.438889 1 0.0277778 0
0 0.438889 1 0.0277778 0
0 0.438889 1 0.0277778 0
0 0.438889 1 0.0277778 0
0 0.438889 1 0.0277778 0
0 0.438889 1 0.0277778 0
0 0.438889 1 0.0277778 0
0 0.565972 0 0.00972222 0
0 0.438889 1 0.0277778 0
0 0.438889 1 0.0277778 0
0 0.438889 1 0.0277778 0
0 0.565972 0 0.00972222 0
0 0.438889 1 0.0277778 0
0 0.438889 1 0.0277778 0
0 0.565972 0 0.00972222 0
0 0.438889 1 0.0277778 0
0 0.565972 0 0.00972222 0
0 0.438889 1 0.0277778 0
0 0.565972 0 0.00972222 0
0 0.438889 1 0.0277778 0
0 0.438889 1 0.0277778 0
0 0.438889 1 0.0277778 0
0 0.438889 1 0.0277778 0
0 0.438889 1 0.0277778 0
0 0.438889 1 0.0277778 0
0 0.438889 1 0.0277778 0
0 0.438889 1 0.0277778 0
0 0.438889 1 0.0277778 0
0 0.438889 1 0.0277778 0
0 0.438889 1 0.0277778 0
0 0.438889 1 0.0277778 0
0 0.438889 1 0.0277778 0
0 0.438889 1 0.0277778 0
0 0.438889 1 0.0277778 0
0 0.438889 1 0.0277778 0
0 0.438889 1 0.0277778 0
0 0.438889 1 0.0277778 0
0 0.438889 1 0.0277778 0
0 0.438889 1 0.0277778 0
0 0.438889 1 0.0277778 0
0 0.438889 1 0.0277778 0
0 0.438889 1 0.0277778 0
0 0.438889 1 0.0277778 0
0 0.438889 1 0.0277778 0
0 0.438889 1 0.0277778 0
0 0.438889 1 0.0277778 0
0 0.438889 1 0.0277778 0
0 0.438889 1 0.0277778 0
0 0.438889 1 0.0277778 0
0 0.438889 1 0.0277778 0
0 0.438889 1 0.0277778 0
0 0.438889 1 0.0277778 0
0 0.438889 1 0.0277778 0
0 0.438889 1 0.0277778 0
0 0.438889 1 0.0277778 0
0 0.438889 1 0.0277778 0
0 0.438889 1 0.0277778 0
0 0.438889 1 0.0277778 0
0 0.438889 1 0.0277778 0
0 0.438889 1 0.0277778 0
0 0.438889 1 0.0277778 0
0 0.438889 1 0.0277778 0
0 0.438889 1 0.0277778 0
0 0.438889 1 0.0277778 0
0 0.438889 1 0.0277778 0
0 0.565972 0 0.00972222 0
0 0.438889 1 0.0277778 0
0 0.565972 0 0.00972222 0
0 0.377083 0 0.0125 0
0 0.438889 1 0.0277778 0
0 0.439583 1 0.0291667 0
0 0.440278 0.5 0.0277778 1
0 0.566667 0 0.0111111 0
0 0.440972 0.5 0.0291667 1
0 0.440972 0.5 0.0291667 1
0 0.567361 0 0.00972222 0
0 0.441667 0.5 0.0277778 1
0 0.568056 0 0.0111111 0
0 0.442361 0.5 0.0291667 1
0 0.443056 0 0.0277778 0
0 0.44375 0 0.0263889 0
0 0.444444 0 0.0277778 0
0 0.504167 0 0.0333333 0
0 0.445139 0 0.0263889 0
0 0.446528 0 0.0291667 0
0 0.446528 0 0.0291667 0
0 0.447917 0 0.0291667 0
0 0.448611 0 0.0305556 0
0 0.447917 0 0.0319444 0
0 0.577778 0 0.0111111 0
0 0.448611 0 0.0305556 0
0 0.578472 0 0.0125 0
0 0.448611 0 0.0305556 0
0 0.448611 0 0.0333333 0
0 0.448611 0 0.0333333 0
0 0.375 0 0.0138889 0
0 0.581944 0 0.0138889 0
0 0.447917 0 0.0347222 0
0 0.583333 0 0.0138889 0
0 0.447917 0 0.0347222 0
0 0.449306 0 0.0347222 0
0 0.447917 0 0.0347222 0
0 0.585417 0 0.0152778 0
0 0.448611 0 0.0361111 0
0 0.696528 0 0.0125 0
0 0.447917 0 0.0375 0
0 0.448611 0 0.0388889 0
0 0.588194 0 0.0125 0
0 0.448611 0 0.0388889 0
0 0.370833 0 0.0138889 0
0 0.589583 0 0.0125 0
0 0.448611 0 0.0388889 0
0 0.370833 0 0.0138889 0
0 0.590972 0 0.0125 0
0 0.448611 0 0.0388889 0
0 0.370139 0 0.0152778 0
0 0.590972 0 0.0125 0
0 0.448611 0 0.0388889 0
0 0.447917 0 0.0375 0
0 0.447222 0 0.0416667 0
0 0.594444 0 0.0138889 0
0 0.447222 0 0.0416667 0
0 0.594444 0 0.0138889 0
0 0.445833 0 0.0416667 0
0 0.7125 0 0.0138889 0
0 0.595833 0 0.0138889 0
0 0.445833 0 0.0444444 0
0 0.713889 0 0.0138889 0
0 0.595833 0 0.0166667 0
0 0.444444 0 0.0444444 0
0 0.597222 0 0.0138889 0
0 0.44375 0 0.0458333 0
0 0.361806 0 0.0152778 0
0 0.598611 0 0.0138889 0
0 0.443056 0 0.0472222 0
0 0.601389 0 0.0138889 0
0 0.440972 0 0.0513889 0
0 0.357639 0 0.0152778 0
0 0.729167 0 0.0166667 0
0 0.603472 0 0.0152778 0
0 0.4375 0 0.0555556 0
0 0.605556 0 0.0166667 0
0 0.731944 0 0.0138889 0
0 0.436111 0 0.0583333 0
0 0.352778 0 0.0166667 0
0 0.736111 0 0.0166667 0
0 0.60625 0 0.0152778 0
0 0.433333 0 0.0583333 0
0 0.738889 0 0.0166667 0
0 0.608333 0 0.0166667 0
0 0.352778 0 0.0166667 0
0 0.431944 0 0.0583333 0
0 0.745139 0 0.0152778 0
0 0.350694 0 0.0152778 0
0 0.611111 0 0.0138889 0
0 0.428472 0 0.0652778 0
0 0.747222 0 0.0166667 0
0 0.35 0 0.0166667 0
0 0.6125 0 0.0138889 0
0 0.427778 0 0.0638889 0
0 0.348611 0 0.0166667 0
0 0.748611 0 0.0138889 0
0 0.613194 0 0.0152778 0
0 0.427778 0 0.0666667 0
0 0.752083 0 0.0180556 0
0 0.615972 0 0.0152778 0
0 0.427083 0 0.0708333 0
0 0.618056 0 0.0166667 0
0 0.75625 0 0.0152778 0
0 0.427083 0 0.0763889 0
0 0.655556 0 0.0388889 0
0 0.346528 0 0.0180556 0
0 0.758333 0 0.0166667 0
0 0.61875 0 0.0152778 0
0 0.427083 0 0.0763889 0
0 0.345833 0 0.0166667 0
0 0.622222 0 0.0166667 0
0 0.763889 0 0.0166667 0
0 0.429167 0.5 0.0833333 1
0 0.765972 0 0.0180556 0
0 0.623611 0 0.0166667 0
0 0.430556 0.5 0.0888889 1
0 0.345139 0 0.0180556 0
0 0.625 0 0.0166667 0
0 0.769444 0 0.0166667 0
0 0.433333 0.5 0.0916667 1
0 0.345139 0 0.0180556 0
0 0.201389 0 0.0166667 0
0 0.770139 0 0.0180556 0
0 0.625694 0 0.0180556 0
0 0.434028 0.5 0.0930556 1
0 0.345139 0 0.0180556 0
0 0.200694 0 0.0180556 0
0 0.771528 0 0.0180556 0
0 0.627083 0 0.0180556 0
0 0.434722 0.5 0.0916667 1
0 0.345139 0 0.0180556 0
0 0.772917 0 0.0180556 0
0 0.629167 0 0.0194444 0
0 0.436806 0.5 0.0958333 1
0 0.345139 0 0.0180556 0
0 0.775 0 0.0166667 0
0 0.629861 0 0.0180556 0
0 0.436111 0.5 0.102778 1
0 0.345139 0 0.0180556 0
0 0.777778 0 0.0166667 0
0 0.63125 0 0.0180556 0
0 0.436806 0.5 0.0986111 1
0 0.345833 0 0.0194444 0
0 0.778472 0 0.0208333 0
0 0.63125 0 0.0180556 0
0 0.439583 0.5 0.0986111 1
0 0.345139 0 0.0180556 0
0 0.779167 0 0.0194444 0
0 0.632639 0 0.0180556 0
0 0.441667 0.5 0.1 1
0 0.346528 0 0.0180556 0
0 0.781944 0 0.0166667 0
0 0.634722 0 0.0194444 0
0 0.445833 0.5 0.105556 1
0 0.784028 0 0.0180556 0
0 0.346528 0 0.0180556 0
0 0.635417 0 0.0180556 0
0 0.447222 0.5 0.108333 1
0 0.346528 0 0.0180556 0
0 0.784722 0 0.0194444 0
0 0.636806 0 0.0180556 0
0 0.451389 0.5 0.111111 1
0 0.347222 0 0.0194444 0
0 0.7875 0 0.0166667 0
0 0.638194 0 0.0180556 0
0 0.488889 0.5 0.116667 1
0 0.789583 0 0.0180556 0
0 0.348611 0 0.0194444 0
0 0.639583 0 0.0180556 0
0 0.490278 0.5 0.111111 1
0 0.348611 0 0.0194444 0
0 0.789583 0 0.0180556 0
0 0.486806 0.5 0.109722 1
0 0.640278 0 0.0194444 0
0 0.348611 0 0.0194444 0
0 0.790278 0 0.0194444 0
0 0.486111 0.5 0.111111 1
0 0.640278 0 0.0194444 0
0 0.789583 0 0.0180556 0
0 0.507639 0 0.0430556 0
0 0.640972 0 0.0180556 0
0 0.479167 0.5 0.111111 1
0 0.788889 0 0.0166667 0
0 0.640972 0 0.0180556 0
0 0.351389 0 0.0166667 0
0 0.478472 0.5 0.1125 1
0 0.549306 0 0.0375 0
0 0.352083 0 0.0180556 0
0 0.788889 0 0.0166667 0
0 0.640972 0 0.0180556 0
0 0.485417 0.5 0.109722 1
0 0.20625 0 0.0180556 0
0 0.354167 0 0.0194444 0
0 0.788194 0 0.0180556 0
0 0.640972 0 0.0180556 0
0 0.499306 0.5 0.104167 1
0 0.354167 0 0.0194444 0
0 0.7875 0 0.0166667 0
0 0.640972 0 0.0180556 0
0 0.500694 0.5 0.104167 1
0 0.354167 0 0.0166667 0
0 0.7875 0 0.0166667 0
0 0.640972 0 0.0180556 0
0 0.496528 0.5 0.101389 1
0 0.354861 0 0.0180556 0
0 0.680556 0 0.0444444 0
0 0.640972 0 0.0180556 0
0 0.7875 0 0.0166667 0
0 0.495833 0.5 0.1 1
0 0.679861 0 0.0430556 0
0 0.7875 0 0.0166667 0
0 0.640972 0 0.0180556 0
0 0.495139 0.5 0.0986111 1
0 0.680556 0 0.0416667 0
0 0.354167 0 0.0194444 0
0 0.640972 0 0.0180556 0
0 0.7875 0 0.0166667 0
0 0.493056 0.5 0.1 1
0 0.354861 0 0.0180556 0
0 0.640972 0 0.0180556 0
0 0.7875 0 0.0166667 0
0 0.493056 0.5 0.1 1
0 0.355556 0 0.0194444 0
0 0.788194 0 0.0180556 0
0 0.640972 0 0.0180556 0
0 0.490972 0.5 0.104167 1
0 0.788194 0 0.0180556 0
0 0.640972 0 0.0180556 0
0 0.491667 0.5 0.102778 1
0 0.641667 0 0.0194444 0
0 0.486111 0.5 0.102778 1
0 0.354167 0 0.0194444 0
0 0.789583 0 0.0180556 0
0 0.640972 0 0.0180556 0
0 0.485417 0.5 0.101389 1
0 0.353472 0 0.0180556 0
0 0.640972 0 0.0208333 0
0 0.789583 0 0.0180556 0
0 0.480556 0.5 0.111111 1
0 0.353472 0 0.0180556 0
0 0.789583 0 0.0180556 0
0 0.641667 0 0.0194444 0
0 0.479861 0.5 0.106944 1
0 0.790278 0 0.0194444 0
0 0.353472 0 0.0180556 0
0 0.641667 0 0.0194444 0
0 0.482639 0.5 0.106944 1
0 0.790972 0 0.0180556 0
0 0.352778 0 0.0194444 0
0 0.641667 0 0.0194444 0
0 0.484028 0.5 0.106944 1
0 0.789583 0 0.0180556 0
0 0.352778 0 0.0194444 0
0 0.641667 0 0.0194444 0
0 0.486806 0.5 0.109722 1
0 0.789583 0 0.0180556 0
0 0.353472 0 0.0180556 0
0 0.641667 0 0.0194444 0
0 0.485417 0.5 0.1125 1
0 0.790278 0 0.0166667 0
0 0.352083 0 0.0180556 0
0 0.641667 0 0.0194444 0
0 0.486111 0.5 0.108333 1
0 0.790278 0 0.0166667 0
0 0.352778 0 0.0166667 0
0 0.641667 0 0.0194444 0
0 0.485417 0.5 0.106944 1
0 0.788889 0 0.0166667 0
0 0.352083 0 0.0180556 0
0 0.641667 0 0.0194444 0
0 0.486806 0.5 0.106944 1
0 0.788889 0 0.0166667 0
0 0.352083 0 0.0180556 0
0 0.640972 0 0.0180556 0
0 0.492361 0.5 0.104167 1
0 0.788889 0 0.0166667 0
0 0.352083 0 0.0180556 0
0 0.640972 0 0.0180556 0
0 0.492361 0.5 0.106944 1
0 0.788889 0 0.0166667 0
0 0.352083 0 0.0180556 0
0 0.640972 0 0.0180556 0
0 0.490278 0.5 0.108333 1
0 0.788889 0 0.0166667 0
0 0.352083 0 0.0180556 0
0 0.492361 0.5 0.106944 1
0 0.640278 0 0.0194444 0
0 0.788889 0 0.0166667 0
0 0.352083 0 0.0180556 0
0 0.640278 0 0.0194444 0
0 0.4875 0.5 0.108333 1
0 0.352083 0 0.0180556 0
0 0.640278 0 0.0194444 0
0 0.484722 0.5 0.105556 1
0 0.788889 0 0.0166667 0
0 0.352083 0 0.0180556 0
0 0.640972 0 0.0208333 0
0 0.482639 0.5 0.106944 1
0 0.352083 0 0.0180556 0
0 0.788889 0 0.0166667 0
0 0.639583 0 0.0180556 0
0 0.484028 0.5 0.101389 1
0 0.351389 0 0.0166667 0
0 0.788194 0 0.0180556 0
0 0.639583 0 0.0180556 0
0 0.482639 0.5 0.106944 1
0 0.351389 0 0.0166667 0
0 0.788889 0 0.0166667 0
0 0.640278 0 0.0166667 0
0 0.475 0.5 0.105556 1
0 0.35 0 0.0166667 0
0 0.788889 0 0.0166667 0
0 0.640278 0 0.0194444 0
0 0.474306 0.5 0.106944 1
0 0.349306 0 0.0180556 0
0 0.640972 0 0.0180556 0
0 0.789583 0 0.0180556 0
0 0.475694 0.5 0.109722 1
0 0.349306 0 0.0180556 0
0 0.640278 0 0.0194444 0
0 0.789583 0 0.0180556 0
0 0.480556 0.5 0.113889 1
0 0.349306 0 0.0180556 0
0 0.790278 0 0.0166667 0
0 0.640972 0 0.0180556 0
0 0.493056 0.5 0.108333 1
0 0.640972 0 0.0180556 0
0 0.790278 0 0.0166667 0
0 0.486806 0.5 0.109722 1
0 0.349306 0 0.0180556 0
0 0.790278 0 0.0194444 0
0 0.640972 0 0.0180556 0
0 0.481944 0.5 0.113889 1
0 0.200694 0 0.0180556 0
0 0.35 0 0.0166667 0
0 0.791667 0 0.0194444 0
0 0.641667 0 0.0194444 0
0 0.479167 0.5 0.113889 1
0 0.200694 0 0.0180556 0
0 0.349306 0 0.0180556 0
0 0.790972 0 0.0180556 0
0 0.641667 0 0.0194444 0
0 0.481944 0.5 0.111111 1
0 0.790972 0 0.0180556 0
0 0.350694 0 0.0180556 0
0 0.641667 0 0.0194444 0
0 0.488194 0.5 0.115278 1
0 0.790972 0 0.0180556 0
0 0.350694 0 0.0180556 0
0 0.641667 0 0.0194444 0
0 0.489583 0.5 0.118056 1
0 0.790972 0 0.0180556 0
0 0.352083 0 0.0180556 0
0 0.641667 0 0.0194444 0
0 0.488889 0.5 0.116667 1
0 0.351389 0 0.0166667 0
0 0.641667 0 0.0194444 0
0 0.488889 0.5 0.116667 1
0 0.790972 0 0.0180556 0
0 0.351389 0 0.0166667 0
0 0.641667 0 0.0194444 0
0 0.486806 0.5 0.115278 1
0 0.790972 0 0.0180556 0
0 0.351389 0 0.0166667 0
0 0.642361 0 0.0180556 0
0 0.483333 0.5 0.116667 1
0 0.790972 0 0.0180556 0
0 0.351389 0 0.0166667 0
0 0.642361 0 0.0180556 0
0 0.483333 0.5 0.116667 1
0 0.791667 0 0.0194444 0
0 0.351389 0 0.0166667 0
0 0.642361 0 0.0180556 0
0 0.484028 0.5 0.115278 1
0 0.792361 0 0.0208333 0
0 0.351389 0 0.0166667 0
0 0.643056 0 0.0194444 0
0 0.4875 0.5 0.113889 1
0 0.792361 0 0.0208333 0
0 0.351389 0 0.0166667 0
0 0.643056 0 0.0194444 0
0 0.4875 0.5 0.113889 1
0 0.793056 0 0.0166667 0
0 0.351389 0 0.0166667 0
0 0.64375 0 0.0180556 0
0 0.4875 0.5 0.113889 1
0 0.793056 0 0.0166667 0
0 0.351389 0 0.0166667 0
0 0.64375 0 0.0180556 0
0 0.491667 0.5 0.108333 1
0 0.793056 0 0.0166667 0
0 0.351389 0 0.0166667 0
0 0.64375 0 0.0180556 0
0 0.488194 0.5 0.115278 1
0 0.794444 0 0.0166667 0
0 0.352083 0 0.0180556 0
0 0.644444 0 0.0166667 0
0 0.486111 0.5 0.113889 1
0 0.79375 0 0.0180556 0
0 0.351389 0 0.0166667 0
0 0.645139 0 0.0180556 0
0 0.4875 0.5 0.116667 1
0 0.79375 0 0.0180556 0
0 0.351389 0 0.0166667 0
0 0.644444 0 0.0194444 0
0 0.4875 0.5 0.113889 1
0 0.795139 0 0.0180556 0
0 0.352083 0 0.0180556 0
0 0.644444 0 0.0194444 0
0 0.486111 0.5 0.113889 1
0 0.794444 0 0.0194444 0
0 0.352083 0 0.0180556 0
0 0.644444 0 0.0194444 0
0 0.486111 0.5 0.113889 1
0 0.79375 0 0.0180556 0
0 0.352083 0 0.0180556 0
0 0.644444 0 0.0194444 0
0 0.486806 0.5 0.115278 1
0 0.352083 0 0.0180556 0
0 0.645139 0 0.0208333 0
0 0.491667 0.5 0.111111 1
0 0.794444 0 0.0194444 0
0 0.352083 0 0.0180556 0
0 0.644444 0 0.0194444 0
0 0.492361 0.5 0.109722 1
0 0.794444 0 0.0194444 0
0 0.644444 0 0.0222222 0
0 0.352083 0 0.0180556 0
0 0.488889 0.5 0.116667 1
0 0.794444 0 0.0194444 0
0 0.352083 0 0.0180556 0
0 0.644444 0 0.0222222 0
0 0.488194 0.5 0.115278 1
0 0.794444 0 0.0194444 0
0 0.352083 0 0.0180556 0
0 0.644444 0 0.0222222 0
0 0.486806 0.5 0.115278 1
0 0.794444 0 0.0194444 0
0 0.352083 0 0.0180556 0
0 0.644444 0 0.0194444 0
0 0.4875 0.5 0.116667 1
0 0.794444 0 0.0194444 0
0 0.352083 0 0.0180556 0
0 0.645139 0 0.0208333 0
0 0.488889 0.5 0.116667 1
0 0.794444 0 0.0194444 0
0 0.644444 0 0.0222222 0
0 0.352083 0 0.0180556 0
0 0.491667 0.5 0.111111 1
0 0.794444 0 0.0194444 0
0 0.352083 0 0.0180556 0
0 0.645139 0 0.0208333 0
0 0.488889 0.5 0.116667 1
0 0.794444 0 0.0194444 0
0 0.645833 0 0.0222222 0
0 0.352083 0 0.0180556 0
0 0.4875 0.5 0.116667 1
0 0.794444 0 0.0194444 0
0 0.645139 0 0.0208333 0
0 0.352083 0 0.0180556 0
0 0.486806 0.5 0.115278 1
0 0.795139 0 0.0180556 0
0 0.352083 0 0.0180556 0
0 0.645833 0 0.0194444 0
0 0.486806 0.5 0.115278 1
0 0.795139 0 0.0180556 0
0 0.352083 0 0.0180556 0
0 0.645833 0 0.0194444 0
0 0.486806 0.5 0.115278 1
0 0.795139 0 0.0180556 0
0 0.352083 0 0.0180556 0
0 0.645833 0 0.0194444 0
0 0.486806 0.5 0.115278 1
0 0.795139 0 0.0180556 0
0 0.352083 0 0.0180556 0
0 0.645833 0 0.0194444 0
0 0.486806 0.5 0.115278 1
0 0.795139 0 0.0180556 0
0 0.352083 0 0.0180556 0
0 0.645833 0 0.0194444 0
0 0.486806 0.5 0.115278 1
0 0.795139 0 0.0180556 0
0 0.352083 0 0.0180556 0
0 0.645833 0 0.0194444 0
0 0.486806 0.5 0.115278 1
0 0.795139 0 0.0180556 0
0 0.352083 0 0.0180556 0
0 0.645833 0 0.0194444 0
0 0.486806 0.5 0.115278 1
0 0.795139 0 0.0180556 0
0 0.352083 0 0.0180556 0
0 0.645833 0 0.0194444 0
0 0.486806 0.5 0.115278 1
0 0.795139 0 0.0180556 0
0 0.352083 0 0.0180556 0
0 0.645833 0 0.0194444 0
0 0.486806 0.5 0.115278 1
0 0.795139 0 0.0180556 0
0 0.352083 0 0.0180556 0
0 0.645833 0 0.0194444 0
0 0.486806 0.5 0.115278 1
0 0.795139 0 0.0180556 0
0 0.352083 0 0.0180556 0
0 0.645833 0 0.0194444 0
0 0.486806 0.5 0.115278 1
0 0.795139 0 0.0180556 0
0 0.352083 0 0.0180556 0
0 0.645833 0 0.0194444 0
0 0.486806 0.5 0.115278 1
0 0.795139 0 0.0180556 0
0 0.352083 0 0.0180556 0
0 0.645833 0 0.0194444 0
0 0.486806 0.5 0.115278 1
0 0.795139 0 0.0180556 0
0 0.352083 0 0.0180556 0
0 0.645833 0 0.0194444 0
0 0.486806 0.5 0.115278 1
0 0.795139 0 0.0180556 0
0 0.352083 0 0.0180556 0
0 0.645833 0 0.0194444 0
0 0.486806 0.5 0.115278 1
0 0.795139 0 0.0180556 0
0 0.352083 0 0.0180556 0
0 0.645833 0 0.0194444 0
0 0.486806 0.5 0.115278 1
0 0.795139 0 0.0180556 0
0 0.352083 0 0.0180556 0
0 0.645833 0 0.0194444 0
0 0.486806 0.5 0.115278 1
0 0.795139 0 0.0180556 0
0 0.352083 0 0.0180556 0
0 0.645833 0 0.0194444 0
0 0.486806 0.5 0.115278 1
0 0.795139 0 0.0180556 0
0 0.352083 0 0.0180556 0
0 0.645833 0 0.0194444 0
0 0.486806 0.5 0.115278 1
0 0.795139 0 0.0180556 0
0 0.352083 0 0.0180556 0
0 0.645833 0 0.0194444 0
0 0.486806 0.5 0.115278 1
0 0.795139 0 0.0180556 0
0 0.352083 0 0.0180556 0
0 0.645833 0 0.0194444 0
0 0.486806 0.5 0.115278 1
0 0.795139 0 0.0180556 0
0 0.352083 0 0.0180556 0
0 0.645833 0 0.0194444 0
0 0.486806 0.5 0.115278 1
0 0.795139 0 0.0180556 0
0 0.352083 0 0.0180556 0
0 0.645833 0 0.0194444 0
0 0.486806 0.5 0.115278 1
0 0.795139 0 0.0180556 0
0 0.352083 0 0.0180556 0
0 0.645833 0 0.0194444 0
0 0.486806 0.5 0.115278 1
0 0.795139 0 0.0180556 0
0 0.352083 0 0.0180556 0
0 0.645833 0 0.0194444 0
0 0.486806 0.5 0.115278 1
0 0.795139 0 0.0180556 0
0 0.352083 0 0.0180556 0
0 0.645833 0 0.0194444 0
0 0.486806 0.5 0.115278 1
0 0.795139 0 0.0180556 0
0 0.352083 0 0.0180556 0
0 0.645833 0 0.0194444 0
0 0.486806 0.5 0.115278 1
0 0.795139 0 0.0180556 0
0 0.352083 0 0.0180556 0
0 0.645833 0 0.0194444 0
0 0.486806 0.5 0.115278 1
0 0.795139 0 0.0180556 0
0 0.352083 0 0.0180556 0
0 0.645833 0 0.0194444 0
0 0.486806 0.5 0.115278 1
0 0.795139 0 0.0180556 0
0 0.352083 0 0.0180556 0
0 0.645833 0 0.0194444 0
0 0.486806 0.5 0.115278 1
0 0.795139 0 0.0180556 0
0 0.352083 0 0.0180556 0
0 0.645833 0 0.0194444 0
0 0.486806 0.5 0.115278 1
0 0.795139 0 0.0180556 0
0 0.352083 0 0.0180556 0
0 0.645833 0 0.0194444 0
0 0.486806 0.5 0.115278 1
0 0.795139 0 0.0180556 0
0 0.352083 0 0.0180556 0
0 0.645833 0 0.0194444 0
0 0.486806 0.5 0.115278 1
0 0.795139 0 0.0180556 0
0 0.352083 0 0.0180556 0
0 0.645833 0 0.0194444 0
0 0.486806 0.5 0.115278 1
0 0.795139 0 0.0180556 0
0 0.352083 0 0.0180556 0
0 0.645833 0 0.0194444 0
0 0.486806 0.5 0.115278 1
0 0.795139 0 0.0180556 0
0 0.352083 0 0.0180556 0
0 0.645833 0 0.0194444 0
0 0.486806 0.5 0.115278 1
0 0.795139 0 0.0180556 0
0 0.352083 0 0.0180556 0
0 0.645833 0 0.0194444 0
0 0.486806 0.5 0.115278 1
0 0.795139 0 0.0180556 0
0 0.352083 0 0.0180556 0
0 0.645833 0 0.0194444 0
0 0.486806 0.5 0.115278 1
0 0.795139 0 0.0180556 0
0 0.352083 0 0.0180556 0
0 0.645833 0 0.0194444 0
0 0.486806 0.5 0.115278 1
0 0.795139 0 0.0180556 0
0 0.352083 0 0.0180556 0
0 0.645833 0 0.0194444 0
0 0.486806 0.5 0.115278 1
0 0.795139 0 0.0180556 0
0 0.352083 0 0.0180556 0
0 0.645833 0 0.0194444 0
0 0.486806 0.5 0.115278 1
0 0.795139 0 0.0180556 0
0 0.352083 0 0.0180556 0
0 0.645833 0 0.0194444 0
0 0.486806 0.5 0.115278 1
0 0.795139 0 0.0180556 0
0 0.352083 0 0.0180556 0
0 0.645833 0 0.0194444 0
0 0.486806 0.5 0.115278 1
0 0.795139 0 0.0180556 0
0 0.352083 0 0.0180556 0
0 0.645833 0 0.0194444 0
0 0.486806 0.5 0.115278 1
0 0.795139 0 0.0180556 0
0 0.352083 0 0.0180556 0
0 0.645833 0 0.0194444 0
0 0.486806 0.5 0.115278 1
0 0.795139 0 0.0180556 0
0 0.352083 0 0.0180556 0
0 0.645833 0 0.0194444 0
0 0.486806 0.5 0.115278 1
0 0.795139 0 0.0180556 0
0 0.352083 0 0.0180556 0
0 0.645833 0 0.0194444 0
0 0.486806 0.5 0.115278 1
0 0.795139 0 0.0180556 0
0 0.352083 0 0.0180556 0
0 0.645833 0 0.0194444 0
0 0.486806 0.5 0.115278 1
0 0.795139 0 0.0180556 0
0 0.352083 0 0.0180556 0
0 0.645833 0 0.0194444 0
0 0.486806 0.5 0.115278 1
0 0.795139 0 0.0180556 0
0 0.352083 0 0.0180556 0
0 0.645833 0 0.0194444 0
0 0.486806 0.5 0.115278 1
0 0.795139 0 0.0180556 0
0 0.352083 0 0.0180556 0
0 0.645833 0 0.0194444 0
0 0.486806 0.5 0.115278 1
0 0.795139 0 0.0180556 0
0 0.352083 0 0.0180556 0
0 0.645833 0 0.0194444 0
0 0.486806 0.5 0.115278 1
0 0.795139 0 0.0180556 0
0 0.352083 0 0.0180556 0
0 0.645833 0 0.0194444 0
0 0.486806 0.5 0.115278 1
0 0.795139 0 0.0180556 0
0 0.352083 0 0.0180556 0
0 0.645833 0 0.0194444 0
0 0.486806 0.5 0.115278 1
0 0.795139 0 0.0180556 0
0 0.352083 0 0.0180556 0
0 0.645833 0 0.0194444 0
0 0.486806 0.5 0.115278 1
0 0.794444 0 0.0194444 0
0 0.645833 0 0.0194444 0
0 0.352083 0 0.0180556 0
0 0.486806 0.5 0.115278 1
0 0.196528 0 0.0180556 0
0 0.550694 0 0.0402778 0
0 0.347917 0 0.0208333 0
0 0.797917 0 0.0180556 0
0 0.645833 0 0.0194444 0
0 0.486806 0.5 0.118056 1
0 0.196528 0 0.0180556 0
0 0.551389 0 0.0416667 0
0 0.797917 0 0.0180556 0
0 0.347917 0 0.0208333 0
0 0.4875 0.5 0.116667 1
0 0.645833 0 0.0194444 0
0 0.550694 0 0.0402778 0
0 0.195833 0 0.0194444 0
0 0.797917 0 0.0180556 0
0 0.347222 0 0.0194444 0
0 0.4875 0.5 0.116667 1
0 0.645833 0 0.0194444 0
0 0.550694 0 0.0402778 0
0 0.195833 0 0.0194444 0
0 0.797917 0 0.0180556 0
0 0.347222 0 0.0194444 0
0 0.486806 0.5 0.115278 1
0 0.645833 0 0.0194444 0
0 0.194444 0 0.0166667 0
0 0.798611 0 0.0194444 0
0 0.347222 0 0.0194444 0
0 0.483333 0.5 0.116667 1
0 0.645833 0 0.0194444 0
0 0.194444 0 0.0166667 0
0 0.798611 0 0.0194444 0
0 0.347222 0 0.0194444 0
0 0.482639 0.5 0.118056 1
0 0.645833 0 0.0194444 0
0 0.798611 0 0.0194444 0
0 0.347222 0 0.0194444 0
0 0.488194 0.5 0.118056 1
0 0.645833 0 0.0194444 0
0 0.798611 0 0.0194444 0
0 0.550694 0 0.0402778 0
0 0.347222 0 0.0194444 0
0 0.645833 0 0.0194444 0
0 0.4875 0.5 0.116667 1
0 0.550694 0 0.0402778 0
0 0.798611 0 0.0194444 0
0 0.347222 0 0.0194444 0
0 0.645833 0 0.0194444 0
0 0.4875 0.5 0.119444 1
0 0.550694 0 0.0402778 0
0 0.798611 0 0.0194444 0
0 0.346528 0 0.0180556 0
0 0.486111 0.5 0.116667 1
0 0.645833 0 0.0194444 0
0 0.55 0 0.0416667 0
0 0.798611 0 0.0194444 0
0 0.346528 0 0.0180556 0
0 0.645833 0 0.0194444 0
0 0.482639 0.5 0.1125 1
0 0.55 0 0.0388889 0
0 0.798611 0 0.0194444 0
0 0.346528 0 0.0180556 0
0 0.645833 0 0.0194444 0
0 0.48125 0.5 0.1125 1
0 0.55 0 0.0361111 0
0 0.798611 0 0.0194444 0
0 0.490278 0.5 0.119444 1
0 0.346528 0 0.0180556 0
0 0.645833 0 0.0166667 0
0 0.549306 0 0.0347222 0
0 0.798611 0 0.0194444 0
0 0.345833 0 0.0166667 0
0 0.497222 0.5 0.113889 1
0 0.645833 0 0.0166667 0
0 0.799306 0 0.0180556 0
0 0.345833 0 0.0166667 0
0 0.5 0.5 0.116667 1
0 0.645833 0 0.0166667 0
0 0.799306 0 0.0180556 0
0 0.511806 0.5 0.120833 1
0 0.345833 0 0.0166667 0
0 0.645833 0 0.0166667 0
0 0.456944 0 0.0388889 0
0 0.799306 0 0.0180556 0
0 0.345833 0 0.0166667 0
0 0.645833 0 0.0194444 0
0 0.519444 0.5 0.111111 1
0 0.457639 0 0.0375 0
0 0.799306 0 0.0180556 0
0 0.345833 0 0.0166667 0
0 0.524306 0.5 0.115278 1
0 0.646528 0 0.0180556 0
0 0.45625 0 0.0375 0
0 0.8 0 0.0194444 0
0 0.538194 0.5 0.115278 1
0 0.346528 0 0.0180556 0
0 0.646528 0 0.0180556 0
0 0.8 0 0.0194444 0
0 0.346528 0 0.0180556 0
0 0.646528 0 0.0180556 0
0 0.545139 0.5 0.106944 1
0 0.8 0 0.0194444 0
0 0.346528 0 0.0180556 0
0 0.646528 0 0.0180556 0
0 0.545139 0.5 0.109722 1
0 0.45625 0 0.0375 0
0 0.801389 0 0.0194444 0
0 0.346528 0 0.0180556 0
0 0.646528 0 0.0180556 0
0 0.541667 0.5 0.111111 1
0 0.274306 0 0.00694444 0
0 0.191667 0 0.0194444 0
0 0.346528 0 0.0180556 0
0 0.801389 0 0.0194444 0
0 0.647222 0 0.0194444 0
0 0.5375 0.5 0.116667 1
0 0.345833 0 0.0194444 0
0 0.801389 0 0.0194444 0
0 0.526389 0.5 0.116667 1
0 0.647222 0 0.0194444 0
0 0.801389 0 0.0194444 0
0 0.345833 0 0.0194444 0
0 0.522222 0.5 0.113889 1
0 0.647222 0 0.0194444 0
0 0.346528 0 0.0180556 0
0 0.801389 0 0.0194444 0
0 0.51875 0.5 0.1125 1
0 0.647222 0 0.0194444 0
0 0.346528 0 0.0180556 0
0 0.801389 0 0.0194444 0
0 0.511111 0.5 0.122222 1
0 0.647917 0 0.0208333 0
0 0.801389 0 0.0194444 0
0 0.345833 0 0.0194444 0
0 0.50625 0.5 0.120833 1
0 0.647222 0 0.0194444 0
0 0.801389 0 0.0166667 0
0 0.345833 0 0.0194444 0
0 0.499306 0.5 0.118056 1
0 0.647222 0 0.0194444 0
0 0.801389 0 0.0166667 0
0 0.345833 0 0.0194444 0
0 0.496528 0.5 0.115278 1
0 0.647222 0 0.0194444 0
0 0.801389 0 0.0166667 0
0 0.345833 0 0.0194444 0
0 0.499306 0.5 0.115278 1
0 0.647222 0 0.0194444 0
0 0.801389 0 0.0166667 0
0 0.345833 0 0.0194444 0
0 0.498611 0.5 0.116667 1
0 0.647222 0 0.0194444 0
0 0.345833 0 0.0194444 0
0 0.800694 0 0.0180556 0
0 0.500694 0.5 0.115278 1
0 0.647222 0 0.0194444 0
0 0.345139 0 0.0180556 0
0 0.800694 0 0.0180556 0
0 0.508333 0.5 0.119444 1
0 0.647222 0 0.0194444 0
0 0.456944 0 0.0361111 0
0 0.345139 0 0.0180556 0
0 0.800694 0 0.0180556 0
0 0.511111 0.5 0.119444 1
0 0.646528 0 0.0208333 0
0 0.190278 0 0.0194444 0
0 0.34375 0 0.0180556 0
0 0.800694 0 0.0180556 0
0 0.5125 0.5 0.119444 1
0 0.645833 0 0.0194444 0
0 0.188889 0 0.0166667 0
0 0.34375 0 0.0180556 0
0 0.800694 0 0.0180556 0
0 0.518056 0.5 0.111111 1
0 0.645833 0 0.0194444 0
0 0.798611 0 0.0194444 0
0 0.188194 0 0.0180556 0
0 0.344444 0 0.0194444 0
0 0.520139 0.5 0.1125 1
0 0.645833 0 0.0194444 0
0 0.188194 0 0.0180556 0
0 0.343056 0 0.0194444 0
0 0.798611 0 0.0194444 0
0 0.518056 0.5 0.111111 1
0 0.645139 0 0.0208333 0
0 0.1875 0 0.0194444 0
0 0.341667 0 0.0194444 0
0 0.798611 0 0.0194444 0
0 0.513889 0.5 0.119444 1
0 0.644444 0 0.0194444 0
0 0.797917 0 0.0208333 0
0 0.340972 0 0.0180556 0
0 0.643056 0 0.0194444 0
0 0.5 0.5 0.116667 1
0 0.184722 0 0.0194444 0
0 0.797222 0 0.0194444 0
0 0.486111 0.5 0.122222 1
0 0.642361 0 0.0208333 0
0 0.339583 0 0.0180556 0
0 0.184028 0 0.0180556 0
0 0.796528 0 0.0208333 0
0 0.484028 0.5 0.126389 1
0 0.338889 0 0.0194444 0
0 0.641667 0 0.0194444 0
0 0.544444 0 0.0416667 0
0 0.796528 0 0.0208333 0
0 0.467361 0.5 0.126389 1
0 0.338194 0 0.0180556 0
0 0.640972 0 0.0208333 0
0 0.181944 0 0.0194444 0
0 0.336806 0 0.0180556 0
0 0.795833 0 0.0194444 0
0 0.461111 0.5 0.125 1
0 0.640278 0 0.0194444 0
0 0.336806 0 0.0180556 0
0 0.795833 0 0.0194444 0
0 0.455556 0.5 0.125 1
0 0.639583 0 0.0208333 0
0 0.180556 0 0.0194444 0
0 0.335417 0 0.0180556 0
0 0.794444 0 0.0194444 0
0 0.452778 0.5 0.122222 1
0 0.638889 0 0.0194444 0
0 0.794444 0 0.0194444 0
0 0.334722 0 0.0194444 0
0 0.451389 0.5 0.122222 1
0 0.638194 0 0.0180556 0
0 0.447222 0 0.0361111 0
0 0.178472 0 0.0208333 0
0 0.79375 0 0.0208333 0
0 0.334722 0 0.0194444 0
0 0.6375 0 0.0194444 0
0 0.45 0.5 0.122222 1
0 0.446528 0 0.0375 0
0 0.178472 0 0.0208333 0
0 0.793056 0 0.0222222 0
0 0.334028 0 0.0180556 0
0 0.45 0.5 0.122222 1
0 0.636806 0 0.0180556 0
0 0.446528 0 0.0375 0
0 0.333333 0 0.0194444 0
0 0.792361 0 0.0208333 0
0 0.6375 0 0.0194444 0
0 0.449306 0.5 0.120833 1
0 0.177083 0 0.0180556 0
0 0.333333 0 0.0194444 0
0 0.792361 0 0.0208333 0
0 0.636806 0 0.0208333 0
0 0.444444 0.5 0.127778 1
0 0.177083 0 0.0180556 0
0 0.791667 0 0.0194444 0
0 0.636111 0 0.0194444 0
0 0.331944 0 0.0194444 0
0 0.452778 0.5 0.122222 1
0 0.177083 0 0.0180556 0
0 0.792361 0 0.0208333 0
0 0.636111 0 0.0194444 0
0 0.331944 0 0.0194444 0
0 0.452083 0.5 0.120833 1
0 0.175694 0 0.0180556 0
0 0.331944 0 0.0194444 0
0 0.791667 0 0.0194444 0
0 0.45 0.5 0.119444 1
0 0.635417 0 0.0208333 0
0 0.331944 0 0.0194444 0
0 0.791667 0 0.0194444 0
0 0.451389 0.5 0.119444 1
0 0.634722 0 0.0194444 0
0 0.175694 0 0.0180556 0
0 0.331944 0 0.0194444 0
0 0.790972 0 0.0208333 0
0 0.450694 0.5 0.118056 1
0 0.634722 0 0.0194444 0
0 0.175694 0 0.0180556 0
0 0.331944 0 0.0194444 0
0 0.790278 0 0.0194444 0
0 0.447917 0.5 0.118056 1
0 0.634722 0 0.0194444 0
0 0.174306 0 0.0180556 0
0 0.330556 0 0.0194444 0
0 0.790278 0 0.0194444 0
0 0.446528 0.5 0.118056 1
0 0.634722 0 0.0194444 0
0 0.330556 0 0.0194444 0
0 0.174306 0 0.0180556 0
0 0.790278 0 0.0194444 0
0 0.445139 0.5 0.118056 1
0 0.634722 0 0.0194444 0
0 0.534722 0 0.0444444 0
0 0.175 0 0.0194444 0
0 0.330556 0 0.0194444 0
0 0.790278 0 0.0194444 0
0 0.443056 0.5 0.116667 1
0 0.634722 0 0.0194444 0
0 0.330556 0 0.0194444 0
0 0.535417 0 0.0430556 0
0 0.790278 0 0.0194444 0
0 0.442361 0.5 0.115278 1
0 0.634722 0 0.0194444 0
0 0.330556 0 0.0194444 0
0 0.535417 0 0.0430556 0
0 0.790278 0 0.0194444 0
0 0.436111 0.5 0.127778 1
0 0.634722 0 0.0194444 0
0 0.174306 0 0.0180556 0
0 0.445139 0 0.0375 0
0 0.330556 0 0.0194444 0
0 0.790972 0 0.0208333 0
0 0.434028 0.5 0.126389 1
0 0.634722 0 0.0194444 0
0 0.536111 0 0.0416667 0
0 0.445139 0 0.0375 0
0 0.174306 0 0.0180556 0
0 0.330556 0 0.0194444 0
0 0.790972 0 0.0208333 0
0 0.433333 0.5 0.125 1
0 0.635417 0 0.0180556 0
0 0.536111 0 0.0444444 0
0 0.174306 0 0.0180556 0
0 0.329861 0 0.0208333 0
0 0.790972 0 0.0208333 0
0 0.432639 0.5 0.123611 1
0 0.636111 0 0.0194444 0
0 0.174306 0 0.0180556 0
0 0.536111 0 0.0444444 0
0 0.791667 0 0.0194444 0
0 0.330556 0 0.0194444 0
0 0.430556 0.5 0.125 1
0 0.636111 0 0.0194444 0
0 0.174306 0 0.0180556 0
0 0.33125 0 0.0208333 0
0 0.536111 0 0.0444444 0
0 0.791667 0 0.0194444 0
0 0.431944 0.5 0.125 1
0 0.636111 0 0.0194444 0
0 0.330556 0 0.0194444 0
0 0.536111 0 0.0444444 0
0 0.792361 0 0.0208333 0
0 0.433333 0.5 0.125 1
0 0.636111 0 0.0194444 0
0 0.33125 0 0.0208333 0
0 0.536806 0 0.0430556 0
0 0.792361 0 0.0208333 0
0 0.436111 0.5 0.127778 1
0 0.636806 0 0.0208333 0
0 0.5375 0 0.0444444 0
0 0.33125 0 0.0180556 0
0 0.792361 0 0.0208333 0
0 0.4375 0.5 0.127778 1
0 0.6375 0 0.0194444 0
0 0.538889 0 0.0416667 0
0 0.79375 0 0.0208333 0
0 0.332639 0 0.0180556 0
0 0.439583 0.5 0.126389 1
0 0.6375 0 0.0194444 0
0 0.79375 0 0.0208333 0
0 0.444444 0.5 0.130556 1
0 0.331944 0 0.0194444 0
0 0.638194 0 0.0180556 0
0 0.447222 0 0.0333333 0
0 0.795139 0 0.0208333 0
0 0.452778 0.5 0.125 1
0 0.333333 0 0.0194444 0
0 0.638889 0 0.0194444 0
0 0.447917 0 0.0347222 0
0 0.795833 0 0.0194444 0
0 0.456944 0.5 0.127778 1
0 0.333333 0 0.0194444 0
0 0.639583 0 0.0208333 0
0 0.796528 0 0.0208333 0
0 0.4625 0.5 0.130556 1
0 0.334722 0 0.0194444 0
0 0.640278 0 0.0194444 0
0 0.176389 0 0.0166667 0
0 0.796528 0 0.0208333 0
0 0.334722 0 0.0194444 0
0 0.466667 0.5 0.119444 1
0 0.640972 0 0.0208333 0
0 0.798611 0 0.0194444 0
0 0.470139 0.5 0.123611 1
0 0.334722 0 0.0194444 0
0 0.640972 0 0.0208333 0
0 0.543056 0 0.0416667 0
0 0.798611 0 0.0194444 0
0 0.473611 0.5 0.125 1
0 0.334722 0 0.0194444 0
0 0.641667 0 0.0194444 0
0 0.54375 0 0.0430556 0
0 0.798611 0 0.0194444 0
0 0.474306 0.5 0.126389 1
0 0.334722 0 0.0194444 0
0 0.641667 0 0.0194444 0
0 0.799306 0 0.0208333 0
0 0.474306 0.5 0.129167 1
0 0.335417 0 0.0208333 0
0 0.641667 0 0.0194444 0
0 0.544444 0 0.0416667 0
0 0.798611 0 0.0194444 0
0 0.336111 0 0.0194444 0
0 0.477083 0.5 0.129167 1
0 0.643056 0 0.0194444 0
0 0.8 0 0.0194444 0
0 0.478472 0.5 0.129167 1
0 0.336111 0 0.0194444 0
0 0.643056 0 0.0194444 0
0 0.336806 0 0.0180556 0
0 0.479167 0.5 0.127778 1
0 0.64375 0 0.0208333 0
0 0.801389 0 0.0194444 0
0 0.336806 0 0.0180556 0
0 0.801389 0 0.0194444 0
0 0.479861 0.5 0.126389 1
0 0.64375 0 0.0208333 0
0 0.336806 0 0.0180556 0
0 0.483333 0.5 0.127778 1
0 0.802083 0 0.0208333 0
0 0.645139 0 0.0208333 0
0 0.3375 0 0.0194444 0
0 0.486806 0.5 0.131944 1
0 0.802778 0 0.0194444 0
0 0.645833 0 0.0194444 0
0 0.802778 0 0.0194444 0
0 0.338194 0 0.0208333 0
0 0.4875 0.5 0.133333 1
0 0.645833 0 0.0194444 0
0 0.803472 0 0.0208333 0
0 0.338889 0 0.0194444 0
0 0.492361 0.5 0.118056 1
0 0.646528 0 0.0208333 0
0 0.802778 0 0.0194444 0
0 0.338889 0 0.0194444 0
0 0.492361 0.5 0.118056 1
0 0.646528 0 0.0208333 0
0 0.338889 0 0.0194444 0
0 0.803472 0 0.0208333 0
0 0.492361 0.5 0.118056 1
0 0.646528 0 0.0208333 0
0 0.803472 0 0.0208333 0
0 0.338889 0 0.0194444 0
0 0.492361 0.5 0.118056 1
0 0.646528 0 0.0208333 0
0 0.802778 0 0.0194444 0
0 0.338889 0 0.0194444 0
0 0.492361 0.5 0.118056 1
0 0.646528 0 0.0208333 0
0 0.803472 0 0.0208333 0
0 0.338889 0 0.0194444 0
0 0.492361 0.5 0.118056 1
0 0.646528 0 0.0208333 0
0 0.803472 0 0.0208333 0
0 0.338889 0 0.0194444 0
0 0.492361 0.5 0.118056 1
0 0.646528 0 0.0208333 0
0 0.338889 0 0.0194444 0
0 0.802778 0 0.0194444 0
0 0.491667 0.5 0.119444 1
0 0.646528 0 0.0208333 0
0 0.803472 0 0.0208333 0
0 0.338889 0 0.0194444 0
0 0.492361 0.5 0.118056 1
0 0.646528 0 0.0208333 0
0 0.802778 0 0.0194444 0
0 0.338889 0 0.0194444 0
0 0.492361 0.5 0.118056 1
0 0.646528 0 0.0208333 0
0 0.338889 0 0.0194444 0
0 0.802778 0 0.0194444 0
0 0.492361 0.5 0.118056 1
0 0.646528 0 0.0208333 0
0 0.803472 0 0.0208333 0
0 0.338889 0 0.0194444 0
0 0.492361 0.5 0.118056 1
0 0.646528 0 0.0208333 0
0 0.338889 0 0.0194444 0
0 0.803472 0 0.0208333 0
0 0.492361 0.5 0.118056 1
0 0.646528 0 0.0208333 0
0 0.338889 0 0.0194444 0
0 0.802778 0 0.0194444 0
0 0.492361 0.5 0.118056 1
0 0.646528 0 0.0208333 0
0 0.338889 0 0.0194444 0
0 0.802778 0 0.0194444 0
0 0.492361 0.5 0.118056 1
0 0.646528 0 0.0208333 0
0 0.338889 0 0.0194444 0
0 0.803472 0 0.0208333 0
0 0.492361 0.5 0.118056 1
0 0.646528 0 0.0208333 0
0 0.802778 0 0.0194444 0
0 0.338889 0 0.0194444 0
0 0.492361 0.5 0.118056 1
0 0.646528 0 0.0208333 0
0 0.803472 0 0.0208333 0
0 0.338889 0 0.0194444 0
0 0.492361 0.5 0.118056 1
0 0.646528 0 0.0208333 0
0 0.338889 0 0.0194444 0
0 0.803472 0 0.0208333 0
0 0.492361 0.5 0.118056 1
0 0.646528 0 0.0208333 0
0 0.803472 0 0.0208333 0
0 0.338889 0 0.0194444 0
0 0.492361 0.5 0.118056 1
0 0.646528 0 0.0208333 0
0 0.338889 0 0.0194444 0
0 0.803472 0 0.0208333 0
0 0.492361 0.5 0.118056 1
0 0.646528 0 0.0208333 0
0 0.338889 0 0.0194444 0
0 0.803472 0 0.0208333 0
0 0.492361 0.5 0.118056 1
0 0.646528 0 0.0208333 0
0 0.338889 0 0.0194444 0
0 0.802778 0 0.0194444 0
0 0.492361 0.5 0.118056 1
0 0.646528 0 0.0208333 0
0 0.803472 0 0.0208333 0
0 0.338889 0 0.0194444 0
0 0.492361 0.5 0.118056 1
0 0.646528 0 0.0208333 0
0 0.338889 0 0.0194444 0
0 0.802778 0 0.0194444 0
0 0.492361 0.5 0.118056 1
0 0.646528 0 0.0208333 0
0 0.803472 0 0.0208333 0
0 0.338889 0 0.0194444 0
0 0.492361 0.5 0.118056 1
0 0.646528 0 0.0208333 0
0 0.338889 0 0.0194444 0
0 0.802778 0 0.0194444 0
0 0.492361 0.5 0.118056 1
0 0.646528 0 0.0208333 0
0 0.803472 0 0.0208333 0
0 0.338889 0 0.0194444 0
0 0.492361 0.5 0.118056 1
0 0.646528 0 0.0208333 0
0 0.803472 0 0.0208333 0
0 0.338889 0 0.0194444 0
0 0.492361 0.5 0.118056 1
0 0.646528 0 0.0208333 0
0 0.803472 0 0.0208333 0
0 0.338889 0 0.0194444 0
0 0.492361 0.5 0.118056 1
0 0.646528 0 0.0208333 0
0 0.803472 0 0.0208333 0
0 0.338889 0 0.0194444 0
0 0.492361 0.5 0.118056 1
0 0.646528 0 0.0208333 0
0 0.803472 0 0.0208333 0
0 0.338889 0 0.0194444 0
0 0.493056 0.5 0.119444 1
0 0.646528 0 0.0208333 0
0 0.803472 0 0.0208333 0
0 0.338889 0 0.0194444 0
0 0.493056 0.5 0.119444 1
0 0.646528 0 0.0208333 0
0 0.803472 0 0.0208333 0
0 0.338889 0 0.0194444 0
0 0.493056 0.5 0.119444 1
0 0.646528 0 0.0208333 0
0 0.803472 0 0.0208333 0
0 0.338889 0 0.0194444 0
0 0.493056 0.5 0.119444 1
0 0.646528 0 0.0208333 0
0 0.338889 0 0.0194444 0
0 0.803472 0 0.0208333 0
0 0.493056 0.5 0.119444 1
0 0.646528 0 0.0208333 0
0 0.802778 0 0.0194444 0
0 0.338889 0 0.0194444 0
0 0.493056 0.5 0.119444 1
0 0.646528 0 0.0208333 0
0 0.803472 0 0.0208333 0
0 0.338889 0 0.0194444 0
0 0.493056 0.5 0.119444 1
0 0.646528 0 0.0208333 0
0 0.338889 0 0.0194444 0
0 0.803472 0 0.0208333 0
0 0.493056 0.5 0.119444 1
0 0.646528 0 0.0208333 0
0 0.803472 0 0.0208333 0
0 0.338889 0 0.0194444 0
0 0.493056 0.5 0.119444 1
0 0.646528 0 0.0208333 0
0 0.803472 0 0.0208333 0
0 0.338889 0 0.0194444 0
0 0.493056 0.5 0.119444 1
0 0.646528 0 0.0208333 0
0 0.338889 0 0.0194444 0
0 0.803472 0 0.0208333 0
0 0.493056 0.5 0.119444 1
0 0.646528 0 0.0208333 0
0 0.803472 0 0.0208333 0
0 0.493056 0.5 0.119444 1
0 0.338889 0 0.0194444 0
0 0.646528 0 0.0208333 0
0 0.338889 0 0.0194444 0
0 0.803472 0 0.0208333 0
0 0.493056 0.5 0.119444 1
0 0.646528 0 0.0208333 0
0 0.803472 0 0.0208333 0
0 0.338889 0 0.0194444 0
0 0.493056 0.5 0.119444 1
0 0.646528 0 0.0208333 0
0 0.803472 0 0.0208333 0
0 0.338889 0 0.0194444 0
0 0.493056 0.5 0.119444 1
0 0.646528 0 0.0208333 0
0 0.338889 0 0.0194444 0
0 0.803472 0 0.0208333 0
0 0.493056 0.5 0.119444 1
0 0.646528 0 0.0208333 0
0 0.803472 0 0.0208333 0
0 0.338889 0 0.0194444 0
0 0.493056 0.5 0.119444 1
0 0.646528 0 0.0208333 0
0 0.338889 0 0.0194444 0
0 0.803472 0 0.0208333 0
0 0.493056 0.5 0.119444 1
0 0.646528 0 0.0208333 0
0 0.803472 0 0.0208333 0
0 0.338889 0 0.0194444 0
0 0.493056 0.5 0.119444 1
0 0.646528 0 0.0208333 0
0 0.802778 0 0.0194444 0
0 0.338889 0 0.0194444 0
0 0.493056 0.5 0.119444 1
0 0.646528 0 0.0208333 0
0 0.803472 0 0.0208333 0
0 0.338889 0 0.0194444 0
0 0.493056 0.5 0.119444 1
0 0.646528 0 0.0208333 0
0 0.338889 0 0.0194444 0
0 0.803472 0 0.0208333 0
0 0.493056 0.5 0.119444 1
0 0.646528 0 0.0208333 0
0 0.803472 0 0.0208333 0
0 0.338889 0 0.0194444 0
0 0.493056 0.5 0.119444 1
0 0.646528 0 0.0208333 0
0 0.338889 0 0.0194444 0
0 0.802778 0 0.0194444 0
0 0.493056 0.5 0.119444 1
0 0.646528 0 0.0208333 0
0 0.802778 0 0.0194444 0
0 0.338889 0 0.0194444 0
0 0.493056 0.5 0.119444 1
0 0.646528 0 0.0208333 0
0 0.802778 0 0.0194444 0
0 0.338889 0 0.0194444 0
0 0.493056 0.5 0.119444 1
0 0.646528 0 0.0208333 0
0 0.802778 0 0.0194444 0
0 0.338889 0 0.0194444 0
0 0.493056 0.5 0.119444 1
0 0.646528 0 0.0208333 0
0 0.802778 0 0.0194444 0
0 0.338889 0 0.0194444 0
0 0.493056 0.5 0.119444 1
0 0.646528 0 0.0208333 0
0 0.803472 0 0.0208333 0
0 0.338889 0 0.0194444 0
0 0.492361 0.5 0.118056 1
0 0.646528 0 0.0208333 0
0 0.803472 0 0.0208333 0
0 0.338889 0 0.0194444 0
0 0.492361 0.5 0.118056 1
0 0.646528 0 0.0208333 0
0 0.803472 0 0.0208333 0
0 0.338889 0 0.0194444 0
0 0.492361 0.5 0.118056 1
0 0.646528 0 0.0208333 0
0 0.803472 0 0.0208333 0
0 0.338889 0 0.0194444 0
0 0.492361 0.5 0.118056 1
0 0.646528 0 0.0208333 0
0 0.803472 0 0.0208333 0
0 0.338889 0 0.0194444 0
0 0.492361 0.5 0.118056 1
0 0.646528 0 0.0208333 0
0 0.802778 0 0.0194444 0
0 0.338889 0 0.0194444 0
0 0.492361 0.5 0.118056 1
0 0.646528 0 0.0208333 0
0 0.802778 0 0.0194444 0
0 0.338889 0 0.0194444 0
0 0.492361 0.5 0.118056 1
0 0.646528 0 0.0208333 0
0 0.802778 0 0.0194444 0
0 0.338889 0 0.0194444 0
0 0.492361 0.5 0.118056 1
0 0.646528 0 0.0208333 0
0 0.338889 0 0.0194444 0
0 0.802778 0 0.0194444 0
0 0.492361 0.5 0.118056 1
0 0.646528 0 0.0208333 0
0 0.338889 0 0.0194444 0
0 0.802778 0 0.0194444 0
0 0.492361 0.5 0.118056 1
0 0.646528 0 0.0208333 0
0 0.803472 0 0.0208333 0
0 0.338889 0 0.0194444 0
0 0.492361 0.5 0.118056 1
0 0.646528 0 0.0208333 0
0 0.803472 0 0.0208333 0
0 0.338889 0 0.0194444 0
0 0.492361 0.5 0.118056 1
0 0.646528 0 0.0208333 0
0 0.802778 0 0.0194444 0
0 0.338889 0 0.0194444 0
0 0.492361 0.5 0.118056 1
0 0.646528 0 0.0208333 0
0 0.802778 0 0.0194444 0
0 0.338889 0 0.0194444 0
0 0.492361 0.5 0.118056 1
0 0.646528 0 0.0208333 0
0 0.803472 0 0.0208333 0
0 0.338889 0 0.0194444 0
0 0.492361 0.5 0.118056 1
0 0.646528 0 0.0208333 0
0 0.803472 0 0.0208333 0
0 0.338889 0 0.0194444 0
0 0.492361 0.5 0.118056 1
0 0.646528 0 0.0208333 0
0 0.338889 0 0.0194444 0
0 0.802778 0 0.0194444 0
0 0.492361 0.5 0.118056 1
0 0.646528 0 0.0208333 0
0 0.802778 0 0.0194444 0
0 0.338889 0 0.0194444 0
0 0.492361 0.5 0.118056 1
0 0.646528 0 0.0208333 0
0 0.802778 0 0.0194444 0
0 0.338889 0 0.0194444 0
0 0.492361 0.5 0.118056 1
0 0.646528 0 0.0208333 0
0 0.338889 0 0.0194444 0
0 0.802778 0 0.0194444 0
0 0.491667 0.5 0.119444 1
0 0.646528 0 0.0208333 0
0 0.338889 0 0.0194444 0
0 0.802778 0 0.0194444 0
0 0.492361 0.5 0.118056 1
0 0.646528 0 0.0208333 0
0 0.803472 0 0.0208333 0
0 0.338889 0 0.0194444 0
0 0.492361 0.5 0.118056 1
0 0.646528 0 0.0208333 0
0 0.803472 0 0.0208333 0
0 0.338889 0 0.0194444 0
0 0.492361 0.5 0.118056 1
0 0.646528 0 0.0208333 0
0 0.802778 0 0.0194444 0
0 0.338889 0 0.0194444 0
0 0.492361 0.5 0.118056 1
0 0.646528 0 0.0208333 0
0 0.803472 0 0.0208333 0
0 0.338889 0 0.0194444 0
0 0.492361 0.5 0.118056 1
0 0.646528 0 0.0208333 0
0 0.803472 0 0.0208333 0
0 0.338889 0 0.0194444 0
0 0.492361 0.5 0.118056 1
0 0.646528 0 0.0208333 0
0 0.803472 0 0.0208333 0
0 0.338889 0 0.0194444 0
0 0.492361 0.5 0.118056 1
0 0.646528 0 0.0208333 0
0 0.803472 0 0.0208333 0
0 0.338889 0 0.0194444 0
0 0.492361 0.5 0.118056 1
0 0.646528 0 0.0208333 0
0 0.338889 0 0.0194444 0
0 0.803472 0 0.0208333 0
0 0.492361 0.5 0.118056 1
0 0.646528 0 0.0208333 0
0 0.803472 0 0.0208333 0
0 0.338889 0 0.0194444 0
0 0.492361 0.5 0.118056 1
0 0.646528 0 0.0208333 0
0 0.803472 0 0.0208333 0
0 0.338889 0 0.0194444 0
0 0.492361 0.5 0.118056 1
0 0.646528 0 0.0208333 0
0 0.803472 0 0.0208333 0
0 0.338889 0 0.0194444 0
0 0.492361 0.5 0.118056 1
0 0.646528 0 0.0208333 0
0 0.803472 0 0.0208333 0
0 0.338889 0 0.0194444 0
0 0.492361 0.5 0.118056 1
0 0.646528 0 0.0208333 0
0 0.338889 0 0.0194444 0
0 0.803472 0 0.0208333 0
0 0.491667 0.5 0.119444 1
0 0.646528 0 0.0208333 0
0 0.803472 0 0.0208333 0
0 0.338889 0 0.0194444 0
0 0.492361 0.5 0.118056 1
0 0.646528 0 0.0208333 0
0 0.338889 0 0.0194444 0
0 0.803472 0 0.0208333 0
0 0.492361 0.5 0.118056 1
0 0.646528 0 0.0208333 0
0 0.803472 0 0.0208333 0
0 0.338889 0 0.0194444 0
0 0.493056 0.5 0.119444 1
0 0.646528 0 0.0208333 0
0 0.803472 0 0.0208333 0
0 0.338889 0 0.0194444 0
0 0.493056 0.5 0.119444 1
0 0.646528 0 0.0208333 0
0 0.803472 0 0.0208333 0
0 0.338889 0 0.0194444 0
0 0.493056 0.5 0.119444 1
0 0.646528 0 0.0208333 0
0 0.803472 0 0.0208333 0
0 0.338889 0 0.0194444 0
0 0.493056 0.5 0.119444 1
0 0.646528 0 0.0208333 0
0 0.803472 0 0.0208333 0
0 0.338889 0 0.0194444 0
0 0.493056 0.5 0.119444 1
0 0.646528 0 0.0208333 0
0 0.803472 0 0.0208333 0
0 0.338889 0 0.0194444 0
0 0.493056 0.5 0.119444 1
0 0.646528 0 0.0208333 0
0 0.803472 0 0.0208333 0
0 0.338889 0 0.0194444 0
0 0.493056 0.5 0.119444 1
0 0.646528 0 0.0208333 0
0 0.803472 0 0.0208333 0
0 0.338889 0 0.0194444 0
0 0.493056 0.5 0.119444 1
0 0.646528 0 0.0208333 0
0 0.803472 0 0.0208333 0
0 0.338889 0 0.0194444 0
0 0.493056 0.5 0.119444 1
0 0.646528 0 0.0208333 0
0 0.802778 0 0.0194444 0
0 0.338889 0 0.0194444 0
0 0.493056 0.5 0.119444 1
0 0.646528 0 0.0208333 0
0 0.802778 0 0.0194444 0
0 0.338889 0 0.0194444 0
0 0.493056 0.5 0.119444 1
0 0.646528 0 0.0208333 0
0 0.802778 0 0.0194444 0
0 0.338889 0 0.0194444 0
0 0.493056 0.5 0.119444 1
0 0.646528 0 0.0208333 0
0 0.802778 0 0.0194444 0
0 0.338889 0 0.0194444 0
0 0.493056 0.5 0.119444 1
0 0.646528 0 0.0208333 0
0 0.802778 0 0.0194444 0
0 0.338889 0 0.0194444 0
0 0.493056 0.5 0.119444 1
0 0.646528 0 0.0208333 0
0 0.802778 0 0.0194444 0
0 0.338889 0 0.0194444 0
0 0.493056 0.5 0.119444 1
0 0.646528 0 0.0208333 0
0 0.802778 0 0.0194444 0
0 0.338889 0 0.0194444 0
0 0.493056 0.5 0.119444 1
0 0.646528 0 0.0208333 0
0 0.802778 0 0.0194444 0
0 0.338889 0 0.0194444 0
0 0.493056 0.5 0.119444 1
0 0.646528 0 0.0208333 0
0 0.802778 0 0.0194444 0
0 0.338889 0 0.0194444 0
0 0.493056 0.5 0.119444 1
0 0.646528 0 0.0208333 0
0 0.802778 0 0.0194444 0
0 0.338889 0 0.0194444 0
0 0.493056 0.5 0.119444 1
0 0.646528 0 0.0208333 0
0 0.802778 0 0.0194444 0
0 0.338889 0 0.0194444 0
0 0.493056 0.5 0.119444 1
0 0.646528 0 0.0208333 0
0 0.802778 0 0.0194444 0
0 0.338889 0 0.0194444 0
0 0.493056 0.5 0.119444 1
0 0.646528 0 0.0208333 0
