0 0.441667 0.5 0.0277778 1
0 0.441667 0.5 0.0277778 1
0 0.441667 0.5 0.0277778 1
0 0.441667 0.5 0.0277778 1
0 0.441667 0.5 0.0277778 1
0 0.441667 0.5 0.0277778 1
0 0.441667 0.5 0.0277778 1
0 0.441667 0.5 0.0277778 1
0 0.441667 0.5 0.0277778 1
0 0.441667 0.5 0.0277778 1
0 0.441667 0.5 0.0277778 1
0 0.441667 0.5 0.0277778 1
0 0.441667 0.5 0.0277778 1
0 0.441667 0.5 0.0277778 1
0 0.441667 0.5 0.0277778 1
0 0.441667 0.5 0.0277778 1
0 0.441667 0.5 0.0277778 1
0 0.441667 0.5 0.0277778 1
0 0.441667 0.5 0.0277778 1
0 0.441667 0.5 0.0277778 1
0 0.441667 0.5 0.0277778 1
0 0.441667 0.5 0.0277778 1
0 0.441667 0.5 0.0277778 1
0 0.441667 0.5 0.0277778 1
0 0.441667 0.5 0.0277778 1
0 0.441667 0.5 0.0277778 1
0 0.441667 0.5 0.0277778 1
0 0.441667 0.5 0.0277778 1
0 0.441667 0.5 0.0277778 1
0 0.441667 0.5 0.0277778 1
0 0.441667 0.5 0.0277778 1
0 0.441667 0.5 0.0277778 1
0 0.441667 0.5 0.0277778 1
0 0.441667 0.5 0.0277778 1
0 0.441667 0.5 0.0277778 1
0 0.441667 0.5 0.0277778 1
0 0.441667 0.5 0.0277778 1
0 0.441667 0.5 0.0277778 1
0 0.441667 0.5 0.0277778 1
0 0.441667 0.5 0.0277778 1
0 0.441667 0.5 0.0277778 1
0 0.441667 0.5 0.0277778 1
0 0.441667 0.5 0.0277778 1
0 0.441667 0.5 0.0277778 1
0 0.441667 0.5 0.0277778 1
0 0.441667 0.5 0.0277778 1
0 0.441667 0.5 0.0277778 1
0 0.441667 0.5 0.0277778 1
0 0.441667 0.5 0.0277778 1
0 0.441667 0.5 0.0277778 1
0 0.441667 0.5 0.0277778 1
0 0.441667 0.5 0.0277778 1
0 0.441667 0.5 0.0277778 1
0 0.441667 0.5 0.0277778 1
0 0.441667 0.5 0.0277778 1
0 0.441667 0.5 0.0277778 1
0 0.441667 0.5 0.0277778 1
0 0.441667 0.5 0.0277778 1
0 0.441667 0.5 0.0277778 1
0 0.441667 0.5 0.0277778 1
0 0.441667 0.5 0.0277778 1
0 0.441667 0.5 0.0277778 1
0 0.441667 0.5 0.0277778 1
0 0.441667 0.5 0.0277778 1
0 0.441667 0.5 0.0277778 1
0 0.442361 0.5 0.0291667 1
0 0.443056 0.5 0.0277778 1
0 0.442361 0.5 0.0291667 1
0 0.568056 0 0.0111111 0
0 0.44375 0.5 0.0263889 1
0 0.445139 0.5 0.0263889 1
0 0.503472 0 0.0347222 0
0 0.445833 0.5 0.0277778 1
0 0.448611 0.5 0.0277778 1
0 0.570139 0 0.0125 0
0 0.449306 0.5 0.0291667 1
0 0.382639 0 0.0125 0
0 0.450694 0.5 0.0263889 1
0 0.382639 0 0.0125 0
0 0.450694 0.5 0.0263889 1
0 0.384028 0 0.0125 0
0 0.570833 0 0.0111111 0
0 0.452778 0.5 0.0277778 1
0 0.455556 0.5 0.025 1
0 0.45625 0.5 0.0236111 1
0 0.45625 0.5 0.0236111 1
0 0.459028 0.5 0.0236111 1
0 0.460417 0.5 0.0236111 1
0 0.461806 0.5 0.0236111 1
0 0.578472 0 0.00972222 0
0 0.58125 0 0.00972222 0
0 0.473611 0.5 0.025 1
0 0.476389 0 0.0333333 0
0 0.588889 0 0.0111111 0
0 0.477083 0 0.0291667 0
0 0.588889 0 0.0111111 0
0 0.477083 0 0.0291667 0
0 0.480556 0 0.0277778 0
0 0.593056 0 0.0111111 0
0 0.524306 0 0.0347222 0
0 0.596528 0 0.0125 0
0 0.597222 0 0.0111111 0
0 0.596528 0 0.0125 0
0 0.595833 0 0.0111111 0
0 0.595833 0 0.0111111 0
0 0.595833 0 0.0138889 0
0 0.483333 0.5 0.0444444 1
0 0.595139 0 0.0125 0
0 0.483333 0.5 0.0444444 1
0 0.595139 0 0.0125 0
0 0.594444 0 0.0138889 0
0 0.390278 0 0.0138889 0
0 0.595139 0 0.0125 0
0 0.389583 0 0.0125 0
0 0.483333 1 0.0277778 0
0 0.594444 0 0.0111111 0
0 0.59375 0 0.0125 0
0 0.522917 0 0.0319444 0
0 0.479861 1 0.0319444 0
0 0.480556 1 0.0305556 0
0 0.478472 1 0.0319444 0
0 0.59375 0 0.0125 0
0 0.477778 1 0.0333333 0
0 0.593056 0 0.0111111 0
0 0.476389 1 0.0333333 0
0 0.522917 0 0.0375 0
0 0.475 1 0.0333333 0
0 0.474306 1 0.0319444 0
0 0.522222 0 0.0361111 0
0 0.470833 1 0.025 0
0 0.520833 0 0.0333333 0
0 0.470833 1 0.0277778 0
0 0.591667 0 0.0111111 0
0 0.385417 0 0.0125 0
0 0.465972 1 0.0180556 0
0 0.521528 0 0.0347222 0
0 0.590972 0 0.0125 0
0 0.46875 1 0.0236111 0
0 0.520139 0 0.0319444 0
0 0.590972 0 0.0125 0
0 0.469444 1 0.0277778 0
0 0.590278 0 0.0111111 0
0 0.469444 1 0.0277778 0
0 0.590278 0 0.0111111 0
0 0.590278 0 0.0111111 0
0 0.467361 1 0.0263889 0
0 0.463889 1 0.0194444 0
0 0.590278 0 0.0111111 0
0 0.69375 0 0.0125 0
0 0.463889 1 0.0194444 0
0 0.589583 0 0.0125 0
0 0.588889 0 0.0111111 0
0 0.463194 1 0.0180556 0
0 0.588889 0 0.0111111 0
0 0.468056 1 0.0305556 0
0 0.463889 1 0.0222222 0
0 0.517361 0 0.0319444 0
0 0.588889 0 0.0111111 0
0 0.461806 1 0.0208333 0
0 0.588194 0 0.0125 0
0 0.51875 0 0.0347222 0
0 0.461111 1 0.0166667 0
0 0.51875 0 0.0347222 0
0 0.588889 0 0.0138889 0
0 0.384722 0 0.0138889 0
0 0.51875 0 0.0347222 0
0 0.460417 1 0.0180556 0
0 0.588194 0 0.0125 0
0 0.588889 0 0.0111111 0
0 0.518056 0 0.0333333 0
0 0.459722 1 0.0166667 0
0 0.518056 0 0.0305556 0
0 0.384028 0 0.0125 0
0 0.5875 0 0.0111111 0
0 0.459028 1 0.0180556 0
0 0.5875 0 0.0111111 0
0 0.518056 0 0.0333333 0
0 0.459028 1 0.0152778 0
0 0.459028 1 0.0152778 0
0 0.5875 0 0.0111111 0
0 0.459028 1 0.0180556 0
0 0.459028 1 0.0180556 0
0 0.5875 0 0.0111111 0
0 0.457639 1 0.0180556 0
0 0.517361 0 0.0347222 0
0 0.5875 0 0.0138889 0
0 0.458333 1 0.0222222 0
0 0.5875 0 0.0111111 0
0 0.382639 0 0.0125 0
0 0.457639 1 0.0180556 0
0 0.382639 0 0.0125 0
0 0.456944 1 0.0166667 0
0 0.455556 1 0.0194444 0
0 0.454861 1 0.0180556 0
0 0.586111 0 0.0111111 0
0 0.455556 1 0.0222222 0
0 0.586111 0 0.0111111 0
0 0.455556 1 0.0222222 0
0 0.585417 0 0.00972222 0
0 0.45625 1 0.0236111 0
0 0.380556 0 0.0138889 0
0 0.586111 0 0.0111111 0
0 0.455556 1 0.025 0
0 0.585417 0 0.00972222 0
0 0.453472 1 0.0208333 0
0 0.453472 1 0.0208333 0
0 0.690278 0 0.0111111 0
0 0.453472 1 0.0180556 0
0 0.690278 0 0.0111111 0
0 0.452778 1 0.0194444 0
0 0.452778 1 0.0194444 0
0 0.688889 0 0.0111111 0
0 0.452083 1 0.0208333 0
0 0.688889 0 0.0111111 0
0 0.584722 0 0.0111111 0
0 0.584028 0 0.00972222 0
0 0.584722 0 0.0111111 0
0 0.379167 0 0.0111111 0
0 0.584722 0 0.0111111 0
0 0.584028 0 0.00972222 0
0 0.584722 0 0.0111111 0
0 0.584722 0 0.0111111 0
0 0.584028 0 0.00972222 0
0 0.584722 0 0.0111111 0
0 0.584722 0 0.0111111 0
0 0.584722 0 0.0111111 0
0 0.584722 0 0.0111111 0
0 0.584722 0 0.0111111 0
0 0.584722 0 0.0111111 0
0 0.584722 0 0.0111111 0
0 0.584722 0 0.0111111 0
0 0.379167 0 0.0111111 0
0 0.584722 0 0.0111111 0
0 0.379167 0 0.0111111 0
0 0.584722 0 0.0111111 0
0 0.379167 0 0.0111111 0
0 0.584722 0 0.0111111 0
0 0.379167 0 0.0111111 0
0 0.584722 0 0.0111111 0
0 0.379167 0 0.0111111 0
0 0.584028 0 0.00972222 0
0 0.584028 0 0.00972222 0
0 0.584722 0 0.0111111 0
0 0.584722 0 0.0111111 0
0 0.584722 0 0.0111111 0
0 0.379167 0 0.0111111 0
0 0.379167 0 0.0111111 0
0 0.584722 0 0.0111111 0
0 0.584028 0 0.00972222 0
0 0.584722 0 0.0111111 0
0 0.584722 0 0.0111111 0
0 0.584722 0 0.0111111 0
0 0.584722 0 0.0111111 0
0 0.584722 0 0.0111111 0
0 0.379167 0 0.0111111 0
0 0.584722 0 0.0111111 0
0 0.584722 0 0.0111111 0
0 0.379167 0 0.0111111 0
0 0.584722 0 0.0111111 0
0 0.584722 0 0.0111111 0
0 0.584722 0 0.0111111 0
0 0.584722 0 0.0111111 0
0 0.379167 0 0.0111111 0
0 0.584722 0 0.0111111 0
0 0.584028 0 0.00972222 0
0 0.584722 0 0.0111111 0
0 0.379167 0 0.0111111 0
0 0.379167 0 0.0111111 0
0 0.584722 0 0.0111111 0
0 0.379167 0 0.0111111 0
0 0.584722 0 0.0111111 0
0 0.584722 0 0.0111111 0
0 0.584722 0 0.0111111 0
0 0.584028 0 0.00972222 0
0 0.584722 0 0.0111111 0
0 0.584028 0 0.00972222 0
0 0.584722 0 0.0111111 0
0 0.584028 0 0.00972222 0
0 0.584028 0 0.00972222 0
0 0.379167 0 0.0111111 0
0 0.584722 0 0.0111111 0
0 0.584722 0 0.0111111 0
0 0.379167 0 0.0111111 0
0 0.379167 0 0.0111111 0
0 0.584722 0 0.0111111 0
0 0.584722 0 0.0111111 0
0 0.379167 0 0.0111111 0
0 0.584722 0 0.0111111 0
0 0.379167 0 0.0111111 0
0 0.584722 0 0.0111111 0
0 0.584722 0 0.0111111 0
0 0.584722 0 0.0111111 0
0 0.584722 0 0.0111111 0
0 0.584722 0 0.0111111 0
0 0.584722 0 0.0111111 0
0 0.584722 0 0.0111111 0
0 0.584722 0 0.0111111 0
0 0.584722 0 0.0111111 0
0 0.379167 0 0.0111111 0
0 0.584722 0 0.0111111 0
0 0.584722 0 0.0111111 0
0 0.584722 0 0.0111111 0
0 0.584722 0 0.0111111 0
0 0.379167 0 0.0111111 0
0 0.584722 0 0.0111111 0
0 0.379167 0 0.0111111 0
0 0.584722 0 0.0111111 0
0 0.584722 0 0.0111111 0
0 0.379167 0 0.0111111 0
0 0.584722 0 0.0111111 0
0 0.584028 0 0.00972222 0
0 0.584722 0 0.0111111 0
0 0.584722 0 0.0111111 0
0 0.584722 0 0.0111111 0
0 0.584722 0 0.0111111 0
0 0.379167 0 0.0111111 0
0 0.584722 0 0.0111111 0
0 0.584722 0 0.0111111 0
0 0.584722 0 0.0111111 0
0 0.584722 0 0.0111111 0
0 0.584722 0 0.0111111 0
0 0.584028 0 0.00972222 0
0 0.584028 0 0.00972222 0
0 0.584722 0 0.0111111 0
0 0.584722 0 0.0111111 0
0 0.584028 0 0.00972222 0
0 0.584028 0 0.00972222 0
0 0.584722 0 0.0111111 0
0 0.379167 0 0.0111111 0
0 0.584722 0 0.0111111 0
0 0.584722 0 0.0111111 0
0 0.584722 0 0.0111111 0
0 0.584722 0 0.0111111 0
0 0.584722 0 0.0111111 0
0 0.379167 0 0.0111111 0
0 0.584722 0 0.0111111 0
0 0.584722 0 0.0111111 0
0 0.584722 0 0.0111111 0
0 0.379167 0 0.0111111 0
0 0.379167 0 0.0111111 0
0 0.584722 0 0.0111111 0
0 0.379167 0 0.0111111 0
0 0.584722 0 0.0111111 0
0 0.379167 0 0.0111111 0
0 0.584722 0 0.0111111 0
0 0.379167 0 0.0111111 0
0 0.584722 0 0.0111111 0
0 0.379167 0 0.0111111 0
0 0.584722 0 0.0111111 0
0 0.379167 0 0.0111111 0
0 0.584722 0 0.0111111 0
0 0.379167 0 0.0111111 0
0 0.584722 0 0.0111111 0
0 0.584722 0 0.0111111 0
0 0.379167 0 0.0111111 0
0 0.584722 0 0.0111111 0
0 0.584028 0 0.00972222 0
0 0.584722 0 0.0111111 0
0 0.379167 0 0.0111111 0
0 0.584722 0 0.0111111 0
0 0.584722 0 0.0111111 0
0 0.584722 0 0.0111111 0
0 0.584722 0 0.0111111 0
0 0.379167 0 0.0111111 0
0 0.584722 0 0.0111111 0
0 0.584028 0 0.00972222 0
0 0.379167 0 0.0111111 0
0 0.584722 0 0.0111111 0
0 0.379167 0 0.0111111 0
0 0.584722 0 0.0111111 0
0 0.584722 0 0.0111111 0
0 0.584028 0 0.00972222 0
0 0.379167 0 0.0111111 0
0 0.584722 0 0.0111111 0
0 0.584722 0 0.0111111 0
0 0.584722 0 0.0111111 0
0 0.584722 0 0.0111111 0
0 0.584722 0 0.0111111 0
0 0.584028 0 0.00972222 0
0 0.584722 0 0.0111111 0
0 0.584722 0 0.0111111 0
0 0.584722 0 0.0111111 0
0 0.584722 0 0.0111111 0
0 0.379167 0 0.0111111 0
0 0.379167 0 0.0111111 0
0 0.584722 0 0.0111111 0
0 0.584722 0 0.0111111 0
0 0.379167 0 0.0111111 0
0 0.379167 0 0.0111111 0
0 0.584722 0 0.0111111 0
0 0.584028 0 0.00972222 0
0 0.379167 0 0.0111111 0
0 0.584722 0 0.0111111 0
0 0.584722 0 0.0111111 0
0 0.584722 0 0.0111111 0
0 0.584722 0 0.0111111 0
0 0.584722 0 0.0111111 0
0 0.584722 0 0.0111111 0
0 0.584722 0 0.0111111 0
0 0.584028 0 0.00972222 0
0 0.379167 0 0.0111111 0
0 0.584722 0 0.0111111 0
0 0.584722 0 0.0111111 0
0 0.584722 0 0.0111111 0
0 0.584722 0 0.0111111 0
0 0.379167 0 0.0111111 0
0 0.584722 0 0.0111111 0
0 0.584028 0 0.00972222 0
0 0.379167 0 0.0111111 0
0 0.584722 0 0.0111111 0
0 0.584722 0 0.0111111 0
0 0.379167 0 0.0111111 0
0 0.584722 0 0.0111111 0
0 0.584722 0 0.0111111 0
0 0.584722 0 0.0111111 0
0 0.584722 0 0.0111111 0
0 0.379167 0 0.0111111 0
0 0.584722 0 0.0111111 0
0 0.584722 0 0.0111111 0
0 0.379167 0 0.0111111 0
0 0.584722 0 0.0111111 0
0 0.379167 0 0.0111111 0
0 0.584722 0 0.0111111 0
0 0.584722 0 0.0111111 0
0 0.379167 0 0.0111111 0
0 0.584722 0 0.0111111 0
0 0.584722 0 0.0111111 0
0 0.584722 0 0.0111111 0
0 0.584722 0 0.0111111 0
0 0.379167 0 0.0111111 0
0 0.584028 0 0.00972222 0
0 0.584722 0 0.0111111 0
0 0.584722 0 0.0111111 0
0 0.379167 0 0.0111111 0
0 0.584028 0 0.00972222 0
0 0.584722 0 0.0111111 0
0 0.379167 0 0.0111111 0
0 0.584722 0 0.0111111 0
0 0.379167 0 0.0111111 0
0 0.584722 0 0.0111111 0
0 0.584722 0 0.0111111 0
0 0.584722 0 0.0111111 0
0 0.584722 0 0.0111111 0
0 0.584722 0 0.0111111 0
0 0.584722 0 0.0111111 0
0 0.379167 0 0.0111111 0
0 0.584722 0 0.0111111 0
0 0.379167 0 0.0111111 0
0 0.584722 0 0.0111111 0
0 0.584722 0 0.0111111 0
0 0.584722 0 0.0111111 0
0 0.584722 0 0.0111111 0
0 0.584722 0 0.0111111 0
0 0.379167 0 0.0111111 0
0 0.584722 0 0.0111111 0
0 0.584722 0 0.0111111 0
0 0.584722 0 0.0111111 0
0 0.584722 0 0.0111111 0
0 0.379167 0 0.0111111 0
0 0.584722 0 0.0111111 0
0 0.584028 0 0.00972222 0
0 0.584722 0 0.0111111 0
0 0.584722 0 0.0111111 0
0 0.379167 0 0.0111111 0
0 0.584722 0 0.0111111 0
0 0.584722 0 0.0111111 0
0 0.584722 0 0.0111111 0
0 0.584722 0 0.0111111 0
0 0.584722 0 0.0111111 0
0 0.584722 0 0.0111111 0
0 0.584722 0 0.0111111 0
0 0.584722 0 0.0111111 0
0 0.584722 0 0.0111111 0
0 0.584722 0 0.0111111 0
0 0.584722 0 0.0111111 0
0 0.584722 0 0.0111111 0
0 0.584722 0 0.0111111 0
0 0.584722 0 0.0111111 0
0 0.584722 0 0.0111111 0
0 0.584722 0 0.0111111 0
0 0.584722 0 0.0111111 0
0 0.584722 0 0.0111111 0
0 0.584722 0 0.0111111 0
0 0.584722 0 0.0111111 0
