0 0.48125 0 0.0291667 0
0 0.480556 0 0.0277778 0
0 0.480556 0 0.0277778 0
0 0.479861 0 0.0291667 0
0 0.479861 0 0.0291667 0
0 0.479167 0 0.0305556 0
0 0.477778 0 0.0166667 0
0 0.476389 0 0.0194444 0
0 0.475 0 0.0194444 0
0 0.475 0 0.0194444 0
0 0.472917 0 0.0208333 0
0 0.469444 0 0.0222222 0
0 0.465278 0 0.0222222 0
0 0.461806 0 0.0208333 0
0 0.457639 0 0.0208333 0
0 0.453472 0 0.0208333 0
0 0.449306 0 0.0208333 0
0 0.449306 0 0.0208333 0
0 0.447222 0 0.0222222 0
0 0.447222 0 0.0222222 0
0 0.441667 0 0.0222222 0
0 0.440278 0 0.0222222 0
0 0.440278 0 0.0222222 0
0 0.440278 0 0.0222222 0
0 0.440278 0 0.0222222 0
0 0.438889 0 0.0222222 0
0 0.439583 0 0.0208333 0
0 0.439583 0 0.0208333 0
0 0.439583 0 0.0208333 0
0 0.441667 0 0.0222222 0
0 0.441667 0 0.0222222 0
0 0.44375 0 0.0208333 0
0 0.445139 0 0.0208333 0
0 0.445139 0 0.0208333 0
0 0.45 0 0.0194444 0
0 0.452083 0 0.0208333 0
0 0.452083 0 0.0208333 0
0 0.454861 0 0.0208333 0
0 0.457639 0 0.0208333 0
0 0.461806 0 0.0208333 0
0 0.465278 0.5 0.0222222 1
0 0.467361 0.5 0.0208333 1
0 0.477083 0.5 0.0319444 1
0 0.469444 0.5 0.0194444 1
0 0.470833 0.5 0.0166667 1
0 0.471528 0.5 0.0152778 1
0 0.471528 0.5 0.0152778 1
0 0.473611 0.5 0.0194444 1
0 0.472222 0.5 0.0166667 1
0 0.472222 0.5 0.0166667 1
0 0.470139 0.5 0.0180556 1
0 0.469444 0.5 0.0166667 1
0 0.468056 0.5 0.0194444 1
0 0.466667 0.5 0.0194444 1
0 0.465972 0.5 0.0208333 1
0 0.465972 0.5 0.0208333 1
0 0.465972 0.5 0.0208333 1
0 0.464583 0.5 0.0208333 1
0 0.464583 0.5 0.0208333 1
0 0.464583 0.5 0.0208333 1
0 0.464583 0.5 0.0208333 1
0 0.464583 0.5 0.0208333 1
0 0.464583 0.5 0.0208333 1
0 0.464583 0.5 0.0208333 1
0 0.464583 0.5 0.0208333 1
0 0.464583 0.5 0.0208333 1
0 0.465972 0.5 0.0208333 1
0 0.465972 0.5 0.0208333 1
0 0.465972 0.5 0.0208333 1
0 0.466667 0.5 0.0194444 1
0 0.466667 0.5 0.0194444 1
0 0.466667 0.5 0.0194444 1
0 0.466667 0.5 0.0194444 1
0 0.466667 0.5 0.0194444 1
0 0.466667 0.5 0.0194444 1
0 0.466667 0.5 0.0194444 1
0 0.466667 0.5 0.0194444 1
0 0.466667 0.5 0.0194444 1
0 0.466667 0.5 0.0194444 1
0 0.466667 0.5 0.0194444 1
0 0.466667 0.5 0.0194444 1
0 0.466667 0.5 0.0194444 1
0 0.466667 0.5 0.0194444 1
0 0.466667 0.5 0.0194444 1
0 0.466667 0.5 0.0194444 1
0 0.466667 0.5 0.0194444 1
0 0.466667 0.5 0.0194444 1
0 0.466667 0.5 0.0194444 1
0 0.466667 0.5 0.0194444 1
0 0.466667 0.5 0.0194444 1
0 0.466667 0.5 0.0194444 1
0 0.466667 0.5 0.0194444 1
0 0.466667 0.5 0.0194444 1
0 0.466667 0.5 0.0194444 1
0 0.466667 0.5 0.0194444 1
0 0.466667 0.5 0.0194444 1
0 0.466667 0.5 0.0194444 1
0 0.466667 0.5 0.0194444 1
0 0.466667 0.5 0.0194444 1
0 0.466667 0.5 0.0194444 1
0 0.466667 0.5 0.0194444 1
0 0.466667 0.5 0.0194444 1
0 0.466667 0.5 0.0194444 1
0 0.466667 0.5 0.0194444 1
0 0.466667 0.5 0.0194444 1
0 0.466667 0.5 0.0194444 1
0 0.466667 0.5 0.0194444 1
0 0.466667 0.5 0.0194444 1
0 0.466667 0.5 0.0194444 1
0 0.466667 0.5 0.0194444 1
0 0.466667 0.5 0.0194444 1
0 0.466667 0.5 0.0194444 1
0 0.466667 0.5 0.0194444 1
0 0.466667 0.5 0.0194444 1
0 0.466667 0.5 0.0194444 1
0 0.466667 0.5 0.0194444 1
0 0.466667 0.5 0.0194444 1
0 0.466667 0.5 0.0194444 1
0 0.466667 0.5 0.0194444 1
0 0.466667 0.5 0.0194444 1
0 0.466667 0.5 0.0194444 1
0 0.466667 0.5 0.0194444 1
0 0.466667 0.5 0.0194444 1
0 0.466667 0.5 0.0194444 1
0 0.466667 0.5 0.0194444 1
0 0.466667 0.5 0.0194444 1
0 0.466667 0.5 0.0194444 1
0 0.466667 0.5 0.0194444 1
0 0.466667 0.5 0.0194444 1
0 0.466667 0.5 0.0194444 1
0 0.466667 0.5 0.0194444 1
0 0.466667 0.5 0.0194444 1
0 0.466667 0.5 0.0194444 1
0 0.466667 0.5 0.0194444 1
0 0.466667 0.5 0.0194444 1
0 0.466667 0.5 0.0194444 1
0 0.466667 0.5 0.0194444 1
0 0.466667 0.5 0.0194444 1
0 0.466667 0.5 0.0194444 1
0 0.466667 0.5 0.0194444 1
0 0.466667 0.5 0.0194444 1
0 0.466667 0.5 0.0194444 1
0 0.466667 0.5 0.0194444 1
0 0.466667 0.5 0.0194444 1
0 0.466667 0.5 0.0194444 1
0 0.466667 0.5 0.0194444 1
0 0.466667 0.5 0.0194444 1
0 0.466667 0.5 0.0194444 1
0 0.466667 0.5 0.0194444 1
0 0.466667 0.5 0.0194444 1
0 0.466667 0.5 0.0194444 1
0 0.466667 0.5 0.0194444 1
0 0.466667 0.5 0.0194444 1
0 0.466667 0.5 0.0194444 1
0 0.466667 0.5 0.0194444 1
0 0.466667 0.5 0.0194444 1
0 0.466667 0.5 0.0194444 1
0 0.466667 0.5 0.0194444 1
0 0.466667 0.5 0.0194444 1
0 0.466667 0.5 0.0194444 1
0 0.466667 0.5 0.0194444 1
0 0.466667 0.5 0.0194444 1
0 0.466667 0.5 0.0194444 1
0 0.466667 0.5 0.0194444 1
0 0.466667 0.5 0.0194444 1
0 0.466667 0.5 0.0194444 1
0 0.466667 0.5 0.0194444 1
0 0.466667 0.5 0.0194444 1
0 0.466667 0.5 0.0194444 1
0 0.466667 0.5 0.0194444 1
0 0.466667 0.5 0.0194444 1
0 0.466667 0.5 0.0194444 1
0 0.466667 0.5 0.0194444 1
0 0.466667 0.5 0.0194444 1
0 0.466667 0.5 0.0194444 1
0 0.466667 0.5 0.0194444 1
0 0.466667 0.5 0.0194444 1
0 0.466667 0.5 0.0194444 1
0 0.466667 0.5 0.0194444 1
0 0.466667 0.5 0.0194444 1
0 0.466667 0.5 0.0194444 1
0 0.466667 0.5 0.0194444 1
0 0.466667 0.5 0.0194444 1
0 0.466667 0.5 0.0194444 1
0 0.466667 0.5 0.0194444 1
0 0.466667 0.5 0.0194444 1
0 0.466667 0.5 0.0194444 1
0 0.466667 0.5 0.0194444 1
0 0.466667 0.5 0.0194444 1
0 0.466667 0.5 0.0194444 1
0 0.466667 0.5 0.0194444 1
0 0.466667 0.5 0.0194444 1
0 0.466667 0.5 0.0194444 1
0 0.466667 0.5 0.0194444 1
0 0.466667 0.5 0.0194444 1
0 0.466667 0.5 0.0194444 1
0 0.466667 0.5 0.0194444 1
0 0.466667 0.5 0.0194444 1
0 0.466667 0.5 0.0194444 1
0 0.466667 0.5 0.0194444 1
0 0.466667 0.5 0.0194444 1
0 0.466667 0.5 0.0194444 1
0 0.466667 0.5 0.0194444 1
0 0.466667 0.5 0.0194444 1
0 0.466667 0.5 0.0194444 1
0 0.466667 0.5 0.0194444 1
0 0.466667 0.5 0.0194444 1
0 0.466667 0.5 0.0194444 1
0 0.466667 0.5 0.0194444 1
0 0.466667 0.5 0.0194444 1
0 0.466667 0.5 0.0194444 1
0 0.466667 0.5 0.0194444 1
0 0.466667 0.5 0.0194444 1
0 0.466667 0.5 0.0194444 1
0 0.466667 0.5 0.0194444 1
0 0.466667 0.5 0.0194444 1
0 0.466667 0.5 0.0194444 1
0 0.466667 0.5 0.0194444 1
0 0.466667 0.5 0.0194444 1
0 0.466667 0.5 0.0194444 1
0 0.466667 0.5 0.0194444 1
0 0.466667 0.5 0.0194444 1
0 0.466667 0.5 0.0194444 1
0 0.466667 0.5 0.0194444 1
0 0.466667 0.5 0.0194444 1
0 0.466667 0.5 0.0194444 1
0 0.466667 0.5 0.0194444 1
0 0.466667 0.5 0.0194444 1
0 0.466667 0.5 0.0194444 1
0 0.466667 0.5 0.0194444 1
0 0.466667 0.5 0.0194444 1
0 0.466667 0.5 0.0194444 1
0 0.466667 0.5 0.0194444 1
0 0.466667 0.5 0.0194444 1
0 0.466667 0.5 0.0194444 1
0 0.466667 0.5 0.0194444 1
0 0.466667 0.5 0.0194444 1
0 0.466667 0.5 0.0194444 1
0 0.466667 0.5 0.0194444 1
0 0.466667 0.5 0.0194444 1
0 0.466667 0.5 0.0194444 1
0 0.466667 0.5 0.0194444 1
0 0.466667 0.5 0.0194444 1
0 0.466667 0.5 0.0194444 1
0 0.466667 0.5 0.0194444 1
0 0.466667 0.5 0.0194444 1
0 0.466667 0.5 0.0194444 1
0 0.466667 0.5 0.0194444 1
0 0.466667 0.5 0.0194444 1
0 0.466667 0.5 0.0194444 1
0 0.466667 0.5 0.0194444 1
0 0.466667 0.5 0.0194444 1
0 0.466667 0.5 0.0194444 1
0 0.466667 0.5 0.0194444 1
0 0.466667 0.5 0.0194444 1
0 0.466667 0.5 0.0194444 1
0 0.466667 0.5 0.0194444 1
0 0.466667 0.5 0.0194444 1
0 0.466667 0.5 0.0194444 1
0 0.466667 0.5 0.0194444 1
0 0.466667 0.5 0.0194444 1
0 0.466667 0.5 0.0194444 1
0 0.466667 0.5 0.0194444 1
0 0.466667 0.5 0.0194444 1
0 0.466667 0.5 0.0194444 1
0 0.466667 0.5 0.0194444 1
0 0.466667 0.5 0.0194444 1
0 0.466667 0.5 0.0194444 1
0 0.466667 0.5 0.0194444 1
0 0.466667 0.5 0.0194444 1
0 0.466667 0.5 0.0194444 1
0 0.466667 0.5 0.0194444 1
0 0.466667 0.5 0.0194444 1
0 0.466667 0.5 0.0194444 1
0 0.466667 0.5 0.0194444 1
0 0.466667 0.5 0.0194444 1
0 0.466667 0.5 0.0194444 1
0 0.466667 0.5 0.0194444 1
0 0.466667 0.5 0.0194444 1
0 0.466667 0.5 0.0194444 1
0 0.466667 0.5 0.0194444 1
0 0.466667 0.5 0.0194444 1
0 0.466667 0.5 0.0194444 1
0 0.466667 0.5 0.0194444 1
0 0.466667 0.5 0.0194444 1
0 0.466667 0.5 0.0194444 1
0 0.466667 0.5 0.0194444 1
0 0.466667 0.5 0.0194444 1
0 0.466667 0.5 0.0194444 1
0 0.466667 0.5 0.0194444 1
0 0.466667 0.5 0.0194444 1
0 0.466667 0.5 0.0194444 1
0 0.466667 0.5 0.0194444 1
0 0.466667 0.5 0.0194444 1
0 0.466667 0.5 0.0194444 1
0 0.466667 0.5 0.0194444 1
0 0.466667 0.5 0.0194444 1
0 0.466667 0.5 0.0194444 1
0 0.466667 0.5 0.0194444 1
0 0.466667 0.5 0.0194444 1
0 0.466667 0.5 0.0194444 1
0 0.466667 0.5 0.0194444 1
0 0.466667 0.5 0.0194444 1
0 0.466667 0.5 0.0194444 1
0 0.466667 0.5 0.0194444 1
0 0.466667 0.5 0.0194444 1
0 0.466667 0.5 0.0194444 1
0 0.466667 0.5 0.0194444 1
0 0.466667 0.5 0.0194444 1
0 0.466667 0.5 0.0194444 1
0 0.466667 0.5 0.0194444 1
0 0.466667 0.5 0.0194444 1
0 0.466667 0.5 0.0194444 1
0 0.466667 0.5 0.0194444 1
0 0.466667 0.5 0.0194444 1
0 0.466667 0.5 0.0194444 1
0 0.466667 0.5 0.0194444 1
0 0.466667 0.5 0.0194444 1
0 0.466667 0.5 0.0194444 1
0 0.466667 0.5 0.0194444 1
0 0.466667 0.5 0.0194444 1
0 0.466667 0.5 0.0194444 1
0 0.466667 0.5 0.0194444 1
0 0.466667 0.5 0.0194444 1
0 0.466667 0.5 0.0194444 1
0 0.466667 0.5 0.0194444 1
0 0.466667 0.5 0.0194444 1
0 0.466667 0.5 0.0194444 1
0 0.466667 0.5 0.0194444 1
0 0.466667 0.5 0.0194444 1
0 0.466667 0.5 0.0194444 1
0 0.466667 0.5 0.0194444 1
0 0.466667 0.5 0.0194444 1
0 0.466667 0.5 0.0194444 1
0 0.466667 0.5 0.0194444 1
0 0.466667 0.5 0.0194444 1
0 0.466667 0.5 0.0194444 1
0 0.466667 0.5 0.0194444 1
0 0.466667 0.5 0.0194444 1
0 0.466667 0.5 0.0194444 1
0 0.466667 0.5 0.0194444 1
0 0.466667 0.5 0.0194444 1
0 0.466667 0.5 0.0194444 1
0 0.466667 0.5 0.0194444 1
0 0.466667 0.5 0.0194444 1
0 0.466667 0.5 0.0194444 1
0 0.466667 0.5 0.0194444 1
0 0.466667 0.5 0.0194444 1
0 0.466667 0.5 0.0194444 1
0 0.466667 0.5 0.0194444 1
0 0.466667 0.5 0.0194444 1
0 0.466667 0.5 0.0194444 1
0 0.466667 0.5 0.0194444 1
0 0.466667 0.5 0.0194444 1
0 0.466667 0.5 0.0194444 1
0 0.466667 0.5 0.0194444 1
0 0.466667 0.5 0.0194444 1
0 0.466667 0.5 0.0194444 1
0 0.466667 0.5 0.0194444 1
0 0.466667 0.5 0.0194444 1
0 0.466667 0.5 0.0194444 1
0 0.466667 0.5 0.0194444 1
0 0.466667 0.5 0.0194444 1
0 0.466667 0.5 0.0194444 1
0 0.466667 0.5 0.0194444 1
0 0.466667 0.5 0.0194444 1
0 0.466667 0.5 0.0194444 1
0 0.466667 0.5 0.0194444 1
0 0.466667 0.5 0.0194444 1
0 0.466667 0.5 0.0194444 1
0 0.466667 0.5 0.0194444 1
0 0.466667 0.5 0.0194444 1
0 0.466667 0.5 0.0194444 1
0 0.466667 0.5 0.0194444 1
0 0.466667 0.5 0.0194444 1
0 0.466667 0.5 0.0194444 1
0 0.466667 0.5 0.0194444 1
0 0.466667 0.5 0.0194444 1
0 0.466667 0.5 0.0194444 1
0 0.466667 0.5 0.0194444 1
0 0.466667 0.5 0.0194444 1
0 0.466667 0.5 0.0194444 1
0 0.466667 0.5 0.0194444 1
0 0.466667 0.5 0.0194444 1
0 0.466667 0.5 0.0194444 1
0 0.466667 0.5 0.0194444 1
0 0.466667 0.5 0.0194444 1
0 0.466667 0.5 0.0194444 1
0 0.466667 0.5 0.0194444 1
0 0.466667 0.5 0.0194444 1
0 0.466667 0.5 0.0194444 1
0 0.466667 0.5 0.0194444 1
0 0.466667 0.5 0.0194444 1
0 0.466667 0.5 0.0194444 1
0 0.466667 0.5 0.0194444 1
0 0.466667 0.5 0.0194444 1
0 0.466667 0.5 0.0194444 1
0 0.466667 0.5 0.0194444 1
0 0.466667 0.5 0.0194444 1
0 0.466667 0.5 0.0194444 1
0 0.466667 0.5 0.0194444 1
0 0.466667 0.5 0.0194444 1
0 0.466667 0.5 0.0194444 1
0 0.466667 0.5 0.0194444 1
0 0.466667 0.5 0.0194444 1
0 0.466667 0.5 0.0194444 1
0 0.466667 0.5 0.0194444 1
0 0.466667 0.5 0.0194444 1
0 0.466667 0.5 0.0194444 1
0 0.466667 0.5 0.0194444 1
0 0.466667 0.5 0.0194444 1
0 0.466667 0.5 0.0194444 1
0 0.466667 0.5 0.0194444 1
0 0.466667 0.5 0.0194444 1
0 0.466667 0.5 0.0194444 1
0 0.466667 0.5 0.0194444 1
0 0.466667 0.5 0.0194444 1
0 0.466667 0.5 0.0194444 1
0 0.466667 0.5 0.0194444 1
0 0.466667 0.5 0.0194444 1
0 0.466667 0.5 0.0194444 1
0 0.466667 0.5 0.0194444 1
0 0.466667 0.5 0.0194444 1
0 0.466667 0.5 0.0194444 1
