0 0.457639 0.5 0.0208333 1
0 0.457639 0.5 0.0208333 1
0 0.457639 0.5 0.0208333 1
0 0.457639 0.5 0.0208333 1
0 0.457639 0.5 0.0208333 1
0 0.457639 0.5 0.0208333 1
0 0.457639 0.5 0.0208333 1
0 0.457639 0.5 0.0208333 1
0 0.457639 0.5 0.0208333 1
0 0.457639 0.5 0.0208333 1
0 0.457639 0.5 0.0208333 1
0 0.457639 0.5 0.0208333 1
0 0.457639 0.5 0.0208333 1
0 0.457639 0.5 0.0208333 1
0 0.457639 0.5 0.0208333 1
0 0.457639 0.5 0.0208333 1
0 0.457639 0.5 0.0208333 1
0 0.457639 0.5 0.0208333 1
0 0.457639 0.5 0.0208333 1
0 0.457639 0.5 0.0208333 1
0 0.457639 0.5 0.0208333 1
0 0.457639 0.5 0.0208333 1
0 0.457639 0.5 0.0208333 1
0 0.457639 0.5 0.0208333 1
0 0.457639 0.5 0.0208333 1
0 0.457639 0.5 0.0208333 1
0 0.457639 0.5 0.0208333 1
0 0.457639 0.5 0.0208333 1
0 0.457639 0.5 0.0208333 1
0 0.457639 0.5 0.0208333 1
0 0.457639 0.5 0.0208333 1
0 0.457639 0.5 0.0208333 1
0 0.457639 0.5 0.0208333 1
0 0.457639 0.5 0.0208333 1
0 0.457639 0.5 0.0208333 1
0 0.457639 0.5 0.0208333 1
0 0.457639 0.5 0.0208333 1
0 0.457639 0.5 0.0208333 1
0 0.457639 0.5 0.0208333 1
0 0.457639 0.5 0.0208333 1
0 0.457639 0.5 0.0208333 1
0 0.457639 0.5 0.0208333 1
0 0.458333 0.5 0.0222222 1
0 0.458333 0.5 0.0222222 1
0 0.458333 0.5 0.0222222 1
0 0.458333 0.5 0.0222222 1
0 0.458333 0.5 0.0222222 1
0 0.458333 0.5 0.0222222 1
0 0.458333 0 0.0222222 0
0 0.458333 0 0.0222222 0
0 0.459028 0 0.0208333 0
0 0.459028 0 0.0208333 0
0 0.460417 0 0.0208333 0
0 0.4625 0 0.0194444 0
0 0.464583 0 0.0208333 0
0 0.469444 0 0.0194444 0
0 0.473611 0 0.0222222 0
0 0.477083 0 0.0208333 0
0 0.477083 0 0.0208333 0
0 0.479167 0 0.0194444 0
0 0.484028 0 0.0208333 0
0 0.484722 0 0.0222222 0
0 0.488889 0 0.0194444 0
0 0.490972 0 0.0208333 0
0 0.495139 0 0.0180556 0
0 0.495833 0 0.0222222 0
0 0.497917 0 0.0208333 0
0 0.501389 0 0.0194444 0
0 0.503472 0 0.0208333 0
0 0.505556 0 0.0222222 0
0 0.508333 0 0.0222222 0
0 0.511111 0 0.0222222 0
0 0.514583 0 0.0208333 0
0 0.516667 0 0.0222222 0
0 0.518056 0 0.0222222 0
0 0.520833 0 0.0222222 0
0 0.527083 0 0.0208333 0
0 0.529861 0 0.0208333 0
0 0.532639 0 0.0208333 0
0 0.534028 0 0.0208333 0
0 0.536111 0 0.0222222 0
0 0.538194 0 0.0208333 0
0 0.540972 0 0.0208333 0
0 0.543056 0 0.0222222 0
0 0.546528 0 0.0208333 0
0 0.550694 0 0.0208333 0
0 0.553472 0 0.0208333 0
0 0.561806 0 0.0208333 0
0 0.564583 0 0.0208333 0
0 0.567361 0 0.0208333 0
0 0.570139 0 0.0208333 0
0 0.572917 0 0.0208333 0
0 0.577083 0 0.0208333 0
0 0.581944 0 0.0194444 0
0 0.585417 0 0.0208333 0
0 0.5875 0 0.0194444 0
0 0.589583 0 0.0208333 0
0 0.590972 0 0.0208333 0
0 0.592361 0 0.0208333 0
0 0.59375 0 0.0208333 0
0 0.595139 0 0.0208333 0
0 0.596528 0 0.0208333 0
0 0.596528 0 0.0208333 0
0 0.601389 0 0.0194444 0
0 0.604167 0 0.0222222 0
0 0.605556 0 0.0194444 0
0 0.607639 0 0.0208333 0
0 0.610417 0 0.0208333 0
0 0.6125 0 0.0194444 0
0 0.614583 0 0.0208333 0
0 0.616667 0 0.0222222 0
0 0.620139 0 0.0208333 0
0 0.622222 0 0.0222222 0
0 0.623611 0 0.0222222 0
0 0.626389 0 0.0194444 0
0 0.628472 0 0.0208333 0
0 0.630556 0 0.0194444 0
0 0.635417 0 0.0208333 0
0 0.638194 0 0.0208333 0
0 0.640972 0 0.0208333 0
0 0.644444 0 0.0194444 0
0 0.647222 0 0.0194444 0
0 0.649306 0 0.0208333 0
0 0.653472 0 0.0208333 0
0 0.655556 0 0.0194444 0
0 0.659028 0 0.0208333 0
0 0.6625 0 0.0194444 0
0 0.665278 0 0.0222222 0
0 0.556944 0 0.05 0
0 0.669444 0 0.0194444 0
0 0.671528 0 0.0208333 0
0 0.672917 0 0.0208333 0
0 0.677083 0 0.0208333 0
0 0.68125 0 0.0208333 0
0 0.683333 0 0.0194444 0
0 0.683333 0 0.0194444 0
0 0.6875 0 0.0194444 0
0 0.690972 0 0.0208333 0
0 0.697917 0 0.0208333 0
0 0.7 0 0.0194444 0
0 0.704167 0 0.0222222 0
0 0.707639 0 0.0208333 0
0 0.713889 0 0.0194444 0
0 0.713889 0 0.0194444 0
0 0.722917 0 0.0208333 0
0 0.722917 0 0.0208333 0
0 0.73125 0 0.0208333 0
0 0.733333 0 0.0194444 0
0 0.736806 0 0.0208333 0
0 0.742361 0 0.0208333 0
0 0.744444 0 0.0194444 0
0 0.747917 0 0.0208333 0
0 0.752083 0 0.0208333 0
0 0.754861 0 0.0208333 0
0 0.757639 0 0.0208333 0
0 0.759722 0 0.0222222 0
0 0.7625 0 0.0194444 0
0 0.764583 0 0.0208333 0
0 0.76875 0 0.0208333 0
0 0.771528 0 0.0208333 0
0 0.775 0 0.0194444 0
0 0.776389 0 0.0194444 0
0 0.778472 0 0.0208333 0
0 0.779167 0 0.0222222 0
0 0.781944 0 0.0194444 0
0 0.786111 0 0.0194444 0
0 0.7875 0 0.0194444 0
0 0.790278 0 0.0194444 0
0 0.792361 0 0.0208333 0
0 0.796528 0 0.0180556 0
0 0.798611 0 0.0194444 0
0 0.800694 0 0.0180556 0
0 0.802778 0 0.0194444 0
0 0.805556 0 0.0194444 0
0 0.807639 0 0.0208333 0
0 0.811111 0 0.0194444 0
0 0.813194 0 0.0208333 0
0 0.815278 0 0.0194444 0
0 0.817361 0 0.0208333 0
0 0.820139 0 0.0208333 0
0 0.822222 0 0.0194444 0
0 0.824306 0 0.0180556 0
0 0.825 0 0.0194444 0
0 0.825 0 0.0194444 0
0 0.828472 0 0.0180556 0
0 0.829167 0 0.0194444 0
0 0.830556 0 0.0194444 0
0 0.830556 0 0.0194444 0
0 0.831944 0 0.0194444 0
0 0.834722 0 0.0194444 0
0 0.8375 0 0.0194444 0
0 0.8375 0 0.0194444 0
0 0.840278 0 0.0194444 0
0 0.842361 0 0.0208333 0
0 0.842361 0 0.0208333 0
0 0.845139 0 0.0180556 0
0 0.845139 0 0.0180556 0
0 0.846528 0 0.0180556 0
0 0.849306 0 0.0180556 0
0 0.850694 0 0.0180556 0
0 0.854167 0 0.0194444 0
0 0.855556 0 0.0194444 0
0 0.855556 0 0.0194444 0
0 0.856944 0 0.0194444 0
0 0.859722 0 0.0194444 0
0 0.861806 0 0.0180556 0
0 0.861806 0 0.0180556 0
0 0.863194 0 0.0180556 0
0 0.8625 0 0.0194444 0
0 0.865972 0 0.0180556 0
0 0.866667 0 0.0194444 0
0 0.868056 0 0.0194444 0
0 0.868056 0 0.0194444 0
0 0.869444 0 0.0194444 0
0 0.870833 0 0.0194444 0
0 0.872222 0 0.0194444 0
0 0.875 0 0.0194444 0
0 0.876389 0 0.0194444 0
0 0.876389 0 0.0194444 0
0 0.877778 0 0.0194444 0
0 0.879861 0 0.0208333 0
0 0.881944 0 0.0194444 0
0 0.881944 0 0.0194444 0
0 0.884028 0 0.0180556 0
0 0.886806 0 0.0180556 0
0 0.8875 0 0.0194444 0
0 0.888194 0 0.0180556 0
0 0.888194 0 0.0180556 0
0 0.890278 0 0.0194444 0
0 0.890972 0 0.0180556 0
0 0.891667 0 0.0194444 0
0 0.893056 0 0.0194444 0
0 0.893056 0 0.0194444 0
0 0.894444 0 0.0194444 0
0 0.895833 0 0.0194444 0
0 0.895833 0 0.0194444 0
0 0.897222 0 0.0194444 0
0 0.899306 0 0.0180556 0
0 0.9 0 0.0194444 0
0 0.9 0 0.0194444 0
0 0.901389 0 0.0194444 0
0 0.902778 0 0.0194444 0
0 0.902778 0 0.0194444 0
0 0.904167 0 0.0194444 0
0 0.904167 0 0.0194444 0
0 0.904861 0 0.0208333 0
0 0.905556 0 0.0194444 0
0 0.90625 0 0.0208333 0
0 0.906944 0 0.0194444 0
0 0.909028 0 0.0180556 0
0 0.910417 0 0.0180556 0
0 0.909722 0 0.0194444 0
0 0.911806 0 0.0180556 0
0 0.9125 0 0.0194444 0
0 0.913889 0 0.0194444 0
0 0.914583 0 0.0180556 0
0 0.914583 0 0.0208333 0
0 0.915278 0 0.0194444 0
0 0.915972 0 0.0208333 0
0 0.916667 0 0.0194444 0
0 0.917361 0 0.0208333 0
0 0.917361 0 0.0208333 0
0 0.918056 0 0.0194444 0
0 0.91875 0 0.0180556 0
0 0.91875 0 0.0180556 0
0 0.91875 0 0.0208333 0
0 0.919444 0 0.0194444 0
0 0.920833 0 0.0194444 0
0 0.920833 0 0.0194444 0
0 0.920833 0 0.0194444 0
0 0.920833 0 0.0194444 0
0 0.922222 0 0.0194444 0
0 0.922917 0 0.0180556 0
0 0.925 0 0.0194444 0
0 0.925 0 0.0194444 0
0 0.925 0 0.0194444 0
0 0.926389 0 0.0194444 0
0 0.926389 0 0.0194444 0
0 0.927778 0 0.0194444 0
0 0.927778 0 0.0194444 0
0 0.929861 0 0.0208333 0
0 0.930556 0 0.0194444 0
0 0.930556 0 0.0194444 0
0 0.930556 0 0.0194444 0
0 0.93125 0 0.0208333 0
0 0.931944 0 0.0194444 0
0 0.931944 0 0.0194444 0
0 0.934028 0 0.0208333 0
0 0.934028 0 0.0208333 0
0 0.934722 0 0.0194444 0
0 0.934722 0 0.0194444 0
0 0.936111 0 0.0194444 0
0 0.936806 0 0.0180556 0
0 0.936806 0 0.0180556 0
0 0.936806 0 0.0208333 0
0 0.9375 0 0.0194444 0
0 0.938194 0 0.0180556 0
0 0.938194 0 0.0180556 0
0 0.938889 0 0.0194444 0
0 0.938889 0 0.0194444 0
0 0.940278 0 0.0194444 0
0 0.941667 0 0.0194444 0
0 0.942361 0 0.0208333 0
0 0.942361 0 0.0208333 0
0 0.943056 0 0.0222222 0
0 0.94375 0 0.0208333 0
0 0.94375 0 0.0208333 0
0 0.94375 0 0.0208333 0
0 0.944444 0 0.0194444 0
0 0.945833 0 0.0194444 0
0 0.947222 0 0.0194444 0
0 0.947222 0 0.0194444 0
0 0.948611 0 0.0194444 0
0 0.948611 0 0.0194444 0
0 0.948611 0 0.0194444 0
0 0.949306 0 0.0180556 0
0 0.95 0 0.0194444 0
0 0.95 0 0.0194444 0
0 0.949306 0 0.0180556 0
0 0.95 0 0.0194444 0
0 0.950694 0 0.0180556 0
0 0.951389 0 0.0194444 0
0 0.951389 0 0.0194444 0
0 0.951389 0 0.0194444 0
0 0.952083 0 0.0208333 0
0 0.952083 0 0.0180556 0
0 0.952083 0 0.0180556 0
0 0.952083 0 0.0180556 0
0 0.952778 0 0.0194444 0
0 0.952778 0 0.0194444 0
0 0.952778 0 0.0194444 0
0 0.952778 0 0.0194444 0
0 0.954167 0 0.0194444 0
0 0.952778 0 0.0194444 0
0 0.952778 0 0.0194444 0
0 0.952778 0 0.0194444 0
0 0.952778 0 0.0194444 0
0 0.952778 0 0.0194444 0
0 0.952778 0 0.0194444 0
0 0.952778 0 0.0194444 0
0 0.952778 0 0.0194444 0
0 0.952778 0 0.0194444 0
0 0.952778 0 0.0194444 0
0 0.952083 0 0.0180556 0
0 0.952083 0 0.0180556 0
0 0.951389 0 0.0194444 0
0 0.951389 0 0.0194444 0
0 0.950694 0 0.0180556 0
0 0.95 0 0.0194444 0
0 0.949306 0 0.0180556 0
0 0.949306 0 0.0180556 0
0 0.949306 0 0.0180556 0
0 0.948611 0 0.0194444 0
0 0.947917 0 0.0180556 0
0 0.947222 0 0.0194444 0
0 0.947222 0 0.0194444 0
0 0.945833 0 0.0194444 0
0 0.946528 0 0.0180556 0
0 0.945833 0 0.0194444 0
0 0.945139 0 0.0180556 0
0 0.944444 0 0.0194444 0
0 0.94375 0 0.0208333 0
0 0.94375 0 0.0208333 0
0 0.943056 0 0.0194444 0
0 0.942361 0 0.0208333 0
0 0.942361 0 0.0208333 0
0 0.941667 0 0.0194444 0
0 0.940972 0 0.0180556 0
0 0.938889 0 0.0194444 0
0 0.938889 0 0.0194444 0
0 0.938194 0 0.0180556 0
0 0.9375 0 0.0194444 0
0 0.9375 0 0.0194444 0
0 0.936806 0 0.0180556 0
0 0.936806 0 0.0180556 0
0 0.936806 0 0.0180556 0
0 0.934028 0 0.0208333 0
0 0.933333 0 0.0194444 0
0 0.932639 0 0.0180556 0
0 0.931944 0 0.0194444 0
0 0.93125 0 0.0208333 0
0 0.93125 0 0.0208333 0
0 0.930556 0 0.0194444 0
0 0.930556 0 0.0194444 0
0 0.930556 0 0.0194444 0
0 0.929167 0 0.0194444 0
0 0.929167 0 0.0194444 0
0 0.927778 0 0.0194444 0
0 0.927083 0 0.0180556 0
0 0.926389 0 0.0194444 0
0 0.925 0 0.0194444 0
0 0.924306 0 0.0180556 0
0 0.924306 0 0.0180556 0
0 0.923611 0 0.0194444 0
0 0.922917 0 0.0180556 0
0 0.922917 0 0.0180556 0
0 0.921528 0 0.0180556 0
0 0.920139 0 0.0180556 0
0 0.919444 0 0.0194444 0
0 0.918056 0 0.0222222 0
0 0.918056 0 0.0222222 0
0 0.918056 0 0.0194444 0
0 0.916667 0 0.0194444 0
0 0.915972 0 0.0180556 0
0 0.915278 0 0.0194444 0
0 0.914583 0 0.0180556 0
0 0.913889 0 0.0194444 0
0 0.913889 0 0.0194444 0
0 0.913194 0 0.0180556 0
0 0.9125 0 0.0194444 0
0 0.911806 0 0.0180556 0
0 0.911806 0 0.0180556 0
0 0.911111 0 0.0194444 0
0 0.909722 0 0.0194444 0
0 0.909722 0 0.0194444 0
0 0.907639 0 0.0180556 0
0 0.90625 0 0.0180556 0
0 0.90625 0 0.0180556 0
0 0.90625 0 0.0180556 0
0 0.904861 0 0.0180556 0
0 0.904167 0 0.0194444 0
0 0.903472 0 0.0180556 0
0 0.904167 0 0.0166667 0
0 0.902083 0 0.0180556 0
0 0.900694 0 0.0180556 0
0 0.900694 0 0.0152778 0
0 0.901389 0 0.0166667 0
0 0.898611 0 0.0166667 0
0 0.897917 0 0.0180556 0
0 0.897917 0 0.0180556 0
0 0.896528 0 0.0180556 0
0 0.895833 0 0.0166667 0
0 0.894444 0 0.0166667 0
0 0.894444 0 0.0166667 0
0 0.895139 0 0.0152778 0
0 0.893056 0 0.0166667 0
0 0.893056 0 0.0166667 0
0 0.893056 0 0.0138889 0
0 0.892361 0 0.0125 0
0 0.891667 0 0.0166667 0
0 0.890972 0 0.0125 0
0 0.890278 0 0.0166667 0
0 0.890278 0 0.0166667 0
0 0.888889 0 0.0166667 0
0 0.889583 0 0.0152778 0
0 0.886111 0 0.0138889 0
0 0.886111 0 0.0138889 0
0 0.886111 0 0.0138889 0
0 0.885417 0 0.0125 0
0 0.884722 0 0.0138889 0
0 0.884028 0 0.0152778 0
0 0.883333 0 0.0166667 0
0 0.88125 0 0.0152778 0
0 0.879861 0 0.0125 0
0 0.879167 0 0.0138889 0
0 0.877083 0 0.0152778 0
0 0.877083 0 0.0152778 0
0 0.875 0 0.0138889 0
0 0.873611 0 0.0138889 0
0 0.873611 0 0.0138889 0
0 0.872917 0 0.0152778 0
0 0.871528 0 0.0180556 0
0 0.871528 0 0.0152778 0
0 0.870139 0 0.0152778 0
0 0.870833 0 0.0138889 0
0 0.86875 0 0.0125 0
0 0.868056 0 0.0138889 0
0 0.867361 0 0.0180556 0
0 0.866667 0 0.0166667 0
0 0.867361 0 0.0125 0
0 0.867361 0 0.0125 0
0 0.865278 0 0.0166667 0
0 0.864583 0 0.0180556 0
0 0.863889 0 0.0138889 0
0 0.861111 0 0.0138889 0
0 0.860417 0 0.0152778 0
0 0.859722 0 0.0166667 0
0 0.857639 0 0.0180556 0
0 0.858333 0 0.0166667 0
0 0.85625 0 0.0180556 0
0 0.85625 0 0.0152778 0
0 0.854167 0 0.0166667 0
0 0.854167 0 0.0166667 0
0 0.853472 0 0.0180556 0
0 0.852083 0 0.0180556 0
0 0.852778 0 0.0166667 0
0 0.85 0 0.0166667 0
0 0.85 0 0.0166667 0
0 0.849306 0 0.0180556 0
0 0.847917 0 0.0180556 0
0 0.846528 0 0.0180556 0
0 0.845833 0 0.0166667 0
0 0.844444 0 0.0194444 0
0 0.84375 0 0.0180556 0
0 0.843056 0 0.0194444 0
0 0.841667 0 0.0194444 0
0 0.839583 0 0.0180556 0
0 0.838889 0 0.0194444 0
0 0.838194 0 0.0180556 0
0 0.836806 0 0.0180556 0
0 0.835417 0 0.0180556 0
0 0.834722 0 0.0194444 0
0 0.831944 0 0.0194444 0
0 0.83125 0 0.0208333 0
0 0.829861 0 0.0180556 0
0 0.829167 0 0.0194444 0
0 0.827778 0 0.0166667 0
0 0.826389 0 0.0166667 0
0 0.826389 0 0.0166667 0
0 0.825 0 0.0166667 0
0 0.824306 0 0.0180556 0
0 0.822222 0 0.0194444 0
0 0.820833 0 0.0194444 0
0 0.818056 0 0.0194444 0
0 0.815972 0 0.0180556 0
0 0.815972 0 0.0180556 0
0 0.815972 0 0.0180556 0
0 0.813889 0 0.0166667 0
0 0.813194 0 0.0180556 0
0 0.811111 0 0.0166667 0
0 0.809722 0 0.0166667 0
0 0.807639 0 0.0180556 0
0 0.805556 0 0.0194444 0
0 0.804861 0 0.0180556 0
0 0.804167 0 0.0166667 0
0 0.802083 0 0.0180556 0
0 0.801389 0 0.0166667 0
0 0.801389 0 0.0166667 0
0 0.8 0 0.0194444 0
0 0.799306 0 0.0180556 0
0 0.794444 0 0.0194444 0
0 0.793056 0 0.0194444 0
0 0.793056 0 0.0194444 0
0 0.790972 0 0.0180556 0
0 0.789583 0 0.0180556 0
0 0.7875 0 0.0166667 0
0 0.786111 0 0.0166667 0
0 0.786111 0 0.0166667 0
0 0.782639 0 0.0180556 0
0 0.78125 0 0.0180556 0
0 0.780556 0 0.0194444 0
0 0.779861 0 0.0180556 0
0 0.777778 0 0.0166667 0
0 0.775694 0 0.0180556 0
0 0.775 0 0.0166667 0
0 0.773611 0 0.0166667 0
0 0.771528 0 0.0180556 0
0 0.770139 0 0.0180556 0
0 0.768056 0 0.0194444 0
0 0.768056 0 0.0194444 0
0 0.766667 0 0.0194444 0
0 0.764583 0 0.0180556 0
0 0.7625 0 0.0166667 0
0 0.761806 0 0.0180556 0
0 0.760417 0 0.0180556 0
0 0.757639 0 0.0180556 0
0 0.755556 0 0.0194444 0
0 0.754861 0 0.0180556 0
0 0.754861 0 0.0180556 0
0 0.752778 0 0.0166667 0
0 0.750694 0 0.0152778 0
0 0.748611 0 0.0166667 0
0 0.747917 0 0.0180556 0
0 0.746528 0 0.0180556 0
0 0.745139 0 0.0180556 0
0 0.74375 0 0.0180556 0
0 0.740278 0 0.0166667 0
0 0.738889 0 0.0166667 0
0 0.7375 0 0.0166667 0
0 0.7375 0 0.0166667 0
0 0.734722 0 0.0166667 0
0 0.734028 0 0.0180556 0
0 0.734028 0 0.0180556 0
0 0.730556 0 0.0166667 0
0 0.730556 0 0.0166667 0
0 0.729861 0 0.0180556 0
0 0.727778 0 0.0166667 0
0 0.725 0 0.0166667 0
0 0.724306 0 0.0152778 0
0 0.722917 0 0.0152778 0
0 0.722222 0 0.0166667 0
0 0.721528 0 0.0180556 0
0 0.719444 0 0.0166667 0
0 0.718056 0 0.0166667 0
0 0.718056 0 0.0166667 0
0 0.716667 0 0.0166667 0
0 0.713889 0 0.0166667 0
0 0.713889 0 0.0166667 0
0 0.7125 0 0.0166667 0
0 0.711111 0 0.0166667 0
0 0.711111 0 0.0166667 0
0 0.708333 0 0.0166667 0
0 0.708333 0 0.0166667 0
0 0.706944 0 0.0166667 0
0 0.70625 0 0.0152778 0
0 0.704861 0 0.0152778 0
0 0.704167 0 0.0166667 0
0 0.702778 0 0.0166667 0
0 0.701389 0 0.0166667 0
0 0.7 0 0.0166667 0
0 0.698611 0 0.0166667 0
0 0.697222 0 0.0166667 0
0 0.697222 0 0.0166667 0
0 0.695833 0 0.0166667 0
0 0.693056 0 0.0166667 0
0 0.691667 0 0.0166667 0
0 0.691667 0 0.0166667 0
0 0.691667 0 0.0166667 0
0 0.690278 0 0.0166667 0
0 0.688889 0 0.0166667 0
0 0.688194 0 0.0152778 0
0 0.686806 0 0.0152778 0
0 0.686111 0 0.0166667 0
0 0.685417 0 0.0152778 0
0 0.684028 0 0.0152778 0
0 0.682639 0 0.0152778 0
0 0.680556 0 0.0166667 0
0 0.679861 0 0.0152778 0
0 0.678472 0 0.0152778 0
0 0.678472 0 0.0152778 0
0 0.677083 0 0.0152778 0
0 0.676389 0 0.0166667 0
0 0.675694 0 0.0152778 0
0 0.674306 0 0.0152778 0
0 0.672917 0 0.0152778 0
0 0.672222 0 0.0166667 0
0 0.670833 0 0.0166667 0
0 0.670833 0 0.0166667 0
0 0.670139 0 0.0152778 0
0 0.66875 0 0.0152778 0
0 0.667361 0 0.0152778 0
0 0.667361 0 0.0152778 0
0 0.666667 0 0.0166667 0
0 0.665278 0 0.0166667 0
0 0.664583 0 0.0152778 0
0 0.6625 0 0.0138889 0
0 0.6625 0 0.0138889 0
0 0.661111 0 0.0166667 0
0 0.660417 0 0.0152778 0
0 0.659028 0 0.0152778 0
0 0.658333 0 0.0166667 0
0 0.65625 0 0.0152778 0
0 0.654167 0 0.0138889 0
0 0.653472 0 0.0152778 0
0 0.652083 0 0.0152778 0
0 0.651389 0 0.0138889 0
0 0.65 0 0.0138889 0
0 0.649306 0 0.0152778 0
0 0.647917 0 0.0152778 0
0 0.647917 0 0.0152778 0
0 0.646528 0 0.0152778 0
0 0.645139 0 0.0152778 0
0 0.644444 0 0.0138889 0
0 0.64375 0 0.0152778 0
0 0.642361 0 0.0152778 0
0 0.640972 0 0.0152778 0
0 0.639583 0 0.0152778 0
0 0.638889 0 0.0138889 0
0 0.6375 0 0.0138889 0
0 0.636111 0 0.0138889 0
0 0.635417 0 0.0152778 0
0 0.634028 0 0.0152778 0
0 0.632639 0 0.0152778 0
0 0.631944 0 0.0138889 0
0 0.630556 0 0.0138889 0
0 0.629167 0 0.0138889 0
0 0.627083 0 0.0152778 0
0 0.627083 0 0.0152778 0
0 0.625 0 0.0138889 0
0 0.625 0 0.0138889 0
0 0.625 0 0.0138889 0
0 0.622917 0 0.0152778 0
0 0.622222 0 0.0138889 0
0 0.620833 0 0.0138889 0
0 0.619444 0 0.0138889 0
0 0.61875 0 0.0125 0
0 0.616667 0 0.0138889 0
0 0.616667 0 0.0138889 0
0 0.615278 0 0.0138889 0
0 0.613889 0 0.0138889 0
0 0.613194 0 0.0125 0
0 0.611111 0 0.0138889 0
0 0.610417 0 0.0152778 0
0 0.609028 0 0.0152778 0
0 0.607639 0 0.0152778 0
0 0.606944 0 0.0138889 0
0 0.605556 0 0.0138889 0
0 0.603472 0 0.0152778 0
0 0.602778 0 0.0138889 0
0 0.600694 0 0.0125 0
0 0.600694 0 0.0125 0
0 0.599306 0 0.0125 0
0 0.598611 0 0.0138889 0
0 0.597222 0 0.0138889 0
0 0.595833 0 0.0138889 0
0 0.595139 0 0.0125 0
0 0.59375 0 0.0125 0
0 0.592361 0 0.0125 0
0 0.590972 0 0.0125 0
0 0.590278 0 0.0138889 0
0 0.588889 0 0.0138889 0
0 0.588194 0 0.0125 0
0 0.588194 0 0.0125 0
0 0.586806 0 0.0125 0
0 0.584722 0 0.0138889 0
0 0.584722 0 0.0138889 0
0 0.583333 0 0.0138889 0
0 0.58125 0 0.0125 0
0 0.580556 0 0.0111111 0
0 0.579167 0 0.0138889 0
0 0.578472 0 0.0125 0
0 0.577778 0 0.0138889 0
0 0.576389 0 0.0138889 0
0 0.574306 0 0.0125 0
0 0.573611 0 0.0138889 0
0 0.572222 0 0.0138889 0
0 0.571528 0 0.0125 0
0 0.570833 0 0.0138889 0
0 0.569444 0 0.0138889 0
0 0.568056 0 0.0111111 0
0 0.567361 0 0.0125 0
0 0.565972 0 0.0125 0
0 0.564583 0 0.0125 0
0 0.563194 0 0.0125 0
0 0.563194 0 0.0125 0
0 0.5625 0 0.0111111 0
0 0.561806 0 0.00972222 0
0 0.560417 0 0.0125 0
0 0.559722 0 0.0138889 0
0 0.558333 0 0.0138889 0
0 0.557639 0 0.0125 0
0 0.55625 0 0.0125 0
0 0.55625 0 0.0125 0
0 0.554861 0 0.0125 0
0 0.553472 0 0.0125 0
0 0.552778 0 0.0138889 0
0 0.552778 0 0.0138889 0
0 0.550694 0 0.0125 0
0 0.550694 0 0.0125 0
0 0.55 0 0.0111111 0
0 0.549306 0 0.0125 0
0 0.548611 0 0.0111111 0
0 0.547917 0 0.0125 0
0 0.547917 0 0.0125 0
0 0.546528 0 0.0125 0
0 0.545139 0 0.0125 0
0 0.545139 0 0.0125 0
0 0.54375 0 0.0125 0
0 0.54375 0 0.0125 0
0 0.541667 0 0.0111111 0
0 0.541667 0 0.0111111 0
0 0.540278 0 0.0111111 0
0 0.540278 0 0.0111111 0
0 0.538889 0 0.0111111 0
0 0.538889 0 0.0111111 0
0 0.5375 0 0.0111111 0
0 0.5375 0 0.0111111 0
0 0.536806 0 0.0125 0
0 0.536111 0 0.0111111 0
0 0.535417 0 0.0125 0
0 0.534722 0 0.0111111 0
0 0.534028 0 0.0125 0
0 0.534028 0 0.0125 0
0 0.532639 0 0.0125 0
0 0.531944 0 0.0111111 0
0 0.532639 0 0.00972222 0
0 0.531944 0 0.0111111 0
0 0.530556 0 0.0111111 0
0 0.530556 0 0.0111111 0
0 0.529861 0 0.00972222 0
0 0.529861 0 0.0152778 0
0 0.529861 0 0.00972222 0
0 0.529167 0 0.0111111 0
0 0.529167 0 0.0111111 0
0 0.528472 0 0.00972222 0
0 0.527778 0 0.0111111 0
0 0.527083 0 0.00972222 0
0 0.527083 0 0.00972222 0
0 0.526389 0 0.0111111 0
0 0.526389 0 0.0111111 0
0 0.526389 0 0.0111111 0
0 0.525 0 0.0111111 0
0 0.524306 0 0.00972222 0
0 0.524306 0 0.00972222 0
0 0.523611 0 0.0111111 0
0 0.522917 0 0.00972222 0
0 0.522917 0 0.00972222 0
0 0.521528 0 0.00972222 0
0 0.522222 0 0.0111111 0
0 0.521528 0 0.00972222 0
0 0.520833 0 0.0111111 0
0 0.520139 0 0.0125 0
0 0.519444 0 0.0111111 0
0 0.519444 0 0.0111111 0
0 0.51875 0 0.00972222 0
0 0.51875 0 0.00972222 0
0 0.51875 0 0.00972222 0
0 0.51875 0 0.00972222 0
0 0.518056 0 0.00833333 0
0 0.516667 0 0.00833333 0
0 0.517361 0 0.00972222 0
0 0.516667 0 0.00833333 0
0 0.515972 0 0.00972222 0
0 0.515972 0 0.00972222 0
0 0.515278 0 0.00833333 0
0 0.515278 0 0.00833333 0
0 0.515278 0 0.00833333 0
0 0.514583 0 0.00972222 0
0 0.513889 0 0.00833333 0
0 0.513889 0 0.00833333 0
0 0.513889 0 0.00833333 0
0 0.513194 0 0.00972222 0
0 0.513194 0 0.00972222 0
0 0.5125 0 0.00833333 0
0 0.5125 0 0.00833333 0
0 0.511111 0 0.00833333 0
0 0.511806 0 0.00694444 0
0 0.511111 0 0.00833333 0
0 0.511111 0 0.00833333 0
0 0.510417 0 0.00972222 0
0 0.509722 0 0.00833333 0
0 0.509028 0 0.00972222 0
0 0.509028 0 0.00694444 0
0 0.508333 0 0.0111111 0
0 0.507639 0 0.00972222 0
0 0.507639 0 0.00972222 0
0 0.507639 0 0.00694444 0
0 0.50625 0 0.00972222 0
0 0.50625 0 0.00972222 0
0 0.506944 0 0.00833333 0
0 0.50625 0 0.00694444 0
0 0.505556 0 0.00833333 0
0 0.504861 0 0.00694444 0
0 0.504167 0 0.00833333 0
0 0.503472 0 0.00694444 0
0 0.503472 0 0.00694444 0
0 0.503472 0 0.00694444 0
0 0.502083 0 0.00694444 0
0 0.501389 0 0.00833333 0
0 0.501389 0 0.00833333 0
0 0.500694 0 0.00694444 0
0 0.500694 0 0.00694444 0
0 0.500694 0 0.00694444 0
0 0.5 0 0.00833333 0
0 0.498611 0 0.00555556 0
0 0.5 0 0.00833333 0
0 0.499306 0 0.00694444 0
0 0.499306 0 0.00694444 0
0 0.497917 0 0.00694444 0
0 0.496528 0 0.00694444 0
0 0.495833 0 0.00833333 0
0 0.49375 0 0.00694444 0
0 0.49375 0 0.00694444 0
0 0.49375 0 0.00694444 0
0 0.49375 0 0.00694444 0
0 0.493056 0 0.00555556 0
0 0.503472 0.5 0.0513889 1
0 0.503472 0.5 0.0513889 1
0 0.502778 0.5 0.05 1
0 0.503472 0.5 0.0513889 1
0 0.46875 0 0.0208333 0
0 0.46875 0 0.0208333 0
0 0.466667 0 0.0222222 0
0 0.465278 0 0.0222222 0
0 0.465278 0 0.0222222 0
0 0.464583 0 0.0208333 0
0 0.459722 0 0.0222222 0
0 0.458333 0 0.0222222 0
0 0.457639 0 0.0208333 0
0 0.456944 0 0.0222222 0
0 0.456944 0 0.0222222 0
0 0.455556 0 0.0222222 0
0 0.454861 0 0.0236111 0
0 0.454167 0 0.0222222 0
0 0.454167 0 0.0222222 0
0 0.453472 0 0.0236111 0
0 0.452778 0 0.0222222 0
0 0.452778 0 0.0222222 0
0 0.452778 0 0.0222222 0
0 0.452778 0 0.0222222 0
0 0.453472 0 0.0208333 0
0 0.453472 0 0.0208333 0
0 0.454167 0 0.0222222 0
0 0.454167 0 0.0222222 0
0 0.454167 0 0.0222222 0
0 0.454167 0.5 0.0222222 1
0 0.454167 0.5 0.0222222 1
0 0.454861 0.5 0.0208333 1
0 0.454861 0.5 0.0208333 1
0 0.454861 0.5 0.0208333 1
0 0.454861 0.5 0.0208333 1
0 0.454861 0.5 0.0208333 1
0 0.454861 0.5 0.0208333 1
0 0.454861 0.5 0.0208333 1
0 0.454861 0.5 0.0208333 1
0 0.454861 0.5 0.0208333 1
0 0.454861 0.5 0.0208333 1
0 0.454861 0.5 0.0208333 1
0 0.454861 0.5 0.0208333 1
0 0.454861 0.5 0.0208333 1
0 0.454167 0.5 0.0222222 1
0 0.454861 0.5 0.0208333 1
0 0.454861 0.5 0.0208333 1
0 0.454167 0.5 0.0222222 1
0 0.454167 0.5 0.0222222 1
0 0.454861 0.5 0.0208333 1
0 0.454861 0.5 0.0208333 1
0 0.454861 0.5 0.0208333 1
0 0.454861 0.5 0.0208333 1
0 0.454861 0.5 0.0208333 1
0 0.454861 0.5 0.0208333 1
0 0.454861 0.5 0.0208333 1
0 0.454861 0.5 0.0208333 1
0 0.454861 0.5 0.0208333 1
0 0.454861 0.5 0.0208333 1
0 0.454861 0.5 0.0208333 1
0 0.454861 0.5 0.0208333 1
0 0.454861 0.5 0.0208333 1
0 0.454861 0.5 0.0208333 1
0 0.454861 0.5 0.0208333 1
0 0.454861 0.5 0.0208333 1
0 0.454861 0.5 0.0208333 1
0 0.454861 0.5 0.0208333 1
0 0.454861 0.5 0.0208333 1
0 0.454861 0.5 0.0208333 1
0 0.454861 0.5 0.0208333 1
0 0.454861 0.5 0.0208333 1
0 0.454861 0.5 0.0208333 1
0 0.454861 0.5 0.0208333 1
0 0.454861 0.5 0.0208333 1
0 0.454861 0.5 0.0208333 1
0 0.454861 0.5 0.0208333 1
0 0.454861 0.5 0.0208333 1
0 0.454861 0.5 0.0208333 1
0 0.454861 0.5 0.0208333 1
0 0.454861 0.5 0.0208333 1
0 0.454861 0.5 0.0208333 1
0 0.454861 0.5 0.0208333 1
0 0.454861 0.5 0.0208333 1
0 0.454861 0.5 0.0208333 1
0 0.454861 0.5 0.0208333 1
0 0.454861 0.5 0.0208333 1
0 0.454861 0.5 0.0208333 1
0 0.454861 0.5 0.0208333 1
0 0.454861 0.5 0.0208333 1
0 0.454861 0.5 0.0208333 1
0 0.454861 0.5 0.0208333 1
0 0.454861 0.5 0.0208333 1
0 0.454861 0.5 0.0208333 1
0 0.454861 0.5 0.0208333 1
0 0.454861 0.5 0.0208333 1
0 0.454861 0.5 0.0208333 1
0 0.454861 0.5 0.0208333 1
0 0.454861 0.5 0.0208333 1
0 0.454861 0.5 0.0208333 1
0 0.454861 0.5 0.0208333 1
0 0.454861 0.5 0.0208333 1
0 0.454861 0.5 0.0208333 1
0 0.454861 0.5 0.0208333 1
0 0.454861 0.5 0.0208333 1
0 0.454861 0.5 0.0208333 1
0 0.454861 0.5 0.0208333 1
0 0.454861 0.5 0.0208333 1
0 0.454861 0.5 0.0208333 1
0 0.454861 0.5 0.0208333 1
0 0.454861 0.5 0.0208333 1
0 0.454861 0.5 0.0208333 1
0 0.454861 0.5 0.0208333 1
0 0.454861 0.5 0.0208333 1
0 0.454861 0.5 0.0208333 1
0 0.454861 0.5 0.0208333 1
0 0.454861 0.5 0.0208333 1
0 0.454861 0.5 0.0208333 1
0 0.454861 0.5 0.0208333 1
0 0.454861 0.5 0.0208333 1
0 0.454861 0.5 0.0208333 1
0 0.454861 0.5 0.0208333 1
0 0.454861 0.5 0.0208333 1
0 0.454861 0.5 0.0208333 1
0 0.454861 0.5 0.0208333 1
0 0.454861 0.5 0.0208333 1
0 0.454861 0.5 0.0208333 1
0 0.454861 0.5 0.0208333 1
0 0.454861 0.5 0.0208333 1
0 0.454861 0.5 0.0208333 1
0 0.454861 0.5 0.0208333 1
0 0.454861 0.5 0.0208333 1
0 0.454861 0.5 0.0208333 1
0 0.454861 0.5 0.0208333 1
0 0.454861 0.5 0.0208333 1
0 0.454861 0.5 0.0208333 1
0 0.454861 0.5 0.0208333 1
0 0.454861 0.5 0.0208333 1
0 0.454861 0.5 0.0208333 1
0 0.454861 0.5 0.0208333 1
0 0.454861 0.5 0.0208333 1
0 0.454861 0.5 0.0208333 1
0 0.454861 0.5 0.0208333 1
0 0.454861 0.5 0.0208333 1
0 0.454861 0.5 0.0208333 1
0 0.454861 0.5 0.0208333 1
0 0.454861 0.5 0.0208333 1
0 0.454861 0.5 0.0208333 1
0 0.454861 0.5 0.0208333 1
0 0.454861 0.5 0.0208333 1
0 0.454861 0.5 0.0208333 1
0 0.454861 0.5 0.0208333 1
0 0.454861 0.5 0.0208333 1
0 0.454861 0.5 0.0208333 1
0 0.454861 0.5 0.0208333 1
0 0.454861 0.5 0.0208333 1
0 0.454861 0.5 0.0208333 1
0 0.454861 0.5 0.0208333 1
0 0.454861 0.5 0.0208333 1
0 0.454861 0.5 0.0208333 1
0 0.454861 0.5 0.0208333 1
0 0.454861 0.5 0.0208333 1
0 0.454861 0.5 0.0208333 1
0 0.454861 0.5 0.0208333 1
0 0.454861 0.5 0.0208333 1
0 0.454861 0.5 0.0208333 1
0 0.454861 0.5 0.0208333 1
0 0.454861 0.5 0.0208333 1
0 0.454861 0.5 0.0208333 1
0 0.454861 0.5 0.0208333 1
0 0.454861 0.5 0.0208333 1
0 0.454861 0.5 0.0208333 1
0 0.454861 0.5 0.0208333 1
0 0.454861 0.5 0.0208333 1
0 0.454861 0.5 0.0208333 1
0 0.454861 0.5 0.0208333 1
0 0.454861 0.5 0.0208333 1
0 0.454861 0.5 0.0208333 1
0 0.454861 0.5 0.0208333 1
0 0.454861 0.5 0.0208333 1
0 0.454861 0.5 0.0208333 1
0 0.454861 0.5 0.0208333 1
0 0.454861 0.5 0.0208333 1
0 0.454861 0.5 0.0208333 1
0 0.454861 0.5 0.0208333 1
0 0.454861 0.5 0.0208333 1
0 0.454861 0.5 0.0208333 1
0 0.454861 0.5 0.0208333 1
0 0.454861 0.5 0.0208333 1
0 0.454861 0.5 0.0208333 1
0 0.454861 0.5 0.0208333 1
0 0.454167 0.5 0.0222222 1
0 0.454167 0.5 0.0222222 1
0 0.454167 0.5 0.0222222 1
0 0.454167 0.5 0.0222222 1
0 0.454167 0.5 0.0222222 1
0 0.454861 0.5 0.0208333 1
0 0.454861 0.5 0.0208333 1
0 0.454167 0.5 0.0222222 1
0 0.454861 0.5 0.0208333 1
0 0.454167 0.5 0.0222222 1
0 0.454167 0.5 0.0222222 1
0 0.454167 0.5 0.0222222 1
0 0.454167 0.5 0.0222222 1
0 0.454167 0.5 0.0222222 1
0 0.454167 0.5 0.0222222 1
0 0.454167 0.5 0.0222222 1
0 0.454167 0.5 0.0222222 1
0 0.454167 0.5 0.0222222 1
0 0.454167 0.5 0.0222222 1
0 0.454861 0.5 0.0208333 1
0 0.454167 0.5 0.0222222 1
0 0.454167 0.5 0.0222222 1
0 0.454167 0.5 0.0222222 1
0 0.454167 0.5 0.0222222 1
0 0.454167 0.5 0.0222222 1
0 0.454167 0.5 0.0222222 1
0 0.454167 0.5 0.0222222 1
0 0.454167 0.5 0.0222222 1
0 0.454167 0.5 0.0222222 1
0 0.454861 0.5 0.0208333 1
0 0.454861 0.5 0.0208333 1
0 0.454861 0.5 0.0208333 1
0 0.454861 0.5 0.0208333 1
0 0.454861 0.5 0.0208333 1
0 0.454861 0.5 0.0208333 1
0 0.454861 0.5 0.0208333 1
0 0.454861 0.5 0.0208333 1
0 0.454167 0.5 0.0222222 1
0 0.454167 0.5 0.0222222 1
0 0.454167 0.5 0.0222222 1
0 0.454167 0.5 0.0222222 1
0 0.454861 0.5 0.0208333 1
0 0.454861 0.5 0.0208333 1
0 0.454861 0.5 0.0208333 1
0 0.454861 0.5 0.0208333 1
0 0.454861 0.5 0.0208333 1
0 0.454167 0.5 0.0222222 1
0 0.454167 0.5 0.0222222 1
0 0.454167 0.5 0.0222222 1
0 0.454167 0.5 0.0222222 1
0 0.454167 0.5 0.0222222 1
0 0.454167 0.5 0.0222222 1
0 0.454167 0.5 0.0222222 1
0 0.454167 0.5 0.0222222 1
0 0.454167 0.5 0.0222222 1
0 0.454167 0.5 0.0222222 1
0 0.454167 0.5 0.0222222 1
0 0.454167 0.5 0.0222222 1
0 0.454167 0.5 0.0222222 1
0 0.454167 0.5 0.0222222 1
0 0.454167 0.5 0.0222222 1
0 0.454167 0.5 0.0222222 1
0 0.454167 0.5 0.0222222 1
0 0.454167 0.5 0.0222222 1
0 0.454167 0.5 0.0222222 1
0 0.454167 0.5 0.0222222 1
0 0.454167 0.5 0.0222222 1
0 0.454167 0.5 0.0222222 1
0 0.454167 0.5 0.0222222 1
0 0.454167 0.5 0.0222222 1
0 0.455556 0.5 0.0222222 1
0 0.45625 0.5 0.0208333 1
0 0.45625 0.5 0.0208333 1
0 0.456944 0.5 0.0194444 1
0 0.457639 0.5 0.0208333 1
0 0.457639 0.5 0.0208333 1
0 0.457639 0.5 0.0208333 1
0 0.457639 0.5 0.0208333 1
0 0.457639 0.5 0.0208333 1
0 0.457639 0.5 0.0208333 1
0 0.458333 0.5 0.0222222 1
