0 0.545833 0 0.0416667 0
0 0.625 0 0.0138889 0
0 0.515972 1 0.0486111 0
0 0.545833 0 0.0416667 0
0 0.625 0 0.0138889 0
0 0.517361 1 0.0486111 0
0 0.386111 0 0.0166667 0
0 0.545139 0 0.0430556 0
0 0.625 0 0.0138889 0
0 0.517361 1 0.0486111 0
0 0.545139 0 0.0430556 0
0 0.625 0 0.0138889 0
0 0.517361 1 0.0486111 0
0 0.545833 0 0.0416667 0
0 0.625 0 0.0138889 0
0 0.517361 1 0.0486111 0
0 0.545139 0 0.0430556 0
0 0.625 0 0.0138889 0
0 0.517361 1 0.0486111 0
0 0.545139 0 0.0430556 0
0 0.625 0 0.0138889 0
0 0.517361 1 0.0486111 0
0 0.386111 0 0.0166667 0
0 0.545139 0 0.0430556 0
0 0.625 0 0.0138889 0
0 0.517361 1 0.0486111 0
0 0.545139 0 0.0430556 0
0 0.625 0 0.0138889 0
0 0.517361 1 0.0486111 0
0 0.386111 0 0.0166667 0
0 0.545139 0 0.0430556 0
0 0.625 0 0.0138889 0
0 0.517361 1 0.0486111 0
0 0.545139 0 0.0430556 0
0 0.625 0 0.0138889 0
0 0.517361 1 0.0486111 0
0 0.386111 0 0.0166667 0
0 0.545139 0 0.0430556 0
0 0.625 0 0.0138889 0
0 0.517361 1 0.0486111 0
0 0.386111 0 0.0166667 0
0 0.625 0 0.0138889 0
0 0.545139 0 0.0430556 0
0 0.517361 1 0.0486111 0
0 0.545833 0 0.0416667 0
0 0.625 0 0.0138889 0
0 0.517361 1 0.0486111 0
0 0.386111 0 0.0166667 0
0 0.545139 0 0.0430556 0
0 0.625 0 0.0138889 0
0 0.517361 1 0.0486111 0
0 0.386111 0 0.0166667 0
0 0.545139 0 0.0430556 0
0 0.625 0 0.0138889 0
0 0.517361 1 0.0486111 0
0 0.545139 0 0.0430556 0
0 0.625 0 0.0138889 0
0 0.517361 1 0.0486111 0
0 0.386111 0 0.0166667 0
0 0.545139 0 0.0430556 0
0 0.625 0 0.0138889 0
0 0.517361 1 0.0486111 0
0 0.545833 0 0.0416667 0
0 0.625 0 0.0138889 0
0 0.51875 1 0.0486111 0
0 0.545833 0 0.0416667 0
0 0.625 0 0.0138889 0
0 0.51875 1 0.0486111 0
0 0.545833 0 0.0416667 0
0 0.625 0 0.0138889 0
0 0.51875 1 0.0486111 0
0 0.386111 0 0.0166667 0
0 0.545833 0 0.0416667 0
0 0.625 0 0.0138889 0
0 0.51875 1 0.0486111 0
0 0.625 0 0.0138889 0
0 0.386111 0 0.0166667 0
0 0.545139 0 0.0430556 0
0 0.51875 1 0.0486111 0
0 0.625 0 0.0138889 0
0 0.386111 0 0.0166667 0
0 0.545139 0 0.0430556 0
0 0.51875 1 0.0486111 0
0 0.545833 0 0.0416667 0
0 0.625 0 0.0138889 0
0 0.51875 1 0.0486111 0
0 0.545833 0 0.0416667 0
0 0.386111 0 0.0166667 0
0 0.625 0 0.0138889 0
0 0.51875 1 0.0486111 0
0 0.545139 0 0.0402778 0
0 0.625 0 0.0138889 0
0 0.386111 0 0.0166667 0
0 0.51875 1 0.0486111 0
0 0.386111 0 0.0166667 0
0 0.625 0 0.0138889 0
0 0.51875 1 0.0486111 0
0 0.386111 0 0.0166667 0
0 0.625 0 0.0138889 0
0 0.51875 1 0.0486111 0
0 0.386111 0 0.0166667 0
0 0.625 0 0.0138889 0
0 0.51875 1 0.0486111 0
0 0.625 0 0.0138889 0
0 0.51875 1 0.0486111 0
0 0.544444 0 0.0416667 0
0 0.625 0 0.0138889 0
0 0.51875 1 0.0486111 0
0 0.545139 0 0.0402778 0
0 0.625 0 0.0138889 0
0 0.51875 1 0.0486111 0
0 0.545833 0 0.0416667 0
0 0.625 0 0.0138889 0
0 0.51875 1 0.0486111 0
0 0.545139 0 0.0402778 0
0 0.625 0 0.0138889 0
0 0.51875 1 0.0486111 0
0 0.545139 0 0.0402778 0
0 0.625 0 0.0138889 0
0 0.51875 1 0.0486111 0
0 0.545139 0 0.0402778 0
0 0.625 0 0.0138889 0
0 0.51875 1 0.0486111 0
0 0.625 0 0.0138889 0
0 0.51875 1 0.0486111 0
0 0.625 0 0.0138889 0
0 0.51875 1 0.0486111 0
0 0.625 0 0.0138889 0
0 0.51875 1 0.0486111 0
0 0.625 0 0.0138889 0
0 0.51875 1 0.0486111 0
0 0.625 0 0.0138889 0
0 0.518056 1 0.0472222 0
0 0.625 0 0.0138889 0
0 0.518056 1 0.0472222 0
0 0.625 0 0.0138889 0
0 0.518056 1 0.0472222 0
0 0.545139 0 0.0402778 0
0 0.625 0 0.0138889 0
0 0.518056 1 0.0472222 0
0 0.545139 0 0.0402778 0
0 0.385417 0 0.0152778 0
0 0.625 0 0.0138889 0
0 0.518056 1 0.0472222 0
0 0.545139 0 0.0402778 0
0 0.625694 0 0.0152778 0
0 0.518056 1 0.0472222 0
0 0.545139 0 0.0402778 0
0 0.386111 0 0.0166667 0
0 0.625 0 0.0138889 0
0 0.517361 1 0.0486111 0
0 0.625 0 0.0138889 0
0 0.518056 1 0.05 0
0 0.625 0 0.0138889 0
0 0.518056 1 0.05 0
0 0.625 0 0.0138889 0
0 0.518056 1 0.05 0
0 0.625 0 0.0138889 0
0 0.518056 1 0.05 0
0 0.625 0 0.0138889 0
0 0.518056 1 0.05 0
0 0.625 0 0.0138889 0
0 0.517361 1 0.0486111 0
0 0.625 0 0.0138889 0
0 0.517361 1 0.0486111 0
0 0.545139 0 0.0402778 0
0 0.625 0 0.0138889 0
0 0.517361 1 0.0486111 0
0 0.625 0 0.0138889 0
0 0.517361 1 0.0486111 0
0 0.625 0 0.0138889 0
0 0.517361 1 0.0486111 0
0 0.545139 0 0.0402778 0
0 0.625 0 0.0138889 0
0 0.517361 1 0.0486111 0
0 0.625 0 0.0138889 0
0 0.517361 1 0.0486111 0
0 0.625 0 0.0138889 0
0 0.516667 1 0.05 0
0 0.385417 0 0.0152778 0
0 0.625 0 0.0138889 0
0 0.516667 1 0.05 0
0 0.385417 0 0.0152778 0
0 0.625 0 0.0138889 0
0 0.516667 1 0.05 0
0 0.625 0 0.0138889 0
0 0.516667 1 0.05 0
0 0.385417 0 0.0152778 0
0 0.625 0 0.0138889 0
0 0.516667 1 0.05 0
0 0.624306 0 0.0125 0
0 0.516667 1 0.05 0
0 0.625 0 0.0138889 0
0 0.516667 1 0.05 0
0 0.625 0 0.0138889 0
0 0.516667 1 0.05 0
0 0.625 0 0.0138889 0
0 0.516667 1 0.05 0
0 0.625 0 0.0138889 0
0 0.516667 1 0.05 0
0 0.384722 0 0.0166667 0
0 0.625 0 0.0138889 0
0 0.515972 1 0.0486111 0
0 0.625 0 0.0138889 0
0 0.515972 1 0.0486111 0
0 0.384722 0 0.0166667 0
0 0.623611 0 0.0138889 0
0 0.515972 1 0.0486111 0
0 0.625 0 0.0138889 0
0 0.515972 1 0.0486111 0
0 0.385417 0 0.0152778 0
0 0.624306 0 0.0152778 0
0 0.515972 1 0.0486111 0
0 0.384722 0 0.0166667 0
0 0.624306 0 0.0125 0
0 0.515972 1 0.0486111 0
0 0.385417 0 0.0152778 0
0 0.623611 0 0.0138889 0
0 0.515972 1 0.0486111 0
0 0.625 0 0.0138889 0
0 0.515972 1 0.0486111 0
0 0.384722 0 0.0166667 0
0 0.623611 0 0.0138889 0
0 0.515972 1 0.0486111 0
0 0.625 0 0.0138889 0
0 0.515972 1 0.0486111 0
0 0.625 0 0.0138889 0
0 0.515278 1 0.05 0
0 0.623611 0 0.0138889 0
0 0.515278 1 0.05 0
0 0.545139 0 0.0430556 0
0 0.625 0 0.0138889 0
0 0.515278 1 0.05 0
0 0.544444 0 0.0416667 0
0 0.624306 0 0.0152778 0
0 0.515278 1 0.05 0
0 0.624306 0 0.0152778 0
0 0.515278 1 0.05 0
0 0.545139 0 0.0402778 0
0 0.624306 0 0.0152778 0
0 0.514583 1 0.0486111 0
0 0.545139 0 0.0402778 0
0 0.385417 0 0.0152778 0
0 0.624306 0 0.0152778 0
0 0.514583 1 0.0486111 0
0 0.545139 0 0.0402778 0
0 0.624306 0 0.0152778 0
0 0.514583 1 0.0486111 0
0 0.386111 0 0.0166667 0
0 0.625 0 0.0138889 0
0 0.514583 1 0.0486111 0
0 0.545139 0 0.0402778 0
0 0.625 0 0.0138889 0
0 0.514583 1 0.0486111 0
0 0.625 0 0.0138889 0
0 0.514583 1 0.0486111 0
0 0.386111 0 0.0166667 0
0 0.625 0 0.0138889 0
0 0.514583 1 0.0486111 0
0 0.54375 0 0.0402778 0
0 0.625 0 0.0138889 0
0 0.514583 1 0.0486111 0
0 0.544444 0 0.0416667 0
0 0.625 0 0.0138889 0
0 0.514583 1 0.0486111 0
0 0.54375 0 0.0402778 0
0 0.385417 0 0.0152778 0
0 0.625 0 0.0138889 0
0 0.514583 1 0.0486111 0
0 0.544444 0 0.0416667 0
0 0.625 0 0.0138889 0
0 0.514583 1 0.0486111 0
0 0.625 0 0.0138889 0
0 0.514583 1 0.0486111 0
0 0.544444 0 0.0416667 0
0 0.625 0 0.0138889 0
0 0.513889 1 0.0472222 0
0 0.545139 0 0.0430556 0
0 0.625 0 0.0138889 0
0 0.513889 1 0.0472222 0
0 0.544444 0 0.0416667 0
0 0.625 0 0.0138889 0
0 0.513889 1 0.0472222 0
0 0.544444 0 0.0416667 0
0 0.625 0 0.0138889 0
0 0.513889 1 0.0472222 0
0 0.544444 0 0.0416667 0
0 0.625 0 0.0138889 0
0 0.513889 1 0.0472222 0
0 0.625 0 0.0138889 0
0 0.545139 0 0.0430556 0
0 0.513889 1 0.0472222 0
0 0.545139 0 0.0430556 0
0 0.625 0 0.0138889 0
0 0.513889 1 0.0472222 0
0 0.544444 0 0.0416667 0
0 0.625 0 0.0138889 0
0 0.513889 1 0.0472222 0
0 0.545139 0 0.0430556 0
0 0.625 0 0.0138889 0
0 0.513889 1 0.0472222 0
0 0.625 0 0.0138889 0
0 0.545139 0 0.0430556 0
0 0.513889 1 0.0472222 0
0 0.545139 0 0.0430556 0
0 0.624306 0 0.0125 0
0 0.513889 1 0.0472222 0
0 0.544444 0 0.0444444 0
0 0.625 0 0.0138889 0
0 0.513194 1 0.0486111 0
0 0.624306 0 0.0125 0
0 0.544444 0 0.0444444 0
0 0.513194 1 0.0486111 0
0 0.544444 0 0.0444444 0
0 0.625 0 0.0138889 0
0 0.513194 1 0.0486111 0
0 0.54375 0 0.0430556 0
0 0.624306 0 0.0125 0
0 0.513194 1 0.0486111 0
0 0.544444 0 0.0444444 0
0 0.625 0 0.0138889 0
0 0.513194 1 0.0486111 0
0 0.544444 0 0.0444444 0
0 0.625 0 0.0138889 0
0 0.513194 1 0.0486111 0
0 0.54375 0 0.0430556 0
0 0.513194 1 0.0486111 0
0 0.544444 0 0.0444444 0
0 0.513194 1 0.0486111 0
0 0.54375 0 0.0430556 0
0 0.513194 1 0.0486111 0
0 0.623611 0 0.0138889 0
0 0.544444 0 0.0444444 0
0 0.513194 1 0.0486111 0
0 0.623611 0 0.0138889 0
0 0.544444 0 0.0444444 0
0 0.513194 1 0.0486111 0
0 0.623611 0 0.0138889 0
0 0.54375 0 0.0430556 0
0 0.513194 1 0.0486111 0
0 0.543056 0 0.0444444 0
0 0.513194 1 0.0486111 0
0 0.623611 0 0.0138889 0
0 0.543056 0 0.0444444 0
0 0.513194 1 0.0486111 0
0 0.623611 0 0.0138889 0
0 0.543056 0 0.0444444 0
0 0.513194 1 0.0486111 0
0 0.623611 0 0.0166667 0
0 0.54375 0 0.0430556 0
0 0.514583 1 0.0569444 0
0 0.54375 0 0.0430556 0
0 0.514583 1 0.0569444 0
0 0.54375 0 0.0430556 0
0 0.514583 1 0.0569444 0
0 0.54375 0 0.0430556 0
0 0.514583 1 0.0569444 0
0 0.54375 0 0.0430556 0
0 0.514583 1 0.0569444 0
0 0.54375 0 0.0430556 0
0 0.514583 1 0.0569444 0
0 0.54375 0 0.0402778 0
0 0.514583 1 0.0569444 0
0 0.54375 0 0.0402778 0
0 0.514583 1 0.0569444 0
0 0.622917 0 0.0152778 0
0 0.545139 0 0.0430556 0
0 0.514583 1 0.0569444 0
0 0.544444 0 0.0416667 0
0 0.514583 1 0.0569444 0
0 0.545139 0 0.0430556 0
0 0.384028 0 0.0152778 0
0 0.514583 1 0.0569444 0
0 0.745833 0 0.0138889 0
0 0.622917 0 0.0180556 0
0 0.544444 0 0.0416667 0
0 0.514583 1 0.0569444 0
0 0.384722 0 0.0138889 0
0 0.544444 0 0.0416667 0
0 0.514583 1 0.0569444 0
0 0.745833 0 0.0138889 0
0 0.622917 0 0.0152778 0
0 0.544444 0 0.0416667 0
0 0.514583 1 0.0569444 0
0 0.384028 0 0.0152778 0
0 0.545139 0 0.0430556 0
0 0.514583 1 0.0569444 0
0 0.544444 0 0.0416667 0
0 0.384028 0 0.0152778 0
0 0.514583 1 0.0569444 0
0 0.384028 0 0.0152778 0
0 0.745833 0 0.0138889 0
0 0.513194 1 0.0486111 0
0 0.745833 0 0.0138889 0
0 0.622917 0 0.0152778 0
0 0.384722 0 0.0138889 0
0 0.513194 1 0.0486111 0
0 0.544444 0 0.0416667 0
0 0.384028 0 0.0152778 0
0 0.513194 1 0.0486111 0
0 0.544444 0 0.0416667 0
0 0.384028 0 0.0152778 0
0 0.745833 0 0.0138889 0
0 0.622917 0 0.0152778 0
0 0.513194 1 0.0486111 0
0 0.622222 0 0.0166667 0
0 0.54375 0 0.0430556 0
0 0.745833 0 0.0138889 0
0 0.384722 0 0.0138889 0
0 0.514583 1 0.0569444 0
0 0.54375 0 0.0430556 0
0 0.384722 0 0.0138889 0
0 0.745833 0 0.0138889 0
0 0.514583 1 0.0569444 0
0 0.544444 0 0.0416667 0
0 0.384722 0 0.0138889 0
0 0.622917 0 0.0152778 0
0 0.745833 0 0.0138889 0
0 0.514583 1 0.0569444 0
0 0.54375 0 0.0430556 0
0 0.745833 0 0.0138889 0
0 0.384722 0 0.0138889 0
0 0.514583 1 0.0569444 0
0 0.622222 0 0.0166667 0
0 0.544444 0 0.0416667 0
0 0.745833 0 0.0138889 0
0 0.514583 1 0.0569444 0
0 0.622222 0 0.0166667 0
0 0.54375 0 0.0430556 0
0 0.384028 0 0.0152778 0
0 0.745833 0 0.0138889 0
0 0.514583 1 0.0569444 0
0 0.54375 0 0.0430556 0
0 0.745833 0 0.0138889 0
0 0.384028 0 0.0152778 0
0 0.514583 1 0.0569444 0
0 0.54375 0 0.0430556 0
0 0.622917 0 0.0152778 0
0 0.745833 0 0.0138889 0
0 0.384028 0 0.0152778 0
0 0.514583 1 0.0569444 0
0 0.54375 0 0.0402778 0
0 0.745833 0 0.0138889 0
0 0.384028 0 0.0152778 0
0 0.514583 1 0.0569444 0
0 0.544444 0 0.0416667 0
0 0.384028 0 0.0152778 0
0 0.622917 0 0.0152778 0
0 0.745833 0 0.0138889 0
0 0.514583 1 0.0569444 0
0 0.745833 0 0.0138889 0
0 0.54375 0 0.0430556 0
0 0.384028 0 0.0152778 0
0 0.514583 1 0.0569444 0
0 0.622917 0 0.0152778 0
0 0.54375 0 0.0430556 0
0 0.745833 0 0.0138889 0
0 0.514583 1 0.0569444 0
0 0.54375 0 0.0402778 0
0 0.622222 0 0.0166667 0
0 0.745833 0 0.0138889 0
0 0.513889 1 0.0555556 0
0 0.384722 0 0.0138889 0
0 0.544444 0 0.0416667 0
0 0.745833 0 0.0138889 0
0 0.622917 0 0.0152778 0
0 0.513889 1 0.0555556 0
0 0.54375 0 0.0402778 0
0 0.384722 0 0.0138889 0
0 0.745833 0 0.0138889 0
0 0.513889 1 0.0555556 0
0 0.384722 0 0.0138889 0
0 0.544444 0 0.0416667 0
0 0.622917 0 0.0152778 0
0 0.745833 0 0.0138889 0
0 0.513889 1 0.0555556 0
0 0.54375 0 0.0402778 0
0 0.745833 0 0.0138889 0
0 0.513889 1 0.0555556 0
0 0.544444 0 0.0416667 0
0 0.745833 0 0.0138889 0
0 0.513889 1 0.0555556 0
0 0.622222 0 0.0166667 0
0 0.54375 0 0.0402778 0
0 0.745833 0 0.0138889 0
0 0.513889 1 0.0555556 0
0 0.622222 0 0.0166667 0
0 0.745833 0 0.0138889 0
0 0.54375 0 0.0430556 0
0 0.513889 1 0.0555556 0
0 0.54375 0 0.0402778 0
0 0.745833 0 0.0138889 0
0 0.513889 1 0.0555556 0
0 0.54375 0 0.0402778 0
0 0.622917 0 0.0152778 0
0 0.745833 0 0.0138889 0
0 0.513889 1 0.0555556 0
0 0.54375 0 0.0402778 0
0 0.745833 0 0.0138889 0
0 0.513194 1 0.0569444 0
0 0.622222 0 0.0166667 0
0 0.544444 0 0.0416667 0
0 0.745833 0 0.0138889 0
0 0.513194 1 0.0569444 0
0 0.622222 0 0.0166667 0
0 0.745833 0 0.0138889 0
0 0.544444 0 0.0416667 0
0 0.513194 1 0.0569444 0
0 0.54375 0 0.0402778 0
0 0.745833 0 0.0138889 0
0 0.513194 1 0.0569444 0
0 0.745833 0 0.0138889 0
0 0.513194 1 0.0569444 0
0 0.745833 0 0.0138889 0
0 0.513194 1 0.0569444 0
0 0.544444 0 0.0416667 0
0 0.745833 0 0.0138889 0
0 0.513194 1 0.0569444 0
0 0.544444 0 0.0416667 0
0 0.745833 0 0.0138889 0
0 0.513194 1 0.0569444 0
0 0.622222 0 0.0166667 0
0 0.745833 0 0.0138889 0
0 0.513194 1 0.0569444 0
0 0.622222 0 0.0166667 0
0 0.544444 0 0.0416667 0
0 0.745833 0 0.0138889 0
0 0.513194 1 0.0569444 0
0 0.745833 0 0.0138889 0
0 0.513194 1 0.0569444 0
0 0.745833 0 0.0138889 0
0 0.513194 1 0.0569444 0
0 0.622222 0 0.0166667 0
0 0.745833 0 0.0138889 0
0 0.513194 1 0.0569444 0
0 0.544444 0 0.0416667 0
0 0.745833 0 0.0138889 0
0 0.5125 1 0.0555556 0
0 0.544444 0 0.0416667 0
0 0.384028 0 0.0152778 0
0 0.5125 1 0.0555556 0
0 0.622917 0 0.0152778 0
0 0.745833 0 0.0138889 0
0 0.544444 0 0.0416667 0
0 0.5125 1 0.0555556 0
0 0.745833 0 0.0138889 0
0 0.384722 0 0.0138889 0
0 0.545139 0 0.0430556 0
0 0.5125 1 0.0555556 0
0 0.544444 0 0.0416667 0
0 0.384028 0 0.0152778 0
0 0.5125 1 0.0555556 0
0 0.623611 0 0.0166667 0
0 0.745833 0 0.0138889 0
0 0.544444 0 0.0416667 0
0 0.5125 1 0.0555556 0
0 0.54375 0 0.0402778 0
0 0.745833 0 0.0138889 0
0 0.5125 1 0.0555556 0
0 0.745833 0 0.0138889 0
0 0.623611 0 0.0166667 0
0 0.544444 0 0.0416667 0
0 0.5125 1 0.0555556 0
0 0.384028 0 0.0152778 0
0 0.544444 0 0.0416667 0
0 0.5125 1 0.0555556 0
0 0.623611 0 0.0166667 0
0 0.745833 0 0.0138889 0
0 0.544444 0 0.0416667 0
0 0.5125 1 0.0555556 0
0 0.384722 0 0.0138889 0
0 0.544444 0 0.0416667 0
0 0.623611 0 0.0166667 0
0 0.5125 1 0.0555556 0
0 0.54375 0 0.0402778 0
0 0.5125 1 0.0555556 0
0 0.54375 0 0.0430556 0
0 0.5125 1 0.0555556 0
0 0.622917 0 0.0152778 0
0 0.54375 0 0.0430556 0
0 0.5125 1 0.0555556 0
0 0.54375 0 0.0430556 0
0 0.5125 1 0.0555556 0
0 0.54375 0 0.0430556 0
0 0.5125 1 0.0555556 0
0 0.623611 0 0.0138889 0
0 0.54375 0 0.0430556 0
0 0.513194 1 0.0569444 0
0 0.54375 0 0.0430556 0
0 0.513194 1 0.0569444 0
0 0.622917 0 0.0152778 0
0 0.54375 0 0.0430556 0
0 0.513194 1 0.0569444 0
0 0.54375 0 0.0430556 0
0 0.513194 1 0.0569444 0
0 0.54375 0 0.0430556 0
0 0.513194 1 0.0569444 0
0 0.623611 0 0.0166667 0
0 0.54375 0 0.0430556 0
0 0.513194 1 0.0569444 0
0 0.54375 0 0.0430556 0
0 0.513194 1 0.0569444 0
0 0.623611 0 0.0138889 0
0 0.54375 0 0.0430556 0
0 0.513194 1 0.0569444 0
0 0.623611 0 0.0138889 0
0 0.54375 0 0.0430556 0
0 0.513194 1 0.0569444 0
0 0.54375 0 0.0430556 0
0 0.513194 1 0.0569444 0
0 0.623611 0 0.0138889 0
0 0.54375 0 0.0430556 0
0 0.513194 1 0.0569444 0
0 0.623611 0 0.0138889 0
0 0.54375 0 0.0430556 0
0 0.513194 1 0.0569444 0
0 0.623611 0 0.0138889 0
0 0.54375 0 0.0430556 0
0 0.513194 1 0.0569444 0
0 0.623611 0 0.0138889 0
0 0.544444 0 0.0444444 0
0 0.513194 1 0.0569444 0
0 0.623611 0 0.0138889 0
0 0.54375 0 0.0430556 0
0 0.513194 1 0.0569444 0
0 0.54375 0 0.0430556 0
0 0.513194 1 0.0569444 0
0 0.623611 0 0.0138889 0
0 0.54375 0 0.0430556 0
0 0.513194 1 0.0569444 0
0 0.623611 0 0.0166667 0
0 0.54375 0 0.0430556 0
0 0.513194 1 0.0569444 0
0 0.623611 0 0.0138889 0
0 0.54375 0 0.0430556 0
0 0.513194 1 0.0569444 0
0 0.623611 0 0.0138889 0
0 0.54375 0 0.0430556 0
0 0.513194 1 0.0569444 0
0 0.623611 0 0.0138889 0
0 0.54375 0 0.0430556 0
0 0.513889 1 0.0555556 0
0 0.623611 0 0.0138889 0
0 0.54375 0 0.0430556 0
0 0.513889 1 0.0555556 0
0 0.623611 0 0.0138889 0
0 0.544444 0 0.0444444 0
0 0.513889 1 0.0555556 0
0 0.623611 0 0.0138889 0
0 0.54375 0 0.0430556 0
0 0.513889 1 0.0555556 0
0 0.623611 0 0.0138889 0
0 0.54375 0 0.0430556 0
0 0.514583 1 0.0569444 0
0 0.623611 0 0.0166667 0
0 0.54375 0 0.0430556 0
0 0.514583 1 0.0569444 0
0 0.54375 0 0.0430556 0
0 0.514583 1 0.0569444 0
0 0.623611 0 0.0138889 0
0 0.54375 0 0.0430556 0
0 0.514583 1 0.0569444 0
0 0.622917 0 0.0152778 0
0 0.54375 0 0.0430556 0
0 0.514583 1 0.0569444 0
0 0.54375 0 0.0430556 0
0 0.514583 1 0.0569444 0
0 0.543056 0 0.0416667 0
0 0.513194 1 0.0486111 0
0 0.623611 0 0.0138889 0
0 0.54375 0 0.0430556 0
0 0.513194 1 0.0486111 0
0 0.54375 0 0.0430556 0
0 0.513194 1 0.0486111 0
0 0.623611 0 0.0138889 0
0 0.54375 0 0.0430556 0
0 0.513194 1 0.0486111 0
0 0.54375 0 0.0430556 0
0 0.514583 1 0.0486111 0
0 0.623611 0 0.0166667 0
0 0.54375 0 0.0430556 0
0 0.514583 1 0.0486111 0
0 0.622917 0 0.0152778 0
0 0.54375 0 0.0430556 0
0 0.514583 1 0.0486111 0
0 0.54375 0 0.0430556 0
0 0.514583 1 0.0486111 0
0 0.622917 0 0.0152778 0
0 0.54375 0 0.0430556 0
0 0.514583 1 0.0486111 0
0 0.623611 0 0.0138889 0
0 0.54375 0 0.0430556 0
0 0.514583 1 0.0486111 0
0 0.54375 0 0.0430556 0
0 0.514583 1 0.0486111 0
0 0.623611 0 0.0138889 0
0 0.54375 0 0.0430556 0
0 0.514583 1 0.0486111 0
0 0.623611 0 0.0138889 0
0 0.54375 0 0.0458333 0
0 0.514583 1 0.0486111 0
0 0.54375 0 0.0430556 0
0 0.514583 1 0.0486111 0
0 0.623611 0 0.0138889 0
0 0.54375 0 0.0430556 0
0 0.514583 1 0.0486111 0
0 0.623611 0 0.0138889 0
0 0.54375 0 0.0430556 0
0 0.514583 1 0.0486111 0
0 0.54375 0 0.0430556 0
0 0.515278 1 0.05 0
0 0.623611 0 0.0138889 0
0 0.54375 0 0.0430556 0
0 0.515278 1 0.05 0
0 0.623611 0 0.0166667 0
0 0.54375 0 0.0430556 0
0 0.515278 1 0.05 0
0 0.54375 0 0.0430556 0
0 0.515278 1 0.0472222 0
0 0.623611 0 0.0138889 0
0 0.54375 0 0.0430556 0
0 0.515278 1 0.05 0
0 0.623611 0 0.0138889 0
0 0.54375 0 0.0430556 0
0 0.515278 1 0.0472222 0
0 0.623611 0 0.0138889 0
0 0.54375 0 0.0430556 0
0 0.515278 1 0.0472222 0
0 0.54375 0 0.0430556 0
0 0.624306 0 0.0125 0
0 0.515278 1 0.0472222 0
0 0.623611 0 0.0138889 0
0 0.54375 0 0.0430556 0
0 0.515278 1 0.0472222 0
0 0.54375 0 0.0402778 0
0 0.514583 1 0.0486111 0
0 0.54375 0 0.0402778 0
0 0.514583 1 0.0486111 0
0 0.544444 0 0.0416667 0
0 0.623611 0 0.0138889 0
0 0.515278 1 0.0472222 0
0 0.623611 0 0.0166667 0
0 0.544444 0 0.0416667 0
0 0.384722 0 0.0166667 0
0 0.515278 1 0.0472222 0
0 0.623611 0 0.0138889 0
0 0.384722 0 0.0166667 0
0 0.544444 0 0.0416667 0
0 0.515278 1 0.0472222 0
0 0.54375 0 0.0430556 0
0 0.623611 0 0.0138889 0
0 0.515278 1 0.0472222 0
0 0.384722 0 0.0166667 0
0 0.54375 0 0.0430556 0
0 0.623611 0 0.0138889 0
0 0.515278 1 0.0472222 0
0 0.385417 0 0.0152778 0
0 0.54375 0 0.0430556 0
0 0.623611 0 0.0138889 0
0 0.515278 1 0.0472222 0
0 0.384028 0 0.0152778 0
0 0.54375 0 0.0430556 0
0 0.624306 0 0.0125 0
0 0.515278 1 0.0472222 0
0 0.623611 0 0.0138889 0
0 0.384028 0 0.0152778 0
0 0.54375 0 0.0430556 0
0 0.515278 1 0.0472222 0
0 0.384028 0 0.0152778 0
0 0.544444 0 0.0444444 0
0 0.624306 0 0.0125 0
0 0.515278 1 0.0472222 0
0 0.384028 0 0.0152778 0
0 0.545139 0 0.0430556 0
0 0.624306 0 0.0125 0
0 0.515278 1 0.0472222 0
0 0.54375 0 0.0430556 0
0 0.624306 0 0.0125 0
0 0.514583 1 0.0486111 0
0 0.544444 0 0.0444444 0
0 0.514583 1 0.0486111 0
0 0.624306 0 0.0125 0
0 0.54375 0 0.0430556 0
0 0.514583 1 0.0486111 0
0 0.624306 0 0.0152778 0
0 0.544444 0 0.0444444 0
0 0.514583 1 0.0486111 0
0 0.54375 0 0.0430556 0
0 0.514583 1 0.0486111 0
0 0.624306 0 0.0152778 0
0 0.544444 0 0.0444444 0
0 0.514583 1 0.0486111 0
0 0.544444 0 0.0416667 0
0 0.625 0 0.0138889 0
0 0.514583 1 0.0486111 0
0 0.544444 0 0.0416667 0
0 0.625 0 0.0138889 0
0 0.515278 1 0.05 0
0 0.545139 0 0.0430556 0
0 0.515278 1 0.05 0
0 0.745833 0 0.0138889 0
0 0.544444 0 0.0416667 0
0 0.625 0 0.0138889 0
0 0.515278 1 0.05 0
0 0.624306 0 0.0152778 0
0 0.545139 0 0.0430556 0
0 0.515278 1 0.05 0
0 0.624306 0 0.0152778 0
0 0.544444 0 0.0416667 0
0 0.515278 1 0.0472222 0
0 0.625 0 0.0138889 0
0 0.515278 1 0.05 0
0 0.545139 0 0.0402778 0
0 0.625 0 0.0138889 0
0 0.515278 1 0.05 0
0 0.625 0 0.0138889 0
0 0.515278 1 0.05 0
0 0.545139 0 0.0402778 0
0 0.625 0 0.0138889 0
0 0.515278 1 0.05 0
0 0.625 0 0.0138889 0
0 0.515278 1 0.05 0
0 0.544444 0 0.0388889 0
0 0.746528 0 0.0152778 0
0 0.625 0 0.0138889 0
0 0.514583 1 0.0486111 0
0 0.544444 0 0.0416667 0
0 0.623611 0 0.0138889 0
0 0.514583 1 0.0486111 0
0 0.545139 0 0.0430556 0
0 0.625 0 0.0138889 0
0 0.514583 1 0.0486111 0
0 0.623611 0 0.0138889 0
0 0.514583 1 0.0486111 0
0 0.746528 0 0.0152778 0
0 0.544444 0 0.0416667 0
0 0.624306 0 0.0152778 0
0 0.514583 1 0.0486111 0
0 0.545139 0 0.0430556 0
0 0.623611 0 0.0166667 0
0 0.514583 1 0.0486111 0
0 0.623611 0 0.0166667 0
0 0.515278 1 0.05 0
0 0.544444 0 0.0416667 0
0 0.623611 0 0.0166667 0
0 0.515278 1 0.05 0
0 0.623611 0 0.0138889 0
0 0.515278 1 0.05 0
0 0.515278 1 0.05 0
0 0.384722 0 0.0166667 0
0 0.625 0 0.0138889 0
0 0.514583 1 0.0486111 0
0 0.386111 0 0.0166667 0
0 0.623611 0 0.0138889 0
0 0.514583 1 0.0486111 0
0 0.384722 0 0.0166667 0
0 0.625 0 0.0138889 0
0 0.514583 1 0.0486111 0
