0 0.479861 0.5 0.0458333 1
0 0.479861 0.5 0.0458333 1
0 0.479861 0.5 0.0458333 1
0 0.479861 0.5 0.0458333 1
0 0.479861 0.5 0.0458333 1
0 0.479861 0.5 0.0458333 1
0 0.479861 1 0.0458333 0
0 0.479861 0.5 0.0458333 1
0 0.479861 0.5 0.0458333 1
0 0.479861 0.5 0.0458333 1
0 0.479861 0.5 0.0458333 1
0 0.479861 0.5 0.0458333 1
0 0.479861 0.5 0.0458333 1
0 0.479861 1 0.0458333 0
0 0.479861 0.5 0.0458333 1
0 0.479861 1 0.0458333 0
0 0.479861 0.5 0.0458333 1
0 0.479861 0.5 0.0458333 1
0 0.479861 0.5 0.0458333 1
0 0.479861 0.5 0.0458333 1
0 0.395139 0 0.00972222 0
0 0.479861 0.5 0.0458333 1
0 0.479861 0.5 0.0458333 1
0 0.395833 0 0.0111111 0
0 0.395833 0 0.0111111 0
0 0.395833 0 0.0111111 0
0 0.395833 0 0.0111111 0
0 0.395833 0 0.0111111 0
0 0.479861 1 0.0458333 0
0 0.465972 1 0.0180556 0
0 0.466667 1 0.0166667 0
0 0.467361 1 0.0180556 0
0 0.467361 1 0.0180556 0
0 0.467361 1 0.0180556 0
0 0.467361 1 0.0180556 0
0 0.469444 1 0.0194444 0
0 0.467361 1 0.0152778 0
0 0.469444 1 0.0166667 0
0 0.46875 1 0.0180556 0
0 0.467361 1 0.0152778 0
0 0.577083 0 0.00972222 0
0 0.577778 0 0.00833333 0
0 0.578472 0 0.00972222 0
0 0.395139 0 0.00972222 0
0 0.516667 0 0.0333333 0
0 0.515972 0 0.0319444 0
0 0.579861 0 0.00972222 0
0 0.470833 1 0.0194444 0
0 0.517361 0 0.0319444 0
0 0.516667 0 0.0305556 0
0 0.467361 1 0.0180556 0
0 0.469444 1 0.0222222 0
0 0.582639 0 0.0125 0
0 0.469444 1 0.0222222 0
0 0.582639 0 0.00972222 0
0 0.466667 1 0.0194444 0
0 0.466667 1 0.0166667 0
0 0.516667 0 0.0333333 0
0 0.583333 0 0.0111111 0
0 0.467361 1 0.0180556 0
0 0.516667 0 0.0333333 0
0 0.583333 0 0.0111111 0
0 0.467361 1 0.0180556 0
0 0.517361 0 0.0347222 0
0 0.516667 0 0.0333333 0
0 0.466667 1 0.0194444 0
0 0.583333 0 0.0111111 0
0 0.479861 1 0.0458333 0
0 0.583333 0 0.0111111 0
0 0.480556 0.5 0.0472222 1
0 0.583333 0 0.0111111 0
0 0.517361 0 0.0347222 0
0 0.479861 0.5 0.0486111 1
0 0.583333 0 0.0111111 0
0 0.517361 0 0.0347222 0
0 0.479861 0.5 0.0486111 1
0 0.584028 0 0.00972222 0
0 0.479861 0.5 0.0486111 1
0 0.480556 0.5 0.0472222 1
0 0.51875 0 0.0347222 0
0 0.584028 0 0.00972222 0
0 0.479861 0.5 0.0486111 1
0 0.518056 0 0.0333333 0
0 0.479861 0.5 0.0486111 1
0 0.479861 0.5 0.0486111 1
0 0.479861 0.5 0.0486111 1
0 0.479861 0.5 0.0486111 1
0 0.389583 0 0.0125 0
0 0.479861 0.5 0.0486111 1
0 0.389583 0 0.0125 0
0 0.479861 0.5 0.0486111 1
0 0.517361 0 0.0319444 0
0 0.479167 1 0.0472222 0
0 0.517361 0 0.0347222 0
0 0.479861 0.5 0.0486111 1
0 0.518056 0 0.0333333 0
0 0.479861 0.5 0.0486111 1
0 0.584722 0 0.0111111 0
0 0.479861 0.5 0.0486111 1
0 0.517361 0 0.0319444 0
0 0.479167 1 0.0472222 0
0 0.584722 0 0.0111111 0
0 0.584722 0 0.0111111 0
0 0.479861 0.5 0.0486111 1
0 0.479861 0.5 0.0486111 1
0 0.478472 0.5 0.0486111 1
0 0.479167 0.5 0.05 1
0 0.478472 0.5 0.0513889 1
0 0.478472 0.5 0.0513889 1
0 0.478472 0.5 0.0513889 1
0 0.479167 0.5 0.0527778 1
0 0.478472 0.5 0.0541667 1
0 0.477778 0.5 0.0527778 1
0 0.477778 0.5 0.0527778 1
0 0.586111 0 0.0111111 0
0 0.477778 0.5 0.0555556 1
0 0.477778 0.5 0.0555556 1
0 0.586806 0 0.00972222 0
0 0.477778 0.5 0.0555556 1
0 0.586806 0 0.0125 0
0 0.476389 0.5 0.0555556 1
0 0.586111 0 0.0111111 0
0 0.476389 0.5 0.0555556 1
0 0.586111 0 0.0111111 0
0 0.476389 0.5 0.0555556 1
0 0.586111 0 0.0111111 0
0 0.476389 0.5 0.0555556 1
0 0.586806 0 0.0125 0
0 0.476389 0.5 0.0583333 1
0 0.476389 0.5 0.0583333 1
0 0.475694 0.5 0.0597222 1
0 0.475694 0.5 0.0597222 1
0 0.475694 0.5 0.0597222 1
0 0.475 0.5 0.0611111 1
0 0.475 0.5 0.0611111 1
0 0.382639 0 0.0125 0
0 0.519444 0 0.0361111 0
0 0.588194 0 0.0125 0
0 0.475 0.5 0.0611111 1
0 0.588194 0 0.0125 0
0 0.475 0.5 0.0611111 1
0 0.588194 0 0.0125 0
0 0.475 0.5 0.0611111 1
0 0.588194 0 0.0125 0
0 0.475 0.5 0.0611111 1
0 0.588194 0 0.0125 0
0 0.475 0.5 0.0611111 1
0 0.588194 0 0.0125 0
0 0.475 0.5 0.0611111 1
0 0.474306 0.5 0.0597222 1
0 0.588194 0 0.0125 0
0 0.475 0.5 0.0611111 1
0 0.5875 0 0.0111111 0
0 0.474306 0.5 0.0625 1
0 0.588889 0 0.0111111 0
0 0.474306 0.5 0.0625 1
0 0.588889 0 0.0111111 0
0 0.474306 0.5 0.0625 1
0 0.588889 0 0.0111111 0
0 0.474306 0.5 0.0625 1
0 0.588889 0 0.0111111 0
0 0.474306 0.5 0.0625 1
0 0.379861 0 0.0125 0
0 0.588889 0 0.0111111 0
0 0.474306 0.5 0.0625 1
0 0.38125 0 0.0125 0
0 0.588889 0 0.0111111 0
0 0.474306 0.5 0.0625 1
0 0.589583 0 0.0125 0
0 0.474306 0.5 0.0625 1
0 0.588889 0 0.0111111 0
0 0.474306 0.5 0.0625 1
0 0.589583 0 0.0125 0
0 0.473611 0.5 0.0638889 1
0 0.590278 0 0.0111111 0
0 0.473611 0.5 0.0638889 1
0 0.379861 0 0.0125 0
0 0.518056 0 0.0361111 0
0 0.590278 0 0.0111111 0
0 0.473611 0.5 0.0638889 1
0 0.473611 0.5 0.0638889 1
0 0.590972 0 0.0125 0
0 0.590278 0 0.0111111 0
0 0.472917 0.5 0.0625 1
0 0.590278 0 0.0111111 0
0 0.472222 0.5 0.0638889 1
0 0.379167 0 0.0138889 0
0 0.590972 0 0.0125 0
0 0.472222 0.5 0.0638889 1
0 0.590972 0 0.0125 0
0 0.471528 0.5 0.0625 1
0 0.461806 0.5 0.0319444 1
0 0.590972 0 0.0125 0
0 0.471528 0.5 0.0625 1
0 0.461111 0.5 0.0333333 1
0 0.472222 0.5 0.0638889 1
0 0.470833 0.5 0.0555556 1
0 0.591667 0 0.0111111 0
0 0.470833 0.5 0.0555556 1
0 0.591667 0 0.0111111 0
0 0.470139 0.5 0.0541667 1
0 0.469444 0.5 0.0527778 1
0 0.470139 0.5 0.0541667 1
0 0.470139 0.5 0.0541667 1
0 0.469444 0.5 0.0527778 1
0 0.468056 0.5 0.0527778 1
0 0.376389 0 0.0138889 0
0 0.468056 0.5 0.0527778 1
0 0.46875 0.5 0.0541667 1
0 0.593056 0 0.0138889 0
0 0.468056 0.5 0.0527778 1
0 0.593056 0 0.0138889 0
0 0.46875 0.5 0.0541667 1
0 0.51875 0 0.0347222 0
0 0.467361 0.5 0.0513889 1
0 0.46875 0.5 0.0541667 1
0 0.467361 0.5 0.0513889 1
0 0.59375 0 0.0125 0
0 0.467361 0.5 0.0513889 1
0 0.59375 0 0.0125 0
0 0.467361 0.5 0.0513889 1
0 0.375 0 0.0138889 0
0 0.465972 0.5 0.0486111 1
0 0.594444 0 0.0138889 0
0 0.465972 0.5 0.0486111 1
0 0.594444 0 0.0138889 0
0 0.374306 0 0.0125 0
0 0.465278 0.5 0.05 1
0 0.594444 0 0.0138889 0
0 0.4625 0.5 0.0444444 1
0 0.594444 0 0.0138889 0
0 0.4625 0.5 0.0444444 1
0 0.595139 0 0.0125 0
0 0.595139 0 0.0152778 0
0 0.461111 0.5 0.0416667 1
0 0.594444 0 0.0138889 0
0 0.459028 0.5 0.0375 1
0 0.707639 0 0.0125 0
0 0.595139 0 0.0125 0
0 0.459722 0.5 0.0388889 1
0 0.595139 0 0.0125 0
0 0.458333 0.5 0.0361111 1
0 0.457639 0.5 0.0375 1
0 0.457639 0.5 0.0375 1
0 0.457639 0.5 0.0375 1
0 0.456944 0.5 0.0361111 1
0 0.457639 0.5 0.0375 1
0 0.456944 0.5 0.0361111 1
0 0.45625 0.5 0.0375 1
0 0.455556 0.5 0.0388889 1
0 0.455556 0.5 0.0388889 1
0 0.596528 0 0.0152778 0
0 0.45625 0.5 0.0402778 1
0 0.596528 0 0.0152778 0
0 0.455556 0.5 0.0388889 1
0 0.596528 0 0.0152778 0
0 0.454861 0.5 0.0402778 1
0 0.597222 0 0.0138889 0
0 0.455556 0.5 0.0416667 1
0 0.597917 0 0.0152778 0
0 0.454861 0.5 0.0402778 1
0 0.597222 0 0.0138889 0
0 0.713194 0 0.0125 0
0 0.454861 0.5 0.0402778 1
0 0.597917 0 0.0125 0
0 0.455556 0.5 0.0416667 1
0 0.597917 0 0.0125 0
0 0.455556 0.5 0.0416667 1
0 0.597917 0 0.0125 0
0 0.370833 0 0.0138889 0
0 0.455556 0.5 0.0416667 1
0 0.370139 0 0.0125 0
0 0.597917 0 0.0125 0
0 0.455556 0.5 0.0416667 1
0 0.598611 0 0.0138889 0
0 0.455556 0.5 0.0416667 1
0 0.598611 0 0.0138889 0
0 0.370833 0 0.0138889 0
0 0.455556 0.5 0.0416667 1
0 0.598611 0 0.0138889 0
0 0.370139 0 0.0152778 0
0 0.455556 0.5 0.0416667 1
0 0.598611 0 0.0138889 0
0 0.455556 0.5 0.0416667 1
0 0.599306 0 0.0125 0
0 0.454861 0.5 0.0430556 1
0 0.599306 0 0.0125 0
0 0.454861 0.5 0.0430556 1
0 0.6 0 0.0138889 0
0 0.454861 0.5 0.0430556 1
0 0.6 0 0.0138889 0
0 0.454861 0.5 0.0430556 1
0 0.719444 0 0.0138889 0
0 0.6 0 0.0138889 0
0 0.454861 0.5 0.0430556 1
0 0.6 0 0.0138889 0
0 0.454861 0.5 0.0430556 1
0 0.6 0 0.0138889 0
0 0.454861 0.5 0.0430556 1
0 0.719444 0 0.0138889 0
0 0.6 0 0.0138889 0
0 0.454861 0.5 0.0458333 1
0 0.720139 0 0.0152778 0
0 0.600694 0 0.0125 0
0 0.454861 0.5 0.0458333 1
0 0.6 0 0.0138889 0
0 0.454861 0.5 0.0458333 1
0 0.601389 0 0.0138889 0
0 0.454861 0.5 0.0430556 1
0 0.601389 0 0.0138889 0
0 0.454861 0.5 0.0430556 1
0 0.601389 0 0.0138889 0
0 0.454861 0.5 0.0458333 1
0 0.601389 0 0.0138889 0
0 0.454861 0.5 0.0458333 1
0 0.601389 0 0.0138889 0
0 0.454861 0.5 0.0458333 1
0 0.722917 0 0.0152778 0
0 0.602778 0 0.0138889 0
0 0.454167 0.5 0.0472222 1
0 0.722917 0 0.0152778 0
0 0.602778 0 0.0138889 0
0 0.454167 0.5 0.0472222 1
0 0.722917 0 0.0152778 0
0 0.602083 0 0.0152778 0
0 0.454167 0.5 0.0472222 1
0 0.602083 0 0.0152778 0
0 0.453472 0.5 0.0486111 1
0 0.602083 0 0.0152778 0
0 0.452778 0.5 0.0472222 1
0 0.602778 0 0.0138889 0
0 0.452778 0.5 0.0472222 1
0 0.602778 0 0.0138889 0
0 0.452083 0.5 0.0486111 1
0 0.364583 0 0.0152778 0
0 0.602778 0 0.0138889 0
0 0.452778 0.5 0.0472222 1
0 0.603472 0 0.0152778 0
0 0.452778 0.5 0.0472222 1
0 0.364583 0 0.0152778 0
0 0.602778 0 0.0138889 0
0 0.451389 0.5 0.05 1
0 0.363889 0 0.0138889 0
0 0.602778 0 0.0138889 0
0 0.452083 0.5 0.0486111 1
0 0.363889 0 0.0166667 0
0 0.602778 0 0.0138889 0
0 0.451389 0.5 0.05 1
0 0.363889 0 0.0138889 0
0 0.604167 0 0.0138889 0
0 0.450694 0.5 0.0486111 1
0 0.363889 0 0.0138889 0
0 0.726389 0 0.0138889 0
0 0.604167 0 0.0138889 0
0 0.45 0.5 0.0555556 1
0 0.363889 0 0.0138889 0
0 0.726389 0 0.0138889 0
0 0.604167 0 0.0138889 0
0 0.45 0.5 0.0555556 1
0 0.363194 0 0.0152778 0
0 0.726389 0 0.0138889 0
0 0.604167 0 0.0138889 0
0 0.449306 0.5 0.0569444 1
0 0.726389 0 0.0138889 0
0 0.604167 0 0.0138889 0
0 0.449306 0 0.0541667 0
0 0.604167 0 0.0138889 0
0 0.448611 0 0.0527778 0
0 0.604167 0 0.0138889 0
0 0.447917 0 0.0513889 0
0 0.447917 0 0.0513889 0
0 0.604167 0 0.0166667 0
0 0.447917 0 0.0513889 0
0 0.604861 0 0.0152778 0
0 0.447222 0 0.0527778 0
0 0.728472 0 0.0152778 0
0 0.604861 0 0.0152778 0
0 0.446528 0 0.0513889 0
0 0.729167 0 0.0138889 0
0 0.604861 0 0.0152778 0
0 0.446528 0 0.0541667 0
0 0.729861 0 0.0152778 0
0 0.604861 0 0.0152778 0
0 0.446528 0 0.0541667 0
0 0.729861 0 0.0125 0
0 0.604861 0 0.0152778 0
0 0.447222 0 0.0527778 0
0 0.604861 0 0.0152778 0
0 0.729861 0 0.0125 0
0 0.445833 0 0.0555556 0
0 0.605556 0 0.0166667 0
0 0.445833 0 0.0555556 0
0 0.60625 0 0.0180556 0
0 0.445833 0 0.0555556 0
0 0.605556 0 0.0166667 0
0 0.445833 0 0.0527778 0
0 0.730556 0 0.0138889 0
0 0.445833 0 0.0527778 0
0 0.73125 0 0.0125 0
0 0.445833 0 0.0527778 0
0 0.731944 0 0.0138889 0
0 0.60625 0 0.0180556 0
0 0.445833 0 0.0527778 0
0 0.60625 0 0.0152778 0
0 0.445833 0 0.0527778 0
0 0.605556 0 0.0138889 0
0 0.445833 0 0.0527778 0
0 0.60625 0 0.0152778 0
0 0.445833 0 0.0527778 0
0 0.60625 0 0.0152778 0
0 0.445139 0 0.0513889 0
0 0.359028 0 0.0152778 0
0 0.606944 0 0.0138889 0
0 0.445139 0 0.0541667 0
0 0.732639 0 0.0152778 0
0 0.359028 0 0.0152778 0
0 0.606944 0 0.0138889 0
0 0.444444 0 0.0527778 0
0 0.732639 0 0.0152778 0
0 0.358333 0 0.0166667 0
0 0.606944 0 0.0138889 0
0 0.444444 0 0.0527778 0
0 0.733333 0 0.0166667 0
0 0.359028 0 0.0152778 0
0 0.606944 0 0.0138889 0
0 0.444444 0 0.0555556 0
0 0.734028 0 0.0152778 0
0 0.607639 0 0.0152778 0
0 0.44375 0 0.0541667 0
0 0.734028 0 0.0152778 0
0 0.607639 0 0.0152778 0
0 0.44375 0 0.0541667 0
0 0.357639 0 0.0152778 0
0 0.607639 0 0.0152778 0
0 0.443056 0 0.0555556 0
0 0.358333 0 0.0166667 0
0 0.736111 0 0.0166667 0
0 0.607639 0 0.0152778 0
0 0.442361 0 0.0569444 0
0 0.357639 0 0.0152778 0
0 0.736111 0 0.0166667 0
0 0.607639 0 0.0152778 0
0 0.440972 0 0.0569444 0
0 0.357639 0 0.0152778 0
0 0.608333 0 0.0166667 0
0 0.440972 0 0.0569444 0
0 0.608333 0 0.0166667 0
0 0.440972 0 0.0569444 0
0 0.608333 0 0.0166667 0
0 0.439583 0 0.0569444 0
0 0.7375 0 0.0138889 0
0 0.608333 0 0.0166667 0
0 0.439583 0 0.0569444 0
0 0.738194 0 0.0152778 0
0 0.608333 0 0.0166667 0
0 0.438889 0 0.0583333 0
0 0.608333 0 0.0166667 0
0 0.738889 0 0.0138889 0
0 0.438889 0 0.0583333 0
0 0.609722 0 0.0194444 0
0 0.738889 0 0.0138889 0
0 0.438889 0 0.0611111 0
0 0.354861 0 0.0180556 0
0 0.738889 0 0.0166667 0
0 0.609028 0 0.0152778 0
0 0.438194 0 0.0625 0
0 0.609722 0 0.0166667 0
0 0.438194 0 0.0625 0
0 0.354167 0 0.0166667 0
0 0.739583 0 0.0152778 0
0 0.609722 0 0.0194444 0
0 0.4375 0 0.0722222 0
0 0.611111 0 0.0166667 0
0 0.4375 0 0.0611111 0
0 0.610417 0 0.0152778 0
0 0.4375 0 0.0611111 0
0 0.354167 0 0.0166667 0
0 0.740972 0 0.0152778 0
0 0.610417 0 0.0152778 0
0 0.4375 0 0.0611111 0
0 0.741667 0 0.0166667 0
0 0.611111 0 0.0166667 0
0 0.436806 0 0.0625 0
0 0.353472 0 0.0152778 0
0 0.742361 0 0.0152778 0
0 0.611111 0 0.0166667 0
0 0.436111 0 0.0611111 0
0 0.743056 0 0.0138889 0
0 0.610417 0 0.0152778 0
0 0.436111 0 0.0611111 0
0 0.645833 0 0.0333333 0
0 0.352778 0 0.0166667 0
0 0.74375 0 0.0152778 0
0 0.611806 0 0.0152778 0
0 0.435417 0 0.0625 0
0 0.352083 0 0.0152778 0
0 0.611111 0 0.0166667 0
0 0.74375 0 0.0152778 0
0 0.434722 0 0.0638889 0
0 0.744444 0 0.0166667 0
0 0.611806 0 0.0152778 0
0 0.434722 0 0.0638889 0
0 0.611806 0 0.0152778 0
0 0.745139 0 0.0152778 0
0 0.434722 0 0.0638889 0
0 0.745833 0 0.0166667 0
0 0.611806 0 0.0180556 0
0 0.352778 0 0.0166667 0
0 0.434028 0 0.0652778 0
0 0.746528 0 0.0180556 0
0 0.352083 0 0.0180556 0
0 0.6125 0 0.0166667 0
0 0.434028 0 0.0652778 0
0 0.352083 0 0.0180556 0
0 0.745833 0 0.0166667 0
0 0.613194 0 0.0152778 0
0 0.434028 0 0.0652778 0
0 0.351389 0 0.0166667 0
0 0.746528 0 0.0180556 0
0 0.613194 0 0.0152778 0
0 0.433333 0 0.0666667 0
0 0.350694 0 0.0152778 0
0 0.747222 0 0.0166667 0
0 0.613889 0 0.0166667 0
0 0.431944 0 0.0666667 0
0 0.35 0 0.0166667 0
0 0.748611 0 0.0166667 0
0 0.613194 0 0.0152778 0
0 0.43125 0 0.0680556 0
0 0.350694 0 0.0152778 0
0 0.749306 0 0.0152778 0
0 0.613889 0 0.0166667 0
0 0.430556 0 0.0694444 0
0 0.35 0 0.0166667 0
0 0.613889 0 0.0166667 0
0 0.749306 0 0.0152778 0
0 0.430556 0 0.0694444 0
0 0.614583 0 0.0152778 0
0 0.75 0 0.0138889 0
0 0.429861 0 0.0708333 0
0 0.75 0 0.0166667 0
0 0.614583 0 0.0152778 0
0 0.429167 0 0.0694444 0
0 0.615972 0 0.0180556 0
0 0.750694 0 0.0152778 0
0 0.429167 0 0.0694444 0
0 0.348611 0 0.0166667 0
0 0.490278 0 0.0416667 0
0 0.615972 0 0.0180556 0
0 0.752083 0 0.0152778 0
0 0.428472 0 0.0708333 0
0 0.490972 0 0.0486111 0
0 0.348611 0 0.0166667 0
0 0.752083 0 0.0152778 0
0 0.615278 0 0.0166667 0
0 0.428472 0 0.0680556 0
0 0.348611 0 0.0166667 0
0 0.752778 0 0.0166667 0
0 0.616667 0 0.0166667 0
0 0.428472 0 0.0680556 0
0 0.616667 0 0.0166667 0
0 0.427778 0 0.0694444 0
0 0.752778 0 0.0166667 0
0 0.616667 0 0.0166667 0
0 0.427083 0 0.0708333 0
0 0.347917 0 0.0180556 0
0 0.753472 0 0.0180556 0
0 0.615972 0 0.0180556 0
0 0.427083 0 0.0708333 0
0 0.490972 0 0.0430556 0
0 0.753472 0 0.0180556 0
0 0.617361 0 0.0180556 0
0 0.426389 0 0.0722222 0
0 0.490972 0 0.0430556 0
0 0.652778 0 0.0361111 0
0 0.754167 0 0.0166667 0
0 0.617361 0 0.0180556 0
0 0.427083 0 0.0736111 0
0 0.755556 0 0.0194444 0
0 0.493056 0 0.0444444 0
0 0.617361 0 0.0180556 0
0 0.427083 0 0.0736111 0
0 0.49375 0 0.0458333 0
0 0.617361 0 0.0180556 0
0 0.756944 0 0.0166667 0
0 0.426389 0 0.075 0
0 0.493056 0 0.0472222 0
0 0.757639 0 0.0152778 0
0 0.61875 0 0.0152778 0
0 0.427083 0 0.0708333 0
0 0.207639 0 0.0152778 0
0 0.492361 0 0.0541667 0
0 0.346528 0 0.0180556 0
0 0.618056 0 0.0166667 0
0 0.757639 0 0.0152778 0
0 0.427083 0 0.0736111 0
0 0.346528 0 0.0180556 0
0 0.758333 0 0.0166667 0
0 0.492361 0 0.0513889 0
0 0.61875 0 0.0180556 0
0 0.426389 0 0.075 0
0 0.758333 0 0.0166667 0
0 0.491667 0 0.05 0
0 0.619444 0 0.0166667 0
0 0.426389 0 0.0777778 0
0 0.346528 0 0.0180556 0
0 0.490972 0 0.0513889 0
0 0.620139 0 0.0180556 0
0 0.426389 0 0.0777778 0
0 0.759028 0 0.0180556 0
0 0.490972 0 0.0513889 0
0 0.620139 0 0.0180556 0
0 0.426389 0 0.0777778 0
0 0.491667 0 0.0527778 0
0 0.760417 0 0.0180556 0
0 0.345833 0 0.0166667 0
0 0.620139 0 0.0180556 0
0 0.426389 0 0.0805556 0
0 0.491667 0 0.0472222 0
0 0.761111 0 0.0166667 0
0 0.345833 0 0.0166667 0
0 0.620833 0 0.0166667 0
0 0.425694 0 0.0819444 0
0 0.620833 0 0.0166667 0
0 0.425694 0 0.0819444 0
0 0.344444 0 0.0166667 0
0 0.490972 0 0.0541667 0
0 0.761111 0 0.0166667 0
0 0.620833 0 0.0166667 0
0 0.425694 0 0.0819444 0
0 0.491667 0 0.0527778 0
0 0.345139 0 0.0152778 0
0 0.7625 0 0.0166667 0
0 0.620833 0 0.0166667 0
0 0.425 0 0.0833333 0
0 0.344444 0 0.0166667 0
0 0.490972 0 0.0541667 0
0 0.7625 0 0.0166667 0
0 0.620833 0 0.0166667 0
0 0.423611 0 0.0833333 0
0 0.763194 0 0.0180556 0
0 0.490278 0 0.0555556 0
0 0.620833 0 0.0166667 0
0 0.424306 0 0.0847222 0
0 0.489583 0 0.0569444 0
0 0.763889 0 0.0166667 0
0 0.621528 0 0.0180556 0
0 0.423611 0 0.0861111 0
0 0.488194 0 0.0569444 0
0 0.765278 0 0.0166667 0
0 0.622222 0 0.0194444 0
0 0.423611 0 0.0833333 0
0 0.530556 0 0.0388889 0
0 0.200694 0 0.0180556 0
0 0.488194 0 0.0597222 0
0 0.765278 0 0.0166667 0
0 0.622222 0 0.0194444 0
0 0.422917 0 0.0847222 0
0 0.530556 0 0.0388889 0
0 0.488194 0 0.0597222 0
0 0.764583 0 0.0180556 0
0 0.622917 0 0.0180556 0
0 0.421528 0 0.0819444 0
0 0.765972 0 0.0180556 0
0 0.622917 0 0.0180556 0
0 0.421528 0 0.0875 0
0 0.765972 0 0.0180556 0
0 0.622917 0 0.0180556 0
0 0.419444 0 0.0861111 0
0 0.766667 0 0.0194444 0
0 0.623611 0 0.0194444 0
0 0.41875 0 0.0902778 0
0 0.341667 0 0.0194444 0
0 0.767361 0 0.0180556 0
0 0.624306 0 0.0180556 0
0 0.418056 0 0.0861111 0
0 0.340972 0 0.0180556 0
0 0.768056 0 0.0194444 0
0 0.623611 0 0.0194444 0
0 0.417361 0 0.0902778 0
0 0.197222 0 0.0166667 0
0 0.340972 0 0.0180556 0
0 0.770139 0 0.0180556 0
0 0.624306 0 0.0180556 0
0 0.415972 0 0.0902778 0
0 0.196528 0 0.0180556 0
0 0.341667 0 0.0194444 0
0 0.769444 0 0.0194444 0
0 0.624306 0 0.0180556 0
0 0.414583 0 0.0902778 0
0 0.340278 0 0.0194444 0
0 0.195833 0 0.0166667 0
0 0.769444 0 0.0194444 0
0 0.624306 0 0.0152778 0
0 0.414583 0 0.0902778 0
0 0.339583 0 0.0180556 0
0 0.769444 0 0.0194444 0
0 0.195139 0 0.0180556 0
0 0.625 0 0.0166667 0
0 0.414583 0 0.0930556 0
0 0.340278 0 0.0166667 0
0 0.770139 0 0.0180556 0
0 0.194444 0 0.0166667 0
0 0.625 0 0.0166667 0
0 0.4125 0 0.0916667 0
0 0.339583 0 0.0180556 0
0 0.772222 0 0.0194444 0
0 0.625 0 0.0166667 0
0 0.411806 0 0.0958333 0
0 0.338889 0 0.0166667 0
0 0.772222 0 0.0194444 0
0 0.625694 0 0.0180556 0
0 0.4125 0 0.0972222 0
0 0.339583 0 0.0180556 0
0 0.772917 0 0.0208333 0
0 0.625694 0 0.0180556 0
0 0.411806 0 0.0986111 0
0 0.339583 0 0.0180556 0
0 0.773611 0 0.0194444 0
0 0.626389 0 0.0166667 0
0 0.411111 0 0.0972222 0
0 0.773611 0 0.0194444 0
0 0.627083 0 0.0180556 0
0 0.410417 0 0.0986111 0
0 0.772917 0 0.0180556 0
0 0.627083 0 0.0180556 0
0 0.409722 0 0.0972222 0
0 0.773611 0 0.0194444 0
0 0.627083 0 0.0180556 0
0 0.408333 0 0.102778 0
0 0.774306 0 0.0180556 0
0 0.627083 0 0.0180556 0
0 0.406944 0 0.102778 0
0 0.775 0 0.0166667 0
0 0.627083 0 0.0180556 0
0 0.405556 0 0.102778 0
0 0.775 0 0.0166667 0
0 0.627083 0 0.0180556 0
0 0.404167 0 0.1 0
0 0.775694 0 0.0180556 0
0 0.628472 0 0.0180556 0
0 0.401389 0 0.105556 0
0 0.777083 0 0.0180556 0
0 0.628472 0 0.0180556 0
0 0.4 0 0.105556 0
0 0.336806 0 0.0180556 0
0 0.777083 0 0.0180556 0
0 0.403472 0 0.106944 0
0 0.628472 0 0.0208333 0
0 0.4875 0 0.0666667 0
0 0.777778 0 0.0194444 0
0 0.415278 0 0.111111 0
0 0.629167 0 0.0194444 0
0 0.335417 0 0.0180556 0
0 0.777778 0 0.0194444 0
0 0.629167 0 0.0194444 0
0 0.436111 0 0.105556 0
0 0.778472 0 0.0180556 0
0 0.334722 0 0.0194444 0
0 0.629167 0 0.0194444 0
0 0.45625 0 0.104167 0
0 0.184722 0 0.0194444 0
0 0.49375 0 0.0513889 0
0 0.780556 0 0.0194444 0
0 0.334028 0 0.0180556 0
0 0.629861 0 0.0180556 0
0 0.473611 0.5 0.102778 1
0 0.780556 0 0.0194444 0
0 0.334028 0 0.0180556 0
0 0.629861 0 0.0180556 0
0 0.486111 0.5 0.102778 1
0 0.184028 0 0.0180556 0
0 0.782639 0 0.0208333 0
0 0.334028 0 0.0180556 0
0 0.630556 0 0.0194444 0
0 0.492361 0.5 0.104167 1
0 0.183333 0 0.0194444 0
0 0.334028 0 0.0180556 0
0 0.782639 0 0.0208333 0
0 0.630556 0 0.0194444 0
0 0.498611 0.5 0.102778 1
0 0.181944 0 0.0194444 0
0 0.783333 0 0.0194444 0
0 0.334028 0 0.0180556 0
0 0.630556 0 0.0194444 0
0 0.500694 0.5 0.101389 1
0 0.782639 0 0.0180556 0
0 0.333333 0 0.0194444 0
0 0.630556 0 0.0194444 0
0 0.505556 0.5 0.105556 1
0 0.783333 0 0.0194444 0
0 0.332639 0 0.0180556 0
0 0.63125 0 0.0180556 0
0 0.509028 0.5 0.104167 1
0 0.784028 0 0.0180556 0
0 0.332639 0 0.0180556 0
0 0.631944 0 0.0194444 0
0 0.510417 0.5 0.104167 1
0 0.784722 0 0.0194444 0
0 0.332639 0 0.0180556 0
0 0.631944 0 0.0194444 0
0 0.511806 0.5 0.106944 1
0 0.784028 0 0.0180556 0
0 0.332639 0 0.0180556 0
0 0.631944 0 0.0194444 0
0 0.511806 0.5 0.109722 1
0 0.784722 0 0.0166667 0
0 0.331944 0 0.0194444 0
0 0.506944 0 0.119444 0
0 0.632639 0 0.0180556 0
0 0.331944 0 0.0194444 0
0 0.785417 0 0.0180556 0
0 0.49375 0 0.109722 0
0 0.634028 0 0.0208333 0
0 0.633333 0 0.0194444 0
0 0.469444 0 0.111111 0
0 0.786111 0 0.0166667 0
0 0.463194 0 0.115278 0
0 0.633333 0 0.0194444 0
0 0.786111 0 0.0166667 0
0 0.463194 0 0.115278 0
0 0.633333 0 0.0194444 0
0 0.786111 0 0.0166667 0
0 0.463194 0 0.115278 0
0 0.633333 0 0.0194444 0
0 0.786111 0 0.0166667 0
0 0.466667 0 0.108333 0
0 0.633333 0 0.0194444 0
0 0.786111 0 0.0166667 0
0 0.44375 0 0.109722 0
0 0.634028 0 0.0208333 0
0 0.786806 0 0.0152778 0
0 0.486806 0 0.0680556 0
0 0.415278 0 0.122222 0
0 0.634028 0 0.0208333 0
0 0.786806 0 0.0152778 0
0 0.486806 0 0.0680556 0
0 0.415278 0 0.122222 0
0 0.634028 0 0.0208333 0
0 0.786806 0 0.0152778 0
0 0.486806 0 0.0680556 0
0 0.415278 0 0.122222 0
0 0.633333 0 0.0194444 0
0 0.786806 0 0.0152778 0
0 0.486806 0 0.0680556 0
0 0.415278 0 0.122222 0
0 0.634028 0 0.0208333 0
0 0.786806 0 0.0152778 0
0 0.486806 0 0.0680556 0
0 0.415278 0 0.122222 0
0 0.633333 0 0.0194444 0
0 0.391667 0.5 0.111111 1
0 0.486806 0 0.0708333 0
0 0.634028 0 0.0180556 0
0 0.329861 0 0.0208333 0
0 0.488889 0 0.0666667 0
0 0.359028 0.5 0.120833 1
0 0.634722 0 0.0194444 0
0 0.329861 0 0.0208333 0
0 0.488889 0 0.0666667 0
0 0.359028 0.5 0.120833 1
0 0.634722 0 0.0194444 0
0 0.329861 0 0.0208333 0
0 0.488889 0 0.0666667 0
0 0.359028 0.5 0.120833 1
0 0.634722 0 0.0194444 0
0 0.329861 0 0.0208333 0
0 0.488889 0 0.0666667 0
0 0.359028 0.5 0.120833 1
0 0.634028 0 0.0180556 0
0 0.329861 0 0.0208333 0
0 0.488889 0 0.0666667 0
0 0.359028 0.5 0.120833 1
0 0.634722 0 0.0194444 0
0 0.489583 0 0.0541667 0
0 0.322222 0.5 0.113889 1
0 0.634028 0 0.0180556 0
0 0.329861 0 0.0208333 0
0 0.297222 0.5 0.113889 1
0 0.634028 0 0.0180556 0
0 0.329861 0 0.0208333 0
0 0.297222 0.5 0.113889 1
0 0.634028 0 0.0180556 0
0 0.329861 0 0.0208333 0
0 0.297222 0.5 0.113889 1
0 0.634028 0 0.0180556 0
0 0.329861 0 0.0208333 0
0 0.297222 0.5 0.113889 1
0 0.634028 0 0.0180556 0
0 0.329861 0 0.0208333 0
0 0.297222 0.5 0.113889 1
0 0.634028 0 0.0180556 0
0 0.635417 0 0.0180556 0
0 0.275694 0.5 0.1125 1
0 0.443056 0 0.0361111 0
0 0.329167 0 0.0194444 0
0 0.634722 0 0.0194444 0
0 0.443056 0 0.0333333 0
0 0.329167 0 0.0194444 0
0 0.490278 0 0.05 0
0 0.634722 0 0.0194444 0
0 0.443056 0 0.0333333 0
0 0.490278 0 0.05 0
0 0.329167 0 0.0194444 0
0 0.634028 0 0.0180556 0
0 0.329167 0 0.0194444 0
0 0.490278 0 0.05 0
0 0.634028 0 0.0180556 0
0 0.329167 0 0.0194444 0
0 0.489583 0 0.0513889 0
0 0.634722 0 0.0194444 0
0 0.489583 0 0.0541667 0
0 0.634722 0 0.0194444 0
0 0.329167 0 0.0194444 0
0 0.634722 0 0.0194444 0
0 0.486806 0 0.0625 0
0 0.329167 0 0.0194444 0
0 0.4875 0 0.0611111 0
0 0.634722 0 0.0194444 0
0 0.329167 0 0.0194444 0
0 0.634722 0 0.0194444 0
0 0.486806 0 0.0625 0
0 0.329167 0 0.0194444 0
0 0.634722 0 0.0194444 0
0 0.486806 0 0.0625 0
0 0.270833 1 0.125 0
0 0.329167 0 0.0194444 0
0 0.634722 0 0.0194444 0
0 0.484028 0 0.0652778 0
0 0.634722 0 0.0194444 0
0 0.534722 0 0.05 0
0 0.328472 0 0.0180556 0
0 0.484028 0 0.0708333 0
0 0.634722 0 0.0194444 0
0 0.534722 0 0.05 0
0 0.327778 0 0.0166667 0
0 0.484028 0 0.0708333 0
0 0.634722 0 0.0194444 0
0 0.328472 0 0.0180556 0
0 0.484028 0 0.0708333 0
0 0.534722 0 0.05 0
0 0.634722 0 0.0194444 0
0 0.327778 0 0.0166667 0
0 0.484028 0 0.0708333 0
0 0.534722 0 0.05 0
0 0.634722 0 0.0194444 0
0 0.328472 0 0.0180556 0
0 0.484028 0 0.0708333 0
0 0.328472 0 0.0152778 0
0 0.482639 0 0.0763889 0
0 0.328472 0 0.0152778 0
0 0.482639 0 0.0708333 0
0 0.328472 0.5 0.115278 1
0 0.482639 0 0.0763889 0
0 0.483333 0 0.0722222 0
0 0.336806 0.5 0.120833 1
0 0.483333 0 0.0722222 0
0 0.336806 0.5 0.120833 1
0 0.483333 0 0.0722222 0
0 0.336806 0.5 0.120833 1
0 0.483333 0 0.0722222 0
0 0.336806 0.5 0.120833 1
0 0.376389 0.5 0.125 1
0 0.43125 0.5 0.131944 1
0 0.469444 0 0.138889 0
0 0.568056 0 0.141667 0
0 0.567361 0 0.140278 0
0 0.567361 0 0.140278 0
0 0.567361 0 0.140278 0
0 0.568056 0 0.141667 0
0 0.4875 0 0.0694444 0
0 0.666667 0 0.147222 0
0 0.441667 0 0.0388889 0
0 0.817361 0 0.129167 0
0 0.486806 0 0.0708333 0
0 0.441667 0 0.0388889 0
0 0.486806 0 0.0708333 0
0 0.535417 0 0.0430556 0
0 0.441667 0 0.0388889 0
0 0.486806 0 0.0708333 0
0 0.486806 0 0.0708333 0
0 0.441667 0 0.0388889 0
0 0.486806 0 0.0708333 0
0 0.535417 0 0.0430556 0
0 0.440972 0 0.0375 0
0 0.488194 0 0.0652778 0
0 0.523611 0 0.0333333 0
0 0.525 0 0.0361111 0
0 0.4875 0 0.0666667 0
0 0.525 0 0.0361111 0
0 0.535417 0 0.0430556 0
0 0.4875 0 0.0666667 0
0 0.535417 0 0.0430556 0
0 0.525 0 0.0361111 0
0 0.4875 0 0.0666667 0
0 0.525 0 0.0361111 0
0 0.535417 0 0.0430556 0
0 0.4875 0 0.0666667 0
0 0.525 0 0.0361111 0
0 0.4875 0 0.0666667 0
0 0.524306 0 0.0347222 0
0 0.4875 0 0.0666667 0
0 0.534722 0 0.0444444 0
0 0.486111 0 0.0638889 0
0 0.486806 0 0.0652778 0
0 0.486806 0 0.0652778 0
0 0.4875 0 0.0666667 0
0 0.486806 0 0.0652778 0
0 0.486111 0 0.0666667 0
0 0.486111 0 0.0638889 0
0 0.485417 0 0.0680556 0
0 0.486111 0 0.0666667 0
0 0.485417 0 0.0680556 0
0 0.486111 0 0.0666667 0
0 0.485417 0 0.0680556 0
0 0.525 0 0.0305556 0
0 0.486111 0 0.0638889 0
0 0.486806 0 0.0625 0
0 0.525 0 0.0305556 0
0 0.486111 0 0.0638889 0
0 0.486806 0 0.0625 0
0 0.486111 0 0.0638889 0
0 0.486111 0 0.0638889 0
0 0.484722 0 0.0611111 0
0 0.484722 0 0.0611111 0
0 0.485417 0 0.0597222 0
0 0.485417 0 0.0597222 0
0 0.485417 0 0.0652778 0
0 0.484722 0 0.0583333 0
0 0.485417 0 0.0597222 0
0 0.485417 0 0.0597222 0
0 0.485417 0 0.0597222 0
0 0.485417 0 0.0597222 0
0 0.486806 0 0.0625 0
0 0.486806 0 0.0625 0
0 0.486806 0 0.0625 0
0 0.486806 0 0.0625 0
0 0.486806 0 0.0625 0
0 0.4875 0 0.0666667 0
0 0.4875 0 0.0611111 0
0 0.488194 0 0.0625 0
0 0.4875 0 0.0611111 0
0 0.4875 0 0.0611111 0
0 0.4875 0 0.0666667 0
0 0.486111 0 0.0694444 0
0 0.439583 0 0.0402778 0
0 0.486111 0 0.0694444 0
0 0.439583 0 0.0402778 0
0 0.486111 0 0.0694444 0
0 0.439583 0 0.0402778 0
0 0.486111 0 0.0694444 0
0 0.485417 0 0.0680556 0
0 0.439583 0 0.0402778 0
0 0.486806 0 0.0680556 0
0 0.440278 0 0.0416667 0
0 0.485417 0 0.0680556 0
0 0.485417 0 0.0652778 0
0 0.485417 0 0.0652778 0
0 0.485417 0 0.0652778 0
0 0.485417 0 0.0652778 0
0 0.485417 0 0.0708333 0
0 0.485417 0 0.0680556 0
0 0.486111 0 0.0694444 0
0 0.485417 0 0.0680556 0
0 0.485417 0 0.0708333 0
0 0.484722 0 0.0722222 0
0 0.525694 0 0.0347222 0
0 0.526389 0 0.0333333 0
0 0.526389 0 0.0333333 0
0 0.526389 0 0.0333333 0
0 0.526389 0 0.0333333 0
0 0.484028 0 0.0763889 0
0 0.528472 0 0.0319444 0
0 0.484028 0 0.0763889 0
0 0.529167 0 0.0305556 0
0 0.484028 0 0.0763889 0
0 0.529167 0 0.0305556 0
0 0.484028 0 0.0763889 0
0 0.529167 0 0.0305556 0
0 0.484028 0 0.0763889 0
0 0.529167 0 0.0305556 0
0 0.484722 0 0.075 0
0 0.529167 0 0.0305556 0
0 0.486806 0 0.0791667 0
0 0.485417 0 0.0791667 0
0 0.485417 0 0.0791667 0
0 0.485417 0 0.0791667 0
0 0.485417 0 0.0791667 0
0 0.485417 0 0.0791667 0
0 0.485417 0 0.0763889 0
0 0.821528 0 0.0819444 0
0 0.484722 0 0.0833333 0
0 0.840972 0 0.0736111 0
0 0.784028 0 0.0597222 0
0 0.484722 0 0.0833333 0
0 0.840972 0 0.0736111 0
0 0.484722 0 0.0833333 0
0 0.840972 0 0.0736111 0
0 0.484722 0 0.0833333 0
0 0.840972 0 0.0736111 0
0 0.484722 0 0.0805556 0
0 0.856944 0 0.0805556 0
0 0.527778 0 0.0333333 0
0 0.485417 0 0.0736111 0
0 0.527083 0 0.0347222 0
0 0.485417 0 0.0736111 0
0 0.527083 0 0.0347222 0
0 0.485417 0 0.0736111 0
0 0.527083 0 0.0347222 0
0 0.485417 0 0.0736111 0
0 0.527083 0 0.0347222 0
0 0.527778 0 0.0333333 0
0 0.486806 0 0.0736111 0
0 0.486806 0 0.0708333 0
0 0.486806 0 0.0708333 0
0 0.486806 0 0.0708333 0
0 0.486806 0 0.0708333 0
0 0.4875 0 0.075 0
0 0.486111 0 0.0722222 0
0 0.486111 0 0.0694444 0
0 0.486111 0 0.0722222 0
0 0.486806 0 0.0708333 0
0 0.486111 0 0.0694444 0
0 0.486806 0 0.0708333 0
0 0.524306 0 0.0347222 0
0 0.525694 0 0.0347222 0
0 0.525694 0 0.0347222 0
0 0.525694 0 0.0347222 0
0 0.525694 0 0.0347222 0
0 0.529167 0 0.0388889 0
0 0.527083 0 0.0375 0
0 0.486111 0 0.075 0
0 0.438194 0 0.0375 0
0 0.527083 0 0.0375 0
0 0.486111 0 0.075 0
0 0.438194 0 0.0375 0
0 0.526389 0 0.0388889 0
0 0.486111 0 0.075 0
0 0.438194 0 0.0375 0
0 0.486111 0 0.075 0
0 0.4375 0 0.0361111 0
0 0.486111 0 0.075 0
0 0.438194 0 0.0375 0
0 0.438194 0 0.0375 0
0 0.486806 0 0.0736111 0
0 0.4375 0 0.0361111 0
0 0.438194 0 0.0375 0
0 0.438194 0 0.0375 0
0 0.438194 0 0.0375 0
0 0.486806 0 0.0736111 0
0 0.4375 0 0.0361111 0
0 0.488194 0 0.0736111 0
0 0.436111 0 0.0361111 0
0 0.436806 0 0.0375 0
0 0.486111 0 0.075 0
0 0.435417 0 0.0402778 0
0 0.486806 0 0.0708333 0
0 0.479167 0 0.0138889 0
0 0.436111 0 0.0388889 0
0 0.486806 0 0.0708333 0
0 0.479167 0 0.0138889 0
0 0.436806 0 0.0402778 0
0 0.4875 0 0.0722222 0
0 0.479167 0 0.0138889 0
0 0.436806 0 0.0402778 0
0 0.4875 0 0.0722222 0
0 0.479167 0 0.0138889 0
0 0.436806 0 0.0402778 0
0 0.486806 0 0.0736111 0
0 0.4375 0 0.0388889 0
0 0.436806 0 0.0375 0
0 0.436806 0 0.0375 0
0 0.436806 0 0.0375 0
0 0.436806 0 0.0375 0
0 0.436806 0 0.0375 0
0 0.436111 0 0.0361111 0
0 0.436111 0 0.0361111 0
0 0.436111 0 0.0361111 0
0 0.436111 0 0.0361111 0
0 0.435417 0 0.0375 0
0 0.478472 0 0.0152778 0
0 0.436111 0 0.0361111 0
0 0.478472 0 0.0152778 0
0 0.435417 0 0.0375 0
0 0.478472 0 0.0152778 0
0 0.436111 0 0.0361111 0
0 0.478472 0 0.0152778 0
0 0.435417 0 0.0375 0
0 0.435417 0 0.0375 0
0 0.434722 0 0.0361111 0
0 0.434722 0 0.0361111 0
0 0.434722 0 0.0361111 0
0 0.434722 0 0.0361111 0
0 0.486111 0 0.0666667 0
0 0.434722 0 0.0361111 0
0 0.485417 0 0.0680556 0
0 0.477778 0 0.0138889 0
0 0.435417 0 0.0375 0
0 0.485417 0 0.0680556 0
0 0.477778 0 0.0138889 0
0 0.485417 0 0.0680556 0
0 0.477778 0 0.0138889 0
0 0.434722 0 0.0361111 0
0 0.434722 0 0.0361111 0
0 0.477778 0 0.0138889 0
0 0.477778 0 0.0138889 0
0 0.435417 0 0.0375 0
0 0.485417 0 0.0625 0
0 0.485417 0 0.0625 0
0 0.485417 0 0.0625 0
0 0.435417 0 0.0430556 0
0 0.485417 0 0.0625 0
0 0.435417 0 0.0430556 0
0 0.485417 0 0.0625 0
0 0.434722 0 0.0444444 0
0 0.434722 0 0.0444444 0
0 0.434722 0 0.0444444 0
0 0.434722 0 0.0444444 0
0 0.434722 0 0.0444444 0
0 0.434722 0 0.0444444 0
0 0.225 0 0.00833333 0
0 0.434722 0 0.0444444 0
0 0.434722 0 0.0444444 0
0 0.434722 0 0.0444444 0
0 0.434722 0 0.0444444 0
0 0.434722 0 0.0444444 0
0 0.224306 0 0.00694444 0
0 0.434722 0 0.0444444 0
0 0.434722 0 0.0444444 0
0 0.223611 0 0.00833333 0
0 0.213194 0 0.00694444 0
0 0.434722 0 0.0444444 0
0 0.434722 0 0.0444444 0
0 0.224306 0 0.00694444 0
0 0.213194 0 0.00694444 0
0 0.434722 0 0.0444444 0
0 0.485417 0 0.0625 0
0 0.434722 0 0.0444444 0
0 0.434722 0 0.0444444 0
0 0.485417 0 0.0625 0
0 0.485417 0 0.0625 0
0 0.213194 0 0.00694444 0
0 0.21875 0 0.00694444 0
0 0.434722 0 0.0444444 0
0 0.434722 0 0.0444444 0
0 0.225694 0 0.00972222 0
0 0.434722 0 0.0444444 0
0 0.434722 0 0.0444444 0
0 0.434722 0 0.0444444 0
0 0.434722 0 0.0444444 0
0 0.213194 0 0.00694444 0
0 0.434722 0 0.0444444 0
0 0.434722 0 0.0444444 0
0 0.434722 0 0.0444444 0
0 0.434722 0 0.0444444 0
0 0.485417 0 0.0625 0
0 0.434722 0 0.0444444 0
0 0.434722 0 0.0444444 0
0 0.434722 0 0.0444444 0
0 0.434722 0 0.0444444 0
0 0.434722 0 0.0444444 0
0 0.434722 0 0.0444444 0
0 0.434722 0 0.0444444 0
0 0.434722 0 0.0444444 0
0 0.485417 0 0.0625 0
0 0.485417 0 0.0625 0
0 0.485417 0 0.0625 0
0 0.225 0 0.00833333 0
0 0.485417 0 0.0625 0
0 0.485417 0 0.0625 0
0 0.485417 0 0.0625 0
0 0.226389 0 0.00833333 0
0 0.485417 0 0.0625 0
0 0.485417 0 0.0625 0
0 0.485417 0 0.0625 0
0 0.225 0 0.00833333 0
0 0.485417 0 0.0625 0
0 0.225 0 0.00833333 0
0 0.213194 0 0.00694444 0
0 0.485417 0 0.0625 0
0 0.485417 0 0.0625 0
0 0.485417 0 0.0625 0
0 0.485417 0 0.0625 0
0 0.485417 0 0.0625 0
0 0.486111 0 0.0611111 0
0 0.485417 0 0.0625 0
0 0.485417 0 0.0625 0
0 0.225 0 0.00833333 0
0 0.485417 0 0.0625 0
0 0.485417 0 0.0625 0
0 0.485417 0 0.0625 0
0 0.485417 0 0.0625 0
0 0.485417 0 0.0625 0
0 0.485417 0 0.0625 0
0 0.485417 0 0.0625 0
0 0.485417 0 0.0625 0
0 0.485417 0 0.0625 0
0 0.485417 0 0.0625 0
0 0.485417 0 0.0625 0
0 0.485417 0 0.0625 0
0 0.213194 0 0.00694444 0
0 0.485417 0 0.0625 0
0 0.485417 0 0.0625 0
0 0.485417 0 0.0625 0
0 0.485417 0 0.0625 0
0 0.485417 0 0.0625 0
0 0.485417 0 0.0625 0
0 0.485417 0 0.0625 0
0 0.225 0 0.00833333 0
0 0.485417 0 0.0625 0
0 0.485417 0 0.0625 0
0 0.485417 0 0.0625 0
0 0.225 0 0.00833333 0
0 0.485417 0 0.0625 0
0 0.485417 0 0.0625 0
0 0.485417 0 0.0625 0
0 0.485417 0 0.0625 0
0 0.485417 0 0.0625 0
0 0.485417 0 0.0625 0
0 0.485417 0 0.0625 0
0 0.485417 0 0.0625 0
0 0.485417 0 0.0625 0
0 0.485417 0 0.0625 0
0 0.485417 0 0.0625 0
0 0.485417 0 0.0625 0
0 0.485417 0 0.0625 0
0 0.485417 0 0.0625 0
0 0.485417 0 0.0625 0
0 0.485417 0 0.0625 0
0 0.485417 0 0.0625 0
0 0.485417 0 0.0625 0
0 0.485417 0 0.0625 0
0 0.485417 0 0.0625 0
0 0.485417 0 0.0625 0
0 0.485417 0 0.0625 0
0 0.485417 0 0.0625 0
0 0.485417 0 0.0625 0
0 0.485417 0 0.0625 0
0 0.485417 0 0.0625 0
0 0.485417 0 0.0625 0
0 0.485417 0 0.0625 0
0 0.485417 0 0.0625 0
0 0.485417 0 0.0625 0
0 0.485417 0 0.0625 0
0 0.485417 0 0.0625 0
0 0.485417 0 0.0625 0
0 0.485417 0 0.0625 0
0 0.485417 0 0.0625 0
0 0.485417 0 0.0625 0
0 0.485417 0 0.0625 0
0 0.485417 0 0.0625 0
0 0.485417 0 0.0625 0
0 0.485417 0 0.0625 0
0 0.485417 0 0.0625 0
0 0.485417 0 0.0625 0
0 0.485417 0 0.0625 0
0 0.485417 0 0.0625 0
0 0.485417 0 0.0625 0
0 0.485417 0 0.0625 0
0 0.486111 0 0.0611111 0
0 0.485417 0 0.0625 0
0 0.485417 0 0.0625 0
0 0.485417 0 0.0625 0
0 0.485417 0 0.0625 0
0 0.225 0 0.00833333 0
0 0.485417 0 0.0625 0
0 0.485417 0 0.0625 0
0 0.225 0 0.00833333 0
0 0.485417 0 0.0625 0
0 0.485417 0 0.0625 0
0 0.485417 0 0.0625 0
0 0.225 0 0.00833333 0
0 0.485417 0 0.0625 0
0 0.485417 0 0.0625 0
0 0.485417 0 0.0625 0
0 0.485417 0 0.0625 0
0 0.485417 0 0.0625 0
0 0.485417 0 0.0625 0
0 0.485417 0 0.0625 0
0 0.485417 0 0.0625 0
0 0.485417 0 0.0625 0
0 0.485417 0 0.0625 0
0 0.485417 0 0.0625 0
0 0.485417 0 0.0625 0
0 0.485417 0 0.0625 0
0 0.485417 0 0.0625 0
0 0.2125 0 0.00833333 0
0 0.485417 0 0.0625 0
0 0.485417 0 0.0625 0
0 0.485417 0 0.0625 0
0 0.485417 0 0.0625 0
0 0.485417 0 0.0625 0
0 0.485417 0 0.0625 0
0 0.485417 0 0.0625 0
0 0.485417 0 0.0625 0
0 0.485417 0 0.0625 0
0 0.485417 0 0.0625 0
0 0.485417 0 0.0625 0
0 0.485417 0 0.0625 0
0 0.485417 0 0.0625 0
0 0.485417 0 0.0625 0
0 0.485417 0 0.0625 0
0 0.485417 0 0.0625 0
0 0.485417 0 0.0625 0
0 0.219444 0 0.00555556 0
0 0.485417 0 0.0625 0
0 0.485417 0 0.0625 0
0 0.485417 0 0.0625 0
0 0.485417 0 0.0625 0
0 0.485417 0 0.0625 0
0 0.485417 0 0.0625 0
0 0.485417 0 0.0625 0
0 0.485417 0 0.0625 0
0 0.485417 0 0.0625 0
0 0.485417 0 0.0625 0
0 0.485417 0 0.0625 0
0 0.485417 0 0.0625 0
0 0.225 0 0.00833333 0
0 0.485417 0 0.0625 0
0 0.485417 0 0.0625 0
0 0.485417 0 0.0625 0
0 0.485417 0 0.0625 0
0 0.485417 0 0.0625 0
0 0.485417 0 0.0625 0
0 0.485417 0 0.0625 0
0 0.485417 0 0.0625 0
0 0.485417 0 0.0625 0
0 0.485417 0 0.0625 0
0 0.485417 0 0.0625 0
0 0.485417 0 0.0625 0
0 0.485417 0 0.0625 0
0 0.485417 0 0.0625 0
0 0.485417 0 0.0625 0
0 0.2125 0 0.00833333 0
0 0.485417 0 0.0625 0
0 0.485417 0 0.0625 0
0 0.485417 0 0.0625 0
0 0.485417 0 0.0625 0
0 0.485417 0 0.0625 0
0 0.485417 0 0.0625 0
0 0.485417 0 0.0625 0
0 0.486111 0 0.0611111 0
0 0.485417 0 0.0625 0
0 0.485417 0 0.0625 0
0 0.485417 0 0.0625 0
0 0.485417 0 0.0625 0
0 0.485417 0 0.0625 0
0 0.485417 0 0.0625 0
0 0.485417 0 0.0625 0
0 0.485417 0 0.0625 0
0 0.486111 0 0.0611111 0
0 0.485417 0 0.0625 0
0 0.485417 0 0.0625 0
0 0.485417 0 0.0625 0
0 0.485417 0 0.0625 0
0 0.485417 0 0.0625 0
0 0.485417 0 0.0625 0
0 0.485417 0 0.0625 0
0 0.485417 0 0.0625 0
0 0.485417 0 0.0625 0
0 0.485417 0 0.0625 0
0 0.485417 0 0.0625 0
0 0.485417 0 0.0625 0
0 0.485417 0 0.0625 0
0 0.485417 0 0.0625 0
0 0.485417 0 0.0625 0
0 0.485417 0 0.0625 0
0 0.485417 0 0.0625 0
0 0.485417 0 0.0625 0
0 0.485417 0 0.0625 0
0 0.485417 0 0.0625 0
0 0.485417 0 0.0625 0
0 0.485417 0 0.0625 0
0 0.485417 0 0.0625 0
0 0.485417 0 0.0625 0
0 0.485417 0 0.0625 0
0 0.485417 0 0.0625 0
0 0.485417 0 0.0625 0
0 0.485417 0 0.0625 0
0 0.485417 0 0.0625 0
0 0.485417 0 0.0625 0
0 0.485417 0 0.0625 0
0 0.485417 0 0.0625 0
0 0.485417 0 0.0625 0
0 0.485417 0 0.0625 0
0 0.485417 0 0.0625 0
0 0.225 0 0.00833333 0
0 0.485417 0 0.0625 0
0 0.485417 0 0.0625 0
0 0.485417 0 0.0625 0
0 0.485417 0 0.0625 0
0 0.485417 0 0.0625 0
0 0.485417 0 0.0625 0
0 0.485417 0 0.0625 0
0 0.485417 0 0.0625 0
0 0.485417 0 0.0625 0
0 0.485417 0 0.0625 0
0 0.485417 0 0.0625 0
0 0.485417 0 0.0625 0
0 0.485417 0 0.0625 0
0 0.485417 0 0.0625 0
0 0.485417 0 0.0625 0
0 0.485417 0 0.0625 0
0 0.485417 0 0.0625 0
0 0.485417 0 0.0625 0
0 0.485417 0 0.0625 0
0 0.485417 0 0.0625 0
0 0.485417 0 0.0625 0
0 0.485417 0 0.0625 0
0 0.485417 0 0.0625 0
0 0.485417 0 0.0625 0
0 0.485417 0 0.0625 0
0 0.485417 0 0.0625 0
0 0.485417 0 0.0625 0
0 0.485417 0 0.0625 0
0 0.485417 0 0.0625 0
0 0.485417 0 0.0625 0
0 0.486111 0 0.0611111 0
0 0.485417 0 0.0625 0
0 0.2125 0 0.00833333 0
0 0.485417 0 0.0625 0
0 0.485417 0 0.0625 0
0 0.434722 0 0.0444444 0
0 0.434722 0 0.0444444 0
0 0.434722 0 0.0444444 0
0 0.434722 0 0.0444444 0
0 0.434722 0 0.0444444 0
0 0.434722 0 0.0444444 0
0 0.434722 0 0.0444444 0
0 0.434722 0 0.0444444 0
0 0.434722 0 0.0444444 0
0 0.434722 0 0.0444444 0
0 0.434722 0 0.0444444 0
0 0.434722 0 0.0444444 0
0 0.434722 0 0.0444444 0
0 0.434722 0 0.0444444 0
0 0.434722 0 0.0444444 0
0 0.434722 0 0.0444444 0
0 0.434722 0 0.0444444 0
0 0.434722 0 0.0444444 0
0 0.434722 0 0.0444444 0
0 0.434722 0 0.0444444 0
0 0.434722 0 0.0444444 0
0 0.434722 0 0.0444444 0
0 0.434722 0 0.0444444 0
0 0.434722 0 0.0444444 0
0 0.434722 0 0.0444444 0
0 0.225 0 0.00833333 0
0 0.434722 0 0.0444444 0
0 0.434722 0 0.0444444 0
0 0.434722 0 0.0444444 0
0 0.434722 0 0.0444444 0
0 0.434722 0 0.0444444 0
0 0.434722 0 0.0444444 0
0 0.434722 0 0.0444444 0
0 0.434722 0 0.0444444 0
0 0.434722 0 0.0444444 0
0 0.434722 0 0.0444444 0
0 0.219444 0 0.00555556 0
0 0.434722 0 0.0444444 0
0 0.434722 0 0.0444444 0
0 0.434722 0 0.0444444 0
0 0.434722 0 0.0444444 0
0 0.434722 0 0.0444444 0
0 0.434722 0 0.0444444 0
0 0.434722 0 0.0444444 0
0 0.434722 0 0.0444444 0
0 0.225 0 0.00833333 0
0 0.225 0 0.00833333 0
0 0.213194 0 0.00694444 0
0 0.213194 0 0.00694444 0
0 0.485417 0 0.0625 0
0 0.223611 0 0.00833333 0
0 0.485417 0 0.0625 0
0 0.485417 0 0.0625 0
0 0.485417 0 0.0625 0
0 0.485417 0 0.0625 0
0 0.485417 0 0.0625 0
0 0.485417 0 0.0625 0
0 0.485417 0 0.0625 0
0 0.485417 0 0.0625 0
0 0.485417 0 0.0625 0
0 0.485417 0 0.0625 0
0 0.225 0 0.00833333 0
0 0.213194 0 0.00694444 0
0 0.485417 0 0.0625 0
0 0.485417 0 0.0625 0
0 0.485417 0 0.0625 0
0 0.213194 0 0.00694444 0
0 0.485417 0 0.0625 0
0 0.485417 0 0.0625 0
0 0.485417 0 0.0625 0
0 0.485417 0 0.0625 0
0 0.213194 0 0.00694444 0
0 0.485417 0 0.0625 0
0 0.485417 0 0.0625 0
0 0.485417 0 0.0625 0
0 0.486111 0 0.0611111 0
0 0.485417 0 0.0625 0
0 0.485417 0 0.0625 0
0 0.486111 0 0.0611111 0
0 0.486111 0 0.0611111 0
0 0.485417 0 0.0625 0
0 0.485417 0 0.0625 0
0 0.485417 0 0.0625 0
0 0.485417 0 0.0625 0
0 0.485417 0 0.0625 0
0 0.485417 0 0.0625 0
0 0.485417 0 0.0625 0
0 0.485417 0 0.0625 0
0 0.485417 0 0.0625 0
0 0.225694 0 0.00972222 0
0 0.485417 0 0.0625 0
0 0.485417 0 0.0625 0
0 0.485417 0 0.0625 0
0 0.225694 0 0.00972222 0
0 0.485417 0 0.0625 0
0 0.485417 0 0.0625 0
0 0.485417 0 0.0625 0
0 0.225 0 0.00833333 0
0 0.485417 0 0.0625 0
0 0.485417 0 0.0625 0
0 0.485417 0 0.0625 0
0 0.225 0 0.00833333 0
0 0.485417 0 0.0625 0
0 0.485417 0 0.0625 0
0 0.485417 0 0.0625 0
0 0.485417 0 0.0625 0
0 0.225 0 0.00833333 0
0 0.485417 0 0.0625 0
0 0.485417 0 0.0625 0
0 0.485417 0 0.0625 0
0 0.225 0 0.00833333 0
0 0.485417 0 0.0625 0
0 0.485417 0 0.0625 0
0 0.485417 0 0.0625 0
0 0.485417 0 0.0625 0
0 0.225 0 0.00833333 0
0 0.485417 0 0.0625 0
0 0.485417 0 0.0625 0
0 0.213194 0 0.00694444 0
0 0.485417 0 0.0625 0
0 0.485417 0 0.0625 0
0 0.485417 0 0.0625 0
0 0.485417 0 0.0625 0
0 0.485417 0 0.0625 0
0 0.485417 0 0.0625 0
0 0.485417 0 0.0625 0
0 0.485417 0 0.0625 0
0 0.485417 0 0.0625 0
0 0.225 0 0.00833333 0
0 0.485417 0 0.0625 0
0 0.485417 0 0.0625 0
0 0.485417 0 0.0625 0
0 0.485417 0 0.0625 0
0 0.213194 0 0.00694444 0
0 0.485417 0 0.0625 0
0 0.225 0 0.00833333 0
0 0.485417 0 0.0625 0
0 0.485417 0 0.0625 0
0 0.485417 0 0.0625 0
0 0.485417 0 0.0625 0
0 0.485417 0 0.0625 0
0 0.485417 0 0.0625 0
0 0.485417 0 0.0625 0
0 0.485417 0 0.0625 0
0 0.485417 0 0.0625 0
0 0.485417 0 0.0625 0
0 0.485417 0 0.0625 0
0 0.485417 0 0.0625 0
0 0.485417 0 0.0625 0
0 0.485417 0 0.0625 0
0 0.485417 0 0.0625 0
0 0.485417 0 0.0625 0
0 0.485417 0 0.0625 0
0 0.225 0 0.00833333 0
0 0.485417 0 0.0625 0
0 0.485417 0 0.0625 0
0 0.485417 0 0.0625 0
0 0.213194 0 0.00694444 0
0 0.485417 0 0.0625 0
0 0.485417 0 0.0625 0
0 0.485417 0 0.0625 0
0 0.485417 0 0.0625 0
0 0.485417 0 0.0625 0
0 0.225 0 0.00833333 0
0 0.485417 0 0.0625 0
0 0.485417 0 0.0625 0
0 0.225 0 0.00833333 0
0 0.485417 0 0.0625 0
0 0.485417 0 0.0625 0
0 0.485417 0 0.0625 0
