0 0.449306 0 0.0208333 0
0 0.449306 0 0.0208333 0
0 0.449306 0 0.0208333 0
0 0.449306 0 0.0208333 0
0 0.449306 0 0.0208333 0
0 0.449306 0 0.0208333 0
0 0.449306 0 0.0208333 0
0 0.449306 0 0.0208333 0
0 0.449306 0 0.0208333 0
0 0.449306 0 0.0208333 0
0 0.449306 0 0.0208333 0
0 0.449306 0 0.0208333 0
0 0.449306 0 0.0208333 0
0 0.449306 0 0.0208333 0
0 0.449306 0 0.0208333 0
0 0.449306 0 0.0208333 0
0 0.449306 0 0.0208333 0
0 0.449306 0 0.0208333 0
0 0.449306 0 0.0208333 0
0 0.449306 0 0.0208333 0
0 0.449306 0 0.0208333 0
0 0.449306 0 0.0208333 0
0 0.449306 0 0.0208333 0
0 0.449306 0 0.0208333 0
0 0.449306 0 0.0208333 0
0 0.449306 0 0.0208333 0
0 0.449306 0 0.0208333 0
0 0.449306 0 0.0208333 0
0 0.449306 0 0.0208333 0
0 0.449306 0 0.0208333 0
0 0.449306 0 0.0208333 0
0 0.449306 0 0.0208333 0
0 0.449306 0 0.0208333 0
0 0.449306 0 0.0208333 0
0 0.449306 0 0.0208333 0
0 0.449306 0 0.0208333 0
0 0.449306 0 0.0208333 0
0 0.449306 0 0.0208333 0
0 0.449306 0 0.0208333 0
0 0.449306 0 0.0208333 0
0 0.449306 0 0.0208333 0
0 0.449306 0 0.0208333 0
0 0.449306 0 0.0208333 0
0 0.448611 0 0.0222222 0
0 0.448611 0 0.0222222 0
0 0.447917 0 0.0236111 0
0 0.447917 0 0.0208333 0
0 0.446528 0 0.0208333 0
0 0.446528 0 0.0208333 0
0 0.445833 0.5 0.0222222 1
0 0.445833 0.5 0.0222222 1
0 0.445833 0.5 0.0222222 1
0 0.445833 0.5 0.0222222 1
0 0.445139 0.5 0.0208333 1
0 0.445139 0.5 0.0208333 1
0 0.44375 0.5 0.0208333 1
0 0.442361 0.5 0.0208333 1
0 0.440278 0.5 0.0222222 1
0 0.440278 0.5 0.0222222 1
0 0.439583 0.5 0.0208333 1
0 0.439583 0.5 0.0208333 1
0 0.438194 0.5 0.0208333 1
0 0.436111 0.5 0.0222222 1
0 0.434722 0.5 0.0222222 1
0 0.434028 0.5 0.0208333 1
0 0.43125 0 0.0208333 0
0 0.43125 0 0.0208333 0
0 0.429167 0 0.0222222 0
0 0.429167 0 0.0222222 0
0 0.429861 0 0.0208333 0
0 0.432639 0 0.0208333 0
0 0.435417 0 0.0208333 0
0 0.435417 0 0.0208333 0
0 0.439583 0 0.0208333 0
0 0.439583 0 0.0208333 0
0 0.439583 0 0.0208333 0
0 0.440972 0 0.0208333 0
0 0.441667 0 0.0222222 0
0 0.443056 0 0.0194444 0
0 0.44375 0 0.0208333 0
0 0.445139 0 0.0208333 0
0 0.445139 0 0.0208333 0
0 0.445833 0 0.0222222 0
0 0.445833 0 0.0222222 0
0 0.447222 0 0.0222222 0
0 0.446528 0 0.0208333 0
0 0.447222 0 0.0222222 0
0 0.447917 0 0.0208333 0
0 0.447917 0 0.0208333 0
0 0.448611 0 0.0222222 0
0 0.448611 0 0.0222222 0
0 0.448611 0 0.0222222 0
0 0.449306 0 0.0208333 0
0 0.45 0 0.0194444 0
0 0.450694 0 0.0208333 0
0 0.452083 0 0.0208333 0
0 0.452083 0 0.0208333 0
0 0.452083 0 0.0208333 0
0 0.452083 0 0.0208333 0
0 0.452083 0 0.0208333 0
0 0.452778 0 0.0222222 0
0 0.452778 0 0.0222222 0
0 0.454167 0 0.0222222 0
0 0.455556 0 0.0222222 0
0 0.455556 0 0.0222222 0
0 0.455556 0 0.0222222 0
0 0.45625 0 0.0208333 0
0 0.455556 0 0.0222222 0
0 0.454861 0 0.0208333 0
0 0.453472 0 0.0208333 0
0 0.452083 0 0.0208333 0
0 0.448611 0 0.0222222 0
0 0.447222 0 0.0222222 0
0 0.445139 0 0.0208333 0
0 0.445139 0 0.0208333 0
0 0.44375 0 0.0208333 0
0 0.44375 0 0.0208333 0
0 0.442361 0 0.0208333 0
0 0.440972 0 0.0208333 0
0 0.439583 0 0.0208333 0
0 0.439583 0 0.0208333 0
0 0.438194 0 0.0208333 0
0 0.438889 0 0.0194444 0
0 0.438194 0 0.0208333 0
0 0.436111 0 0.0222222 0
0 0.435417 0 0.0208333 0
0 0.434722 0 0.0222222 0
0 0.434028 0 0.0208333 0
0 0.433333 0 0.0222222 0
0 0.432639 0 0.0208333 0
0 0.432639 0 0.0208333 0
0 0.432639 0 0.0208333 0
0 0.43125 0 0.0208333 0
0 0.430556 0 0.0222222 0
0 0.429861 0 0.0208333 0
0 0.429167 0 0.0222222 0
0 0.428472 0 0.0208333 0
0 0.428472 0 0.0208333 0
0 0.427083 0 0.0208333 0
0 0.427083 0 0.0208333 0
0 0.425694 0 0.0208333 0
0 0.425694 0 0.0208333 0
0 0.424306 0 0.0208333 0
0 0.423611 0 0.0222222 0
0 0.422917 0 0.0208333 0
0 0.422222 0 0.0222222 0
0 0.422222 0 0.0222222 0
0 0.422222 0 0.0222222 0
0 0.421528 0 0.0208333 0
0 0.421528 0 0.0208333 0
0 0.422222 0 0.0222222 0
0 0.422917 0 0.0208333 0
0 0.425694 0 0.0208333 0
0 0.425694 0 0.0208333 0
0 0.427083 0 0.0208333 0
0 0.427778 0 0.0222222 0
0 0.427778 0 0.0222222 0
0 0.427778 0 0.0222222 0
0 0.427778 0 0.0222222 0
0 0.427778 0 0.0222222 0
0 0.428472 0 0.0236111 0
0 0.429167 0 0.0222222 0
0 0.429167 0 0.0222222 0
0 0.429167 0 0.0222222 0
0 0.429167 0 0.0222222 0
0 0.429167 0 0.0222222 0
0 0.429167 0 0.0222222 0
0 0.429861 0 0.0236111 0
0 0.429167 0 0.0222222 0
0 0.429167 0 0.0222222 0
0 0.429861 0 0.0236111 0
0 0.429167 0 0.0222222 0
0 0.429861 0 0.0236111 0
0 0.429861 0 0.0236111 0
0 0.429861 0 0.0236111 0
0 0.429861 0 0.0236111 0
0 0.429861 0 0.0236111 0
0 0.429861 0 0.0236111 0
0 0.43125 0 0.0236111 0
0 0.43125 0 0.0236111 0
0 0.430556 0 0.0222222 0
0 0.430556 0 0.0222222 0
0 0.43125 0 0.0236111 0
0 0.431944 0 0.0222222 0
0 0.431944 0 0.0222222 0
0 0.431944 0 0.0222222 0
0 0.43125 0 0.0208333 0
0 0.430556 0 0.0222222 0
0 0.429861 0 0.0236111 0
0 0.429167 0 0.025 0
0 0.428472 0 0.0236111 0
0 0.427083 0 0.0236111 0
0 0.425694 0 0.0236111 0
0 0.423611 0 0.025 0
0 0.423611 0 0.025 0
0 0.422917 0 0.0236111 0
0 0.422222 0 0.025 0
0 0.422222 0 0.025 0
0 0.421528 0 0.0236111 0
0 0.420833 0 0.025 0
0 0.420139 0 0.0236111 0
0 0.420139 0 0.0236111 0
0 0.419444 0 0.0222222 0
0 0.41875 0 0.0236111 0
0 0.41875 0 0.0236111 0
0 0.41875 0 0.0236111 0
0 0.418056 0 0.0222222 0
0 0.417361 0 0.0236111 0
0 0.416667 0 0.025 0
0 0.416667 0 0.025 0
0 0.416667 0 0.025 0
0 0.416667 0 0.025 0
0 0.415972 0 0.0236111 0
0 0.415278 0 0.025 0
0 0.415278 0 0.025 0
0 0.414583 0 0.0236111 0
0 0.413889 0 0.025 0
0 0.413889 0 0.025 0
0 0.413889 0 0.025 0
0 0.413194 0 0.0236111 0
0 0.4125 0 0.025 0
0 0.4125 0 0.025 0
0 0.411806 0 0.0236111 0
0 0.411111 0 0.025 0
0 0.411111 0 0.025 0
0 0.411111 0 0.025 0
0 0.410417 0 0.0263889 0
0 0.410417 0 0.0263889 0
0 0.410417 0 0.0263889 0
0 0.410417 0 0.0263889 0
0 0.411111 0 0.025 0
0 0.4125 0 0.025 0
0 0.413194 0 0.0236111 0
0 0.413889 0 0.025 0
0 0.414583 0 0.0263889 0
0 0.414583 0 0.0263889 0
0 0.415278 0 0.025 0
0 0.415278 0 0.025 0
0 0.415278 0 0.025 0
0 0.415278 0 0.025 0
0 0.415972 0 0.0263889 0
0 0.415972 0 0.0263889 0
0 0.415972 0 0.0263889 0
0 0.415972 0 0.0263889 0
0 0.417361 0 0.0263889 0
0 0.416667 0 0.0277778 0
0 0.415972 0 0.0263889 0
0 0.415972 0 0.0263889 0
0 0.415972 0 0.0263889 0
0 0.415972 0 0.0263889 0
0 0.416667 0 0.0277778 0
0 0.416667 0 0.0277778 0
0 0.417361 0 0.0263889 0
0 0.416667 0 0.0277778 0
0 0.417361 0 0.0263889 0
0 0.417361 0 0.0263889 0
0 0.417361 0 0.0263889 0
0 0.417361 0 0.0263889 0
0 0.417361 0 0.0263889 0
0 0.417361 0 0.0263889 0
0 0.417361 0 0.0263889 0
0 0.417361 0 0.0263889 0
0 0.417361 0 0.0263889 0
0 0.418056 0 0.025 0
0 0.417361 0 0.0263889 0
0 0.418056 0 0.025 0
0 0.417361 0 0.0263889 0
0 0.418056 0 0.025 0
0 0.417361 0 0.0263889 0
0 0.417361 0 0.0263889 0
0 0.417361 0 0.0263889 0
0 0.416667 0 0.025 0
0 0.416667 0 0.025 0
0 0.415972 0 0.0263889 0
0 0.415972 0 0.0263889 0
0 0.415972 0 0.0263889 0
0 0.415972 0 0.0263889 0
0 0.418056 0 0.0277778 0
0 0.420833 0 0.025 0
0 0.428472 0 0.0263889 0
0 0.43125 0 0.0236111 0
0 0.434722 0 0.025 0
0 0.441667 0 0.025 0
0 0.446528 0 0.0263889 0
0 0.452778 0 0.025 0
0 0.458333 0 0.025 0
0 0.458333 0 0.025 0
0 0.471528 0 0.0236111 0
0 0.471528 0 0.0236111 0
0 0.491667 0.5 0.0333333 1
0 0.484028 0 0.0236111 0
0 0.5 0.5 0.0444444 1
0 0.492361 0 0.0263889 0
0 0.5 0.5 0.0444444 1
0 0.492361 0 0.0263889 0
0 0.503472 0.5 0.0430556 1
0 0.514583 0 0.0208333 0
0 0.504861 0.5 0.0402778 1
0 0.511111 0.5 0.0361111 1
0 0.520139 0 0.0236111 0
0 0.527083 0 0.0236111 0
0 0.527083 0 0.0236111 0
0 0.54375 0 0.0236111 0
0 0.552083 0.5 0.0236111 1
0 0.552083 0.5 0.0236111 1
0 0.570833 0.5 0.025 1
0 0.579167 0.5 0.025 1
0 0.579167 0.5 0.025 1
0 0.502083 0.5 0.0486111 1
0 0.596528 0.5 0.0236111 1
0 0.603472 0.5 0.0236111 1
0 0.6125 0.5 0.0222222 1
0 0.621528 0.5 0.0236111 1
0 0.629167 0.5 0.025 1
0 0.639583 0.5 0.0236111 1
0 0.501389 0.5 0.0472222 1
0 0.652083 0.5 0.0236111 1
0 0.659722 0.5 0.025 1
0 0.670833 0.5 0.025 1
0 0.677083 0.5 0.0236111 1
0 0.684722 1 0.025 0
0 0.695833 1 0.025 0
0 0.711111 1 0.025 0
0 0.722222 1 0.025 0
0 0.636111 0 0.0555556 0
0 0.734722 1 0.025 0
0 0.747917 1 0.0263889 0
0 0.759722 1 0.025 0
0 0.770139 1 0.0263889 0
0 0.782639 1 0.0263889 0
0 0.796528 1 0.0263889 0
0 0.809722 1 0.0277778 0
0 0.820139 1 0.0263889 0
0 0.833333 1 0.0277778 0
0 0.849306 1 0.0263889 0
0 0.863194 1 0.0263889 0
0 0.875 1 0.025 0
0 0.889583 1 0.0263889 0
0 0.904861 1 0.0263889 0
0 0.925 1 0.025 0
0 0.939583 1 0.0263889 0
0 0.955556 1 0.025 0
0 0.975 1 0.025 0
0 0.988889 1 0.0222222 0
0 0.501389 0.5 0.0472222 1
0 0.993056 1 0.0111111 0
0 0.501389 0.5 0.0472222 1
0 0.501389 0.5 0.0472222 1
0 0.501389 0.5 0.0472222 1
0 0.990972 0 0.0180556 0
0 0.996528 0 0.00416667 0
0 0.99375 0 0.00972222 0
0 0.945139 0 0.0180556 0
0 0.933333 0 0.0194444 0
0 0.991667 1 0.0166667 0
0 0.991667 1 0.0166667 0
0 0.991667 1 0.0166667 0
0 0.991667 1 0.0166667 0
0 0.991667 1 0.0166667 0
0 0.991667 1 0.0166667 0
0 0.989583 1 0.0180556 0
0 0.989583 1 0.0180556 0
0 0.469444 0 0.0222222 0
0 0.46875 0 0.0208333 0
0 0.466667 0 0.0222222 0
0 0.465278 0 0.0222222 0
0 0.463194 0 0.0208333 0
0 0.460417 0 0.0236111 0
0 0.459722 0 0.0222222 0
0 0.459722 0 0.0222222 0
0 0.45625 0 0.0208333 0
0 0.45625 0 0.0236111 0
0 0.455556 0 0.0222222 0
0 0.454167 0 0.0222222 0
0 0.452778 0 0.0222222 0
0 0.452778 0 0.0222222 0
0 0.451389 0 0.0222222 0
0 0.450694 0 0.0208333 0
0 0.45 0 0.0194444 0
0 0.448611 0 0.0222222 0
0 0.448611 0 0.0222222 0
0 0.448611 0 0.0222222 0
0 0.448611 0 0.0222222 0
0 0.447917 0 0.0236111 0
0 0.447222 0 0.0222222 0
0 0.446528 0 0.0208333 0
0 0.445833 0.5 0.0222222 1
0 0.445833 0.5 0.0222222 1
0 0.445833 0.5 0.0222222 1
0 0.445833 0.5 0.0222222 1
0 0.445833 0.5 0.0222222 1
0 0.445833 0.5 0.0222222 1
0 0.445139 0.5 0.0208333 1
0 0.445139 0.5 0.0208333 1
0 0.445139 0.5 0.0208333 1
0 0.44375 0.5 0.0208333 1
0 0.443056 0.5 0.0222222 1
0 0.441667 0.5 0.0222222 1
0 0.441667 0.5 0.0222222 1
0 0.440278 0.5 0.0222222 1
0 0.439583 0.5 0.0208333 1
0 0.439583 0.5 0.0208333 1
0 0.438194 0.5 0.0208333 1
0 0.436111 0.5 0.0222222 1
0 0.434722 0.5 0.0222222 1
0 0.434722 0.5 0.0222222 1
0 0.433333 0.5 0.0222222 1
0 0.431944 0.5 0.0194444 1
0 0.431944 0 0.0194444 0
0 0.43125 0 0.0208333 0
0 0.429167 0 0.0222222 0
0 0.429167 0 0.0222222 0
0 0.429167 0 0.0222222 0
0 0.432639 0 0.0208333 0
0 0.435417 0 0.0208333 0
0 0.436806 0 0.0208333 0
0 0.439583 0 0.0208333 0
0 0.439583 0 0.0208333 0
0 0.439583 0 0.0208333 0
0 0.439583 0 0.0208333 0
0 0.440278 0 0.0222222 0
0 0.441667 0 0.0222222 0
0 0.441667 0 0.0222222 0
0 0.44375 0 0.0208333 0
0 0.44375 0 0.0208333 0
0 0.44375 0 0.0208333 0
0 0.444444 0 0.0194444 0
0 0.445139 0 0.0208333 0
0 0.445833 0 0.0222222 0
0 0.445833 0 0.0222222 0
0 0.447222 0 0.0222222 0
0 0.447222 0 0.0222222 0
0 0.447222 0 0.0222222 0
0 0.447222 0 0.0222222 0
0 0.447917 0 0.0208333 0
0 0.448611 0 0.0222222 0
0 0.447917 0 0.0208333 0
0 0.448611 0 0.0222222 0
0 0.448611 0 0.0222222 0
0 0.448611 0 0.0222222 0
0 0.449306 0 0.0208333 0
0 0.450694 0 0.0208333 0
0 0.450694 0 0.0208333 0
0 0.452083 0 0.0208333 0
0 0.451389 0 0.0194444 0
0 0.452083 0 0.0208333 0
0 0.452083 0 0.0208333 0
0 0.452778 0 0.0222222 0
0 0.453472 0 0.0208333 0
0 0.454167 0 0.0222222 0
0 0.454167 0 0.0222222 0
0 0.454861 0 0.0208333 0
0 0.455556 0 0.0222222 0
0 0.455556 0 0.0222222 0
0 0.455556 0 0.0222222 0
0 0.455556 0 0.0222222 0
0 0.453472 0 0.0208333 0
0 0.452083 0 0.0208333 0
0 0.450694 0 0.0208333 0
0 0.447917 0 0.0208333 0
0 0.446528 0 0.0208333 0
0 0.445139 0 0.0208333 0
0 0.445139 0 0.0208333 0
0 0.444444 0 0.0194444 0
0 0.443056 0 0.0222222 0
0 0.441667 0 0.0222222 0
0 0.440278 0 0.0222222 0
0 0.439583 0 0.0208333 0
0 0.439583 0 0.0208333 0
0 0.439583 0 0.0208333 0
0 0.438194 0 0.0208333 0
0 0.4375 0 0.0194444 0
0 0.435417 0 0.0208333 0
0 0.434722 0 0.0222222 0
0 0.434722 0 0.0222222 0
0 0.434028 0 0.0208333 0
0 0.433333 0 0.0222222 0
0 0.433333 0 0.0222222 0
0 0.432639 0 0.0208333 0
0 0.431944 0 0.0194444 0
0 0.43125 0 0.0208333 0
0 0.430556 0 0.0222222 0
0 0.429167 0 0.0222222 0
0 0.427778 0 0.0222222 0
0 0.427778 0 0.0222222 0
0 0.427778 0 0.0222222 0
0 0.427083 0 0.0208333 0
0 0.425694 0 0.0208333 0
0 0.425 0 0.0194444 0
0 0.423611 0 0.0222222 0
0 0.422917 0 0.0208333 0
0 0.422917 0 0.0208333 0
0 0.422222 0 0.0222222 0
0 0.421528 0 0.0208333 0
0 0.421528 0 0.0208333 0
0 0.422222 0 0.0222222 0
0 0.422222 0 0.0222222 0
0 0.423611 0 0.0222222 0
0 0.423611 0 0.0222222 0
0 0.425694 0 0.0208333 0
0 0.427083 0 0.0208333 0
0 0.427083 0 0.0236111 0
0 0.427778 0 0.0222222 0
0 0.427778 0 0.0222222 0
0 0.427778 0 0.0222222 0
0 0.427778 0 0.0222222 0
0 0.427778 0 0.0222222 0
0 0.428472 0 0.0236111 0
0 0.429167 0 0.0222222 0
0 0.429167 0 0.0222222 0
0 0.429167 0 0.0222222 0
0 0.429167 0 0.0222222 0
0 0.429167 0 0.0222222 0
0 0.429861 0 0.0236111 0
0 0.429167 0 0.0222222 0
0 0.429861 0 0.0236111 0
0 0.429167 0 0.0222222 0
0 0.429167 0 0.0222222 0
0 0.429167 0 0.0222222 0
0 0.429167 0 0.0222222 0
0 0.429861 0 0.0236111 0
0 0.429861 0 0.0236111 0
0 0.429861 0 0.0236111 0
0 0.429861 0 0.0236111 0
0 0.43125 0 0.0236111 0
0 0.430556 0 0.0222222 0
0 0.430556 0 0.0222222 0
0 0.430556 0 0.0222222 0
0 0.430556 0 0.0222222 0
0 0.43125 0 0.0236111 0
0 0.431944 0 0.0222222 0
0 0.43125 0 0.0208333 0
0 0.43125 0 0.0208333 0
0 0.430556 0 0.0222222 0
0 0.429861 0 0.0236111 0
0 0.429167 0 0.025 0
0 0.428472 0 0.0236111 0
0 0.427083 0 0.0236111 0
0 0.425 0 0.0222222 0
0 0.423611 0 0.025 0
0 0.422917 0 0.0236111 0
0 0.422222 0 0.025 0
0 0.421528 0 0.0236111 0
0 0.421528 0 0.0236111 0
0 0.420139 0 0.0236111 0
0 0.420139 0 0.0236111 0
0 0.419444 0 0.0222222 0
0 0.41875 0 0.0236111 0
0 0.41875 0 0.0236111 0
0 0.41875 0 0.0236111 0
0 0.41875 0 0.0236111 0
0 0.417361 0 0.0236111 0
0 0.417361 0 0.0236111 0
0 0.416667 0 0.025 0
0 0.416667 0 0.025 0
0 0.416667 0 0.025 0
0 0.415278 0 0.025 0
0 0.415278 0 0.025 0
0 0.415278 0 0.025 0
0 0.413889 0 0.025 0
0 0.413889 0 0.025 0
0 0.413889 0 0.025 0
0 0.413889 0 0.025 0
0 0.413194 0 0.0236111 0
0 0.4125 0 0.025 0
0 0.411111 0 0.025 0
0 0.411111 0 0.025 0
0 0.411111 0 0.025 0
0 0.411111 0 0.025 0
0 0.410417 0 0.0263889 0
0 0.410417 0 0.0263889 0
0 0.410417 0 0.0263889 0
0 0.410417 0 0.0263889 0
0 0.411111 0 0.025 0
0 0.411111 0 0.025 0
0 0.4125 0 0.025 0
0 0.413194 0 0.0236111 0
0 0.413889 0 0.025 0
0 0.414583 0 0.0263889 0
0 0.415278 0 0.025 0
0 0.415278 0 0.025 0
0 0.415278 0 0.025 0
0 0.415278 0 0.025 0
0 0.415972 0 0.0263889 0
0 0.415972 0 0.0263889 0
0 0.415972 0 0.0263889 0
0 0.415972 0 0.0263889 0
0 0.415972 0 0.0263889 0
0 0.417361 0 0.0263889 0
0 0.417361 0 0.0263889 0
0 0.417361 0 0.0263889 0
0 0.415972 0 0.0263889 0
0 0.415972 0 0.0263889 0
0 0.416667 0 0.0277778 0
0 0.416667 0 0.0277778 0
0 0.416667 0 0.0277778 0
0 0.417361 0 0.0263889 0
0 0.416667 0 0.0277778 0
0 0.416667 0 0.025 0
0 0.417361 0 0.0263889 0
0 0.417361 0 0.0263889 0
0 0.417361 0 0.0263889 0
0 0.417361 0 0.0263889 0
0 0.417361 0 0.0263889 0
0 0.417361 0 0.0263889 0
0 0.418056 0 0.025 0
0 0.418056 0 0.025 0
0 0.418056 0 0.025 0
0 0.418056 0 0.025 0
0 0.417361 0 0.0263889 0
0 0.417361 0 0.0263889 0
0 0.417361 0 0.0263889 0
0 0.417361 0 0.0263889 0
0 0.417361 0 0.0263889 0
0 0.415972 0 0.0263889 0
0 0.415972 0 0.0263889 0
0 0.415972 0 0.0263889 0
0 0.415972 0 0.0263889 0
0 0.415972 0 0.0263889 0
0 0.417361 0 0.0263889 0
0 0.421528 0 0.0263889 0
0 0.427778 0 0.025 0
0 0.433333 0 0.025 0
0 0.442361 0 0.0263889 0
0 0.447222 0 0.025 0
0 0.457639 0 0.0236111 0
0 0.466667 0 0.025 0
0 0.485417 0 0.0319444 0
0 0.477778 0 0.025 0
0 0.488889 0 0.0305556 0
0 0.481944 0 0.025 0
0 0.493056 0 0.0222222 0
0 0.502778 0.5 0.0444444 1
0 0.503472 0 0.0263889 0
0 0.514583 0 0.0208333 0
0 0.505556 0.5 0.0416667 1
0 0.525 0 0.0222222 0
0 0.536806 0.5 0.0236111 1
0 0.545139 0.5 0.0236111 1
0 0.55625 0.5 0.0236111 1
0 0.570139 0.5 0.0236111 1
0 0.595833 0.5 0.025 1
0 0.595833 0.5 0.025 1
0 0.609722 1 0.025 0
0 0.622222 1 0.025 0
0 0.638194 1 0.0236111 0
0 0.647222 1 0.025 0
0 0.665278 1 0.025 0
0 0.659722 0 0.0555556 0
0 0.7 1 0.025 0
0 0.715278 1 0.025 0
0 0.730556 1 0.0277778 0
0 0.752083 1 0.0263889 0
0 0.769444 1 0.0277778 0
0 0.769444 1 0.0277778 0
0 0.801389 1 0.0277778 0
0 0.820833 1 0.0277778 0
0 0.841667 1 0.0277778 0
0 0.8625 1 0.0277778 0
0 0.8625 1 0.0277778 0
0 0.90625 1 0.0291667 0
0 0.929167 1 0.0305556 0
0 0.946528 1 0.0319444 0
0 0.977778 1 0.0305556 0
0 0.501389 0.5 0.05 1
0 0.578472 1 0.0930556 0
0 0.500694 0.5 0.0486111 1
0 0.500694 0.5 0.0486111 1
0 0.501389 0.5 0.05 1
0 0.500694 0.5 0.0486111 1
0 0.500694 0.5 0.0486111 1
0 0.500694 0.5 0.0486111 1
0 0.500694 0.5 0.0486111 1
0 0.500694 0.5 0.0486111 1
0 0.500694 0.5 0.0486111 1
0 0.500694 0.5 0.0486111 1
0 0.500694 0.5 0.0486111 1
0 0.500694 0.5 0.0486111 1
0 0.500694 0.5 0.0486111 1
0 0.571528 1 0.0819444 0
0 0.500694 0.5 0.0486111 1
0 0.573611 1 0.0861111 0
0 0.575694 1 0.0875 0
0 0.575694 1 0.0875 0
0 0.500694 0.5 0.0486111 1
0 0.576389 1 0.0888889 0
0 0.501389 0.5 0.05 1
0 0.501389 0.5 0.05 1
0 0.500694 0.5 0.0513889 1
0 0.576389 1 0.0888889 0
0 0.500694 0.5 0.0513889 1
0 0.576389 1 0.0888889 0
0 0.500694 0.5 0.0513889 1
0 0.576389 1 0.0888889 0
0 0.500694 0.5 0.0513889 1
0 0.577083 1 0.0902778 0
0 0.500694 0.5 0.0513889 1
0 0.500694 0.5 0.0513889 1
0 0.501389 0.5 0.05 1
0 0.501389 0.5 0.05 1
0 0.500694 0.5 0.0486111 1
0 0.500694 0.5 0.0486111 1
0 0.500694 0.5 0.0486111 1
0 0.500694 0.5 0.0486111 1
0 0.500694 0.5 0.0486111 1
0 0.500694 0.5 0.0486111 1
0 0.500694 0.5 0.0486111 1
0 0.500694 0.5 0.0486111 1
0 0.501389 0.5 0.05 1
0 0.500694 0.5 0.0486111 1
0 0.500694 0.5 0.0486111 1
0 0.500694 0.5 0.0486111 1
0 0.500694 0.5 0.0486111 1
0 0.500694 0.5 0.0486111 1
0 0.500694 0.5 0.0486111 1
0 0.500694 0.5 0.0513889 1
0 0.500694 0.5 0.0486111 1
0 0.500694 0.5 0.0486111 1
0 0.500694 0.5 0.0486111 1
0 0.500694 0.5 0.0486111 1
0 0.500694 0.5 0.0486111 1
0 0.500694 0.5 0.0486111 1
0 0.500694 0.5 0.0486111 1
0 0.581944 1 0.0944444 0
0 0.501389 0.5 0.05 1
0 0.500694 0.5 0.0486111 1
0 0.581944 1 0.0944444 0
0 0.581944 1 0.0944444 0
0 0.501389 0.5 0.05 1
0 0.581944 1 0.0944444 0
0 0.500694 0.5 0.0486111 1
0 0.500694 0.5 0.0486111 1
0 0.501389 0.5 0.05 1
0 0.500694 0.5 0.0486111 1
0 0.501389 0.5 0.05 1
0 0.582639 1 0.0958333 0
0 0.501389 0.5 0.05 1
0 0.582639 1 0.0958333 0
0 0.500694 0.5 0.0486111 1
0 0.500694 0.5 0.0486111 1
0 0.582639 1 0.0958333 0
0 0.582639 1 0.0958333 0
0 0.582639 1 0.0958333 0
0 0.583333 1 0.0944444 0
0 0.583333 1 0.0944444 0
0 0.584028 1 0.0958333 0
0 0.583333 1 0.0972222 0
0 0.501389 0.5 0.05 1
0 0.501389 0.5 0.05 1
0 0.501389 0.5 0.05 1
0 0.501389 0.5 0.05 1
0 0.500694 0.5 0.0486111 1
0 0.500694 0.5 0.0486111 1
0 0.501389 0.5 0.05 1
0 0.501389 0.5 0.05 1
0 0.501389 0.5 0.05 1
0 0.500694 0.5 0.0486111 1
0 0.500694 0.5 0.0486111 1
0 0.500694 0.5 0.0513889 1
0 0.500694 0.5 0.0513889 1
0 0.5 0.5 0.05 1
0 0.500694 0.5 0.0513889 1
0 0.500694 0.5 0.0513889 1
0 0.500694 0.5 0.0486111 1
0 0.500694 0.5 0.0486111 1
0 0.500694 0.5 0.0486111 1
0 0.500694 0.5 0.0486111 1
0 0.500694 0.5 0.0486111 1
0 0.500694 0.5 0.0486111 1
0 0.500694 0.5 0.0486111 1
0 0.500694 0.5 0.0513889 1
0 0.500694 0.5 0.0513889 1
0 0.500694 0.5 0.0513889 1
0 0.501389 0.5 0.05 1
0 0.500694 0.5 0.0513889 1
0 0.500694 0.5 0.0513889 1
0 0.500694 0.5 0.0513889 1
0 0.500694 0.5 0.0513889 1
0 0.500694 0.5 0.0513889 1
0 0.500694 0.5 0.0486111 1
0 0.501389 0.5 0.05 1
0 0.501389 0.5 0.05 1
0 0.500694 0.5 0.0486111 1
0 0.501389 0.5 0.05 1
0 0.501389 0.5 0.05 1
0 0.501389 0.5 0.05 1
0 0.500694 0.5 0.0486111 1
0 0.500694 0.5 0.0486111 1
0 0.500694 0.5 0.0486111 1
0 0.500694 0.5 0.0486111 1
0 0.500694 0.5 0.0486111 1
0 0.501389 0.5 0.05 1
0 0.501389 0.5 0.05 1
0 0.501389 0.5 0.05 1
0 0.501389 0.5 0.05 1
0 0.501389 0.5 0.05 1
0 0.501389 0.5 0.05 1
0 0.501389 0.5 0.05 1
0 0.501389 0.5 0.05 1
0 0.501389 0.5 0.05 1
0 0.501389 0.5 0.05 1
0 0.501389 0.5 0.05 1
0 0.501389 0.5 0.05 1
0 0.501389 0.5 0.05 1
0 0.501389 0.5 0.05 1
0 0.501389 0.5 0.05 1
0 0.501389 0.5 0.05 1
0 0.500694 0.5 0.0486111 1
0 0.500694 0.5 0.0486111 1
0 0.501389 0.5 0.05 1
0 0.501389 0.5 0.05 1
0 0.501389 0.5 0.05 1
0 0.501389 0.5 0.05 1
0 0.501389 0.5 0.05 1
0 0.501389 0.5 0.05 1
0 0.500694 0.5 0.0486111 1
0 0.500694 0.5 0.0486111 1
0 0.500694 0.5 0.0486111 1
0 0.500694 0.5 0.0486111 1
0 0.500694 0.5 0.0486111 1
0 0.500694 0.5 0.0486111 1
0 0.500694 0.5 0.0486111 1
0 0.500694 0.5 0.0486111 1
0 0.500694 0.5 0.0486111 1
0 0.500694 0.5 0.0486111 1
0 0.500694 0.5 0.0486111 1
0 0.500694 0.5 0.0486111 1
0 0.500694 0.5 0.0486111 1
0 0.500694 0.5 0.0486111 1
0 0.500694 0.5 0.0486111 1
0 0.500694 0.5 0.0486111 1
0 0.500694 0.5 0.0486111 1
0 0.500694 0.5 0.0486111 1
0 0.500694 0.5 0.0486111 1
0 0.500694 0.5 0.0486111 1
0 0.500694 0.5 0.0486111 1
0 0.500694 0.5 0.0486111 1
0 0.500694 0.5 0.0486111 1
0 0.500694 0.5 0.0486111 1
0 0.500694 0.5 0.0486111 1
0 0.500694 0.5 0.0486111 1
0 0.500694 0.5 0.0486111 1
0 0.500694 0.5 0.0486111 1
0 0.500694 0.5 0.0486111 1
0 0.500694 0.5 0.0486111 1
0 0.500694 0.5 0.0486111 1
0 0.500694 0.5 0.0486111 1
0 0.500694 0.5 0.0486111 1
0 0.500694 0.5 0.0486111 1
0 0.500694 0.5 0.0486111 1
0 0.500694 0.5 0.0486111 1
0 0.500694 0.5 0.0486111 1
0 0.501389 0.5 0.05 1
0 0.501389 0.5 0.05 1
0 0.500694 0.5 0.0486111 1
0 0.501389 0.5 0.05 1
0 0.501389 0.5 0.05 1
0 0.501389 0.5 0.05 1
0 0.501389 0.5 0.05 1
0 0.500694 0.5 0.0486111 1
0 0.501389 0.5 0.05 1
0 0.501389 0.5 0.05 1
0 0.501389 0.5 0.05 1
0 0.501389 0.5 0.05 1
0 0.500694 0.5 0.0486111 1
0 0.500694 0.5 0.0486111 1
0 0.500694 0.5 0.0486111 1
0 0.500694 0.5 0.0486111 1
0 0.500694 0.5 0.0486111 1
0 0.500694 0.5 0.0486111 1
0 0.501389 0.5 0.05 1
0 0.501389 0.5 0.05 1
0 0.501389 0.5 0.05 1
0 0.501389 0.5 0.05 1
0 0.500694 0.5 0.0486111 1
0 0.501389 0.5 0.05 1
0 0.501389 0.5 0.05 1
0 0.501389 0.5 0.05 1
0 0.501389 0.5 0.05 1
0 0.501389 0.5 0.05 1
