0 0.443056 0.5 0.0277778 1
0 0.443056 0.5 0.0277778 1
0 0.443056 0.5 0.0277778 1
0 0.443056 0.5 0.0277778 1
0 0.443056 0.5 0.0277778 1
0 0.443056 0.5 0.0277778 1
0 0.443056 0.5 0.0277778 1
0 0.443056 0.5 0.0277778 1
0 0.443056 0.5 0.0277778 1
0 0.443056 0.5 0.0277778 1
0 0.443056 0.5 0.0277778 1
0 0.443056 0.5 0.0277778 1
0 0.443056 0.5 0.0277778 1
0 0.443056 0.5 0.0277778 1
0 0.443056 0.5 0.0277778 1
0 0.443056 0.5 0.0277778 1
0 0.443056 0.5 0.0277778 1
0 0.443056 0.5 0.0277778 1
0 0.443056 0.5 0.0277778 1
0 0.443056 0.5 0.0277778 1
0 0.443056 0.5 0.0277778 1
0 0.443056 0.5 0.0277778 1
0 0.443056 0.5 0.0277778 1
0 0.443056 0.5 0.0277778 1
0 0.443056 0.5 0.0277778 1
0 0.443056 0.5 0.0277778 1
0 0.443056 0.5 0.0277778 1
0 0.443056 0.5 0.0277778 1
0 0.443056 0.5 0.0277778 1
0 0.443056 0.5 0.0277778 1
0 0.443056 0.5 0.0277778 1
0 0.443056 0.5 0.0277778 1
0 0.443056 0.5 0.0277778 1
0 0.443056 0.5 0.0277778 1
0 0.443056 0.5 0.0277778 1
0 0.443056 0.5 0.0277778 1
0 0.443056 0.5 0.0277778 1
0 0.443056 0.5 0.0277778 1
0 0.443056 0.5 0.0277778 1
0 0.443056 0.5 0.0277778 1
0 0.443056 0.5 0.0277778 1
0 0.443056 0.5 0.0277778 1
0 0.443056 0.5 0.0277778 1
0 0.443056 0.5 0.0277778 1
0 0.443056 0.5 0.0277778 1
0 0.443056 0.5 0.0277778 1
0 0.443056 0.5 0.0277778 1
0 0.443056 0.5 0.0277778 1
0 0.443056 0.5 0.0277778 1
0 0.443056 0.5 0.0277778 1
0 0.443056 0.5 0.0277778 1
0 0.443056 0.5 0.0277778 1
0 0.443056 0.5 0.0277778 1
0 0.443056 0.5 0.0277778 1
0 0.443056 0.5 0.0277778 1
0 0.443056 0.5 0.0277778 1
0 0.443056 0.5 0.0277778 1
0 0.443056 0.5 0.0277778 1
0 0.443056 0.5 0.0277778 1
0 0.443056 0.5 0.0277778 1
0 0.443056 0.5 0.0277778 1
0 0.443056 0.5 0.0277778 1
0 0.443056 0.5 0.0277778 1
0 0.443056 0.5 0.0277778 1
0 0.443056 0.5 0.0277778 1
0 0.443056 0.5 0.0277778 1
0 0.443056 0.5 0.0277778 1
0 0.443056 0.5 0.0277778 1
0 0.443056 0.5 0.0277778 1
0 0.443056 0.5 0.0277778 1
0 0.443056 0.5 0.0277778 1
0 0.443056 0.5 0.0277778 1
0 0.443056 0.5 0.0277778 1
0 0.567361 0 0.00972222 0
0 0.444444 0.5 0.0277778 1
0 0.56875 0 0.00972222 0
0 0.446528 0.5 0.0263889 1
0 0.447917 0.5 0.0291667 1
0 0.569444 0 0.0111111 0
0 0.448611 0.5 0.0277778 1
0 0.452083 0.5 0.0263889 1
0 0.571528 0 0.00972222 0
0 0.453472 0.5 0.0263889 1
0 0.455556 0.5 0.0222222 1
0 0.457639 0.5 0.0208333 1
0 0.574306 0 0.00972222 0
0 0.510417 0 0.0319444 0
0 0.459028 0.5 0.0208333 1
0 0.577778 0 0.0111111 0
0 0.518056 0 0.0333333 0
0 0.583333 0 0.0111111 0
0 0.5875 0 0.0111111 0
0 0.520833 0 0.0333333 0
0 0.589583 0 0.00972222 0
0 0.593056 0 0.0111111 0
0 0.595139 0 0.0125 0
0 0.596528 0 0.0125 0
0 0.53125 0 0.0347222 0
0 0.601389 0 0.0138889 0
0 0.600694 0 0.0125 0
0 0.602778 0 0.0111111 0
0 0.531944 0 0.0361111 0
0 0.602778 0 0.0111111 0
0 0.392361 0 0.0125 0
0 0.496528 0.5 0.0347222 1
0 0.603472 0 0.0125 0
0 0.604861 0 0.0125 0
0 0.496528 0.5 0.0347222 1
0 0.497222 0.5 0.0361111 1
0 0.497222 0.5 0.0361111 1
0 0.497917 0 0.0375 0
0 0.497222 0 0.0388889 0
0 0.496528 0 0.0375 0
0 0.497222 0 0.0388889 0
0 0.610417 0 0.0125 0
0 0.495833 0 0.0416667 0
0 0.495833 0 0.0416667 0
0 0.382639 0 0.0152778 0
0 0.6125 0 0.0138889 0
0 0.494444 0 0.0444444 0
0 0.49375 0 0.0430556 0
0 0.379167 0 0.0166667 0
0 0.615278 0 0.0138889 0
0 0.493056 0 0.0444444 0
0 0.377778 0 0.0138889 0
0 0.616667 0 0.0138889 0
0 0.738889 0 0.0138889 0
0 0.492361 0 0.0486111 0
0 0.490972 0 0.0458333 0
0 0.740972 0 0.0152778 0
0 0.618056 0 0.0138889 0
0 0.490278 0 0.0583333 0
0 0.744444 0 0.0138889 0
0 0.61875 0 0.0152778 0
0 0.488889 0 0.0527778 0
0 0.244444 0 0.0138889 0
0 0.620139 0 0.0152778 0
0 0.486806 0 0.0541667 0
0 0.748611 0 0.0138889 0
0 0.370139 0 0.0152778 0
0 0.620139 0 0.0152778 0
0 0.486111 0 0.0583333 0
0 0.621528 0 0.0152778 0
0 0.751389 0 0.0138889 0
0 0.484722 0 0.0611111 0
0 0.752083 0 0.0152778 0
0 0.621528 0 0.0152778 0
0 0.484722 0 0.0611111 0
0 0.622917 0 0.0180556 0
0 0.484028 0 0.0597222 0
0 0.623611 0 0.0166667 0
0 0.483333 0 0.0611111 0
0 0.365972 0 0.0180556 0
0 0.623611 0 0.0166667 0
0 0.483333 0 0.0611111 0
0 0.364583 0 0.0152778 0
0 0.232639 0 0.0152778 0
0 0.624306 0 0.0152778 0
0 0.757639 0 0.0152778 0
0 0.48125 0 0.0652778 0
0 0.364583 0 0.0152778 0
0 0.625 0 0.0166667 0
0 0.758333 0 0.0166667 0
0 0.480556 0 0.0666667 0
0 0.363889 0 0.0166667 0
0 0.759722 0 0.0166667 0
0 0.625694 0 0.0152778 0
0 0.479861 0 0.0680556 0
0 0.541667 0 0.0361111 0
0 0.363194 0 0.0152778 0
0 0.626389 0 0.0166667 0
0 0.479167 0 0.0694444 0
0 0.361111 0 0.0166667 0
0 0.627778 0 0.0166667 0
0 0.479861 0 0.0680556 0
0 0.361111 0 0.0166667 0
0 0.764583 0 0.0180556 0
0 0.628472 0 0.0180556 0
0 0.479167 0 0.0722222 0
0 0.765278 0 0.0166667 0
0 0.360417 0 0.0180556 0
0 0.629167 0 0.0166667 0
0 0.478472 0 0.0736111 0
0 0.768056 0 0.0166667 0
0 0.359722 0 0.0166667 0
0 0.629167 0 0.0166667 0
0 0.478472 0 0.0736111 0
0 0.220139 0 0.0180556 0
0 0.76875 0 0.0152778 0
0 0.358333 0 0.0166667 0
0 0.629861 0 0.0152778 0
0 0.477778 0.5 0.075 1
0 0.668056 0 0.0416667 0
0 0.770139 0 0.0152778 0
0 0.358333 0 0.0166667 0
0 0.63125 0 0.0152778 0
0 0.477083 0.5 0.0791667 1
0 0.771528 0 0.0180556 0
0 0.357639 0 0.0152778 0
0 0.631944 0 0.0166667 0
0 0.477778 0.5 0.0777778 1
0 0.772222 0 0.0166667 0
0 0.356944 0 0.0166667 0
0 0.631944 0 0.0166667 0
0 0.476389 0.5 0.0833333 1
0 0.774306 0 0.0180556 0
0 0.632639 0 0.0152778 0
0 0.475694 0.5 0.0847222 1
0 0.775 0 0.0166667 0
0 0.633333 0 0.0166667 0
0 0.476389 0.5 0.0833333 1
0 0.355556 0 0.0194444 0
0 0.776389 0 0.0166667 0
0 0.633333 0 0.0166667 0
0 0.475694 0.5 0.0847222 1
0 0.354861 0 0.0180556 0
0 0.777778 0 0.0166667 0
0 0.634722 0 0.0166667 0
0 0.475694 0.5 0.0847222 1
0 0.209722 0 0.0194444 0
0 0.353472 0 0.0180556 0
0 0.779167 0 0.0194444 0
0 0.635417 0 0.0180556 0
0 0.476389 0.5 0.0861111 1
0 0.780556 0 0.0166667 0
0 0.209028 0 0.0180556 0
0 0.353472 0 0.0180556 0
0 0.636806 0 0.0180556 0
0 0.478472 0.5 0.0875 1
0 0.207639 0 0.0180556 0
0 0.353472 0 0.0180556 0
0 0.781944 0 0.0166667 0
0 0.636806 0 0.0152778 0
0 0.48125 0.5 0.0930556 1
0 0.783333 0 0.0166667 0
0 0.352778 0 0.0166667 0
0 0.636806 0 0.0180556 0
0 0.484722 0.5 0.0944444 1
0 0.352083 0 0.0180556 0
0 0.783333 0 0.0194444 0
0 0.6375 0 0.0166667 0
0 0.486111 0.5 0.0944444 1
0 0.456944 0 0.0361111 0
0 0.784722 0 0.0194444 0
0 0.352083 0 0.0180556 0
0 0.638194 0 0.0152778 0
0 0.488194 0.5 0.0986111 1
0 0.786806 0 0.0152778 0
0 0.351389 0 0.0166667 0
0 0.638889 0 0.0166667 0
0 0.493056 0.5 0.0972222 1
0 0.786806 0 0.0152778 0
0 0.352083 0 0.0180556 0
0 0.638889 0 0.0166667 0
0 0.497222 0.5 0.1 1
0 0.7875 0 0.0166667 0
0 0.351389 0 0.0166667 0
0 0.638889 0 0.0166667 0
0 0.498611 0.5 0.1 1
0 0.788194 0 0.0180556 0
0 0.640972 0 0.0180556 0
0 0.351389 0 0.0166667 0
0 0.502778 0.5 0.1 1
0 0.788889 0 0.0166667 0
0 0.351389 0 0.0166667 0
0 0.640972 0 0.0180556 0
0 0.504167 0.5 0.1 1
0 0.788889 0 0.0166667 0
0 0.351389 0 0.0166667 0
0 0.640972 0 0.0180556 0
0 0.504861 0.5 0.101389 1
0 0.789583 0 0.0180556 0
0 0.351389 0 0.0166667 0
0 0.640972 0 0.0180556 0
0 0.504167 0.5 0.105556 1
0 0.790278 0 0.0166667 0
0 0.350694 0 0.0180556 0
0 0.642361 0 0.0180556 0
0 0.501389 0.5 0.102778 1
0 0.790972 0 0.0180556 0
0 0.35 0 0.0166667 0
0 0.642361 0 0.0180556 0
0 0.500694 0.5 0.104167 1
0 0.349306 0 0.0180556 0
0 0.791667 0 0.0194444 0
0 0.642361 0 0.0180556 0
0 0.501389 0.5 0.105556 1
0 0.791667 0 0.0194444 0
0 0.349306 0 0.0180556 0
0 0.642361 0 0.0180556 0
0 0.502778 0.5 0.108333 1
0 0.349306 0 0.0180556 0
0 0.792361 0 0.0180556 0
0 0.643056 0 0.0194444 0
0 0.504861 0.5 0.109722 1
0 0.348611 0 0.0194444 0
0 0.793056 0 0.0166667 0
0 0.643056 0 0.0194444 0
0 0.508333 0.5 0.111111 1
0 0.348611 0 0.0194444 0
0 0.79375 0 0.0180556 0
0 0.643056 0 0.0194444 0
0 0.511111 0.5 0.111111 1
0 0.794444 0 0.0166667 0
0 0.347917 0 0.0180556 0
0 0.643056 0 0.0166667 0
0 0.510417 0.5 0.1125 1
0 0.347917 0 0.0180556 0
0 0.794444 0 0.0166667 0
0 0.64375 0 0.0180556 0
0 0.502778 0.5 0.113889 1
0 0.347222 0 0.0194444 0
0 0.794444 0 0.0166667 0
0 0.64375 0 0.0180556 0
0 0.492361 0.5 0.109722 1
0 0.795139 0 0.0180556 0
0 0.347222 0 0.0194444 0
0 0.64375 0 0.0180556 0
0 0.484722 0.5 0.111111 1
0 0.795139 0 0.0180556 0
0 0.347222 0 0.0194444 0
0 0.64375 0 0.0180556 0
0 0.484722 0.5 0.111111 1
0 0.795139 0 0.0180556 0
0 0.347222 0 0.0194444 0
0 0.64375 0 0.0180556 0
0 0.486806 0.5 0.109722 1
0 0.795139 0 0.0180556 0
0 0.64375 0 0.0208333 0
0 0.347222 0 0.0194444 0
0 0.491667 0.5 0.111111 1
0 0.795139 0 0.0180556 0
0 0.346528 0 0.0180556 0
0 0.64375 0 0.0180556 0
0 0.492361 0.5 0.109722 1
0 0.795139 0 0.0180556 0
0 0.346528 0 0.0180556 0
0 0.643056 0 0.0194444 0
0 0.496528 0.5 0.109722 1
0 0.794444 0 0.0194444 0
0 0.346528 0 0.0180556 0
0 0.643056 0 0.0194444 0
0 0.497222 0.5 0.108333 1
0 0.79375 0 0.0180556 0
0 0.346528 0 0.0180556 0
0 0.643056 0 0.0194444 0
0 0.493056 0.5 0.119444 1
0 0.346528 0 0.0180556 0
0 0.793056 0 0.0194444 0
0 0.490278 0.5 0.116667 1
0 0.642361 0 0.0180556 0
0 0.793056 0 0.0194444 0
0 0.346528 0 0.0180556 0
0 0.641667 0 0.0194444 0
0 0.486806 0.5 0.115278 1
0 0.792361 0 0.0180556 0
0 0.346528 0 0.0180556 0
0 0.640972 0 0.0180556 0
0 0.484028 0.5 0.115278 1
0 0.792361 0 0.0180556 0
0 0.346528 0 0.0180556 0
0 0.641667 0 0.0194444 0
0 0.484722 0.5 0.108333 1
0 0.790972 0 0.0180556 0
0 0.346528 0 0.0180556 0
0 0.641667 0 0.0194444 0
0 0.488889 0.5 0.116667 1
0 0.790972 0 0.0180556 0
0 0.346528 0 0.0180556 0
0 0.494444 0.5 0.113889 1
0 0.641667 0 0.0194444 0
0 0.346528 0 0.0180556 0
0 0.791667 0 0.0194444 0
0 0.640972 0 0.0180556 0
0 0.493056 0.5 0.119444 1
0 0.346528 0 0.0180556 0
0 0.791667 0 0.0194444 0
0 0.641667 0 0.0194444 0
0 0.492361 0.5 0.1125 1
0 0.791667 0 0.0194444 0
0 0.345833 0 0.0194444 0
0 0.492361 0.5 0.109722 1
0 0.641667 0 0.0194444 0
0 0.792361 0 0.0180556 0
0 0.345833 0 0.0194444 0
0 0.488194 0.5 0.115278 1
0 0.641667 0 0.0194444 0
0 0.791667 0 0.0194444 0
0 0.345139 0 0.0180556 0
0 0.486806 0.5 0.115278 1
0 0.641667 0 0.0194444 0
0 0.793056 0 0.0194444 0
0 0.344444 0 0.0194444 0
0 0.489583 0.5 0.118056 1
0 0.641667 0 0.0194444 0
0 0.545139 0 0.0402778 0
0 0.344444 0 0.0194444 0
0 0.792361 0 0.0180556 0
0 0.490972 0.5 0.1125 1
0 0.640972 0 0.0208333 0
0 0.545833 0 0.0416667 0
0 0.793056 0 0.0194444 0
0 0.34375 0 0.0180556 0
0 0.4875 0.5 0.111111 1
0 0.641667 0 0.0194444 0
0 0.34375 0 0.0180556 0
0 0.793056 0 0.0194444 0
0 0.492361 0.5 0.109722 1
0 0.641667 0 0.0194444 0
0 0.34375 0 0.0180556 0
0 0.546528 0 0.0402778 0
0 0.793056 0 0.0166667 0
0 0.491667 0.5 0.111111 1
0 0.640972 0 0.0180556 0
0 0.34375 0 0.0180556 0
0 0.79375 0 0.0180556 0
0 0.489583 0.5 0.118056 1
0 0.640972 0 0.0180556 0
0 0.34375 0 0.0180556 0
0 0.79375 0 0.0180556 0
0 0.641667 0 0.0194444 0
0 0.488889 0.5 0.116667 1
0 0.34375 0 0.0180556 0
0 0.793056 0 0.0194444 0
0 0.640972 0 0.0180556 0
0 0.488889 0.5 0.116667 1
0 0.793056 0 0.0194444 0
0 0.640972 0 0.0180556 0
0 0.488194 0.5 0.115278 1
0 0.34375 0 0.0180556 0
0 0.792361 0 0.0180556 0
0 0.640972 0 0.0180556 0
0 0.490972 0.5 0.118056 1
0 0.34375 0 0.0180556 0
0 0.453472 0 0.0347222 0
0 0.793056 0 0.0194444 0
0 0.640972 0 0.0180556 0
0 0.488889 0.5 0.116667 1
0 0.453472 0 0.0347222 0
0 0.297222 0 0.0555556 0
0 0.34375 0 0.0180556 0
0 0.793056 0 0.0194444 0
0 0.640972 0 0.0180556 0
0 0.488889 0.5 0.116667 1
0 0.297222 0 0.0555556 0
0 0.34375 0 0.0180556 0
0 0.793056 0 0.0194444 0
0 0.640972 0 0.0180556 0
0 0.489583 0.5 0.118056 1
0 0.34375 0 0.0180556 0
0 0.793056 0 0.0194444 0
0 0.640972 0 0.0180556 0
0 0.488889 0.5 0.116667 1
0 0.79375 0 0.0208333 0
0 0.640972 0 0.0180556 0
0 0.490972 0.5 0.118056 1
0 0.79375 0 0.0208333 0
0 0.640972 0 0.0180556 0
0 0.490972 0.5 0.118056 1
0 0.794444 0 0.0194444 0
0 0.641667 0 0.0194444 0
0 0.4875 0.5 0.116667 1
0 0.79375 0 0.0208333 0
0 0.640972 0 0.0180556 0
0 0.489583 0.5 0.118056 1
0 0.79375 0 0.0208333 0
0 0.640972 0 0.0208333 0
0 0.489583 0.5 0.118056 1
0 0.794444 0 0.0194444 0
0 0.641667 0 0.0194444 0
0 0.489583 0.5 0.118056 1
0 0.794444 0 0.0194444 0
0 0.641667 0 0.0194444 0
0 0.488194 0.5 0.118056 1
0 0.343056 0 0.0194444 0
0 0.79375 0 0.0180556 0
0 0.489583 0.5 0.118056 1
0 0.641667 0 0.0194444 0
0 0.343056 0 0.0194444 0
0 0.794444 0 0.0194444 0
0 0.489583 0.5 0.118056 1
0 0.641667 0 0.0194444 0
0 0.343056 0 0.0194444 0
0 0.189583 0 0.0180556 0
0 0.794444 0 0.0194444 0
0 0.488194 0.5 0.118056 1
0 0.641667 0 0.0194444 0
0 0.343056 0 0.0194444 0
0 0.79375 0 0.0180556 0
0 0.488194 0.5 0.118056 1
0 0.640278 0 0.0194444 0
0 0.341667 0 0.0194444 0
0 0.79375 0 0.0180556 0
0 0.490278 0.5 0.116667 1
0 0.640972 0 0.0208333 0
0 0.188889 0 0.0166667 0
0 0.341667 0 0.0194444 0
0 0.79375 0 0.0180556 0
0 0.488194 0.5 0.118056 1
0 0.640972 0 0.0208333 0
0 0.188889 0 0.0166667 0
0 0.341667 0 0.0194444 0
0 0.79375 0 0.0180556 0
0 0.4875 0.5 0.116667 1
0 0.640972 0 0.0208333 0
0 0.341667 0 0.0194444 0
0 0.79375 0 0.0180556 0
0 0.4875 0.5 0.116667 1
0 0.640972 0 0.0208333 0
0 0.341667 0 0.0194444 0
0 0.79375 0 0.0180556 0
0 0.489583 0.5 0.118056 1
0 0.640972 0 0.0208333 0
0 0.188889 0 0.0194444 0
0 0.341667 0 0.0194444 0
0 0.79375 0 0.0180556 0
0 0.488889 0.5 0.116667 1
0 0.640972 0 0.0208333 0
0 0.188194 0 0.0180556 0
0 0.341667 0 0.0194444 0
0 0.79375 0 0.0180556 0
0 0.486111 0.5 0.116667 1
0 0.640972 0 0.0208333 0
0 0.341667 0 0.0194444 0
0 0.188889 0 0.0166667 0
0 0.794444 0 0.0166667 0
0 0.489583 0.5 0.118056 1
0 0.640278 0 0.0194444 0
0 0.341667 0 0.0194444 0
0 0.79375 0 0.0180556 0
0 0.489583 0.5 0.118056 1
0 0.640278 0 0.0194444 0
0 0.188194 0 0.0180556 0
0 0.341667 0 0.0194444 0
0 0.794444 0 0.0166667 0
0 0.640972 0 0.0180556 0
0 0.486111 0.5 0.116667 1
0 0.188194 0 0.0180556 0
0 0.341667 0 0.0194444 0
0 0.794444 0 0.0166667 0
0 0.640972 0 0.0180556 0
0 0.4875 0.5 0.116667 1
0 0.188194 0 0.0180556 0
0 0.341667 0 0.0194444 0
0 0.794444 0 0.0166667 0
0 0.640972 0 0.0180556 0
0 0.489583 0.5 0.118056 1
0 0.794444 0 0.0166667 0
0 0.340972 0 0.0180556 0
0 0.489583 0.5 0.118056 1
0 0.640972 0 0.0180556 0
0 0.79375 0 0.0180556 0
0 0.340972 0 0.0180556 0
0 0.640972 0 0.0180556 0
0 0.486806 0.5 0.118056 1
0 0.341667 0 0.0194444 0
0 0.79375 0 0.0180556 0
0 0.4875 0.5 0.116667 1
0 0.640972 0 0.0180556 0
0 0.79375 0 0.0180556 0
0 0.341667 0 0.0194444 0
0 0.489583 0.5 0.118056 1
0 0.640972 0 0.0180556 0
0 0.794444 0 0.0194444 0
0 0.340972 0 0.0180556 0
0 0.640972 0 0.0180556 0
0 0.485417 0.5 0.118056 1
0 0.794444 0 0.0194444 0
0 0.340972 0 0.0180556 0
0 0.641667 0 0.0194444 0
0 0.488194 0.5 0.118056 1
0 0.794444 0 0.0194444 0
0 0.341667 0 0.0194444 0
0 0.641667 0 0.0194444 0
0 0.489583 0.5 0.118056 1
0 0.794444 0 0.0194444 0
0 0.341667 0 0.0194444 0
0 0.641667 0 0.0194444 0
0 0.488194 0.5 0.118056 1
0 0.794444 0 0.0194444 0
0 0.341667 0 0.0194444 0
0 0.641667 0 0.0194444 0
0 0.488194 0.5 0.118056 1
0 0.794444 0 0.0194444 0
0 0.340972 0 0.0208333 0
0 0.641667 0 0.0194444 0
0 0.486111 0.5 0.116667 1
0 0.794444 0 0.0194444 0
0 0.340972 0 0.0208333 0
0 0.489583 0.5 0.118056 1
0 0.641667 0 0.0194444 0
0 0.795139 0 0.0180556 0
0 0.340972 0 0.0180556 0
0 0.642361 0 0.0208333 0
0 0.489583 0.5 0.118056 1
0 0.545139 0 0.0402778 0
0 0.795139 0 0.0180556 0
0 0.340972 0 0.0180556 0
0 0.641667 0 0.0194444 0
0 0.486111 0.5 0.116667 1
0 0.545139 0 0.0402778 0
0 0.795139 0 0.0180556 0
0 0.340972 0 0.0180556 0
0 0.486111 0.5 0.116667 1
0 0.641667 0 0.0194444 0
0 0.795833 0 0.0194444 0
0 0.340972 0 0.0180556 0
0 0.489583 0.5 0.118056 1
0 0.641667 0 0.0194444 0
0 0.545139 0 0.0402778 0
0 0.795139 0 0.0180556 0
0 0.340972 0 0.0180556 0
0 0.489583 0.5 0.118056 1
0 0.642361 0 0.0208333 0
0 0.545139 0 0.0402778 0
0 0.795139 0 0.0208333 0
0 0.340972 0 0.0180556 0
0 0.488194 0.5 0.118056 1
0 0.641667 0 0.0194444 0
0 0.545139 0 0.0402778 0
0 0.795833 0 0.0194444 0
0 0.340972 0 0.0180556 0
0 0.4875 0.5 0.116667 1
0 0.641667 0 0.0194444 0
0 0.544444 0 0.0416667 0
0 0.795833 0 0.0194444 0
0 0.340278 0 0.0194444 0
0 0.489583 0.5 0.118056 1
0 0.641667 0 0.0194444 0
0 0.795833 0 0.0194444 0
0 0.340278 0 0.0194444 0
0 0.488194 0.5 0.118056 1
0 0.641667 0 0.0194444 0
0 0.544444 0 0.0416667 0
0 0.795833 0 0.0194444 0
0 0.340278 0 0.0194444 0
0 0.484722 0.5 0.116667 1
0 0.641667 0 0.0194444 0
0 0.795833 0 0.0194444 0
0 0.340278 0 0.0194444 0
0 0.488194 0.5 0.118056 1
0 0.641667 0 0.0194444 0
0 0.795833 0 0.0194444 0
0 0.340278 0 0.0194444 0
0 0.490972 0.5 0.1125 1
0 0.641667 0 0.0194444 0
0 0.795139 0 0.0208333 0
0 0.340278 0 0.0194444 0
0 0.490972 0.5 0.118056 1
0 0.641667 0 0.0194444 0
0 0.795833 0 0.0194444 0
0 0.340278 0 0.0194444 0
0 0.490972 0.5 0.118056 1
0 0.641667 0 0.0194444 0
0 0.795833 0 0.0194444 0
0 0.340278 0 0.0194444 0
0 0.489583 0.5 0.118056 1
0 0.641667 0 0.0194444 0
0 0.795139 0 0.0208333 0
0 0.340278 0 0.0194444 0
0 0.4875 0.5 0.116667 1
0 0.641667 0 0.0194444 0
0 0.795139 0 0.0208333 0
0 0.340278 0 0.0194444 0
0 0.641667 0 0.0194444 0
0 0.486111 0.5 0.116667 1
0 0.545139 0 0.0430556 0
0 0.185417 0 0.0180556 0
0 0.795833 0 0.0194444 0
0 0.340278 0 0.0194444 0
0 0.488194 0.5 0.118056 1
0 0.641667 0 0.0194444 0
0 0.795833 0 0.0194444 0
0 0.340278 0 0.0194444 0
0 0.488889 0.5 0.116667 1
0 0.641667 0 0.0194444 0
0 0.795833 0 0.0194444 0
0 0.340278 0 0.0194444 0
0 0.489583 0.5 0.118056 1
0 0.641667 0 0.0194444 0
0 0.795833 0 0.0194444 0
0 0.340278 0 0.0194444 0
0 0.489583 0.5 0.118056 1
0 0.641667 0 0.0194444 0
0 0.795833 0 0.0194444 0
0 0.340278 0 0.0194444 0
0 0.489583 0.5 0.118056 1
0 0.641667 0 0.0194444 0
0 0.795833 0 0.0194444 0
0 0.340278 0 0.0194444 0
0 0.488194 0.5 0.118056 1
0 0.641667 0 0.0194444 0
0 0.795833 0 0.0194444 0
0 0.339583 0 0.0180556 0
0 0.486111 0.5 0.116667 1
0 0.641667 0 0.0194444 0
0 0.795833 0 0.0194444 0
0 0.339583 0 0.0180556 0
0 0.641667 0 0.0194444 0
0 0.484722 0.5 0.116667 1
0 0.796528 0 0.0208333 0
0 0.339583 0 0.0180556 0
0 0.483333 0.5 0.116667 1
0 0.641667 0 0.0194444 0
0 0.185417 0 0.0180556 0
0 0.797222 0 0.0194444 0
0 0.339583 0 0.0180556 0
0 0.641667 0 0.0194444 0
0 0.4875 0.5 0.116667 1
0 0.185417 0 0.0180556 0
0 0.797222 0 0.0194444 0
0 0.339583 0 0.0180556 0
0 0.641667 0 0.0194444 0
0 0.489583 0.5 0.118056 1
0 0.185417 0 0.0180556 0
0 0.796528 0 0.0208333 0
0 0.339583 0 0.0180556 0
0 0.489583 0.5 0.118056 1
0 0.641667 0 0.0194444 0
0 0.185417 0 0.0180556 0
0 0.795833 0 0.0194444 0
0 0.339583 0 0.0180556 0
0 0.4875 0.5 0.119444 1
0 0.641667 0 0.0194444 0
0 0.185417 0 0.0180556 0
0 0.796528 0 0.0208333 0
0 0.339583 0 0.0180556 0
0 0.484722 0.5 0.116667 1
0 0.641667 0 0.0194444 0
0 0.797222 0 0.0194444 0
0 0.185417 0 0.0180556 0
0 0.339583 0 0.0180556 0
0 0.484722 0.5 0.116667 1
0 0.641667 0 0.0194444 0
0 0.185417 0 0.0180556 0
0 0.797222 0 0.0194444 0
0 0.339583 0 0.0180556 0
0 0.486806 0.5 0.118056 1
0 0.641667 0 0.0194444 0
0 0.795833 0 0.0194444 0
0 0.185417 0 0.0180556 0
0 0.489583 0.5 0.118056 1
0 0.339583 0 0.0180556 0
0 0.641667 0 0.0194444 0
0 0.185417 0 0.0180556 0
0 0.795833 0 0.0194444 0
0 0.489583 0.5 0.118056 1
0 0.339583 0 0.0180556 0
0 0.641667 0 0.0194444 0
0 0.185417 0 0.0180556 0
0 0.795833 0 0.0194444 0
0 0.641667 0 0.0194444 0
0 0.489583 0.5 0.118056 1
0 0.339583 0 0.0180556 0
0 0.545139 0 0.0430556 0
0 0.184722 0 0.0194444 0
0 0.795833 0 0.0194444 0
0 0.488194 0.5 0.118056 1
0 0.641667 0 0.0194444 0
0 0.339583 0 0.0180556 0
0 0.185417 0 0.0180556 0
0 0.795833 0 0.0194444 0
0 0.488194 0.5 0.118056 1
0 0.641667 0 0.0194444 0
0 0.339583 0 0.0180556 0
0 0.185417 0 0.0180556 0
0 0.795833 0 0.0194444 0
0 0.339583 0 0.0180556 0
0 0.488194 0.5 0.118056 1
0 0.641667 0 0.0194444 0
0 0.184722 0 0.0194444 0
0 0.795833 0 0.0194444 0
0 0.641667 0 0.0194444 0
0 0.339583 0 0.0180556 0
0 0.485417 0.5 0.118056 1
0 0.184722 0 0.0194444 0
0 0.795833 0 0.0194444 0
0 0.339583 0 0.0180556 0
0 0.484722 0.5 0.116667 1
0 0.641667 0 0.0194444 0
0 0.184722 0 0.0194444 0
0 0.795833 0 0.0194444 0
0 0.339583 0 0.0180556 0
0 0.484722 0.5 0.116667 1
0 0.641667 0 0.0194444 0
0 0.796528 0 0.0208333 0
0 0.339583 0 0.0180556 0
0 0.641667 0 0.0194444 0
0 0.486806 0.5 0.115278 1
0 0.796528 0 0.0208333 0
0 0.641667 0 0.0194444 0
0 0.489583 0.5 0.118056 1
0 0.339583 0 0.0180556 0
0 0.796528 0 0.0208333 0
0 0.488889 0.5 0.119444 1
0 0.641667 0 0.0194444 0
0 0.339583 0 0.0180556 0
0 0.641667 0 0.0194444 0
0 0.486111 0.5 0.116667 1
0 0.339583 0 0.0180556 0
0 0.796528 0 0.0208333 0
0 0.641667 0 0.0194444 0
0 0.484028 0.5 0.118056 1
0 0.339583 0 0.0180556 0
0 0.796528 0 0.0208333 0
0 0.641667 0 0.0194444 0
0 0.339583 0 0.0180556 0
0 0.482639 0.5 0.118056 1
0 0.796528 0 0.0208333 0
0 0.641667 0 0.0194444 0
0 0.339583 0 0.0180556 0
0 0.482639 0.5 0.118056 1
0 0.796528 0 0.0208333 0
0 0.484722 0.5 0.116667 1
0 0.641667 0 0.0194444 0
0 0.339583 0 0.0180556 0
0 0.796528 0 0.0208333 0
0 0.488194 0.5 0.118056 1
0 0.642361 0 0.0180556 0
0 0.339583 0 0.0180556 0
0 0.185417 0 0.0180556 0
0 0.796528 0 0.0208333 0
0 0.488194 0.5 0.118056 1
0 0.641667 0 0.0194444 0
0 0.339583 0 0.0180556 0
0 0.185417 0 0.0180556 0
0 0.796528 0 0.0208333 0
0 0.488194 0.5 0.118056 1
0 0.339583 0 0.0180556 0
0 0.641667 0 0.0194444 0
0 0.185417 0 0.0180556 0
0 0.797917 0 0.0208333 0
0 0.642361 0 0.0208333 0
0 0.486111 0.5 0.116667 1
0 0.339583 0 0.0180556 0
0 0.185417 0 0.0180556 0
0 0.796528 0 0.0208333 0
0 0.642361 0 0.0208333 0
0 0.486111 0.5 0.116667 1
0 0.339583 0 0.0180556 0
0 0.184028 0 0.0180556 0
0 0.796528 0 0.0208333 0
0 0.643056 0 0.0194444 0
0 0.4875 0.5 0.116667 1
0 0.339583 0 0.0180556 0
0 0.184722 0 0.0194444 0
0 0.797222 0 0.0194444 0
0 0.643056 0 0.0194444 0
0 0.339583 0 0.0180556 0
0 0.488194 0.5 0.118056 1
0 0.797222 0 0.0194444 0
0 0.642361 0 0.0208333 0
0 0.488194 0.5 0.118056 1
0 0.339583 0 0.0180556 0
0 0.184722 0 0.0194444 0
0 0.797222 0 0.0194444 0
0 0.642361 0 0.0208333 0
0 0.489583 0.5 0.118056 1
0 0.339583 0 0.0180556 0
0 0.797222 0 0.0194444 0
0 0.643056 0 0.0194444 0
0 0.490972 0.5 0.1125 1
0 0.339583 0 0.0180556 0
0 0.184722 0 0.0194444 0
0 0.797222 0 0.0194444 0
0 0.494444 0.5 0.113889 1
0 0.339583 0 0.0180556 0
0 0.642361 0 0.0208333 0
0 0.184722 0 0.0194444 0
0 0.797222 0 0.0194444 0
0 0.49375 0.5 0.120833 1
0 0.643056 0 0.0194444 0
0 0.339583 0 0.0180556 0
0 0.184722 0 0.0194444 0
0 0.797917 0 0.0208333 0
0 0.493056 0.5 0.119444 1
0 0.643056 0 0.0194444 0
0 0.339583 0 0.0180556 0
0 0.269444 0 0.00833333 0
0 0.184722 0 0.0194444 0
0 0.797222 0 0.0194444 0
0 0.642361 0 0.0208333 0
0 0.489583 0.5 0.118056 1
0 0.339583 0 0.0180556 0
0 0.184722 0 0.0194444 0
0 0.545833 0 0.0416667 0
0 0.797917 0 0.0208333 0
0 0.642361 0 0.0208333 0
0 0.484722 0.5 0.116667 1
0 0.339583 0 0.0180556 0
0 0.185417 0 0.0180556 0
0 0.797222 0 0.0194444 0
0 0.339583 0 0.0180556 0
0 0.643056 0 0.0194444 0
0 0.48125 0.5 0.118056 1
0 0.185417 0 0.0180556 0
0 0.797222 0 0.0194444 0
0 0.339583 0 0.0180556 0
0 0.642361 0 0.0208333 0
0 0.479167 0.5 0.113889 1
0 0.545833 0 0.0416667 0
0 0.185417 0 0.0180556 0
0 0.797222 0 0.0194444 0
0 0.642361 0 0.0208333 0
0 0.339583 0 0.0180556 0
0 0.479861 0.5 0.1125 1
0 0.185417 0 0.0180556 0
0 0.797222 0 0.0194444 0
0 0.642361 0 0.0208333 0
0 0.339583 0 0.0180556 0
0 0.479861 0.5 0.1125 1
0 0.545833 0 0.0416667 0
0 0.184722 0 0.0194444 0
0 0.797222 0 0.0194444 0
0 0.338889 0 0.0194444 0
0 0.642361 0 0.0208333 0
0 0.479861 0.5 0.1125 1
0 0.184722 0 0.0194444 0
0 0.797917 0 0.0208333 0
0 0.642361 0 0.0208333 0
0 0.339583 0 0.0180556 0
0 0.480556 0.5 0.116667 1
0 0.544444 0 0.0361111 0
0 0.184722 0 0.0194444 0
0 0.797917 0 0.0208333 0
0 0.339583 0 0.0180556 0
0 0.642361 0 0.0208333 0
0 0.479861 0.5 0.118056 1
0 0.545833 0 0.0416667 0
0 0.184722 0 0.0194444 0
0 0.797917 0 0.0208333 0
0 0.642361 0 0.0208333 0
0 0.339583 0 0.0180556 0
0 0.48125 0.5 0.118056 1
0 0.184722 0 0.0194444 0
0 0.798611 0 0.0194444 0
0 0.338889 0 0.0194444 0
0 0.642361 0 0.0208333 0
0 0.483333 0.5 0.119444 1
0 0.184722 0 0.0194444 0
0 0.797222 0 0.0194444 0
0 0.339583 0 0.0180556 0
0 0.642361 0 0.0208333 0
0 0.4875 0.5 0.116667 1
0 0.184722 0 0.0194444 0
0 0.797222 0 0.0194444 0
0 0.339583 0 0.0180556 0
0 0.642361 0 0.0208333 0
0 0.490278 0.5 0.119444 1
0 0.184722 0 0.0194444 0
0 0.798611 0 0.0194444 0
0 0.338889 0 0.0194444 0
0 0.642361 0 0.0208333 0
0 0.493056 0.5 0.119444 1
0 0.183333 0 0.0194444 0
0 0.797917 0 0.0208333 0
0 0.338889 0 0.0194444 0
0 0.642361 0 0.0208333 0
0 0.502778 0.5 0.116667 1
0 0.183333 0 0.0194444 0
0 0.797222 0 0.0194444 0
0 0.642361 0 0.0208333 0
0 0.338889 0 0.0194444 0
0 0.5125 0.5 0.119444 1
0 0.183333 0 0.0194444 0
0 0.798611 0 0.0194444 0
0 0.338889 0 0.0194444 0
0 0.642361 0 0.0208333 0
0 0.516667 0.5 0.116667 1
0 0.183333 0 0.0194444 0
0 0.798611 0 0.0194444 0
0 0.338889 0 0.0194444 0
0 0.642361 0 0.0208333 0
0 0.523611 0.5 0.113889 1
0 0.183333 0 0.0166667 0
0 0.797917 0 0.0208333 0
0 0.642361 0 0.0208333 0
0 0.338889 0 0.0194444 0
0 0.532639 0.5 0.115278 1
0 0.183333 0 0.0194444 0
0 0.797917 0 0.0208333 0
0 0.338889 0 0.0194444 0
0 0.642361 0 0.0208333 0
0 0.539583 0.5 0.118056 1
0 0.183333 0 0.0166667 0
0 0.798611 0 0.0194444 0
0 0.338889 0 0.0194444 0
0 0.642361 0 0.0208333 0
0 0.522222 0.5 0.111111 1
0 0.797222 0 0.0194444 0
0 0.183333 0 0.0166667 0
0 0.338889 0 0.0194444 0
0 0.64375 0 0.0208333 0
0 0.494444 0.5 0.113889 1
0 0.797222 0 0.0194444 0
0 0.184028 0 0.0180556 0
0 0.338889 0 0.0194444 0
0 0.643056 0 0.0194444 0
0 0.479861 0.5 0.118056 1
0 0.183333 0 0.0166667 0
0 0.798611 0 0.0222222 0
0 0.338889 0 0.0194444 0
0 0.643056 0 0.0194444 0
0 0.463889 0.5 0.119444 1
0 0.182639 0 0.0180556 0
0 0.798611 0 0.0222222 0
0 0.338889 0 0.0194444 0
0 0.643056 0 0.0194444 0
0 0.450694 0.5 0.1125 1
0 0.798611 0 0.0222222 0
0 0.182639 0 0.0180556 0
0 0.338889 0 0.0194444 0
0 0.436806 0.5 0.1125 1
0 0.643056 0 0.0194444 0
0 0.798611 0 0.0222222 0
0 0.182639 0 0.0180556 0
0 0.338889 0 0.0194444 0
0 0.43125 0.5 0.109722 1
0 0.643056 0 0.0194444 0
0 0.798611 0 0.0222222 0
0 0.182639 0 0.0180556 0
0 0.338889 0 0.0194444 0
0 0.643056 0 0.0194444 0
0 0.421528 0.5 0.104167 1
0 0.499306 0 0.0513889 0
0 0.798611 0 0.0222222 0
0 0.183333 0 0.0194444 0
0 0.338889 0 0.0194444 0
0 0.409722 0.5 0.111111 1
0 0.643056 0 0.0194444 0
0 0.496528 0 0.0569444 0
0 0.797917 0 0.0208333 0
0 0.183333 0 0.0194444 0
0 0.338889 0 0.0194444 0
0 0.369444 0.5 0.111111 1
0 0.643056 0 0.0194444 0
0 0.495833 0 0.0583333 0
0 0.797917 0 0.0208333 0
0 0.183333 0 0.0194444 0
0 0.338889 0 0.0194444 0
0 0.354167 0.5 0.119444 1
0 0.643056 0 0.0194444 0
0 0.495139 0 0.0569444 0
0 0.183333 0 0.0194444 0
0 0.797917 0 0.0208333 0
0 0.338194 0 0.0180556 0
0 0.343056 0.5 0.108333 1
0 0.643056 0 0.0194444 0
0 0.494444 0 0.0555556 0
0 0.183333 0 0.0194444 0
0 0.797917 0 0.0208333 0
0 0.338194 0 0.0180556 0
0 0.322222 0.5 0.111111 1
0 0.64375 0 0.0208333 0
0 0.494444 0 0.0555556 0
0 0.797917 0 0.0208333 0
0 0.183333 0 0.0194444 0
0 0.338194 0 0.0180556 0
0 0.316667 0.5 0.111111 1
0 0.643056 0 0.0194444 0
0 0.797917 0 0.0208333 0
0 0.183333 0 0.0194444 0
0 0.338194 0 0.0180556 0
0 0.495833 0 0.0583333 0
0 0.296528 0.5 0.109722 1
0 0.643056 0 0.0194444 0
0 0.797917 0 0.0208333 0
0 0.182639 0 0.0180556 0
0 0.338194 0 0.0180556 0
0 0.642361 0 0.0208333 0
0 0.280556 0.5 0.116667 1
0 0.495833 0 0.0638889 0
0 0.797917 0 0.0208333 0
0 0.182639 0 0.0180556 0
0 0.338194 0 0.0180556 0
0 0.642361 0 0.0208333 0
0 0.279167 0.5 0.113889 1
0 0.495833 0 0.0638889 0
0 0.797917 0 0.0208333 0
0 0.183333 0 0.0194444 0
0 0.338194 0 0.0180556 0
0 0.261806 0.5 0.115278 1
0 0.49375 0 0.0652778 0
0 0.642361 0 0.0208333 0
0 0.797917 0 0.0208333 0
0 0.182639 0 0.0180556 0
0 0.338194 0 0.0180556 0
0 0.49375 0 0.0652778 0
0 0.642361 0 0.0208333 0
0 0.245139 0.5 0.101389 1
0 0.797917 0 0.0208333 0
0 0.182639 0 0.0180556 0
0 0.338194 0 0.0180556 0
0 0.49375 0 0.0652778 0
0 0.642361 0 0.0208333 0
0 0.245833 0.5 0.1 1
0 0.797917 0 0.0208333 0
0 0.182639 0 0.0180556 0
0 0.493056 0 0.0638889 0
0 0.338194 0 0.0180556 0
0 0.642361 0 0.0208333 0
0 0.247222 0.5 0.105556 1
0 0.182639 0 0.0180556 0
0 0.797917 0 0.0208333 0
0 0.338194 0 0.0180556 0
0 0.49375 0 0.0652778 0
0 0.253472 0.5 0.101389 1
0 0.642361 0 0.0208333 0
0 0.797917 0 0.0208333 0
0 0.182639 0 0.0180556 0
0 0.338194 0 0.0180556 0
0 0.256944 0.5 0.111111 1
0 0.642361 0 0.0208333 0
0 0.493056 0 0.0694444 0
0 0.182639 0 0.0180556 0
0 0.797917 0 0.0208333 0
0 0.3375 0 0.0194444 0
0 0.2625 0.5 0.102778 1
0 0.642361 0 0.0208333 0
0 0.493056 0 0.0694444 0
0 0.182639 0 0.0180556 0
0 0.797917 0 0.0208333 0
0 0.338194 0 0.0180556 0
0 0.266667 0.5 0.105556 1
0 0.642361 0 0.0208333 0
0 0.493056 0 0.0666667 0
0 0.798611 0 0.0194444 0
0 0.182639 0 0.0180556 0
0 0.338194 0 0.0180556 0
0 0.494444 0 0.0638889 0
0 0.275694 0.5 0.109722 1
0 0.642361 0 0.0208333 0
0 0.496528 0 0.0513889 0
0 0.182639 0 0.0180556 0
0 0.797917 0 0.0208333 0
0 0.338194 0 0.0180556 0
0 0.300694 0.5 0.109722 1
0 0.642361 0 0.0208333 0
0 0.182639 0 0.0208333 0
0 0.498611 0 0.0472222 0
0 0.798611 0 0.0194444 0
0 0.338889 0 0.0194444 0
0 0.642361 0 0.0208333 0
0 0.341667 0.5 0.108333 1
0 0.183333 0 0.0194444 0
0 0.499306 0 0.0458333 0
0 0.797917 0 0.0208333 0
0 0.338889 0 0.0194444 0
0 0.642361 0 0.0208333 0
0 0.399306 0.5 0.109722 1
0 0.184028 0 0.0180556 0
0 0.797917 0 0.0208333 0
0 0.643056 0 0.0194444 0
0 0.338889 0 0.0194444 0
0 0.495833 0.5 0.111111 1
0 0.184028 0 0.0180556 0
0 0.797917 0 0.0208333 0
0 0.643056 0 0.0194444 0
0 0.552778 0.5 0.113889 1
0 0.339583 0 0.0180556 0
0 0.798611 0 0.0194444 0
0 0.64375 0 0.0180556 0
0 0.575 0.5 0.116667 1
0 0.338889 0 0.0166667 0
0 0.799306 0 0.0180556 0
0 0.339583 0 0.0180556 0
0 0.594444 0.5 0.122222 1
0 0.64375 0 0.0180556 0
0 0.545833 0 0.0416667 0
0 0.184028 0 0.0180556 0
0 0.8 0 0.0194444 0
0 0.494444 0 0.0583333 0
0 0.340278 0 0.0194444 0
0 0.644444 0 0.0194444 0
0 0.589583 0.5 0.118056 1
0 0.799306 0 0.0208333 0
0 0.495139 0 0.0597222 0
0 0.339583 0 0.0180556 0
0 0.644444 0 0.0194444 0
0 0.560417 0.5 0.115278 1
0 0.547222 0 0.0416667 0
0 0.340278 0 0.0194444 0
0 0.8 0 0.0166667 0
0 0.644444 0 0.0194444 0
0 0.492361 0.5 0.109722 1
0 0.340278 0 0.0194444 0
0 0.8 0 0.0166667 0
0 0.645139 0 0.0180556 0
0 0.476389 0.5 0.113889 1
0 0.453472 0 0.0319444 0
0 0.340278 0 0.0194444 0
0 0.8 0 0.0166667 0
0 0.448611 0.5 0.113889 1
0 0.645139 0 0.0180556 0
0 0.341667 0 0.0194444 0
0 0.801389 0 0.0194444 0
0 0.645833 0 0.0194444 0
0 0.497222 0 0.0611111 0
0 0.313194 0.5 0.104167 1
0 0.341667 0 0.0194444 0
0 0.802083 0 0.0180556 0
0 0.496528 0 0.0625 0
0 0.645833 0 0.0194444 0
0 0.186806 0 0.0180556 0
0 0.342361 0 0.0208333 0
0 0.496528 0 0.0625 0
0 0.802778 0 0.0194444 0
0 0.646528 0 0.0208333 0
0 0.1875 0 0.0194444 0
0 0.341667 0 0.0194444 0
0 0.496528 0 0.0625 0
0 0.802778 0 0.0194444 0
0 0.647222 0 0.0194444 0
0 0.494444 0 0.0694444 0
0 0.802778 0 0.0194444 0
0 0.336806 0.5 0.1125 1
0 0.647222 0 0.0194444 0
0 0.429167 0.5 0.0944444 1
0 0.494444 0 0.0666667 0
0 0.802778 0 0.0194444 0
0 0.647222 0 0.0194444 0
0 0.369444 0.5 0.111111 1
0 0.343056 0 0.0194444 0
0 0.495833 0 0.0722222 0
0 0.802778 0 0.0194444 0
0 0.488889 0.5 0.119444 1
0 0.647222 0 0.0194444 0
0 0.343056 0 0.0194444 0
0 0.186806 0 0.0180556 0
0 0.495833 0 0.0722222 0
0 0.803472 0 0.0180556 0
0 0.509722 0.5 0.122222 1
0 0.647222 0 0.0194444 0
0 0.343056 0 0.0194444 0
0 0.496528 0 0.0569444 0
0 0.802778 0 0.0194444 0
0 0.647222 0 0.0194444 0
0 0.702083 0.5 0.118056 1
0 0.34375 0 0.0208333 0
0 0.498611 0 0.0638889 0
0 0.802778 0 0.0194444 0
0 0.783333 0.5 0.122222 1
0 0.647917 0 0.0208333 0
0 0.34375 0 0.0208333 0
0 0.497917 0 0.0625 0
0 0.802778 0 0.0194444 0
0 0.879167 0.5 0.122222 1
0 0.647917 0 0.0208333 0
0 0.1875 0 0.0194444 0
0 0.344444 0 0.0194444 0
0 0.498611 0 0.0638889 0
0 0.802778 0 0.0194444 0
0 0.938889 0.5 0.122222 1
0 0.647917 0 0.0208333 0
0 0.34375 0 0.0180556 0
0 0.803472 0 0.0180556 0
0 0.497917 0 0.0680556 0
0 0.647917 0 0.0208333 0
0 0.959722 0.5 0.0805556 1
0 0.34375 0 0.0180556 0
0 0.803472 0 0.0180556 0
0 0.647917 0 0.0208333 0
0 0.498611 0 0.0694444 0
0 0.964583 0.5 0.0680556 1
0 0.34375 0 0.0180556 0
0 0.803472 0 0.0180556 0
0 0.497917 0 0.0652778 0
0 0.977778 0.5 0.0416667 1
0 0.647917 0 0.0180556 0
0 0.34375 0 0.0180556 0
0 0.803472 0 0.0180556 0
0 0.497917 0 0.0652778 0
0 0.977778 0.5 0.0416667 1
0 0.647917 0 0.0180556 0
0 0.34375 0 0.0180556 0
0 0.803472 0 0.0180556 0
0 0.497917 0 0.0652778 0
0 0.977778 0.5 0.0416667 1
0 0.647917 0 0.0180556 0
0 0.456944 0 0.0361111 0
0 0.803472 0 0.0180556 0
0 0.497917 0 0.0652778 0
0 0.34375 0 0.0180556 0
0 0.648611 0 0.0194444 0
0 0.974306 0.5 0.0458333 1
0 0.804167 0 0.0194444 0
0 0.497917 0 0.0680556 0
0 0.649306 0 0.0208333 0
0 0.345139 0 0.0180556 0
0 0.953472 0 0.0930556 0
0 0.804167 0 0.0194444 0
0 0.713889 0.5 0.136111 1
0 0.649306 0 0.0208333 0
0 0.346528 0 0.0180556 0
0 0.498611 0 0.0694444 0
0 0.502083 0 0.0569444 0
0 0.804861 0 0.0208333 0
0 0.345833 0 0.0194444 0
0 0.649306 0 0.0208333 0
0 0.346528 0 0.0208333 0
0 0.805556 0 0.0194444 0
0 0.649306 0 0.0208333 0
0 0.496528 0 0.0708333 0
0 0.555556 0 0.0416667 0
0 0.804861 0 0.0208333 0
0 0.497222 0 0.0694444 0
0 0.347222 0 0.0194444 0
0 0.650694 0 0.0180556 0
0 0.804861 0 0.0180556 0
0 0.347222 0 0.0194444 0
0 0.497222 0 0.0694444 0
0 0.650694 0 0.0180556 0
0 0.555556 0 0.0416667 0
0 0.805556 0 0.0194444 0
0 0.347917 0 0.0208333 0
0 0.497917 0 0.0680556 0
0 0.650694 0 0.0180556 0
0 0.805556 0 0.0194444 0
0 0.498611 0 0.0666667 0
0 0.348611 0 0.0194444 0
0 0.651389 0 0.0194444 0
0 0.55625 0 0.0402778 0
0 0.805556 0 0.0194444 0
0 0.498611 0 0.0666667 0
0 0.348611 0 0.0194444 0
0 0.651389 0 0.0194444 0
0 0.55625 0 0.0402778 0
0 0.194444 0 0.0194444 0
0 0.805556 0 0.0194444 0
0 0.348611 0 0.0194444 0
0 0.499306 0 0.0680556 0
0 0.652083 0 0.0180556 0
0 0.556944 0 0.0388889 0
0 0.194444 0 0.0194444 0
0 0.348611 0 0.0194444 0
0 0.805556 0 0.0194444 0
0 0.499306 0 0.0680556 0
0 0.652083 0 0.0180556 0
0 0.195139 0 0.0180556 0
0 0.80625 0 0.0208333 0
0 0.557639 0 0.0402778 0
0 0.348611 0 0.0194444 0
0 0.498611 0 0.0694444 0
0 0.652778 0 0.0194444 0
0 0.557639 0 0.0402778 0
0 0.195139 0 0.0180556 0
0 0.80625 0 0.0208333 0
0 0.349306 0 0.0180556 0
0 0.499306 0 0.0708333 0
0 0.652778 0 0.0194444 0
0 0.195833 0 0.0194444 0
0 0.35 0 0.0194444 0
0 0.806944 0 0.0194444 0
0 0.557639 0 0.0430556 0
0 0.499306 0 0.0708333 0
0 0.652778 0 0.0194444 0
0 0.196528 0 0.0180556 0
0 0.558333 0 0.0444444 0
0 0.807639 0 0.0208333 0
0 0.35 0 0.0194444 0
0 0.500694 0 0.0736111 0
0 0.653472 0 0.0208333 0
0 0.559028 0 0.0402778 0
0 0.197222 0 0.0194444 0
0 0.808333 0 0.0194444 0
0 0.35 0 0.0194444 0
0 0.500694 0 0.0736111 0
0 0.653472 0 0.0208333 0
0 0.559722 0 0.0416667 0
0 0.808333 0 0.0194444 0
0 0.5 0 0.0722222 0
0 0.352083 0 0.0180556 0
0 0.654861 0 0.0208333 0
0 0.559722 0 0.0416667 0
0 0.809722 0 0.0194444 0
0 0.352083 0 0.0180556 0
0 0.499306 0 0.0763889 0
0 0.655556 0 0.0194444 0
0 0.560417 0 0.0430556 0
0 0.809722 0 0.0194444 0
0 0.655556 0 0.0222222 0
0 0.352083 0 0.0180556 0
0 0.502083 0 0.0763889 0
0 0.811806 0 0.0180556 0
0 0.197222 0 0.0194444 0
0 0.561806 0 0.0430556 0
0 0.586806 0.5 0.134722 1
0 0.656944 0 0.0194444 0
0 0.352083 0 0.0180556 0
0 0.813194 0 0.0180556 0
0 0.561806 0 0.0430556 0
0 0.658333 0 0.0194444 0
0 0.352083 0 0.0180556 0
0 0.504167 0 0.075 0
0 0.502083 0 0.0736111 0
0 0.815278 0 0.0194444 0
0 0.351389 0 0.0166667 0
0 0.658333 0 0.0194444 0
0 0.504167 0 0.0694444 0
0 0.817361 0 0.0208333 0
0 0.350694 0 0.0180556 0
0 0.659722 0 0.0194444 0
0 0.820139 0 0.0208333 0
0 0.660417 0 0.0208333 0
0 0.350694 0 0.0180556 0
0 0.503472 0 0.0652778 0
0 0.820833 0 0.0194444 0
0 0.661806 0 0.0208333 0
0 0.350694 0 0.0180556 0
0 0.503472 0 0.0680556 0
0 0.822917 0 0.0208333 0
0 0.35 0 0.0194444 0
0 0.6625 0 0.0194444 0
0 0.503472 0 0.0708333 0
0 0.825694 0 0.0180556 0
0 0.349306 0 0.0208333 0
0 0.664583 0 0.0180556 0
0 0.569444 0 0.0472222 0
0 0.829861 0 0.0208333 0
0 0.347917 0 0.0208333 0
0 0.667361 0 0.0208333 0
0 0.181944 0 0.0194444 0
0 0.833333 0 0.0222222 0
0 0.570833 0 0.0444444 0
0 0.549306 0 0.0319444 0
0 0.347222 0 0.0194444 0
0 0.504167 0 0.0777778 0
0 0.669444 0 0.0222222 0
0 0.177778 0 0.0194444 0
0 0.570833 0 0.0444444 0
0 0.50625 0 0.0736111 0
0 0.345833 0 0.0194444 0
0 0.670833 0 0.0222222 0
0 0.571528 0 0.0458333 0
0 0.548611 0 0.0333333 0
0 0.249306 0 0.00972222 0
0 0.371528 0 0.00694444 0
0 0.505556 0 0.0777778 0
0 0.176389 0 0.0194444 0
0 0.839583 0 0.0208333 0
0 0.345139 0 0.0208333 0
0 0.672222 0 0.0222222 0
0 0.170139 0 0.0208333 0
0 0.573611 0 0.0472222 0
0 0.505556 0 0.075 0
0 0.847917 0 0.0208333 0
0 0.340972 0 0.0208333 0
0 0.676389 0 0.0194444 0
0 0.167361 0 0.0208333 0
0 0.575 0 0.0472222 0
0 0.50625 0 0.0736111 0
0 0.85 0 0.0222222 0
0 0.677083 0 0.0208333 0
0 0.340278 0 0.0194444 0
0 0.505556 0 0.0777778 0
0 0.577083 0 0.0458333 0
0 0.854861 0 0.0236111 0
0 0.338194 0 0.0180556 0
0 0.679861 0 0.0236111 0
0 0.577778 0 0.0472222 0
0 0.505556 0 0.0777778 0
0 0.159028 0 0.0208333 0
0 0.858333 0 0.0222222 0
0 0.335417 0 0.0208333 0
0 0.681944 0 0.0222222 0
0 0.155556 0 0.0222222 0
0 0.577778 0 0.0472222 0
0 0.506944 0 0.0722222 0
0 0.861806 0 0.0263889 0
0 0.334028 0 0.0208333 0
0 0.683333 0 0.0222222 0
0 0.578472 0 0.0486111 0
0 0.151389 0 0.0222222 0
0 0.864583 0 0.0236111 0
0 0.332639 0 0.0208333 0
0 0.684028 0 0.0236111 0
0 0.461806 0 0.0347222 0
0 0.579167 0 0.05 0
0 0.865972 0 0.0236111 0
0 0.33125 0 0.0208333 0
0 0.684722 0 0.0222222 0
0 0.461806 0 0.0347222 0
0 0.148611 0 0.0194444 0
0 0.579861 0 0.0513889 0
0 0.867361 0 0.0236111 0
0 0.33125 0 0.0208333 0
0 0.685417 0 0.0236111 0
0 0.460417 0 0.0375 0
0 0.579167 0 0.0527778 0
0 0.145833 0 0.0222222 0
0 0.869444 0 0.025 0
0 0.686806 0 0.0236111 0
0 0.328472 0 0.0208333 0
0 0.460417 0 0.0375 0
0 0.14375 0 0.0236111 0
0 0.871528 0 0.0236111 0
0 0.579167 0 0.0527778 0
0 0.688194 0 0.0208333 0
0 0.327778 0 0.0222222 0
0 0.460417 0 0.0375 0
0 0.143056 0 0.0222222 0
0 0.871528 0 0.0236111 0
0 0.579861 0 0.0541667 0
0 0.688194 0 0.0208333 0
0 0.327778 0 0.0222222 0
0 0.460417 0 0.0375 0
0 0.143056 0 0.0222222 0
0 0.871528 0 0.0236111 0
0 0.579167 0 0.0527778 0
0 0.327778 0 0.0222222 0
0 0.688194 0 0.0208333 0
0 0.460417 0 0.0375 0
0 0.871528 0 0.0236111 0
0 0.143056 0 0.0222222 0
0 0.579861 0 0.0541667 0
0 0.688194 0 0.0208333 0
0 0.327778 0 0.0222222 0
0 0.460417 0 0.0375 0
0 0.871528 0 0.0236111 0
0 0.14375 0 0.0236111 0
0 0.579861 0 0.0541667 0
0 0.688194 0 0.0208333 0
0 0.327778 0 0.0222222 0
0 0.460417 0 0.0375 0
0 0.14375 0 0.0236111 0
0 0.871528 0 0.0236111 0
0 0.579167 0 0.0527778 0
0 0.327778 0 0.0222222 0
0 0.688194 0 0.0208333 0
0 0.460417 0 0.0375 0
0 0.14375 0 0.0236111 0
0 0.871528 0 0.0236111 0
0 0.579861 0 0.0541667 0
0 0.688194 0 0.0208333 0
0 0.327778 0 0.0222222 0
0 0.460417 0 0.0375 0
0 0.14375 0 0.0236111 0
0 0.871528 0 0.0236111 0
0 0.580556 0 0.0555556 0
0 0.327778 0 0.0222222 0
0 0.688194 0 0.0208333 0
0 0.460417 0 0.0375 0
0 0.871528 0 0.0236111 0
0 0.14375 0 0.0236111 0
0 0.579861 0 0.0541667 0
0 0.688194 0 0.0208333 0
0 0.327778 0 0.0222222 0
0 0.460417 0 0.0375 0
0 0.14375 0 0.0236111 0
0 0.871528 0 0.0236111 0
0 0.580556 0 0.0555556 0
0 0.327778 0 0.0222222 0
0 0.688194 0 0.0208333 0
0 0.460417 0 0.0375 0
0 0.14375 0 0.0236111 0
0 0.871528 0 0.0236111 0
0 0.579167 0 0.0527778 0
0 0.327778 0 0.0222222 0
0 0.688194 0 0.0208333 0
0 0.460417 0 0.0375 0
0 0.871528 0 0.0236111 0
0 0.14375 0 0.0236111 0
0 0.580556 0 0.0555556 0
0 0.688194 0 0.0208333 0
0 0.327778 0 0.0222222 0
0 0.460417 0 0.0375 0
0 0.871528 0 0.0236111 0
0 0.14375 0 0.0236111 0
0 0.579861 0 0.0541667 0
0 0.688194 0 0.0208333 0
0 0.327778 0 0.0222222 0
0 0.460417 0 0.0375 0
0 0.14375 0 0.0236111 0
0 0.871528 0 0.0236111 0
0 0.580556 0 0.0555556 0
0 0.327778 0 0.0222222 0
0 0.688194 0 0.0208333 0
0 0.460417 0 0.0375 0
0 0.871528 0 0.0236111 0
0 0.14375 0 0.0236111 0
0 0.579861 0 0.0541667 0
0 0.327778 0 0.0222222 0
0 0.688194 0 0.0208333 0
0 0.460417 0 0.0375 0
0 0.58125 0 0.0541667 0
0 0.871528 0 0.0236111 0
0 0.14375 0 0.0236111 0
0 0.688194 0 0.0208333 0
0 0.327778 0 0.0222222 0
0 0.460417 0 0.0375 0
0 0.14375 0 0.0236111 0
0 0.871528 0 0.0236111 0
0 0.580556 0 0.0555556 0
0 0.327778 0 0.0222222 0
0 0.688194 0 0.0208333 0
0 0.460417 0 0.0375 0
0 0.14375 0 0.0236111 0
0 0.871528 0 0.0236111 0
0 0.580556 0 0.0555556 0
0 0.327778 0 0.0222222 0
0 0.688194 0 0.0208333 0
0 0.460417 0 0.0375 0
0 0.14375 0 0.0236111 0
0 0.871528 0 0.0236111 0
0 0.579167 0 0.0527778 0
0 0.327778 0 0.0222222 0
0 0.688194 0 0.0208333 0
0 0.460417 0 0.0375 0
0 0.14375 0 0.0236111 0
0 0.871528 0 0.0236111 0
0 0.580556 0 0.0555556 0
0 0.688194 0 0.0208333 0
0 0.327778 0 0.0222222 0
0 0.460417 0 0.0375 0
0 0.14375 0 0.0236111 0
0 0.871528 0 0.0236111 0
0 0.579861 0 0.0541667 0
0 0.327778 0 0.0222222 0
0 0.688194 0 0.0208333 0
0 0.460417 0 0.0375 0
0 0.14375 0 0.0236111 0
0 0.871528 0 0.0236111 0
0 0.579861 0 0.0541667 0
0 0.327778 0 0.0222222 0
0 0.688194 0 0.0208333 0
0 0.460417 0 0.0375 0
0 0.14375 0 0.0236111 0
0 0.871528 0 0.0236111 0
0 0.579861 0 0.0541667 0
0 0.327778 0 0.0222222 0
0 0.688194 0 0.0208333 0
0 0.460417 0 0.0375 0
0 0.14375 0 0.0236111 0
0 0.871528 0 0.0236111 0
0 0.580556 0 0.0555556 0
0 0.327778 0 0.0222222 0
0 0.688194 0 0.0208333 0
0 0.460417 0 0.0375 0
0 0.14375 0 0.0236111 0
0 0.871528 0 0.0236111 0
0 0.580556 0 0.0555556 0
0 0.327778 0 0.0222222 0
0 0.688194 0 0.0208333 0
0 0.460417 0 0.0375 0
0 0.14375 0 0.0236111 0
0 0.871528 0 0.0236111 0
0 0.579167 0 0.0527778 0
0 0.688194 0 0.0208333 0
0 0.327778 0 0.0222222 0
0 0.460417 0 0.0375 0
0 0.14375 0 0.0236111 0
0 0.871528 0 0.0236111 0
0 0.580556 0 0.0555556 0
0 0.327778 0 0.0222222 0
0 0.688194 0 0.0208333 0
0 0.460417 0 0.0375 0
0 0.14375 0 0.0236111 0
0 0.871528 0 0.0236111 0
0 0.579167 0 0.0527778 0
0 0.688194 0 0.0208333 0
0 0.327778 0 0.0222222 0
0 0.460417 0 0.0375 0
0 0.14375 0 0.0236111 0
0 0.871528 0 0.0236111 0
0 0.580556 0 0.0555556 0
0 0.327778 0 0.0222222 0
0 0.688194 0 0.0208333 0
0 0.460417 0 0.0375 0
0 0.14375 0 0.0236111 0
0 0.871528 0 0.0236111 0
0 0.579861 0 0.0541667 0
0 0.688194 0 0.0208333 0
0 0.327778 0 0.0222222 0
0 0.460417 0 0.0375 0
0 0.871528 0 0.0236111 0
0 0.14375 0 0.0236111 0
0 0.579861 0 0.0541667 0
0 0.688194 0 0.0208333 0
0 0.327778 0 0.0222222 0
0 0.460417 0 0.0375 0
0 0.14375 0 0.0236111 0
0 0.871528 0 0.0236111 0
0 0.580556 0 0.0555556 0
0 0.327778 0 0.0222222 0
0 0.688194 0 0.0208333 0
0 0.2375 0 0.00833333 0
0 0.460417 0 0.0375 0
0 0.14375 0 0.0236111 0
0 0.871528 0 0.0236111 0
0 0.580556 0 0.0555556 0
0 0.327778 0 0.0222222 0
0 0.688194 0 0.0208333 0
0 0.460417 0 0.0375 0
0 0.871528 0 0.0236111 0
0 0.14375 0 0.0236111 0
0 0.580556 0 0.0555556 0
0 0.327778 0 0.0222222 0
0 0.688194 0 0.0208333 0
0 0.75 0 0.00833333 0
0 0.460417 0 0.0375 0
0 0.14375 0 0.0236111 0
0 0.871528 0 0.0236111 0
0 0.579861 0 0.0541667 0
0 0.688194 0 0.0208333 0
0 0.327778 0 0.0222222 0
0 0.460417 0 0.0375 0
0 0.14375 0 0.0236111 0
0 0.871528 0 0.0236111 0
0 0.58125 0 0.0569444 0
0 0.688194 0 0.0208333 0
0 0.327778 0 0.0222222 0
0 0.75 0 0.00833333 0
0 0.460417 0 0.0375 0
0 0.14375 0 0.0236111 0
0 0.871528 0 0.0236111 0
0 0.579861 0 0.0541667 0
0 0.688194 0 0.0208333 0
0 0.327778 0 0.0222222 0
0 0.460417 0 0.0375 0
0 0.871528 0 0.0236111 0
0 0.14375 0 0.0236111 0
0 0.580556 0 0.0555556 0
0 0.327778 0 0.0222222 0
0 0.688194 0 0.0208333 0
0 0.460417 0 0.0375 0
0 0.14375 0 0.0236111 0
0 0.871528 0 0.0236111 0
0 0.580556 0 0.0555556 0
0 0.327778 0 0.0222222 0
0 0.688194 0 0.0208333 0
0 0.460417 0 0.0375 0
0 0.14375 0 0.0236111 0
0 0.871528 0 0.0236111 0
0 0.580556 0 0.0555556 0
0 0.327778 0 0.0222222 0
0 0.688194 0 0.0208333 0
0 0.238889 0 0.00833333 0
0 0.460417 0 0.0375 0
0 0.14375 0 0.0236111 0
0 0.871528 0 0.0236111 0
0 0.580556 0 0.0555556 0
0 0.327778 0 0.0222222 0
0 0.688194 0 0.0208333 0
0 0.460417 0 0.0375 0
0 0.14375 0 0.0236111 0
0 0.871528 0 0.0236111 0
0 0.580556 0 0.0555556 0
0 0.688194 0 0.0208333 0
0 0.327778 0 0.0222222 0
0 0.460417 0 0.0375 0
0 0.14375 0 0.0236111 0
0 0.871528 0 0.0236111 0
0 0.580556 0 0.0555556 0
0 0.688194 0 0.0208333 0
0 0.327778 0 0.0222222 0
0 0.460417 0 0.0375 0
0 0.14375 0 0.0236111 0
0 0.871528 0 0.0236111 0
0 0.580556 0 0.0555556 0
0 0.327778 0 0.0222222 0
0 0.688194 0 0.0208333 0
0 0.460417 0 0.0375 0
0 0.14375 0 0.0236111 0
0 0.871528 0 0.0236111 0
0 0.579861 0 0.0541667 0
0 0.688194 0 0.0208333 0
0 0.327778 0 0.0222222 0
0 0.460417 0 0.0375 0
0 0.14375 0 0.0236111 0
0 0.871528 0 0.0236111 0
0 0.580556 0 0.0555556 0
0 0.327778 0 0.0222222 0
0 0.688194 0 0.0208333 0
0 0.460417 0 0.0375 0
0 0.14375 0 0.0236111 0
0 0.871528 0 0.0236111 0
0 0.579861 0 0.0541667 0
0 0.688194 0 0.0208333 0
0 0.327778 0 0.0222222 0
0 0.460417 0 0.0375 0
0 0.14375 0 0.0236111 0
0 0.871528 0 0.0236111 0
0 0.58125 0 0.0569444 0
0 0.327778 0 0.0222222 0
0 0.688194 0 0.0208333 0
0 0.460417 0 0.0375 0
0 0.14375 0 0.0236111 0
0 0.871528 0 0.0236111 0
0 0.579167 0 0.0527778 0
0 0.327778 0 0.0222222 0
0 0.688194 0 0.0208333 0
0 0.460417 0 0.0375 0
0 0.14375 0 0.0236111 0
0 0.871528 0 0.0236111 0
0 0.58125 0 0.0569444 0
0 0.327778 0 0.0222222 0
0 0.688194 0 0.0208333 0
0 0.460417 0 0.0375 0
0 0.14375 0 0.0236111 0
0 0.871528 0 0.0236111 0
0 0.580556 0 0.0555556 0
0 0.327778 0 0.0222222 0
0 0.688194 0 0.0208333 0
0 0.460417 0 0.0375 0
0 0.14375 0 0.0236111 0
0 0.871528 0 0.0236111 0
0 0.58125 0 0.0569444 0
0 0.327778 0 0.0222222 0
0 0.688194 0 0.0208333 0
0 0.460417 0 0.0375 0
0 0.14375 0 0.0236111 0
0 0.871528 0 0.0236111 0
0 0.58125 0 0.0569444 0
0 0.327778 0 0.0222222 0
0 0.688194 0 0.0208333 0
0 0.460417 0 0.0375 0
0 0.14375 0 0.0236111 0
0 0.871528 0 0.0236111 0
0 0.580556 0 0.0555556 0
0 0.327778 0 0.0222222 0
0 0.688194 0 0.0208333 0
0 0.460417 0 0.0375 0
0 0.14375 0 0.0236111 0
0 0.871528 0 0.0236111 0
0 0.58125 0 0.0569444 0
0 0.327778 0 0.0222222 0
0 0.688194 0 0.0208333 0
0 0.460417 0 0.0375 0
0 0.14375 0 0.0236111 0
0 0.871528 0 0.0236111 0
0 0.580556 0 0.0555556 0
0 0.327778 0 0.0222222 0
0 0.688194 0 0.0208333 0
0 0.460417 0 0.0375 0
0 0.14375 0 0.0236111 0
0 0.871528 0 0.0236111 0
0 0.580556 0 0.0555556 0
0 0.688194 0 0.0208333 0
0 0.327778 0 0.0222222 0
0 0.460417 0 0.0375 0
0 0.14375 0 0.0236111 0
0 0.871528 0 0.0236111 0
0 0.580556 0 0.0555556 0
0 0.327778 0 0.0222222 0
0 0.688194 0 0.0208333 0
0 0.460417 0 0.0375 0
0 0.14375 0 0.0236111 0
0 0.871528 0 0.0236111 0
0 0.580556 0 0.0555556 0
0 0.688194 0 0.0208333 0
0 0.327778 0 0.0222222 0
0 0.460417 0 0.0375 0
0 0.14375 0 0.0236111 0
0 0.871528 0 0.0236111 0
0 0.579861 0 0.0541667 0
0 0.327778 0 0.0222222 0
0 0.688194 0 0.0208333 0
0 0.460417 0 0.0375 0
0 0.14375 0 0.0236111 0
0 0.871528 0 0.0236111 0
0 0.580556 0 0.0555556 0
0 0.327778 0 0.0222222 0
0 0.688194 0 0.0208333 0
0 0.460417 0 0.0375 0
0 0.14375 0 0.0236111 0
0 0.871528 0 0.0236111 0
0 0.579861 0 0.0541667 0
0 0.688194 0 0.0208333 0
0 0.327778 0 0.0222222 0
0 0.460417 0 0.0375 0
0 0.14375 0 0.0236111 0
0 0.871528 0 0.0236111 0
0 0.580556 0 0.0555556 0
0 0.327778 0 0.0222222 0
0 0.688194 0 0.0208333 0
0 0.460417 0 0.0375 0
0 0.14375 0 0.0236111 0
0 0.871528 0 0.0236111 0
0 0.579861 0 0.0541667 0
0 0.688194 0 0.0208333 0
0 0.327778 0 0.0222222 0
0 0.460417 0 0.0375 0
0 0.14375 0 0.0236111 0
0 0.871528 0 0.0236111 0
0 0.580556 0 0.0555556 0
0 0.327778 0 0.0222222 0
0 0.688194 0 0.0208333 0
0 0.460417 0 0.0375 0
0 0.14375 0 0.0236111 0
0 0.871528 0 0.0236111 0
0 0.579167 0 0.0527778 0
0 0.688194 0 0.0208333 0
0 0.327778 0 0.0222222 0
0 0.460417 0 0.0375 0
0 0.871528 0 0.0236111 0
0 0.14375 0 0.0236111 0
0 0.580556 0 0.0555556 0
0 0.327778 0 0.0222222 0
0 0.688194 0 0.0208333 0
0 0.460417 0 0.0375 0
0 0.14375 0 0.0236111 0
0 0.871528 0 0.0236111 0
0 0.579167 0 0.0527778 0
0 0.688194 0 0.0208333 0
0 0.327778 0 0.0222222 0
0 0.460417 0 0.0375 0
0 0.14375 0 0.0236111 0
0 0.871528 0 0.0236111 0
0 0.579861 0 0.0541667 0
0 0.688194 0 0.0208333 0
0 0.327778 0 0.0222222 0
0 0.460417 0 0.0375 0
0 0.14375 0 0.0236111 0
0 0.871528 0 0.0236111 0
0 0.580556 0 0.0555556 0
0 0.327778 0 0.0222222 0
0 0.688194 0 0.0208333 0
0 0.460417 0 0.0375 0
0 0.14375 0 0.0236111 0
0 0.871528 0 0.0236111 0
0 0.580556 0 0.0555556 0
0 0.688194 0 0.0208333 0
0 0.327778 0 0.0222222 0
0 0.460417 0 0.0375 0
0 0.14375 0 0.0236111 0
0 0.871528 0 0.0236111 0
0 0.580556 0 0.0555556 0
0 0.327778 0 0.0222222 0
0 0.688194 0 0.0208333 0
0 0.460417 0 0.0375 0
0 0.14375 0 0.0236111 0
0 0.871528 0 0.0236111 0
0 0.579167 0 0.0527778 0
0 0.688194 0 0.0208333 0
0 0.327778 0 0.0222222 0
0 0.460417 0 0.0375 0
0 0.14375 0 0.0236111 0
0 0.871528 0 0.0236111 0
0 0.579861 0 0.0541667 0
0 0.688194 0 0.0208333 0
0 0.327778 0 0.0222222 0
0 0.460417 0 0.0375 0
0 0.14375 0 0.0236111 0
0 0.871528 0 0.0236111 0
0 0.580556 0 0.0555556 0
0 0.327778 0 0.0222222 0
0 0.688194 0 0.0208333 0
0 0.460417 0 0.0375 0
0 0.14375 0 0.0236111 0
0 0.871528 0 0.0236111 0
0 0.58125 0 0.0569444 0
0 0.327778 0 0.0222222 0
0 0.688194 0 0.0208333 0
0 0.460417 0 0.0375 0
0 0.14375 0 0.0236111 0
0 0.871528 0 0.0236111 0
0 0.580556 0 0.0555556 0
0 0.327778 0 0.0222222 0
0 0.688194 0 0.0208333 0
0 0.460417 0 0.0375 0
0 0.14375 0 0.0236111 0
0 0.871528 0 0.0236111 0
0 0.580556 0 0.0555556 0
0 0.688194 0 0.0208333 0
0 0.327778 0 0.0222222 0
0 0.460417 0 0.0375 0
0 0.14375 0 0.0236111 0
0 0.871528 0 0.0236111 0
0 0.579861 0 0.0541667 0
0 0.688194 0 0.0208333 0
0 0.327778 0 0.0222222 0
0 0.460417 0 0.0375 0
0 0.14375 0 0.0236111 0
0 0.871528 0 0.0236111 0
0 0.580556 0 0.0555556 0
0 0.327778 0 0.0222222 0
0 0.688194 0 0.0208333 0
0 0.460417 0 0.0375 0
0 0.14375 0 0.0236111 0
0 0.871528 0 0.0236111 0
0 0.580556 0 0.0555556 0
0 0.327778 0 0.0222222 0
0 0.688194 0 0.0208333 0
0 0.460417 0 0.0375 0
0 0.14375 0 0.0236111 0
0 0.871528 0 0.0236111 0
0 0.580556 0 0.0555556 0
0 0.688194 0 0.0208333 0
0 0.327778 0 0.0222222 0
0 0.460417 0 0.0375 0
0 0.14375 0 0.0236111 0
0 0.871528 0 0.0236111 0
0 0.580556 0 0.0555556 0
0 0.688194 0 0.0208333 0
0 0.327778 0 0.0222222 0
0 0.460417 0 0.0375 0
0 0.14375 0 0.0236111 0
0 0.579861 0 0.0541667 0
0 0.871528 0 0.0236111 0
0 0.327778 0 0.0222222 0
0 0.688194 0 0.0208333 0
0 0.460417 0 0.0375 0
0 0.14375 0 0.0236111 0
0 0.871528 0 0.0236111 0
0 0.580556 0 0.0555556 0
0 0.327778 0 0.0222222 0
0 0.688194 0 0.0208333 0
0 0.376389 0 0.00555556 0
0 0.460417 0 0.0375 0
0 0.14375 0 0.0236111 0
0 0.871528 0 0.0236111 0
0 0.580556 0 0.0555556 0
0 0.327778 0 0.0222222 0
0 0.688194 0 0.0208333 0
0 0.460417 0 0.0375 0
0 0.14375 0 0.0236111 0
0 0.871528 0 0.0236111 0
0 0.579861 0 0.0541667 0
0 0.688194 0 0.0208333 0
0 0.327778 0 0.0222222 0
0 0.460417 0 0.0375 0
0 0.14375 0 0.0236111 0
0 0.871528 0 0.0236111 0
0 0.58125 0 0.0541667 0
0 0.688194 0 0.0208333 0
0 0.327778 0 0.0222222 0
0 0.460417 0 0.0375 0
0 0.579861 0 0.0541667 0
0 0.14375 0 0.0236111 0
0 0.871528 0 0.0236111 0
0 0.327778 0 0.0222222 0
0 0.688194 0 0.0208333 0
0 0.460417 0 0.0375 0
0 0.580556 0 0.0527778 0
0 0.14375 0 0.0236111 0
0 0.871528 0 0.0236111 0
0 0.688194 0 0.0208333 0
0 0.327778 0 0.0222222 0
0 0.58125 0 0.0541667 0
0 0.460417 0 0.0375 0
0 0.871528 0 0.0236111 0
0 0.14375 0 0.0236111 0
0 0.688889 0 0.0222222 0
0 0.327778 0 0.0222222 0
0 0.250694 0 0.00694444 0
0 0.580556 0 0.0527778 0
0 0.460417 0 0.0375 0
0 0.14375 0 0.0236111 0
0 0.871528 0 0.0236111 0
0 0.688889 0 0.0222222 0
0 0.327778 0 0.0222222 0
0 0.580556 0 0.0527778 0
0 0.460417 0 0.0375 0
0 0.143056 0 0.0222222 0
0 0.871528 0 0.0236111 0
0 0.688889 0 0.0222222 0
0 0.327778 0 0.0222222 0
0 0.58125 0 0.0541667 0
0 0.460417 0 0.0375 0
0 0.14375 0 0.0236111 0
0 0.871528 0 0.0236111 0
0 0.688194 0 0.0208333 0
0 0.327778 0 0.0222222 0
0 0.460417 0 0.0375 0
0 0.580556 0 0.0527778 0
0 0.14375 0 0.0236111 0
0 0.871528 0 0.0236111 0
0 0.327778 0 0.0222222 0
0 0.688194 0 0.0208333 0
0 0.460417 0 0.0375 0
0 0.580556 0 0.0527778 0
0 0.14375 0 0.0236111 0
0 0.871528 0 0.0236111 0
0 0.688194 0 0.0208333 0
0 0.327778 0 0.0222222 0
0 0.460417 0 0.0375 0
0 0.580556 0 0.0527778 0
0 0.14375 0 0.0236111 0
0 0.871528 0 0.0236111 0
0 0.688194 0 0.0208333 0
0 0.327778 0 0.0222222 0
0 0.460417 0 0.0375 0
0 0.579861 0 0.0541667 0
0 0.14375 0 0.0236111 0
0 0.871528 0 0.0236111 0
0 0.327778 0 0.0222222 0
0 0.688194 0 0.0208333 0
0 0.460417 0 0.0375 0
0 0.14375 0 0.0236111 0
0 0.871528 0 0.0236111 0
0 0.580556 0 0.0555556 0
0 0.327778 0 0.0222222 0
0 0.688194 0 0.0208333 0
0 0.460417 0 0.0375 0
0 0.871528 0 0.0236111 0
0 0.14375 0 0.0236111 0
0 0.580556 0 0.0555556 0
0 0.688194 0 0.0208333 0
0 0.327778 0 0.0222222 0
0 0.460417 0 0.0375 0
0 0.14375 0 0.0236111 0
0 0.871528 0 0.0236111 0
0 0.579861 0 0.0541667 0
0 0.688194 0 0.0208333 0
0 0.327778 0 0.0222222 0
0 0.460417 0 0.0375 0
0 0.14375 0 0.0236111 0
0 0.871528 0 0.0236111 0
0 0.579167 0 0.0527778 0
0 0.327778 0 0.0222222 0
0 0.688194 0 0.0208333 0
0 0.460417 0 0.0375 0
0 0.871528 0 0.0236111 0
0 0.14375 0 0.0236111 0
0 0.579167 0 0.0527778 0
0 0.688194 0 0.0208333 0
0 0.327778 0 0.0222222 0
0 0.460417 0 0.0375 0
0 0.871528 0 0.0236111 0
0 0.14375 0 0.0236111 0
0 0.579861 0 0.0541667 0
0 0.688194 0 0.0208333 0
0 0.327778 0 0.0222222 0
0 0.460417 0 0.0375 0
0 0.871528 0 0.0236111 0
0 0.14375 0 0.0236111 0
0 0.580556 0 0.0555556 0
0 0.327778 0 0.0222222 0
0 0.688194 0 0.0208333 0
0 0.460417 0 0.0375 0
0 0.871528 0 0.0236111 0
0 0.143056 0 0.0222222 0
0 0.580556 0 0.0555556 0
0 0.688194 0 0.0208333 0
0 0.327778 0 0.0222222 0
0 0.460417 0 0.0375 0
0 0.14375 0 0.0236111 0
0 0.871528 0 0.0236111 0
0 0.579861 0 0.0541667 0
0 0.688194 0 0.0208333 0
0 0.327778 0 0.0222222 0
0 0.460417 0 0.0375 0
0 0.14375 0 0.0236111 0
0 0.871528 0 0.0236111 0
0 0.580556 0 0.0555556 0
0 0.327778 0 0.0222222 0
0 0.688194 0 0.0208333 0
0 0.460417 0 0.0375 0
0 0.871528 0 0.0236111 0
0 0.14375 0 0.0236111 0
0 0.579861 0 0.0541667 0
0 0.688194 0 0.0208333 0
0 0.327778 0 0.0222222 0
0 0.460417 0 0.0375 0
0 0.871528 0 0.0236111 0
0 0.14375 0 0.0236111 0
0 0.580556 0 0.0555556 0
0 0.327778 0 0.0222222 0
0 0.688194 0 0.0208333 0
0 0.460417 0 0.0375 0
0 0.871528 0 0.0236111 0
0 0.14375 0 0.0236111 0
0 0.579167 0 0.0527778 0
0 0.688194 0 0.0208333 0
0 0.327778 0 0.0222222 0
0 0.460417 0 0.0375 0
0 0.871528 0 0.0236111 0
0 0.14375 0 0.0236111 0
0 0.579861 0 0.0541667 0
0 0.688194 0 0.0208333 0
0 0.327778 0 0.0222222 0
0 0.75 0 0.00833333 0
0 0.460417 0 0.0375 0
0 0.14375 0 0.0236111 0
0 0.871528 0 0.0236111 0
0 0.579861 0 0.0541667 0
0 0.688194 0 0.0208333 0
0 0.327778 0 0.0222222 0
0 0.460417 0 0.0375 0
0 0.14375 0 0.0236111 0
0 0.871528 0 0.0236111 0
0 0.579167 0 0.0527778 0
0 0.688194 0 0.0208333 0
0 0.327778 0 0.0222222 0
0 0.460417 0 0.0375 0
0 0.14375 0 0.0236111 0
0 0.871528 0 0.0236111 0
0 0.579861 0 0.0541667 0
0 0.688194 0 0.0208333 0
0 0.327778 0 0.0222222 0
0 0.460417 0 0.0375 0
0 0.14375 0 0.0236111 0
0 0.871528 0 0.0236111 0
0 0.58125 0 0.0569444 0
0 0.688194 0 0.0208333 0
0 0.327778 0 0.0222222 0
0 0.460417 0 0.0375 0
0 0.14375 0 0.0236111 0
0 0.871528 0 0.0236111 0
0 0.580556 0 0.0555556 0
0 0.688194 0 0.0208333 0
0 0.327778 0 0.0222222 0
0 0.460417 0 0.0375 0
0 0.14375 0 0.0236111 0
0 0.871528 0 0.0236111 0
0 0.579167 0 0.0527778 0
0 0.327778 0 0.0222222 0
0 0.688194 0 0.0208333 0
0 0.460417 0 0.0375 0
0 0.14375 0 0.0236111 0
0 0.871528 0 0.0236111 0
0 0.580556 0 0.0555556 0
0 0.327778 0 0.0222222 0
0 0.688194 0 0.0208333 0
0 0.460417 0 0.0375 0
0 0.14375 0 0.0236111 0
0 0.871528 0 0.0236111 0
0 0.580556 0 0.0555556 0
0 0.327778 0 0.0222222 0
0 0.688194 0 0.0208333 0
0 0.75 0 0.00833333 0
0 0.460417 0 0.0375 0
0 0.14375 0 0.0236111 0
0 0.871528 0 0.0236111 0
0 0.579861 0 0.0541667 0
0 0.688194 0 0.0208333 0
0 0.327778 0 0.0222222 0
0 0.460417 0 0.0375 0
0 0.14375 0 0.0236111 0
0 0.871528 0 0.0236111 0
0 0.580556 0 0.0555556 0
0 0.327778 0 0.0222222 0
0 0.688194 0 0.0208333 0
0 0.460417 0 0.0375 0
0 0.14375 0 0.0236111 0
0 0.871528 0 0.0236111 0
0 0.58125 0 0.0569444 0
0 0.327778 0 0.0222222 0
0 0.688194 0 0.0208333 0
0 0.460417 0 0.0375 0
0 0.14375 0 0.0236111 0
0 0.871528 0 0.0236111 0
0 0.580556 0 0.0555556 0
0 0.327778 0 0.0222222 0
0 0.688194 0 0.0208333 0
0 0.460417 0 0.0375 0
0 0.14375 0 0.0236111 0
0 0.871528 0 0.0236111 0
0 0.580556 0 0.0555556 0
0 0.327778 0 0.0222222 0
0 0.688194 0 0.0208333 0
0 0.460417 0 0.0375 0
0 0.871528 0 0.0236111 0
0 0.14375 0 0.0236111 0
0 0.579167 0 0.0527778 0
0 0.688194 0 0.0208333 0
0 0.327778 0 0.0222222 0
0 0.460417 0 0.0375 0
0 0.14375 0 0.0236111 0
0 0.871528 0 0.0236111 0
0 0.580556 0 0.0555556 0
0 0.327778 0 0.0222222 0
0 0.688194 0 0.0208333 0
0 0.460417 0 0.0375 0
0 0.14375 0 0.0236111 0
0 0.871528 0 0.0236111 0
0 0.580556 0 0.0555556 0
0 0.327778 0 0.0222222 0
0 0.688194 0 0.0208333 0
0 0.460417 0 0.0375 0
0 0.14375 0 0.0236111 0
0 0.871528 0 0.0236111 0
0 0.579861 0 0.0541667 0
0 0.688194 0 0.0208333 0
0 0.327778 0 0.0222222 0
0 0.460417 0 0.0375 0
0 0.14375 0 0.0236111 0
0 0.871528 0 0.0236111 0
0 0.580556 0 0.0555556 0
0 0.327778 0 0.0222222 0
0 0.688194 0 0.0208333 0
0 0.460417 0 0.0375 0
0 0.14375 0 0.0236111 0
0 0.871528 0 0.0236111 0
0 0.58125 0 0.0569444 0
0 0.327778 0 0.0222222 0
0 0.688194 0 0.0208333 0
0 0.460417 0 0.0375 0
0 0.14375 0 0.0236111 0
0 0.871528 0 0.0236111 0
0 0.580556 0 0.0555556 0
0 0.327778 0 0.0222222 0
0 0.688194 0 0.0208333 0
0 0.460417 0 0.0375 0
0 0.14375 0 0.0236111 0
0 0.871528 0 0.0236111 0
0 0.58125 0 0.0569444 0
0 0.688194 0 0.0208333 0
0 0.327778 0 0.0222222 0
0 0.460417 0 0.0375 0
0 0.14375 0 0.0236111 0
0 0.871528 0 0.0236111 0
0 0.580556 0 0.0555556 0
0 0.327778 0 0.0222222 0
0 0.688194 0 0.0208333 0
0 0.460417 0 0.0375 0
0 0.14375 0 0.0236111 0
0 0.871528 0 0.0236111 0
0 0.580556 0 0.0555556 0
0 0.327778 0 0.0222222 0
0 0.688194 0 0.0208333 0
0 0.2375 0 0.00833333 0
0 0.460417 0 0.0375 0
0 0.14375 0 0.0236111 0
0 0.871528 0 0.0236111 0
0 0.579167 0 0.0527778 0
0 0.327778 0 0.0222222 0
0 0.688194 0 0.0208333 0
0 0.460417 0 0.0375 0
0 0.14375 0 0.0236111 0
0 0.871528 0 0.0236111 0
0 0.580556 0 0.0555556 0
0 0.327778 0 0.0222222 0
0 0.688194 0 0.0208333 0
0 0.460417 0 0.0375 0
0 0.14375 0 0.0236111 0
0 0.871528 0 0.0236111 0
0 0.580556 0 0.0555556 0
0 0.327778 0 0.0222222 0
0 0.688194 0 0.0208333 0
0 0.460417 0 0.0375 0
0 0.14375 0 0.0236111 0
0 0.871528 0 0.0236111 0
0 0.579861 0 0.0541667 0
0 0.327778 0 0.0222222 0
0 0.688194 0 0.0208333 0
0 0.460417 0 0.0375 0
0 0.14375 0 0.0236111 0
0 0.871528 0 0.0236111 0
0 0.579861 0 0.0541667 0
0 0.327778 0 0.0222222 0
0 0.688194 0 0.0208333 0
0 0.460417 0 0.0375 0
0 0.14375 0 0.0236111 0
0 0.871528 0 0.0236111 0
0 0.579167 0 0.0527778 0
0 0.327778 0 0.0222222 0
0 0.688194 0 0.0208333 0
0 0.460417 0 0.0375 0
0 0.14375 0 0.0236111 0
0 0.871528 0 0.0236111 0
0 0.579167 0 0.0527778 0
0 0.327778 0 0.0222222 0
0 0.688194 0 0.0208333 0
0 0.460417 0 0.0375 0
0 0.14375 0 0.0236111 0
0 0.871528 0 0.0236111 0
0 0.580556 0 0.0555556 0
0 0.327778 0 0.0222222 0
0 0.688194 0 0.0208333 0
0 0.460417 0 0.0375 0
0 0.871528 0 0.0236111 0
0 0.14375 0 0.0236111 0
0 0.580556 0 0.0555556 0
0 0.688194 0 0.0208333 0
0 0.327778 0 0.0222222 0
0 0.75 0 0.00833333 0
0 0.460417 0 0.0375 0
0 0.14375 0 0.0236111 0
0 0.871528 0 0.0236111 0
0 0.579861 0 0.0541667 0
0 0.688194 0 0.0208333 0
0 0.327778 0 0.0222222 0
0 0.460417 0 0.0375 0
0 0.14375 0 0.0236111 0
0 0.871528 0 0.0236111 0
0 0.579861 0 0.0541667 0
0 0.327778 0 0.0222222 0
0 0.688194 0 0.0208333 0
0 0.460417 0 0.0375 0
0 0.14375 0 0.0236111 0
0 0.871528 0 0.0236111 0
0 0.579167 0 0.0527778 0
0 0.327778 0 0.0222222 0
0 0.688194 0 0.0208333 0
0 0.460417 0 0.0375 0
0 0.14375 0 0.0236111 0
0 0.871528 0 0.0236111 0
0 0.579167 0 0.0527778 0
0 0.327778 0 0.0222222 0
0 0.688194 0 0.0208333 0
0 0.460417 0 0.0375 0
0 0.14375 0 0.0236111 0
0 0.871528 0 0.0236111 0
0 0.580556 0 0.0555556 0
0 0.327778 0 0.0222222 0
0 0.688194 0 0.0208333 0
0 0.460417 0 0.0375 0
0 0.14375 0 0.0236111 0
0 0.871528 0 0.0236111 0
0 0.580556 0 0.0555556 0
0 0.327778 0 0.0222222 0
0 0.688194 0 0.0208333 0
0 0.460417 0 0.0375 0
0 0.871528 0 0.0236111 0
0 0.14375 0 0.0236111 0
0 0.580556 0 0.0555556 0
0 0.688194 0 0.0208333 0
0 0.327778 0 0.0222222 0
0 0.460417 0 0.0375 0
0 0.14375 0 0.0236111 0
0 0.871528 0 0.0236111 0
0 0.58125 0 0.0569444 0
0 0.688194 0 0.0208333 0
0 0.327778 0 0.0222222 0
0 0.460417 0 0.0375 0
0 0.14375 0 0.0236111 0
0 0.871528 0 0.0236111 0
0 0.580556 0 0.0555556 0
0 0.327778 0 0.0222222 0
0 0.688194 0 0.0208333 0
0 0.460417 0 0.0375 0
0 0.14375 0 0.0236111 0
0 0.871528 0 0.0236111 0
0 0.580556 0 0.0555556 0
0 0.688194 0 0.0208333 0
0 0.327778 0 0.0222222 0
0 0.460417 0 0.0375 0
0 0.14375 0 0.0236111 0
0 0.871528 0 0.0236111 0
0 0.580556 0 0.0555556 0
0 0.688194 0 0.0208333 0
0 0.327778 0 0.0222222 0
0 0.460417 0 0.0375 0
0 0.14375 0 0.0236111 0
0 0.871528 0 0.0236111 0
0 0.579861 0 0.0541667 0
0 0.688194 0 0.0208333 0
0 0.327778 0 0.0222222 0
0 0.749306 0 0.00694444 0
0 0.460417 0 0.0375 0
0 0.14375 0 0.0236111 0
0 0.871528 0 0.0236111 0
0 0.579861 0 0.0541667 0
0 0.688194 0 0.0208333 0
0 0.327778 0 0.0222222 0
0 0.460417 0 0.0375 0
0 0.14375 0 0.0236111 0
0 0.871528 0 0.0236111 0
0 0.580556 0 0.0555556 0
0 0.688194 0 0.0208333 0
0 0.327778 0 0.0222222 0
0 0.460417 0 0.0375 0
0 0.14375 0 0.0236111 0
0 0.871528 0 0.0236111 0
0 0.58125 0 0.0569444 0
0 0.327778 0 0.0222222 0
0 0.688194 0 0.0208333 0
0 0.460417 0 0.0375 0
0 0.14375 0 0.0236111 0
0 0.871528 0 0.0236111 0
0 0.580556 0 0.0555556 0
0 0.327778 0 0.0222222 0
0 0.688194 0 0.0208333 0
0 0.460417 0 0.0375 0
0 0.14375 0 0.0236111 0
0 0.871528 0 0.0236111 0
0 0.580556 0 0.0555556 0
0 0.327778 0 0.0222222 0
0 0.688194 0 0.0208333 0
0 0.460417 0 0.0375 0
0 0.14375 0 0.0236111 0
0 0.871528 0 0.0236111 0
0 0.579167 0 0.0527778 0
0 0.327778 0 0.0222222 0
0 0.688194 0 0.0208333 0
0 0.460417 0 0.0375 0
0 0.14375 0 0.0236111 0
0 0.871528 0 0.0236111 0
0 0.579167 0 0.0527778 0
0 0.327778 0 0.0222222 0
0 0.688194 0 0.0208333 0
0 0.460417 0 0.0375 0
0 0.14375 0 0.0236111 0
0 0.871528 0 0.0236111 0
0 0.580556 0 0.0555556 0
0 0.327778 0 0.0222222 0
0 0.688194 0 0.0208333 0
0 0.460417 0 0.0375 0
0 0.14375 0 0.0236111 0
0 0.871528 0 0.0236111 0
0 0.579861 0 0.0541667 0
0 0.688194 0 0.0208333 0
0 0.327778 0 0.0222222 0
0 0.460417 0 0.0375 0
0 0.14375 0 0.0236111 0
0 0.871528 0 0.0236111 0
0 0.58125 0 0.0569444 0
0 0.327778 0 0.0222222 0
0 0.688194 0 0.0208333 0
0 0.460417 0 0.0375 0
0 0.14375 0 0.0236111 0
0 0.871528 0 0.0236111 0
0 0.579167 0 0.0527778 0
0 0.327778 0 0.0222222 0
0 0.688194 0 0.0208333 0
0 0.460417 0 0.0375 0
0 0.14375 0 0.0236111 0
0 0.871528 0 0.0236111 0
0 0.580556 0 0.0555556 0
0 0.327778 0 0.0222222 0
0 0.688194 0 0.0208333 0
0 0.460417 0 0.0375 0
0 0.14375 0 0.0236111 0
0 0.871528 0 0.0236111 0
0 0.580556 0 0.0555556 0
0 0.327778 0 0.0222222 0
0 0.688194 0 0.0208333 0
0 0.460417 0 0.0375 0
0 0.14375 0 0.0236111 0
0 0.871528 0 0.0236111 0
0 0.580556 0 0.0555556 0
0 0.327778 0 0.0222222 0
0 0.688194 0 0.0208333 0
0 0.460417 0 0.0375 0
0 0.14375 0 0.0236111 0
0 0.871528 0 0.0236111 0
0 0.580556 0 0.0555556 0
0 0.327778 0 0.0222222 0
0 0.688194 0 0.0208333 0
0 0.460417 0 0.0375 0
0 0.871528 0 0.0236111 0
0 0.14375 0 0.0236111 0
0 0.580556 0 0.0555556 0
0 0.327778 0 0.0222222 0
0 0.688194 0 0.0208333 0
0 0.460417 0 0.0375 0
0 0.14375 0 0.0236111 0
0 0.871528 0 0.0236111 0
0 0.580556 0 0.0555556 0
0 0.327778 0 0.0222222 0
0 0.688194 0 0.0208333 0
0 0.460417 0 0.0375 0
0 0.14375 0 0.0236111 0
0 0.871528 0 0.0236111 0
0 0.579167 0 0.0527778 0
0 0.688194 0 0.0208333 0
0 0.327778 0 0.0222222 0
0 0.460417 0 0.0375 0
0 0.14375 0 0.0236111 0
0 0.579167 0 0.0527778 0
0 0.871528 0 0.0236111 0
0 0.688194 0 0.0208333 0
0 0.327778 0 0.0222222 0
0 0.460417 0 0.0375 0
0 0.14375 0 0.0236111 0
0 0.871528 0 0.0236111 0
0 0.579167 0 0.0527778 0
0 0.688194 0 0.0208333 0
0 0.327778 0 0.0222222 0
0 0.460417 0 0.0375 0
0 0.14375 0 0.0236111 0
0 0.871528 0 0.0236111 0
0 0.579861 0 0.0541667 0
0 0.688194 0 0.0208333 0
0 0.327778 0 0.0222222 0
0 0.460417 0 0.0375 0
0 0.14375 0 0.0236111 0
0 0.871528 0 0.0236111 0
0 0.579861 0 0.0541667 0
0 0.688194 0 0.0208333 0
0 0.327778 0 0.0222222 0
0 0.460417 0 0.0375 0
0 0.143056 0 0.0222222 0
0 0.871528 0 0.0236111 0
0 0.579861 0 0.0541667 0
0 0.688194 0 0.0208333 0
0 0.327778 0 0.0222222 0
0 0.460417 0 0.0375 0
0 0.871528 0 0.0236111 0
0 0.14375 0 0.0236111 0
0 0.579861 0 0.0541667 0
0 0.688194 0 0.0208333 0
0 0.327778 0 0.0222222 0
0 0.460417 0 0.0375 0
0 0.871528 0 0.0236111 0
0 0.143056 0 0.0222222 0
0 0.579861 0 0.0541667 0
0 0.688194 0 0.0208333 0
0 0.327778 0 0.0222222 0
0 0.460417 0 0.0375 0
0 0.871528 0 0.0236111 0
0 0.143056 0 0.0222222 0
0 0.579861 0 0.0541667 0
0 0.688194 0 0.0208333 0
0 0.327778 0 0.0222222 0
0 0.460417 0 0.0375 0
0 0.871528 0 0.0236111 0
0 0.143056 0 0.0222222 0
0 0.579861 0 0.0541667 0
0 0.688194 0 0.0208333 0
0 0.327778 0 0.0222222 0
0 0.460417 0 0.0375 0
0 0.871528 0 0.0236111 0
0 0.14375 0 0.0236111 0
0 0.579861 0 0.0541667 0
0 0.688194 0 0.0208333 0
0 0.327778 0 0.0222222 0
0 0.438889 0 0.0472222 0
0 0.460417 0 0.0375 0
0 0.871528 0 0.0236111 0
0 0.14375 0 0.0236111 0
0 0.579167 0 0.0527778 0
0 0.688194 0 0.0208333 0
0 0.327778 0 0.0222222 0
0 0.460417 0 0.0375 0
0 0.871528 0 0.0236111 0
0 0.143056 0 0.0222222 0
0 0.580556 0 0.0555556 0
0 0.688194 0 0.0208333 0
0 0.327778 0 0.0222222 0
0 0.460417 0 0.0375 0
0 0.871528 0 0.0236111 0
0 0.143056 0 0.0222222 0
0 0.580556 0 0.0555556 0
0 0.327778 0 0.0222222 0
0 0.688194 0 0.0208333 0
0 0.460417 0 0.0375 0
0 0.14375 0 0.0236111 0
0 0.871528 0 0.0236111 0
0 0.580556 0 0.0555556 0
0 0.327778 0 0.0222222 0
0 0.688194 0 0.0208333 0
0 0.460417 0 0.0375 0
0 0.14375 0 0.0236111 0
0 0.871528 0 0.0236111 0
0 0.580556 0 0.0555556 0
0 0.327778 0 0.0222222 0
0 0.688194 0 0.0208333 0
0 0.460417 0 0.0375 0
0 0.14375 0 0.0236111 0
0 0.871528 0 0.0236111 0
0 0.579861 0 0.0541667 0
0 0.327778 0 0.0222222 0
0 0.688194 0 0.0208333 0
0 0.460417 0 0.0375 0
0 0.14375 0 0.0236111 0
0 0.871528 0 0.0236111 0
0 0.579861 0 0.0541667 0
0 0.327778 0 0.0222222 0
0 0.688194 0 0.0208333 0
0 0.460417 0 0.0375 0
0 0.14375 0 0.0236111 0
0 0.871528 0 0.0236111 0
0 0.579167 0 0.0527778 0
0 0.327778 0 0.0222222 0
0 0.688194 0 0.0208333 0
0 0.238889 0 0.00833333 0
0 0.460417 0 0.0375 0
0 0.871528 0 0.0236111 0
0 0.14375 0 0.0236111 0
0 0.579861 0 0.0541667 0
0 0.327778 0 0.0222222 0
0 0.688194 0 0.0208333 0
0 0.75 0 0.00833333 0
0 0.460417 0 0.0375 0
0 0.871528 0 0.0236111 0
0 0.14375 0 0.0236111 0
0 0.579861 0 0.0541667 0
0 0.688194 0 0.0208333 0
0 0.327778 0 0.0222222 0
0 0.460417 0 0.0375 0
0 0.579861 0 0.0541667 0
0 0.14375 0 0.0236111 0
0 0.871528 0 0.0236111 0
0 0.327778 0 0.0222222 0
0 0.688194 0 0.0208333 0
0 0.460417 0 0.0375 0
0 0.14375 0 0.0236111 0
0 0.871528 0 0.0236111 0
0 0.580556 0 0.0555556 0
0 0.688194 0 0.0208333 0
0 0.327778 0 0.0222222 0
0 0.460417 0 0.0375 0
0 0.871528 0 0.0236111 0
0 0.58125 0 0.0541667 0
0 0.14375 0 0.0236111 0
0 0.327778 0 0.0222222 0
0 0.688194 0 0.0208333 0
0 0.460417 0 0.0375 0
0 0.14375 0 0.0236111 0
0 0.871528 0 0.0236111 0
0 0.579861 0 0.0541667 0
0 0.688194 0 0.0208333 0
0 0.327778 0 0.0222222 0
0 0.460417 0 0.0375 0
0 0.14375 0 0.0236111 0
0 0.871528 0 0.0236111 0
0 0.580556 0 0.0555556 0
0 0.327778 0 0.0222222 0
0 0.688194 0 0.0208333 0
0 0.460417 0 0.0375 0
0 0.871528 0 0.0236111 0
0 0.14375 0 0.0236111 0
0 0.579861 0 0.0541667 0
0 0.688194 0 0.0208333 0
0 0.327778 0 0.0222222 0
0 0.460417 0 0.0375 0
0 0.14375 0 0.0236111 0
0 0.871528 0 0.0236111 0
0 0.579861 0 0.0541667 0
0 0.327778 0 0.0222222 0
0 0.688194 0 0.0208333 0
0 0.460417 0 0.0375 0
0 0.14375 0 0.0236111 0
0 0.871528 0 0.0236111 0
0 0.579861 0 0.0541667 0
0 0.688194 0 0.0208333 0
0 0.327778 0 0.0222222 0
0 0.460417 0 0.0375 0
0 0.14375 0 0.0236111 0
0 0.871528 0 0.0236111 0
0 0.579167 0 0.0527778 0
0 0.327778 0 0.0222222 0
0 0.688194 0 0.0208333 0
0 0.460417 0 0.0375 0
0 0.14375 0 0.0236111 0
0 0.871528 0 0.0236111 0
0 0.579167 0 0.0527778 0
0 0.688194 0 0.0208333 0
0 0.327778 0 0.0222222 0
0 0.460417 0 0.0375 0
0 0.14375 0 0.0236111 0
0 0.871528 0 0.0236111 0
0 0.579861 0 0.0541667 0
0 0.327778 0 0.0222222 0
0 0.688194 0 0.0208333 0
0 0.460417 0 0.0375 0
0 0.14375 0 0.0236111 0
0 0.871528 0 0.0236111 0
0 0.579167 0 0.0527778 0
0 0.327778 0 0.0222222 0
0 0.688194 0 0.0208333 0
0 0.460417 0 0.0375 0
0 0.14375 0 0.0236111 0
0 0.871528 0 0.0236111 0
0 0.579861 0 0.0541667 0
0 0.688194 0 0.0208333 0
0 0.327778 0 0.0222222 0
0 0.460417 0 0.0375 0
0 0.14375 0 0.0236111 0
0 0.871528 0 0.0236111 0
0 0.580556 0 0.0555556 0
0 0.327778 0 0.0222222 0
0 0.688194 0 0.0208333 0
0 0.460417 0 0.0375 0
0 0.14375 0 0.0236111 0
0 0.871528 0 0.0236111 0
0 0.580556 0 0.0555556 0
0 0.327778 0 0.0222222 0
0 0.688194 0 0.0208333 0
0 0.460417 0 0.0375 0
0 0.14375 0 0.0236111 0
0 0.871528 0 0.0236111 0
0 0.580556 0 0.0555556 0
0 0.327778 0 0.0222222 0
0 0.688194 0 0.0208333 0
0 0.460417 0 0.0375 0
0 0.871528 0 0.0236111 0
0 0.14375 0 0.0236111 0
0 0.579167 0 0.0527778 0
0 0.688194 0 0.0208333 0
0 0.327778 0 0.0222222 0
0 0.460417 0 0.0375 0
0 0.14375 0 0.0236111 0
0 0.871528 0 0.0236111 0
0 0.579861 0 0.0541667 0
0 0.688194 0 0.0208333 0
0 0.327778 0 0.0222222 0
0 0.460417 0 0.0375 0
0 0.14375 0 0.0236111 0
0 0.871528 0 0.0236111 0
0 0.580556 0 0.0555556 0
0 0.327778 0 0.0222222 0
0 0.688194 0 0.0208333 0
0 0.460417 0 0.0375 0
0 0.14375 0 0.0236111 0
0 0.871528 0 0.0236111 0
0 0.580556 0 0.0555556 0
0 0.688194 0 0.0208333 0
0 0.327778 0 0.0222222 0
0 0.460417 0 0.0375 0
0 0.14375 0 0.0236111 0
0 0.871528 0 0.0236111 0
0 0.580556 0 0.0555556 0
0 0.327778 0 0.0222222 0
0 0.688194 0 0.0208333 0
0 0.460417 0 0.0375 0
0 0.14375 0 0.0236111 0
0 0.871528 0 0.0236111 0
0 0.580556 0 0.0555556 0
0 0.688194 0 0.0208333 0
0 0.327778 0 0.0222222 0
0 0.460417 0 0.0375 0
0 0.14375 0 0.0236111 0
0 0.871528 0 0.0236111 0
0 0.579861 0 0.0541667 0
0 0.688194 0 0.0208333 0
0 0.327778 0 0.0222222 0
0 0.460417 0 0.0375 0
0 0.871528 0 0.0236111 0
0 0.14375 0 0.0236111 0
0 0.580556 0 0.0555556 0
0 0.327778 0 0.0222222 0
0 0.688194 0 0.0208333 0
0 0.460417 0 0.0375 0
0 0.14375 0 0.0236111 0
0 0.871528 0 0.0236111 0
0 0.580556 0 0.0555556 0
0 0.688194 0 0.0208333 0
0 0.327778 0 0.0222222 0
0 0.460417 0 0.0375 0
0 0.14375 0 0.0236111 0
0 0.871528 0 0.0236111 0
0 0.580556 0 0.0555556 0
0 0.327778 0 0.0222222 0
0 0.688194 0 0.0208333 0
0 0.460417 0 0.0375 0
0 0.14375 0 0.0236111 0
0 0.871528 0 0.0236111 0
0 0.580556 0 0.0555556 0
0 0.688194 0 0.0208333 0
0 0.327778 0 0.0222222 0
0 0.460417 0 0.0375 0
0 0.14375 0 0.0236111 0
0 0.871528 0 0.0236111 0
0 0.580556 0 0.0555556 0
0 0.327778 0 0.0222222 0
0 0.688194 0 0.0208333 0
0 0.460417 0 0.0375 0
0 0.14375 0 0.0236111 0
0 0.871528 0 0.0236111 0
0 0.580556 0 0.0555556 0
0 0.327778 0 0.0222222 0
0 0.688194 0 0.0208333 0
0 0.460417 0 0.0375 0
0 0.14375 0 0.0236111 0
0 0.871528 0 0.0236111 0
0 0.580556 0 0.0555556 0
0 0.327778 0 0.0222222 0
0 0.688194 0 0.0208333 0
0 0.460417 0 0.0375 0
0 0.14375 0 0.0236111 0
0 0.871528 0 0.0236111 0
0 0.579167 0 0.0527778 0
0 0.327778 0 0.0222222 0
0 0.688194 0 0.0208333 0
0 0.460417 0 0.0375 0
0 0.14375 0 0.0236111 0
0 0.871528 0 0.0236111 0
0 0.580556 0 0.0555556 0
0 0.327778 0 0.0222222 0
0 0.688194 0 0.0208333 0
0 0.460417 0 0.0375 0
0 0.14375 0 0.0236111 0
0 0.871528 0 0.0236111 0
0 0.580556 0 0.0555556 0
0 0.327778 0 0.0222222 0
0 0.688194 0 0.0208333 0
0 0.460417 0 0.0375 0
0 0.14375 0 0.0236111 0
0 0.871528 0 0.0236111 0
0 0.579861 0 0.0541667 0
0 0.327778 0 0.0222222 0
0 0.688194 0 0.0208333 0
0 0.460417 0 0.0375 0
0 0.14375 0 0.0236111 0
0 0.871528 0 0.0236111 0
0 0.579861 0 0.0541667 0
0 0.327778 0 0.0222222 0
0 0.688194 0 0.0208333 0
0 0.460417 0 0.0375 0
0 0.14375 0 0.0236111 0
0 0.871528 0 0.0236111 0
0 0.579861 0 0.0541667 0
0 0.327778 0 0.0222222 0
0 0.688194 0 0.0208333 0
0 0.460417 0 0.0375 0
0 0.14375 0 0.0236111 0
0 0.871528 0 0.0236111 0
0 0.58125 0 0.0569444 0
0 0.327778 0 0.0222222 0
0 0.688194 0 0.0208333 0
0 0.460417 0 0.0375 0
0 0.14375 0 0.0236111 0
0 0.871528 0 0.0236111 0
0 0.58125 0 0.0569444 0
0 0.327778 0 0.0222222 0
0 0.688194 0 0.0208333 0
0 0.460417 0 0.0375 0
0 0.14375 0 0.0236111 0
0 0.871528 0 0.0236111 0
0 0.58125 0 0.0569444 0
0 0.327778 0 0.0222222 0
0 0.688194 0 0.0208333 0
0 0.75 0 0.00833333 0
0 0.460417 0 0.0375 0
0 0.14375 0 0.0236111 0
0 0.871528 0 0.0236111 0
0 0.579861 0 0.0541667 0
0 0.688194 0 0.0208333 0
0 0.327778 0 0.0222222 0
0 0.460417 0 0.0375 0
0 0.14375 0 0.0236111 0
0 0.871528 0 0.0236111 0
0 0.580556 0 0.0555556 0
0 0.688194 0 0.0208333 0
0 0.327778 0 0.0222222 0
0 0.460417 0 0.0375 0
0 0.14375 0 0.0236111 0
0 0.871528 0 0.0236111 0
0 0.58125 0 0.0569444 0
0 0.327778 0 0.0222222 0
0 0.688194 0 0.0208333 0
0 0.460417 0 0.0375 0
0 0.14375 0 0.0236111 0
0 0.871528 0 0.0236111 0
0 0.580556 0 0.0555556 0
0 0.688194 0 0.0208333 0
0 0.327778 0 0.0222222 0
0 0.460417 0 0.0375 0
0 0.14375 0 0.0236111 0
0 0.871528 0 0.0236111 0
0 0.580556 0 0.0555556 0
0 0.327778 0 0.0222222 0
0 0.688194 0 0.0208333 0
0 0.460417 0 0.0375 0
0 0.14375 0 0.0236111 0
0 0.871528 0 0.0236111 0
0 0.58125 0 0.0569444 0
0 0.327778 0 0.0222222 0
0 0.688194 0 0.0208333 0
0 0.460417 0 0.0375 0
0 0.14375 0 0.0236111 0
0 0.871528 0 0.0236111 0
0 0.580556 0 0.0555556 0
0 0.688194 0 0.0208333 0
0 0.327778 0 0.0222222 0
0 0.460417 0 0.0375 0
0 0.14375 0 0.0236111 0
0 0.871528 0 0.0236111 0
0 0.579861 0 0.0541667 0
0 0.688194 0 0.0208333 0
0 0.327778 0 0.0222222 0
0 0.460417 0 0.0375 0
0 0.14375 0 0.0236111 0
0 0.871528 0 0.0236111 0
0 0.579167 0 0.0527778 0
0 0.688194 0 0.0208333 0
0 0.327778 0 0.0222222 0
0 0.460417 0 0.0375 0
0 0.14375 0 0.0236111 0
0 0.871528 0 0.0236111 0
0 0.580556 0 0.0555556 0
0 0.327778 0 0.0222222 0
0 0.688194 0 0.0208333 0
0 0.460417 0 0.0375 0
0 0.14375 0 0.0236111 0
0 0.871528 0 0.0236111 0
0 0.580556 0 0.0555556 0
0 0.327778 0 0.0222222 0
0 0.688194 0 0.0208333 0
0 0.460417 0 0.0375 0
0 0.14375 0 0.0236111 0
0 0.871528 0 0.0236111 0
0 0.58125 0 0.0569444 0
0 0.327778 0 0.0222222 0
0 0.688194 0 0.0208333 0
0 0.75 0 0.00833333 0
0 0.460417 0 0.0375 0
0 0.14375 0 0.0236111 0
0 0.871528 0 0.0236111 0
0 0.579861 0 0.0541667 0
0 0.688194 0 0.0208333 0
0 0.327778 0 0.0222222 0
0 0.460417 0 0.0375 0
0 0.14375 0 0.0236111 0
0 0.871528 0 0.0236111 0
0 0.580556 0 0.0555556 0
0 0.327778 0 0.0222222 0
0 0.688194 0 0.0208333 0
0 0.460417 0 0.0375 0
0 0.14375 0 0.0236111 0
0 0.871528 0 0.0236111 0
0 0.580556 0 0.0555556 0
0 0.327778 0 0.0222222 0
0 0.688194 0 0.0208333 0
0 0.460417 0 0.0375 0
0 0.14375 0 0.0236111 0
0 0.871528 0 0.0236111 0
0 0.580556 0 0.0555556 0
0 0.327778 0 0.0222222 0
0 0.688194 0 0.0208333 0
0 0.460417 0 0.0375 0
0 0.14375 0 0.0236111 0
0 0.871528 0 0.0236111 0
0 0.58125 0 0.0569444 0
0 0.688194 0 0.0208333 0
0 0.327778 0 0.0222222 0
0 0.460417 0 0.0375 0
0 0.14375 0 0.0236111 0
0 0.871528 0 0.0236111 0
0 0.579861 0 0.0541667 0
0 0.327778 0 0.0222222 0
0 0.688194 0 0.0208333 0
0 0.460417 0 0.0375 0
0 0.14375 0 0.0236111 0
0 0.871528 0 0.0236111 0
0 0.580556 0 0.0555556 0
0 0.327778 0 0.0222222 0
0 0.688194 0 0.0208333 0
0 0.460417 0 0.0375 0
0 0.14375 0 0.0236111 0
0 0.871528 0 0.0236111 0
0 0.580556 0 0.0555556 0
0 0.327778 0 0.0222222 0
0 0.688194 0 0.0208333 0
0 0.460417 0 0.0375 0
0 0.14375 0 0.0236111 0
0 0.871528 0 0.0236111 0
0 0.580556 0 0.0555556 0
0 0.688194 0 0.0208333 0
0 0.327778 0 0.0222222 0
0 0.460417 0 0.0375 0
0 0.14375 0 0.0236111 0
0 0.871528 0 0.0236111 0
0 0.579861 0 0.0541667 0
0 0.688194 0 0.0208333 0
0 0.327778 0 0.0222222 0
0 0.460417 0 0.0375 0
0 0.14375 0 0.0236111 0
0 0.871528 0 0.0236111 0
0 0.580556 0 0.0555556 0
0 0.327778 0 0.0222222 0
0 0.688194 0 0.0208333 0
0 0.460417 0 0.0375 0
0 0.14375 0 0.0236111 0
0 0.871528 0 0.0236111 0
0 0.580556 0 0.0555556 0
0 0.327778 0 0.0222222 0
0 0.688194 0 0.0208333 0
0 0.460417 0 0.0375 0
0 0.14375 0 0.0236111 0
0 0.871528 0 0.0236111 0
0 0.580556 0 0.0555556 0
0 0.688194 0 0.0208333 0
0 0.327778 0 0.0222222 0
0 0.460417 0 0.0375 0
0 0.14375 0 0.0236111 0
0 0.871528 0 0.0236111 0
0 0.579861 0 0.0541667 0
0 0.327778 0 0.0222222 0
0 0.688194 0 0.0208333 0
0 0.460417 0 0.0375 0
0 0.14375 0 0.0236111 0
0 0.871528 0 0.0236111 0
0 0.579861 0 0.0541667 0
0 0.688194 0 0.0208333 0
0 0.327778 0 0.0222222 0
0 0.460417 0 0.0375 0
0 0.14375 0 0.0236111 0
0 0.871528 0 0.0236111 0
0 0.579861 0 0.0541667 0
0 0.327778 0 0.0222222 0
0 0.688194 0 0.0208333 0
0 0.460417 0 0.0375 0
0 0.580556 0 0.0527778 0
0 0.14375 0 0.0236111 0
0 0.871528 0 0.0236111 0
0 0.688889 0 0.0222222 0
0 0.327778 0 0.0222222 0
0 0.58125 0 0.0541667 0
0 0.460417 0 0.0375 0
0 0.871528 0 0.0236111 0
0 0.14375 0 0.0236111 0
0 0.688889 0 0.0222222 0
0 0.327778 0 0.0222222 0
0 0.460417 0 0.0375 0
0 0.580556 0 0.0527778 0
0 0.14375 0 0.0236111 0
0 0.871528 0 0.0236111 0
0 0.688194 0 0.0208333 0
0 0.327778 0 0.0222222 0
0 0.460417 0 0.0375 0
0 0.580556 0 0.0527778 0
0 0.14375 0 0.0236111 0
0 0.871528 0 0.0236111 0
0 0.688194 0 0.0208333 0
0 0.327778 0 0.0222222 0
0 0.460417 0 0.0375 0
0 0.580556 0 0.0527778 0
0 0.143056 0 0.0222222 0
0 0.871528 0 0.0236111 0
0 0.688194 0 0.0208333 0
0 0.327778 0 0.0222222 0
0 0.460417 0 0.0375 0
0 0.580556 0 0.0527778 0
0 0.871528 0 0.0236111 0
0 0.14375 0 0.0236111 0
0 0.688194 0 0.0208333 0
0 0.327778 0 0.0222222 0
0 0.460417 0 0.0375 0
0 0.580556 0 0.0527778 0
0 0.14375 0 0.0236111 0
0 0.871528 0 0.0236111 0
0 0.688194 0 0.0208333 0
0 0.327778 0 0.0222222 0
0 0.460417 0 0.0375 0
0 0.14375 0 0.0236111 0
0 0.579861 0 0.0541667 0
0 0.871528 0 0.0236111 0
0 0.327778 0 0.0222222 0
0 0.688194 0 0.0208333 0
0 0.460417 0 0.0375 0
0 0.14375 0 0.0236111 0
0 0.871528 0 0.0236111 0
0 0.580556 0 0.0555556 0
0 0.327778 0 0.0222222 0
0 0.688194 0 0.0208333 0
0 0.460417 0 0.0375 0
0 0.14375 0 0.0236111 0
0 0.871528 0 0.0236111 0
0 0.579167 0 0.0527778 0
0 0.327778 0 0.0222222 0
0 0.688194 0 0.0208333 0
0 0.460417 0 0.0375 0
0 0.14375 0 0.0236111 0
0 0.871528 0 0.0236111 0
0 0.579167 0 0.0527778 0
0 0.327778 0 0.0222222 0
0 0.688194 0 0.0208333 0
0 0.460417 0 0.0375 0
0 0.14375 0 0.0236111 0
0 0.871528 0 0.0236111 0
0 0.579861 0 0.0541667 0
0 0.327778 0 0.0222222 0
0 0.688194 0 0.0208333 0
0 0.75 0 0.00833333 0
0 0.460417 0 0.0375 0
0 0.871528 0 0.0236111 0
0 0.14375 0 0.0236111 0
0 0.579861 0 0.0541667 0
0 0.688194 0 0.0208333 0
0 0.327778 0 0.0222222 0
0 0.460417 0 0.0375 0
0 0.871528 0 0.0236111 0
0 0.14375 0 0.0236111 0
0 0.579861 0 0.0541667 0
0 0.688194 0 0.0208333 0
0 0.327778 0 0.0222222 0
0 0.460417 0 0.0375 0
0 0.14375 0 0.0236111 0
0 0.871528 0 0.0236111 0
0 0.579167 0 0.0527778 0
0 0.688194 0 0.0208333 0
0 0.327778 0 0.0222222 0
0 0.460417 0 0.0375 0
0 0.871528 0 0.0236111 0
0 0.143056 0 0.0222222 0
0 0.580556 0 0.0555556 0
0 0.688194 0 0.0208333 0
0 0.327778 0 0.0222222 0
0 0.460417 0 0.0375 0
0 0.143056 0 0.0222222 0
0 0.871528 0 0.0236111 0
0 0.580556 0 0.0555556 0
0 0.327778 0 0.0222222 0
0 0.688194 0 0.0208333 0
0 0.460417 0 0.0375 0
0 0.871528 0 0.0236111 0
0 0.14375 0 0.0236111 0
0 0.580556 0 0.0555556 0
0 0.688194 0 0.0208333 0
0 0.327778 0 0.0222222 0
0 0.460417 0 0.0375 0
0 0.871528 0 0.0236111 0
0 0.14375 0 0.0236111 0
0 0.579861 0 0.0541667 0
0 0.688194 0 0.0208333 0
0 0.327778 0 0.0222222 0
0 0.460417 0 0.0375 0
0 0.871528 0 0.0236111 0
0 0.14375 0 0.0236111 0
0 0.580556 0 0.0555556 0
0 0.327778 0 0.0222222 0
0 0.688194 0 0.0208333 0
0 0.460417 0 0.0375 0
0 0.14375 0 0.0236111 0
0 0.871528 0 0.0236111 0
0 0.579861 0 0.0541667 0
0 0.327778 0 0.0222222 0
0 0.688194 0 0.0208333 0
0 0.460417 0 0.0375 0
0 0.14375 0 0.0236111 0
0 0.871528 0 0.0236111 0
0 0.580556 0 0.0555556 0
0 0.688194 0 0.0208333 0
0 0.327778 0 0.0222222 0
0 0.460417 0 0.0375 0
0 0.14375 0 0.0236111 0
0 0.871528 0 0.0236111 0
0 0.580556 0 0.0555556 0
0 0.327778 0 0.0222222 0
0 0.688194 0 0.0208333 0
0 0.460417 0 0.0375 0
0 0.14375 0 0.0236111 0
0 0.871528 0 0.0236111 0
0 0.579167 0 0.0527778 0
0 0.327778 0 0.0222222 0
0 0.688194 0 0.0208333 0
0 0.460417 0 0.0375 0
0 0.14375 0 0.0236111 0
0 0.871528 0 0.0236111 0
0 0.579861 0 0.0541667 0
0 0.327778 0 0.0222222 0
0 0.688194 0 0.0208333 0
0 0.460417 0 0.0375 0
0 0.14375 0 0.0236111 0
0 0.871528 0 0.0236111 0
0 0.580556 0 0.0555556 0
0 0.327778 0 0.0222222 0
0 0.688194 0 0.0208333 0
0 0.460417 0 0.0375 0
0 0.14375 0 0.0236111 0
0 0.871528 0 0.0236111 0
0 0.580556 0 0.0555556 0
0 0.327778 0 0.0222222 0
0 0.688194 0 0.0208333 0
0 0.460417 0 0.0375 0
0 0.14375 0 0.0236111 0
0 0.871528 0 0.0236111 0
0 0.579861 0 0.0541667 0
0 0.327778 0 0.0222222 0
0 0.688194 0 0.0208333 0
0 0.749306 0 0.00694444 0
0 0.460417 0 0.0375 0
0 0.14375 0 0.0236111 0
0 0.871528 0 0.0236111 0
0 0.579861 0 0.0541667 0
0 0.688194 0 0.0208333 0
0 0.327778 0 0.0222222 0
0 0.460417 0 0.0375 0
0 0.14375 0 0.0236111 0
0 0.871528 0 0.0236111 0
0 0.58125 0 0.0569444 0
0 0.688194 0 0.0208333 0
0 0.327778 0 0.0222222 0
0 0.460417 0 0.0375 0
0 0.14375 0 0.0236111 0
0 0.871528 0 0.0236111 0
0 0.579167 0 0.0527778 0
0 0.688194 0 0.0208333 0
0 0.327778 0 0.0222222 0
0 0.460417 0 0.0375 0
0 0.14375 0 0.0236111 0
0 0.871528 0 0.0236111 0
0 0.580556 0 0.0555556 0
0 0.327778 0 0.0222222 0
0 0.688194 0 0.0208333 0
0 0.460417 0 0.0375 0
0 0.14375 0 0.0236111 0
0 0.871528 0 0.0236111 0
0 0.58125 0 0.0569444 0
0 0.327778 0 0.0222222 0
0 0.688194 0 0.0208333 0
0 0.460417 0 0.0375 0
0 0.14375 0 0.0236111 0
0 0.871528 0 0.0236111 0
0 0.580556 0 0.0555556 0
0 0.688194 0 0.0208333 0
0 0.327778 0 0.0222222 0
0 0.460417 0 0.0375 0
0 0.14375 0 0.0236111 0
0 0.871528 0 0.0236111 0
0 0.580556 0 0.0555556 0
0 0.327778 0 0.0222222 0
0 0.688194 0 0.0208333 0
0 0.460417 0 0.0375 0
0 0.14375 0 0.0236111 0
0 0.871528 0 0.0236111 0
0 0.579861 0 0.0541667 0
0 0.688194 0 0.0208333 0
0 0.327778 0 0.0222222 0
0 0.460417 0 0.0375 0
0 0.14375 0 0.0236111 0
0 0.871528 0 0.0236111 0
0 0.579167 0 0.0527778 0
0 0.327778 0 0.0222222 0
0 0.688194 0 0.0208333 0
0 0.460417 0 0.0375 0
0 0.14375 0 0.0236111 0
0 0.871528 0 0.0236111 0
0 0.58125 0 0.0569444 0
0 0.327778 0 0.0222222 0
0 0.688194 0 0.0208333 0
0 0.460417 0 0.0375 0
0 0.14375 0 0.0236111 0
0 0.871528 0 0.0236111 0
0 0.579861 0 0.0541667 0
0 0.688194 0 0.0208333 0
0 0.327778 0 0.0222222 0
0 0.460417 0 0.0375 0
0 0.14375 0 0.0236111 0
0 0.871528 0 0.0236111 0
0 0.580556 0 0.0555556 0
0 0.327778 0 0.0222222 0
0 0.688194 0 0.0208333 0
0 0.460417 0 0.0375 0
0 0.14375 0 0.0236111 0
0 0.871528 0 0.0236111 0
0 0.580556 0 0.0555556 0
0 0.327778 0 0.0222222 0
0 0.688194 0 0.0208333 0
0 0.460417 0 0.0375 0
0 0.14375 0 0.0236111 0
0 0.871528 0 0.0236111 0
0 0.579861 0 0.0541667 0
0 0.688194 0 0.0208333 0
0 0.327778 0 0.0222222 0
0 0.460417 0 0.0375 0
0 0.14375 0 0.0236111 0
0 0.871528 0 0.0236111 0
0 0.580556 0 0.0555556 0
0 0.327778 0 0.0222222 0
0 0.688194 0 0.0208333 0
0 0.460417 0 0.0375 0
0 0.14375 0 0.0236111 0
0 0.871528 0 0.0236111 0
0 0.579861 0 0.0541667 0
0 0.327778 0 0.0222222 0
0 0.688194 0 0.0208333 0
0 0.460417 0 0.0375 0
0 0.14375 0 0.0236111 0
0 0.871528 0 0.0236111 0
0 0.580556 0 0.0555556 0
0 0.688194 0 0.0208333 0
0 0.327778 0 0.0222222 0
0 0.460417 0 0.0375 0
0 0.14375 0 0.0236111 0
0 0.871528 0 0.0236111 0
0 0.580556 0 0.0555556 0
0 0.327778 0 0.0222222 0
0 0.688194 0 0.0208333 0
0 0.460417 0 0.0375 0
0 0.14375 0 0.0236111 0
0 0.871528 0 0.0236111 0
0 0.579167 0 0.0527778 0
0 0.327778 0 0.0222222 0
0 0.688194 0 0.0208333 0
0 0.460417 0 0.0375 0
0 0.14375 0 0.0236111 0
0 0.871528 0 0.0236111 0
0 0.579861 0 0.0541667 0
0 0.327778 0 0.0222222 0
0 0.688194 0 0.0208333 0
0 0.460417 0 0.0375 0
0 0.14375 0 0.0236111 0
0 0.871528 0 0.0236111 0
0 0.579861 0 0.0541667 0
0 0.327778 0 0.0222222 0
0 0.688194 0 0.0208333 0
0 0.460417 0 0.0375 0
0 0.14375 0 0.0236111 0
0 0.871528 0 0.0236111 0
0 0.579861 0 0.0541667 0
0 0.688194 0 0.0208333 0
0 0.327778 0 0.0222222 0
0 0.460417 0 0.0375 0
0 0.14375 0 0.0236111 0
0 0.871528 0 0.0236111 0
0 0.579861 0 0.0541667 0
0 0.688194 0 0.0208333 0
0 0.327778 0 0.0222222 0
0 0.460417 0 0.0375 0
0 0.14375 0 0.0236111 0
0 0.871528 0 0.0236111 0
0 0.579167 0 0.0527778 0
0 0.327778 0 0.0222222 0
0 0.688194 0 0.0208333 0
0 0.460417 0 0.0375 0
0 0.14375 0 0.0236111 0
0 0.871528 0 0.0236111 0
0 0.580556 0 0.0555556 0
0 0.327778 0 0.0222222 0
0 0.688194 0 0.0208333 0
0 0.460417 0 0.0375 0
0 0.14375 0 0.0236111 0
0 0.871528 0 0.0236111 0
0 0.579861 0 0.0541667 0
0 0.327778 0 0.0222222 0
0 0.688194 0 0.0208333 0
0 0.460417 0 0.0375 0
0 0.14375 0 0.0236111 0
0 0.871528 0 0.0236111 0
0 0.580556 0 0.0555556 0
0 0.327778 0 0.0222222 0
0 0.688194 0 0.0208333 0
0 0.460417 0 0.0375 0
0 0.14375 0 0.0236111 0
0 0.871528 0 0.0236111 0
0 0.579861 0 0.0541667 0
0 0.327778 0 0.0222222 0
0 0.688194 0 0.0208333 0
0 0.460417 0 0.0375 0
0 0.14375 0 0.0236111 0
0 0.871528 0 0.0236111 0
0 0.580556 0 0.0555556 0
0 0.327778 0 0.0222222 0
0 0.688194 0 0.0208333 0
0 0.460417 0 0.0375 0
0 0.14375 0 0.0236111 0
0 0.871528 0 0.0236111 0
0 0.579167 0 0.0527778 0
0 0.327778 0 0.0222222 0
0 0.688194 0 0.0208333 0
0 0.460417 0 0.0375 0
0 0.14375 0 0.0236111 0
0 0.871528 0 0.0236111 0
0 0.579167 0 0.0527778 0
0 0.688194 0 0.0208333 0
0 0.327778 0 0.0222222 0
0 0.460417 0 0.0375 0
0 0.14375 0 0.0236111 0
0 0.871528 0 0.0236111 0
0 0.579167 0 0.0527778 0
0 0.327778 0 0.0222222 0
0 0.688194 0 0.0208333 0
0 0.460417 0 0.0375 0
0 0.14375 0 0.0236111 0
0 0.871528 0 0.0236111 0
0 0.579861 0 0.0541667 0
0 0.688194 0 0.0208333 0
0 0.327778 0 0.0222222 0
0 0.460417 0 0.0375 0
0 0.14375 0 0.0236111 0
0 0.871528 0 0.0236111 0
0 0.579861 0 0.0541667 0
0 0.327778 0 0.0222222 0
0 0.688194 0 0.0208333 0
0 0.460417 0 0.0375 0
0 0.14375 0 0.0236111 0
0 0.871528 0 0.0236111 0
0 0.580556 0 0.0555556 0
0 0.327778 0 0.0222222 0
0 0.688194 0 0.0208333 0
0 0.460417 0 0.0375 0
0 0.871528 0 0.0236111 0
0 0.14375 0 0.0236111 0
0 0.579167 0 0.0527778 0
0 0.688194 0 0.0208333 0
0 0.327778 0 0.0222222 0
0 0.238194 0 0.00972222 0
0 0.460417 0 0.0375 0
0 0.14375 0 0.0236111 0
0 0.871528 0 0.0236111 0
0 0.580556 0 0.0555556 0
0 0.327778 0 0.0222222 0
0 0.688194 0 0.0208333 0
0 0.460417 0 0.0375 0
0 0.14375 0 0.0236111 0
0 0.871528 0 0.0236111 0
0 0.580556 0 0.0555556 0
0 0.327778 0 0.0222222 0
0 0.688194 0 0.0208333 0
0 0.460417 0 0.0375 0
0 0.14375 0 0.0236111 0
0 0.871528 0 0.0236111 0
0 0.580556 0 0.0555556 0
0 0.327778 0 0.0222222 0
0 0.688194 0 0.0208333 0
0 0.460417 0 0.0375 0
0 0.14375 0 0.0236111 0
0 0.871528 0 0.0236111 0
0 0.580556 0 0.0555556 0
0 0.327778 0 0.0222222 0
0 0.688194 0 0.0208333 0
0 0.460417 0 0.0375 0
0 0.14375 0 0.0236111 0
0 0.871528 0 0.0236111 0
0 0.58125 0 0.0569444 0
0 0.688194 0 0.0208333 0
0 0.327778 0 0.0222222 0
0 0.460417 0 0.0375 0
0 0.14375 0 0.0236111 0
0 0.871528 0 0.0236111 0
0 0.579861 0 0.0541667 0
0 0.688194 0 0.0208333 0
0 0.327778 0 0.0222222 0
0 0.238889 0 0.00833333 0
0 0.460417 0 0.0375 0
0 0.14375 0 0.0236111 0
0 0.871528 0 0.0236111 0
0 0.580556 0 0.0555556 0
0 0.327778 0 0.0222222 0
0 0.688194 0 0.0208333 0
0 0.460417 0 0.0375 0
0 0.14375 0 0.0236111 0
0 0.871528 0 0.0236111 0
0 0.580556 0 0.0555556 0
0 0.688194 0 0.0208333 0
0 0.327778 0 0.0222222 0
0 0.460417 0 0.0375 0
0 0.14375 0 0.0236111 0
0 0.871528 0 0.0236111 0
0 0.58125 0 0.0569444 0
0 0.327778 0 0.0222222 0
0 0.688194 0 0.0208333 0
0 0.460417 0 0.0375 0
0 0.14375 0 0.0236111 0
0 0.871528 0 0.0236111 0
0 0.580556 0 0.0555556 0
0 0.688194 0 0.0208333 0
0 0.327778 0 0.0222222 0
0 0.460417 0 0.0375 0
0 0.14375 0 0.0236111 0
0 0.871528 0 0.0236111 0
0 0.580556 0 0.0555556 0
0 0.327778 0 0.0222222 0
0 0.688194 0 0.0208333 0
0 0.460417 0 0.0375 0
0 0.14375 0 0.0236111 0
0 0.871528 0 0.0236111 0
0 0.580556 0 0.0555556 0
0 0.688194 0 0.0208333 0
0 0.327778 0 0.0222222 0
0 0.460417 0 0.0375 0
0 0.14375 0 0.0236111 0
0 0.871528 0 0.0236111 0
0 0.580556 0 0.0555556 0
0 0.327778 0 0.0222222 0
0 0.688194 0 0.0208333 0
