0 0.574306 0 0.0208333 0
0 0.270833 0 0.0222222 0
0 0.565972 1 0.0819444 0
0 0.574306 0 0.0208333 0
0 0.270833 0 0.0222222 0
0 0.565972 1 0.0819444 0
0 0.573611 0 0.0222222 0
0 0.270833 0 0.0222222 0
0 0.565972 1 0.0819444 0
0 0.574306 0 0.0208333 0
0 0.270139 0 0.0208333 0
0 0.565972 1 0.0819444 0
0 0.574306 0 0.0208333 0
0 0.270833 0 0.0222222 0
0 0.565972 1 0.0819444 0
0 0.574306 0 0.0208333 0
0 0.270833 0 0.0222222 0
0 0.566667 1 0.0805556 0
0 0.573611 0 0.0194444 0
0 0.270833 0 0.0222222 0
0 0.566667 1 0.0805556 0
0 0.573611 0 0.0222222 0
0 0.270833 0 0.0222222 0
0 0.566667 1 0.0805556 0
0 0.574306 0 0.0208333 0
0 0.270833 0 0.0222222 0
0 0.566667 1 0.0805556 0
0 0.573611 0 0.0222222 0
0 0.270833 0 0.0222222 0
0 0.566667 1 0.0805556 0
0 0.573611 0 0.0222222 0
0 0.270833 0 0.0222222 0
0 0.566667 1 0.0805556 0
0 0.573611 0 0.0222222 0
0 0.270833 0 0.0222222 0
0 0.566667 1 0.0805556 0
0 0.574306 0 0.0208333 0
0 0.270139 0 0.0208333 0
0 0.566667 1 0.0805556 0
0 0.574306 0 0.0208333 0
0 0.270833 0 0.0222222 0
0 0.566667 1 0.0805556 0
0 0.574306 0 0.0208333 0
0 0.270833 0 0.0222222 0
0 0.566667 1 0.0805556 0
0 0.573611 0 0.0194444 0
0 0.270833 0 0.0222222 0
0 0.566667 1 0.0805556 0
0 0.573611 0 0.0194444 0
0 0.270833 0 0.0222222 0
0 0.566667 1 0.0805556 0
0 0.572917 0 0.0208333 0
0 0.270833 0 0.0222222 0
0 0.566667 1 0.0805556 0
0 0.574306 0 0.0208333 0
0 0.270833 0 0.0222222 0
0 0.566667 1 0.0805556 0
0 0.573611 0 0.0222222 0
0 0.270833 0 0.0222222 0
0 0.566667 1 0.0805556 0
0 0.574306 0 0.0208333 0
0 0.270833 0 0.0222222 0
0 0.566667 1 0.0805556 0
0 0.573611 0 0.0222222 0
0 0.270833 0 0.0222222 0
0 0.566667 1 0.0805556 0
0 0.574306 0 0.0208333 0
0 0.270833 0 0.0194444 0
0 0.566667 1 0.0805556 0
0 0.574306 0 0.0208333 0
0 0.270833 0 0.0222222 0
0 0.566667 1 0.0805556 0
0 0.574306 0 0.0208333 0
0 0.270833 0 0.0222222 0
0 0.566667 1 0.0805556 0
0 0.573611 0 0.0194444 0
0 0.270833 0 0.0222222 0
0 0.566667 1 0.0805556 0
0 0.573611 0 0.0194444 0
0 0.270833 0 0.0222222 0
0 0.566667 1 0.0805556 0
0 0.573611 0 0.0222222 0
0 0.270833 0 0.0222222 0
0 0.566667 1 0.0805556 0
0 0.574306 0 0.0208333 0
0 0.270833 0 0.0222222 0
0 0.566667 1 0.0805556 0
0 0.573611 0 0.0222222 0
0 0.270833 0 0.0222222 0
0 0.566667 1 0.0805556 0
0 0.574306 0 0.0208333 0
0 0.270833 0 0.0222222 0
0 0.566667 1 0.0805556 0
0 0.573611 0 0.0222222 0
0 0.270833 0 0.0222222 0
0 0.566667 1 0.0805556 0
0 0.574306 0 0.0208333 0
0 0.270139 0 0.0208333 0
0 0.566667 1 0.0805556 0
0 0.574306 0 0.0208333 0
0 0.270833 0 0.0222222 0
0 0.566667 1 0.0805556 0
0 0.574306 0 0.0208333 0
0 0.270833 0 0.0222222 0
0 0.566667 1 0.0805556 0
0 0.573611 0 0.0194444 0
0 0.270833 0 0.0222222 0
0 0.566667 1 0.0805556 0
0 0.573611 0 0.0194444 0
0 0.270833 0 0.0222222 0
0 0.566667 1 0.0805556 0
0 0.573611 0 0.0222222 0
0 0.270833 0 0.0222222 0
0 0.566667 1 0.0805556 0
0 0.574306 0 0.0208333 0
0 0.270833 0 0.0222222 0
0 0.566667 1 0.0805556 0
0 0.573611 0 0.0222222 0
0 0.270833 0 0.0222222 0
0 0.566667 1 0.0805556 0
0 0.574306 0 0.0208333 0
0 0.270833 0 0.0222222 0
0 0.566667 1 0.0805556 0
0 0.573611 0 0.0222222 0
0 0.270833 0 0.0222222 0
0 0.566667 1 0.0805556 0
0 0.574306 0 0.0208333 0
0 0.270139 0 0.0208333 0
0 0.566667 1 0.0805556 0
0 0.574306 0 0.0208333 0
0 0.270833 0 0.0222222 0
0 0.565972 1 0.0819444 0
0 0.574306 0 0.0208333 0
0 0.270833 0 0.0222222 0
0 0.565972 1 0.0819444 0
0 0.573611 0 0.0194444 0
0 0.270833 0 0.0222222 0
0 0.565972 1 0.0819444 0
0 0.573611 0 0.0194444 0
0 0.270833 0 0.0222222 0
0 0.565972 1 0.0819444 0
0 0.573611 0 0.0222222 0
0 0.270833 0 0.0222222 0
0 0.565972 1 0.0819444 0
0 0.574306 0 0.0208333 0
0 0.270833 0 0.0222222 0
0 0.565972 1 0.0819444 0
0 0.573611 0 0.0222222 0
0 0.270833 0 0.0222222 0
0 0.565972 1 0.0819444 0
0 0.574306 0 0.0208333 0
0 0.270833 0 0.0222222 0
0 0.565972 1 0.0819444 0
0 0.574306 0 0.0208333 0
0 0.270833 0 0.0222222 0
0 0.565972 1 0.0819444 0
0 0.574306 0 0.0208333 0
0 0.270833 0 0.0194444 0
0 0.565972 1 0.0819444 0
0 0.574306 0 0.0208333 0
0 0.270833 0 0.0222222 0
0 0.565972 1 0.0819444 0
0 0.574306 0 0.0208333 0
0 0.270833 0 0.0222222 0
0 0.565972 1 0.0819444 0
0 0.573611 0 0.0194444 0
0 0.270833 0 0.0222222 0
0 0.565972 1 0.0819444 0
0 0.573611 0 0.0222222 0
0 0.270833 0 0.0222222 0
0 0.565972 1 0.0819444 0
0 0.573611 0 0.0222222 0
0 0.270833 0 0.0222222 0
0 0.565972 1 0.0819444 0
0 0.574306 0 0.0208333 0
0 0.270833 0 0.0222222 0
0 0.565972 1 0.0819444 0
0 0.573611 0 0.0222222 0
0 0.270833 0 0.0222222 0
0 0.565972 1 0.0819444 0
0 0.574306 0 0.0208333 0
0 0.270833 0 0.0222222 0
0 0.565972 1 0.0819444 0
0 0.573611 0 0.0222222 0
0 0.270833 0 0.0222222 0
0 0.565972 1 0.0819444 0
0 0.574306 0 0.0208333 0
0 0.270139 0 0.0208333 0
0 0.565972 1 0.0819444 0
0 0.574306 0 0.0208333 0
0 0.270833 0 0.0222222 0
0 0.565972 1 0.0819444 0
0 0.574306 0 0.0208333 0
0 0.270833 0 0.0222222 0
0 0.565972 1 0.0819444 0
0 0.573611 0 0.0194444 0
0 0.270833 0 0.0222222 0
0 0.565972 1 0.0819444 0
0 0.573611 0 0.0222222 0
0 0.270833 0 0.0222222 0
0 0.565972 1 0.0819444 0
0 0.574306 0 0.0208333 0
0 0.270833 0 0.0222222 0
0 0.565972 1 0.0819444 0
0 0.573611 0 0.0222222 0
0 0.270833 0 0.0222222 0
0 0.566667 1 0.0805556 0
0 0.574306 0 0.0208333 0
0 0.270833 0 0.0222222 0
0 0.566667 1 0.0805556 0
0 0.573611 0 0.0222222 0
0 0.270833 0 0.0222222 0
0 0.566667 1 0.0805556 0
0 0.574306 0 0.0208333 0
0 0.270139 0 0.0208333 0
0 0.566667 1 0.0805556 0
0 0.574306 0 0.0208333 0
0 0.270139 0 0.0208333 0
0 0.566667 1 0.0805556 0
0 0.574306 0 0.0208333 0
0 0.270833 0 0.0222222 0
0 0.566667 1 0.0805556 0
0 0.574306 0 0.0208333 0
0 0.270833 0 0.0222222 0
0 0.566667 1 0.0805556 0
0 0.573611 0 0.0194444 0
0 0.270833 0 0.0222222 0
0 0.566667 1 0.0805556 0
0 0.573611 0 0.0222222 0
0 0.270833 0 0.0222222 0
0 0.566667 1 0.0805556 0
0 0.574306 0 0.0208333 0
0 0.270833 0 0.0222222 0
0 0.566667 1 0.0805556 0
0 0.573611 0 0.0222222 0
0 0.270833 0 0.0222222 0
0 0.566667 1 0.0805556 0
0 0.574306 0 0.0208333 0
0 0.270833 0 0.0222222 0
0 0.566667 1 0.0805556 0
0 0.574306 0 0.0208333 0
0 0.270833 0 0.0222222 0
0 0.566667 1 0.0805556 0
0 0.574306 0 0.0208333 0
0 0.270139 0 0.0208333 0
0 0.566667 1 0.0805556 0
0 0.574306 0 0.0208333 0
0 0.270833 0 0.0222222 0
0 0.566667 1 0.0805556 0
0 0.574306 0 0.0208333 0
0 0.270833 0 0.0222222 0
0 0.566667 1 0.0805556 0
0 0.574306 0 0.0208333 0
0 0.270833 0 0.0222222 0
0 0.565972 1 0.0819444 0
0 0.573611 0 0.0222222 0
0 0.270833 0 0.0222222 0
0 0.565972 1 0.0819444 0
0 0.574306 0 0.0208333 0
0 0.270833 0 0.0222222 0
0 0.566667 1 0.0805556 0
0 0.573611 0 0.0222222 0
0 0.270833 0 0.0222222 0
0 0.566667 1 0.0805556 0
0 0.574306 0 0.0208333 0
0 0.270833 0 0.0222222 0
0 0.566667 1 0.0805556 0
0 0.574306 0 0.0208333 0
0 0.270139 0 0.0208333 0
0 0.566667 1 0.0805556 0
0 0.574306 0 0.0208333 0
0 0.270833 0 0.0222222 0
0 0.566667 1 0.0805556 0
0 0.574306 0 0.0208333 0
0 0.270833 0 0.0222222 0
0 0.566667 1 0.0805556 0
0 0.574306 0 0.0208333 0
0 0.270833 0 0.0222222 0
0 0.565972 1 0.0819444 0
0 0.573611 0 0.0222222 0
0 0.270833 0 0.0222222 0
0 0.566667 1 0.0805556 0
0 0.575 0 0.0194444 0
0 0.565972 1 0.0819444 0
0 0.270833 0 0.0222222 0
0 0.575 0 0.0194444 0
0 0.270833 0 0.0222222 0
0 0.565972 1 0.0819444 0
0 0.488889 0 0.0388889 0
0 0.271528 0 0.0208333 0
0 0.566667 1 0.0805556 0
0 0.575694 0 0.0180556 0
0 0.488194 0 0.0402778 0
0 0.575694 0 0.0180556 0
0 0.271528 0 0.0236111 0
0 0.568056 1 0.0805556 0
0 0.4875 0 0.0388889 0
0 0.272222 0 0.0222222 0
0 0.576389 0 0.0166667 0
0 0.568056 1 0.0805556 0
0 0.4875 0 0.0388889 0
0 0.272222 0 0.0222222 0
0 0.576389 0 0.0166667 0
0 0.568056 1 0.0805556 0
0 0.4875 0 0.0388889 0
0 0.272917 0 0.0208333 0
0 0.576389 0 0.0166667 0
0 0.567361 1 0.0791667 0
0 0.577083 0 0.0180556 0
0 0.272222 0 0.0222222 0
0 0.567361 1 0.0791667 0
0 0.488889 0 0.0388889 0
0 0.577083 0 0.0180556 0
0 0.272222 0 0.0222222 0
0 0.567361 1 0.0763889 0
0 0.272917 0 0.0208333 0
0 0.565972 1 0.0763889 0
0 0.577083 0 0.0180556 0
0 0.488889 0 0.0388889 0
0 0.566667 1 0.075 0
0 0.272222 0 0.0222222 0
0 0.577083 0 0.0180556 0
0 0.566667 1 0.075 0
0 0.577778 0 0.0194444 0
0 0.272917 0 0.0208333 0
0 0.488889 0 0.0388889 0
0 0.577778 0 0.0194444 0
0 0.565972 1 0.0708333 0
0 0.272917 0 0.0208333 0
0 0.488889 0 0.0388889 0
0 0.577778 0 0.0194444 0
0 0.565972 1 0.0708333 0
0 0.272917 0 0.0208333 0
0 0.488889 0 0.0388889 0
0 0.577778 0 0.0194444 0
0 0.565972 1 0.0736111 0
0 0.272917 0 0.0208333 0
0 0.566667 1 0.0777778 0
0 0.577778 0 0.0194444 0
0 0.272917 0 0.0208333 0
0 0.63125 0 0.00694444 0
0 0.714583 0 0.0180556 0
0 0.488889 0 0.0388889 0
0 0.565972 1 0.0708333 0
0 0.577778 0 0.0194444 0
0 0.273611 0 0.0194444 0
0 0.565972 1 0.0763889 0
0 0.577778 0 0.0194444 0
0 0.272917 0 0.0208333 0
0 0.565972 1 0.0736111 0
0 0.488889 0 0.0388889 0
0 0.577083 0 0.0180556 0
0 0.272917 0 0.0208333 0
0 0.565278 1 0.0722222 0
0 0.577778 0 0.0194444 0
0 0.272917 0 0.0208333 0
0 0.565278 1 0.0694444 0
0 0.488889 0 0.0388889 0
0 0.577778 0 0.0194444 0
0 0.272917 0 0.0208333 0
0 0.564583 1 0.0680556 0
0 0.272917 0 0.0208333 0
0 0.577778 0 0.0194444 0
0 0.564583 1 0.0680556 0
0 0.272917 0 0.0208333 0
0 0.577778 0 0.0194444 0
0 0.564583 1 0.0680556 0
0 0.272222 0 0.0222222 0
0 0.577778 0 0.0194444 0
0 0.5625 1 0.0722222 0
0 0.577083 0 0.0180556 0
0 0.272917 0 0.0208333 0
0 0.5625 1 0.0722222 0
0 0.577083 0 0.0180556 0
0 0.271528 0 0.0208333 0
0 0.561806 1 0.0708333 0
0 0.577083 0 0.0180556 0
0 0.271528 0 0.0208333 0
0 0.561806 1 0.0708333 0
0 0.577083 0 0.0180556 0
0 0.271528 0 0.0208333 0
0 0.576389 0 0.0194444 0
0 0.560417 1 0.0736111 0
0 0.270833 0 0.0222222 0
0 0.561111 1 0.0694444 0
0 0.577083 0 0.0180556 0
0 0.271528 0 0.0208333 0
0 0.560417 1 0.0708333 0
0 0.576389 0 0.0194444 0
0 0.270833 0 0.0222222 0
0 0.4875 0 0.0388889 0
0 0.577083 0 0.0180556 0
0 0.270833 0 0.0222222 0
0 0.577083 0 0.0180556 0
0 0.270833 0 0.0222222 0
0 0.577083 0 0.0180556 0
0 0.270833 0 0.0222222 0
0 0.576389 0 0.0166667 0
0 0.270833 0 0.0222222 0
0 0.270833 0 0.0222222 0
0 0.576389 0 0.0166667 0
0 0.270833 0 0.0222222 0
0 0.576389 0 0.0166667 0
0 0.575694 0 0.0180556 0
0 0.270833 0 0.0222222 0
0 0.270833 0 0.0222222 0
0 0.576389 0 0.0166667 0
0 0.575694 0 0.0180556 0
0 0.270833 0 0.0222222 0
0 0.270833 0 0.0222222 0
0 0.576389 0 0.0166667 0
0 0.270833 0 0.0222222 0
0 0.577083 0 0.0180556 0
0 0.270833 0 0.0222222 0
0 0.576389 0 0.0166667 0
0 0.576389 0 0.0166667 0
0 0.270833 0 0.0222222 0
0 0.4875 0 0.0388889 0
0 0.576389 0 0.0166667 0
0 0.270833 0 0.0222222 0
0 0.577083 0 0.0180556 0
0 0.270833 0 0.0222222 0
0 0.576389 0 0.0194444 0
0 0.270833 0 0.0222222 0
0 0.270833 0 0.0222222 0
0 0.577083 0 0.0180556 0
0 0.577083 0 0.0180556 0
0 0.270139 0 0.0208333 0
0 0.488889 0 0.0388889 0
0 0.577083 0 0.0180556 0
0 0.270139 0 0.0208333 0
0 0.270139 0 0.0208333 0
0 0.577083 0 0.0180556 0
0 0.488194 0 0.0375 0
0 0.577083 0 0.0180556 0
0 0.270833 0 0.0222222 0
0 0.577778 0 0.0194444 0
0 0.270833 0 0.0222222 0
0 0.488194 0 0.0402778 0
0 0.270833 0 0.0222222 0
0 0.577778 0 0.0194444 0
0 0.270833 0 0.0222222 0
0 0.577778 0 0.0194444 0
0 0.270833 0 0.0222222 0
0 0.577083 0 0.0208333 0
0 0.270833 0 0.0222222 0
0 0.577778 0 0.0194444 0
0 0.270833 0 0.0222222 0
0 0.577778 0 0.0194444 0
0 0.270833 0 0.0222222 0
0 0.577778 0 0.0194444 0
0 0.270833 0 0.0222222 0
0 0.488889 0 0.0388889 0
0 0.577778 0 0.0194444 0
0 0.270833 0 0.0222222 0
0 0.577083 0 0.0180556 0
0 0.270833 0 0.0222222 0
0 0.488889 0 0.0388889 0
0 0.577083 0 0.0180556 0
0 0.270833 0 0.0222222 0
0 0.577083 0 0.0180556 0
0 0.270833 0 0.0222222 0
0 0.577083 0 0.0180556 0
0 0.270833 0 0.0222222 0
0 0.488889 0 0.0388889 0
0 0.577083 0 0.0180556 0
0 0.270833 0 0.0222222 0
0 0.577083 0 0.0180556 0
0 0.270833 0 0.0222222 0
0 0.577083 0 0.0180556 0
0 0.270833 0 0.0222222 0
0 0.577083 0 0.0180556 0
0 0.270833 0 0.0222222 0
0 0.577083 0 0.0180556 0
0 0.270833 0 0.0222222 0
0 0.270139 0 0.0208333 0
0 0.577083 0 0.0180556 0
0 0.270833 0 0.0222222 0
0 0.577083 0 0.0180556 0
0 0.270833 0 0.0222222 0
0 0.577083 0 0.0180556 0
0 0.270833 0 0.0222222 0
0 0.576389 0 0.0166667 0
0 0.270833 0 0.0222222 0
0 0.577083 0 0.0180556 0
0 0.270833 0 0.0222222 0
0 0.576389 0 0.0166667 0
0 0.270139 0 0.0208333 0
0 0.577083 0 0.0180556 0
0 0.270139 0 0.0208333 0
0 0.577083 0 0.0180556 0
0 0.270139 0 0.0208333 0
0 0.577083 0 0.0180556 0
0 0.270139 0 0.0236111 0
0 0.577083 0 0.0180556 0
0 0.270139 0 0.0236111 0
0 0.577083 0 0.0180556 0
0 0.269444 0 0.0222222 0
0 0.577083 0 0.0180556 0
0 0.269444 0 0.0222222 0
0 0.577083 0 0.0180556 0
0 0.269444 0 0.0222222 0
0 0.577083 0 0.0180556 0
0 0.577778 0 0.0194444 0
0 0.270139 0 0.0236111 0
0 0.577778 0 0.0194444 0
0 0.269444 0 0.025 0
0 0.577778 0 0.0194444 0
0 0.186111 0 0.00555556 0
0 0.269444 0 0.0222222 0
0 0.578472 0 0.0208333 0
0 0.270139 0 0.0236111 0
0 0.579167 0 0.0194444 0
0 0.269444 0 0.0222222 0
0 0.579861 0 0.0180556 0
0 0.580556 0 0.0194444 0
0 0.269444 0 0.0222222 0
0 0.720139 0 0.0180556 0
0 0.582639 0 0.0208333 0
0 0.270139 0 0.0208333 0
0 0.581944 0 0.0222222 0
0 0.270139 0 0.0208333 0
0 0.582639 0 0.0208333 0
0 0.270139 0 0.0208333 0
0 0.583333 0 0.0194444 0
0 0.269444 0 0.0222222 0
0 0.269444 0 0.0222222 0
0 0.583333 0 0.0194444 0
0 0.1875 0 0.00555556 0
0 0.269444 0 0.0222222 0
0 0.584028 0 0.0208333 0
0 0.270139 0 0.0208333 0
0 0.584722 0 0.0194444 0
0 0.585417 0 0.0208333 0
0 0.270139 0 0.0208333 0
0 0.586111 0 0.0194444 0
0 0.269444 0 0.0222222 0
0 0.586806 0 0.0180556 0
0 0.270139 0 0.0208333 0
0 0.5875 0 0.0194444 0
0 0.270139 0 0.0208333 0
0 0.497222 0 0.0416667 0
0 0.588889 0 0.0194444 0
0 0.270139 0 0.0208333 0
0 0.590278 0 0.0222222 0
0 0.269444 0 0.0222222 0
0 0.269444 0 0.0222222 0
0 0.590972 0 0.0208333 0
0 0.499306 0 0.0430556 0
0 0.592361 0 0.0208333 0
0 0.269444 0 0.0222222 0
0 0.498611 0 0.0416667 0
0 0.593056 0 0.0194444 0
0 0.269444 0 0.0222222 0
0 0.59375 0 0.0180556 0
0 0.26875 0 0.0208333 0
0 0.501389 0 0.0416667 0
0 0.594444 0 0.0222222 0
0 0.26875 0 0.0236111 0
0 0.742361 0 0.0180556 0
0 0.26875 0 0.0236111 0
0 0.595833 0 0.0222222 0
0 0.502083 0 0.0402778 0
0 0.26875 0 0.0236111 0
0 0.595833 0 0.0222222 0
0 0.502778 0 0.0416667 0
0 0.268056 0 0.0222222 0
0 0.596528 0 0.0208333 0
0 0.746528 0 0.0208333 0
0 0.267361 0 0.0236111 0
0 0.597917 0 0.0208333 0
0 0.504167 0 0.0416667 0
0 0.267361 0 0.0236111 0
0 0.598611 0 0.0222222 0
0 0.503472 0 0.0430556 0
0 0.599306 0 0.0208333 0
0 0.265972 0 0.0236111 0
0 0.504861 0 0.0430556 0
0 0.265278 0 0.025 0
0 0.6 0 0.0166667 0
0 0.753472 0 0.0208333 0
0 0.50625 0 0.0430556 0
0 0.264583 0 0.0236111 0
0 0.602083 0 0.0208333 0
0 0.753472 0 0.0208333 0
0 0.264583 0 0.0236111 0
0 0.505556 0 0.0388889 0
0 0.602083 0 0.0208333 0
0 0.754861 0 0.0208333 0
0 0.507639 0 0.0430556 0
0 0.263194 0 0.0263889 0
0 0.602778 0 0.0194444 0
0 0.75625 0 0.0208333 0
0 0.50625 0 0.0430556 0
0 0.263889 0 0.025 0
0 0.603472 0 0.0208333 0
0 0.263194 0 0.0263889 0
0 0.50625 0 0.0430556 0
0 0.604167 0 0.0222222 0
0 0.759028 0 0.0208333 0
0 0.506944 0 0.0444444 0
0 0.604167 0 0.0222222 0
0 0.759722 0 0.0194444 0
0 0.604167 0 0.0222222 0
0 0.508333 0 0.0444444 0
0 0.759028 0 0.0208333 0
0 0.604861 0 0.0208333 0
0 0.508333 0 0.0444444 0
0 0.605556 0 0.0222222 0
0 0.374306 0 0.0458333 0
0 0.508333 0 0.0472222 0
0 0.60625 0 0.0208333 0
0 0.761806 0 0.0208333 0
0 0.507639 0 0.0486111 0
0 0.372222 0 0.0444444 0
0 0.60625 0 0.0236111 0
0 0.508333 0 0.0472222 0
0 0.606944 0 0.0222222 0
0 0.371528 0 0.0458333 0
0 0.509028 0 0.0458333 0
0 0.606944 0 0.0222222 0
0 0.606944 0 0.0222222 0
0 0.510417 0 0.0458333 0
0 0.606944 0 0.0222222 0
0 0.509028 0 0.0486111 0
0 0.509722 0 0.0472222 0
0 0.510417 0 0.0486111 0
0 0.510417 0 0.0486111 0
0 0.509722 0 0.05 0
0 0.509722 0 0.0472222 0
0 0.509722 0 0.05 0
0 0.509722 0 0.05 0
0 0.510417 0 0.0486111 0
0 0.511111 0 0.0472222 0
0 0.511806 0 0.0458333 0
0 0.511806 0 0.0486111 0
0 0.511111 0 0.0472222 0
0 0.511111 0 0.0444444 0
0 0.510417 0 0.0458333 0
0 0.433333 0 0.075 0
0 0.434722 0 0.0888889 0
0 0.436111 0 0.0888889 0
0 0.485417 0 0.0375 0
0 0.433333 0 0.0833333 0
0 0.435417 0 0.0847222 0
0 0.435417 0 0.0819444 0
0 0.434722 0 0.0833333 0
0 0.431944 0 0.0861111 0
0 0.431944 0 0.0861111 0
0 0.431944 0 0.0888889 0
0 0.436111 0 0.0861111 0
0 0.434722 0 0.0916667 0
0 0.434722 0 0.0916667 0
0 0.434028 0 0.0902778 0
0 0.434722 0 0.0916667 0
0 0.436111 0 0.0916667 0
0 0.436111 0 0.0916667 0
0 0.433333 0 0.0916667 0
0 0.434722 0 0.0944444 0
0 0.433333 0 0.0944444 0
0 0.432639 0 0.0986111 0
0 0.434722 0 0.0972222 0
0 0.434028 0 0.0986111 0
0 0.430556 0 0.0972222 0
0 0.43125 0 0.0958333 0
0 0.43125 0 0.0930556 0
0 0.431944 0 0.0916667 0
0 0.432639 0 0.0986111 0
0 0.434028 0 0.0958333 0
0 0.431944 0 0.0944444 0
0 0.435417 0 0.0958333 0
0 0.43125 0 0.0930556 0
0 0.43125 0 0.0930556 0
0 0.43125 0 0.0930556 0
0 0.43125 0 0.0930556 0
0 0.43125 0 0.0930556 0
0 0.430556 0 0.0944444 0
0 0.430556 0 0.0944444 0
0 0.430556 0 0.0944444 0
0 0.430556 0 0.0944444 0
0 0.43125 0 0.0930556 0
0 0.469444 0 0.0222222 0
0 0.469444 0 0.0222222 0
0 0.46875 0 0.0208333 0
0 0.466667 0 0.0222222 0
0 0.465278 0 0.0222222 0
0 0.463194 0 0.0208333 0
0 0.461111 0 0.0222222 0
0 0.459722 0 0.0222222 0
0 0.457639 0 0.0208333 0
0 0.454861 0 0.0236111 0
0 0.454861 0 0.0236111 0
0 0.454861 0 0.0236111 0
0 0.454861 0 0.0236111 0
0 0.454167 0 0.0222222 0
0 0.452778 0 0.0222222 0
0 0.452083 0 0.0208333 0
0 0.449306 0 0.0208333 0
0 0.449306 0 0.0208333 0
0 0.447222 0 0.0222222 0
0 0.445833 0 0.0222222 0
0 0.445139 0 0.0208333 0
0 0.443056 0 0.0222222 0
0 0.441667 0 0.0222222 0
0 0.441667 0 0.0222222 0
0 0.441667 0 0.0222222 0
0 0.440278 0 0.0222222 0
0 0.440278 0 0.0222222 0
0 0.438194 0 0.0208333 0
0 0.436806 0 0.0208333 0
0 0.435417 0 0.0208333 0
0 0.434028 0 0.0208333 0
0 0.432639 0 0.0208333 0
0 0.432639 0 0.0208333 0
0 0.432639 0 0.0208333 0
0 0.432639 0 0.0208333 0
0 0.432639 0 0.0208333 0
0 0.43125 0 0.0208333 0
0 0.430556 0 0.0222222 0
0 0.429167 0 0.0222222 0
0 0.427778 0 0.0222222 0
0 0.427083 0 0.0208333 0
0 0.425694 0 0.0208333 0
0 0.423611 0 0.0222222 0
0 0.422222 0 0.0222222 0
0 0.422222 0 0.0222222 0
0 0.421528 0 0.0208333 0
0 0.420833 0 0.0222222 0
0 0.418056 0 0.0222222 0
0 0.415278 0 0.0222222 0
0 0.414583 0 0.0208333 0
0 0.411806 0 0.0208333 0
0 0.409722 0 0.0222222 0
0 0.409722 0 0.0222222 0
0 0.409722 0 0.0222222 0
0 0.409722 0 0.0222222 0
0 0.409722 0 0.0222222 0
0 0.411111 0 0.0222222 0
0 0.4125 0 0.0222222 0
0 0.415278 0 0.0222222 0
0 0.418056 0 0.0222222 0
0 0.419444 0 0.0222222 0
0 0.419444 0 0.0222222 0
0 0.419444 0 0.0222222 0
0 0.419444 0 0.0222222 0
0 0.419444 0 0.0222222 0
0 0.419444 0 0.0222222 0
0 0.419444 0 0.0222222 0
0 0.419444 0 0.0222222 0
0 0.419444 0 0.0222222 0
0 0.419444 0 0.0222222 0
0 0.419444 0 0.0222222 0
0 0.419444 0 0.0222222 0
0 0.419444 0 0.0222222 0
0 0.419444 0 0.0222222 0
0 0.419444 0 0.0222222 0
0 0.419444 0 0.0222222 0
0 0.419444 0 0.0222222 0
0 0.419444 0 0.0222222 0
0 0.419444 0 0.0222222 0
0 0.419444 0 0.0222222 0
0 0.419444 0 0.0222222 0
0 0.419444 0 0.0222222 0
0 0.419444 0 0.0222222 0
0 0.419444 0 0.0222222 0
0 0.419444 0 0.0222222 0
0 0.419444 0 0.0222222 0
0 0.419444 0 0.0222222 0
0 0.419444 0 0.0222222 0
0 0.419444 0 0.0222222 0
0 0.419444 0 0.0222222 0
0 0.419444 0 0.0222222 0
0 0.419444 0 0.0222222 0
0 0.419444 0 0.0222222 0
0 0.419444 0 0.0222222 0
0 0.419444 0 0.0222222 0
0 0.419444 0 0.0222222 0
0 0.419444 0 0.0222222 0
0 0.419444 0 0.0222222 0
0 0.419444 0 0.0222222 0
0 0.419444 0 0.0222222 0
0 0.419444 0 0.0222222 0
0 0.419444 0 0.0222222 0
0 0.419444 0 0.0222222 0
0 0.419444 0 0.0222222 0
0 0.419444 0 0.0222222 0
0 0.419444 0 0.0222222 0
0 0.419444 0 0.0222222 0
0 0.419444 0 0.0222222 0
0 0.419444 0 0.0222222 0
0 0.419444 0 0.0222222 0
0 0.419444 0 0.0222222 0
0 0.419444 0 0.0222222 0
0 0.419444 0 0.0222222 0
0 0.419444 0 0.0222222 0
0 0.419444 0 0.0222222 0
0 0.419444 0 0.0222222 0
0 0.419444 0 0.0222222 0
0 0.419444 0 0.0222222 0
0 0.419444 0 0.0222222 0
0 0.419444 0 0.0222222 0
0 0.419444 0 0.0222222 0
0 0.419444 0 0.0222222 0
0 0.419444 0 0.0222222 0
0 0.419444 0 0.0222222 0
0 0.419444 0 0.0222222 0
0 0.419444 0 0.0222222 0
0 0.419444 0 0.0222222 0
0 0.419444 0 0.0222222 0
0 0.419444 0 0.0222222 0
0 0.419444 0 0.0222222 0
0 0.419444 0 0.0222222 0
0 0.419444 0 0.0222222 0
0 0.419444 0 0.0222222 0
0 0.419444 0 0.0222222 0
0 0.419444 0 0.0222222 0
0 0.419444 0 0.0222222 0
0 0.419444 0 0.0222222 0
0 0.419444 0 0.0222222 0
0 0.419444 0 0.0222222 0
0 0.419444 0 0.0222222 0
0 0.419444 0 0.0222222 0
0 0.419444 0 0.0222222 0
0 0.419444 0 0.0222222 0
0 0.419444 0 0.0222222 0
0 0.419444 0 0.0222222 0
0 0.419444 0 0.0222222 0
0 0.419444 0 0.0222222 0
0 0.419444 0 0.0222222 0
0 0.419444 0 0.0222222 0
0 0.419444 0 0.0222222 0
0 0.419444 0 0.0222222 0
0 0.419444 0 0.0222222 0
0 0.419444 0 0.0222222 0
0 0.419444 0 0.0222222 0
0 0.419444 0 0.0222222 0
0 0.419444 0 0.0222222 0
0 0.419444 0 0.0222222 0
0 0.419444 0 0.0222222 0
0 0.419444 0 0.0222222 0
0 0.419444 0 0.0222222 0
0 0.419444 0 0.0222222 0
0 0.419444 0 0.0222222 0
0 0.419444 0 0.0222222 0
0 0.419444 0 0.0222222 0
0 0.419444 0 0.0222222 0
0 0.419444 0 0.0222222 0
0 0.419444 0 0.0222222 0
0 0.419444 0 0.0222222 0
0 0.419444 0 0.0222222 0
0 0.419444 0 0.0222222 0
0 0.419444 0 0.0222222 0
0 0.419444 0 0.0222222 0
0 0.419444 0 0.0222222 0
0 0.419444 0 0.0222222 0
0 0.419444 0 0.0222222 0
0 0.419444 0 0.0222222 0
0 0.419444 0 0.0222222 0
0 0.419444 0 0.0222222 0
0 0.419444 0 0.0222222 0
0 0.419444 0 0.0222222 0
0 0.419444 0 0.0222222 0
0 0.419444 0 0.0222222 0
0 0.419444 0 0.0222222 0
0 0.419444 0 0.0222222 0
0 0.419444 0 0.0222222 0
0 0.419444 0 0.0222222 0
0 0.419444 0 0.0222222 0
0 0.419444 0 0.0222222 0
0 0.419444 0 0.0222222 0
0 0.419444 0 0.0222222 0
0 0.419444 0 0.0222222 0
0 0.419444 0 0.0222222 0
0 0.419444 0 0.0222222 0
0 0.419444 0 0.0222222 0
0 0.419444 0 0.0222222 0
0 0.419444 0 0.0222222 0
0 0.419444 0 0.0222222 0
0 0.419444 0 0.0222222 0
0 0.419444 0 0.0222222 0
0 0.419444 0 0.0222222 0
0 0.419444 0 0.0222222 0
0 0.419444 0 0.0222222 0
0 0.419444 0 0.0222222 0
0 0.419444 0 0.0222222 0
0 0.419444 0 0.0222222 0
0 0.419444 0 0.0222222 0
0 0.419444 0 0.0222222 0
0 0.419444 0 0.0222222 0
0 0.419444 0 0.0222222 0
0 0.419444 0 0.0222222 0
0 0.419444 0 0.0222222 0
0 0.419444 0 0.0222222 0
0 0.419444 0 0.0222222 0
0 0.419444 0 0.0222222 0
0 0.419444 0 0.0222222 0
0 0.419444 0 0.0222222 0
0 0.419444 0 0.0222222 0
0 0.419444 0 0.0222222 0
0 0.419444 0 0.0222222 0
0 0.419444 0 0.0222222 0
0 0.419444 0 0.0222222 0
0 0.419444 0 0.0222222 0
0 0.419444 0 0.0222222 0
0 0.419444 0 0.0222222 0
0 0.419444 0 0.0222222 0
0 0.419444 0 0.0222222 0
0 0.419444 0 0.0222222 0
0 0.419444 0 0.0222222 0
0 0.419444 0 0.0222222 0
0 0.419444 0 0.0222222 0
0 0.419444 0 0.0222222 0
0 0.419444 0 0.0222222 0
0 0.419444 0 0.0222222 0
0 0.419444 0 0.0222222 0
0 0.419444 0 0.0222222 0
0 0.419444 0 0.0222222 0
0 0.419444 0 0.0222222 0
0 0.419444 0 0.0222222 0
0 0.419444 0 0.0222222 0
0 0.419444 0 0.0222222 0
0 0.419444 0 0.0222222 0
0 0.419444 0 0.0222222 0
0 0.419444 0 0.0222222 0
0 0.419444 0 0.0222222 0
0 0.419444 0 0.0222222 0
0 0.419444 0 0.0222222 0
0 0.419444 0 0.0222222 0
0 0.419444 0 0.0222222 0
0 0.419444 0 0.0222222 0
0 0.419444 0 0.0222222 0
0 0.419444 0 0.0222222 0
0 0.419444 0 0.0222222 0
0 0.419444 0 0.0222222 0
0 0.419444 0 0.0222222 0
0 0.419444 0 0.0222222 0
0 0.419444 0 0.0222222 0
0 0.419444 0 0.0222222 0
0 0.419444 0 0.0222222 0
0 0.419444 0 0.0222222 0
0 0.419444 0 0.0222222 0
0 0.419444 0 0.0222222 0
0 0.419444 0 0.0222222 0
0 0.419444 0 0.0222222 0
0 0.419444 0 0.0222222 0
0 0.419444 0 0.0222222 0
0 0.419444 0 0.0222222 0
0 0.419444 0 0.0222222 0
0 0.419444 0 0.0222222 0
0 0.419444 0 0.0222222 0
0 0.419444 0 0.0222222 0
0 0.419444 0 0.0222222 0
0 0.419444 0 0.0222222 0
0 0.419444 0 0.0222222 0
0 0.419444 0 0.0222222 0
0 0.419444 0 0.0222222 0
0 0.419444 0 0.0222222 0
0 0.419444 0 0.0222222 0
0 0.419444 0 0.0222222 0
0 0.419444 0 0.0222222 0
0 0.419444 0 0.0222222 0
0 0.419444 0 0.0222222 0
0 0.419444 0 0.0222222 0
0 0.419444 0 0.0222222 0
0 0.419444 0 0.0222222 0
0 0.419444 0 0.0222222 0
0 0.419444 0 0.0222222 0
0 0.419444 0 0.0222222 0
0 0.419444 0 0.0222222 0
0 0.419444 0 0.0222222 0
0 0.419444 0 0.0222222 0
0 0.419444 0 0.0222222 0
0 0.419444 0 0.0222222 0
0 0.419444 0 0.0222222 0
0 0.419444 0 0.0222222 0
0 0.419444 0 0.0222222 0
