0 0.642361 0 0.0180556 0
0 0.520833 1 0.0722222 0
0 0.643056 0 0.0166667 0
0 0.520833 1 0.0722222 0
0 0.642361 0 0.0180556 0
0 0.520833 1 0.075 0
0 0.642361 0 0.0180556 0
0 0.520833 1 0.075 0
0 0.642361 0 0.0180556 0
0 0.520833 1 0.075 0
0 0.643056 0 0.0166667 0
0 0.520833 1 0.075 0
0 0.642361 0 0.0180556 0
0 0.520833 1 0.075 0
0 0.643056 0 0.0166667 0
0 0.520833 1 0.075 0
0 0.64375 0 0.0180556 0
0 0.521528 1 0.0736111 0
0 0.786806 0 0.0180556 0
0 0.643056 0 0.0194444 0
0 0.521528 1 0.0736111 0
0 0.643056 0 0.0194444 0
0 0.521528 1 0.0736111 0
0 0.643056 0 0.0166667 0
0 0.521528 1 0.0736111 0
0 0.786806 0 0.0180556 0
0 0.643056 0 0.0194444 0
0 0.521528 1 0.0736111 0
0 0.64375 0 0.0180556 0
0 0.522222 1 0.0722222 0
0 0.643056 0 0.0194444 0
0 0.522222 1 0.0722222 0
0 0.64375 0 0.0180556 0
0 0.522222 1 0.0722222 0
0 0.64375 0 0.0180556 0
0 0.522222 1 0.0722222 0
0 0.643056 0 0.0194444 0
0 0.522222 1 0.0722222 0
0 0.643056 0 0.0194444 0
0 0.522917 1 0.0708333 0
0 0.522222 1 0.0722222 0
0 0.522222 1 0.0722222 0
0 0.361111 0 0.0194444 0
0 0.522222 1 0.0722222 0
0 0.64375 0 0.0180556 0
0 0.522222 1 0.0722222 0
0 0.522222 1 0.0722222 0
0 0.522917 1 0.0708333 0
0 0.643056 0 0.0194444 0
0 0.523611 1 0.0722222 0
0 0.550694 0 0.0486111 0
0 0.64375 0 0.0180556 0
0 0.523611 1 0.0722222 0
0 0.64375 0 0.0180556 0
0 0.523611 1 0.0722222 0
0 0.64375 0 0.0180556 0
0 0.523611 1 0.0722222 0
0 0.64375 0 0.0180556 0
0 0.524306 1 0.0708333 0
0 0.644444 0 0.0194444 0
0 0.525 1 0.0694444 0
0 0.645139 0 0.0180556 0
0 0.525 1 0.0694444 0
0 0.361806 0 0.0180556 0
0 0.644444 0 0.0194444 0
0 0.525 1 0.0694444 0
0 0.644444 0 0.0194444 0
0 0.524306 1 0.0708333 0
0 0.644444 0 0.0194444 0
0 0.524306 1 0.0708333 0
0 0.789583 0 0.0180556 0
0 0.644444 0 0.0194444 0
0 0.525694 1 0.0680556 0
0 0.789583 0 0.0180556 0
0 0.645139 0 0.0180556 0
0 0.525694 1 0.0680556 0
0 0.789583 0 0.0180556 0
0 0.645139 0 0.0180556 0
0 0.525694 1 0.0680556 0
0 0.789583 0 0.0180556 0
0 0.645139 0 0.0180556 0
0 0.525694 1 0.0680556 0
0 0.361806 0 0.0180556 0
0 0.789583 0 0.0180556 0
0 0.645139 0 0.0180556 0
0 0.526389 1 0.0694444 0
0 0.361806 0 0.0180556 0
0 0.789583 0 0.0180556 0
0 0.645139 0 0.0180556 0
0 0.526389 1 0.0694444 0
0 0.789583 0 0.0180556 0
0 0.644444 0 0.0166667 0
0 0.525694 1 0.0708333 0
0 0.789583 0 0.0180556 0
0 0.645139 0 0.0180556 0
0 0.525694 1 0.0708333 0
0 0.3625 0 0.0166667 0
0 0.789583 0 0.0180556 0
0 0.645139 0 0.0180556 0
0 0.525694 1 0.0708333 0
0 0.789583 0 0.0180556 0
0 0.645139 0 0.0180556 0
0 0.525694 1 0.0708333 0
0 0.790278 0 0.0194444 0
0 0.645139 0 0.0180556 0
0 0.527083 1 0.0708333 0
0 0.363194 0 0.0180556 0
0 0.790278 0 0.0194444 0
0 0.645833 0 0.0194444 0
0 0.527083 1 0.0736111 0
0 0.790278 0 0.0194444 0
0 0.3625 0 0.0166667 0
0 0.645139 0 0.0180556 0
0 0.527778 1 0.0722222 0
0 0.790278 0 0.0194444 0
0 0.363194 0 0.0180556 0
0 0.645139 0 0.0180556 0
0 0.527778 1 0.0722222 0
0 0.790278 0 0.0194444 0
0 0.363194 0 0.0180556 0
0 0.645139 0 0.0180556 0
0 0.527778 1 0.0722222 0
0 0.465972 0 0.0319444 0
0 0.3625 0 0.0166667 0
0 0.790278 0 0.0194444 0
0 0.645139 0 0.0180556 0
0 0.527778 1 0.0722222 0
0 0.552778 0 0.05 0
0 0.789583 0 0.0180556 0
0 0.363194 0 0.0180556 0
0 0.645833 0 0.0194444 0
0 0.528472 1 0.0763889 0
0 0.789583 0 0.0180556 0
0 0.363194 0 0.0152778 0
0 0.645139 0 0.0180556 0
0 0.528472 1 0.0763889 0
0 0.789583 0 0.0180556 0
0 0.3625 0 0.0166667 0
0 0.645139 0 0.0180556 0
0 0.529167 1 0.075 0
0 0.363194 0 0.0180556 0
0 0.789583 0 0.0180556 0
0 0.645833 0 0.0166667 0
0 0.529167 1 0.0777778 0
0 0.219444 0 0.0166667 0
0 0.645833 0 0.0194444 0
0 0.790278 0 0.0194444 0
0 0.363889 0 0.0166667 0
0 0.530556 1 0.0777778 0
0 0.219444 0 0.0166667 0
0 0.645833 0 0.0194444 0
0 0.790278 0 0.0194444 0
0 0.363889 0 0.0166667 0
0 0.530556 1 0.0777778 0
0 0.219444 0 0.0166667 0
0 0.789583 0 0.0180556 0
0 0.646528 0 0.0180556 0
0 0.363889 0 0.0166667 0
0 0.530556 1 0.0777778 0
0 0.220139 0 0.0180556 0
0 0.645833 0 0.0194444 0
0 0.790278 0 0.0194444 0
0 0.363889 0 0.0166667 0
0 0.530556 1 0.0777778 0
0 0.790278 0 0.0194444 0
0 0.220139 0 0.0180556 0
0 0.363889 0 0.0166667 0
0 0.645833 0 0.0166667 0
0 0.530556 1 0.0777778 0
0 0.790278 0 0.0194444 0
0 0.220139 0 0.0180556 0
0 0.363889 0 0.0166667 0
0 0.645833 0 0.0166667 0
0 0.530556 1 0.0777778 0
0 0.552083 0 0.0486111 0
0 0.790278 0 0.0194444 0
0 0.220139 0 0.0180556 0
0 0.363889 0 0.0166667 0
0 0.645833 0 0.0166667 0
0 0.530556 1 0.0777778 0
0 0.363889 0 0.0166667 0
0 0.220139 0 0.0180556 0
0 0.790278 0 0.0194444 0
0 0.645833 0 0.0166667 0
0 0.530556 1 0.0777778 0
0 0.790278 0 0.0194444 0
0 0.220139 0 0.0180556 0
0 0.363889 0 0.0166667 0
0 0.645833 0 0.0166667 0
0 0.53125 1 0.0791667 0
0 0.790278 0 0.0194444 0
0 0.364583 0 0.0180556 0
0 0.220139 0 0.0180556 0
0 0.645833 0 0.0166667 0
0 0.532639 1 0.0791667 0
0 0.790278 0 0.0194444 0
0 0.220139 0 0.0180556 0
0 0.364583 0 0.0180556 0
0 0.645833 0 0.0166667 0
0 0.532639 1 0.0791667 0
0 0.790278 0 0.0194444 0
0 0.220139 0 0.0180556 0
0 0.364583 0 0.0180556 0
0 0.646528 0 0.0180556 0
0 0.532639 1 0.0791667 0
0 0.790278 0 0.0194444 0
0 0.220139 0 0.0180556 0
0 0.364583 0 0.0180556 0
0 0.645833 0 0.0166667 0
0 0.532639 1 0.0791667 0
0 0.645833 0 0.0166667 0
0 0.364583 0 0.0180556 0
0 0.533333 1 0.0805556 0
0 0.220139 0 0.0180556 0
0 0.364583 0 0.0180556 0
0 0.646528 0 0.0180556 0
0 0.534028 1 0.0819444 0
0 0.220139 0 0.0180556 0
0 0.646528 0 0.0180556 0
0 0.364583 0 0.0180556 0
0 0.534028 1 0.0819444 0
0 0.220139 0 0.0180556 0
0 0.646528 0 0.0180556 0
0 0.364583 0 0.0180556 0
0 0.534028 1 0.0819444 0
0 0.220139 0 0.0180556 0
0 0.646528 0 0.0180556 0
0 0.364583 0 0.0180556 0
0 0.534028 1 0.0819444 0
0 0.220139 0 0.0180556 0
0 0.364583 0 0.0180556 0
0 0.646528 0 0.0180556 0
0 0.534028 1 0.0819444 0
0 0.791667 0 0.0194444 0
0 0.220139 0 0.0180556 0
0 0.364583 0 0.0180556 0
0 0.646528 0 0.0180556 0
0 0.534722 1 0.0805556 0
0 0.220139 0 0.0180556 0
0 0.647222 0 0.0166667 0
0 0.535417 1 0.0819444 0
0 0.220139 0 0.0180556 0
0 0.364583 0 0.0180556 0
0 0.646528 0 0.0180556 0
0 0.535417 1 0.0819444 0
0 0.220139 0 0.0180556 0
0 0.364583 0 0.0180556 0
0 0.646528 0 0.0180556 0
0 0.535417 1 0.0819444 0
0 0.468056 0 0.0305556 0
0 0.365278 0 0.0166667 0
0 0.220833 0 0.0194444 0
0 0.647222 0 0.0166667 0
0 0.535417 1 0.0819444 0
0 0.220139 0 0.0180556 0
0 0.791667 0 0.0194444 0
0 0.364583 0 0.0180556 0
0 0.647222 0 0.0166667 0
0 0.536111 1 0.0833333 0
0 0.791667 0 0.0194444 0
0 0.364583 0 0.0180556 0
0 0.220833 0 0.0194444 0
0 0.647222 0 0.0166667 0
0 0.536111 1 0.0833333 0
0 0.364583 0 0.0180556 0
0 0.791667 0 0.0194444 0
0 0.220139 0 0.0180556 0
0 0.647222 0 0.0166667 0
0 0.536111 1 0.0833333 0
0 0.364583 0 0.0180556 0
0 0.220139 0 0.0180556 0
0 0.791667 0 0.0194444 0
0 0.647222 0 0.0166667 0
0 0.536111 1 0.0833333 0
0 0.220833 0 0.0166667 0
0 0.791667 0 0.0194444 0
0 0.365278 0 0.0166667 0
0 0.647222 0 0.0166667 0
0 0.536806 1 0.0847222 0
0 0.365278 0 0.0166667 0
0 0.793056 0 0.0194444 0
0 0.647917 0 0.0180556 0
0 0.5375 1 0.0861111 0
0 0.793056 0 0.0194444 0
0 0.647222 0 0.0166667 0
0 0.5375 1 0.0861111 0
0 0.365278 0 0.0166667 0
0 0.793056 0 0.0194444 0
0 0.647917 0 0.0180556 0
0 0.5375 1 0.0861111 0
0 0.793056 0 0.0194444 0
0 0.647917 0 0.0180556 0
0 0.5375 1 0.0861111 0
0 0.793056 0 0.0194444 0
0 0.365972 0 0.0180556 0
0 0.647917 0 0.0180556 0
0 0.538194 1 0.0875 0
0 0.793056 0 0.0194444 0
0 0.365972 0 0.0180556 0
0 0.647917 0 0.0180556 0
0 0.538194 1 0.0875 0
0 0.365278 0 0.0194444 0
0 0.793056 0 0.0194444 0
0 0.647917 0 0.0180556 0
0 0.538194 1 0.0875 0
0 0.793056 0 0.0194444 0
0 0.365972 0 0.0180556 0
0 0.647917 0 0.0180556 0
0 0.538194 1 0.0875 0
0 0.365972 0 0.0180556 0
0 0.647917 0 0.0180556 0
0 0.538194 1 0.0875 0
0 0.365972 0 0.0180556 0
0 0.647917 0 0.0180556 0
0 0.538194 1 0.0875 0
0 0.365972 0 0.0180556 0
0 0.647917 0 0.0180556 0
0 0.538194 1 0.0875 0
0 0.365972 0 0.0180556 0
0 0.647917 0 0.0180556 0
0 0.538194 1 0.0875 0
0 0.793056 0 0.0194444 0
0 0.365972 0 0.0180556 0
0 0.647917 0 0.0180556 0
0 0.538194 1 0.0875 0
0 0.365972 0 0.0180556 0
0 0.648611 0 0.0194444 0
0 0.538889 1 0.0888889 0
0 0.55625 0 0.0513889 0
0 0.365972 0 0.0180556 0
0 0.649306 0 0.0180556 0
0 0.538889 1 0.0888889 0
0 0.366667 0 0.0194444 0
0 0.647917 0 0.0180556 0
0 0.538889 1 0.0888889 0
0 0.365972 0 0.0180556 0
0 0.649306 0 0.0180556 0
0 0.538889 1 0.0888889 0
0 0.365972 0 0.0180556 0
0 0.648611 0 0.0194444 0
0 0.538889 1 0.0888889 0
0 0.555556 0 0.05 0
0 0.365972 0 0.0180556 0
0 0.649306 0 0.0180556 0
0 0.539583 1 0.0902778 0
0 0.649306 0 0.0180556 0
0 0.539583 1 0.0902778 0
0 0.365972 0 0.0180556 0
0 0.55625 0 0.0513889 0
0 0.649306 0 0.0180556 0
0 0.539583 1 0.0902778 0
0 0.649306 0 0.0180556 0
0 0.539583 1 0.0902778 0
0 0.556944 0 0.05 0
0 0.648611 0 0.0166667 0
0 0.540278 1 0.0888889 0
