0 0.453472 1 0.0208333 0
0 0.465278 1 0.0194444 0
0 0.469444 1 0.0194444 0
0 0.469444 1 0.0194444 0
0 0.469444 1 0.0194444 0
0 0.469444 1 0.0194444 0
0 0.469444 1 0.0194444 0
0 0.470833 1 0.0194444 0
0 0.477083 1 0.0208333 0
0 0.481944 1 0.0194444 0
0 0.485417 1 0.0180556 0
0 0.440278 0 0.00555556 0
0 0.440278 0 0.00555556 0
0 0.488194 1 0.0152778 0
0 0.488194 1 0.0152778 0
0 0.488194 1 0.0152778 0
0 0.488194 1 0.0152778 0
0 0.486806 1 0.0152778 0
0 0.485417 1 0.0180556 0
0 0.485417 1 0.0180556 0
0 0.483333 1 0.0194444 0
0 0.479861 1 0.0208333 0
0 0.475694 1 0.0180556 0
0 0.471528 1 0.0208333 0
0 0.470833 1 0.0194444 0
0 0.470833 1 0.0194444 0
0 0.470833 1 0.0194444 0
0 0.470833 1 0.0194444 0
0 0.470139 1 0.0208333 0
0 0.466667 1 0.0222222 0
0 0.466667 1 0.0222222 0
0 0.464583 1 0.0208333 0
0 0.461806 1 0.0208333 0
0 0.459722 1 0.0194444 0
0 0.459028 1 0.0208333 0
0 0.459028 1 0.0208333 0
0 0.459028 1 0.0208333 0
0 0.459028 1 0.0208333 0
0 0.459028 1 0.0208333 0
0 0.459028 1 0.0208333 0
0 0.459028 1 0.0208333 0
0 0.460417 1 0.0208333 0
0 0.461806 1 0.0208333 0
0 0.461806 1 0.0208333 0
0 0.463889 1 0.0194444 0
0 0.464583 1 0.0208333 0
0 0.464583 1 0.0208333 0
0 0.464583 1 0.0208333 0
0 0.464583 1 0.0208333 0
0 0.464583 1 0.0208333 0
0 0.465972 1 0.0208333 0
0 0.465972 1 0.0208333 0
0 0.465972 1 0.0208333 0
0 0.46875 1 0.0208333 0
0 0.470833 1 0.0222222 0
0 0.472917 1 0.0208333 0
0 0.474306 1 0.0208333 0
0 0.474306 1 0.0208333 0
0 0.478472 1 0.0208333 0
0 0.479861 1 0.0208333 0
0 0.479861 1 0.0208333 0
0 0.479861 1 0.0208333 0
0 0.479861 1 0.0208333 0
0 0.479861 1 0.0208333 0
0 0.482639 1 0.0208333 0
0 0.482639 1 0.0208333 0
0 0.484028 1 0.0208333 0
0 0.484722 1 0.0166667 0
0 0.485417 1 0.0152778 0
0 0.480556 0 0.0305556 0
0 0.479861 0 0.0319444 0
0 0.479861 0 0.0319444 0
0 0.479861 0 0.0319444 0
0 0.479861 0 0.0319444 0
0 0.479861 0 0.0319444 0
0 0.479861 0 0.0319444 0
0 0.479861 0 0.0319444 0
0 0.479861 0 0.0319444 0
0 0.479861 0 0.0319444 0
0 0.490278 1 0.0138889 0
0 0.490278 0 0.0333333 0
0 0.490278 0 0.0333333 0
0 0.490972 0 0.0319444 0
0 0.489583 0 0.0347222 0
0 0.989583 1 0.0180556 0
0 0.990972 1 0.0180556 0
0 0.488194 0 0.0402778 0
0 0.488194 0 0.0402778 0
0 0.488889 0 0.0388889 0
0 0.488889 0 0.0388889 0
0 0.488889 0 0.0388889 0
0 0.488889 0 0.0388889 0
0 0.490278 0 0.0388889 0
0 0.489583 0 0.0402778 0
0 0.490278 0 0.0388889 0
0 0.489583 0 0.0402778 0
0 0.490278 0 0.0388889 0
0 0.489583 0 0.0402778 0
0 0.489583 0 0.0402778 0
0 0.489583 0 0.0402778 0
0 0.489583 0 0.0402778 0
0 0.489583 0 0.0375 0
0 0.489583 0 0.0375 0
0 0.489583 0 0.0375 0
0 0.490278 0 0.0416667 0
0 0.489583 0 0.0402778 0
0 0.489583 0 0.0402778 0
0 0.474306 0 0.0986111 0
0 0.474306 0 0.0986111 0
0 0.474306 0 0.0986111 0
0 0.475 0 0.0972222 0
0 0.474306 0 0.0986111 0
0 0.474306 0 0.0986111 0
0 0.474306 0 0.0986111 0
0 0.473611 0 0.1 0
0 0.473611 0 0.1 0
0 0.473611 0 0.1 0
0 0.473611 0 0.1 0
0 0.474306 0 0.101389 0
0 0.474306 0 0.101389 0
0 0.488194 0 0.0375 0
0 0.472917 0 0.0958333 0
0 0.488194 0 0.0430556 0
0 0.472917 0 0.101389 0
0 0.473611 0 0.102778 0
0 0.473611 0 0.102778 0
0 0.473611 0 0.102778 0
0 0.472917 0 0.101389 0
0 0.472917 0 0.101389 0
0 0.473611 0 0.102778 0
0 0.473611 0 0.102778 0
0 0.472917 0 0.101389 0
0 0.472917 0 0.0986111 0
0 0.473611 0 0.102778 0
0 0.473611 0 0.102778 0
0 0.473611 0 0.102778 0
0 0.488194 0 0.0430556 0
0 0.473611 0 0.102778 0
0 0.473611 0 0.102778 0
0 0.473611 0 0.102778 0
0 0.472917 0 0.0986111 0
0 0.489583 0 0.0430556 0
0 0.473611 0 0.0972222 0
0 0.472917 0 0.0986111 0
0 0.473611 0 0.0972222 0
0 0.488889 0 0.0416667 0
0 0.473611 0 0.0972222 0
0 0.473611 0 0.0972222 0
0 0.473611 0 0.0972222 0
0 0.489583 0 0.0430556 0
0 0.472917 0 0.0986111 0
0 0.489583 0 0.0430556 0
0 0.472917 0 0.0986111 0
0 0.472917 0 0.0986111 0
0 0.474306 0 0.0986111 0
0 0.474306 0 0.0986111 0
0 0.474306 0 0.0986111 0
0 0.488889 0 0.0444444 0
0 0.474306 0 0.0986111 0
0 0.489583 0 0.0430556 0
0 0.490278 0 0.0416667 0
0 0.475 0 0.1 0
0 0.475 0 0.1 0
0 0.475 0 0.1 0
0 0.490278 0 0.0416667 0
0 0.475 0 0.1 0
0 0.490278 0 0.0416667 0
0 0.474306 0 0.101389 0
0 0.475 0 0.0972222 0
0 0.475 0 0.102778 0
0 0.475 0 0.102778 0
0 0.475 0 0.1 0
0 0.489583 0 0.0402778 0
0 0.476389 0 0.0972222 0
0 0.475694 0 0.0986111 0
0 0.490278 0 0.0416667 0
0 0.51875 0.5 0.0291667 1
0 0.475694 0 0.0986111 0
0 0.490278 0 0.0388889 0
0 0.51875 0.5 0.0291667 1
0 0.475694 0 0.0986111 0
0 0.491667 0 0.0416667 0
0 0.490972 0 0.0402778 0
0 0.476389 0 0.0972222 0
0 0.519444 0.5 0.0277778 1
0 0.476389 0 0.0972222 0
0 0.519444 0.5 0.0277778 1
0 0.476389 0 0.0972222 0
0 0.519444 0.5 0.0277778 1
0 0.476389 0 0.0972222 0
0 0.519444 0.5 0.0277778 1
0 0.476389 0 0.0972222 0
0 0.519444 0.5 0.0277778 1
0 0.491667 0 0.0388889 0
0 0.519444 0.5 0.0277778 1
0 0.519444 0 0.0277778 0
0 0.51875 0 0.0291667 0
0 0.490278 0 0.0388889 0
0 0.519444 0 0.0277778 0
0 0.520139 0 0.0291667 0
0 0.520139 0 0.0291667 0
0 0.519444 0 0.0277778 0
0 0.520139 0 0.0291667 0
0 0.520139 0 0.0291667 0
0 0.520139 0 0.0291667 0
0 0.520139 0 0.0291667 0
0 0.520139 0 0.0291667 0
0 0.520833 0 0.0277778 0
0 0.519444 0 0.0305556 0
0 0.519444 0 0.0305556 0
0 0.520139 0 0.0319444 0
0 0.520833 0 0.0305556 0
0 0.520833 0 0.0305556 0
0 0.521528 0 0.0319444 0
0 0.521528 0 0.0319444 0
0 0.522222 0 0.0305556 0
0 0.521528 0 0.0319444 0
0 0.521528 0 0.0319444 0
0 0.521528 0 0.0319444 0
0 0.521528 0 0.0319444 0
0 0.521528 0 0.0319444 0
0 0.521528 0 0.0319444 0
0 0.521528 0 0.0291667 0
0 0.520833 0 0.0305556 0
0 0.520833 0 0.0305556 0
0 0.521528 0 0.0319444 0
0 0.520833 0 0.0305556 0
0 0.521528 0 0.0319444 0
0 0.521528 0 0.0319444 0
0 0.521528 0 0.0319444 0
0 0.521528 0 0.0319444 0
0 0.521528 0 0.0319444 0
0 0.521528 0 0.0319444 0
0 0.521528 0 0.0319444 0
0 0.521528 0 0.0319444 0
0 0.521528 0 0.0319444 0
0 0.522222 0 0.0333333 0
0 0.522222 0 0.0333333 0
0 0.522917 0 0.0319444 0
0 0.522917 0 0.0319444 0
0 0.522917 0 0.0319444 0
0 0.522917 0 0.0319444 0
0 0.522917 0 0.0319444 0
0 0.522917 0 0.0319444 0
0 0.522917 0 0.0319444 0
0 0.523611 0 0.0333333 0
0 0.523611 0 0.0333333 0
0 0.523611 0 0.0333333 0
0 0.523611 0 0.0333333 0
0 0.523611 0 0.0333333 0
0 0.524306 0 0.0319444 0
0 0.524306 0 0.0319444 0
0 0.524306 0 0.0319444 0
0 0.524306 0 0.0319444 0
0 0.524306 0 0.0319444 0
0 0.523611 0 0.0333333 0
0 0.523611 0 0.0333333 0
0 0.524306 0 0.0319444 0
0 0.523611 0 0.0333333 0
0 0.523611 0 0.0333333 0
0 0.523611 0 0.0333333 0
0 0.523611 0 0.0333333 0
0 0.523611 0 0.0333333 0
0 0.523611 0 0.0333333 0
0 0.523611 0 0.0333333 0
0 0.523611 0 0.0333333 0
0 0.523611 0 0.0333333 0
0 0.524306 0 0.0319444 0
0 0.525 0 0.0333333 0
0 0.523611 0 0.0333333 0
0 0.523611 0 0.0333333 0
0 0.525 0 0.0333333 0
0 0.525 0 0.0333333 0
0 0.525 0 0.0333333 0
0 0.525 0 0.0333333 0
0 0.525 0 0.0333333 0
0 0.525 0 0.0333333 0
0 0.525 0 0.0333333 0
0 0.525 0 0.0333333 0
0 0.525 0 0.0333333 0
0 0.525 0 0.0333333 0
0 0.525 0 0.0333333 0
0 0.525 0 0.0361111 0
0 0.525 0 0.0361111 0
0 0.525 0 0.0361111 0
0 0.525694 0 0.0347222 0
0 0.525694 0 0.0347222 0
0 0.525694 0 0.0319444 0
0 0.525694 0 0.0319444 0
0 0.525694 0 0.0319444 0
0 0.526389 0 0.0333333 0
0 0.526389 0 0.0333333 0
0 0.526389 0 0.0333333 0
0 0.526389 0 0.0333333 0
0 0.526389 0 0.0333333 0
0 0.526389 0 0.0333333 0
0 0.526389 0 0.0333333 0
0 0.526389 0 0.0333333 0
0 0.527083 0 0.0347222 0
0 0.527083 0 0.0347222 0
0 0.527083 0 0.0347222 0
0 0.527083 0 0.0347222 0
0 0.527083 0 0.0347222 0
0 0.527083 0 0.0347222 0
0 0.527083 0 0.0347222 0
0 0.527083 0 0.0347222 0
0 0.527083 0 0.0347222 0
0 0.527083 0 0.0347222 0
0 0.527083 0 0.0347222 0
0 0.527778 0 0.0361111 0
0 0.527778 0 0.0361111 0
0 0.527778 0 0.0361111 0
0 0.527778 0 0.0361111 0
0 0.527778 0 0.0361111 0
0 0.527778 0 0.0361111 0
0 0.527778 0 0.0361111 0
0 0.527778 0 0.0361111 0
0 0.528472 0 0.0375 0
0 0.529861 0 0.0347222 0
0 0.364583 0 0.0152778 0
0 0.529861 0 0.0347222 0
0 0.529861 0 0.0347222 0
0 0.530556 0 0.0333333 0
0 0.529861 0 0.0347222 0
0 0.529861 0 0.0347222 0
0 0.529861 0 0.0347222 0
0 0.529861 0 0.0347222 0
0 0.529861 0 0.0347222 0
0 0.363889 0 0.0138889 0
0 0.529861 0 0.0347222 0
0 0.363889 0 0.0138889 0
0 0.529861 0 0.0347222 0
0 0.530556 0 0.0361111 0
0 0.53125 0 0.0347222 0
0 0.53125 0 0.0347222 0
0 0.531944 0 0.0361111 0
0 0.531944 0 0.0361111 0
0 0.365278 0 0.0111111 0
0 0.531944 0 0.0361111 0
0 0.531944 0 0.0361111 0
0 0.532639 0 0.0347222 0
0 0.533333 0 0.0361111 0
0 0.533333 0 0.0361111 0
0 0.534028 0 0.0347222 0
0 0.534028 0 0.0347222 0
0 0.534028 0 0.0347222 0
0 0.534028 0 0.0347222 0
0 0.533333 0 0.0361111 0
0 0.533333 0 0.0361111 0
0 0.534028 0 0.0347222 0
0 0.534028 0 0.0347222 0
0 0.534028 0 0.0347222 0
0 0.534028 0 0.0347222 0
0 0.534028 0 0.0347222 0
0 0.534028 0 0.0347222 0
0 0.534028 0 0.0347222 0
0 0.534028 0 0.0347222 0
0 0.534028 0 0.0347222 0
0 0.534028 0 0.0347222 0
0 0.534028 0 0.0347222 0
0 0.534028 0 0.0347222 0
0 0.534028 0 0.0347222 0
0 0.534028 0 0.0347222 0
0 0.534028 0 0.0347222 0
0 0.534028 0 0.0347222 0
0 0.534028 0 0.0347222 0
0 0.534028 0 0.0347222 0
0 0.534028 0 0.0347222 0
0 0.534028 0 0.0347222 0
0 0.534028 0 0.0347222 0
0 0.534028 0 0.0347222 0
0 0.534028 0 0.0347222 0
0 0.534028 0 0.0347222 0
0 0.534028 0 0.0347222 0
0 0.534028 0 0.0347222 0
0 0.534028 0 0.0347222 0
0 0.534028 0 0.0347222 0
0 0.534028 0 0.0347222 0
0 0.534028 0 0.0347222 0
0 0.534028 0 0.0347222 0
0 0.534028 0 0.0347222 0
0 0.534028 0 0.0347222 0
0 0.534028 0 0.0347222 0
0 0.534028 0 0.0347222 0
0 0.534028 0 0.0347222 0
0 0.534028 0 0.0347222 0
0 0.534028 0 0.0347222 0
0 0.534028 0 0.0347222 0
0 0.534028 0 0.0347222 0
0 0.534028 0 0.0347222 0
0 0.534028 0 0.0347222 0
0 0.534028 0 0.0347222 0
0 0.534028 0 0.0347222 0
0 0.534028 0 0.0347222 0
0 0.534028 0 0.0347222 0
0 0.534028 0 0.0347222 0
0 0.534028 0 0.0347222 0
0 0.534028 0 0.0347222 0
0 0.534028 0 0.0347222 0
0 0.534028 0 0.0347222 0
0 0.534028 0 0.0347222 0
0 0.534028 0 0.0347222 0
0 0.534028 0 0.0347222 0
0 0.534028 0 0.0347222 0
0 0.534028 0 0.0347222 0
0 0.534028 0 0.0347222 0
0 0.534028 0 0.0347222 0
0 0.534028 0 0.0347222 0
0 0.534028 0 0.0347222 0
0 0.534028 0 0.0347222 0
0 0.534028 0 0.0347222 0
0 0.534028 0 0.0347222 0
0 0.534028 0 0.0347222 0
0 0.534028 0 0.0347222 0
0 0.534028 0 0.0347222 0
0 0.534028 0 0.0347222 0
0 0.534028 0 0.0347222 0
0 0.534028 0 0.0347222 0
0 0.534028 0 0.0347222 0
0 0.534028 0 0.0347222 0
0 0.534028 0 0.0347222 0
0 0.534028 0 0.0347222 0
0 0.534028 0 0.0347222 0
0 0.534028 0 0.0347222 0
0 0.534028 0 0.0347222 0
0 0.534028 0 0.0347222 0
0 0.534028 0 0.0347222 0
0 0.534028 0 0.0347222 0
0 0.534028 0 0.0347222 0
0 0.534028 0 0.0347222 0
0 0.534028 0 0.0347222 0
0 0.534028 0 0.0347222 0
0 0.534028 0 0.0347222 0
0 0.534028 0 0.0347222 0
0 0.534028 0 0.0347222 0
0 0.534028 0 0.0347222 0
0 0.534028 0 0.0347222 0
0 0.534028 0 0.0347222 0
0 0.534028 0 0.0347222 0
0 0.534028 0 0.0347222 0
0 0.534028 0 0.0347222 0
0 0.534028 0 0.0347222 0
0 0.534028 0 0.0347222 0
0 0.534028 0 0.0347222 0
0 0.534028 0 0.0347222 0
0 0.534028 0 0.0347222 0
0 0.534028 0 0.0347222 0
0 0.534028 0 0.0347222 0
0 0.534028 0 0.0347222 0
0 0.534028 0 0.0347222 0
0 0.534028 0 0.0347222 0
0 0.534028 0 0.0347222 0
0 0.534028 0 0.0347222 0
0 0.534028 0 0.0347222 0
0 0.534028 0 0.0347222 0
0 0.534028 0 0.0347222 0
0 0.534028 0 0.0347222 0
0 0.534028 0 0.0347222 0
0 0.534028 0 0.0347222 0
0 0.534028 0 0.0347222 0
0 0.534028 0 0.0347222 0
0 0.534028 0 0.0347222 0
0 0.534028 0 0.0347222 0
0 0.534028 0 0.0347222 0
0 0.534028 0 0.0347222 0
0 0.534028 0 0.0347222 0
0 0.534028 0 0.0347222 0
0 0.534028 0 0.0347222 0
0 0.534028 0 0.0347222 0
0 0.534028 0 0.0347222 0
0 0.534028 0 0.0347222 0
0 0.534028 0 0.0347222 0
0 0.534028 0 0.0347222 0
0 0.534028 0 0.0347222 0
0 0.534028 0 0.0347222 0
0 0.534028 0 0.0347222 0
0 0.534028 0 0.0347222 0
0 0.534028 0 0.0347222 0
0 0.534028 0 0.0347222 0
0 0.534028 0 0.0347222 0
0 0.534028 0 0.0347222 0
0 0.534028 0 0.0347222 0
0 0.534028 0 0.0347222 0
0 0.534028 0 0.0347222 0
0 0.534028 0 0.0347222 0
0 0.534028 0 0.0347222 0
0 0.534028 0 0.0347222 0
0 0.534028 0 0.0347222 0
0 0.534028 0 0.0347222 0
0 0.534028 0 0.0347222 0
0 0.534028 0 0.0347222 0
0 0.534028 0 0.0347222 0
0 0.534028 0 0.0347222 0
0 0.534028 0 0.0347222 0
0 0.534028 0 0.0347222 0
0 0.534028 0 0.0347222 0
0 0.534028 0 0.0347222 0
0 0.534028 0 0.0347222 0
0 0.534028 0 0.0347222 0
0 0.534028 0 0.0347222 0
0 0.534028 0 0.0347222 0
0 0.534028 0 0.0347222 0
0 0.534028 0 0.0347222 0
0 0.534028 0 0.0347222 0
0 0.534028 0 0.0347222 0
0 0.534028 0 0.0347222 0
0 0.534028 0 0.0347222 0
0 0.534028 0 0.0347222 0
0 0.534028 0 0.0347222 0
0 0.534028 0 0.0347222 0
0 0.534028 0 0.0347222 0
0 0.534028 0 0.0347222 0
0 0.534028 0 0.0347222 0
0 0.534028 0 0.0347222 0
0 0.534028 0 0.0347222 0
0 0.534028 0 0.0347222 0
0 0.534028 0 0.0347222 0
0 0.534028 0 0.0347222 0
0 0.534028 0 0.0347222 0
0 0.534028 0 0.0347222 0
0 0.534028 0 0.0347222 0
0 0.534028 0 0.0347222 0
0 0.534028 0 0.0347222 0
0 0.534028 0 0.0347222 0
0 0.534028 0 0.0347222 0
0 0.534028 0 0.0347222 0
0 0.534028 0 0.0347222 0
0 0.534028 0 0.0347222 0
0 0.534028 0 0.0347222 0
0 0.534028 0 0.0347222 0
0 0.534028 0 0.0347222 0
0 0.534028 0 0.0347222 0
0 0.534028 0 0.0347222 0
0 0.534028 0 0.0347222 0
0 0.534028 0 0.0347222 0
0 0.534028 0 0.0347222 0
0 0.534028 0 0.0347222 0
0 0.534028 0 0.0347222 0
0 0.534028 0 0.0347222 0
0 0.534028 0 0.0347222 0
0 0.534028 0 0.0347222 0
0 0.534028 0 0.0347222 0
0 0.534028 0 0.0347222 0
0 0.534028 0 0.0347222 0
0 0.534028 0 0.0347222 0
0 0.534028 0 0.0347222 0
0 0.534028 0 0.0347222 0
0 0.534028 0 0.0347222 0
0 0.534028 0 0.0347222 0
0 0.534028 0 0.0347222 0
0 0.534028 0 0.0347222 0
0 0.534028 0 0.0347222 0
0 0.495833 0 0.0416667 0
0 0.534028 0 0.0347222 0
0 0.534028 0 0.0347222 0
0 0.534028 0 0.0347222 0
0 0.534028 0 0.0347222 0
0 0.534028 0 0.0347222 0
0 0.534028 0 0.0347222 0
0 0.534028 0 0.0347222 0
0 0.534028 0 0.0347222 0
0 0.534028 0 0.0347222 0
0 0.534028 0 0.0347222 0
0 0.495833 0 0.0416667 0
0 0.534028 0 0.0347222 0
0 0.495833 0 0.0416667 0
0 0.534028 0 0.0347222 0
0 0.534028 0 0.0347222 0
0 0.534028 0 0.0347222 0
0 0.534028 0 0.0347222 0
0 0.534028 0 0.0347222 0
0 0.534028 0 0.0347222 0
0 0.534028 0 0.0347222 0
0 0.534028 0 0.0347222 0
0 0.534028 0 0.0347222 0
0 0.534028 0 0.0347222 0
0 0.495833 0 0.0416667 0
0 0.534028 0 0.0347222 0
0 0.534028 0 0.0347222 0
0 0.534028 0 0.0347222 0
0 0.534028 0 0.0347222 0
0 0.534028 0 0.0347222 0
0 0.534028 0 0.0347222 0
0 0.534028 0 0.0347222 0
0 0.534028 0 0.0347222 0
0 0.534028 0 0.0347222 0
0 0.534028 0 0.0347222 0
0 0.495833 0 0.0416667 0
0 0.534028 0 0.0347222 0
0 0.534028 0 0.0347222 0
0 0.534028 0 0.0347222 0
0 0.534028 0 0.0347222 0
0 0.534028 0 0.0347222 0
0 0.534028 0 0.0347222 0
0 0.534028 0 0.0347222 0
0 0.534028 0 0.0347222 0
0 0.534028 0 0.0347222 0
0 0.534028 0 0.0347222 0
0 0.534028 0 0.0347222 0
0 0.534028 0 0.0347222 0
0 0.534028 0 0.0347222 0
