
time,npos,epos,alt,phi,theta,psi,vel,alpha,beta,p,q,r,nx,ny,nz,mach,qbar,ps,

 0.00000, 0.00000, 0.00000,9843.00000, 0.00000, 6.62394, 0.00000,393.72000, 6.62394, 0.00000, 0.00000, 0.00000, 0.00000, 0.11535,-0.01161, 0.99328, 0.36544,136.91363,1463.49528,2279.08520,-2.97973, 0.00875, 0.06803,
 0.10000,39.37200,-0.00186,9842.99999, 0.00015, 6.62394,-0.00004,393.72000, 6.62396,-0.00534, 0.00444,-0.00002,-0.00104, 0.11535,-0.01142, 0.99327, 0.36544,136.91364,1463.49528,2279.08520,-2.97973, 0.00875, 0.06803,
 0.20000,78.74400,-0.00739,9842.99997, 0.00110, 6.62393,-0.00027,393.72002, 6.62398,-0.01029, 0.01623,-0.00007,-0.00388, 0.11535,-0.01123, 0.99326, 0.36544,136.91365,1463.49528,2279.08520,-2.97973, 0.00875, 0.06803,
 0.30000,118.11600,-0.01652,9842.99992, 0.00347, 6.62392,-0.00087,393.72004, 6.62400,-0.01462, 0.03311,-0.00015,-0.00835, 0.11535,-0.01108, 0.99326, 0.36544,136.91366,1463.49529,2279.08520,-2.97973, 0.00875, 0.06803,
 0.40000,157.48801,-0.02921,9842.99986, 0.00762, 6.62390,-0.00199,393.72006, 6.62402,-0.01813, 0.05289,-0.00024,-0.01414, 0.11535,-0.01095, 0.99325, 0.36544,136.91368,1463.49529,2279.08520,-2.97973, 0.00875, 0.06803,
 0.50000,196.86001,-0.04537,9842.99977, 0.01374, 6.62387,-0.00375,393.72010, 6.62403,-0.02069, 0.07354,-0.00035,-0.02094, 0.11535,-0.01086, 0.99324, 0.36544,136.91370,1463.49530,2279.08520,-2.97973, 0.00875, 0.06803,
 0.60000,236.23202,-0.06495,9842.99965, 0.02181, 6.62383,-0.00623,393.72013, 6.62403,-0.02221, 0.09324,-0.00047,-0.02836, 0.11535,-0.01081, 0.99324, 0.36544,136.91373,1463.49530,2279.08520,-2.97973, 0.00875, 0.06803,
 0.70000,275.60403,-0.08789,9842.99951, 0.03164, 6.62378,-0.00947,393.72018, 6.62402,-0.02268, 0.11045,-0.00058,-0.03600, 0.11535,-0.01080, 0.99324, 0.36544,136.91376,1463.49531,2279.08520,-2.97973, 0.00875, 0.06803,
 0.80000,314.97604,-0.11413,9842.99934, 0.04294, 6.62372,-0.01348,393.72022, 6.62400,-0.02213, 0.12397,-0.00069,-0.04350, 0.11535,-0.01083, 0.99323, 0.36544,136.91379,1463.49532,2279.08520,-2.97973, 0.00875, 0.06803,
 0.90000,354.34805,-0.14362,9842.99915, 0.05528, 6.62365,-0.01821,393.72027, 6.62398,-0.02066, 0.13291,-0.00078,-0.05048, 0.11535,-0.01089, 0.99323, 0.36544,136.91383,1463.49533,2279.08520,-2.97973, 0.00875, 0.06803,
 1.00000,393.72007,-0.17630,9842.99893, 0.06818, 6.62358,-0.02361,393.72032, 6.62394,-0.01839, 0.13678,-0.00085,-0.05664, 0.11535,-0.01098, 0.99323, 0.36544,136.91386,1463.49534,2279.08520,-2.97973, 0.00875, 0.06803,
 1.10000,433.09208,-0.21213,9842.99868, 0.08115, 6.62350,-0.02958,393.72037, 6.62390,-0.01548, 0.13540,-0.00089,-0.06173, 0.11535,-0.01109, 0.99323, 0.36544,136.91390,1463.49536,2279.08520,-2.97973, 0.00875, 0.06803,
 1.20000,472.46410,-0.25108,9842.99840, 0.09366, 6.62342,-0.03600,393.72042, 6.62386,-0.01213, 0.12894,-0.00090,-0.06556, 0.11535,-0.01122, 0.99323, 0.36544,136.91393,1463.49537,2279.08520,-2.97973, 0.00875, 0.06803,
 1.30000,511.83613,-0.29312,9842.99811, 0.10526, 6.62334,-0.04274,393.72047, 6.62382,-0.00854, 0.11786,-0.00089,-0.06803, 0.11535,-0.01136, 0.99323, 0.36544,136.91397,1463.49539,2279.08520,-2.97973, 0.00875, 0.06803,
 1.40000,551.20815,-0.33823,9842.99779, 0.11553, 6.62326,-0.04965,393.72052, 6.62377,-0.00490, 0.10285,-0.00085,-0.06909, 0.11534,-0.01150, 0.99324, 0.36544,136.91400,1463.49541,2279.08520,-2.97973, 0.00875, 0.06803,
 1.50000,590.58017,-0.38640,9842.99744, 0.12413, 6.62320,-0.05660,393.72056, 6.62373,-0.00139, 0.08480,-0.00078,-0.06879, 0.11534,-0.01163, 0.99324, 0.36544,136.91404,1463.49543,2279.08520,-2.97973, 0.00875, 0.06803,
 1.60000,629.95220,-0.43761,9842.99708, 0.13083, 6.62314,-0.06346,393.72061, 6.62370, 0.00180, 0.06471,-0.00069,-0.06723, 0.11534,-0.01175, 0.99323, 0.36544,136.91407,1463.49545,2279.08520,-2.97973, 0.00875, 0.06803,
 1.70000,669.32423,-0.49188,9842.99669, 0.13549, 6.62309,-0.07010,393.72066, 6.62368, 0.00454, 0.04365,-0.00060,-0.06457, 0.11534,-0.01185, 0.99322, 0.36544,136.91411,1463.49547,2279.08520,-2.97973, 0.00875, 0.06803,
 1.80000,708.69625,-0.54920,9842.99628, 0.13807, 6.62305,-0.07643,393.72071, 6.62367, 0.00670, 0.02269,-0.00052,-0.06102, 0.11534,-0.01193, 0.99322, 0.36544,136.91414,1463.49549,2279.08520,-2.97973, 0.00875, 0.06803,
 1.90000,748.06828,-0.60960,9842.99585, 0.13865, 6.62302,-0.08236,393.72076, 6.62367, 0.00823, 0.00283,-0.00044,-0.05681, 0.11534,-0.01199, 0.99321, 0.36544,136.91418,1463.49552,2279.08520,-2.97973, 0.00875, 0.06803,
 2.00000,787.44031,-0.67308,9842.99539, 0.13738, 6.62299,-0.08785,393.72081, 6.62368, 0.00908,-0.01502,-0.00037,-0.05221, 0.11534,-0.01202, 0.99321, 0.36544,136.91422,1463.49554,2279.08520,-2.97973, 0.00875, 0.06803,
 2.10000,826.81233,-0.73965,9842.99490, 0.13452, 6.62297,-0.09287,393.72087, 6.62370, 0.00924,-0.03012,-0.00031,-0.04748, 0.11534,-0.01202, 0.99322, 0.36544,136.91426,1463.49557,2279.08520,-2.97973, 0.00875, 0.06803,
 2.20000,866.18436,-0.80935,9842.99438, 0.13037, 6.62295,-0.09742,393.72092, 6.62372, 0.00876,-0.04190,-0.00025,-0.04287, 0.11534,-0.01200, 0.99322, 0.36544,136.91430,1463.49560,2279.08520,-2.97973, 0.00875, 0.06803,
 2.30000,905.55639,-0.88217,9842.99384, 0.12527, 6.62293,-0.10152,393.72098, 6.62374, 0.00770,-0.05000,-0.00021,-0.03861, 0.11534,-0.01195, 0.99323, 0.36544,136.91434,1463.49563,2279.08520,-2.97973, 0.00875, 0.06803,
 2.40000,944.92842,-0.95815,9842.99327, 0.11960, 6.62292,-0.10521,393.72103, 6.62376, 0.00615,-0.05426,-0.00017,-0.03491, 0.11534,-0.01189, 0.99324, 0.36544,136.91438,1463.49566,2279.08520,-2.97973, 0.00875, 0.06803,
 2.50000,984.30044,-1.03728,9842.99269, 0.11373, 6.62292,-0.10857,393.72109, 6.62379, 0.00423,-0.05473,-0.00013,-0.03191, 0.11534,-0.01182, 0.99325, 0.36544,136.91442,1463.49570,2279.08520,-2.97973, 0.00875, 0.06803,
 2.60000,1023.67247,-1.11958,9842.99208, 0.10803, 6.62291,-0.11166,393.72114, 6.62381, 0.00205,-0.05164,-0.00010,-0.02972, 0.11534,-0.01173, 0.99326, 0.36544,136.91446,1463.49573,2279.08520,-2.97973, 0.00875, 0.06803,
 2.70000,1063.04449,-1.20506,9842.99147, 0.10281, 6.62291,-0.11458,393.72120, 6.62383,-0.00025,-0.04539,-0.00007,-0.02841, 0.11535,-0.01165, 0.99327, 0.36544,136.91450,1463.49577,2279.08520,-2.97973, 0.00875, 0.06803,
 2.80000,1102.41652,-1.29371,9842.99084, 0.09837, 6.62291,-0.11741,393.72126, 6.62385,-0.00255,-0.03652,-0.00006,-0.02798, 0.11535,-0.01156, 0.99327, 0.36544,136.91455,1463.49580,2279.08520,-2.97973, 0.00875, 0.06803,
 2.90000,1141.78854,-1.38552,9842.99019, 0.09492, 6.62291,-0.12024,393.72132, 6.62387,-0.00473,-0.02567,-0.00006,-0.02839, 0.11535,-0.01148, 0.99327, 0.36544,136.91459,1463.49584,2279.08520,-2.97973, 0.00875, 0.06803,
 3.00000,1181.16056,-1.48050,9842.98954, 0.09262, 6.62290,-0.12315,393.72138, 6.62389,-0.00668,-0.01352,-0.00008,-0.02957, 0.11535,-0.01141, 0.99326, 0.36544,136.91464,1463.49588,2279.08520,-2.97973, 0.00875, 0.06803,
 3.10000,1220.53258,-1.57864,9842.98887, 0.09155, 6.62290,-0.12622,393.72145, 6.62391,-0.00832,-0.00079,-0.00011,-0.03141, 0.11535,-0.01135, 0.99326, 0.36544,136.91469,1463.49592,2279.08520,-2.97973, 0.00875, 0.06803,
 3.20000,1259.90460,-1.67991,9842.98818, 0.09173, 6.62289,-0.12950,393.72152, 6.62392,-0.00958, 0.01181,-0.00015,-0.03376, 0.11535,-0.01130, 0.99326, 0.36544,136.91474,1463.49595,2279.08520,-2.97973, 0.00875, 0.06803,
 3.30000,1299.27661,-1.78431,9842.98749, 0.09310, 6.62288,-0.13303,393.72159, 6.62393,-0.01042, 0.02364,-0.00020,-0.03648, 0.11535,-0.01127, 0.99326, 0.36544,136.91479,1463.49599,2279.08520,-2.97973, 0.00875, 0.06803,
 3.40000,1338.64863,-1.89181,9842.98677, 0.09556, 6.62286,-0.13685,393.72166, 6.62394,-0.01083, 0.03413,-0.00024,-0.03940, 0.11535,-0.01126, 0.99326, 0.36544,136.91485,1463.49603,2279.08520,-2.97973, 0.00875, 0.06803,
 3.50000,1378.02064,-2.00241,9842.98605, 0.09895, 6.62284,-0.14096,393.72174, 6.62394,-0.01080, 0.04282,-0.00029,-0.04235, 0.11535,-0.01126, 0.99326, 0.36544,136.91490,1463.49608,2279.08520,-2.97973, 0.00875, 0.06803,
 3.60000,1417.39266,-2.11607,9842.98530, 0.10307, 6.62282,-0.14537,393.72181, 6.62394,-0.01038, 0.04938,-0.00033,-0.04517, 0.11535,-0.01128, 0.99326, 0.36544,136.91496,1463.49612,2279.08520,-2.97973, 0.00875, 0.06803,
 3.70000,1456.76467,-2.23279,9842.98455, 0.10770, 6.62279,-0.15005,393.72189, 6.62393,-0.00959, 0.05359,-0.00037,-0.04773, 0.11535,-0.01131, 0.99326, 0.36544,136.91501,1463.49616,2279.08520,-2.97973, 0.00875, 0.06803,
 3.80000,1496.13668,-2.35254,9842.98378, 0.11260, 6.62276,-0.15497,393.72196, 6.62392,-0.00852, 0.05538,-0.00040,-0.04991, 0.11535,-0.01135, 0.99326, 0.36544,136.91507,1463.49620,2279.08520,-2.97973, 0.00875, 0.06803,
 3.90000,1535.50869,-2.47532,9842.98300, 0.11754, 6.62273,-0.16008,393.72204, 6.62391,-0.00723, 0.05481,-0.00041,-0.05161, 0.11535,-0.01140, 0.99327, 0.36544,136.91512,1463.49625,2279.08520,-2.97973, 0.00875, 0.06803,
 4.00000,1574.88070,-2.60112,9842.98220, 0.12229, 6.62270,-0.16534,393.72211, 6.62390,-0.00580, 0.05206,-0.00042,-0.05278, 0.11535,-0.01146, 0.99327, 0.36544,136.91518,1463.49629,2279.08520,-2.97973, 0.00875, 0.06803,
 4.10000,1614.25270,-2.72991,9842.98139, 0.12666, 6.62267,-0.17069,393.72219, 6.62388,-0.00431, 0.04740,-0.00041,-0.05339, 0.11535,-0.01151, 0.99327, 0.36544,136.91524,1463.49634,2279.08520,-2.97973, 0.00875, 0.06803,
 4.20000,1653.62470,-2.86171,9842.98058, 0.13048, 6.62265,-0.17607,393.72226, 6.62387,-0.00285, 0.04119,-0.00039,-0.05344, 0.11535,-0.01157, 0.99327, 0.36544,136.91529,1463.49639,2279.08520,-2.97973, 0.00875, 0.06803,
 4.30000,1692.99670,-2.99649,9842.97975, 0.13362, 6.62262,-0.18143,393.72234, 6.62385,-0.00148, 0.03384,-0.00036,-0.05296, 0.11535,-0.01162, 0.99327, 0.36544,136.91534,1463.49643,2279.08520,-2.97973, 0.00875, 0.06803,
 4.40000,1732.36870,-3.13427,9842.97891, 0.13600, 6.62260,-0.18672,393.72241, 6.62384,-0.00027, 0.02581,-0.00033,-0.05200, 0.11535,-0.01166, 0.99327, 0.36544,136.91540,1463.49648,2279.08520,-2.97973, 0.00875, 0.06803,
 4.50000,1771.74069,-3.27505,9842.97806, 0.13757, 6.62258,-0.19189,393.72248, 6.62383, 0.00072, 0.01755,-0.00029,-0.05065, 0.11535,-0.01170, 0.99327, 0.36544,136.91545,1463.49653,2279.08520,-2.97973, 0.00875, 0.06803,
 4.60000,1811.11268,-3.41882,9842.97721, 0.13834, 6.62256,-0.19691,393.72255, 6.62383, 0.00146, 0.00950,-0.00025,-0.04899, 0.11535,-0.01173, 0.99327, 0.36544,136.91551,1463.49658,2279.08520,-2.97973, 0.00875, 0.06803,
 4.70000,1850.48466,-3.56559,9842.97635, 0.13836, 6.62255,-0.20175,393.72262, 6.62383, 0.00193, 0.00205,-0.00021,-0.04712, 0.11534,-0.01174, 0.99327, 0.36544,136.91556,1463.49663,2279.08520,-2.97973, 0.00875, 0.06803,
 4.80000,1889.85664,-3.71537,9842.97547, 0.13769, 6.62254,-0.20639,393.72270, 6.62384, 0.00212,-0.00444,-0.00018,-0.04515, 0.11535,-0.01175, 0.99327, 0.36544,136.91561,1463.49668,2279.08520,-2.97973, 0.00875, 0.06803,
 4.90000,1929.22862,-3.86816,9842.97459, 0.13646, 6.62254,-0.21084,393.72277, 6.62384, 0.00204,-0.00970,-0.00015,-0.04319, 0.11535,-0.01174, 0.99327, 0.36544,136.91567,1463.49673,2279.08520,-2.97973, 0.00875, 0.06803,
 5.00000,1968.60059,-4.02396,9842.97370, 0.13480, 6.62253,-0.21509,393.72284, 6.62385, 0.00171,-0.01354,-0.00013,-0.04134, 0.11535,-0.01173, 0.99328, 0.36544,136.91572,1463.49678,2279.08520,-2.97973, 0.00875, 0.06803,
 5.10000,2007.97256,-4.18279,9842.97280, 0.13284, 6.62253,-0.21917,393.72292, 6.62386, 0.00116,-0.01586,-0.00011,-0.03968, 0.11535,-0.01171, 0.99328, 0.36544,136.91578,1463.49683,2279.08520,-2.97973, 0.00875, 0.06803,
 5.20000,2047.34452,-4.34464,9842.97189, 0.13076, 6.62253,-0.22309,393.72299, 6.62387, 0.00043,-0.01662,-0.00009,-0.03828, 0.11535,-0.01168, 0.99328, 0.36544,136.91583,1463.49688,2279.08520,-2.97973, 0.00875, 0.06803,
 5.30000,2086.71648,-4.50953,9842.97098, 0.12868, 6.62253,-0.22688,393.72306, 6.62388,-0.00042,-0.01590,-0.00007,-0.03720, 0.11535,-0.01165, 0.99329, 0.36544,136.91589,1463.49693,2279.08520,-2.97973, 0.00875, 0.06803,
 5.40000,2126.08843,-4.67744,9842.97006, 0.12676, 6.62253,-0.23059,393.72314, 6.62389,-0.00134,-0.01382,-0.00006,-0.03647, 0.11535,-0.01161, 0.99329, 0.36544,136.91594,1463.49698,2279.08520,-2.97973, 0.00875, 0.06803,
 5.50000,2165.46038,-4.84838,9842.96914, 0.12511, 6.62254,-0.23424,393.72321, 6.62390,-0.00229,-0.01057,-0.00006,-0.03610, 0.11535,-0.01158, 0.99329, 0.36544,136.91600,1463.49704,2279.08520,-2.97973, 0.00875, 0.06803,
 5.60000,2204.83232,-5.02234,9842.96821, 0.12383, 6.62254,-0.23787,393.72329, 6.62391,-0.00321,-0.00641,-0.00006,-0.03608, 0.11535,-0.01154, 0.99329, 0.36544,136.91606,1463.49709,2279.08520,-2.97973, 0.00875, 0.06803,
 5.70000,2244.20426,-5.19933,9842.96727, 0.12301, 6.62254,-0.24152,393.72337, 6.62392,-0.00405,-0.00159,-0.00008,-0.03640, 0.11535,-0.01151, 0.99329, 0.36544,136.91611,1463.49714,2279.08520,-2.97973, 0.00875, 0.06803,
 5.80000,2283.57619,-5.37934,9842.96634, 0.12268, 6.62254,-0.24521,393.72344, 6.62393,-0.00478, 0.00359,-0.00010,-0.03701, 0.11535,-0.01148, 0.99329, 0.36544,136.91617,1463.49720,2279.08520,-2.97973, 0.00875, 0.06803,
 5.90000,2322.94811,-5.56235,9842.96539, 0.12287, 6.62254,-0.24897,393.72352, 6.62394,-0.00537, 0.00883,-0.00012,-0.03785, 0.11535,-0.01146, 0.99329, 0.36544,136.91623,1463.49725,2279.08520,-2.97973, 0.00875, 0.06803,
 6.00000,2362.32002,-5.74837,9842.96444, 0.12356, 6.62253,-0.25284,393.72360, 6.62394,-0.00579, 0.01387,-0.00014,-0.03888, 0.11535,-0.01145, 0.99329, 0.36544,136.91629,1463.49730,2279.08520,-2.97973, 0.00875, 0.06803,
 6.10000,2401.69194,-5.93738,9842.96349, 0.12472, 6.62252,-0.25681,393.72368, 6.62395,-0.00603, 0.01846,-0.00017,-0.04001, 0.11535,-0.01144, 0.99329, 0.36544,136.91635,1463.49736,2279.08520,-2.97973, 0.00875, 0.06803,
 6.20000,2441.06384,-6.12937,9842.96253, 0.12630, 6.62251,-0.26089,393.72376, 6.62395,-0.00610, 0.02238,-0.00019,-0.04119, 0.11535,-0.01144, 0.99329, 0.36544,136.91641,1463.49741,2279.08520,-2.97973, 0.00875, 0.06803,
 6.30000,2480.43574,-6.32434,9842.96156, 0.12821, 6.62250,-0.26510,393.72385, 6.62394,-0.00600, 0.02548,-0.00022,-0.04235, 0.11535,-0.01144, 0.99328, 0.36544,136.91647,1463.49747,2279.08520,-2.97973, 0.00875, 0.06803,
 6.40000,2519.80763,-6.52228,9842.96059, 0.13038, 6.62249,-0.26942,393.72393, 6.62394,-0.00574, 0.02764,-0.00024,-0.04342, 0.11535,-0.01145, 0.99329, 0.36544,136.91653,1463.49752,2279.08520,-2.97973, 0.00875, 0.06803,
 6.50000,2559.17951,-6.72317,9842.95961, 0.13270, 6.62248,-0.27384,393.72401, 6.62393,-0.00535, 0.02883,-0.00025,-0.04436, 0.11535,-0.01147, 0.99329, 0.36544,136.91659,1463.49758,2279.08520,-2.97973, 0.00875, 0.06803,
 6.60000,2598.55139,-6.92701,9842.95863, 0.13508, 6.62246,-0.27834,393.72409, 6.62392,-0.00485, 0.02902,-0.00026,-0.04512, 0.11535,-0.01148, 0.99329, 0.36544,136.91666,1463.49763,2279.08520,-2.97973, 0.00875, 0.06803,
 6.70000,2637.92326,-7.13379,9842.95764, 0.13743, 6.62245,-0.28292,393.72417, 6.62391,-0.00428, 0.02828,-0.00027,-0.04567, 0.11535,-0.01151, 0.99329, 0.36544,136.91672,1463.49769,2279.08520,-2.97973, 0.00875, 0.06803,
 6.80000,2677.29512,-7.34351,9842.95665, 0.13965, 6.62243,-0.28753,393.72426, 6.62390,-0.00368, 0.02671,-0.00026,-0.04600, 0.11535,-0.01153, 0.99329, 0.36544,136.91678,1463.49775,2279.08520,-2.97973, 0.00875, 0.06803,
 6.90000,2716.66698,-7.55616,9842.95566, 0.14168, 6.62242,-0.29217,393.72434, 6.62390,-0.00307, 0.02442,-0.00026,-0.04609, 0.11535,-0.01155, 0.99329, 0.36544,136.91684,1463.49780,2279.08520,-2.97973, 0.00875, 0.06803,
 7.00000,2756.03883,-7.77173,9842.95466, 0.14345, 6.62240,-0.29681,393.72442, 6.62389,-0.00249, 0.02160,-0.00025,-0.04596, 0.11535,-0.01157, 0.99329, 0.36544,136.91690,1463.49786,2279.08520,-2.97973, 0.00875, 0.06803,
 7.10000,2795.41067,-7.99023,9842.95365, 0.14492, 6.62239,-0.30142,393.72450, 6.62388,-0.00196, 0.01841,-0.00023,-0.04563, 0.11535,-0.01159, 0.99329, 0.36544,136.91696,1463.49792,2279.08520,-2.97973, 0.00875, 0.06803,
 7.20000,2834.78250,-8.21165,9842.95264, 0.14607, 6.62238,-0.30599,393.72458, 6.62387,-0.00151, 0.01504,-0.00021,-0.04511, 0.11535,-0.01161, 0.99329, 0.36544,136.91702,1463.49797,2279.08520,-2.97973, 0.00875, 0.06803,
 7.30000,2874.15432,-8.43599,9842.95163, 0.14688, 6.62237,-0.31050,393.72466, 6.62387,-0.00116, 0.01167,-0.00019,-0.04446, 0.11535,-0.01162, 0.99329, 0.36544,136.91708,1463.49803,2279.08520,-2.97973, 0.00875, 0.06803,
 7.40000,2913.52613,-8.66325,9842.95062, 0.14738, 6.62236,-0.31493,393.72474, 6.62386,-0.00091, 0.00849,-0.00017,-0.04370, 0.11535,-0.01163, 0.99329, 0.36544,136.91714,1463.49809,2279.08520,-2.97973, 0.00875, 0.06803,
 7.50000,2952.89794,-8.89343,9842.94960, 0.14757, 6.62236,-0.31929,393.72482, 6.62386,-0.00078, 0.00563,-0.00015,-0.04288, 0.11535,-0.01164, 0.99329, 0.36544,136.91720,1463.49815,2279.08520,-2.97973, 0.00875, 0.06803,
 7.60000,2992.26974,-9.12654,9842.94858, 0.14752, 6.62235,-0.32357,393.72490, 6.62386,-0.00076, 0.00323,-0.00013,-0.04204, 0.11535,-0.01164, 0.99329, 0.36544,136.91726,1463.49820,2279.08520,-2.97973, 0.00875, 0.06803,
 7.70000,3031.64152,-9.36256,9842.94756, 0.14726, 6.62235,-0.32776,393.72498, 6.62386,-0.00085, 0.00137,-0.00011,-0.04123, 0.11535,-0.01163, 0.99329, 0.36544,136.91732,1463.49826,2279.08520,-2.97973, 0.00875, 0.06803,
 7.80000,3071.01330,-9.60150,9842.94654, 0.14686, 6.62235,-0.33187,393.72506, 6.62387,-0.00103, 0.00013,-0.00010,-0.04049, 0.11535,-0.01162, 0.99329, 0.36544,136.91738,1463.49832,2279.08520,-2.97973, 0.00875, 0.06803,
 7.90000,3110.38507,-9.84337,9842.94551, 0.14637, 6.62235,-0.33591,393.72514, 6.62387,-0.00130,-0.00048,-0.00008,-0.03984, 0.11535,-0.01161, 0.99329, 0.36544,136.91745,1463.49838,2279.08520,-2.97973, 0.00875, 0.06803,
 8.00000,3149.75683,-10.08816,9842.94449, 0.14586, 6.62235,-0.33990,393.72523, 6.62388,-0.00162,-0.00046,-0.00008,-0.03931, 0.11535,-0.01160, 0.99329, 0.36544,136.91751,1463.49844,2279.08520,-2.97973, 0.00875, 0.06803,
 8.10000,3189.12857,-10.33586,9842.94346, 0.14538, 6.62236,-0.34383,393.72531, 6.62388,-0.00199, 0.00014,-0.00007,-0.03891, 0.11535,-0.01159, 0.99330, 0.36544,136.91757,1463.49850,2279.08520,-2.97973, 0.00875, 0.06803,
 8.20000,3228.50031,-10.58648,9842.94243, 0.14500, 6.62236,-0.34773,393.72539, 6.62389,-0.00237, 0.00125,-0.00007,-0.03866, 0.11535,-0.01157, 0.99330, 0.36544,136.91763,1463.49855,2279.08520,-2.97973, 0.00875, 0.06803,
 8.30000,3267.87204,-10.84002,9842.94140, 0.14475, 6.62236,-0.35162,393.72547, 6.62389,-0.00276, 0.00280,-0.00007,-0.03857, 0.11535,-0.01156, 0.99330, 0.36544,136.91769,1463.49861,2279.08520,-2.97973, 0.00875, 0.06803,
 8.40000,3307.24375,-11.09647,9842.94037, 0.14467, 6.62237,-0.35550,393.72555, 6.62390,-0.00312, 0.00465,-0.00007,-0.03861, 0.11535,-0.01155, 0.99330, 0.36544,136.91775,1463.49867,2279.08520,-2.97973, 0.00875, 0.06803,
 8.50000,3346.61546,-11.35582,9842.93933, 0.14479, 6.62237,-0.35940,393.72563, 6.62390,-0.00344, 0.00671,-0.00008,-0.03878, 0.11535,-0.01153, 0.99330, 0.36544,136.91781,1463.49873,2279.08520,-2.97973, 0.00875, 0.06803,
 8.60000,3385.98715,-11.61808,9842.93830, 0.14512, 6.62237,-0.36332,393.72571, 6.62390,-0.00370, 0.00886,-0.00009,-0.03905, 0.11535,-0.01152, 0.99330, 0.36544,136.91787,1463.49879,2279.08520,-2.97973, 0.00875, 0.06803,
 8.70000,3425.35883,-11.88324,9842.93726, 0.14565, 6.62237,-0.36726,393.72579, 6.62391,-0.00390, 0.01097,-0.00010,-0.03942, 0.11535,-0.01152, 0.99330, 0.36544,136.91793,1463.49885,2279.08520,-2.97973, 0.00875, 0.06803,
 8.80000,3464.73050,-12.15129,9842.93623, 0.14639, 6.62237,-0.37125,393.72588, 6.62391,-0.00404, 0.01293,-0.00011,-0.03984, 0.11535,-0.01151, 0.99330, 0.36544,136.91799,1463.49891,2279.08520,-2.97973, 0.00875, 0.06803,
 8.90000,3504.10216,-12.42223,9842.93519, 0.14731, 6.62237,-0.37529,393.72596, 6.62391,-0.00409, 0.01466,-0.00012,-0.04029, 0.11535,-0.01151, 0.99330, 0.36544,136.91805,1463.49896,2279.08520,-2.97973, 0.00875, 0.06803,
 9.00000,3543.47381,-12.69604,9842.93416, 0.14838, 6.62237,-0.37937,393.72604, 6.62391,-0.00408, 0.01609,-0.00013,-0.04074, 0.11535,-0.01151, 0.99330, 0.36544,136.91812,1463.49902,2279.08520,-2.97973, 0.00875, 0.06803,
 9.10000,3582.84545,-12.97274,9842.93312, 0.14957, 6.62236,-0.38349,393.72612, 6.62391,-0.00400, 0.01715,-0.00014,-0.04117, 0.11535,-0.01151, 0.99330, 0.36544,136.91818,1463.49908,2279.08520,-2.97973, 0.00875, 0.06803,
 9.20000,3622.21707,-13.25230,9842.93208, 0.15084, 6.62236,-0.38765,393.72620, 6.62390,-0.00386, 0.01781,-0.00015,-0.04156, 0.11535,-0.01152, 0.99330, 0.36544,136.91824,1463.49914,2279.08520,-2.97973, 0.00875, 0.06803,
 9.30000,3661.58868,-13.53473,9842.93105, 0.15215, 6.62236,-0.39185,393.72629, 6.62390,-0.00368, 0.01806,-0.00015,-0.04188, 0.11535,-0.01153, 0.99330, 0.36544,136.91830,1463.49920,2279.08520,-2.97973, 0.00875, 0.06803,
 9.40000,3700.96028,-13.82002,9842.93001, 0.15346, 6.62235,-0.39608,393.72637, 6.62389,-0.00345, 0.01792,-0.00015,-0.04212, 0.11535,-0.01153, 0.99330, 0.36544,136.91836,1463.49926,2279.08520,-2.97973, 0.00875, 0.06803,
 9.50000,3740.33187,-14.10816,9842.92897, 0.15474, 6.62235,-0.40033,393.72645, 6.62389,-0.00321, 0.01742,-0.00015,-0.04227, 0.11535,-0.01154, 0.99330, 0.36544,136.91842,1463.49932,2279.08520,-2.97973, 0.00875, 0.06803,
 9.60000,3779.70344,-14.39916,9842.92794, 0.15596, 6.62234,-0.40459,393.72653, 6.62389,-0.00296, 0.01660,-0.00015,-0.04232, 0.11535,-0.01155, 0.99330, 0.36544,136.91848,1463.49938,2279.08520,-2.97973, 0.00875, 0.06803,
 9.70000,3819.07500,-14.69300,9842.92690, 0.15707, 6.62234,-0.40885,393.72661, 6.62388,-0.00271, 0.01553,-0.00015,-0.04228, 0.11535,-0.01156, 0.99330, 0.36544,136.91854,1463.49944,2279.08520,-2.97973, 0.00875, 0.06803,
 9.80000,3858.44655,-14.98968,9842.92586, 0.15808, 6.62234,-0.41310,393.72669, 6.62388,-0.00248, 0.01427,-0.00014,-0.04215, 0.11535,-0.01157, 0.99330, 0.36544,136.91860,1463.49949,2279.08520,-2.97973, 0.00875, 0.06803,
 9.90000,3897.81808,-15.28921,9842.92483, 0.15895, 6.62234,-0.41733,393.72677, 6.62387,-0.00228, 0.01291,-0.00013,-0.04195, 0.11535,-0.01158, 0.99330, 0.36544,136.91866,1463.49955,2279.08520,-2.97973, 0.00875, 0.06803,
10.00000,3937.18960,-15.59158,9842.92380, 0.15968, 6.62233,-0.42154,393.72685, 6.62387,-0.00211, 0.01151,-0.00012,-0.04168, 0.11535,-0.01158, 0.99330, 0.36544,136.91872,1463.49961,2279.08520,-2.97973, 0.00875, 0.06803,
10.10000,3976.56111,-15.89678,9842.92276, 0.16028, 6.62233,-0.42572,393.72693, 6.62387,-0.00199, 0.01016,-0.00012,-0.04136, 0.11535,-0.01159, 0.99330, 0.36544,136.91878,1463.49967,2279.08520,-2.97973, 0.00875, 0.06803,
10.20000,4015.93260,-16.20481,9842.92173, 0.16076, 6.62234,-0.42987,393.72701, 6.62387,-0.00191, 0.00891,-0.00011,-0.04101, 0.11535,-0.01159, 0.99330, 0.36544,136.91884,1463.49973,2279.08520,-2.97973, 0.00875, 0.06803,
10.30000,4055.30408,-16.51568,9842.92070, 0.16112, 6.62234,-0.43398,393.72708, 6.62386,-0.00188, 0.00783,-0.00010,-0.04064, 0.11535,-0.01159, 0.99330, 0.36544,136.91890,1463.49979,2279.08520,-2.97973, 0.00875, 0.06803,
10.40000,4094.67554,-16.82938,9842.91968, 0.16139, 6.62234,-0.43805,393.72716, 6.62386,-0.00190, 0.00695,-0.00009,-0.04027, 0.11535,-0.01159, 0.99330, 0.36544,136.91896,1463.49985,2279.08520,-2.97973, 0.00875, 0.06803,
10.50000,4134.04699,-17.14591,9842.91865, 0.16158, 6.62234,-0.44209,393.72724, 6.62386,-0.00195, 0.00632,-0.00008,-0.03993, 0.11535,-0.01159, 0.99330, 0.36544,136.91902,1463.49990,2279.08520,-2.97973, 0.00875, 0.06803,
10.60000,4173.41842,-17.46527,9842.91763, 0.16173, 6.62235,-0.44609,393.72732, 6.62387,-0.00205, 0.00594,-0.00007,-0.03962, 0.11535,-0.01159, 0.99330, 0.36545,136.91908,1463.49996,2279.08520,-2.97973, 0.00875, 0.06803,
10.70000,4212.78984,-17.78745,9842.91661, 0.16186, 6.62235,-0.45007,393.72740, 6.62387,-0.00217, 0.00583,-0.00007,-0.03935, 0.11535,-0.01158, 0.99330, 0.36545,136.91913,1463.50002,2279.08520,-2.97973, 0.00875, 0.06803,
10.80000,4252.16124,-18.11246,9842.91559, 0.16199, 6.62235,-0.45402,393.72747, 6.62387,-0.00231, 0.00596,-0.00006,-0.03913, 0.11535,-0.01158, 0.99330, 0.36545,136.91919,1463.50008,2279.08520,-2.97973, 0.00875, 0.06803,
10.90000,4291.53263,-18.44029,9842.91457, 0.16215, 6.62236,-0.45795,393.72755, 6.62387,-0.00246, 0.00631,-0.00006,-0.03898, 0.11535,-0.01157, 0.99331, 0.36545,136.91925,1463.50014,2279.08520,-2.97973, 0.00875, 0.06803,
11.00000,4330.90400,-18.77093,9842.91356, 0.16236, 6.62237,-0.46187,393.72763, 6.62387,-0.00262, 0.00686,-0.00006,-0.03888, 0.11535,-0.01156, 0.99331, 0.36545,136.91931,1463.50019,2279.08520,-2.97973, 0.00875, 0.06803,
11.10000,4370.27535,-19.10439,9842.91255, 0.16262, 6.62237,-0.46578,393.72770, 6.62387,-0.00277, 0.00756,-0.00006,-0.03885, 0.11535,-0.01156, 0.99331, 0.36545,136.91936,1463.50025,2279.08520,-2.97973, 0.00875, 0.06803,
11.20000,4409.64669,-19.44066,9842.91154, 0.16297, 6.62238,-0.46969,393.72778, 6.62387,-0.00291, 0.00837,-0.00006,-0.03887, 0.11535,-0.01155, 0.99331, 0.36545,136.91942,1463.50031,2279.08520,-2.97973, 0.00875, 0.06803,
11.30000,4449.01801,-19.77974,9842.91053, 0.16340, 6.62238,-0.47361,393.72785, 6.62388,-0.00302, 0.00923,-0.00006,-0.03894, 0.11535,-0.01155, 0.99331, 0.36545,136.91948,1463.50037,2279.08520,-2.97973, 0.00875, 0.06803,
11.40000,4488.38931,-20.12162,9842.90953, 0.16391, 6.62239,-0.47753,393.72793, 6.62388,-0.00312, 0.01009,-0.00006,-0.03905, 0.11535,-0.01154, 0.99331, 0.36545,136.91954,1463.50042,2279.08520,-2.97973, 0.00875, 0.06803,
11.50000,4527.76060,-20.46630,9842.90854, 0.16451, 6.62239,-0.48147,393.72801, 6.62388,-0.00318, 0.01092,-0.00007,-0.03918, 0.11535,-0.01154, 0.99331, 0.36545,136.91959,1463.50048,2279.08520,-2.97973, 0.00875, 0.06803,
11.60000,4567.13187,-20.81378,9842.90754, 0.16518, 6.62240,-0.48542,393.72808, 6.62388,-0.00322, 0.01167,-0.00007,-0.03934, 0.11535,-0.01154, 0.99331, 0.36545,136.91965,1463.50054,2279.08520,-2.97973, 0.00875, 0.06803,
11.70000,4606.50313,-21.16405,9842.90655, 0.16592, 6.62240,-0.48939,393.72815, 6.62388,-0.00322, 0.01231,-0.00007,-0.03950, 0.11535,-0.01154, 0.99331, 0.36545,136.91970,1463.50059,2279.08520,-2.97973, 0.00875, 0.06803,
11.80000,4645.87436,-21.51711,9842.90556, 0.16672, 6.62240,-0.49337,393.72823, 6.62388,-0.00320, 0.01280,-0.00007,-0.03965, 0.11535,-0.01154, 0.99331, 0.36545,136.91976,1463.50065,2279.08520,-2.97973, 0.00875, 0.06803,
11.90000,4685.24558,-21.87295,9842.90458, 0.16756, 6.62241,-0.49737,393.72830, 6.62387,-0.00315, 0.01314,-0.00008,-0.03980, 0.11535,-0.01154, 0.99331, 0.36545,136.91982,1463.50070,2279.08520,-2.97973, 0.00875, 0.06803,
12.00000,4724.61678,-22.23157,9842.90360, 0.16842, 6.62241,-0.50139,393.72838, 6.62387,-0.00308, 0.01331,-0.00008,-0.03991, 0.11535,-0.01155, 0.99331, 0.36545,136.91987,1463.50076,2279.08520,-2.97973, 0.00875, 0.06803,
12.10000,4763.98796,-22.59297,9842.90262, 0.16929, 6.62242,-0.50541,393.72845, 6.62387,-0.00300, 0.01332,-0.00008,-0.04000, 0.11535,-0.01155, 0.99331, 0.36545,136.91993,1463.50082,2279.08520,-2.97973, 0.00875, 0.06803,
12.20000,4803.35913,-22.95713,9842.90165, 0.17015, 6.62242,-0.50944,393.72852, 6.62387,-0.00290, 0.01317,-0.00008,-0.04005, 0.11535,-0.01155, 0.99331, 0.36545,136.91998,1463.50087,2279.08520,-2.97973, 0.00875, 0.06803,
12.30000,4842.73027,-23.32407,9842.90068, 0.17099, 6.62242,-0.51347,393.72859, 6.62387,-0.00279, 0.01289,-0.00008,-0.04007, 0.11535,-0.01156, 0.99331, 0.36545,136.92003,1463.50093,2279.08520,-2.97973, 0.00875, 0.06803,
12.40000,4882.10140,-23.69377,9842.89972, 0.17179, 6.62243,-0.51750,393.72866, 6.62386,-0.00269, 0.01248,-0.00007,-0.04004, 0.11535,-0.01156, 0.99331, 0.36545,136.92009,1463.50098,2279.08520,-2.97973, 0.00875, 0.06803,
12.50000,4921.47251,-24.06623,9842.89876, 0.17255, 6.62243,-0.52153,393.72873, 6.62386,-0.00259, 0.01199,-0.00007,-0.03998, 0.11535,-0.01157, 0.99331, 0.36545,136.92014,1463.50103,2279.08520,-2.97973, 0.00875, 0.06803,
12.60000,4960.84360,-24.44145,9842.89781, 0.17326, 6.62244,-0.52555,393.72880, 6.62386,-0.00250, 0.01144,-0.00007,-0.03989, 0.11535,-0.01157, 0.99331, 0.36545,136.92019,1463.50109,2279.08520,-2.97973, 0.00875, 0.06803,
12.70000,5000.21467,-24.81943,9842.89686, 0.17391, 6.62244,-0.52956,393.72887, 6.62386,-0.00242, 0.01086,-0.00006,-0.03976, 0.11535,-0.01157, 0.99331, 0.36545,136.92025,1463.50114,2279.08520,-2.97973, 0.00875, 0.06803,
12.80000,5039.58572,-25.20016,9842.89592, 0.17451, 6.62245,-0.53356,393.72894, 6.62386,-0.00236, 0.01029,-0.00006,-0.03961, 0.11535,-0.01157, 0.99331, 0.36545,136.92030,1463.50120,2279.08520,-2.97973, 0.00875, 0.06803,
12.90000,5078.95675,-25.58364,9842.89498, 0.17505, 6.62246,-0.53754,393.72901, 6.62386,-0.00232, 0.00975,-0.00005,-0.03945, 0.11535,-0.01157, 0.99331, 0.36545,136.92035,1463.50125,2279.08520,-2.97973, 0.00875, 0.06803,
13.00000,5118.32776,-25.96986,9842.89405, 0.17555, 6.62246,-0.54150,393.72908, 6.62386,-0.00230, 0.00926,-0.00005,-0.03927, 0.11535,-0.01158, 0.99331, 0.36545,136.92040,1463.50130,2279.08520,-2.97973, 0.00875, 0.06803,
13.10000,5157.69875,-26.35883,9842.89312, 0.17600, 6.62247,-0.54545,393.72915, 6.62385,-0.00229, 0.00886,-0.00004,-0.03910, 0.11535,-0.01158, 0.99331, 0.36545,136.92045,1463.50135,2279.08520,-2.97973, 0.00875, 0.06803,
13.20000,5197.06972,-26.75055,9842.89220, 0.17641, 6.62248,-0.54937,393.72921, 6.62385,-0.00231, 0.00854,-0.00004,-0.03893, 0.11535,-0.01157, 0.99331, 0.36545,136.92050,1463.50141,2279.08520,-2.97973, 0.00875, 0.06803,
13.30000,5236.44067,-27.14500,9842.89128, 0.17680, 6.62249,-0.55328,393.72928, 6.62385,-0.00234, 0.00833,-0.00003,-0.03877, 0.11535,-0.01157, 0.99331, 0.36545,136.92055,1463.50146,2279.08520,-2.97973, 0.00875, 0.06803,
13.40000,5275.81159,-27.54219,9842.89037, 0.17718, 6.62250,-0.55718,393.72934, 6.62385,-0.00238, 0.00823,-0.00003,-0.03862, 0.11535,-0.01157, 0.99331, 0.36545,136.92060,1463.50151,2279.08520,-2.97973, 0.00875, 0.06803,
13.50000,5315.18250,-27.94212,9842.88947, 0.17756, 6.62251,-0.56106,393.72941, 6.62385,-0.00243, 0.00823,-0.00003,-0.03850, 0.11535,-0.01157, 0.99331, 0.36545,136.92065,1463.50156,2279.08520,-2.97973, 0.00875, 0.06803,
13.60000,5354.55338,-28.34478,9842.88857, 0.17794, 6.62251,-0.56493,393.72947, 6.62386,-0.00249, 0.00832,-0.00003,-0.03840, 0.11535,-0.01157, 0.99331, 0.36545,136.92070,1463.50161,2279.08520,-2.97973, 0.00875, 0.06803,
13.70000,5393.92425,-28.75016,9842.88768, 0.17833, 6.62252,-0.56879,393.72954, 6.62386,-0.00255, 0.00851,-0.00002,-0.03832, 0.11535,-0.01157, 0.99331, 0.36545,136.92075,1463.50166,2279.08520,-2.97973, 0.00875, 0.06803,
13.80000,5433.29509,-29.15828,9842.88680, 0.17875, 6.62253,-0.57265,393.72960, 6.62386,-0.00261, 0.00876,-0.00002,-0.03827, 0.11535,-0.01156, 0.99331, 0.36545,136.92079,1463.50171,2279.08520,-2.97973, 0.00875, 0.06803,
13.90000,5472.66591,-29.56911,9842.88592, 0.17920, 6.62254,-0.57650,393.72966, 6.62386,-0.00267, 0.00906,-0.00002,-0.03825, 0.11535,-0.01156, 0.99331, 0.36545,136.92084,1463.50176,2279.08520,-2.97973, 0.00875, 0.06803,
14.00000,5512.03671,-29.98267,9842.88505, 0.17968, 6.62255,-0.58035,393.72972, 6.62386,-0.00272, 0.00940,-0.00002,-0.03824, 0.11535,-0.01156, 0.99332, 0.36545,136.92089,1463.50181,2279.08520,-2.97973, 0.00875, 0.06803,
14.10000,5551.40748,-30.39894,9842.88418, 0.18019, 6.62256,-0.58420,393.72978, 6.62386,-0.00276, 0.00975,-0.00002,-0.03825, 0.11535,-0.01156, 0.99332, 0.36545,136.92093,1463.50186,2279.08520,-2.97973, 0.00875, 0.06803,
14.20000,5590.77823,-30.81793,9842.88332, 0.18074, 6.62257,-0.58805,393.72985, 6.62386,-0.00279, 0.01009,-0.00002,-0.03828, 0.11535,-0.01156, 0.99332, 0.36545,136.92098,1463.50191,2279.08520,-2.97973, 0.00875, 0.06803,
14.30000,5630.14896,-31.23962,9842.88247, 0.18132, 6.62258,-0.59191,393.72991, 6.62386,-0.00281, 0.01041,-0.00002,-0.03832, 0.11535,-0.01156, 0.99332, 0.36545,136.92103,1463.50196,2279.08520,-2.97973, 0.00875, 0.06803,
14.40000,5669.51967,-31.66402,9842.88163, 0.18193, 6.62259,-0.59577,393.72996, 6.62386,-0.00282, 0.01068,-0.00002,-0.03836, 0.11535,-0.01155, 0.99332, 0.36545,136.92107,1463.50201,2279.08520,-2.97973, 0.00875, 0.06803,
14.50000,5708.89035,-32.09113,9842.88079, 0.18256, 6.62260,-0.59963,393.73002, 6.62386,-0.00281, 0.01090,-0.00002,-0.03840, 0.11535,-0.01156, 0.99332, 0.36545,136.92111,1463.50206,2279.08520,-2.97973, 0.00875, 0.06803,
14.60000,5748.26101,-32.52093,9842.87996, 0.18321, 6.62261,-0.60350,393.73008, 6.62386,-0.00279, 0.01107,-0.00002,-0.03843, 0.11535,-0.01156, 0.99332, 0.36545,136.92116,1463.50210,2279.08520,-2.97973, 0.00875, 0.06803,
14.70000,5787.63165,-32.95343,9842.87914, 0.18388, 6.62262,-0.60737,393.73014, 6.62385,-0.00277, 0.01116,-0.00002,-0.03846, 0.11535,-0.01156, 0.99332, 0.36545,136.92120,1463.50215,2279.08520,-2.97973, 0.00875, 0.06803,
14.80000,5827.00226,-33.38862,9842.87833, 0.18455, 6.62263,-0.61124,393.73019, 6.62385,-0.00273, 0.01119,-0.00002,-0.03848, 0.11535,-0.01156, 0.99332, 0.36545,136.92124,1463.50220,2279.08520,-2.97973, 0.00875, 0.06803,
14.90000,5866.37285,-33.82651,9842.87752, 0.18522, 6.62264,-0.61512,393.73025, 6.62385,-0.00269, 0.01115,-0.00002,-0.03848, 0.11535,-0.01156, 0.99332, 0.36545,136.92129,1463.50224,2279.08520,-2.97973, 0.00875, 0.06803,
15.00000,5905.74341,-34.26707,9842.87672, 0.18588, 6.62265,-0.61899,393.73031, 6.62385,-0.00265, 0.01105,-0.00002,-0.03847, 0.11535,-0.01156, 0.99332, 0.36545,136.92133,1463.50229,2279.08520,-2.97973, 0.00875, 0.06803,
15.10000,5945.11395,-34.71032,9842.87593, 0.18654, 6.62266,-0.62286,393.73036, 6.62385,-0.00260, 0.01089,-0.00002,-0.03844, 0.11535,-0.01156, 0.99332, 0.36545,136.92137,1463.50233,2279.08520,-2.97973, 0.00875, 0.06803,
15.20000,5984.48446,-35.15625,9842.87515, 0.18717, 6.62267,-0.62673,393.73041, 6.62385,-0.00256, 0.01070,-0.00002,-0.03840, 0.11535,-0.01156, 0.99332, 0.36545,136.92141,1463.50238,2279.08520,-2.97973, 0.00875, 0.06803,
15.30000,6023.85495,-35.60486,9842.87438, 0.18778, 6.62268,-0.63059,393.73047, 6.62385,-0.00252, 0.01048,-0.00002,-0.03834, 0.11535,-0.01157, 0.99332, 0.36545,136.92145,1463.50242,2279.08520,-2.97973, 0.00875, 0.06803,
15.40000,6063.22541,-36.05614,9842.87361, 0.18837, 6.62270,-0.63445,393.73052, 6.62385,-0.00248, 0.01023,-0.00001,-0.03827, 0.11535,-0.01157, 0.99332, 0.36545,136.92149,1463.50246,2279.08520,-2.97973, 0.00875, 0.06803,
15.50000,6102.59585,-36.51009,9842.87285, 0.18894, 6.62271,-0.63830,393.73057, 6.62385,-0.00245, 0.00999,-0.00001,-0.03819, 0.11535,-0.01157, 0.99332, 0.36545,136.92153,1463.50251,2279.08520,-2.97973, 0.00875, 0.06803,
15.60000,6141.96626,-36.96671,9842.87210, 0.18948, 6.62272,-0.64214,393.73062, 6.62385,-0.00243, 0.00975,-0.00001,-0.03810, 0.11535,-0.01157, 0.99332, 0.36545,136.92157,1463.50255,2279.08520,-2.97973, 0.00875, 0.06803,
15.70000,6181.33665,-37.42599,9842.87136, 0.19001, 6.62273,-0.64597,393.73067, 6.62385,-0.00242, 0.00953,-0.00001,-0.03801, 0.11535,-0.01157, 0.99332, 0.36545,136.92160,1463.50259,2279.08520,-2.97973, 0.00875, 0.06803,
15.80000,6220.70700,-37.88794,9842.87063, 0.19051, 6.62274,-0.64979,393.73072, 6.62384,-0.00241, 0.00935,-0.00000,-0.03791, 0.11535,-0.01157, 0.99332, 0.36545,136.92164,1463.50263,2279.08520,-2.97973, 0.00875, 0.06803,
15.90000,6260.07734,-38.35254,9842.86991, 0.19100, 6.62275,-0.65360,393.73077, 6.62384,-0.00241, 0.00919,-0.00000,-0.03781, 0.11535,-0.01157, 0.99332, 0.36545,136.92168,1463.50267,2279.08520,-2.97973, 0.00875, 0.06803,
16.00000,6299.44764,-38.81981,9842.86919, 0.19147, 6.62277,-0.65740,393.73081, 6.62384,-0.00242, 0.00908, 0.00000,-0.03772, 0.11535,-0.01157, 0.99332, 0.36545,136.92171,1463.50271,2279.08520,-2.97973, 0.00875, 0.06803,
16.10000,6338.81792,-39.28972,9842.86849, 0.19194, 6.62278,-0.66120,393.73086, 6.62384,-0.00243, 0.00901, 0.00000,-0.03764, 0.11535,-0.01157, 0.99332, 0.36545,136.92175,1463.50275,2279.08520,-2.97973, 0.00875, 0.06803,
16.20000,6378.18818,-39.76229,9842.86779, 0.19240, 6.62279,-0.66498,393.73090, 6.62384,-0.00245, 0.00898, 0.00001,-0.03756, 0.11535,-0.01157, 0.99332, 0.36545,136.92178,1463.50279,2279.08520,-2.97973, 0.00875, 0.06803,
16.30000,6417.55840,-40.23751,9842.86711, 0.19286, 6.62281,-0.66876,393.73095, 6.62384,-0.00247, 0.00900, 0.00001,-0.03749, 0.11535,-0.01157, 0.99332, 0.36545,136.92182,1463.50283,2279.08520,-2.97973, 0.00875, 0.06803,
16.40000,6456.92860,-40.71537,9842.86643, 0.19333, 6.62282,-0.67253,393.73099, 6.62384,-0.00249, 0.00905, 0.00001,-0.03743, 0.11535,-0.01157, 0.99332, 0.36545,136.92185,1463.50287,2279.08520,-2.97973, 0.00875, 0.06803,
16.50000,6496.29877,-41.19587,9842.86576, 0.19380, 6.62283,-0.67630,393.73104, 6.62384,-0.00252, 0.00913, 0.00001,-0.03738, 0.11535,-0.01157, 0.99332, 0.36545,136.92188,1463.50291,2279.08520,-2.97973, 0.00875, 0.06803,
16.60000,6535.66891,-41.67902,9842.86510, 0.19429, 6.62285,-0.68006,393.73108, 6.62384,-0.00254, 0.00924, 0.00001,-0.03734, 0.11535,-0.01156, 0.99332, 0.36545,136.92192,1463.50295,2279.08520,-2.97973, 0.00875, 0.06803,
16.70000,6575.03902,-42.16480,9842.86445, 0.19479, 6.62286,-0.68381,393.73112, 6.62384,-0.00256, 0.00937, 0.00001,-0.03731, 0.11535,-0.01156, 0.99332, 0.36545,136.92195,1463.50298,2279.08520,-2.97973, 0.00875, 0.06803,
16.80000,6614.40911,-42.65321,9842.86381, 0.19530, 6.62287,-0.68757,393.73116, 6.62384,-0.00258, 0.00950, 0.00001,-0.03729, 0.11535,-0.01156, 0.99332, 0.36545,136.92198,1463.50302,2279.08520,-2.97973, 0.00875, 0.06803,
16.90000,6653.77916,-43.14426,9842.86318, 0.19582, 6.62289,-0.69132,393.73120, 6.62384,-0.00259, 0.00963, 0.00001,-0.03727, 0.11535,-0.01156, 0.99332, 0.36545,136.92201,1463.50306,2279.08520,-2.97973, 0.00875, 0.06803,
17.00000,6693.14919,-43.63793,9842.86257, 0.19636, 6.62290,-0.69507,393.73124, 6.62384,-0.00260, 0.00976, 0.00001,-0.03726, 0.11535,-0.01156, 0.99332, 0.36545,136.92204,1463.50309,2279.08520,-2.97973, 0.00875, 0.06803,
17.10000,6732.51919,-44.13423,9842.86196, 0.19691, 6.62292,-0.69882,393.73128, 6.62384,-0.00260, 0.00988, 0.00001,-0.03725, 0.11535,-0.01156, 0.99332, 0.36545,136.92207,1463.50313,2279.08520,-2.97973, 0.00875, 0.06803,
17.20000,6771.88915,-44.63315,9842.86136, 0.19747, 6.62293,-0.70257,393.73131, 6.62384,-0.00260, 0.00997, 0.00001,-0.03725, 0.11535,-0.01156, 0.99332, 0.36545,136.92210,1463.50316,2279.08520,-2.97973, 0.00875, 0.06803,
17.30000,6811.25909,-45.13469,9842.86077, 0.19804, 6.62295,-0.70632,393.73135, 6.62384,-0.00259, 0.01004, 0.00001,-0.03724, 0.11535,-0.01156, 0.99332, 0.36545,136.92212,1463.50319,2279.08520,-2.97973, 0.00875, 0.06803,
17.40000,6850.62900,-45.63884,9842.86019, 0.19861, 6.62296,-0.71007,393.73138, 6.62384,-0.00258, 0.01008, 0.00001,-0.03723, 0.11535,-0.01156, 0.99332, 0.36545,136.92215,1463.50323,2279.08520,-2.97973, 0.00875, 0.06803,
17.50000,6889.99888,-46.14560,9842.85962, 0.19919, 6.62297,-0.71382,393.73142, 6.62384,-0.00257, 0.01010, 0.00001,-0.03721, 0.11535,-0.01156, 0.99332, 0.36545,136.92218,1463.50326,2279.08520,-2.97973, 0.00875, 0.06803,
17.60000,6929.36873,-46.65498,9842.85906, 0.19976, 6.62299,-0.71756,393.73145, 6.62384,-0.00255, 0.01009, 0.00002,-0.03719, 0.11535,-0.01156, 0.99332, 0.36545,136.92220,1463.50329,2279.08520,-2.97973, 0.00875, 0.06803,
17.70000,6968.73855,-47.16695,9842.85851, 0.20034, 6.62300,-0.72131,393.73149, 6.62384,-0.00253, 0.01005, 0.00002,-0.03717, 0.11535,-0.01156, 0.99332, 0.36545,136.92223,1463.50332,2279.08520,-2.97973, 0.00875, 0.06803,
17.80000,7008.10833,-47.68154,9842.85797, 0.20091, 6.62302,-0.72505,393.73152, 6.62384,-0.00251, 0.00999, 0.00002,-0.03713, 0.11535,-0.01156, 0.99332, 0.36545,136.92225,1463.50335,2279.08520,-2.97973, 0.00875, 0.06803,
17.90000,7047.47809,-48.19872,9842.85745, 0.20148, 6.62303,-0.72878,393.73155, 6.62384,-0.00249, 0.00991, 0.00002,-0.03710, 0.11535,-0.01157, 0.99332, 0.36545,136.92228,1463.50338,2279.08520,-2.97973, 0.00875, 0.06803,
18.00000,7086.84782,-48.71850,9842.85693, 0.20203, 6.62305,-0.73252,393.73158, 6.62384,-0.00247, 0.00982, 0.00002,-0.03705, 0.11535,-0.01157, 0.99332, 0.36545,136.92230,1463.50341,2279.08520,-2.97973, 0.00875, 0.06803,
18.10000,7126.21751,-49.24087,9842.85642, 0.20258, 6.62306,-0.73624,393.73161, 6.62384,-0.00246, 0.00971, 0.00002,-0.03700, 0.11535,-0.01157, 0.99332, 0.36545,136.92232,1463.50344,2279.08520,-2.97973, 0.00875, 0.06803,
18.20000,7165.58717,-49.76584,9842.85593, 0.20311, 6.62308,-0.73997,393.73163, 6.62384,-0.00244, 0.00961, 0.00002,-0.03695, 0.11535,-0.01157, 0.99332, 0.36545,136.92234,1463.50347,2279.08520,-2.97973, 0.00875, 0.06803,
18.30000,7204.95680,-50.29339,9842.85545, 0.20364, 6.62309,-0.74368,393.73166, 6.62384,-0.00243, 0.00950, 0.00002,-0.03689, 0.11535,-0.01157, 0.99332, 0.36545,136.92236,1463.50350,2279.08520,-2.97973, 0.00875, 0.06803,
18.40000,7244.32640,-50.82353,9842.85497, 0.20416, 6.62311,-0.74739,393.73169, 6.62384,-0.00242, 0.00940, 0.00003,-0.03683, 0.11535,-0.01157, 0.99333, 0.36545,136.92238,1463.50352,2279.08520,-2.97973, 0.00875, 0.06803,
18.50000,7283.69597,-51.35625,9842.85451, 0.20467, 6.62312,-0.75110,393.73171, 6.62384,-0.00241, 0.00931, 0.00003,-0.03676, 0.11535,-0.01157, 0.99333, 0.36545,136.92240,1463.50355,2279.08520,-2.97973, 0.00875, 0.06803,
18.60000,7323.06550,-51.89155,9842.85406, 0.20517, 6.62314,-0.75479,393.73174, 6.62384,-0.00241, 0.00923, 0.00003,-0.03670, 0.11535,-0.01157, 0.99333, 0.36545,136.92242,1463.50357,2279.08520,-2.97973, 0.00875, 0.06803,
18.70000,7362.43500,-52.42943,9842.85362, 0.20566, 6.62316,-0.75849,393.73176, 6.62384,-0.00241, 0.00917, 0.00003,-0.03664, 0.11535,-0.01157, 0.99333, 0.36545,136.92244,1463.50360,2279.08520,-2.97973, 0.00875, 0.06803,
18.80000,7401.80447,-52.96989,9842.85319, 0.20615, 6.62317,-0.76217,393.73178, 6.62384,-0.00241, 0.00913, 0.00003,-0.03658, 0.11535,-0.01157, 0.99333, 0.36545,136.92246,1463.50362,2279.08520,-2.97973, 0.00875, 0.06803,
18.90000,7441.17390,-53.51291,9842.85278, 0.20664, 6.62319,-0.76585,393.73180, 6.62384,-0.00242, 0.00910, 0.00003,-0.03652, 0.11535,-0.01157, 0.99333, 0.36545,136.92247,1463.50365,2279.08520,-2.97973, 0.00875, 0.06803,
19.00000,7480.54330,-54.05851,9842.85237, 0.20712, 6.62320,-0.76953,393.73182, 6.62384,-0.00242, 0.00909, 0.00003,-0.03647, 0.11535,-0.01157, 0.99333, 0.36545,136.92249,1463.50367,2279.08520,-2.97973, 0.00875, 0.06803,
19.10000,7519.91267,-54.60667,9842.85198, 0.20761, 6.62322,-0.77319,393.73184, 6.62384,-0.00243, 0.00910, 0.00003,-0.03642, 0.11535,-0.01157, 0.99333, 0.36545,136.92250,1463.50369,2279.08520,-2.97973, 0.00875, 0.06803,
19.20000,7559.28200,-55.15739,9842.85159, 0.20810, 6.62324,-0.77686,393.73186, 6.62384,-0.00244, 0.00912, 0.00003,-0.03637, 0.11535,-0.01157, 0.99333, 0.36545,136.92252,1463.50371,2279.08520,-2.97973, 0.00875, 0.06803,
19.30000,7598.65130,-55.71067,9842.85122, 0.20859, 6.62325,-0.78052,393.73188, 6.62384,-0.00245, 0.00915, 0.00003,-0.03633, 0.11535,-0.01157, 0.99333, 0.36545,136.92253,1463.50374,2279.08520,-2.97973, 0.00875, 0.06803,
19.40000,7638.02057,-56.26652,9842.85086, 0.20909, 6.62327,-0.78417,393.73189, 6.62384,-0.00245, 0.00920, 0.00004,-0.03630, 0.11535,-0.01157, 0.99333, 0.36545,136.92254,1463.50376,2279.08520,-2.97973, 0.00875, 0.06803,
19.50000,7677.38980,-56.82491,9842.85051, 0.20959, 6.62329,-0.78783,393.73191, 6.62384,-0.00246, 0.00924, 0.00004,-0.03626, 0.11535,-0.01157, 0.99333, 0.36545,136.92256,1463.50378,2279.08520,-2.97973, 0.00875, 0.06803,
19.60000,7716.75899,-57.38586,9842.85018, 0.21009, 6.62331,-0.79147,393.73192, 6.62384,-0.00247, 0.00929, 0.00004,-0.03623, 0.11535,-0.01157, 0.99333, 0.36545,136.92257,1463.50379,2279.08520,-2.97973, 0.00875, 0.06803,
19.70000,7756.12815,-57.94936,9842.84985, 0.21060, 6.62332,-0.79512,393.73194, 6.62384,-0.00247, 0.00934, 0.00004,-0.03620, 0.11535,-0.01157, 0.99333, 0.36545,136.92258,1463.50381,2279.08520,-2.97973, 0.00875, 0.06803,
19.80000,7795.49728,-58.51540,9842.84954, 0.21112, 6.62334,-0.79876,393.73195, 6.62384,-0.00247, 0.00938, 0.00004,-0.03618, 0.11535,-0.01157, 0.99333, 0.36545,136.92259,1463.50383,2279.08520,-2.97973, 0.00875, 0.06803,
19.90000,7834.86637,-59.08399,9842.84924, 0.21164, 6.62336,-0.80240,393.73196, 6.62384,-0.00247, 0.00942, 0.00004,-0.03615, 0.11535,-0.01157, 0.99333, 0.36545,136.92260,1463.50385,2279.08520,-2.97973, 0.00875, 0.06803,
20.00000,7874.23542,-59.65512,9842.84895, 0.21216, 6.62337,-0.80604,393.73197, 6.62384,-0.00246, 0.00944, 0.00004,-0.03612, 0.11535,-0.01157, 0.99333, 0.36545,136.92261,1463.50386,2279.08520,-2.97973, 0.00875, 0.06803,
20.10000,7913.60444,-60.22878,9842.84867, 0.21269, 6.62339,-0.80968,393.73198, 6.62384,-0.00246, 0.00946, 0.00004,-0.03610, 0.11535,-0.01157, 0.99333, 0.36545,136.92261,1463.50388,2279.08520,-2.97973, 0.00875, 0.06803,
20.20000,7952.97342,-60.80498,9842.84841, 0.21322, 6.62341,-0.81331,393.73199, 6.62384,-0.00245, 0.00946, 0.00004,-0.03607, 0.11535,-0.01157, 0.99333, 0.36545,136.92262,1463.50390,2279.08520,-2.97973, 0.00875, 0.06803,
20.30000,7992.34237,-61.38371,9842.84816, 0.21374, 6.62342,-0.81694,393.73199, 6.62384,-0.00244, 0.00946, 0.00004,-0.03604, 0.11535,-0.01157, 0.99333, 0.36545,136.92263,1463.50391,2279.08520,-2.97973, 0.00875, 0.06803,
20.40000,8031.71128,-61.96497,9842.84791, 0.21427, 6.62344,-0.82057,393.73200, 6.62384,-0.00243, 0.00944, 0.00004,-0.03601, 0.11535,-0.01157, 0.99333, 0.36545,136.92263,1463.50392,2279.08520,-2.97973, 0.00875, 0.06803,
20.50000,8071.08015,-62.54876,9842.84769, 0.21479, 6.62346,-0.82419,393.73201, 6.62384,-0.00242, 0.00941, 0.00004,-0.03597, 0.11535,-0.01157, 0.99333, 0.36545,136.92264,1463.50394,2279.08520,-2.97973, 0.00875, 0.06803,
20.60000,8110.44898,-63.13506,9842.84747, 0.21532, 6.62348,-0.82781,393.73201, 6.62384,-0.00241, 0.00938, 0.00004,-0.03594, 0.11535,-0.01157, 0.99333, 0.36545,136.92264,1463.50395,2279.08520,-2.97973, 0.00875, 0.06803,
20.70000,8149.81778,-63.72389,9842.84726, 0.21583, 6.62349,-0.83143,393.73201, 6.62384,-0.00240, 0.00933, 0.00004,-0.03590, 0.11535,-0.01157, 0.99333, 0.36545,136.92264,1463.50396,2279.08520,-2.97973, 0.00875, 0.06803,
20.80000,8189.18654,-64.31524,9842.84707, 0.21635, 6.62351,-0.83504,393.73202, 6.62384,-0.00240, 0.00928, 0.00004,-0.03585, 0.11535,-0.01157, 0.99333, 0.36545,136.92265,1463.50397,2279.08520,-2.97973, 0.00875, 0.06803,
20.90000,8228.55527,-64.90910,9842.84689, 0.21686, 6.62353,-0.83864,393.73202, 6.62384,-0.00239, 0.00923, 0.00004,-0.03581, 0.11535,-0.01157, 0.99333, 0.36545,136.92265,1463.50398,2279.08520,-2.97973, 0.00875, 0.06803,
21.00000,8267.92395,-65.50547,9842.84672, 0.21736, 6.62355,-0.84225,393.73202, 6.62384,-0.00238, 0.00918, 0.00004,-0.03576, 0.11535,-0.01157, 0.99333, 0.36545,136.92265,1463.50399,2279.08520,-2.97973, 0.00875, 0.06803,
21.10000,8307.29260,-66.10435,9842.84657, 0.21786, 6.62356,-0.84585,393.73202, 6.62384,-0.00237, 0.00913, 0.00004,-0.03572, 0.11535,-0.01157, 0.99333, 0.36545,136.92265,1463.50400,2279.08520,-2.97973, 0.00875, 0.06803,
21.20000,8346.66121,-66.70574,9842.84643, 0.21836, 6.62358,-0.84944,393.73202, 6.62384,-0.00237, 0.00909, 0.00004,-0.03567, 0.11535,-0.01157, 0.99333, 0.36545,136.92265,1463.50401,2279.08520,-2.97973, 0.00875, 0.06803,
21.30000,8386.02978,-67.30963,9842.84629, 0.21885, 6.62360,-0.85303,393.73201, 6.62384,-0.00237, 0.00905, 0.00004,-0.03562, 0.11535,-0.01157, 0.99333, 0.36545,136.92265,1463.50402,2279.08520,-2.97973, 0.00875, 0.06803,
21.40000,8425.39831,-67.91603,9842.84618, 0.21934, 6.62362,-0.85661,393.73201, 6.62384,-0.00236, 0.00901, 0.00004,-0.03557, 0.11535,-0.01157, 0.99333, 0.36545,136.92264,1463.50402,2279.08520,-2.97973, 0.00875, 0.06803,
21.50000,8464.76680,-68.52492,9842.84607, 0.21983, 6.62364,-0.86019,393.73200, 6.62384,-0.00236, 0.00898, 0.00004,-0.03553, 0.11535,-0.01157, 0.99333, 0.36545,136.92264,1463.50403,2279.08520,-2.97973, 0.00875, 0.06803,
21.60000,8504.13525,-69.13631,9842.84598, 0.22032, 6.62365,-0.86376,393.73200, 6.62384,-0.00236, 0.00896, 0.00004,-0.03548, 0.11535,-0.01157, 0.99333, 0.36545,136.92264,1463.50403,2279.08520,-2.97973, 0.00875, 0.06803,
21.70000,8543.50367,-69.75019,9842.84590, 0.22080, 6.62367,-0.86733,393.73199, 6.62384,-0.00236, 0.00895, 0.00004,-0.03543, 0.11535,-0.01157, 0.99333, 0.36545,136.92263,1463.50404,2279.08520,-2.97973, 0.00875, 0.06803,
21.80000,8582.87204,-70.36656,9842.84583, 0.22128, 6.62369,-0.87090,393.73198, 6.62384,-0.00236, 0.00894, 0.00004,-0.03539, 0.11535,-0.01157, 0.99333, 0.36545,136.92263,1463.50404,2279.08520,-2.97973, 0.00875, 0.06803,
21.90000,8622.24037,-70.98541,9842.84577, 0.22177, 6.62371,-0.87446,393.73197, 6.62384,-0.00237, 0.00894, 0.00005,-0.03535, 0.11535,-0.01157, 0.99333, 0.36545,136.92262,1463.50404,2279.08520,-2.97973, 0.00875, 0.06803,
22.00000,8661.60867,-71.60675,9842.84573, 0.22225, 6.62373,-0.87801,393.73196, 6.62384,-0.00237, 0.00895, 0.00005,-0.03531, 0.11535,-0.01157, 0.99333, 0.36545,136.92261,1463.50405,2279.08520,-2.97973, 0.00875, 0.06803,
22.10000,8700.97692,-72.23058,9842.84570, 0.22274, 6.62374,-0.88157,393.73195, 6.62384,-0.00237, 0.00896, 0.00005,-0.03527, 0.11535,-0.01157, 0.99333, 0.36545,136.92261,1463.50405,2279.08520,-2.97973, 0.00875, 0.06803,
22.20000,8740.34513,-72.85688,9842.84568, 0.22322, 6.62376,-0.88512,393.73194, 6.62384,-0.00237, 0.00897, 0.00005,-0.03523, 0.11535,-0.01157, 0.99333, 0.36545,136.92260,1463.50405,2279.08520,-2.97973, 0.00875, 0.06803,
22.30000,8779.71331,-73.48566,9842.84567, 0.22371, 6.62378,-0.88866,393.73193, 6.62384,-0.00237, 0.00898, 0.00005,-0.03520, 0.11535,-0.01157, 0.99333, 0.36545,136.92259,1463.50405,2279.08520,-2.97973, 0.00875, 0.06803,
22.40000,8819.08144,-74.11691,9842.84568, 0.22420, 6.62380,-0.89220,393.73191, 6.62384,-0.00237, 0.00899, 0.00005,-0.03516, 0.11535,-0.01157, 0.99333, 0.36545,136.92258,1463.50405,2279.08520,-2.97973, 0.00875, 0.06803,
22.50000,8858.44953,-74.75064,9842.84570, 0.22469, 6.62382,-0.89574,393.73190, 6.62384,-0.00237, 0.00901, 0.00005,-0.03513, 0.11535,-0.01157, 0.99333, 0.36545,136.92257,1463.50405,2279.08520,-2.97973, 0.00875, 0.06803,
22.60000,8897.81758,-75.38683,9842.84573, 0.22519, 6.62384,-0.89928,393.73188, 6.62384,-0.00237, 0.00901, 0.00004,-0.03510, 0.11535,-0.01157, 0.99333, 0.36545,136.92256,1463.50405,2279.08520,-2.97973, 0.00875, 0.06803,
22.70000,8937.18559,-76.02548,9842.84577, 0.22568, 6.62385,-0.90281,393.73187, 6.62384,-0.00237, 0.00902, 0.00004,-0.03507, 0.11535,-0.01157, 0.99333, 0.36545,136.92255,1463.50404,2279.08520,-2.97973, 0.00875, 0.06803,
22.80000,8976.55355,-76.66660,9842.84583, 0.22618, 6.62387,-0.90634,393.73185, 6.62384,-0.00236, 0.00902, 0.00004,-0.03503, 0.11535,-0.01157, 0.99333, 0.36545,136.92253,1463.50404,2279.08520,-2.97973, 0.00875, 0.06803,
22.90000,9015.92147,-77.31018,9842.84590, 0.22667, 6.62389,-0.90986,393.73183, 6.62384,-0.00236, 0.00902, 0.00004,-0.03500, 0.11535,-0.01157, 0.99333, 0.36545,136.92252,1463.50404,2279.08520,-2.97973, 0.00875, 0.06803,
23.00000,9055.28936,-77.95622,9842.84598, 0.22717, 6.62391,-0.91338,393.73181, 6.62384,-0.00235, 0.00901, 0.00004,-0.03497, 0.11535,-0.01157, 0.99333, 0.36545,136.92251,1463.50403,2279.08520,-2.97973, 0.00875, 0.06803,
23.10000,9094.65719,-78.60471,9842.84608, 0.22766, 6.62393,-0.91690,393.73179, 6.62384,-0.00235, 0.00900, 0.00004,-0.03493, 0.11535,-0.01157, 0.99333, 0.36545,136.92249,1463.50403,2279.08520,-2.97973, 0.00875, 0.06803,
23.20000,9134.02499,-79.25566,9842.84618, 0.22816, 6.62395,-0.92042,393.73176, 6.62384,-0.00234, 0.00899, 0.00004,-0.03490, 0.11535,-0.01157, 0.99333, 0.36545,136.92247,1463.50402,2279.08520,-2.97973, 0.00875, 0.06803,
23.30000,9173.39274,-79.90905,9842.84630, 0.22865, 6.62396,-0.92393,393.73174, 6.62384,-0.00234, 0.00897, 0.00004,-0.03486, 0.11535,-0.01157, 0.99333, 0.36545,136.92246,1463.50401,2279.08520,-2.97973, 0.00875, 0.06803,
23.40000,9212.76045,-80.56489,9842.84644, 0.22914, 6.62398,-0.92744,393.73172, 6.62384,-0.00233, 0.00894, 0.00004,-0.03482, 0.11535,-0.01157, 0.99333, 0.36545,136.92244,1463.50401,2279.08520,-2.97973, 0.00875, 0.06803,
23.50000,9252.12812,-81.22317,9842.84658, 0.22963, 6.62400,-0.93094,393.73169, 6.62384,-0.00233, 0.00892, 0.00004,-0.03478, 0.11535,-0.01157, 0.99333, 0.36545,136.92242,1463.50400,2279.08520,-2.97973, 0.00875, 0.06803,
23.60000,9291.49575,-81.88389,9842.84674, 0.23012, 6.62402,-0.93444,393.73167, 6.62384,-0.00232, 0.00889, 0.00004,-0.03474, 0.11535,-0.01157, 0.99333, 0.36545,136.92240,1463.50399,2279.08520,-2.97973, 0.00875, 0.06803,
23.70000,9330.86333,-82.54705,9842.84691, 0.23060, 6.62404,-0.93793,393.73164, 6.62384,-0.00232, 0.00886, 0.00004,-0.03470, 0.11535,-0.01157, 0.99333, 0.36545,136.92238,1463.50398,2279.08520,-2.97973, 0.00875, 0.06803,
23.80000,9370.23086,-83.21265,9842.84709, 0.23108, 6.62406,-0.94143,393.73161, 6.62384,-0.00231, 0.00884, 0.00004,-0.03466, 0.11535,-0.01157, 0.99333, 0.36545,136.92236,1463.50397,2279.08520,-2.97973, 0.00875, 0.06803,
23.90000,9409.59835,-83.88068,9842.84729, 0.23156, 6.62407,-0.94491,393.73158, 6.62384,-0.00231, 0.00881, 0.00004,-0.03462, 0.11535,-0.01157, 0.99333, 0.36545,136.92234,1463.50396,2279.08520,-2.97973, 0.00875, 0.06803,
24.00000,9448.96580,-84.55114,9842.84750, 0.23204, 6.62409,-0.94840,393.73155, 6.62384,-0.00230, 0.00879, 0.00004,-0.03458, 0.11535,-0.01157, 0.99333, 0.36545,136.92232,1463.50395,2279.08520,-2.97973, 0.00875, 0.06803,
24.10000,9488.33321,-85.22402,9842.84772, 0.23252, 6.62411,-0.95188,393.73152, 6.62384,-0.00230, 0.00876, 0.00004,-0.03454, 0.11535,-0.01157, 0.99333, 0.36545,136.92230,1463.50393,2279.08520,-2.97973, 0.00875, 0.06803,
24.20000,9527.70056,-85.89934,9842.84795, 0.23299, 6.62413,-0.95535,393.73149, 6.62384,-0.00230, 0.00874, 0.00004,-0.03450, 0.11535,-0.01157, 0.99333, 0.36545,136.92227,1463.50392,2279.08520,-2.97973, 0.00875, 0.06803,
24.30000,9567.06788,-86.57707,9842.84819, 0.23346, 6.62415,-0.95882,393.73146, 6.62385,-0.00230, 0.00873, 0.00004,-0.03446, 0.11535,-0.01157, 0.99333, 0.36545,136.92225,1463.50391,2279.08520,-2.97973, 0.00875, 0.06803,
24.40000,9606.43515,-87.25723,9842.84845, 0.23394, 6.62417,-0.96229,393.73142, 6.62385,-0.00230, 0.00871, 0.00004,-0.03442, 0.11535,-0.01157, 0.99333, 0.36545,136.92223,1463.50389,2279.08520,-2.97973, 0.00875, 0.06803,
24.50000,9645.80237,-87.93980,9842.84872, 0.23441, 6.62418,-0.96575,393.73139, 6.62385,-0.00230, 0.00870, 0.00004,-0.03438, 0.11535,-0.01157, 0.99333, 0.36545,136.92220,1463.50388,2279.08520,-2.97973, 0.00875, 0.06803,
24.60000,9685.16955,-88.62479,9842.84900, 0.23488, 6.62420,-0.96921,393.73135, 6.62385,-0.00229, 0.00870, 0.00004,-0.03434, 0.11535,-0.01157, 0.99333, 0.36545,136.92217,1463.50386,2279.08520,-2.97973, 0.00875, 0.06803,
24.70000,9724.53668,-89.31218,9842.84930, 0.23535, 6.62422,-0.97267,393.73131, 6.62385,-0.00229, 0.00869, 0.00004,-0.03430, 0.11535,-0.01157, 0.99332, 0.36545,136.92215,1463.50384,2279.08520,-2.97973, 0.00875, 0.06803,
24.80000,9763.90377,-90.00199,9842.84961, 0.23582, 6.62424,-0.97612,393.73128, 6.62385,-0.00229, 0.00869, 0.00004,-0.03426, 0.11535,-0.01157, 0.99332, 0.36545,136.92212,1463.50383,2279.08520,-2.97973, 0.00875, 0.06803,
24.90000,9803.27081,-90.69420,9842.84993, 0.23629, 6.62426,-0.97956,393.73124, 6.62385,-0.00229, 0.00869, 0.00004,-0.03423, 0.11535,-0.01157, 0.99332, 0.36545,136.92209,1463.50381,2279.08520,-2.97973, 0.00875, 0.06803,
25.00000,9842.63780,-91.38882,9842.85026, 0.23676, 6.62427,-0.98301,393.73120, 6.62385,-0.00229, 0.00868, 0.00004,-0.03419, 0.11535,-0.01157, 0.99332, 0.36545,136.92206,1463.50379,2279.08520,-2.97973, 0.00875, 0.06803,
25.10000,9882.00475,-92.08584,9842.85060, 0.23723, 6.62429,-0.98645,393.73116, 6.62385,-0.00229, 0.00868, 0.00004,-0.03415, 0.11535,-0.01157, 0.99332, 0.36545,136.92203,1463.50377,2279.08520,-2.97973, 0.00875, 0.06803,
25.20000,9921.37165,-92.78526,9842.85096, 0.23770, 6.62431,-0.98988,393.73111, 6.62385,-0.00229, 0.00868, 0.00004,-0.03412, 0.11535,-0.01157, 0.99332, 0.36545,136.92200,1463.50375,2279.08520,-2.97973, 0.00875, 0.06803,
25.30000,9960.73850,-93.48707,9842.85133, 0.23818, 6.62433,-0.99332,393.73107, 6.62385,-0.00228, 0.00868, 0.00004,-0.03409, 0.11535,-0.01157, 0.99332, 0.36545,136.92197,1463.50373,2279.08520,-2.97973, 0.00875, 0.06803,
25.40000,10000.10531,-94.19128,9842.85171, 0.23865, 6.62435,-0.99675,393.73103, 6.62385,-0.00228, 0.00868, 0.00004,-0.03405, 0.11535,-0.01157, 0.99332, 0.36545,136.92194,1463.50371,2279.08520,-2.97973, 0.00875, 0.06803,
25.50000,10039.47207,-94.89788,9842.85210, 0.23912, 6.62436,-1.00017,393.73098, 6.62385,-0.00228, 0.00867, 0.00004,-0.03402, 0.11535,-0.01157, 0.99332, 0.36545,136.92191,1463.50369,2279.08520,-2.97973, 0.00875, 0.06803,
25.60000,10078.83878,-95.60686,9842.85250, 0.23959, 6.62438,-1.00360,393.73094, 6.62385,-0.00228, 0.00867, 0.00004,-0.03398, 0.11535,-0.01157, 0.99332, 0.36545,136.92187,1463.50366,2279.08520,-2.97973, 0.00875, 0.06803,
25.70000,10118.20545,-96.31823,9842.85292, 0.24006, 6.62440,-1.00702,393.73089, 6.62385,-0.00227, 0.00866, 0.00003,-0.03395, 0.11535,-0.01157, 0.99332, 0.36545,136.92184,1463.50364,2279.08520,-2.97973, 0.00875, 0.06803,
25.80000,10157.57206,-97.03199,9842.85335, 0.24054, 6.62442,-1.01043,393.73084, 6.62385,-0.00227, 0.00865, 0.00003,-0.03391, 0.11535,-0.01157, 0.99332, 0.36545,136.92180,1463.50361,2279.08520,-2.97973, 0.00875, 0.06803,
25.90000,10196.93863,-97.74812,9842.85379, 0.24101, 6.62443,-1.01384,393.73080, 6.62385,-0.00227, 0.00863, 0.00003,-0.03388, 0.11535,-0.01157, 0.99332, 0.36545,136.92177,1463.50359,2279.08520,-2.97973, 0.00875, 0.06803,
26.00000,10236.30515,-98.46664,9842.85424, 0.24148, 6.62445,-1.01725,393.73075, 6.62385,-0.00226, 0.00862, 0.00003,-0.03384, 0.11535,-0.01157, 0.99332, 0.36545,136.92173,1463.50356,2279.08520,-2.97973, 0.00875, 0.06803,
26.10000,10275.67162,-99.18752,9842.85471, 0.24194, 6.62447,-1.02066,393.73070, 6.62385,-0.00226, 0.00861, 0.00003,-0.03380, 0.11535,-0.01157, 0.99332, 0.36545,136.92169,1463.50354,2279.08520,-2.97973, 0.00875, 0.06803,
26.20000,10315.03805,-99.91078,9842.85518, 0.24241, 6.62449,-1.02406,393.73064, 6.62385,-0.00225, 0.00859, 0.00003,-0.03377, 0.11535,-0.01157, 0.99332, 0.36545,136.92166,1463.50351,2279.08520,-2.97973, 0.00875, 0.06803,
26.30000,10354.40442,-100.63641,9842.85567, 0.24288, 6.62450,-1.02746,393.73059, 6.62385,-0.00225, 0.00857, 0.00003,-0.03373, 0.11535,-0.01157, 0.99332, 0.36545,136.92162,1463.50348,2279.08520,-2.97973, 0.00875, 0.06803,
26.40000,10393.77075,-101.36441,9842.85617, 0.24334, 6.62452,-1.03085,393.73054, 6.62385,-0.00225, 0.00856, 0.00003,-0.03369, 0.11535,-0.01157, 0.99332, 0.36545,136.92158,1463.50345,2279.08520,-2.97973, 0.00875, 0.06803,
26.50000,10433.13702,-102.09477,9842.85668, 0.24381, 6.62454,-1.03424,393.73049, 6.62386,-0.00224, 0.00854, 0.00003,-0.03366, 0.11535,-0.01157, 0.99332, 0.36545,136.92154,1463.50342,2279.08520,-2.97973, 0.00875, 0.06803,
26.60000,10472.50325,-102.82750,9842.85721, 0.24427, 6.62456,-1.03763,393.73043, 6.62386,-0.00224, 0.00852, 0.00003,-0.03362, 0.11535,-0.01157, 0.99332, 0.36545,136.92150,1463.50340,2279.08520,-2.97973, 0.00875, 0.06803,
26.70000,10511.86943,-103.56258,9842.85774, 0.24473, 6.62457,-1.04101,393.73038, 6.62386,-0.00224, 0.00850, 0.00003,-0.03358, 0.11535,-0.01157, 0.99332, 0.36545,136.92146,1463.50336,2279.08520,-2.97973, 0.00875, 0.06803,
26.80000,10551.23556,-104.30002,9842.85829, 0.24519, 6.62459,-1.04439,393.73032, 6.62386,-0.00224, 0.00849, 0.00003,-0.03354, 0.11535,-0.01157, 0.99332, 0.36545,136.92142,1463.50333,2279.08520,-2.97973, 0.00875, 0.06803,
26.90000,10590.60164,-105.03982,9842.85885, 0.24565, 6.62461,-1.04776,393.73026, 6.62386,-0.00223, 0.00847, 0.00003,-0.03351, 0.11535,-0.01157, 0.99332, 0.36545,136.92138,1463.50330,2279.08520,-2.97973, 0.00875, 0.06803,
27.00000,10629.96766,-105.78197,9842.85942, 0.24611, 6.62462,-1.05113,393.73020, 6.62386,-0.00223, 0.00846, 0.00002,-0.03347, 0.11535,-0.01157, 0.99332, 0.36545,136.92133,1463.50327,2279.08520,-2.97973, 0.00875, 0.06803,
27.10000,10669.33364,-106.52647,9842.86000, 0.24656, 6.62464,-1.05450,393.73015, 6.62386,-0.00223, 0.00845, 0.00002,-0.03343, 0.11535,-0.01157, 0.99332, 0.36545,136.92129,1463.50324,2279.08520,-2.97973, 0.00875, 0.06803,
27.20000,10708.69957,-107.27331,9842.86059, 0.24702, 6.62466,-1.05786,393.73009, 6.62386,-0.00223, 0.00844, 0.00002,-0.03339, 0.11535,-0.01157, 0.99332, 0.36545,136.92125,1463.50320,2279.08520,-2.97973, 0.00875, 0.06803,
27.30000,10748.06545,-108.02250,9842.86119, 0.24747, 6.62467,-1.06122,393.73003, 6.62386,-0.00222, 0.00843, 0.00002,-0.03336, 0.11535,-0.01157, 0.99332, 0.36545,136.92120,1463.50317,2279.08520,-2.97973, 0.00875, 0.06803,
27.40000,10787.43127,-108.77403,9842.86181, 0.24793, 6.62469,-1.06458,393.72996, 6.62386,-0.00222, 0.00842, 0.00002,-0.03332, 0.11535,-0.01157, 0.99332, 0.36545,136.92116,1463.50313,2279.08520,-2.97973, 0.00875, 0.06803,
27.50000,10826.79705,-109.52790,9842.86243, 0.24838, 6.62471,-1.06793,393.72990, 6.62386,-0.00222, 0.00841, 0.00002,-0.03328, 0.11535,-0.01157, 0.99332, 0.36545,136.92111,1463.50310,2279.08520,-2.97973, 0.00875, 0.06803,
27.60000,10866.16277,-110.28411,9842.86307, 0.24884, 6.62472,-1.07128,393.72984, 6.62386,-0.00222, 0.00840, 0.00002,-0.03325, 0.11535,-0.01157, 0.99332, 0.36545,136.92106,1463.50306,2279.08520,-2.97973, 0.00875, 0.06803,
27.70000,10905.52845,-111.04265,9842.86372, 0.24929, 6.62474,-1.07463,393.72977, 6.62386,-0.00222, 0.00840, 0.00002,-0.03321, 0.11535,-0.01157, 0.99332, 0.36545,136.92102,1463.50303,2279.08520,-2.97973, 0.00875, 0.06803,
27.80000,10944.89407,-111.80352,9842.86437, 0.24975, 6.62476,-1.07797,393.72971, 6.62386,-0.00221, 0.00839, 0.00002,-0.03318, 0.11535,-0.01157, 0.99332, 0.36545,136.92097,1463.50299,2279.08520,-2.97973, 0.00875, 0.06803,
27.90000,10984.25964,-112.56672,9842.86504, 0.25020, 6.62477,-1.08131,393.72964, 6.62386,-0.00221, 0.00838, 0.00002,-0.03314, 0.11535,-0.01157, 0.99332, 0.36545,136.92092,1463.50295,2279.08520,-2.97973, 0.00875, 0.06803,
28.00000,11023.62516,-113.33225,9842.86572, 0.25065, 6.62479,-1.08464,393.72958, 6.62386,-0.00221, 0.00838, 0.00001,-0.03311, 0.11535,-0.01157, 0.99332, 0.36545,136.92087,1463.50291,2279.08520,-2.97973, 0.00875, 0.06803,
28.10000,11062.99062,-114.10010,9842.86641, 0.25111, 6.62480,-1.08797,393.72951, 6.62386,-0.00221, 0.00837, 0.00001,-0.03307, 0.11535,-0.01157, 0.99332, 0.36545,136.92082,1463.50287,2279.08520,-2.97973, 0.00875, 0.06803,
28.20000,11102.35604,-114.87028,9842.86711, 0.25156, 6.62482,-1.09130,393.72944, 6.62387,-0.00221, 0.00836, 0.00001,-0.03304, 0.11535,-0.01157, 0.99332, 0.36545,136.92077,1463.50283,2279.08520,-2.97973, 0.00875, 0.06803,
28.30000,11141.72140,-115.64277,9842.86783, 0.25201, 6.62484,-1.09463,393.72937, 6.62387,-0.00220, 0.00835, 0.00001,-0.03301, 0.11535,-0.01157, 0.99332, 0.36545,136.92072,1463.50279,2279.08520,-2.97973, 0.00875, 0.06803,
28.40000,11181.08671,-116.41758,9842.86855, 0.25246, 6.62485,-1.09795,393.72931, 6.62387,-0.00220, 0.00834, 0.00001,-0.03297, 0.11535,-0.01157, 0.99332, 0.36545,136.92067,1463.50275,2279.08520,-2.97973, 0.00875, 0.06803,
28.50000,11220.45197,-117.19471,9842.86928, 0.25291, 6.62487,-1.10126,393.72924, 6.62387,-0.00220, 0.00833, 0.00001,-0.03294, 0.11535,-0.01157, 0.99332, 0.36545,136.92062,1463.50271,2279.08520,-2.97973, 0.00875, 0.06803,
28.60000,11259.81717,-117.97414,9842.87002, 0.25337, 6.62488,-1.10458,393.72916, 6.62387,-0.00219, 0.00832, 0.00001,-0.03290, 0.11535,-0.01157, 0.99332, 0.36545,136.92056,1463.50267,2279.08520,-2.97973, 0.00875, 0.06803,
28.70000,11299.18232,-118.75589,9842.87078, 0.25382, 6.62490,-1.10789,393.72909, 6.62387,-0.00219, 0.00831, 0.00001,-0.03287, 0.11535,-0.01157, 0.99332, 0.36545,136.92051,1463.50262,2279.08520,-2.97973, 0.00875, 0.06803,
28.80000,11338.54742,-119.53994,9842.87154, 0.25426, 6.62491,-1.11119,393.72902, 6.62387,-0.00219, 0.00830, 0.00001,-0.03283, 0.11535,-0.01157, 0.99332, 0.36545,136.92046,1463.50258,2279.08520,-2.97973, 0.00875, 0.06803,
28.90000,11377.91247,-120.32630,9842.87231, 0.25471, 6.62493,-1.11450,393.72895, 6.62387,-0.00218, 0.00829, 0.00000,-0.03280, 0.11535,-0.01157, 0.99331, 0.36545,136.92040,1463.50254,2279.08520,-2.97973, 0.00875, 0.06803,
29.00000,11417.27746,-121.11496,9842.87310, 0.25516, 6.62494,-1.11780,393.72887, 6.62387,-0.00218, 0.00828, 0.00000,-0.03276, 0.11535,-0.01157, 0.99331, 0.36545,136.92035,1463.50249,2279.08520,-2.97973, 0.00875, 0.06803,
29.10000,11456.64240,-121.90591,9842.87389, 0.25561, 6.62496,-1.12109,393.72880, 6.62387,-0.00218, 0.00826, 0.00000,-0.03273, 0.11535,-0.01157, 0.99331, 0.36545,136.92029,1463.50245,2279.08520,-2.97973, 0.00875, 0.06803,
29.20000,11496.00728,-122.69917,9842.87469, 0.25605, 6.62497,-1.12439,393.72872, 6.62387,-0.00218, 0.00825, 0.00000,-0.03269, 0.11535,-0.01157, 0.99331, 0.36545,136.92024,1463.50240,2279.08520,-2.97973, 0.00875, 0.06803,
29.30000,11535.37211,-123.49472,9842.87551, 0.25650, 6.62499,-1.12768,393.72865, 6.62387,-0.00217, 0.00824,-0.00000,-0.03265, 0.11535,-0.01157, 0.99331, 0.36545,136.92018,1463.50236,2279.08520,-2.97973, 0.00875, 0.06803,
29.40000,11574.73689,-124.29256,9842.87633, 0.25694, 6.62500,-1.13096,393.72857, 6.62387,-0.00217, 0.00822,-0.00000,-0.03262, 0.11535,-0.01157, 0.99331, 0.36545,136.92012,1463.50231,2279.08520,-2.97973, 0.00875, 0.06803,
29.50000,11614.10161,-125.09268,9842.87716, 0.25738, 6.62502,-1.13424,393.72849, 6.62387,-0.00217, 0.00821,-0.00000,-0.03258, 0.11535,-0.01157, 0.99331, 0.36545,136.92007,1463.50226,2279.08520,-2.97973, 0.00875, 0.06803,
29.60000,11653.46628,-125.89510,9842.87800, 0.25783, 6.62503,-1.13752,393.72842, 6.62387,-0.00217, 0.00820,-0.00000,-0.03255, 0.11535,-0.01157, 0.99331, 0.36545,136.92001,1463.50221,2279.08520,-2.97973, 0.00875, 0.06803,
29.70000,11692.83089,-126.69980,9842.87885, 0.25827, 6.62504,-1.14080,393.72834, 6.62388,-0.00216, 0.00819,-0.00001,-0.03251, 0.11535,-0.01157, 0.99331, 0.36545,136.91995,1463.50217,2279.08520,-2.97973, 0.00875, 0.06803,
29.80000,11732.19545,-127.50678,9842.87971, 0.25871, 6.62506,-1.14407,393.72826, 6.62388,-0.00216, 0.00818,-0.00001,-0.03248, 0.11535,-0.01157, 0.99331, 0.36545,136.91989,1463.50212,2279.08520,-2.97973, 0.00875, 0.06803,
29.90000,11771.55995,-128.31604,9842.88058, 0.25915, 6.62507,-1.14734,393.72818, 6.62388,-0.00216, 0.00817,-0.00001,-0.03244, 0.11535,-0.01157, 0.99331, 0.36545,136.91983,1463.50207,2279.08520,-2.97973, 0.00875, 0.06803,
30.00000,11810.92440,-129.12758,9842.88146, 0.25959, 6.62509,-1.15060,393.72810, 6.62388,-0.00216, 0.00816,-0.00001,-0.03241, 0.11535,-0.01157, 0.99331, 0.36545,136.91977,1463.50202,2279.08520,-2.97973, 0.00875, 0.06803,
