A_hi = 
 0.00000, 0.00000, 0.00000, 0.00000, 0.00000, 0.00000, 1.00000, 0.00000, 0.00000, 0.00000, 0.00000, 0.00000, 0.00000, 0.00000, 0.00000, 0.00000, 0.00000, 0.00000,
 0.00000, 0.00000, 0.00000,-31.92564, 0.00000,400.00000, 0.00000, 0.00000,400.00000, 0.00000, 0.00000, 0.00000, 0.00000, 0.00000, 0.00000, 0.00000, 0.00000, 0.00000,
 0.00000, 0.00000, 0.00000, 0.00000,400.00000, 0.00000, 0.00000,-400.00000, 0.00000, 0.00000, 0.00000, 0.00000, 0.00000, 0.00000, 0.00000, 0.00000, 0.00000, 0.00000,
 0.00000, 0.00000, 0.00000, 0.00000, 0.00000, 0.00000, 0.00000, 0.00000, 0.00000, 1.00000, 0.00000, 0.08007, 0.00000, 0.00000, 0.00000, 0.00000, 0.00000, 0.00000,
 0.00000, 0.00000, 0.00000, 0.00000, 0.00000, 0.00000, 0.00000, 0.00000, 0.00000, 0.00000, 1.00000, 0.00000, 0.00000, 0.00000, 0.00000, 0.00000, 0.00000, 0.00000,
 0.00000, 0.00000, 0.00000, 0.00000, 0.00000, 0.00000, 0.00000, 0.00000, 0.00000, 0.00000, 0.00000, 1.00320, 0.00000, 0.00000, 0.00000, 0.00000, 0.00000, 0.00000,
 0.00000, 0.00000, 0.00008, 0.00000,-32.17000, 0.00000,-0.01251, 6.18685,-0.19521, 0.00000,-1.09592, 0.00000, 0.00156, 0.02852, 0.00000, 0.00000,-0.00123, 0.00000,
 0.00000, 0.00000, 0.00000, 0.00000, 0.00000, 0.00000,-0.00035,-0.63531, 0.00346, 0.00000, 0.92862, 0.00000,-0.00000,-0.00135, 0.00000, 0.00000, 0.00041, 0.00000,
 0.00000, 0.00000, 0.00000, 0.08017, 0.00000, 0.00000,-0.00000,-0.00785,-0.17510, 0.08038, 0.00000,-0.99089, 0.00000, 0.00000, 0.00019, 0.00051,-0.00002, 0.00000,
 0.00000, 0.00000,-0.00000, 0.00000, 0.00000, 0.00000, 0.00002,-0.18635,-17.09593,-2.09996, 0.00000, 0.51075, 0.00000,-0.00090,-0.32345, 0.06092,-0.00188, 0.00000,
 0.00000, 0.00000, 0.00000, 0.00000, 0.00000, 0.00000,-0.00001,-0.44523,-0.03873, 0.00000,-0.82101, 0.00000, 0.00000,-0.08914, 0.00000, 0.00000,-0.01149, 0.00000,
 0.00000, 0.00000, 0.00000, 0.00000, 0.00000, 0.00000,-0.00002, 0.01960, 3.64379,-0.03994, 0.00000,-0.29559, 0.00000, 0.00116,-0.01353,-0.03030, 0.00051, 0.00000,
 0.00000, 0.00000, 0.00000, 0.00000, 0.00000, 0.00000, 0.00000, 0.00000, 0.00000, 0.00000, 0.00000, 0.00000,-1.00000, 0.00000, 0.00000, 0.00000, 0.00000, 0.00000,
 0.00000, 0.00000, 0.00000, 0.00000, 0.00000, 0.00000, 0.00000, 0.00000, 0.00000, 0.00000, 0.00000, 0.00000, 0.00000,-20.20000, 0.00000, 0.00000, 0.00000, 0.00000,
 0.00000, 0.00000, 0.00000, 0.00000, 0.00000, 0.00000, 0.00000, 0.00000, 0.00000, 0.00000, 0.00000, 0.00000, 0.00000, 0.00000,-20.20000, 0.00000, 0.00000, 0.00000,
 0.00000, 0.00000, 0.00000, 0.00000, 0.00000, 0.00000, 0.00000, 0.00000, 0.00000, 0.00000, 0.00000, 0.00000, 0.00000, 0.00000, 0.00000,-20.20000, 0.00000, 0.00000,
 0.00000, 0.00000,-0.00005, 0.00000, 0.00000, 0.00000,-0.03217,1162.76729, 0.00000, 0.00000, 0.00000, 0.00000, 0.00000, 0.00000, 0.00000, 0.00000,-7.35294,10.14706,
 0.00000, 0.00000, 0.00000, 0.00000, 0.00000, 0.00000, 0.00000,-415.39440, 0.00000, 0.00000, 0.00000, 0.00000, 0.00000, 0.00000, 0.00000, 0.00000, 0.00000,-7.25000,


B_hi = 
 0.00000, 0.00000, 0.00000, 0.00000,
 0.00000, 0.00000, 0.00000, 0.00000,
 0.00000, 0.00000, 0.00000, 0.00000,
 0.00000, 0.00000, 0.00000, 0.00000,
 0.00000, 0.00000, 0.00000, 0.00000,
 0.00000, 0.00000, 0.00000, 0.00000,
 0.00000, 0.00000, 0.00000, 0.00000,
 0.00000, 0.00000, 0.00000, 0.00000,
 0.00000, 0.00000, 0.00000, 0.00000,
 0.00000, 0.00000, 0.00000, 0.00000,
 0.00000, 0.00000, 0.00000, 0.00000,
 0.00000, 0.00000, 0.00000, 0.00000,
 1.00000, 0.00000, 0.00000, 0.00000,
 0.00000,20.20000, 0.00000, 0.00000,
 0.00000, 0.00000,20.20000, 0.00000,
 0.00000, 0.00000, 0.00000,20.20000,
 0.00000, 0.00000, 0.00000, 0.00000,
 0.00000, 0.00000, 0.00000, 0.00000,


C_hi = 
 1.00000, 0.00000, 0.00000, 0.00000, 0.00000, 0.00000, 0.00000, 0.00000, 0.00000, 0.00000, 0.00000, 0.00000, 0.00000, 0.00000, 0.00000, 0.00000, 0.00000, 0.00000,
 0.00000, 1.00000, 0.00000, 0.00000, 0.00000, 0.00000, 0.00000, 0.00000, 0.00000, 0.00000, 0.00000, 0.00000, 0.00000, 0.00000, 0.00000, 0.00000, 0.00000, 0.00000,
 0.00000, 0.00000, 1.00000, 0.00000, 0.00000, 0.00000, 0.00000, 0.00000, 0.00000, 0.00000, 0.00000, 0.00000, 0.00000, 0.00000, 0.00000, 0.00000, 0.00000, 0.00000,
 0.00000, 0.00000, 0.00000,57.29578, 0.00000, 0.00000, 0.00000, 0.00000, 0.00000, 0.00000, 0.00000, 0.00000, 0.00000, 0.00000, 0.00000, 0.00000, 0.00000, 0.00000,
 0.00000, 0.00000, 0.00000, 0.00000,57.29578, 0.00000, 0.00000, 0.00000, 0.00000, 0.00000, 0.00000, 0.00000, 0.00000, 0.00000, 0.00000, 0.00000, 0.00000, 0.00000,
 0.00000, 0.00000, 0.00000, 0.00000, 0.00000,57.29578, 0.00000, 0.00000, 0.00000, 0.00000, 0.00000, 0.00000, 0.00000, 0.00000, 0.00000, 0.00000, 0.00000, 0.00000,
 0.00000, 0.00000, 0.00000, 0.00000, 0.00000, 0.00000, 1.00000, 0.00000, 0.00000, 0.00000, 0.00000, 0.00000, 0.00000, 0.00000, 0.00000, 0.00000, 0.00000, 0.00000,
 0.00000, 0.00000, 0.00000, 0.00000, 0.00000, 0.00000, 0.00000,57.29578, 0.00000, 0.00000, 0.00000, 0.00000, 0.00000, 0.00000, 0.00000, 0.00000, 0.00000, 0.00000,
 0.00000, 0.00000, 0.00000, 0.00000, 0.00000, 0.00000, 0.00000, 0.00000,57.29578, 0.00000, 0.00000, 0.00000, 0.00000, 0.00000, 0.00000, 0.00000, 0.00000, 0.00000,
 0.00000, 0.00000, 0.00000, 0.00000, 0.00000, 0.00000, 0.00000, 0.00000, 0.00000,57.29578, 0.00000, 0.00000, 0.00000, 0.00000, 0.00000, 0.00000, 0.00000, 0.00000,
 0.00000, 0.00000, 0.00000, 0.00000, 0.00000, 0.00000, 0.00000, 0.00000, 0.00000, 0.00000,57.29578, 0.00000, 0.00000, 0.00000, 0.00000, 0.00000, 0.00000, 0.00000,
 0.00000, 0.00000, 0.00000, 0.00000, 0.00000, 0.00000, 0.00000, 0.00000, 0.00000, 0.00000, 0.00000,57.29578, 0.00000, 0.00000, 0.00000, 0.00000, 0.00000, 0.00000,
 0.00000, 0.00000, 0.00000, 0.00000, 0.00012, 0.00000,-0.00009, 0.57584,-0.00043, 0.00000, 0.03687, 0.00000, 0.00005, 0.00222, 0.00000, 0.00000,-0.00045, 0.00000,
 0.00000, 0.00000, 0.00000,-0.00012, 0.00000, 0.00000,-0.00005,-0.09760,-2.17689, 0.00698, 0.00000, 0.07364, 0.00000, 0.00000, 0.00238, 0.00630,-0.00023, 0.00000,
 0.00000, 0.00000,-0.00002, 0.00000,-0.00001, 0.00000, 0.00375, 7.87756,-0.04306, 0.00000, 0.88730, 0.00000, 0.00000, 0.01663, 0.00000, 0.00000,-0.00512, 0.00000,
 0.00000, 0.00000, 0.00000, 0.00000, 0.00000, 0.00000, 0.00093, 0.00000, 0.00000, 0.00000, 0.00000, 0.00000, 0.00000, 0.00000, 0.00000, 0.00000, 0.00000, 0.00000,
 0.00000, 0.00000,-0.00440, 0.00000, 0.00000, 0.00000, 0.70312, 0.00000, 0.00000, 0.00000, 0.00000, 0.00000, 0.00000, 0.00000, 0.00000, 0.00000, 0.00000, 0.00000,
 0.00000, 0.00000,-0.05654, 0.00000, 0.00000, 0.00000, 0.00000, 0.00000, 0.00000, 0.00000, 0.00000, 0.00000, 0.00000, 0.00000, 0.00000, 0.00000, 0.00000, 0.00000,


D_hi = 
 0.00000, 0.00000, 0.00000, 0.00000,
 0.00000, 0.00000, 0.00000, 0.00000,
 0.00000, 0.00000, 0.00000, 0.00000,
 0.00000, 0.00000, 0.00000, 0.00000,
 0.00000, 0.00000, 0.00000, 0.00000,
 0.00000, 0.00000, 0.00000, 0.00000,
 0.00000, 0.00000, 0.00000, 0.00000,
 0.00000, 0.00000, 0.00000, 0.00000,
 0.00000, 0.00000, 0.00000, 0.00000,
 0.00000, 0.00000, 0.00000, 0.00000,
 0.00000, 0.00000, 0.00000, 0.00000,
 0.00000, 0.00000, 0.00000, 0.00000,
 0.00000, 0.00000, 0.00000, 0.00000,
 0.00000, 0.00000, 0.00000, 0.00000,
 0.00000, 0.00000, 0.00000, 0.00000,
 0.00000, 0.00000, 0.00000, 0.00000,
 0.00000, 0.00000, 0.00000, 0.00000,
 0.00000, 0.00000, 0.00000, 0.00000,


A_lo = 
 0.00000, 0.00000, 0.00000, 0.00000, 0.00000, 0.00000, 1.00000, 0.00000, 0.00000, 0.00000, 0.00000, 0.00000, 0.00000, 0.00000, 0.00000, 0.00000, 0.00000, 0.00000,
 0.00000, 0.00000, 0.00000,-12.71627, 0.00000,400.00000, 0.00000, 0.00000,400.00000, 0.00000, 0.00000, 0.00000, 0.00000, 0.00000, 0.00000, 0.00000, 0.00000, 0.00000,
 0.00000, 0.00000, 0.00000, 0.00000,400.00000, 0.00000,-0.00000,-400.00000, 0.00000, 0.00000, 0.00000, 0.00000, 0.00000, 0.00000, 0.00000, 0.00000, 0.00000, 0.00000,
 0.00000, 0.00000, 0.00000, 0.00000, 0.00000, 0.00000, 0.00000, 0.00000, 0.00000, 1.00000, 0.00000, 0.03181, 0.00000, 0.00000, 0.00000, 0.00000, 0.00000, 0.00000,
 0.00000, 0.00000, 0.00000, 0.00000, 0.00000, 0.00000, 0.00000, 0.00000, 0.00000, 0.00000, 1.00000, 0.00000, 0.00000, 0.00000, 0.00000, 0.00000, 0.00000, 0.00000,
 0.00000, 0.00000, 0.00000, 0.00000, 0.00000, 0.00000, 0.00000, 0.00000, 0.00000, 0.00000, 0.00000, 1.00051, 0.00000, 0.00000, 0.00000, 0.00000, 0.00000, 0.00000,
 0.00000, 0.00000, 0.00005, 0.00000,-32.17000, 0.00000,-0.00792,30.75829, 0.00000, 0.00000,-0.24746, 0.00000, 0.00157, 0.08479, 0.00000, 0.00000, 0.00000, 0.00000,
 0.00000, 0.00000, 0.00000, 0.00000, 0.00000, 0.00000,-0.00032,-0.09342, 0.00000, 0.00000, 0.93014, 0.00000,-0.00000,-0.00127, 0.00000, 0.00000, 0.00000, 0.00000,
 0.00000, 0.00000,-0.00000, 0.08038, 0.00000, 0.00000, 0.00000, 0.00000, 0.31717, 0.03130, 0.00000,-0.99387, 0.00000, 0.00000, 0.00016, 0.00047, 0.00000, 0.00000,
 0.00000, 0.00000, 0.00000, 0.00000, 0.00000, 0.00000,-0.00000,-0.00000,-13.98512,-2.17336, 0.00000, 0.37557, 0.00000, 0.00000,-0.33740, 0.05210, 0.00000, 0.00000,
 0.00000, 0.00000, 0.00000, 0.00000, 0.00000, 0.00000,-0.00002,-1.17153, 0.00000, 0.00000,-0.81499, 0.00000, 0.00000,-0.08570, 0.00000, 0.00000, 0.00000, 0.00000,
 0.00000, 0.00000, 0.00000, 0.00000, 0.00000, 0.00000,-0.00000, 0.00000, 4.43684,-0.01112, 0.00000,-0.29351, 0.00000, 0.00000,-0.02012,-0.03504, 0.00000, 0.00000,
 0.00000, 0.00000, 0.00000, 0.00000, 0.00000, 0.00000, 0.00000, 0.00000, 0.00000, 0.00000, 0.00000, 0.00000,-1.00000, 0.00000, 0.00000, 0.00000, 0.00000, 0.00000,
 0.00000, 0.00000, 0.00000, 0.00000, 0.00000, 0.00000, 0.00000, 0.00000, 0.00000, 0.00000, 0.00000, 0.00000, 0.00000,-20.20000, 0.00000, 0.00000, 0.00000, 0.00000,
 0.00000, 0.00000, 0.00000, 0.00000, 0.00000, 0.00000, 0.00000, 0.00000, 0.00000, 0.00000, 0.00000, 0.00000, 0.00000, 0.00000,-20.20000, 0.00000, 0.00000, 0.00000,
 0.00000, 0.00000, 0.00000, 0.00000, 0.00000, 0.00000, 0.00000, 0.00000, 0.00000, 0.00000, 0.00000, 0.00000, 0.00000, 0.00000, 0.00000,-20.20000, 0.00000, 0.00000,
 0.00000, 0.00000,-0.00005, 0.00000, 0.00000, 0.00000,-0.03217,1162.76729, 0.00000, 0.00000, 0.00000, 0.00000, 0.00000, 0.00000, 0.00000, 0.00000,-7.35294,10.14706,
 0.00000, 0.00000, 0.00000, 0.00000, 0.00000, 0.00000, 0.00000,-415.39440, 0.00000, 0.00000, 0.00000, 0.00000, 0.00000, 0.00000, 0.00000, 0.00000, 0.00000,-7.25000,


B_lo = 
 0.00000, 0.00000, 0.00000, 0.00000,
 0.00000, 0.00000, 0.00000, 0.00000,
 0.00000, 0.00000, 0.00000, 0.00000,
 0.00000, 0.00000, 0.00000, 0.00000,
 0.00000, 0.00000, 0.00000, 0.00000,
 0.00000, 0.00000, 0.00000, 0.00000,
 0.00000, 0.00000, 0.00000, 0.00000,
 0.00000, 0.00000, 0.00000, 0.00000,
 0.00000, 0.00000, 0.00000, 0.00000,
 0.00000, 0.00000, 0.00000, 0.00000,
 0.00000, 0.00000, 0.00000, 0.00000,
 0.00000, 0.00000, 0.00000, 0.00000,
 1.00000, 0.00000, 0.00000, 0.00000,
 0.00000,20.20000, 0.00000, 0.00000,
 0.00000, 0.00000,20.20000, 0.00000,
 0.00000, 0.00000, 0.00000,20.20000,
 0.00000, 0.00000, 0.00000, 0.00000,
 0.00000, 0.00000, 0.00000, 0.00000,


C_lo = 
 1.00000, 0.00000, 0.00000, 0.00000, 0.00000, 0.00000, 0.00000, 0.00000, 0.00000, 0.00000, 0.00000, 0.00000, 0.00000, 0.00000, 0.00000, 0.00000, 0.00000, 0.00000,
 0.00000, 1.00000, 0.00000, 0.00000, 0.00000, 0.00000, 0.00000, 0.00000, 0.00000, 0.00000, 0.00000, 0.00000, 0.00000, 0.00000, 0.00000, 0.00000, 0.00000, 0.00000,
 0.00000, 0.00000, 1.00000, 0.00000, 0.00000, 0.00000, 0.00000, 0.00000, 0.00000, 0.00000, 0.00000, 0.00000, 0.00000, 0.00000, 0.00000, 0.00000, 0.00000, 0.00000,
 0.00000, 0.00000, 0.00000,57.29578, 0.00000, 0.00000, 0.00000, 0.00000, 0.00000, 0.00000, 0.00000, 0.00000, 0.00000, 0.00000, 0.00000, 0.00000, 0.00000, 0.00000,
 0.00000, 0.00000, 0.00000, 0.00000,57.29578, 0.00000, 0.00000, 0.00000, 0.00000, 0.00000, 0.00000, 0.00000, 0.00000, 0.00000, 0.00000, 0.00000, 0.00000, 0.00000,
 0.00000, 0.00000, 0.00000, 0.00000, 0.00000,57.29578, 0.00000, 0.00000, 0.00000, 0.00000, 0.00000, 0.00000, 0.00000, 0.00000, 0.00000, 0.00000, 0.00000, 0.00000,
 0.00000, 0.00000, 0.00000, 0.00000, 0.00000, 0.00000, 1.00000, 0.00000, 0.00000, 0.00000, 0.00000, 0.00000, 0.00000, 0.00000, 0.00000, 0.00000, 0.00000, 0.00000,
 0.00000, 0.00000, 0.00000, 0.00000, 0.00000, 0.00000, 0.00000,57.29578, 0.00000, 0.00000, 0.00000, 0.00000, 0.00000, 0.00000, 0.00000, 0.00000, 0.00000, 0.00000,
 0.00000, 0.00000, 0.00000, 0.00000, 0.00000, 0.00000, 0.00000, 0.00000,57.29578, 0.00000, 0.00000, 0.00000, 0.00000, 0.00000, 0.00000, 0.00000, 0.00000, 0.00000,
 0.00000, 0.00000, 0.00000, 0.00000, 0.00000, 0.00000, 0.00000, 0.00000, 0.00000,57.29578, 0.00000, 0.00000, 0.00000, 0.00000, 0.00000, 0.00000, 0.00000, 0.00000,
 0.00000, 0.00000, 0.00000, 0.00000, 0.00000, 0.00000, 0.00000, 0.00000, 0.00000, 0.00000,57.29578, 0.00000, 0.00000, 0.00000, 0.00000, 0.00000, 0.00000, 0.00000,
 0.00000, 0.00000, 0.00000, 0.00000, 0.00000, 0.00000, 0.00000, 0.00000, 0.00000, 0.00000, 0.00000,57.29578, 0.00000, 0.00000, 0.00000, 0.00000, 0.00000, 0.00000,
 0.00000, 0.00000, 0.00000, 0.00000, 0.00012, 0.00000,-0.00018, 0.40804, 0.00000, 0.00000, 0.01992, 0.00000, 0.00005, 0.00313, 0.00000, 0.00000, 0.00000, 0.00000,
 0.00000, 0.00000,-0.00000,-0.00012, 0.00000, 0.00000, 0.00000, 0.00000,-2.35900,-0.00613, 0.00000, 0.06993, 0.00000, 0.00000, 0.00201, 0.00590, 0.00000, 0.00000,
 0.00000, 0.00000,-0.00001, 0.00000,-0.00000, 0.00000, 0.00207, 7.45445,-0.00000, 0.00000, 0.86838, 0.00000, 0.00000, 0.01565, 0.00000, 0.00000, 0.00000, 0.00000,
 0.00000, 0.00000, 0.00000, 0.00000, 0.00000, 0.00000, 0.00093, 0.00000, 0.00000, 0.00000, 0.00000, 0.00000, 0.00000, 0.00000, 0.00000, 0.00000, 0.00000, 0.00000,
 0.00000, 0.00000,-0.00440, 0.00000, 0.00000, 0.00000, 0.70312, 0.00000, 0.00000, 0.00000, 0.00000, 0.00000, 0.00000, 0.00000, 0.00000, 0.00000, 0.00000, 0.00000,
 0.00000, 0.00000,-0.05654, 0.00000, 0.00000, 0.00000, 0.00000, 0.00000, 0.00000, 0.00000, 0.00000, 0.00000, 0.00000, 0.00000, 0.00000, 0.00000, 0.00000, 0.00000,


D_lo = 
 0.00000, 0.00000, 0.00000, 0.00000,
 0.00000, 0.00000, 0.00000, 0.00000,
 0.00000, 0.00000, 0.00000, 0.00000,
 0.00000, 0.00000, 0.00000, 0.00000,
 0.00000, 0.00000, 0.00000, 0.00000,
 0.00000, 0.00000, 0.00000, 0.00000,
 0.00000, 0.00000, 0.00000, 0.00000,
 0.00000, 0.00000, 0.00000, 0.00000,
 0.00000, 0.00000, 0.00000, 0.00000,
 0.00000, 0.00000, 0.00000, 0.00000,
 0.00000, 0.00000, 0.00000, 0.00000,
 0.00000, 0.00000, 0.00000, 0.00000,
 0.00000, 0.00000, 0.00000, 0.00000,
 0.00000, 0.00000, 0.00000, 0.00000,
 0.00000, 0.00000, 0.00000, 0.00000,
 0.00000, 0.00000, 0.00000, 0.00000,
 0.00000, 0.00000, 0.00000, 0.00000,
 0.00000, 0.00000, 0.00000, 0.00000,


