0 0.438889 1 0.0277778 0
0 0.438889 1 0.0277778 0
0 0.565972 0 0.00972222 0
0 0.438889 1 0.0277778 0
0 0.438889 1 0.0277778 0
0 0.438889 1 0.0277778 0
0 0.438889 1 0.0277778 0
0 0.438889 1 0.0277778 0
0 0.438889 1 0.0277778 0
0 0.438889 1 0.0277778 0
0 0.438889 1 0.0277778 0
0 0.438889 1 0.0277778 0
0 0.438889 1 0.0277778 0
0 0.438889 1 0.0277778 0
0 0.438889 1 0.0277778 0
0 0.438889 1 0.0277778 0
0 0.438889 1 0.0277778 0
0 0.438889 1 0.0277778 0
0 0.438889 1 0.0277778 0
0 0.438889 1 0.0277778 0
0 0.438889 1 0.0277778 0
0 0.438889 1 0.0277778 0
0 0.438889 1 0.0277778 0
0 0.438889 1 0.0277778 0
0 0.438889 1 0.0277778 0
0 0.438889 1 0.0277778 0
0 0.438889 1 0.0277778 0
0 0.438889 1 0.0277778 0
0 0.438889 1 0.0277778 0
0 0.438889 1 0.0277778 0
0 0.438889 1 0.0277778 0
0 0.438889 1 0.0277778 0
0 0.438889 1 0.0277778 0
0 0.438889 1 0.0277778 0
0 0.438889 1 0.0277778 0
0 0.438889 1 0.0277778 0
0 0.438889 1 0.0277778 0
0 0.438889 1 0.0277778 0
0 0.438889 1 0.0277778 0
0 0.438889 1 0.0277778 0
0 0.438889 1 0.0277778 0
0 0.438889 1 0.0277778 0
0 0.438889 1 0.0277778 0
0 0.438889 1 0.0277778 0
0 0.438889 1 0.0277778 0
0 0.438889 1 0.0277778 0
0 0.438889 1 0.0277778 0
0 0.438889 1 0.0277778 0
0 0.438889 1 0.0277778 0
0 0.438889 1 0.0277778 0
0 0.438889 1 0.0277778 0
0 0.438889 1 0.0277778 0
0 0.438889 1 0.0277778 0
0 0.438889 1 0.0277778 0
0 0.438889 1 0.0277778 0
0 0.438889 1 0.0277778 0
0 0.565972 0 0.00972222 0
0 0.438889 1 0.0277778 0
0 0.438889 1 0.0277778 0
0 0.438889 1 0.0277778 0
0 0.438889 1 0.0277778 0
0 0.438889 1 0.0277778 0
0 0.565972 0 0.00972222 0
0 0.438889 1 0.0277778 0
0 0.438889 1 0.0277778 0
0 0.438889 1 0.0277778 0
0 0.438889 1 0.0277778 0
0 0.438889 1 0.0277778 0
0 0.565972 0 0.00972222 0
0 0.438889 1 0.0277778 0
0 0.438889 1 0.0277778 0
0 0.438889 1 0.0277778 0
0 0.440278 0.5 0.0277778 1
0 0.440278 0.5 0.0277778 1
0 0.441667 0.5 0.0277778 1
0 0.442361 0.5 0.0291667 1
0 0.442361 0.5 0.0291667 1
0 0.443056 0 0.0277778 0
0 0.44375 0 0.0263889 0
0 0.444444 0 0.0277778 0
0 0.445139 0 0.0263889 0
0 0.445833 0 0.0277778 0
0 0.445833 0 0.0277778 0
0 0.446528 0 0.0291667 0
0 0.446528 0 0.0291667 0
0 0.447222 0 0.0305556 0
0 0.574306 0 0.0125 0
0 0.447222 0 0.0305556 0
0 0.447222 0 0.0305556 0
0 0.577778 0 0.0111111 0
0 0.447917 0 0.0319444 0
0 0.447222 0 0.0333333 0
0 0.580556 0 0.0111111 0
0 0.448611 0 0.0333333 0
0 0.58125 0 0.0125 0
0 0.448611 0 0.0333333 0
0 0.689583 0 0.0125 0
0 0.583333 0 0.0138889 0
0 0.447917 0 0.0347222 0
0 0.447222 0 0.0361111 0
0 0.447917 0 0.0347222 0
0 0.695139 0 0.0125 0
0 0.447222 0 0.0333333 0
0 0.447222 0 0.0361111 0
0 0.588194 0 0.0125 0
0 0.447917 0 0.0375 0
0 0.370139 0 0.0125 0
0 0.588194 0 0.0125 0
0 0.447917 0 0.0402778 0
0 0.370139 0 0.0125 0
0 0.588889 0 0.0111111 0
0 0.448611 0 0.0388889 0
0 0.370139 0 0.0152778 0
0 0.589583 0 0.0125 0
0 0.447917 0 0.0402778 0
0 0.369444 0 0.0138889 0
0 0.590972 0 0.0125 0
0 0.447917 0 0.0402778 0
0 0.447222 0 0.0416667 0
0 0.446528 0 0.0430556 0
0 0.594444 0 0.0138889 0
0 0.444444 0 0.0416667 0
0 0.715278 0 0.0138889 0
0 0.597222 0 0.0138889 0
0 0.443056 0 0.0444444 0
0 0.598611 0 0.0138889 0
0 0.442361 0 0.0458333 0
0 0.361111 0 0.0166667 0
0 0.6 0 0.0138889 0
0 0.440972 0 0.0486111 0
0 0.724306 0 0.0152778 0
0 0.600694 0 0.0152778 0
0 0.440278 0 0.05 0
0 0.358333 0 0.0138889 0
0 0.602083 0 0.0152778 0
0 0.438194 0 0.0513889 0
0 0.729861 0 0.0152778 0
0 0.357639 0 0.0152778 0
0 0.604167 0 0.0138889 0
0 0.436806 0 0.0541667 0
0 0.605556 0 0.0138889 0
0 0.732639 0 0.0152778 0
0 0.436111 0 0.0583333 0
0 0.735417 0 0.0152778 0
0 0.60625 0 0.0152778 0
0 0.434722 0 0.0611111 0
0 0.608333 0 0.0166667 0
0 0.434028 0 0.0597222 0
0 0.609028 0 0.0152778 0
0 0.433333 0 0.0583333 0
0 0.743056 0 0.0138889 0
0 0.352778 0 0.0166667 0
0 0.611111 0 0.0166667 0
0 0.432639 0 0.0625 0
0 0.74375 0 0.0152778 0
0 0.351389 0 0.0166667 0
0 0.611111 0 0.0166667 0
0 0.431944 0 0.0638889 0
0 0.745139 0 0.0152778 0
0 0.351389 0 0.0166667 0
0 0.611806 0 0.0152778 0
0 0.430556 0 0.0666667 0
0 0.747222 0 0.0166667 0
0 0.350694 0 0.0152778 0
0 0.613194 0 0.0152778 0
0 0.43125 0 0.0680556 0
0 0.748611 0 0.0166667 0
0 0.350694 0 0.0152778 0
0 0.613194 0 0.0152778 0
0 0.430556 0 0.0694444 0
0 0.35 0 0.0166667 0
0 0.615278 0 0.0166667 0
0 0.752083 0 0.0152778 0
0 0.430556 0 0.0722222 0
0 0.617361 0 0.0180556 0
0 0.754167 0 0.0166667 0
0 0.43125 0 0.0736111 0
0 0.756944 0 0.0166667 0
0 0.61875 0 0.0152778 0
0 0.431944 0 0.075 0
0 0.65625 0 0.0319444 0
0 0.758333 0 0.0166667 0
0 0.620139 0 0.0152778 0
0 0.433333 0 0.0777778 0
0 0.760417 0 0.0180556 0
0 0.620833 0 0.0166667 0
0 0.434028 0.5 0.0791667 1
0 0.346528 0 0.0180556 0
0 0.763194 0 0.0180556 0
0 0.622222 0 0.0166667 0
0 0.435417 0.5 0.0819444 1
0 0.346528 0 0.0180556 0
0 0.764583 0 0.0180556 0
0 0.623611 0 0.0166667 0
0 0.435417 0.5 0.0819444 1
0 0.346528 0 0.0180556 0
0 0.765278 0 0.0194444 0
0 0.624306 0 0.0180556 0
0 0.436111 0.5 0.0861111 1
0 0.496528 0 0.0458333 0
0 0.346528 0 0.0180556 0
0 0.768056 0 0.0194444 0
0 0.625 0 0.0166667 0
0 0.436111 0.5 0.0833333 1
0 0.345833 0 0.0194444 0
0 0.769444 0 0.0166667 0
0 0.626389 0 0.0166667 0
0 0.4375 0.5 0.0861111 1
0 0.770833 0 0.0166667 0
0 0.627083 0 0.0180556 0
0 0.436806 0.5 0.0847222 1
0 0.201389 0 0.0166667 0
0 0.772222 0 0.0194444 0
0 0.346528 0 0.0180556 0
0 0.627778 0 0.0194444 0
0 0.438194 0.5 0.0847222 1
0 0.200694 0 0.0180556 0
0 0.771528 0 0.0180556 0
0 0.346528 0 0.0180556 0
0 0.628472 0 0.0180556 0
0 0.439583 0.5 0.0875 1
0 0.775 0 0.0166667 0
0 0.199306 0 0.0180556 0
0 0.346528 0 0.0180556 0
0 0.629861 0 0.0180556 0
0 0.442361 0.5 0.0930556 1
0 0.776389 0 0.0166667 0
0 0.346528 0 0.0180556 0
0 0.630556 0 0.0194444 0
0 0.44375 0.5 0.0930556 1
0 0.345833 0 0.0166667 0
0 0.778472 0 0.0180556 0
0 0.631944 0 0.0166667 0
0 0.447917 0.5 0.0930556 1
0 0.346528 0 0.0180556 0
0 0.779167 0 0.0194444 0
0 0.632639 0 0.0180556 0
0 0.452083 0.5 0.0958333 1
0 0.780556 0 0.0166667 0
0 0.634028 0 0.0180556 0
0 0.454861 0.5 0.0986111 1
0 0.346528 0 0.0180556 0
0 0.783333 0 0.0166667 0
0 0.635417 0 0.0180556 0
0 0.463194 0.5 0.101389 1
0 0.785417 0 0.0180556 0
0 0.346528 0 0.0180556 0
0 0.636806 0 0.0208333 0
0 0.469444 0.5 0.1 1
0 0.786806 0 0.0180556 0
0 0.347222 0 0.0194444 0
0 0.6375 0 0.0194444 0
0 0.475 0.5 0.102778 1
0 0.347222 0 0.0194444 0
0 0.788194 0 0.0180556 0
0 0.638889 0 0.0166667 0
0 0.483333 0.5 0.102778 1
0 0.347222 0 0.0194444 0
0 0.789583 0 0.0180556 0
0 0.639583 0 0.0180556 0
0 0.486806 0.5 0.1125 1
0 0.346528 0 0.0180556 0
0 0.790278 0 0.0194444 0
0 0.640972 0 0.0180556 0
0 0.489583 0.5 0.106944 1
0 0.346528 0 0.0180556 0
0 0.790972 0 0.0180556 0
0 0.640972 0 0.0180556 0
0 0.49375 0.5 0.106944 1
0 0.792361 0 0.0180556 0
0 0.347222 0 0.0194444 0
0 0.641667 0 0.0194444 0
0 0.496528 0.5 0.109722 1
0 0.347222 0 0.0194444 0
0 0.79375 0 0.0180556 0
0 0.641667 0 0.0194444 0
0 0.491667 0.5 0.111111 1
0 0.548611 0 0.0416667 0
0 0.79375 0 0.0180556 0
0 0.347917 0 0.0208333 0
0 0.643056 0 0.0166667 0
0 0.488889 0.5 0.111111 1
0 0.45625 0 0.0375 0
0 0.794444 0 0.0194444 0
0 0.347222 0 0.0194444 0
0 0.644444 0 0.0194444 0
0 0.492361 0.5 0.109722 1
0 0.348611 0 0.0194444 0
0 0.794444 0 0.0166667 0
0 0.64375 0 0.0180556 0
0 0.493056 0.5 0.111111 1
0 0.794444 0 0.0166667 0
0 0.64375 0 0.0180556 0
0 0.493056 0.5 0.111111 1
0 0.348611 0 0.0194444 0
0 0.643056 0 0.0194444 0
0 0.494444 0.5 0.108333 1
0 0.35 0 0.0166667 0
0 0.642361 0 0.0180556 0
0 0.49375 0.5 0.109722 1
0 0.790972 0 0.0180556 0
0 0.351389 0 0.0166667 0
0 0.642361 0 0.0180556 0
0 0.496528 0.5 0.106944 1
0 0.790972 0 0.0180556 0
0 0.351389 0 0.0166667 0
0 0.641667 0 0.0194444 0
0 0.499306 0.5 0.106944 1
0 0.681944 0 0.0472222 0
0 0.202778 0 0.0194444 0
0 0.790278 0 0.0194444 0
0 0.351389 0 0.0166667 0
0 0.641667 0 0.0166667 0
0 0.500694 0.5 0.106944 1
0 0.55 0 0.0388889 0
0 0.202778 0 0.0194444 0
0 0.790278 0 0.0194444 0
0 0.351389 0 0.0166667 0
0 0.640972 0 0.0180556 0
0 0.504167 0.5 0.108333 1
0 0.548611 0 0.0388889 0
0 0.640972 0 0.0180556 0
0 0.789583 0 0.0180556 0
0 0.351389 0 0.0166667 0
0 0.511111 0.5 0.102778 1
0 0.789583 0 0.0180556 0
0 0.351389 0 0.0166667 0
0 0.640972 0 0.0180556 0
0 0.518056 0.5 0.102778 1
0 0.640972 0 0.0180556 0
0 0.789583 0 0.0180556 0
0 0.351389 0 0.0166667 0
0 0.522222 0.5 0.1 1
0 0.788889 0 0.0166667 0
0 0.640972 0 0.0180556 0
0 0.351389 0 0.0166667 0
0 0.525 0.5 0.0972222 1
0 0.350694 0 0.0180556 0
0 0.789583 0 0.0180556 0
0 0.640972 0 0.0180556 0
0 0.527083 0.5 0.0958333 1
0 0.789583 0 0.0180556 0
0 0.640972 0 0.0180556 0
0 0.527083 0.5 0.0958333 1
0 0.790278 0 0.0194444 0
0 0.640972 0 0.0180556 0
0 0.524306 0.5 0.0958333 1
0 0.349306 0 0.0180556 0
0 0.790278 0 0.0194444 0
0 0.640972 0 0.0180556 0
0 0.525 0.5 0.0944444 1
0 0.349306 0 0.0180556 0
0 0.790278 0 0.0194444 0
0 0.640972 0 0.0180556 0
0 0.524306 0.5 0.101389 1
0 0.790972 0 0.0180556 0
0 0.640972 0 0.0208333 0
0 0.522222 0.5 0.102778 1
0 0.790972 0 0.0180556 0
0 0.641667 0 0.0194444 0
0 0.51875 0.5 0.104167 1
0 0.348611 0 0.0194444 0
0 0.790972 0 0.0180556 0
0 0.641667 0 0.0194444 0
0 0.515972 0.5 0.106944 1
0 0.791667 0 0.0194444 0
0 0.348611 0 0.0194444 0
0 0.641667 0 0.0194444 0
0 0.509722 0.5 0.113889 1
0 0.790972 0 0.0180556 0
0 0.347917 0 0.0208333 0
0 0.640972 0 0.0180556 0
0 0.504861 0.5 0.106944 1
0 0.347222 0 0.0194444 0
0 0.790972 0 0.0180556 0
0 0.640278 0 0.0194444 0
0 0.500694 0.5 0.1125 1
0 0.790972 0 0.0180556 0
0 0.347222 0 0.0194444 0
0 0.640972 0 0.0180556 0
0 0.499306 0.5 0.109722 1
0 0.790278 0 0.0166667 0
0 0.346528 0 0.0180556 0
0 0.640972 0 0.0180556 0
0 0.497917 0.5 0.104167 1
0 0.346528 0 0.0180556 0
0 0.790278 0 0.0166667 0
0 0.639583 0 0.0180556 0
0 0.493056 0.5 0.105556 1
0 0.789583 0 0.0180556 0
0 0.346528 0 0.0180556 0
0 0.639583 0 0.0180556 0
0 0.488194 0.5 0.106944 1
0 0.789583 0 0.0180556 0
0 0.346528 0 0.0180556 0
0 0.640278 0 0.0194444 0
0 0.485417 0.5 0.106944 1
0 0.789583 0 0.0180556 0
0 0.346528 0 0.0180556 0
0 0.639583 0 0.0180556 0
0 0.482639 0.5 0.106944 1
0 0.196528 0 0.0180556 0
0 0.345833 0 0.0194444 0
0 0.788889 0 0.0166667 0
0 0.638889 0 0.0194444 0
0 0.479861 0.5 0.104167 1
0 0.788194 0 0.0180556 0
0 0.345833 0 0.0194444 0
0 0.638194 0 0.0208333 0
0 0.477083 0.5 0.104167 1
0 0.7875 0 0.0166667 0
0 0.345833 0 0.0166667 0
0 0.6375 0 0.0194444 0
0 0.475 0.5 0.105556 1
0 0.786806 0 0.0180556 0
0 0.345833 0 0.0166667 0
0 0.636806 0 0.0180556 0
0 0.475 0.5 0.102778 1
0 0.345833 0 0.0194444 0
0 0.636806 0 0.0180556 0
0 0.786111 0 0.0194444 0
0 0.473611 0.5 0.1 1
0 0.345833 0 0.0166667 0
0 0.784722 0 0.0194444 0
0 0.636806 0 0.0180556 0
0 0.473611 0.5 0.102778 1
0 0.197222 0 0.0194444 0
0 0.784722 0 0.0194444 0
0 0.345833 0 0.0194444 0
0 0.636111 0 0.0194444 0
0 0.473611 0.5 0.102778 1
0 0.345833 0 0.0166667 0
0 0.783333 0 0.0194444 0
0 0.635417 0 0.0180556 0
0 0.472917 0.5 0.0986111 1
0 0.782639 0 0.0180556 0
0 0.634028 0 0.0180556 0
0 0.345833 0 0.0166667 0
0 0.473611 0.5 0.0972222 1
0 0.542361 0 0.0375 0
0 0.782639 0 0.0180556 0
0 0.345139 0 0.0180556 0
0 0.634028 0 0.0180556 0
0 0.473611 0.5 0.0972222 1
0 0.782639 0 0.0180556 0
0 0.345833 0 0.0166667 0
0 0.634028 0 0.0180556 0
0 0.472222 0.5 0.1 1
0 0.781944 0 0.0194444 0
0 0.345833 0 0.0166667 0
0 0.634722 0 0.0194444 0
0 0.472222 0.5 0.1 1
0 0.782639 0 0.0180556 0
0 0.345833 0 0.0166667 0
0 0.634722 0 0.0194444 0
0 0.471528 0.5 0.101389 1
0 0.782639 0 0.0180556 0
0 0.345139 0 0.0180556 0
0 0.634028 0 0.0180556 0
0 0.471528 0.5 0.101389 1
0 0.782639 0 0.0180556 0
0 0.345139 0 0.0180556 0
0 0.634722 0 0.0166667 0
0 0.470833 0.5 0.1 1
0 0.197222 0 0.0194444 0
0 0.782639 0 0.0180556 0
0 0.345833 0 0.0166667 0
0 0.634722 0 0.0194444 0
0 0.471528 0.5 0.101389 1
0 0.541667 0 0.0388889 0
0 0.345833 0 0.0166667 0
0 0.783333 0 0.0194444 0
0 0.635417 0 0.0180556 0
0 0.470139 0.5 0.101389 1
0 0.784028 0 0.0180556 0
0 0.345833 0 0.0166667 0
0 0.635417 0 0.0180556 0
0 0.472917 0.5 0.0986111 1
0 0.542361 0 0.0402778 0
0 0.784028 0 0.0180556 0
0 0.345833 0 0.0166667 0
0 0.635417 0 0.0180556 0
0 0.473611 0.5 0.102778 1
0 0.784028 0 0.0180556 0
0 0.635417 0 0.0180556 0
0 0.474306 0.5 0.104167 1
0 0.346528 0 0.0180556 0
0 0.636111 0 0.0194444 0
0 0.475694 0.5 0.101389 1
0 0.636111 0 0.0194444 0
0 0.477083 0.5 0.101389 1
0 0.54375 0 0.0402778 0
0 0.785417 0 0.0180556 0
0 0.346528 0 0.0180556 0
0 0.636111 0 0.0194444 0
0 0.479861 0.5 0.101389 1
0 0.785417 0 0.0180556 0
0 0.636111 0 0.0194444 0
0 0.346528 0 0.0180556 0
0 0.481944 0.5 0.102778 1
0 0.785417 0 0.0180556 0
0 0.346528 0 0.0180556 0
0 0.636806 0 0.0208333 0
0 0.481944 0.5 0.102778 1
0 0.786111 0 0.0194444 0
0 0.347222 0 0.0194444 0
0 0.638194 0 0.0180556 0
0 0.483333 0.5 0.102778 1
0 0.786111 0 0.0194444 0
0 0.347222 0 0.0194444 0
0 0.6375 0 0.0166667 0
0 0.484028 0.5 0.101389 1
0 0.786111 0 0.0194444 0
0 0.347222 0 0.0194444 0
0 0.6375 0 0.0166667 0
0 0.486111 0.5 0.1 1
0 0.786111 0 0.0194444 0
0 0.347222 0 0.0194444 0
0 0.638194 0 0.0180556 0
0 0.486111 0.5 0.1 1
0 0.7875 0 0.0166667 0
0 0.347222 0 0.0194444 0
0 0.638194 0 0.0180556 0
0 0.485417 0.5 0.101389 1
0 0.7875 0 0.0166667 0
0 0.347222 0 0.0194444 0
0 0.638194 0 0.0180556 0
0 0.4875 0.5 0.102778 1
0 0.347222 0 0.0194444 0
0 0.7875 0 0.0166667 0
0 0.638194 0 0.0180556 0
0 0.488194 0.5 0.104167 1
0 0.347222 0 0.0194444 0
0 0.788194 0 0.0180556 0
0 0.638889 0 0.0194444 0
0 0.488194 0.5 0.104167 1
0 0.347917 0 0.0208333 0
0 0.788194 0 0.0180556 0
0 0.639583 0 0.0180556 0
0 0.489583 0.5 0.104167 1
0 0.788889 0 0.0166667 0
0 0.347917 0 0.0208333 0
0 0.639583 0 0.0180556 0
0 0.493056 0.5 0.102778 1
0 0.347222 0 0.0194444 0
0 0.639583 0 0.0180556 0
0 0.49375 0.5 0.104167 1
0 0.789583 0 0.0180556 0
0 0.347917 0 0.0208333 0
0 0.639583 0 0.0180556 0
0 0.495139 0.5 0.104167 1
0 0.788889 0 0.0166667 0
0 0.347222 0 0.0194444 0
0 0.639583 0 0.0180556 0
0 0.496528 0.5 0.104167 1
0 0.789583 0 0.0180556 0
0 0.347917 0 0.0208333 0
0 0.639583 0 0.0180556 0
0 0.497917 0.5 0.106944 1
0 0.789583 0 0.0180556 0
0 0.347917 0 0.0208333 0
0 0.639583 0 0.0180556 0
0 0.497917 0.5 0.106944 1
0 0.789583 0 0.0180556 0
0 0.347222 0 0.0194444 0
0 0.5 0.5 0.105556 1
0 0.639583 0 0.0180556 0
0 0.789583 0 0.0180556 0
0 0.347917 0 0.0208333 0
0 0.500694 0.5 0.106944 1
0 0.640278 0 0.0194444 0
0 0.789583 0 0.0180556 0
0 0.348611 0 0.0194444 0
0 0.5 0.5 0.105556 1
0 0.640278 0 0.0194444 0
0 0.789583 0 0.0180556 0
0 0.347222 0 0.0194444 0
0 0.5 0.5 0.105556 1
0 0.640278 0 0.0194444 0
0 0.347222 0 0.0194444 0
0 0.5 0.5 0.105556 1
0 0.640278 0 0.0194444 0
0 0.789583 0 0.0180556 0
0 0.347917 0 0.0180556 0
0 0.498611 0.5 0.105556 1
0 0.640278 0 0.0194444 0
0 0.790278 0 0.0166667 0
0 0.347222 0 0.0194444 0
0 0.498611 0.5 0.105556 1
0 0.640278 0 0.0194444 0
0 0.347222 0 0.0194444 0
0 0.497222 0.5 0.105556 1
0 0.640278 0 0.0194444 0
0 0.789583 0 0.0180556 0
0 0.347222 0 0.0194444 0
0 0.497222 0.5 0.105556 1
0 0.639583 0 0.0180556 0
0 0.347222 0 0.0194444 0
0 0.639583 0 0.0180556 0
0 0.495139 0.5 0.104167 1
0 0.347222 0 0.0194444 0
0 0.639583 0 0.0180556 0
0 0.495139 0.5 0.104167 1
0 0.347222 0 0.0194444 0
0 0.639583 0 0.0180556 0
0 0.495139 0.5 0.106944 1
0 0.347222 0 0.0194444 0
0 0.639583 0 0.0180556 0
0 0.495833 0.5 0.108333 1
0 0.345833 0 0.0194444 0
0 0.495139 0.5 0.106944 1
0 0.639583 0 0.0180556 0
0 0.345833 0 0.0194444 0
0 0.790278 0 0.0166667 0
0 0.495139 0.5 0.109722 1
0 0.639583 0 0.0180556 0
0 0.790278 0 0.0166667 0
0 0.639583 0 0.0180556 0
0 0.495139 0.5 0.109722 1
0 0.345139 0 0.0180556 0
0 0.790278 0 0.0166667 0
0 0.639583 0 0.0180556 0
0 0.495139 0.5 0.106944 1
0 0.345139 0 0.0180556 0
0 0.790278 0 0.0166667 0
0 0.639583 0 0.0180556 0
0 0.495833 0.5 0.108333 1
0 0.195139 0 0.0180556 0
0 0.345139 0 0.0180556 0
0 0.790278 0 0.0166667 0
0 0.639583 0 0.0180556 0
0 0.495139 0.5 0.106944 1
0 0.790278 0 0.0166667 0
0 0.345139 0 0.0180556 0
0 0.639583 0 0.0180556 0
0 0.489583 0.5 0.115278 1
0 0.790278 0 0.0166667 0
0 0.345139 0 0.0180556 0
0 0.639583 0 0.0180556 0
0 0.4875 0.5 0.116667 1
0 0.345139 0 0.0180556 0
0 0.790278 0 0.0166667 0
0 0.639583 0 0.0180556 0
0 0.486111 0.5 0.113889 1
0 0.344444 0 0.0166667 0
0 0.790278 0 0.0166667 0
0 0.639583 0 0.0180556 0
0 0.485417 0.5 0.109722 1
0 0.790278 0 0.0166667 0
0 0.344444 0 0.0166667 0
0 0.639583 0 0.0180556 0
0 0.486111 0.5 0.111111 1
0 0.34375 0 0.0180556 0
0 0.789583 0 0.0180556 0
0 0.486806 0.5 0.109722 1
0 0.638889 0 0.0166667 0
0 0.34375 0 0.0180556 0
0 0.790278 0 0.0166667 0
0 0.488889 0.5 0.116667 1
0 0.638889 0 0.0166667 0
0 0.34375 0 0.0180556 0
0 0.789583 0 0.0180556 0
0 0.489583 0.5 0.118056 1
0 0.638889 0 0.0166667 0
0 0.789583 0 0.0180556 0
0 0.492361 0.5 0.109722 1
0 0.638889 0 0.0166667 0
0 0.790278 0 0.0166667 0
0 0.638889 0 0.0166667 0
0 0.492361 0.5 0.109722 1
0 0.789583 0 0.0180556 0
0 0.638889 0 0.0166667 0
0 0.488194 0.5 0.109722 1
0 0.34375 0 0.0180556 0
0 0.789583 0 0.0180556 0
0 0.489583 0.5 0.118056 1
0 0.638889 0 0.0166667 0
0 0.790278 0 0.0166667 0
0 0.488889 0.5 0.116667 1
0 0.638889 0 0.0166667 0
0 0.789583 0 0.0180556 0
0 0.4875 0.5 0.116667 1
0 0.638889 0 0.0166667 0
0 0.34375 0 0.0180556 0
0 0.789583 0 0.0180556 0
0 0.486806 0.5 0.115278 1
0 0.638889 0 0.0166667 0
0 0.790278 0 0.0166667 0
0 0.638194 0 0.0180556 0
0 0.486111 0.5 0.116667 1
0 0.790278 0 0.0166667 0
0 0.638889 0 0.0194444 0
0 0.485417 0.5 0.115278 1
0 0.789583 0 0.0180556 0
0 0.486111 0.5 0.113889 1
0 0.638194 0 0.0180556 0
0 0.789583 0 0.0180556 0
0 0.488194 0.5 0.115278 1
0 0.638194 0 0.0180556 0
0 0.789583 0 0.0180556 0
0 0.638194 0 0.0180556 0
0 0.488194 0.5 0.109722 1
0 0.789583 0 0.0180556 0
0 0.638889 0 0.0194444 0
0 0.489583 0.5 0.118056 1
0 0.544444 0 0.0416667 0
0 0.789583 0 0.0180556 0
0 0.638889 0 0.0194444 0
0 0.489583 0.5 0.118056 1
0 0.54375 0 0.0402778 0
0 0.189583 0 0.0180556 0
0 0.790278 0 0.0194444 0
0 0.489583 0.5 0.118056 1
0 0.638889 0 0.0194444 0
0 0.790278 0 0.0194444 0
0 0.489583 0.5 0.118056 1
0 0.639583 0 0.0180556 0
0 0.790972 0 0.0180556 0
0 0.488889 0.5 0.116667 1
0 0.639583 0 0.0180556 0
0 0.54375 0 0.0402778 0
0 0.790278 0 0.0194444 0
0 0.639583 0 0.0180556 0
0 0.488194 0.5 0.115278 1
0 0.54375 0 0.0402778 0
0 0.790278 0 0.0194444 0
0 0.486806 0.5 0.115278 1
0 0.639583 0 0.0180556 0
0 0.54375 0 0.0402778 0
0 0.790278 0 0.0194444 0
0 0.486806 0.5 0.115278 1
0 0.639583 0 0.0180556 0
0 0.342361 0 0.0180556 0
0 0.54375 0 0.0402778 0
0 0.790278 0 0.0194444 0
0 0.638889 0 0.0194444 0
0 0.486806 0.5 0.115278 1
0 0.341667 0 0.0194444 0
0 0.544444 0 0.0388889 0
0 0.790278 0 0.0194444 0
0 0.486806 0.5 0.115278 1
0 0.639583 0 0.0180556 0
0 0.341667 0 0.0194444 0
0 0.544444 0 0.0388889 0
0 0.790278 0 0.0194444 0
0 0.4875 0.5 0.116667 1
0 0.639583 0 0.0180556 0
0 0.54375 0 0.0402778 0
0 0.790278 0 0.0194444 0
0 0.4875 0.5 0.116667 1
0 0.639583 0 0.0180556 0
0 0.341667 0 0.0194444 0
0 0.54375 0 0.0402778 0
0 0.790278 0 0.0194444 0
0 0.488889 0.5 0.116667 1
0 0.639583 0 0.0180556 0
0 0.54375 0 0.0402778 0
0 0.790278 0 0.0194444 0
0 0.639583 0 0.0180556 0
0 0.488889 0.5 0.116667 1
0 0.341667 0 0.0194444 0
0 0.54375 0 0.0402778 0
0 0.790972 0 0.0180556 0
0 0.488889 0.5 0.116667 1
0 0.639583 0 0.0180556 0
0 0.341667 0 0.0194444 0
0 0.256944 0 0.00555556 0
0 0.54375 0 0.0402778 0
0 0.790972 0 0.0180556 0
0 0.488889 0.5 0.116667 1
0 0.639583 0 0.0180556 0
0 0.341667 0 0.0194444 0
0 0.54375 0 0.0402778 0
0 0.790972 0 0.0180556 0
0 0.488889 0.5 0.116667 1
0 0.639583 0 0.0180556 0
0 0.341667 0 0.0194444 0
0 0.54375 0 0.0402778 0
0 0.790972 0 0.0180556 0
0 0.639583 0 0.0180556 0
0 0.488889 0.5 0.116667 1
0 0.54375 0 0.0402778 0
0 0.791667 0 0.0194444 0
0 0.639583 0 0.0180556 0
0 0.488194 0.5 0.118056 1
0 0.544444 0 0.0416667 0
0 0.790972 0 0.0180556 0
0 0.639583 0 0.0180556 0
0 0.488194 0.5 0.118056 1
0 0.544444 0 0.0416667 0
0 0.791667 0 0.0194444 0
0 0.639583 0 0.0180556 0
0 0.4875 0.5 0.116667 1
0 0.341667 0 0.0194444 0
0 0.54375 0 0.0402778 0
0 0.791667 0 0.0194444 0
0 0.4875 0.5 0.116667 1
0 0.639583 0 0.0180556 0
0 0.54375 0 0.0402778 0
0 0.341667 0 0.0194444 0
0 0.791667 0 0.0194444 0
0 0.4875 0.5 0.116667 1
0 0.639583 0 0.0180556 0
0 0.54375 0 0.0402778 0
0 0.341667 0 0.0194444 0
0 0.791667 0 0.0194444 0
0 0.488194 0.5 0.118056 1
0 0.639583 0 0.0180556 0
0 0.54375 0 0.0402778 0
0 0.791667 0 0.0194444 0
0 0.488194 0.5 0.118056 1
0 0.639583 0 0.0180556 0
0 0.54375 0 0.0402778 0
0 0.341667 0 0.0194444 0
0 0.791667 0 0.0194444 0
0 0.4875 0.5 0.116667 1
0 0.639583 0 0.0180556 0
0 0.341667 0 0.0194444 0
0 0.544444 0 0.0388889 0
0 0.791667 0 0.0194444 0
0 0.488889 0.5 0.116667 1
0 0.639583 0 0.0180556 0
0 0.341667 0 0.0194444 0
0 0.544444 0 0.0388889 0
0 0.791667 0 0.0194444 0
0 0.488889 0.5 0.116667 1
0 0.639583 0 0.0180556 0
0 0.342361 0 0.0208333 0
0 0.54375 0 0.0402778 0
0 0.791667 0 0.0194444 0
0 0.639583 0 0.0180556 0
0 0.488889 0.5 0.116667 1
0 0.343056 0 0.0194444 0
0 0.791667 0 0.0194444 0
0 0.544444 0 0.0416667 0
0 0.639583 0 0.0180556 0
0 0.488194 0.5 0.118056 1
0 0.54375 0 0.0402778 0
0 0.791667 0 0.0194444 0
0 0.342361 0 0.0208333 0
0 0.639583 0 0.0180556 0
0 0.488194 0.5 0.118056 1
0 0.54375 0 0.0402778 0
0 0.791667 0 0.0194444 0
0 0.342361 0 0.0208333 0
0 0.639583 0 0.0180556 0
0 0.488194 0.5 0.118056 1
0 0.792361 0 0.0180556 0
0 0.342361 0 0.0208333 0
0 0.639583 0 0.0180556 0
0 0.4875 0.5 0.116667 1
0 0.341667 0 0.0194444 0
0 0.791667 0 0.0194444 0
0 0.639583 0 0.0180556 0
0 0.488194 0.5 0.118056 1
0 0.341667 0 0.0194444 0
0 0.793056 0 0.0194444 0
0 0.639583 0 0.0180556 0
0 0.488194 0.5 0.118056 1
0 0.342361 0 0.0208333 0
0 0.793056 0 0.0194444 0
0 0.639583 0 0.0180556 0
0 0.4875 0.5 0.116667 1
0 0.793056 0 0.0194444 0
0 0.341667 0 0.0194444 0
0 0.639583 0 0.0180556 0
0 0.4875 0.5 0.116667 1
0 0.188194 0 0.0180556 0
0 0.341667 0 0.0194444 0
0 0.792361 0 0.0208333 0
0 0.640278 0 0.0194444 0
0 0.488889 0.5 0.116667 1
0 0.188194 0 0.0180556 0
0 0.793056 0 0.0194444 0
0 0.341667 0 0.0194444 0
0 0.640278 0 0.0194444 0
0 0.488889 0.5 0.116667 1
0 0.188194 0 0.0180556 0
0 0.341667 0 0.0194444 0
0 0.793056 0 0.0194444 0
0 0.640278 0 0.0194444 0
0 0.4875 0.5 0.116667 1
0 0.188194 0 0.0180556 0
0 0.340972 0 0.0208333 0
0 0.793056 0 0.0194444 0
0 0.4875 0.5 0.116667 1
0 0.640278 0 0.0194444 0
0 0.188194 0 0.0180556 0
0 0.340972 0 0.0208333 0
0 0.793056 0 0.0194444 0
0 0.488194 0.5 0.118056 1
0 0.640278 0 0.0194444 0
0 0.188194 0 0.0180556 0
0 0.340972 0 0.0208333 0
0 0.793056 0 0.0194444 0
0 0.488194 0.5 0.118056 1
0 0.640278 0 0.0194444 0
0 0.1875 0 0.0166667 0
0 0.341667 0 0.0194444 0
0 0.793056 0 0.0194444 0
0 0.488194 0.5 0.118056 1
0 0.640278 0 0.0194444 0
0 0.545139 0 0.0402778 0
0 0.340972 0 0.0180556 0
0 0.793056 0 0.0194444 0
0 0.488194 0.5 0.118056 1
0 0.640278 0 0.0194444 0
0 0.545139 0 0.0402778 0
0 0.340278 0 0.0194444 0
0 0.793056 0 0.0194444 0
0 0.4875 0.5 0.116667 1
0 0.640278 0 0.0194444 0
0 0.340278 0 0.0194444 0
0 0.793056 0 0.0194444 0
0 0.488194 0.5 0.118056 1
0 0.640278 0 0.0194444 0
0 0.340278 0 0.0194444 0
0 0.79375 0 0.0208333 0
0 0.488194 0.5 0.118056 1
0 0.640278 0 0.0194444 0
0 0.545139 0 0.0402778 0
0 0.340278 0 0.0194444 0
0 0.79375 0 0.0180556 0
0 0.4875 0.5 0.116667 1
0 0.640278 0 0.0194444 0
0 0.544444 0 0.0416667 0
0 0.340278 0 0.0194444 0
0 0.79375 0 0.0208333 0
0 0.488194 0.5 0.118056 1
0 0.640278 0 0.0194444 0
0 0.340278 0 0.0194444 0
0 0.793056 0 0.0194444 0
0 0.488194 0.5 0.118056 1
0 0.640278 0 0.0194444 0
0 0.340972 0 0.0180556 0
0 0.79375 0 0.0180556 0
0 0.488194 0.5 0.118056 1
0 0.640278 0 0.0194444 0
0 0.340278 0 0.0194444 0
0 0.79375 0 0.0180556 0
0 0.4875 0.5 0.116667 1
0 0.640278 0 0.0194444 0
0 0.79375 0 0.0180556 0
0 0.340278 0 0.0194444 0
0 0.488194 0.5 0.118056 1
0 0.640278 0 0.0194444 0
0 0.340278 0 0.0194444 0
0 0.79375 0 0.0180556 0
0 0.640278 0 0.0194444 0
0 0.4875 0.5 0.116667 1
0 0.340278 0 0.0194444 0
0 0.79375 0 0.0180556 0
0 0.640278 0 0.0194444 0
0 0.4875 0.5 0.116667 1
0 0.339583 0 0.0180556 0
0 0.79375 0 0.0180556 0
0 0.4875 0.5 0.116667 1
0 0.640278 0 0.0194444 0
0 0.79375 0 0.0180556 0
0 0.340278 0 0.0194444 0
0 0.486806 0.5 0.118056 1
0 0.639583 0 0.0180556 0
0 0.339583 0 0.0180556 0
0 0.79375 0 0.0180556 0
0 0.639583 0 0.0180556 0
0 0.4875 0.5 0.116667 1
0 0.545139 0 0.0430556 0
0 0.79375 0 0.0180556 0
0 0.340278 0 0.0166667 0
0 0.639583 0 0.0180556 0
0 0.4875 0.5 0.116667 1
0 0.545139 0 0.0402778 0
0 0.79375 0 0.0180556 0
0 0.340278 0 0.0166667 0
0 0.488194 0.5 0.118056 1
0 0.639583 0 0.0180556 0
0 0.79375 0 0.0208333 0
0 0.340278 0 0.0166667 0
0 0.639583 0 0.0180556 0
0 0.488194 0.5 0.118056 1
0 0.793056 0 0.0194444 0
0 0.340278 0 0.0166667 0
0 0.639583 0 0.0180556 0
0 0.4875 0.5 0.116667 1
0 0.544444 0 0.0388889 0
0 0.79375 0 0.0180556 0
0 0.340278 0 0.0166667 0
0 0.639583 0 0.0180556 0
0 0.4875 0.5 0.116667 1
0 0.340972 0 0.0180556 0
0 0.793056 0 0.0194444 0
0 0.639583 0 0.0180556 0
0 0.486806 0.5 0.118056 1
0 0.544444 0 0.0388889 0
0 0.793056 0 0.0194444 0
0 0.340972 0 0.0180556 0
0 0.640278 0 0.0194444 0
0 0.486806 0.5 0.118056 1
0 0.793056 0 0.0194444 0
0 0.340278 0 0.0194444 0
0 0.640278 0 0.0194444 0
0 0.4875 0.5 0.116667 1
0 0.54375 0 0.0402778 0
0 0.340278 0 0.0194444 0
0 0.793056 0 0.0194444 0
0 0.640278 0 0.0194444 0
0 0.4875 0.5 0.116667 1
0 0.54375 0 0.0402778 0
0 0.340278 0 0.0194444 0
0 0.793056 0 0.0194444 0
0 0.640972 0 0.0208333 0
0 0.4875 0.5 0.116667 1
0 0.250694 0 0.00694444 0
0 0.54375 0 0.0402778 0
0 0.340278 0 0.0194444 0
0 0.79375 0 0.0180556 0
0 0.486111 0.5 0.116667 1
0 0.640972 0 0.0208333 0
0 0.793056 0 0.0194444 0
0 0.340278 0 0.0194444 0
0 0.54375 0 0.0402778 0
0 0.4875 0.5 0.116667 1
0 0.640972 0 0.0208333 0
0 0.793056 0 0.0194444 0
0 0.54375 0 0.0402778 0
0 0.340278 0 0.0194444 0
0 0.4875 0.5 0.116667 1
0 0.640972 0 0.0208333 0
0 0.793056 0 0.0194444 0
0 0.54375 0 0.0402778 0
0 0.340278 0 0.0194444 0
0 0.486806 0.5 0.118056 1
0 0.640972 0 0.0208333 0
0 0.793056 0 0.0194444 0
0 0.54375 0 0.0402778 0
0 0.340278 0 0.0194444 0
0 0.4875 0.5 0.116667 1
0 0.640278 0 0.0194444 0
0 0.544444 0 0.0416667 0
0 0.79375 0 0.0180556 0
0 0.339583 0 0.0180556 0
0 0.486806 0.5 0.118056 1
0 0.640278 0 0.0194444 0
0 0.544444 0 0.0416667 0
0 0.79375 0 0.0180556 0
0 0.339583 0 0.0180556 0
0 0.4875 0.5 0.116667 1
0 0.640278 0 0.0194444 0
0 0.54375 0 0.0430556 0
0 0.339583 0 0.0180556 0
0 0.794444 0 0.0166667 0
0 0.486111 0.5 0.116667 1
0 0.640278 0 0.0194444 0
0 0.54375 0 0.0430556 0
0 0.794444 0 0.0166667 0
0 0.339583 0 0.0180556 0
0 0.4875 0.5 0.116667 1
0 0.640278 0 0.0194444 0
0 0.185417 0 0.0180556 0
0 0.54375 0 0.0430556 0
0 0.794444 0 0.0166667 0
0 0.339583 0 0.0180556 0
0 0.4875 0.5 0.116667 1
0 0.640278 0 0.0194444 0
0 0.185417 0 0.0180556 0
0 0.54375 0 0.0430556 0
0 0.794444 0 0.0166667 0
0 0.486111 0.5 0.116667 1
0 0.339583 0 0.0180556 0
0 0.640278 0 0.0194444 0
0 0.185417 0 0.0180556 0
0 0.54375 0 0.0430556 0
0 0.794444 0 0.0166667 0
0 0.486111 0.5 0.116667 1
0 0.339583 0 0.0180556 0
0 0.640278 0 0.0194444 0
0 0.54375 0 0.0430556 0
0 0.79375 0 0.0180556 0
0 0.339583 0 0.0180556 0
0 0.640278 0 0.0194444 0
0 0.4875 0.5 0.116667 1
0 0.54375 0 0.0430556 0
0 0.79375 0 0.0180556 0
0 0.486111 0.5 0.116667 1
0 0.339583 0 0.0180556 0
0 0.640278 0 0.0194444 0
0 0.54375 0 0.0347222 0
0 0.79375 0 0.0180556 0
0 0.339583 0 0.0180556 0
0 0.486111 0.5 0.116667 1
0 0.640278 0 0.0194444 0
0 0.543056 0 0.0361111 0
0 0.79375 0 0.0180556 0
0 0.486111 0.5 0.116667 1
0 0.640278 0 0.0194444 0
0 0.339583 0 0.0180556 0
0 0.794444 0 0.0194444 0
0 0.640278 0 0.0194444 0
0 0.486111 0.5 0.116667 1
0 0.339583 0 0.0180556 0
0 0.54375 0 0.0430556 0
0 0.794444 0 0.0194444 0
0 0.640278 0 0.0194444 0
0 0.486111 0.5 0.116667 1
0 0.339583 0 0.0180556 0
0 0.54375 0 0.0347222 0
0 0.794444 0 0.0194444 0
0 0.640278 0 0.0194444 0
0 0.486111 0.5 0.116667 1
0 0.339583 0 0.0180556 0
0 0.54375 0 0.0347222 0
0 0.794444 0 0.0194444 0
0 0.640278 0 0.0194444 0
0 0.486111 0.5 0.116667 1
0 0.339583 0 0.0180556 0
0 0.794444 0 0.0194444 0
0 0.640278 0 0.0194444 0
0 0.338889 0 0.0166667 0
0 0.486111 0.5 0.116667 1
0 0.54375 0 0.0347222 0
0 0.794444 0 0.0194444 0
0 0.640278 0 0.0194444 0
0 0.4875 0.5 0.116667 1
0 0.338889 0 0.0166667 0
0 0.54375 0 0.0347222 0
0 0.794444 0 0.0194444 0
0 0.640278 0 0.0194444 0
0 0.4875 0.5 0.116667 1
0 0.338889 0 0.0166667 0
0 0.794444 0 0.0194444 0
0 0.640278 0 0.0194444 0
0 0.4875 0.5 0.116667 1
0 0.338889 0 0.0166667 0
0 0.54375 0 0.0347222 0
0 0.795139 0 0.0208333 0
0 0.640278 0 0.0194444 0
0 0.4875 0.5 0.116667 1
0 0.338889 0 0.0166667 0
0 0.54375 0 0.0347222 0
0 0.795833 0 0.0194444 0
0 0.640278 0 0.0194444 0
0 0.486111 0.5 0.116667 1
0 0.338889 0 0.0166667 0
0 0.54375 0 0.0347222 0
0 0.795139 0 0.0208333 0
0 0.640278 0 0.0194444 0
0 0.339583 0 0.0180556 0
0 0.486111 0.5 0.116667 1
0 0.54375 0 0.0375 0
0 0.795833 0 0.0194444 0
0 0.338889 0 0.0194444 0
0 0.640278 0 0.0194444 0
0 0.486111 0.5 0.116667 1
0 0.185417 0 0.0180556 0
0 0.54375 0 0.0402778 0
0 0.795139 0 0.0208333 0
0 0.640278 0 0.0194444 0
0 0.339583 0 0.0180556 0
0 0.4875 0.5 0.116667 1
0 0.185417 0 0.0180556 0
0 0.54375 0 0.0402778 0
0 0.795833 0 0.0194444 0
0 0.640972 0 0.0208333 0
0 0.338889 0 0.0194444 0
0 0.486806 0.5 0.115278 1
0 0.185417 0 0.0180556 0
0 0.54375 0 0.0402778 0
0 0.795833 0 0.0194444 0
0 0.338889 0 0.0194444 0
0 0.486111 0.5 0.116667 1
0 0.640972 0 0.0208333 0
0 0.54375 0 0.0402778 0
0 0.338889 0 0.0194444 0
0 0.795833 0 0.0194444 0
0 0.486111 0.5 0.116667 1
0 0.640972 0 0.0208333 0
0 0.185417 0 0.0180556 0
0 0.544444 0 0.0416667 0
0 0.795833 0 0.0194444 0
0 0.338889 0 0.0194444 0
0 0.486806 0.5 0.115278 1
0 0.640972 0 0.0208333 0
0 0.185417 0 0.0180556 0
0 0.543056 0 0.0416667 0
0 0.339583 0 0.0180556 0
0 0.795833 0 0.0194444 0
0 0.486806 0.5 0.118056 1
0 0.640972 0 0.0208333 0
0 0.543056 0 0.0361111 0
0 0.338889 0 0.0194444 0
0 0.795139 0 0.0180556 0
0 0.486111 0.5 0.116667 1
0 0.640972 0 0.0208333 0
0 0.544444 0 0.0416667 0
0 0.185417 0 0.0180556 0
0 0.338889 0 0.0194444 0
0 0.795833 0 0.0194444 0
0 0.486111 0.5 0.116667 1
0 0.640972 0 0.0208333 0
0 0.184722 0 0.0194444 0
0 0.544444 0 0.0416667 0
0 0.338889 0 0.0194444 0
0 0.795833 0 0.0194444 0
0 0.486111 0.5 0.116667 1
0 0.640972 0 0.0208333 0
0 0.544444 0 0.0416667 0
0 0.184722 0 0.0194444 0
0 0.338889 0 0.0194444 0
0 0.795833 0 0.0194444 0
0 0.486111 0.5 0.116667 1
0 0.640972 0 0.0208333 0
0 0.184028 0 0.0180556 0
0 0.338889 0 0.0194444 0
0 0.795833 0 0.0194444 0
0 0.486111 0.5 0.116667 1
0 0.640972 0 0.0208333 0
0 0.544444 0 0.0444444 0
0 0.184028 0 0.0180556 0
0 0.338889 0 0.0194444 0
0 0.795833 0 0.0194444 0
0 0.485417 0.5 0.115278 1
0 0.640972 0 0.0208333 0
0 0.184028 0 0.0180556 0
0 0.338889 0 0.0194444 0
0 0.795833 0 0.0194444 0
0 0.486111 0.5 0.116667 1
0 0.640972 0 0.0208333 0
0 0.795833 0 0.0194444 0
0 0.338889 0 0.0194444 0
0 0.4875 0.5 0.116667 1
0 0.640972 0 0.0208333 0
0 0.184028 0 0.0180556 0
0 0.795833 0 0.0194444 0
0 0.338889 0 0.0194444 0
0 0.4875 0.5 0.116667 1
0 0.640972 0 0.0208333 0
0 0.184028 0 0.0180556 0
0 0.795139 0 0.0180556 0
0 0.338194 0 0.0180556 0
0 0.486111 0.5 0.116667 1
0 0.640972 0 0.0208333 0
0 0.184028 0 0.0180556 0
0 0.795139 0 0.0180556 0
0 0.338194 0 0.0180556 0
0 0.486111 0.5 0.116667 1
0 0.640972 0 0.0208333 0
0 0.795139 0 0.0180556 0
0 0.184028 0 0.0180556 0
0 0.338889 0 0.0194444 0
0 0.486111 0.5 0.116667 1
0 0.640972 0 0.0208333 0
0 0.184028 0 0.0180556 0
0 0.795833 0 0.0194444 0
0 0.338889 0 0.0194444 0
0 0.486111 0.5 0.116667 1
0 0.640972 0 0.0208333 0
0 0.795833 0 0.0194444 0
0 0.183333 0 0.0194444 0
0 0.338194 0 0.0180556 0
0 0.486111 0.5 0.116667 1
0 0.640972 0 0.0208333 0
0 0.183333 0 0.0194444 0
0 0.795833 0 0.0194444 0
0 0.338194 0 0.0180556 0
0 0.486111 0.5 0.116667 1
0 0.640972 0 0.0208333 0
0 0.183333 0 0.0194444 0
0 0.795833 0 0.0194444 0
0 0.338194 0 0.0180556 0
0 0.486806 0.5 0.118056 1
0 0.640972 0 0.0208333 0
0 0.543056 0 0.0361111 0
0 0.183333 0 0.0194444 0
0 0.795833 0 0.0194444 0
0 0.338194 0 0.0180556 0
0 0.486111 0.5 0.116667 1
0 0.640972 0 0.0208333 0
0 0.543056 0 0.0361111 0
0 0.183333 0 0.0194444 0
0 0.795833 0 0.0194444 0
0 0.338194 0 0.0180556 0
0 0.486111 0.5 0.116667 1
0 0.640972 0 0.0208333 0
0 0.183333 0 0.0194444 0
0 0.795833 0 0.0194444 0
0 0.338194 0 0.0180556 0
0 0.486111 0.5 0.116667 1
0 0.640972 0 0.0208333 0
0 0.183333 0 0.0194444 0
0 0.795833 0 0.0194444 0
0 0.338194 0 0.0180556 0
0 0.486111 0.5 0.116667 1
0 0.640972 0 0.0208333 0
0 0.543056 0 0.0361111 0
0 0.183333 0 0.0194444 0
0 0.795833 0 0.0194444 0
0 0.338194 0 0.0180556 0
0 0.486111 0.5 0.116667 1
0 0.640972 0 0.0208333 0
0 0.543056 0 0.0361111 0
0 0.183333 0 0.0194444 0
0 0.795833 0 0.0194444 0
0 0.338194 0 0.0180556 0
0 0.486111 0.5 0.116667 1
0 0.640972 0 0.0208333 0
0 0.183333 0 0.0194444 0
0 0.795833 0 0.0194444 0
0 0.338194 0 0.0180556 0
0 0.486111 0.5 0.116667 1
0 0.640972 0 0.0208333 0
0 0.543056 0 0.0361111 0
0 0.183333 0 0.0194444 0
0 0.795833 0 0.0194444 0
0 0.338194 0 0.0180556 0
0 0.486111 0.5 0.116667 1
0 0.640972 0 0.0208333 0
0 0.183333 0 0.0194444 0
0 0.795833 0 0.0194444 0
0 0.338194 0 0.0180556 0
0 0.486111 0.5 0.116667 1
0 0.640972 0 0.0208333 0
0 0.183333 0 0.0194444 0
0 0.795833 0 0.0194444 0
0 0.338194 0 0.0180556 0
0 0.486111 0.5 0.116667 1
0 0.640972 0 0.0208333 0
0 0.183333 0 0.0194444 0
0 0.795833 0 0.0194444 0
0 0.338194 0 0.0180556 0
0 0.486111 0.5 0.116667 1
0 0.640972 0 0.0208333 0
0 0.183333 0 0.0194444 0
0 0.795833 0 0.0194444 0
0 0.338194 0 0.0180556 0
0 0.486111 0.5 0.116667 1
0 0.640972 0 0.0208333 0
0 0.183333 0 0.0194444 0
0 0.795833 0 0.0194444 0
0 0.338194 0 0.0180556 0
0 0.486111 0.5 0.116667 1
0 0.640972 0 0.0208333 0
0 0.543056 0 0.0361111 0
0 0.183333 0 0.0194444 0
0 0.795833 0 0.0194444 0
0 0.338194 0 0.0180556 0
0 0.486111 0.5 0.116667 1
0 0.640972 0 0.0208333 0
0 0.543056 0 0.0361111 0
0 0.183333 0 0.0194444 0
0 0.795833 0 0.0194444 0
0 0.338194 0 0.0180556 0
0 0.486111 0.5 0.116667 1
0 0.640972 0 0.0208333 0
0 0.183333 0 0.0194444 0
0 0.795833 0 0.0194444 0
0 0.338194 0 0.0180556 0
0 0.486111 0.5 0.116667 1
0 0.640972 0 0.0208333 0
0 0.183333 0 0.0194444 0
0 0.795833 0 0.0194444 0
0 0.338194 0 0.0180556 0
0 0.486111 0.5 0.116667 1
0 0.640972 0 0.0208333 0
0 0.543056 0 0.0361111 0
0 0.183333 0 0.0194444 0
0 0.795833 0 0.0194444 0
0 0.338194 0 0.0180556 0
0 0.486111 0.5 0.116667 1
0 0.640972 0 0.0208333 0
0 0.183333 0 0.0194444 0
0 0.795833 0 0.0194444 0
0 0.338194 0 0.0180556 0
0 0.486111 0.5 0.116667 1
0 0.640972 0 0.0208333 0
0 0.183333 0 0.0194444 0
0 0.795833 0 0.0194444 0
0 0.338194 0 0.0180556 0
0 0.486111 0.5 0.116667 1
0 0.640972 0 0.0208333 0
0 0.543056 0 0.0361111 0
0 0.183333 0 0.0194444 0
0 0.795833 0 0.0194444 0
0 0.338194 0 0.0180556 0
0 0.486111 0.5 0.116667 1
0 0.640972 0 0.0208333 0
0 0.183333 0 0.0194444 0
0 0.795833 0 0.0194444 0
0 0.338194 0 0.0180556 0
0 0.486111 0.5 0.116667 1
0 0.640972 0 0.0208333 0
0 0.543056 0 0.0361111 0
0 0.183333 0 0.0194444 0
0 0.795833 0 0.0194444 0
0 0.338194 0 0.0180556 0
0 0.486111 0.5 0.116667 1
0 0.640972 0 0.0208333 0
0 0.183333 0 0.0194444 0
0 0.795833 0 0.0194444 0
0 0.338194 0 0.0180556 0
0 0.486111 0.5 0.116667 1
0 0.640972 0 0.0208333 0
0 0.183333 0 0.0194444 0
0 0.795833 0 0.0194444 0
0 0.338194 0 0.0180556 0
0 0.486111 0.5 0.116667 1
0 0.640972 0 0.0208333 0
0 0.183333 0 0.0194444 0
0 0.795833 0 0.0194444 0
0 0.338194 0 0.0180556 0
0 0.486111 0.5 0.116667 1
0 0.640972 0 0.0208333 0
0 0.183333 0 0.0194444 0
0 0.795833 0 0.0194444 0
0 0.338194 0 0.0180556 0
0 0.486111 0.5 0.116667 1
0 0.640972 0 0.0208333 0
0 0.183333 0 0.0194444 0
0 0.795833 0 0.0194444 0
0 0.338194 0 0.0180556 0
0 0.486111 0.5 0.116667 1
0 0.640972 0 0.0208333 0
0 0.543056 0 0.0361111 0
0 0.183333 0 0.0194444 0
0 0.795833 0 0.0194444 0
0 0.338194 0 0.0180556 0
0 0.486111 0.5 0.116667 1
0 0.640972 0 0.0208333 0
0 0.543056 0 0.0361111 0
0 0.183333 0 0.0194444 0
0 0.795833 0 0.0194444 0
0 0.338194 0 0.0180556 0
0 0.486111 0.5 0.116667 1
0 0.640972 0 0.0208333 0
0 0.543056 0 0.0361111 0
0 0.183333 0 0.0194444 0
0 0.795833 0 0.0194444 0
0 0.338194 0 0.0180556 0
0 0.486111 0.5 0.116667 1
0 0.640972 0 0.0208333 0
0 0.183333 0 0.0194444 0
0 0.795833 0 0.0194444 0
0 0.338194 0 0.0180556 0
0 0.486111 0.5 0.116667 1
0 0.640972 0 0.0208333 0
0 0.543056 0 0.0361111 0
0 0.183333 0 0.0194444 0
0 0.795833 0 0.0194444 0
0 0.338194 0 0.0180556 0
0 0.486111 0.5 0.116667 1
0 0.640972 0 0.0208333 0
0 0.183333 0 0.0194444 0
0 0.795833 0 0.0194444 0
0 0.338194 0 0.0180556 0
0 0.486111 0.5 0.116667 1
0 0.640972 0 0.0208333 0
0 0.183333 0 0.0194444 0
0 0.795833 0 0.0194444 0
0 0.338194 0 0.0180556 0
0 0.486111 0.5 0.116667 1
0 0.640972 0 0.0208333 0
0 0.543056 0 0.0361111 0
0 0.183333 0 0.0194444 0
0 0.795833 0 0.0194444 0
0 0.338194 0 0.0180556 0
0 0.486111 0.5 0.116667 1
0 0.640972 0 0.0208333 0
0 0.183333 0 0.0194444 0
0 0.795833 0 0.0194444 0
0 0.338194 0 0.0180556 0
0 0.486111 0.5 0.116667 1
0 0.640972 0 0.0208333 0
0 0.183333 0 0.0194444 0
0 0.795833 0 0.0194444 0
0 0.338194 0 0.0180556 0
0 0.486111 0.5 0.116667 1
0 0.640972 0 0.0208333 0
0 0.183333 0 0.0194444 0
0 0.795833 0 0.0194444 0
0 0.338194 0 0.0180556 0
0 0.486111 0.5 0.116667 1
0 0.640972 0 0.0208333 0
0 0.544444 0 0.0444444 0
0 0.183333 0 0.0194444 0
0 0.795833 0 0.0194444 0
0 0.338194 0 0.0180556 0
0 0.486111 0.5 0.116667 1
0 0.640972 0 0.0208333 0
0 0.183333 0 0.0194444 0
0 0.795833 0 0.0194444 0
0 0.338194 0 0.0180556 0
0 0.486111 0.5 0.116667 1
0 0.640972 0 0.0208333 0
0 0.183333 0 0.0194444 0
0 0.795833 0 0.0194444 0
0 0.338194 0 0.0180556 0
0 0.486111 0.5 0.116667 1
0 0.640972 0 0.0208333 0
0 0.543056 0 0.0361111 0
0 0.183333 0 0.0194444 0
0 0.795833 0 0.0194444 0
0 0.338194 0 0.0180556 0
0 0.486111 0.5 0.116667 1
0 0.640972 0 0.0208333 0
0 0.183333 0 0.0194444 0
0 0.795833 0 0.0194444 0
0 0.338194 0 0.0180556 0
0 0.486111 0.5 0.116667 1
0 0.640972 0 0.0208333 0
0 0.183333 0 0.0194444 0
0 0.795833 0 0.0194444 0
0 0.338194 0 0.0180556 0
0 0.486111 0.5 0.116667 1
0 0.640972 0 0.0208333 0
0 0.183333 0 0.0194444 0
0 0.795833 0 0.0194444 0
0 0.338194 0 0.0180556 0
0 0.486111 0.5 0.116667 1
0 0.640972 0 0.0208333 0
0 0.183333 0 0.0194444 0
0 0.795833 0 0.0194444 0
0 0.338194 0 0.0180556 0
0 0.486111 0.5 0.116667 1
0 0.640972 0 0.0208333 0
0 0.183333 0 0.0194444 0
0 0.795833 0 0.0194444 0
0 0.338194 0 0.0180556 0
0 0.486111 0.5 0.116667 1
0 0.640972 0 0.0208333 0
0 0.543056 0 0.0361111 0
0 0.183333 0 0.0194444 0
0 0.795833 0 0.0194444 0
0 0.338194 0 0.0180556 0
0 0.486111 0.5 0.116667 1
0 0.640972 0 0.0208333 0
0 0.183333 0 0.0194444 0
0 0.795833 0 0.0194444 0
0 0.338194 0 0.0180556 0
0 0.486111 0.5 0.116667 1
0 0.640972 0 0.0208333 0
0 0.183333 0 0.0194444 0
0 0.795833 0 0.0194444 0
0 0.338194 0 0.0180556 0
0 0.486111 0.5 0.116667 1
0 0.640972 0 0.0208333 0
0 0.183333 0 0.0194444 0
0 0.795833 0 0.0194444 0
0 0.338194 0 0.0180556 0
0 0.486111 0.5 0.116667 1
0 0.640972 0 0.0208333 0
0 0.183333 0 0.0194444 0
0 0.795833 0 0.0194444 0
0 0.338194 0 0.0180556 0
0 0.486111 0.5 0.116667 1
0 0.640972 0 0.0208333 0
0 0.183333 0 0.0194444 0
0 0.795833 0 0.0194444 0
0 0.338194 0 0.0180556 0
0 0.486111 0.5 0.116667 1
0 0.640972 0 0.0208333 0
0 0.183333 0 0.0194444 0
0 0.795833 0 0.0194444 0
0 0.338194 0 0.0180556 0
0 0.486111 0.5 0.116667 1
0 0.640972 0 0.0208333 0
0 0.183333 0 0.0194444 0
0 0.795833 0 0.0194444 0
0 0.338194 0 0.0180556 0
0 0.486111 0.5 0.116667 1
0 0.640972 0 0.0208333 0
0 0.183333 0 0.0194444 0
0 0.795833 0 0.0194444 0
0 0.338194 0 0.0180556 0
0 0.486111 0.5 0.116667 1
0 0.640972 0 0.0208333 0
0 0.543056 0 0.0361111 0
0 0.183333 0 0.0194444 0
0 0.795833 0 0.0194444 0
0 0.338194 0 0.0180556 0
0 0.486111 0.5 0.116667 1
0 0.640972 0 0.0208333 0
0 0.543056 0 0.0361111 0
0 0.183333 0 0.0194444 0
0 0.795833 0 0.0194444 0
0 0.338194 0 0.0180556 0
0 0.486111 0.5 0.116667 1
0 0.640972 0 0.0208333 0
0 0.543056 0 0.0361111 0
0 0.183333 0 0.0194444 0
0 0.795833 0 0.0194444 0
0 0.338194 0 0.0180556 0
0 0.486111 0.5 0.116667 1
0 0.640972 0 0.0208333 0
0 0.543056 0 0.0361111 0
0 0.183333 0 0.0194444 0
0 0.795833 0 0.0194444 0
0 0.338194 0 0.0180556 0
0 0.486111 0.5 0.116667 1
0 0.640972 0 0.0208333 0
0 0.183333 0 0.0194444 0
0 0.795833 0 0.0194444 0
0 0.338194 0 0.0180556 0
0 0.486111 0.5 0.116667 1
0 0.640972 0 0.0208333 0
0 0.183333 0 0.0194444 0
0 0.795833 0 0.0194444 0
0 0.338194 0 0.0180556 0
0 0.486111 0.5 0.116667 1
0 0.640972 0 0.0208333 0
0 0.183333 0 0.0194444 0
0 0.795833 0 0.0194444 0
0 0.338194 0 0.0180556 0
0 0.486111 0.5 0.116667 1
0 0.640972 0 0.0208333 0
0 0.183333 0 0.0194444 0
0 0.795833 0 0.0194444 0
0 0.338194 0 0.0180556 0
0 0.486111 0.5 0.116667 1
0 0.640972 0 0.0208333 0
0 0.183333 0 0.0194444 0
0 0.795833 0 0.0194444 0
0 0.338194 0 0.0180556 0
0 0.486111 0.5 0.116667 1
0 0.640972 0 0.0208333 0
0 0.183333 0 0.0194444 0
0 0.795833 0 0.0194444 0
0 0.338194 0 0.0180556 0
0 0.486111 0.5 0.116667 1
0 0.640972 0 0.0208333 0
0 0.183333 0 0.0194444 0
0 0.795833 0 0.0194444 0
0 0.338194 0 0.0180556 0
0 0.486111 0.5 0.116667 1
0 0.640972 0 0.0208333 0
0 0.543056 0 0.0361111 0
0 0.183333 0 0.0194444 0
0 0.795833 0 0.0194444 0
0 0.338194 0 0.0180556 0
0 0.486111 0.5 0.116667 1
0 0.640972 0 0.0208333 0
0 0.183333 0 0.0194444 0
0 0.795833 0 0.0194444 0
0 0.338194 0 0.0180556 0
0 0.486111 0.5 0.116667 1
0 0.640972 0 0.0208333 0
0 0.183333 0 0.0194444 0
0 0.795833 0 0.0194444 0
0 0.338194 0 0.0180556 0
0 0.486111 0.5 0.116667 1
0 0.640972 0 0.0208333 0
0 0.543056 0 0.0361111 0
0 0.183333 0 0.0194444 0
0 0.795833 0 0.0194444 0
0 0.338194 0 0.0180556 0
0 0.486111 0.5 0.116667 1
0 0.640972 0 0.0208333 0
0 0.183333 0 0.0194444 0
0 0.795833 0 0.0194444 0
0 0.338194 0 0.0180556 0
0 0.486111 0.5 0.116667 1
0 0.640972 0 0.0208333 0
0 0.543056 0 0.0361111 0
0 0.183333 0 0.0194444 0
0 0.795833 0 0.0194444 0
0 0.338194 0 0.0180556 0
0 0.486111 0.5 0.116667 1
0 0.640972 0 0.0208333 0
0 0.183333 0 0.0194444 0
0 0.795833 0 0.0194444 0
0 0.338194 0 0.0180556 0
0 0.486111 0.5 0.116667 1
0 0.640972 0 0.0208333 0
0 0.543056 0 0.0361111 0
0 0.183333 0 0.0194444 0
0 0.795833 0 0.0194444 0
0 0.338194 0 0.0180556 0
0 0.486111 0.5 0.116667 1
0 0.640972 0 0.0208333 0
0 0.183333 0 0.0194444 0
0 0.795833 0 0.0194444 0
0 0.338194 0 0.0180556 0
0 0.486111 0.5 0.116667 1
0 0.640972 0 0.0208333 0
0 0.183333 0 0.0194444 0
0 0.795833 0 0.0194444 0
0 0.338194 0 0.0180556 0
0 0.486111 0.5 0.116667 1
0 0.640972 0 0.0208333 0
0 0.183333 0 0.0194444 0
0 0.795833 0 0.0194444 0
0 0.338194 0 0.0180556 0
0 0.486111 0.5 0.116667 1
0 0.640972 0 0.0208333 0
0 0.54375 0 0.0347222 0
0 0.183333 0 0.0194444 0
0 0.795833 0 0.0194444 0
0 0.338194 0 0.0180556 0
0 0.486111 0.5 0.116667 1
0 0.640972 0 0.0208333 0
0 0.183333 0 0.0194444 0
0 0.795833 0 0.0194444 0
0 0.338194 0 0.0180556 0
0 0.486111 0.5 0.116667 1
0 0.640972 0 0.0208333 0
0 0.183333 0 0.0194444 0
0 0.795833 0 0.0194444 0
0 0.338194 0 0.0180556 0
0 0.486111 0.5 0.116667 1
0 0.640972 0 0.0208333 0
0 0.544444 0 0.0444444 0
0 0.183333 0 0.0194444 0
0 0.795833 0 0.0194444 0
0 0.338194 0 0.0180556 0
0 0.486111 0.5 0.116667 1
0 0.640972 0 0.0208333 0
0 0.183333 0 0.0194444 0
0 0.795833 0 0.0194444 0
0 0.338194 0 0.0180556 0
0 0.486111 0.5 0.116667 1
0 0.640972 0 0.0208333 0
0 0.183333 0 0.0194444 0
0 0.795833 0 0.0194444 0
0 0.338194 0 0.0180556 0
0 0.486111 0.5 0.116667 1
0 0.640972 0 0.0208333 0
0 0.183333 0 0.0194444 0
0 0.795833 0 0.0194444 0
0 0.338194 0 0.0180556 0
0 0.486111 0.5 0.116667 1
0 0.640972 0 0.0208333 0
0 0.183333 0 0.0194444 0
0 0.795833 0 0.0194444 0
0 0.338194 0 0.0180556 0
0 0.486111 0.5 0.116667 1
0 0.640972 0 0.0208333 0
0 0.183333 0 0.0194444 0
0 0.795833 0 0.0194444 0
0 0.338194 0 0.0180556 0
0 0.486111 0.5 0.116667 1
0 0.640972 0 0.0208333 0
0 0.183333 0 0.0194444 0
0 0.795833 0 0.0194444 0
0 0.338194 0 0.0180556 0
0 0.486111 0.5 0.116667 1
0 0.640972 0 0.0208333 0
0 0.183333 0 0.0194444 0
0 0.795833 0 0.0194444 0
0 0.338194 0 0.0180556 0
0 0.486111 0.5 0.116667 1
0 0.640972 0 0.0208333 0
0 0.183333 0 0.0194444 0
0 0.795833 0 0.0194444 0
0 0.338194 0 0.0180556 0
0 0.486111 0.5 0.116667 1
0 0.640972 0 0.0208333 0
0 0.183333 0 0.0194444 0
0 0.795833 0 0.0194444 0
0 0.338194 0 0.0180556 0
0 0.486111 0.5 0.116667 1
0 0.640972 0 0.0208333 0
0 0.183333 0 0.0194444 0
0 0.795833 0 0.0194444 0
0 0.338194 0 0.0180556 0
0 0.486111 0.5 0.116667 1
0 0.640972 0 0.0208333 0
0 0.183333 0 0.0194444 0
0 0.795833 0 0.0194444 0
0 0.338194 0 0.0180556 0
0 0.486111 0.5 0.116667 1
0 0.640972 0 0.0208333 0
0 0.543056 0 0.0361111 0
0 0.183333 0 0.0194444 0
0 0.795833 0 0.0194444 0
0 0.338194 0 0.0180556 0
0 0.486111 0.5 0.116667 1
0 0.640972 0 0.0208333 0
0 0.543056 0 0.0361111 0
0 0.183333 0 0.0194444 0
0 0.795833 0 0.0194444 0
0 0.338194 0 0.0180556 0
0 0.486111 0.5 0.116667 1
0 0.640972 0 0.0208333 0
0 0.543056 0 0.0361111 0
0 0.183333 0 0.0194444 0
0 0.795833 0 0.0194444 0
0 0.338194 0 0.0180556 0
0 0.486111 0.5 0.116667 1
0 0.640972 0 0.0208333 0
0 0.183333 0 0.0194444 0
0 0.795833 0 0.0194444 0
0 0.338194 0 0.0180556 0
0 0.486111 0.5 0.116667 1
0 0.640972 0 0.0208333 0
0 0.183333 0 0.0194444 0
0 0.795833 0 0.0194444 0
0 0.338194 0 0.0180556 0
0 0.486111 0.5 0.116667 1
0 0.640972 0 0.0208333 0
0 0.183333 0 0.0194444 0
0 0.795833 0 0.0194444 0
0 0.338194 0 0.0180556 0
0 0.486111 0.5 0.116667 1
0 0.640972 0 0.0208333 0
0 0.183333 0 0.0194444 0
0 0.795833 0 0.0194444 0
0 0.338194 0 0.0180556 0
0 0.486111 0.5 0.116667 1
0 0.640972 0 0.0208333 0
0 0.183333 0 0.0194444 0
0 0.795833 0 0.0194444 0
0 0.338194 0 0.0180556 0
0 0.486111 0.5 0.116667 1
0 0.640972 0 0.0208333 0
0 0.183333 0 0.0194444 0
0 0.795833 0 0.0194444 0
0 0.338194 0 0.0180556 0
0 0.486111 0.5 0.116667 1
0 0.640972 0 0.0208333 0
0 0.183333 0 0.0194444 0
0 0.795833 0 0.0194444 0
0 0.338194 0 0.0180556 0
0 0.486111 0.5 0.116667 1
0 0.640972 0 0.0208333 0
0 0.183333 0 0.0194444 0
0 0.795833 0 0.0194444 0
0 0.338194 0 0.0180556 0
0 0.486111 0.5 0.116667 1
0 0.640972 0 0.0208333 0
0 0.54375 0 0.0375 0
0 0.183333 0 0.0194444 0
0 0.795833 0 0.0194444 0
0 0.338194 0 0.0180556 0
0 0.486111 0.5 0.116667 1
0 0.640972 0 0.0208333 0
0 0.183333 0 0.0194444 0
0 0.795833 0 0.0194444 0
0 0.338194 0 0.0180556 0
0 0.486111 0.5 0.116667 1
0 0.640972 0 0.0208333 0
0 0.183333 0 0.0194444 0
0 0.795833 0 0.0194444 0
0 0.338194 0 0.0180556 0
0 0.486111 0.5 0.116667 1
0 0.640972 0 0.0208333 0
0 0.183333 0 0.0194444 0
0 0.795833 0 0.0194444 0
0 0.338194 0 0.0180556 0
0 0.486111 0.5 0.116667 1
0 0.640972 0 0.0208333 0
0 0.183333 0 0.0194444 0
0 0.795833 0 0.0194444 0
0 0.338194 0 0.0180556 0
0 0.486111 0.5 0.116667 1
0 0.640972 0 0.0208333 0
0 0.183333 0 0.0194444 0
0 0.795833 0 0.0194444 0
0 0.338194 0 0.0180556 0
0 0.486111 0.5 0.116667 1
0 0.640972 0 0.0208333 0
0 0.543056 0 0.0361111 0
0 0.183333 0 0.0194444 0
0 0.795833 0 0.0194444 0
0 0.338194 0 0.0180556 0
0 0.486111 0.5 0.116667 1
0 0.640972 0 0.0208333 0
0 0.183333 0 0.0194444 0
0 0.795833 0 0.0194444 0
0 0.338194 0 0.0180556 0
0 0.486111 0.5 0.116667 1
0 0.640972 0 0.0208333 0
0 0.543056 0 0.0361111 0
0 0.183333 0 0.0194444 0
0 0.795833 0 0.0194444 0
0 0.338194 0 0.0180556 0
0 0.486111 0.5 0.116667 1
0 0.640972 0 0.0208333 0
0 0.543056 0 0.0361111 0
0 0.183333 0 0.0194444 0
0 0.795833 0 0.0194444 0
0 0.338194 0 0.0180556 0
0 0.486111 0.5 0.116667 1
0 0.640972 0 0.0208333 0
0 0.183333 0 0.0194444 0
0 0.795833 0 0.0194444 0
0 0.338194 0 0.0180556 0
0 0.486111 0.5 0.116667 1
0 0.640972 0 0.0208333 0
0 0.183333 0 0.0194444 0
0 0.795833 0 0.0194444 0
0 0.338194 0 0.0180556 0
0 0.486111 0.5 0.116667 1
0 0.640972 0 0.0208333 0
0 0.183333 0 0.0194444 0
0 0.795833 0 0.0194444 0
0 0.338194 0 0.0180556 0
0 0.486111 0.5 0.116667 1
0 0.640972 0 0.0208333 0
0 0.183333 0 0.0194444 0
0 0.795833 0 0.0194444 0
0 0.338194 0 0.0180556 0
0 0.486111 0.5 0.116667 1
0 0.640972 0 0.0208333 0
0 0.183333 0 0.0194444 0
0 0.795833 0 0.0194444 0
0 0.338194 0 0.0180556 0
0 0.486111 0.5 0.116667 1
0 0.640972 0 0.0208333 0
0 0.543056 0 0.0361111 0
0 0.183333 0 0.0194444 0
0 0.795833 0 0.0194444 0
0 0.338194 0 0.0180556 0
0 0.486111 0.5 0.116667 1
0 0.640972 0 0.0208333 0
0 0.183333 0 0.0194444 0
0 0.795833 0 0.0194444 0
0 0.338194 0 0.0180556 0
0 0.486111 0.5 0.116667 1
0 0.640972 0 0.0208333 0
0 0.183333 0 0.0194444 0
0 0.795833 0 0.0194444 0
0 0.338194 0 0.0180556 0
0 0.486111 0.5 0.116667 1
0 0.640972 0 0.0208333 0
0 0.543056 0 0.0361111 0
0 0.183333 0 0.0194444 0
0 0.795833 0 0.0194444 0
0 0.338194 0 0.0180556 0
0 0.486111 0.5 0.116667 1
0 0.640972 0 0.0208333 0
0 0.183333 0 0.0194444 0
0 0.795833 0 0.0194444 0
0 0.338194 0 0.0180556 0
0 0.486111 0.5 0.116667 1
0 0.640972 0 0.0208333 0
0 0.183333 0 0.0194444 0
0 0.795833 0 0.0194444 0
0 0.338194 0 0.0180556 0
0 0.486111 0.5 0.116667 1
0 0.640972 0 0.0208333 0
0 0.183333 0 0.0194444 0
0 0.795833 0 0.0194444 0
0 0.338194 0 0.0180556 0
0 0.486111 0.5 0.116667 1
0 0.640972 0 0.0208333 0
0 0.183333 0 0.0194444 0
0 0.795833 0 0.0194444 0
0 0.338194 0 0.0180556 0
0 0.486111 0.5 0.116667 1
0 0.640972 0 0.0208333 0
0 0.183333 0 0.0194444 0
0 0.795833 0 0.0194444 0
0 0.338194 0 0.0180556 0
0 0.486111 0.5 0.116667 1
0 0.640972 0 0.0208333 0
0 0.183333 0 0.0194444 0
0 0.795833 0 0.0194444 0
0 0.338194 0 0.0180556 0
0 0.486111 0.5 0.116667 1
0 0.640972 0 0.0208333 0
0 0.183333 0 0.0194444 0
0 0.795833 0 0.0194444 0
0 0.338194 0 0.0180556 0
0 0.486111 0.5 0.116667 1
0 0.640972 0 0.0208333 0
0 0.183333 0 0.0194444 0
0 0.795833 0 0.0194444 0
0 0.338194 0 0.0180556 0
0 0.486111 0.5 0.116667 1
0 0.640972 0 0.0208333 0
0 0.183333 0 0.0194444 0
0 0.795833 0 0.0194444 0
0 0.338194 0 0.0180556 0
0 0.486111 0.5 0.116667 1
0 0.640972 0 0.0208333 0
0 0.183333 0 0.0194444 0
0 0.795833 0 0.0194444 0
0 0.338194 0 0.0180556 0
0 0.486111 0.5 0.116667 1
0 0.640972 0 0.0208333 0
0 0.183333 0 0.0194444 0
0 0.795833 0 0.0194444 0
0 0.338194 0 0.0180556 0
0 0.486111 0.5 0.116667 1
0 0.640972 0 0.0208333 0
0 0.543056 0 0.0361111 0
0 0.183333 0 0.0194444 0
0 0.795833 0 0.0194444 0
0 0.338194 0 0.0180556 0
0 0.486111 0.5 0.116667 1
0 0.640972 0 0.0208333 0
0 0.543056 0 0.0361111 0
0 0.183333 0 0.0194444 0
0 0.795833 0 0.0194444 0
0 0.338194 0 0.0180556 0
0 0.486111 0.5 0.116667 1
0 0.640972 0 0.0208333 0
0 0.543056 0 0.0361111 0
0 0.183333 0 0.0194444 0
0 0.795833 0 0.0194444 0
0 0.338194 0 0.0180556 0
0 0.486111 0.5 0.116667 1
0 0.640972 0 0.0208333 0
0 0.183333 0 0.0194444 0
0 0.795833 0 0.0194444 0
0 0.338194 0 0.0180556 0
0 0.486111 0.5 0.116667 1
0 0.640972 0 0.0208333 0
0 0.183333 0 0.0194444 0
0 0.795833 0 0.0194444 0
0 0.338194 0 0.0180556 0
0 0.486111 0.5 0.116667 1
0 0.640972 0 0.0208333 0
0 0.543056 0 0.0361111 0
0 0.183333 0 0.0194444 0
0 0.795833 0 0.0194444 0
0 0.338194 0 0.0180556 0
0 0.486111 0.5 0.116667 1
0 0.640972 0 0.0208333 0
0 0.543056 0 0.0361111 0
0 0.183333 0 0.0194444 0
0 0.795833 0 0.0194444 0
0 0.338194 0 0.0180556 0
0 0.486111 0.5 0.116667 1
0 0.640972 0 0.0208333 0
0 0.183333 0 0.0194444 0
0 0.795833 0 0.0194444 0
0 0.338194 0 0.0180556 0
0 0.486111 0.5 0.116667 1
0 0.640972 0 0.0208333 0
0 0.183333 0 0.0194444 0
0 0.795833 0 0.0194444 0
0 0.338194 0 0.0180556 0
0 0.486111 0.5 0.116667 1
0 0.640972 0 0.0208333 0
0 0.543056 0 0.0361111 0
0 0.183333 0 0.0194444 0
0 0.795833 0 0.0194444 0
0 0.338194 0 0.0180556 0
0 0.486111 0.5 0.116667 1
0 0.640972 0 0.0208333 0
0 0.183333 0 0.0194444 0
0 0.795833 0 0.0194444 0
0 0.338194 0 0.0180556 0
0 0.486111 0.5 0.116667 1
0 0.640972 0 0.0208333 0
0 0.543056 0 0.0361111 0
0 0.183333 0 0.0194444 0
0 0.795833 0 0.0194444 0
0 0.338194 0 0.0180556 0
0 0.486111 0.5 0.116667 1
0 0.640972 0 0.0208333 0
0 0.543056 0 0.0361111 0
0 0.183333 0 0.0194444 0
0 0.795833 0 0.0194444 0
0 0.338194 0 0.0180556 0
0 0.486111 0.5 0.116667 1
0 0.640972 0 0.0208333 0
0 0.543056 0 0.0361111 0
0 0.183333 0 0.0194444 0
0 0.795833 0 0.0194444 0
0 0.338194 0 0.0180556 0
0 0.486111 0.5 0.116667 1
0 0.640972 0 0.0208333 0
0 0.183333 0 0.0194444 0
0 0.795833 0 0.0194444 0
0 0.338194 0 0.0180556 0
0 0.486111 0.5 0.116667 1
0 0.640972 0 0.0208333 0
0 0.183333 0 0.0194444 0
0 0.795833 0 0.0194444 0
0 0.338194 0 0.0180556 0
0 0.486111 0.5 0.116667 1
0 0.640972 0 0.0208333 0
0 0.543056 0 0.0361111 0
0 0.183333 0 0.0194444 0
0 0.795833 0 0.0194444 0
0 0.338194 0 0.0180556 0
0 0.486111 0.5 0.116667 1
0 0.640972 0 0.0208333 0
0 0.183333 0 0.0194444 0
0 0.795833 0 0.0194444 0
0 0.338194 0 0.0180556 0
0 0.486111 0.5 0.116667 1
0 0.640972 0 0.0208333 0
0 0.543056 0 0.0361111 0
0 0.183333 0 0.0194444 0
0 0.795833 0 0.0194444 0
0 0.338194 0 0.0180556 0
0 0.486111 0.5 0.116667 1
0 0.640972 0 0.0208333 0
0 0.183333 0 0.0194444 0
0 0.795833 0 0.0194444 0
0 0.338194 0 0.0180556 0
0 0.486111 0.5 0.116667 1
0 0.640972 0 0.0208333 0
0 0.543056 0 0.0361111 0
0 0.183333 0 0.0194444 0
0 0.795833 0 0.0194444 0
0 0.338194 0 0.0180556 0
0 0.486111 0.5 0.116667 1
0 0.640972 0 0.0208333 0
0 0.183333 0 0.0194444 0
0 0.795833 0 0.0194444 0
0 0.338194 0 0.0180556 0
0 0.486111 0.5 0.116667 1
0 0.640972 0 0.0208333 0
0 0.183333 0 0.0194444 0
0 0.795833 0 0.0194444 0
0 0.338194 0 0.0180556 0
0 0.486111 0.5 0.116667 1
0 0.640972 0 0.0208333 0
0 0.543056 0 0.0361111 0
0 0.183333 0 0.0194444 0
0 0.795833 0 0.0194444 0
0 0.338194 0 0.0180556 0
0 0.486111 0.5 0.116667 1
0 0.640972 0 0.0208333 0
0 0.183333 0 0.0194444 0
0 0.795833 0 0.0194444 0
0 0.338194 0 0.0180556 0
0 0.486111 0.5 0.116667 1
0 0.640972 0 0.0208333 0
0 0.183333 0 0.0194444 0
0 0.795833 0 0.0194444 0
0 0.338194 0 0.0180556 0
0 0.486111 0.5 0.116667 1
0 0.640972 0 0.0208333 0
0 0.183333 0 0.0194444 0
0 0.795833 0 0.0194444 0
0 0.338194 0 0.0180556 0
0 0.486111 0.5 0.116667 1
0 0.640972 0 0.0208333 0
0 0.543056 0 0.0361111 0
0 0.183333 0 0.0194444 0
0 0.795833 0 0.0194444 0
0 0.338194 0 0.0180556 0
0 0.486111 0.5 0.116667 1
0 0.640972 0 0.0208333 0
0 0.543056 0 0.0361111 0
0 0.183333 0 0.0194444 0
0 0.795833 0 0.0194444 0
0 0.338194 0 0.0180556 0
0 0.486111 0.5 0.116667 1
0 0.640972 0 0.0208333 0
0 0.543056 0 0.0361111 0
0 0.183333 0 0.0194444 0
0 0.795833 0 0.0194444 0
0 0.338194 0 0.0180556 0
0 0.486111 0.5 0.116667 1
0 0.640972 0 0.0208333 0
0 0.183333 0 0.0194444 0
0 0.795833 0 0.0194444 0
0 0.338194 0 0.0180556 0
0 0.486111 0.5 0.116667 1
0 0.640972 0 0.0208333 0
0 0.183333 0 0.0194444 0
0 0.795833 0 0.0194444 0
0 0.338194 0 0.0180556 0
0 0.486111 0.5 0.116667 1
0 0.640972 0 0.0208333 0
0 0.183333 0 0.0194444 0
0 0.795833 0 0.0194444 0
0 0.338194 0 0.0180556 0
0 0.486111 0.5 0.116667 1
0 0.640972 0 0.0208333 0
0 0.183333 0 0.0194444 0
0 0.795833 0 0.0194444 0
0 0.338194 0 0.0180556 0
0 0.486111 0.5 0.116667 1
0 0.640972 0 0.0208333 0
0 0.183333 0 0.0194444 0
0 0.795833 0 0.0194444 0
0 0.338194 0 0.0180556 0
0 0.486111 0.5 0.116667 1
0 0.640972 0 0.0208333 0
0 0.183333 0 0.0194444 0
0 0.795833 0 0.0194444 0
0 0.338194 0 0.0180556 0
0 0.486111 0.5 0.116667 1
0 0.640972 0 0.0208333 0
0 0.183333 0 0.0194444 0
0 0.795833 0 0.0194444 0
0 0.338194 0 0.0180556 0
0 0.486111 0.5 0.116667 1
0 0.640972 0 0.0208333 0
0 0.544444 0 0.0444444 0
0 0.183333 0 0.0194444 0
0 0.795833 0 0.0194444 0
0 0.338194 0 0.0180556 0
0 0.486111 0.5 0.116667 1
0 0.640972 0 0.0208333 0
0 0.183333 0 0.0194444 0
0 0.795833 0 0.0194444 0
0 0.338194 0 0.0180556 0
0 0.486111 0.5 0.116667 1
0 0.640972 0 0.0208333 0
0 0.183333 0 0.0194444 0
0 0.795139 0 0.0180556 0
0 0.338194 0 0.0180556 0
0 0.486111 0.5 0.116667 1
0 0.640972 0 0.0208333 0
0 0.183333 0 0.0194444 0
0 0.795833 0 0.0194444 0
0 0.338194 0 0.0180556 0
0 0.486111 0.5 0.116667 1
0 0.640972 0 0.0208333 0
0 0.544444 0 0.0444444 0
0 0.183333 0 0.0194444 0
0 0.795833 0 0.0194444 0
0 0.338194 0 0.0180556 0
0 0.486111 0.5 0.116667 1
0 0.640278 0 0.0194444 0
0 0.544444 0 0.0444444 0
0 0.183333 0 0.0194444 0
0 0.795833 0 0.0194444 0
0 0.338194 0 0.0180556 0
0 0.486111 0.5 0.116667 1
0 0.640278 0 0.0194444 0
0 0.183333 0 0.0194444 0
0 0.795833 0 0.0194444 0
0 0.338194 0 0.0180556 0
0 0.486111 0.5 0.116667 1
0 0.640278 0 0.0194444 0
0 0.183333 0 0.0194444 0
0 0.795833 0 0.0194444 0
0 0.338194 0 0.0180556 0
0 0.486111 0.5 0.116667 1
0 0.640278 0 0.0194444 0
0 0.183333 0 0.0194444 0
0 0.795139 0 0.0180556 0
0 0.338194 0 0.0180556 0
0 0.486111 0.5 0.116667 1
0 0.640972 0 0.0208333 0
0 0.183333 0 0.0194444 0
0 0.795833 0 0.0194444 0
0 0.338194 0 0.0180556 0
0 0.486111 0.5 0.116667 1
0 0.640972 0 0.0208333 0
0 0.544444 0 0.0444444 0
0 0.183333 0 0.0194444 0
0 0.795833 0 0.0194444 0
0 0.338194 0 0.0180556 0
0 0.486111 0.5 0.116667 1
0 0.640972 0 0.0208333 0
0 0.183333 0 0.0194444 0
0 0.795833 0 0.0194444 0
0 0.338194 0 0.0180556 0
0 0.486111 0.5 0.116667 1
0 0.640972 0 0.0208333 0
0 0.544444 0 0.0444444 0
0 0.183333 0 0.0194444 0
0 0.795833 0 0.0194444 0
0 0.338194 0 0.0180556 0
0 0.486111 0.5 0.116667 1
0 0.640972 0 0.0208333 0
0 0.183333 0 0.0194444 0
0 0.795833 0 0.0194444 0
0 0.338194 0 0.0180556 0
0 0.486111 0.5 0.116667 1
0 0.640972 0 0.0208333 0
0 0.54375 0 0.0375 0
0 0.183333 0 0.0194444 0
0 0.795833 0 0.0194444 0
0 0.338194 0 0.0180556 0
0 0.486111 0.5 0.116667 1
0 0.640972 0 0.0208333 0
0 0.183333 0 0.0194444 0
0 0.795833 0 0.0194444 0
0 0.338194 0 0.0180556 0
0 0.486111 0.5 0.116667 1
0 0.640972 0 0.0208333 0
0 0.183333 0 0.0194444 0
0 0.795833 0 0.0194444 0
0 0.338194 0 0.0180556 0
0 0.486111 0.5 0.116667 1
0 0.640972 0 0.0208333 0
0 0.183333 0 0.0194444 0
0 0.795833 0 0.0194444 0
0 0.338194 0 0.0180556 0
0 0.486111 0.5 0.116667 1
0 0.640972 0 0.0208333 0
0 0.183333 0 0.0194444 0
0 0.795833 0 0.0194444 0
0 0.338194 0 0.0180556 0
0 0.486111 0.5 0.116667 1
0 0.640972 0 0.0208333 0
0 0.183333 0 0.0194444 0
0 0.795833 0 0.0194444 0
0 0.338194 0 0.0180556 0
0 0.486111 0.5 0.116667 1
0 0.640972 0 0.0208333 0
0 0.183333 0 0.0194444 0
0 0.795833 0 0.0194444 0
0 0.338194 0 0.0180556 0
0 0.486111 0.5 0.116667 1
0 0.640972 0 0.0208333 0
0 0.26875 0 0.00694444 0
0 0.183333 0 0.0194444 0
0 0.795833 0 0.0194444 0
0 0.338194 0 0.0180556 0
0 0.486111 0.5 0.116667 1
0 0.640972 0 0.0208333 0
0 0.543056 0 0.0361111 0
0 0.183333 0 0.0194444 0
0 0.795833 0 0.0194444 0
0 0.338194 0 0.0180556 0
0 0.486111 0.5 0.116667 1
0 0.640972 0 0.0208333 0
0 0.183333 0 0.0194444 0
0 0.795833 0 0.0194444 0
0 0.338194 0 0.0180556 0
0 0.486111 0.5 0.116667 1
0 0.640972 0 0.0208333 0
0 0.183333 0 0.0194444 0
0 0.795833 0 0.0194444 0
0 0.338194 0 0.0180556 0
0 0.486111 0.5 0.116667 1
0 0.640972 0 0.0208333 0
0 0.183333 0 0.0194444 0
0 0.795833 0 0.0194444 0
0 0.338194 0 0.0180556 0
0 0.486111 0.5 0.116667 1
0 0.640972 0 0.0208333 0
0 0.183333 0 0.0194444 0
0 0.795833 0 0.0194444 0
0 0.338194 0 0.0180556 0
0 0.486111 0.5 0.116667 1
0 0.640972 0 0.0208333 0
0 0.183333 0 0.0194444 0
0 0.795833 0 0.0194444 0
0 0.338194 0 0.0180556 0
0 0.486111 0.5 0.116667 1
0 0.640972 0 0.0208333 0
0 0.183333 0 0.0194444 0
0 0.795833 0 0.0194444 0
0 0.338194 0 0.0180556 0
0 0.486111 0.5 0.116667 1
0 0.640972 0 0.0208333 0
0 0.543056 0 0.0361111 0
0 0.183333 0 0.0194444 0
0 0.795833 0 0.0194444 0
0 0.338194 0 0.0180556 0
0 0.486111 0.5 0.116667 1
0 0.640972 0 0.0208333 0
0 0.183333 0 0.0194444 0
0 0.795833 0 0.0194444 0
0 0.338194 0 0.0180556 0
0 0.486111 0.5 0.116667 1
0 0.640972 0 0.0208333 0
0 0.183333 0 0.0194444 0
0 0.795833 0 0.0194444 0
0 0.338194 0 0.0180556 0
0 0.486111 0.5 0.116667 1
0 0.640972 0 0.0208333 0
0 0.183333 0 0.0194444 0
0 0.795833 0 0.0194444 0
0 0.338194 0 0.0180556 0
0 0.486111 0.5 0.116667 1
0 0.640972 0 0.0208333 0
0 0.543056 0 0.0361111 0
0 0.183333 0 0.0194444 0
0 0.795833 0 0.0194444 0
0 0.338194 0 0.0180556 0
0 0.486111 0.5 0.116667 1
0 0.640972 0 0.0208333 0
0 0.543056 0 0.0361111 0
0 0.183333 0 0.0194444 0
0 0.795833 0 0.0194444 0
0 0.338194 0 0.0180556 0
0 0.486111 0.5 0.116667 1
0 0.640972 0 0.0208333 0
0 0.183333 0 0.0194444 0
0 0.795833 0 0.0194444 0
0 0.338194 0 0.0180556 0
0 0.486111 0.5 0.116667 1
0 0.640972 0 0.0208333 0
0 0.183333 0 0.0194444 0
0 0.795833 0 0.0194444 0
0 0.338194 0 0.0180556 0
0 0.486111 0.5 0.116667 1
0 0.640972 0 0.0208333 0
0 0.543056 0 0.0361111 0
0 0.183333 0 0.0194444 0
0 0.795833 0 0.0194444 0
0 0.338194 0 0.0180556 0
0 0.486111 0.5 0.116667 1
0 0.640972 0 0.0208333 0
0 0.543056 0 0.0361111 0
0 0.183333 0 0.0194444 0
0 0.795833 0 0.0194444 0
0 0.338194 0 0.0180556 0
0 0.486111 0.5 0.116667 1
0 0.640972 0 0.0208333 0
0 0.183333 0 0.0194444 0
0 0.795833 0 0.0194444 0
0 0.338194 0 0.0180556 0
0 0.486111 0.5 0.116667 1
0 0.640972 0 0.0208333 0
0 0.543056 0 0.0361111 0
0 0.183333 0 0.0194444 0
0 0.795833 0 0.0194444 0
0 0.338194 0 0.0180556 0
0 0.486111 0.5 0.116667 1
0 0.640972 0 0.0208333 0
0 0.183333 0 0.0194444 0
0 0.795833 0 0.0194444 0
0 0.338194 0 0.0180556 0
0 0.486111 0.5 0.116667 1
0 0.640972 0 0.0208333 0
0 0.183333 0 0.0194444 0
0 0.795833 0 0.0194444 0
0 0.338194 0 0.0180556 0
0 0.486111 0.5 0.116667 1
0 0.640972 0 0.0208333 0
0 0.183333 0 0.0194444 0
0 0.795833 0 0.0194444 0
0 0.338194 0 0.0180556 0
0 0.486111 0.5 0.116667 1
0 0.640972 0 0.0208333 0
0 0.543056 0 0.0361111 0
0 0.183333 0 0.0194444 0
0 0.795833 0 0.0194444 0
0 0.338194 0 0.0180556 0
0 0.486111 0.5 0.116667 1
0 0.640972 0 0.0208333 0
0 0.183333 0 0.0194444 0
0 0.795833 0 0.0194444 0
0 0.338194 0 0.0180556 0
0 0.486111 0.5 0.116667 1
0 0.640972 0 0.0208333 0
0 0.183333 0 0.0194444 0
0 0.795833 0 0.0194444 0
0 0.338194 0 0.0180556 0
0 0.486111 0.5 0.116667 1
0 0.640972 0 0.0208333 0
