0 0.7 0 0.0166667 0
0 0.263889 0 0.0222222 0
0 0.5625 0 0.0166667 0
0 0.263194 0 0.0236111 0
0 0.5625 0 0.0166667 0
0 0.7 0 0.0166667 0
0 0.263194 0 0.0236111 0
0 0.18125 0 0.00694444 0
0 0.5625 0 0.0166667 0
0 0.7 0 0.0166667 0
0 0.263194 0 0.0236111 0
0 0.5625 0 0.0166667 0
0 0.7 0 0.0166667 0
0 0.263194 0 0.0236111 0
0 0.5625 0 0.0166667 0
0 0.263194 0 0.0236111 0
0 0.5625 0 0.0166667 0
0 0.263194 0 0.0236111 0
0 0.5625 0 0.0166667 0
0 0.263194 0 0.0236111 0
0 0.7 0 0.0166667 0
0 0.5625 0 0.0166667 0
0 0.263194 0 0.0236111 0
0 0.7 0 0.0166667 0
0 0.5625 0 0.0166667 0
0 0.263194 0 0.0236111 0
0 0.7 0 0.0166667 0
0 0.5625 0 0.0166667 0
0 0.263194 0 0.0236111 0
0 0.699306 0 0.0152778 0
0 0.561806 0 0.0180556 0
0 0.699306 0 0.0152778 0
0 0.561806 0 0.0180556 0
0 0.263194 0 0.0236111 0
0 0.699306 0 0.0152778 0
0 0.561806 0 0.0180556 0
0 0.698611 0 0.0166667 0
0 0.451389 0.5 0.119444 1
0 0.2625 0 0.0222222 0
0 0.561806 0 0.0180556 0
0 0.451389 0.5 0.125 1
0 0.698611 0 0.0166667 0
0 0.263194 0 0.0236111 0
0 0.561806 0 0.0180556 0
0 0.698611 0 0.0166667 0
0 0.2625 0 0.0222222 0
0 0.5625 0 0.0166667 0
0 0.2625 0 0.0222222 0
0 0.699306 0 0.0152778 0
0 0.5625 0 0.0166667 0
0 0.2625 0 0.0222222 0
0 0.561806 0 0.0180556 0
0 0.2625 0 0.0222222 0
0 0.561806 0 0.0180556 0
0 0.698611 0 0.0166667 0
0 0.2625 0 0.0222222 0
0 0.561806 0 0.0180556 0
0 0.261806 0 0.0236111 0
0 0.561806 0 0.0180556 0
0 0.2625 0 0.0222222 0
0 0.561806 0 0.0180556 0
0 0.561806 0 0.0180556 0
0 0.561806 0 0.0180556 0
0 0.699306 0 0.0180556 0
0 0.261806 0 0.0236111 0
0 0.561806 0 0.0180556 0
0 0.447917 0.5 0.123611 1
0 0.261806 0 0.0236111 0
0 0.561806 0 0.0180556 0
0 0.447222 0.5 0.119444 1
0 0.261111 0 0.0222222 0
0 0.561806 0 0.0180556 0
0 0.261806 0 0.0236111 0
0 0.561806 0 0.0180556 0
0 0.261806 0 0.0236111 0
0 0.561806 0 0.0180556 0
0 0.261111 0 0.0222222 0
0 0.561806 0 0.0180556 0
0 0.561111 0 0.0194444 0
0 0.561111 0 0.0194444 0
0 0.561111 0 0.0194444 0
0 0.261111 0 0.0222222 0
0 0.561111 0 0.0194444 0
0 0.699306 0 0.0180556 0
0 0.561111 0 0.0194444 0
0 0.261111 0 0.0222222 0
0 0.260417 0 0.0236111 0
0 0.561111 0 0.0194444 0
0 0.699306 0 0.0180556 0
0 0.260417 0 0.0236111 0
0 0.561111 0 0.0194444 0
0 0.259722 0 0.0222222 0
0 0.561111 0 0.0194444 0
0 0.699306 0 0.0180556 0
0 0.260417 0 0.0236111 0
0 0.561111 0 0.0194444 0
0 0.459722 0.5 0.136111 1
0 0.561111 0 0.0194444 0
0 0.459028 0.5 0.0958333 1
0 0.561111 0 0.0194444 0
0 0.561111 0 0.0194444 0
0 0.460417 0.5 0.145833 1
0 0.259722 0 0.0222222 0
0 0.561111 0 0.0194444 0
0 0.259722 0 0.0222222 0
0 0.561111 0 0.0194444 0
0 0.259722 0 0.0222222 0
0 0.561111 0 0.0194444 0
0 0.45625 0.5 0.145833 1
0 0.561806 0 0.0208333 0
0 0.259722 0 0.0222222 0
0 0.561111 0 0.0194444 0
0 0.259722 0 0.0222222 0
0 0.259722 0 0.0222222 0
0 0.561806 0 0.0180556 0
0 0.259722 0 0.0222222 0
0 0.561806 0 0.0180556 0
0 0.459028 0.5 0.148611 1
0 0.258333 0 0.0222222 0
0 0.561806 0 0.0180556 0
0 0.45625 0.5 0.0930556 1
0 0.259028 0 0.0208333 0
0 0.561806 0 0.0180556 0
0 0.5625 0 0.0194444 0
0 0.259722 0 0.0222222 0
0 0.476389 0 0.0388889 0
0 0.561111 0 0.0194444 0
0 0.449306 0.5 0.109722 1
0 0.258333 0 0.0222222 0
0 0.7 0 0.0166667 0
0 0.259028 0 0.0236111 0
0 0.5625 0 0.0194444 0
0 0.448611 0.5 0.105556 1
0 0.259028 0 0.0236111 0
0 0.451389 0.5 0.1 1
0 0.563194 0 0.0180556 0
0 0.363194 1 0.0736111 0
0 0.259028 0 0.0236111 0
0 0.451389 0.5 0.1 1
0 0.563194 0 0.0180556 0
0 0.3625 1 0.0666667 0
0 0.453472 0.5 0.0986111 1
0 0.258333 0 0.025 0
0 0.701389 0 0.0166667 0
0 0.563194 0 0.0180556 0
0 0.361111 1 0.0694444 0
0 0.258333 0 0.025 0
0 0.45625 0.5 0.106944 1
0 0.701389 0 0.0166667 0
0 0.563194 0 0.0180556 0
0 0.258333 0 0.025 0
0 0.701389 0 0.0166667 0
0 0.459028 0.5 0.0930556 1
0 0.563194 0 0.0180556 0
0 0.701389 0 0.0166667 0
0 0.258333 0 0.025 0
0 0.459028 1 0.0791667 0
0 0.563194 0 0.0180556 0
0 0.701389 0 0.0166667 0
0 0.460417 0.5 0.0930556 1
0 0.259028 0 0.0236111 0
0 0.563194 0 0.0180556 0
0 0.5625 0 0.0194444 0
0 0.701389 0 0.0166667 0
0 0.456944 0.5 0.102778 1
0 0.259028 0 0.0236111 0
0 0.258333 0 0.0222222 0
0 0.564583 0 0.0180556 0
0 0.463194 1 0.0902778 0
0 0.702083 0 0.0180556 0
0 0.564583 0 0.0180556 0
0 0.465972 1 0.0930556 0
0 0.258333 0 0.0222222 0
0 0.702083 0 0.0180556 0
0 0.465972 1 0.0930556 0
0 0.258333 0 0.0222222 0
0 0.564583 0 0.0180556 0
0 0.465278 1 0.0916667 0
0 0.563889 0 0.0194444 0
0 0.258333 0 0.0222222 0
0 0.703472 0 0.0180556 0
0 0.257639 0 0.0236111 0
0 0.565278 0 0.0194444 0
0 0.466667 1 0.0888889 0
0 0.703472 0 0.0180556 0
0 0.565278 0 0.0194444 0
0 0.468056 1 0.0916667 0
0 0.257639 0 0.0236111 0
0 0.704861 0 0.0180556 0
0 0.465972 1 0.0819444 0
0 0.565278 0 0.0194444 0
0 0.258333 0 0.0222222 0
0 0.704167 0 0.0166667 0
0 0.563889 0 0.0194444 0
0 0.467361 1 0.0875 0
0 0.257639 0 0.0236111 0
0 0.464583 1 0.0847222 0
0 0.565278 0 0.0194444 0
0 0.257639 0 0.0236111 0
0 0.704861 0 0.0180556 0
0 0.466667 1 0.0888889 0
0 0.565278 0 0.0194444 0
0 0.257639 0 0.0236111 0
0 0.469444 1 0.0944444 0
0 0.565278 0 0.0194444 0
0 0.256944 0 0.0222222 0
0 0.565278 0 0.0194444 0
0 0.256944 0 0.0222222 0
0 0.256944 0 0.0222222 0
0 0.564583 0 0.0208333 0
0 0.256944 0 0.0222222 0
0 0.564583 0 0.0208333 0
0 0.256944 0 0.0222222 0
0 0.565972 0 0.0208333 0
0 0.257639 0 0.0236111 0
0 0.566667 0 0.0194444 0
0 0.257639 0 0.0236111 0
0 0.566667 0 0.0194444 0
0 0.257639 0 0.0236111 0
0 0.706944 0 0.0166667 0
0 0.566667 0 0.0194444 0
0 0.256944 0 0.025 0
0 0.174306 0 0.00694444 0
0 0.708333 0 0.0166667 0
0 0.566667 0 0.0194444 0
0 0.709028 0 0.0180556 0
0 0.25625 0 0.0236111 0
0 0.566667 0 0.0194444 0
0 0.709028 0 0.0180556 0
0 0.256944 0 0.0222222 0
0 0.568056 0 0.0194444 0
0 0.25625 0 0.0236111 0
0 0.709028 0 0.0180556 0
0 0.568056 0 0.0194444 0
0 0.709028 0 0.0180556 0
0 0.25625 0 0.0236111 0
0 0.568056 0 0.0194444 0
0 0.25625 0 0.0236111 0
0 0.568056 0 0.0194444 0
0 0.25625 0 0.0236111 0
0 0.567361 0 0.0208333 0
0 0.255556 0 0.025 0
0 0.567361 0 0.0208333 0
0 0.25625 0 0.0236111 0
0 0.568056 0 0.0194444 0
0 0.255556 0 0.025 0
0 0.568056 0 0.0194444 0
0 0.710417 0 0.0180556 0
0 0.254167 0 0.025 0
0 0.568056 0 0.0194444 0
0 0.253472 0 0.0236111 0
0 0.711111 0 0.0194444 0
0 0.568056 0 0.0194444 0
0 0.254167 0 0.025 0
0 0.711111 0 0.0194444 0
0 0.568056 0 0.0194444 0
0 0.56875 0 0.0208333 0
0 0.252778 0 0.025 0
0 0.568056 0 0.0194444 0
0 0.252778 0 0.025 0
0 0.56875 0 0.0208333 0
0 0.252778 0 0.025 0
0 0.56875 0 0.0208333 0
0 0.7125 0 0.0166667 0
0 0.252778 0 0.025 0
0 0.56875 0 0.0208333 0
0 0.7125 0 0.0166667 0
0 0.252778 0 0.025 0
0 0.569444 0 0.0194444 0
0 0.7125 0 0.0166667 0
0 0.252083 0 0.0236111 0
0 0.569444 0 0.0194444 0
0 0.7125 0 0.0166667 0
0 0.252083 0 0.0236111 0
0 0.569444 0 0.0194444 0
0 0.48125 0 0.0430556 0
0 0.713194 0 0.0180556 0
0 0.252083 0 0.0236111 0
0 0.569444 0 0.0194444 0
0 0.713889 0 0.0166667 0
0 0.252083 0 0.0236111 0
0 0.570139 0 0.0208333 0
0 0.713889 0 0.0166667 0
0 0.252083 0 0.0236111 0
0 0.570139 0 0.0208333 0
0 0.713889 0 0.0166667 0
0 0.251389 0 0.0222222 0
0 0.570833 0 0.0194444 0
0 0.713889 0 0.0166667 0
0 0.251389 0 0.025 0
0 0.570833 0 0.0194444 0
0 0.713889 0 0.0166667 0
0 0.250694 0 0.0236111 0
0 0.570833 0 0.0194444 0
0 0.714583 0 0.0180556 0
0 0.16875 0 0.00694444 0
0 0.250694 0 0.0236111 0
0 0.570833 0 0.0194444 0
0 0.714583 0 0.0180556 0
0 0.250694 0 0.0236111 0
0 0.570833 0 0.0194444 0
0 0.249306 0 0.0236111 0
0 0.570833 0 0.0194444 0
0 0.714583 0 0.0180556 0
0 0.25 0 0.0222222 0
0 0.570833 0 0.0194444 0
0 0.714583 0 0.0180556 0
0 0.25 0 0.025 0
0 0.570833 0 0.0194444 0
0 0.249306 0 0.0236111 0
0 0.571528 0 0.0208333 0
0 0.715972 0 0.0180556 0
0 0.249306 0 0.0236111 0
0 0.571528 0 0.0208333 0
0 0.715972 0 0.0180556 0
0 0.249306 0 0.0236111 0
0 0.571528 0 0.0208333 0
0 0.716667 0 0.0194444 0
0 0.249306 0 0.0236111 0
0 0.571528 0 0.0208333 0
0 0.716667 0 0.0194444 0
0 0.248611 0 0.025 0
0 0.571528 0 0.0208333 0
0 0.717361 0 0.0180556 0
0 0.249306 0 0.0236111 0
0 0.571528 0 0.0208333 0
0 0.717361 0 0.0180556 0
0 0.248611 0 0.025 0
0 0.571528 0 0.0208333 0
0 0.718056 0 0.0194444 0
0 0.248611 0 0.025 0
0 0.571528 0 0.0208333 0
0 0.719444 0 0.0194444 0
0 0.483333 0 0.0416667 0
0 0.247917 0 0.0236111 0
0 0.571528 0 0.0208333 0
0 0.719444 0 0.0194444 0
0 0.247917 0 0.0236111 0
0 0.572222 0 0.0194444 0
0 0.719444 0 0.0194444 0
0 0.247917 0 0.0236111 0
0 0.571528 0 0.0208333 0
0 0.719444 0 0.0194444 0
0 0.247917 0 0.0263889 0
0 0.572222 0 0.0194444 0
0 0.719444 0 0.0194444 0
0 0.247917 0 0.0263889 0
0 0.572222 0 0.0194444 0
0 0.720139 0 0.0180556 0
0 0.482639 0 0.0402778 0
0 0.247222 0 0.0277778 0
0 0.572917 0 0.0208333 0
0 0.484028 0 0.0402778 0
0 0.247222 0 0.0277778 0
0 0.572917 0 0.0208333 0
0 0.246528 0 0.0263889 0
0 0.572917 0 0.0208333 0
0 0.720833 0 0.0194444 0
0 0.484028 0 0.0430556 0
0 0.246528 0 0.0263889 0
0 0.572917 0 0.0208333 0
0 0.720833 0 0.0194444 0
0 0.246528 0 0.0263889 0
0 0.572917 0 0.0208333 0
0 0.483333 0 0.0416667 0
0 0.721528 0 0.0180556 0
0 0.245833 0 0.025 0
0 0.572917 0 0.0208333 0
0 0.721528 0 0.0180556 0
0 0.245833 0 0.025 0
0 0.573611 0 0.0194444 0
0 0.16875 0 0.00694444 0
0 0.245833 0 0.025 0
0 0.720833 0 0.0194444 0
0 0.573611 0 0.0194444 0
0 0.721528 0 0.0208333 0
0 0.245833 0 0.025 0
0 0.573611 0 0.0194444 0
0 0.722222 0 0.0194444 0
0 0.245833 0 0.025 0
0 0.574306 0 0.0208333 0
0 0.574306 0 0.0208333 0
0 0.245833 0 0.025 0
0 0.245833 0 0.025 0
0 0.574306 0 0.0208333 0
0 0.574306 0 0.0208333 0
0 0.245139 0 0.0236111 0
0 0.722917 0 0.0208333 0
0 0.575 0 0.0194444 0
0 0.245139 0 0.0236111 0
0 0.722917 0 0.0208333 0
0 0.483333 0 0.0444444 0
0 0.575 0 0.0194444 0
0 0.245139 0 0.0236111 0
0 0.722917 0 0.0180556 0
0 0.575 0 0.0194444 0
0 0.245139 0 0.0236111 0
0 0.722917 0 0.0180556 0
0 0.574306 0 0.0180556 0
0 0.245139 0 0.0236111 0
0 0.723611 0 0.0194444 0
0 0.575 0 0.0194444 0
0 0.245139 0 0.0236111 0
0 0.723611 0 0.0194444 0
0 0.244444 0 0.025 0
0 0.575 0 0.0194444 0
0 0.723611 0 0.0194444 0
0 0.575 0 0.0194444 0
0 0.244444 0 0.025 0
0 0.723611 0 0.0194444 0
0 0.575 0 0.0194444 0
0 0.244444 0 0.025 0
0 0.724306 0 0.0180556 0
0 0.575 0 0.0194444 0
0 0.244444 0 0.025 0
0 0.724306 0 0.0180556 0
0 0.24375 0 0.0263889 0
0 0.575 0 0.0194444 0
0 0.724306 0 0.0180556 0
0 0.24375 0 0.0263889 0
0 0.575 0 0.0194444 0
0 0.724306 0 0.0180556 0
0 0.244444 0 0.025 0
0 0.576389 0 0.0194444 0
0 0.725694 0 0.0180556 0
0 0.244444 0 0.025 0
0 0.576389 0 0.0194444 0
0 0.725694 0 0.0180556 0
0 0.244444 0 0.025 0
0 0.576389 0 0.0194444 0
0 0.725694 0 0.0180556 0
0 0.24375 0 0.0236111 0
0 0.576389 0 0.0194444 0
0 0.725694 0 0.0180556 0
0 0.24375 0 0.0236111 0
0 0.576389 0 0.0194444 0
0 0.726389 0 0.0166667 0
0 0.576389 0 0.0194444 0
0 0.24375 0 0.0236111 0
0 0.725694 0 0.0180556 0
0 0.24375 0 0.0236111 0
0 0.577083 0 0.0208333 0
0 0.486111 0 0.0416667 0
0 0.727083 0 0.0180556 0
0 0.244444 0 0.0222222 0
0 0.576389 0 0.0194444 0
0 0.726389 0 0.0194444 0
0 0.24375 0 0.0236111 0
0 0.577083 0 0.0208333 0
0 0.727083 0 0.0208333 0
0 0.169444 0 0.00833333 0
0 0.484028 0 0.0458333 0
0 0.24375 0 0.0236111 0
0 0.577083 0 0.0208333 0
0 0.484028 0 0.0458333 0
0 0.24375 0 0.0236111 0
0 0.577083 0 0.0208333 0
0 0.484722 0 0.0444444 0
0 0.24375 0 0.0236111 0
0 0.577083 0 0.0208333 0
0 0.728472 0 0.0208333 0
0 0.485417 0 0.0430556 0
0 0.243056 0 0.025 0
0 0.577083 0 0.0208333 0
0 0.486111 0 0.0444444 0
0 0.728472 0 0.0208333 0
0 0.243056 0 0.025 0
0 0.577083 0 0.0208333 0
0 0.729167 0 0.0194444 0
0 0.243056 0 0.025 0
0 0.578472 0 0.0208333 0
0 0.485417 0 0.0430556 0
0 0.729861 0 0.0208333 0
0 0.242361 0 0.0236111 0
0 0.578472 0 0.0208333 0
0 0.484722 0 0.0444444 0
0 0.242361 0 0.0236111 0
0 0.578472 0 0.0208333 0
0 0.729861 0 0.0180556 0
0 0.485417 0 0.0458333 0
0 0.242361 0 0.0236111 0
0 0.578472 0 0.0208333 0
0 0.138194 0 0.00694444 0
0 0.729167 0 0.0194444 0
0 0.241667 0 0.025 0
0 0.485417 0 0.0458333 0
0 0.578472 0 0.0208333 0
0 0.730556 0 0.0194444 0
0 0.161111 0 0.00833333 0
0 0.241667 0 0.025 0
0 0.485417 0 0.0458333 0
0 0.578472 0 0.0208333 0
0 0.730556 0 0.0194444 0
0 0.241667 0 0.025 0
0 0.486111 0 0.0472222 0
0 0.578472 0 0.0208333 0
0 0.154167 0 0.00555556 0
0 0.73125 0 0.0208333 0
0 0.241667 0 0.025 0
0 0.486111 0 0.0444444 0
0 0.579861 0 0.0208333 0
0 0.731944 0 0.0194444 0
0 0.241667 0 0.025 0
0 0.486806 0 0.0458333 0
0 0.579861 0 0.0208333 0
0 0.150694 0 0.00694444 0
0 0.485417 0 0.0458333 0
0 0.240278 0 0.025 0
0 0.579861 0 0.0208333 0
0 0.240278 0 0.025 0
0 0.486111 0 0.0444444 0
0 0.579861 0 0.0208333 0
0 0.732639 0 0.0180556 0
0 0.239583 0 0.0263889 0
0 0.486111 0 0.0444444 0
0 0.579861 0 0.0208333 0
0 0.733333 0 0.0194444 0
0 0.486806 0 0.0458333 0
0 0.240278 0 0.025 0
0 0.579861 0 0.0208333 0
0 0.733333 0 0.0194444 0
0 0.240278 0 0.025 0
0 0.486806 0 0.0458333 0
0 0.579861 0 0.0208333 0
0 0.734028 0 0.0180556 0
0 0.240278 0 0.025 0
0 0.486806 0 0.0458333 0
0 0.579861 0 0.0208333 0
0 0.733333 0 0.0194444 0
0 0.486806 0 0.0458333 0
0 0.238889 0 0.025 0
0 0.580556 0 0.0194444 0
0 0.734028 0 0.0208333 0
0 0.238889 0 0.025 0
0 0.4875 0 0.0444444 0
0 0.580556 0 0.0222222 0
0 0.734028 0 0.0208333 0
0 0.2375 0 0.025 0
0 0.4875 0 0.0444444 0
0 0.580556 0 0.0222222 0
0 0.734722 0 0.0194444 0
0 0.238194 0 0.0263889 0
0 0.486806 0 0.0458333 0
0 0.58125 0 0.0208333 0
0 0.734722 0 0.0194444 0
0 0.2375 0 0.025 0
0 0.58125 0 0.0208333 0
0 0.4875 0 0.0444444 0
0 0.734722 0 0.0194444 0
0 0.2375 0 0.025 0
0 0.58125 0 0.0208333 0
0 0.4875 0 0.0444444 0
0 0.735417 0 0.0208333 0
0 0.238194 0 0.0263889 0
0 0.58125 0 0.0208333 0
0 0.4875 0 0.0444444 0
0 0.149306 0 0.00694444 0
0 0.736111 0 0.0194444 0
0 0.238194 0 0.0263889 0
0 0.4875 0 0.0444444 0
0 0.58125 0 0.0208333 0
0 0.2375 0 0.025 0
0 0.58125 0 0.0208333 0
0 0.4875 0 0.0444444 0
0 0.736806 0 0.0208333 0
0 0.4875 0 0.0444444 0
0 0.2375 0 0.025 0
0 0.581944 0 0.0222222 0
0 0.2375 0 0.0222222 0
0 0.488194 0 0.0458333 0
0 0.581944 0 0.0222222 0
0 0.7375 0 0.0194444 0
0 0.488194 0 0.0458333 0
0 0.236806 0 0.0236111 0
0 0.581944 0 0.0222222 0
0 0.7375 0 0.0194444 0
0 0.488889 0 0.0444444 0
0 0.236806 0 0.0236111 0
0 0.582639 0 0.0208333 0
0 0.738194 0 0.0180556 0
0 0.488889 0 0.0444444 0
0 0.236806 0 0.0236111 0
0 0.582639 0 0.0208333 0
0 0.738194 0 0.0180556 0
0 0.488194 0 0.0430556 0
0 0.236806 0 0.0236111 0
0 0.582639 0 0.0236111 0
0 0.738194 0 0.0180556 0
0 0.489583 0 0.0430556 0
0 0.236806 0 0.0236111 0
0 0.582639 0 0.0208333 0
0 0.488194 0 0.0430556 0
0 0.236806 0 0.0236111 0
0 0.583333 0 0.0222222 0
0 0.738889 0 0.0194444 0
0 0.489583 0 0.0430556 0
0 0.236806 0 0.0236111 0
0 0.582639 0 0.0208333 0
0 0.488889 0 0.0444444 0
0 0.738889 0 0.0194444 0
0 0.235417 0 0.0263889 0
0 0.584028 0 0.0208333 0
0 0.739583 0 0.0208333 0
0 0.489583 0 0.0430556 0
0 0.236111 0 0.025 0
0 0.584028 0 0.0208333 0
0 0.738889 0 0.0194444 0
0 0.489583 0 0.0458333 0
0 0.235417 0 0.0236111 0
0 0.584028 0 0.0208333 0
0 0.489583 0 0.0458333 0
0 0.740278 0 0.0194444 0
0 0.235417 0 0.0236111 0
0 0.584028 0 0.0208333 0
0 0.489583 0 0.0458333 0
0 0.739583 0 0.0208333 0
0 0.235417 0 0.0236111 0
0 0.584028 0 0.0208333 0
0 0.739583 0 0.0208333 0
0 0.489583 0 0.0458333 0
0 0.233333 0 0.0277778 0
0 0.584028 0 0.0208333 0
0 0.490278 0 0.0444444 0
0 0.740278 0 0.0194444 0
0 0.234028 0 0.0263889 0
0 0.584028 0 0.0208333 0
0 0.740972 0 0.0208333 0
0 0.490278 0 0.0444444 0
0 0.234028 0 0.0236111 0
0 0.584722 0 0.0222222 0
0 0.490278 0 0.0444444 0
0 0.740972 0 0.0208333 0
0 0.234028 0 0.0236111 0
0 0.584722 0 0.0222222 0
0 0.490278 0 0.0444444 0
0 0.741667 0 0.0194444 0
0 0.233333 0 0.025 0
0 0.584722 0 0.0222222 0
0 0.490278 0 0.0444444 0
0 0.742361 0 0.0208333 0
0 0.234028 0 0.0236111 0
0 0.585417 0 0.0208333 0
0 0.742361 0 0.0208333 0
0 0.233333 0 0.025 0
0 0.585417 0 0.0208333 0
0 0.490278 0 0.0444444 0
0 0.742361 0 0.0208333 0
0 0.233333 0 0.025 0
0 0.586111 0 0.0222222 0
0 0.352778 0 0.0444444 0
0 0.74375 0 0.0208333 0
0 0.231944 0 0.025 0
0 0.586111 0 0.0222222 0
0 0.743056 0 0.0194444 0
0 0.232639 0 0.0236111 0
0 0.586111 0 0.0222222 0
0 0.490972 0 0.0458333 0
0 0.74375 0 0.0208333 0
0 0.586111 0 0.0222222 0
0 0.232639 0 0.0236111 0
0 0.490972 0 0.0458333 0
0 0.745139 0 0.0208333 0
0 0.232639 0 0.0236111 0
0 0.586806 0 0.0208333 0
0 0.745139 0 0.0208333 0
0 0.490972 0 0.0458333 0
0 0.586806 0 0.0208333 0
0 0.232639 0 0.0236111 0
0 0.745139 0 0.0208333 0
0 0.231944 0 0.025 0
0 0.586806 0 0.0208333 0
0 0.745139 0 0.0208333 0
0 0.231944 0 0.025 0
0 0.586806 0 0.0208333 0
0 0.745139 0 0.0208333 0
0 0.231944 0 0.025 0
0 0.586806 0 0.0208333 0
0 0.586806 0 0.0208333 0
0 0.231944 0 0.025 0
0 0.745833 0 0.0222222 0
0 0.5875 0 0.0194444 0
0 0.231944 0 0.025 0
0 0.745833 0 0.0222222 0
0 0.5875 0 0.0194444 0
0 0.231944 0 0.025 0
0 0.490972 0 0.0486111 0
0 0.746528 0 0.0208333 0
0 0.5875 0 0.0194444 0
0 0.23125 0 0.0263889 0
0 0.139583 0 0.00972222 0
0 0.351389 0 0.0444444 0
0 0.746528 0 0.0208333 0
0 0.230556 0 0.025 0
0 0.5875 0 0.0194444 0
0 0.490972 0 0.0486111 0
0 0.746528 0 0.0208333 0
0 0.5875 0 0.0222222 0
0 0.23125 0 0.0263889 0
0 0.747222 0 0.0222222 0
0 0.351389 0 0.0472222 0
0 0.490972 0 0.0486111 0
0 0.588194 0 0.0208333 0
0 0.230556 0 0.025 0
0 0.747222 0 0.0222222 0
0 0.491667 0 0.0472222 0
0 0.588889 0 0.0222222 0
0 0.230556 0 0.025 0
0 0.351389 0 0.0444444 0
0 0.747917 0 0.0208333 0
0 0.230556 0 0.025 0
0 0.588194 0 0.0208333 0
0 0.229861 0 0.0263889 0
0 0.588194 0 0.0208333 0
0 0.749306 0 0.0208333 0
0 0.229861 0 0.0263889 0
0 0.588889 0 0.0194444 0
0 0.144444 0 0.00833333 0
0 0.229861 0 0.0263889 0
0 0.588889 0 0.0222222 0
0 0.647222 0 0.00555556 0
0 0.491667 0 0.0472222 0
0 0.229861 0 0.0263889 0
0 0.588889 0 0.0194444 0
0 0.491667 0 0.0472222 0
0 0.228472 0 0.0263889 0
0 0.588889 0 0.0222222 0
0 0.650694 0 0.00694444 0
0 0.492361 0 0.0458333 0
0 0.229167 0 0.025 0
0 0.588889 0 0.0222222 0
0 0.491667 0 0.0472222 0
0 0.228472 0 0.0263889 0
0 0.589583 0 0.0208333 0
0 0.227083 0 0.0291667 0
0 0.493056 0 0.0472222 0
0 0.589583 0 0.0208333 0
0 0.49375 0 0.0486111 0
0 0.228472 0 0.0263889 0
0 0.589583 0 0.0208333 0
0 0.228472 0 0.0263889 0
0 0.49375 0 0.0458333 0
0 0.590278 0 0.0222222 0
0 0.495139 0 0.0458333 0
0 0.228472 0 0.0263889 0
0 0.590278 0 0.0222222 0
0 0.494444 0 0.0472222 0
0 0.228472 0 0.0263889 0
0 0.590278 0 0.0222222 0
0 0.494444 0 0.0472222 0
0 0.228472 0 0.0263889 0
0 0.590278 0 0.0222222 0
0 0.1375 0 0.00833333 0
0 0.493056 0 0.0444444 0
0 0.227083 0 0.0263889 0
0 0.590278 0 0.0222222 0
0 0.752083 0 0.0208333 0
0 0.495833 0 0.0472222 0
0 0.227083 0 0.0263889 0
0 0.590278 0 0.0222222 0
0 0.495833 0 0.0472222 0
0 0.752083 0 0.0208333 0
0 0.227083 0 0.0263889 0
0 0.591667 0 0.0222222 0
0 0.752778 0 0.0222222 0
0 0.227083 0 0.0263889 0
0 0.495833 0 0.0472222 0
0 0.591667 0 0.0222222 0
0 0.227083 0 0.0263889 0
0 0.752778 0 0.0222222 0
0 0.495833 0 0.0472222 0
0 0.591667 0 0.0222222 0
0 0.753472 0 0.0236111 0
0 0.227083 0 0.0263889 0
0 0.495833 0 0.0472222 0
0 0.591667 0 0.0222222 0
0 0.753472 0 0.0236111 0
0 0.227083 0 0.0263889 0
0 0.495833 0 0.0472222 0
0 0.591667 0 0.0222222 0
0 0.753472 0 0.0236111 0
0 0.227083 0 0.0263889 0
0 0.495833 0 0.0472222 0
0 0.591667 0 0.0222222 0
0 0.754861 0 0.0236111 0
0 0.227083 0 0.0263889 0
0 0.495833 0 0.0472222 0
0 0.592361 0 0.0236111 0
0 0.754861 0 0.0208333 0
0 0.495833 0 0.0472222 0
0 0.592361 0 0.0236111 0
0 0.754861 0 0.0208333 0
0 0.495833 0 0.0472222 0
0 0.592361 0 0.0236111 0
0 0.754861 0 0.0208333 0
0 0.495833 0 0.0472222 0
0 0.592361 0 0.0236111 0
0 0.225 0 0.0277778 0
0 0.754861 0 0.0208333 0
0 0.495833 0 0.0444444 0
0 0.593056 0 0.0222222 0
0 0.65625 0 0.00694444 0
0 0.755556 0 0.0222222 0
0 0.225694 0 0.0263889 0
0 0.495833 0 0.0444444 0
0 0.593056 0 0.0222222 0
0 0.225 0 0.0305556 0
0 0.75625 0 0.0208333 0
0 0.495139 0 0.0458333 0
0 0.593056 0 0.0222222 0
0 0.75625 0 0.0208333 0
0 0.495833 0 0.0472222 0
0 0.593056 0 0.0222222 0
0 0.756944 0 0.0222222 0
0 0.495833 0 0.0472222 0
0 0.593056 0 0.0222222 0
0 0.757639 0 0.0208333 0
0 0.59375 0 0.0208333 0
0 0.495833 0 0.0472222 0
0 0.757639 0 0.0208333 0
0 0.495833 0 0.0472222 0
0 0.59375 0 0.0208333 0
0 0.757639 0 0.0208333 0
0 0.495833 0 0.0472222 0
0 0.59375 0 0.0208333 0
0 0.495833 0 0.0472222 0
0 0.59375 0 0.0208333 0
0 0.758333 0 0.0222222 0
0 0.0111111 0 0.0194444 0
0 0.495833 0 0.0472222 0
0 0.594444 0 0.0222222 0
0 0.758333 0 0.0222222 0
0 0.0111111 0 0.0194444 0
0 0.495833 0 0.0472222 0
0 0.594444 0 0.0222222 0
0 0.759028 0 0.0208333 0
0 0.495833 0 0.0472222 0
0 0.595139 0 0.0208333 0
0 0.0104167 0 0.0180556 0
0 0.759722 0 0.0222222 0
0 0.495833 0 0.05 0
0 0.594444 0 0.0222222 0
0 0.224306 0 0.0263889 0
0 0.759722 0 0.0222222 0
0 0.496528 0 0.0486111 0
0 0.595139 0 0.0208333 0
0 0.759722 0 0.0222222 0
0 0.00972222 0 0.0166667 0
0 0.496528 0 0.0486111 0
0 0.594444 0 0.0222222 0
0 0.00972222 0 0.0166667 0
0 0.759722 0 0.0222222 0
0 0.496528 0 0.0486111 0
0 0.595139 0 0.0236111 0
0 0.00972222 0 0.0166667 0
0 0.496528 0 0.0486111 0
0 0.595833 0 0.0222222 0
0 0.00972222 0 0.0166667 0
0 0.496528 0 0.0486111 0
0 0.595833 0 0.0222222 0
0 0.496528 0 0.0486111 0
0 0.595833 0 0.0222222 0
0 0.00902778 0 0.0152778 0
0 0.761806 0 0.0208333 0
0 0.496528 0 0.0486111 0
0 0.595833 0 0.0222222 0
0 0.00902778 0 0.0152778 0
0 0.496528 0 0.0486111 0
0 0.595833 0 0.0222222 0
0 0.652083 0 0.00694444 0
0 0.497222 0 0.0472222 0
0 0.596528 0 0.0208333 0
0 0.497222 0 0.0472222 0
0 0.595833 0 0.0222222 0
0 0.497917 0 0.0486111 0
0 0.595833 0 0.0222222 0
0 0.495833 0 0.0472222 0
0 0.596528 0 0.0208333 0
0 0.496528 0 0.0486111 0
0 0.596528 0 0.0208333 0
0 0.495833 0 0.0472222 0
0 0.597222 0 0.0222222 0
0 0.495833 0 0.0472222 0
0 0.597222 0 0.0222222 0
0 0.496528 0 0.0486111 0
0 0.597222 0 0.0222222 0
0 0.497917 0 0.0486111 0
0 0.597222 0 0.0222222 0
0 0.497222 0 0.05 0
0 0.597222 0 0.0222222 0
0 0.763889 0 0.0222222 0
0 0.497222 0 0.05 0
0 0.597222 0 0.0222222 0
0 0.765278 0 0.0222222 0
0 0.497917 0 0.0486111 0
0 0.597222 0 0.0222222 0
0 0.765278 0 0.0222222 0
0 0.497917 0 0.0513889 0
0 0.597222 0 0.0222222 0
0 0.765278 0 0.0222222 0
0 0.497917 0 0.0513889 0
0 0.597222 0 0.0222222 0
0 0.497917 0 0.0486111 0
0 0.765972 0 0.0236111 0
0 0.597917 0 0.0236111 0
0 0.765972 0 0.0236111 0
0 0.497917 0 0.0513889 0
0 0.598611 0 0.0222222 0
0 0.766667 0 0.025 0
0 0.497917 0 0.0513889 0
0 0.598611 0 0.0222222 0
0 0.766667 0 0.025 0
0 0.498611 0 0.05 0
0 0.598611 0 0.0222222 0
0 0.766667 0 0.0222222 0
0 0.498611 0 0.0527778 0
0 0.598611 0 0.0222222 0
0 0.767361 0 0.0236111 0
0 0.598611 0 0.0222222 0
0 0.498611 0 0.0527778 0
0 0.767361 0 0.0236111 0
0 0.498611 0 0.05 0
0 0.598611 0 0.0222222 0
0 0.767361 0 0.0236111 0
0 0.498611 0 0.0527778 0
0 0.598611 0 0.0222222 0
0 0.766667 0 0.0222222 0
0 0.498611 0 0.05 0
0 0.598611 0 0.0222222 0
0 0.767361 0 0.0236111 0
0 0.499306 0 0.0513889 0
0 0.598611 0 0.0222222 0
0 0.129861 0 0.00694444 0
0 0.766667 0 0.0222222 0
0 0.497917 0 0.0513889 0
0 0.598611 0 0.0222222 0
0 0.767361 0 0.0236111 0
0 0.497917 0 0.0513889 0
0 0.598611 0 0.0222222 0
0 0.767361 0 0.0236111 0
0 0.598611 0 0.0222222 0
0 0.498611 0 0.0527778 0
0 0.767361 0 0.0236111 0
0 0.497917 0 0.0513889 0
0 0.598611 0 0.0222222 0
0 0.767361 0 0.0236111 0
0 0.498611 0 0.05 0
0 0.598611 0 0.0222222 0
0 0.767361 0 0.0236111 0
0 0.498611 0 0.0527778 0
0 0.598611 0 0.0222222 0
0 0.766667 0 0.0222222 0
0 0.498611 0 0.05 0
0 0.598611 0 0.0222222 0
0 0.766667 0 0.0222222 0
0 0.497917 0 0.0513889 0
0 0.598611 0 0.0222222 0
0 0.767361 0 0.0236111 0
0 0.598611 0 0.0222222 0
0 0.498611 0 0.0527778 0
0 0.767361 0 0.0236111 0
0 0.497917 0 0.0513889 0
0 0.598611 0 0.0222222 0
0 0.767361 0 0.0236111 0
0 0.598611 0 0.0222222 0
0 0.498611 0 0.0527778 0
0 0.767361 0 0.0236111 0
0 0.498611 0 0.0527778 0
0 0.598611 0 0.0222222 0
0 0.767361 0 0.0236111 0
0 0.498611 0 0.05 0
0 0.598611 0 0.0222222 0
0 0.767361 0 0.0236111 0
0 0.498611 0 0.05 0
0 0.598611 0 0.0222222 0
0 0.766667 0 0.025 0
0 0.497917 0 0.0513889 0
0 0.598611 0 0.0222222 0
0 0.767361 0 0.0236111 0
0 0.498611 0 0.05 0
0 0.598611 0 0.0222222 0
0 0.767361 0 0.0236111 0
0 0.498611 0 0.0527778 0
0 0.598611 0 0.0222222 0
0 0.767361 0 0.0236111 0
0 0.498611 0 0.05 0
0 0.598611 0 0.0222222 0
0 0.767361 0 0.0236111 0
0 0.498611 0 0.05 0
0 0.598611 0 0.0222222 0
0 0.767361 0 0.0236111 0
0 0.498611 0 0.0527778 0
0 0.598611 0 0.0222222 0
0 0.766667 0 0.0222222 0
0 0.498611 0 0.0527778 0
0 0.598611 0 0.0222222 0
0 0.767361 0 0.0236111 0
0 0.598611 0 0.0222222 0
0 0.498611 0 0.0527778 0
0 0.766667 0 0.0222222 0
0 0.497917 0 0.0513889 0
0 0.598611 0 0.0222222 0
0 0.767361 0 0.0236111 0
0 0.598611 0 0.0222222 0
0 0.498611 0 0.0527778 0
0 0.766667 0 0.025 0
0 0.497917 0 0.0513889 0
0 0.598611 0 0.0222222 0
0 0.767361 0 0.0236111 0
0 0.498611 0 0.05 0
0 0.598611 0 0.0222222 0
0 0.767361 0 0.0236111 0
0 0.498611 0 0.0527778 0
0 0.598611 0 0.0222222 0
0 0.766667 0 0.0222222 0
0 0.498611 0 0.05 0
0 0.598611 0 0.0222222 0
0 0.767361 0 0.0236111 0
0 0.499306 0 0.0513889 0
0 0.598611 0 0.0222222 0
0 0.766667 0 0.0222222 0
0 0.498611 0 0.0527778 0
0 0.598611 0 0.0222222 0
0 0.767361 0 0.0236111 0
0 0.598611 0 0.0222222 0
0 0.498611 0 0.0527778 0
0 0.766667 0 0.0222222 0
0 0.497917 0 0.0513889 0
0 0.598611 0 0.0222222 0
0 0.767361 0 0.0236111 0
0 0.598611 0 0.0222222 0
0 0.498611 0 0.0527778 0
0 0.766667 0 0.025 0
0 0.497917 0 0.0513889 0
0 0.598611 0 0.0222222 0
0 0.767361 0 0.0236111 0
0 0.498611 0 0.05 0
0 0.598611 0 0.0222222 0
0 0.767361 0 0.0236111 0
0 0.497917 0 0.0513889 0
0 0.598611 0 0.0222222 0
0 0.766667 0 0.025 0
0 0.498611 0 0.05 0
0 0.598611 0 0.0222222 0
0 0.767361 0 0.0236111 0
0 0.499306 0 0.0513889 0
0 0.598611 0 0.0222222 0
0 0.766667 0 0.0222222 0
0 0.498611 0 0.0527778 0
0 0.598611 0 0.0222222 0
0 0.767361 0 0.0236111 0
0 0.598611 0 0.0222222 0
0 0.498611 0 0.0527778 0
0 0.766667 0 0.0222222 0
0 0.497917 0 0.0513889 0
0 0.598611 0 0.0222222 0
0 0.767361 0 0.0236111 0
0 0.598611 0 0.0222222 0
0 0.498611 0 0.0527778 0
0 0.767361 0 0.0236111 0
0 0.598611 0 0.0222222 0
0 0.498611 0 0.0527778 0
0 0.766667 0 0.025 0
0 0.497917 0 0.0513889 0
0 0.598611 0 0.0222222 0
0 0.767361 0 0.0236111 0
0 0.498611 0 0.05 0
0 0.598611 0 0.0222222 0
0 0.767361 0 0.0236111 0
0 0.497917 0 0.0513889 0
0 0.598611 0 0.0222222 0
0 0.766667 0 0.025 0
0 0.498611 0 0.05 0
0 0.598611 0 0.0222222 0
0 0.767361 0 0.0236111 0
0 0.499306 0 0.0513889 0
0 0.598611 0 0.0222222 0
0 0.766667 0 0.0222222 0
0 0.498611 0 0.0527778 0
0 0.598611 0 0.0222222 0
0 0.767361 0 0.0236111 0
0 0.598611 0 0.0222222 0
0 0.498611 0 0.0527778 0
0 0.767361 0 0.0236111 0
0 0.598611 0 0.0222222 0
0 0.498611 0 0.0527778 0
0 0.766667 0 0.0222222 0
0 0.497917 0 0.0513889 0
0 0.598611 0 0.0222222 0
0 0.767361 0 0.0236111 0
0 0.598611 0 0.0222222 0
0 0.498611 0 0.0527778 0
0 0.766667 0 0.025 0
0 0.497917 0 0.0513889 0
0 0.598611 0 0.0222222 0
0 0.767361 0 0.0236111 0
0 0.499306 0 0.0513889 0
0 0.598611 0 0.0222222 0
0 0.767361 0 0.0236111 0
0 0.499306 0 0.0513889 0
0 0.598611 0 0.0222222 0
0 0.767361 0 0.0236111 0
0 0.497917 0 0.0513889 0
0 0.598611 0 0.0222222 0
0 0.766667 0 0.025 0
0 0.498611 0 0.05 0
0 0.598611 0 0.0222222 0
0 0.767361 0 0.0236111 0
0 0.498611 0 0.0527778 0
0 0.598611 0 0.0222222 0
0 0.766667 0 0.0222222 0
0 0.498611 0 0.0527778 0
0 0.598611 0 0.0222222 0
0 0.767361 0 0.0236111 0
0 0.598611 0 0.0222222 0
0 0.498611 0 0.0527778 0
0 0.766667 0 0.0222222 0
0 0.497917 0 0.0513889 0
0 0.598611 0 0.0222222 0
0 0.766667 0 0.0222222 0
0 0.497917 0 0.0513889 0
0 0.598611 0 0.0222222 0
0 0.767361 0 0.0236111 0
0 0.598611 0 0.0222222 0
0 0.498611 0 0.0527778 0
0 0.766667 0 0.025 0
0 0.497917 0 0.0513889 0
0 0.598611 0 0.0222222 0
0 0.767361 0 0.0236111 0
0 0.499306 0 0.0513889 0
0 0.598611 0 0.0222222 0
0 0.767361 0 0.0236111 0
0 0.498611 0 0.0527778 0
0 0.598611 0 0.0222222 0
0 0.767361 0 0.0236111 0
0 0.497917 0 0.0513889 0
0 0.598611 0 0.0222222 0
0 0.767361 0 0.0236111 0
0 0.498611 0 0.0527778 0
0 0.598611 0 0.0222222 0
0 0.766667 0 0.0222222 0
0 0.498611 0 0.0527778 0
0 0.598611 0 0.0222222 0
0 0.767361 0 0.0236111 0
0 0.598611 0 0.0222222 0
0 0.498611 0 0.0527778 0
0 0.766667 0 0.0222222 0
0 0.497917 0 0.0513889 0
0 0.598611 0 0.0222222 0
0 0.767361 0 0.0236111 0
0 0.598611 0 0.0222222 0
0 0.498611 0 0.0527778 0
0 0.766667 0 0.025 0
0 0.497917 0 0.0513889 0
0 0.598611 0 0.0222222 0
0 0.766667 0 0.025 0
0 0.497917 0 0.0513889 0
0 0.598611 0 0.0222222 0
0 0.767361 0 0.0236111 0
0 0.499306 0 0.0513889 0
0 0.598611 0 0.0222222 0
0 0.767361 0 0.0236111 0
0 0.497917 0 0.0513889 0
0 0.598611 0 0.0222222 0
0 0.767361 0 0.0236111 0
0 0.498611 0 0.05 0
0 0.598611 0 0.0222222 0
0 0.767361 0 0.0236111 0
0 0.498611 0 0.0527778 0
0 0.598611 0 0.0222222 0
0 0.767361 0 0.0236111 0
0 0.498611 0 0.0527778 0
0 0.598611 0 0.0222222 0
0 0.766667 0 0.0222222 0
0 0.498611 0 0.0527778 0
0 0.598611 0 0.0222222 0
0 0.767361 0 0.0236111 0
0 0.598611 0 0.0222222 0
0 0.498611 0 0.0527778 0
0 0.766667 0 0.0222222 0
0 0.497917 0 0.0513889 0
0 0.598611 0 0.0222222 0
0 0.767361 0 0.0236111 0
0 0.598611 0 0.0222222 0
0 0.498611 0 0.0527778 0
0 0.767361 0 0.0236111 0
0 0.598611 0 0.0222222 0
0 0.498611 0 0.0527778 0
0 0.766667 0 0.025 0
0 0.497917 0 0.0513889 0
0 0.598611 0 0.0222222 0
0 0.767361 0 0.0236111 0
0 0.499306 0 0.0513889 0
0 0.598611 0 0.0222222 0
0 0.767361 0 0.0236111 0
0 0.497917 0 0.0513889 0
0 0.598611 0 0.0222222 0
0 0.766667 0 0.025 0
0 0.497917 0 0.0513889 0
0 0.598611 0 0.0222222 0
0 0.767361 0 0.0236111 0
0 0.498611 0 0.0527778 0
0 0.598611 0 0.0222222 0
0 0.766667 0 0.0222222 0
0 0.498611 0 0.0527778 0
0 0.598611 0 0.0222222 0
0 0.766667 0 0.0222222 0
0 0.498611 0 0.0527778 0
0 0.598611 0 0.0222222 0
0 0.767361 0 0.0236111 0
0 0.598611 0 0.0222222 0
0 0.498611 0 0.0527778 0
0 0.766667 0 0.0222222 0
0 0.497917 0 0.0513889 0
0 0.598611 0 0.0222222 0
0 0.767361 0 0.0236111 0
0 0.598611 0 0.0222222 0
0 0.498611 0 0.0527778 0
0 0.766667 0 0.025 0
0 0.497917 0 0.0513889 0
0 0.598611 0 0.0222222 0
0 0.766667 0 0.025 0
0 0.497917 0 0.0513889 0
0 0.598611 0 0.0222222 0
0 0.767361 0 0.0236111 0
0 0.499306 0 0.0513889 0
0 0.598611 0 0.0222222 0
0 0.767361 0 0.0236111 0
0 0.497917 0 0.0513889 0
0 0.598611 0 0.0222222 0
0 0.766667 0 0.025 0
0 0.497917 0 0.0513889 0
0 0.598611 0 0.0222222 0
0 0.767361 0 0.0236111 0
0 0.499306 0 0.0513889 0
0 0.598611 0 0.0222222 0
0 0.766667 0 0.0222222 0
0 0.498611 0 0.0527778 0
0 0.598611 0 0.0222222 0
0 0.767361 0 0.0236111 0
0 0.598611 0 0.0222222 0
0 0.498611 0 0.0527778 0
0 0.766667 0 0.0222222 0
0 0.497917 0 0.0486111 0
0 0.598611 0 0.0222222 0
0 0.766667 0 0.0222222 0
0 0.497917 0 0.0513889 0
0 0.598611 0 0.0222222 0
0 0.767361 0 0.0236111 0
0 0.598611 0 0.0222222 0
0 0.498611 0 0.0527778 0
0 0.766667 0 0.025 0
0 0.497917 0 0.0513889 0
0 0.598611 0 0.0222222 0
0 0.767361 0 0.0236111 0
0 0.499306 0 0.0513889 0
0 0.598611 0 0.0222222 0
0 0.767361 0 0.0236111 0
0 0.497917 0 0.0513889 0
0 0.598611 0 0.0222222 0
0 0.767361 0 0.0236111 0
0 0.497917 0 0.0513889 0
0 0.598611 0 0.0222222 0
0 0.766667 0 0.025 0
0 0.497917 0 0.0513889 0
0 0.598611 0 0.0222222 0
0 0.767361 0 0.0236111 0
0 0.499306 0 0.0513889 0
0 0.598611 0 0.0222222 0
0 0.766667 0 0.0222222 0
0 0.498611 0 0.0527778 0
0 0.598611 0 0.0222222 0
0 0.767361 0 0.0236111 0
0 0.598611 0 0.0222222 0
0 0.498611 0 0.0527778 0
0 0.766667 0 0.0222222 0
0 0.497917 0 0.0513889 0
0 0.598611 0 0.0222222 0
0 0.767361 0 0.0236111 0
0 0.598611 0 0.0222222 0
0 0.498611 0 0.0527778 0
0 0.766667 0 0.025 0
0 0.497917 0 0.0513889 0
0 0.598611 0 0.0222222 0
0 0.767361 0 0.0236111 0
0 0.499306 0 0.0513889 0
0 0.598611 0 0.0222222 0
0 0.767361 0 0.0236111 0
0 0.499306 0 0.0513889 0
0 0.598611 0 0.0222222 0
0 0.767361 0 0.0236111 0
0 0.498611 0 0.0527778 0
0 0.598611 0 0.0222222 0
0 0.766667 0 0.025 0
0 0.497917 0 0.0513889 0
0 0.598611 0 0.0222222 0
0 0.767361 0 0.0236111 0
0 0.498611 0 0.0527778 0
0 0.598611 0 0.0222222 0
0 0.766667 0 0.0222222 0
0 0.498611 0 0.0527778 0
0 0.598611 0 0.0222222 0
0 0.767361 0 0.0236111 0
0 0.598611 0 0.0222222 0
0 0.498611 0 0.0527778 0
0 0.766667 0 0.0222222 0
0 0.497917 0 0.0513889 0
0 0.598611 0 0.0222222 0
0 0.767361 0 0.0236111 0
0 0.598611 0 0.0222222 0
0 0.498611 0 0.0527778 0
0 0.767361 0 0.0236111 0
0 0.598611 0 0.0222222 0
0 0.498611 0 0.0527778 0
0 0.766667 0 0.025 0
0 0.497917 0 0.0513889 0
0 0.598611 0 0.0222222 0
0 0.767361 0 0.0236111 0
0 0.499306 0 0.0513889 0
0 0.598611 0 0.0222222 0
0 0.767361 0 0.0236111 0
0 0.497917 0 0.0513889 0
0 0.598611 0 0.0222222 0
0 0.767361 0 0.0236111 0
0 0.497917 0 0.0513889 0
0 0.598611 0 0.0222222 0
0 0.767361 0 0.0236111 0
0 0.498611 0 0.0527778 0
0 0.598611 0 0.0222222 0
0 0.767361 0 0.0236111 0
0 0.498611 0 0.0527778 0
0 0.598611 0 0.0222222 0
0 0.766667 0 0.0222222 0
0 0.498611 0 0.0527778 0
0 0.598611 0 0.0222222 0
0 0.767361 0 0.0236111 0
0 0.598611 0 0.0222222 0
0 0.498611 0 0.0527778 0
0 0.766667 0 0.0222222 0
0 0.497917 0 0.0513889 0
0 0.598611 0 0.0222222 0
0 0.767361 0 0.0236111 0
0 0.598611 0 0.0222222 0
0 0.498611 0 0.0527778 0
0 0.766667 0 0.025 0
0 0.498611 0 0.0527778 0
0 0.598611 0 0.0222222 0
0 0.767361 0 0.0236111 0
0 0.499306 0 0.0513889 0
0 0.598611 0 0.0222222 0
0 0.767361 0 0.0236111 0
0 0.498611 0 0.0527778 0
0 0.598611 0 0.0222222 0
0 0.767361 0 0.0236111 0
0 0.497917 0 0.0513889 0
0 0.598611 0 0.0222222 0
0 0.767361 0 0.0236111 0
0 0.497917 0 0.0513889 0
0 0.598611 0 0.0222222 0
0 0.10625 0 0.00694444 0
0 0.767361 0 0.0236111 0
0 0.498611 0 0.0527778 0
0 0.598611 0 0.0222222 0
0 0.766667 0 0.0222222 0
0 0.498611 0 0.0527778 0
0 0.598611 0 0.0222222 0
0 0.767361 0 0.0236111 0
0 0.598611 0 0.0222222 0
0 0.498611 0 0.0527778 0
0 0.766667 0 0.0222222 0
0 0.497917 0 0.0513889 0
0 0.598611 0 0.0222222 0
0 0.767361 0 0.0236111 0
0 0.598611 0 0.0222222 0
0 0.498611 0 0.0527778 0
0 0.767361 0 0.0236111 0
0 0.598611 0 0.0222222 0
0 0.498611 0 0.0527778 0
0 0.766667 0 0.025 0
0 0.498611 0 0.0527778 0
0 0.598611 0 0.0222222 0
0 0.767361 0 0.0236111 0
0 0.499306 0 0.0513889 0
0 0.598611 0 0.0222222 0
0 0.767361 0 0.0236111 0
0 0.497917 0 0.0513889 0
0 0.598611 0 0.0222222 0
0 0.767361 0 0.0236111 0
0 0.497917 0 0.0513889 0
0 0.598611 0 0.0222222 0
0 0.767361 0 0.0236111 0
0 0.497917 0 0.0513889 0
0 0.598611 0 0.0222222 0
0 0.10625 0 0.00694444 0
0 0.767361 0 0.0236111 0
0 0.498611 0 0.0527778 0
0 0.598611 0 0.0222222 0
0 0.766667 0 0.0222222 0
0 0.498611 0 0.0527778 0
0 0.598611 0 0.0222222 0
0 0.767361 0 0.0236111 0
0 0.598611 0 0.0222222 0
0 0.498611 0 0.0527778 0
0 0.766667 0 0.0222222 0
0 0.497917 0 0.0513889 0
0 0.598611 0 0.0222222 0
0 0.766667 0 0.0222222 0
0 0.497917 0 0.0513889 0
0 0.598611 0 0.0222222 0
0 0.767361 0 0.0236111 0
0 0.598611 0 0.0222222 0
0 0.498611 0 0.0527778 0
0 0.766667 0 0.025 0
0 0.497917 0 0.0513889 0
0 0.598611 0 0.0222222 0
0 0.767361 0 0.0236111 0
0 0.499306 0 0.0513889 0
0 0.598611 0 0.0222222 0
0 0.767361 0 0.0236111 0
0 0.499306 0 0.0513889 0
0 0.598611 0 0.0222222 0
0 0.767361 0 0.0236111 0
0 0.497917 0 0.0513889 0
0 0.598611 0 0.0222222 0
0 0.766667 0 0.0222222 0
0 0.497917 0 0.0513889 0
0 0.598611 0 0.0222222 0
0 0.767361 0 0.0236111 0
0 0.598611 0 0.0222222 0
0 0.498611 0 0.0527778 0
0 0.767361 0 0.0236111 0
0 0.598611 0 0.0222222 0
0 0.498611 0 0.0527778 0
0 0.767361 0 0.0236111 0
0 0.497917 0 0.0513889 0
0 0.598611 0 0.0222222 0
0 0.767361 0 0.0236111 0
0 0.498611 0 0.05 0
0 0.598611 0 0.0222222 0
0 0.767361 0 0.0236111 0
0 0.498611 0 0.0527778 0
0 0.598611 0 0.0222222 0
0 0.766667 0 0.0222222 0
0 0.498611 0 0.05 0
0 0.598611 0 0.0222222 0
0 0.767361 0 0.0236111 0
0 0.499306 0 0.0513889 0
0 0.598611 0 0.0222222 0
0 0.767361 0 0.0236111 0
0 0.499306 0 0.0513889 0
0 0.598611 0 0.0222222 0
0 0.766667 0 0.0222222 0
0 0.498611 0 0.0527778 0
0 0.598611 0 0.0222222 0
0 0.767361 0 0.0236111 0
0 0.598611 0 0.0222222 0
0 0.499306 0 0.0513889 0
0 0.766667 0 0.0222222 0
0 0.497917 0 0.0513889 0
0 0.598611 0 0.0222222 0
0 0.767361 0 0.0236111 0
0 0.598611 0 0.0222222 0
0 0.498611 0 0.0527778 0
0 0.767361 0 0.0236111 0
0 0.497917 0 0.0513889 0
0 0.598611 0 0.0222222 0
0 0.767361 0 0.0236111 0
0 0.498611 0 0.05 0
0 0.598611 0 0.0222222 0
0 0.767361 0 0.0236111 0
0 0.498611 0 0.05 0
0 0.598611 0 0.0222222 0
0 0.767361 0 0.0236111 0
0 0.498611 0 0.0527778 0
0 0.598611 0 0.0222222 0
0 0.766667 0 0.0222222 0
0 0.498611 0 0.05 0
0 0.598611 0 0.0222222 0
0 0.767361 0 0.0236111 0
0 0.499306 0 0.0513889 0
0 0.598611 0 0.0222222 0
0 0.766667 0 0.0222222 0
0 0.498611 0 0.0527778 0
0 0.598611 0 0.0222222 0
0 0.766667 0 0.0222222 0
0 0.498611 0 0.0527778 0
0 0.598611 0 0.0222222 0
0 0.767361 0 0.0236111 0
0 0.598611 0 0.0222222 0
0 0.499306 0 0.0513889 0
0 0.766667 0 0.0222222 0
0 0.497917 0 0.0513889 0
0 0.598611 0 0.0222222 0
0 0.767361 0 0.0236111 0
0 0.598611 0 0.0222222 0
0 0.498611 0 0.0527778 0
0 0.767361 0 0.0236111 0
0 0.497917 0 0.0513889 0
0 0.598611 0 0.0222222 0
0 0.767361 0 0.0236111 0
0 0.497917 0 0.0513889 0
0 0.598611 0 0.0222222 0
0 0.767361 0 0.0236111 0
0 0.498611 0 0.05 0
0 0.598611 0 0.0222222 0
0 0.767361 0 0.0236111 0
0 0.498611 0 0.0527778 0
0 0.598611 0 0.0222222 0
0 0.766667 0 0.0222222 0
0 0.498611 0 0.05 0
0 0.598611 0 0.0222222 0
0 0.767361 0 0.0236111 0
0 0.499306 0 0.0513889 0
0 0.598611 0 0.0222222 0
0 0.766667 0 0.0222222 0
0 0.498611 0 0.0527778 0
0 0.598611 0 0.0222222 0
0 0.767361 0 0.0236111 0
0 0.598611 0 0.0222222 0
0 0.499306 0 0.0513889 0
0 0.767361 0 0.0236111 0
0 0.598611 0 0.0222222 0
0 0.499306 0 0.0513889 0
0 0.766667 0 0.0222222 0
0 0.497917 0 0.0513889 0
0 0.598611 0 0.0222222 0
0 0.767361 0 0.0236111 0
0 0.598611 0 0.0222222 0
0 0.498611 0 0.0527778 0
0 0.767361 0 0.0236111 0
0 0.497917 0 0.0513889 0
0 0.598611 0 0.0222222 0
0 0.767361 0 0.0236111 0
0 0.498611 0 0.05 0
0 0.598611 0 0.0222222 0
0 0.767361 0 0.0236111 0
0 0.498611 0 0.05 0
0 0.598611 0 0.0222222 0
0 0.767361 0 0.0236111 0
0 0.498611 0 0.0527778 0
0 0.598611 0 0.0222222 0
0 0.766667 0 0.0222222 0
0 0.497917 0 0.0513889 0
0 0.598611 0 0.0222222 0
0 0.767361 0 0.0236111 0
0 0.499306 0 0.0513889 0
0 0.598611 0 0.0222222 0
0 0.13125 0 0.00694444 0
0 0.766667 0 0.0222222 0
0 0.498611 0 0.0527778 0
0 0.598611 0 0.0222222 0
0 0.767361 0 0.0236111 0
0 0.598611 0 0.0222222 0
0 0.499306 0 0.0513889 0
0 0.767361 0 0.0236111 0
0 0.598611 0 0.0222222 0
0 0.499306 0 0.0513889 0
0 0.766667 0 0.0222222 0
0 0.497917 0 0.0513889 0
0 0.598611 0 0.0222222 0
0 0.767361 0 0.0236111 0
0 0.598611 0 0.0222222 0
0 0.498611 0 0.0527778 0
0 0.767361 0 0.0236111 0
0 0.497917 0 0.0513889 0
0 0.598611 0 0.0222222 0
0 0.767361 0 0.0236111 0
0 0.498611 0 0.05 0
0 0.598611 0 0.0222222 0
0 0.767361 0 0.0236111 0
0 0.498611 0 0.0527778 0
0 0.598611 0 0.0222222 0
0 0.767361 0 0.0236111 0
0 0.498611 0 0.0527778 0
0 0.598611 0 0.0222222 0
0 0.766667 0 0.0222222 0
0 0.497917 0 0.0513889 0
0 0.598611 0 0.0222222 0
0 0.767361 0 0.0236111 0
0 0.499306 0 0.0513889 0
0 0.598611 0 0.0222222 0
0 0.766667 0 0.0222222 0
0 0.498611 0 0.0527778 0
0 0.598611 0 0.0222222 0
0 0.767361 0 0.0236111 0
0 0.598611 0 0.0222222 0
0 0.499306 0 0.0513889 0
0 0.767361 0 0.0236111 0
0 0.598611 0 0.0222222 0
0 0.499306 0 0.0513889 0
0 0.766667 0 0.0222222 0
0 0.497917 0 0.0513889 0
0 0.598611 0 0.0222222 0
0 0.767361 0 0.0236111 0
0 0.598611 0 0.0222222 0
0 0.498611 0 0.0527778 0
0 0.766667 0 0.025 0
0 0.497917 0 0.0513889 0
0 0.598611 0 0.0222222 0
0 0.767361 0 0.0236111 0
0 0.498611 0 0.05 0
0 0.598611 0 0.0222222 0
0 0.767361 0 0.0236111 0
0 0.498611 0 0.0527778 0
0 0.598611 0 0.0222222 0
0 0.767361 0 0.0236111 0
0 0.498611 0 0.0527778 0
0 0.598611 0 0.0222222 0
0 0.766667 0 0.0222222 0
0 0.498611 0 0.05 0
0 0.598611 0 0.0222222 0
0 0.767361 0 0.0236111 0
0 0.499306 0 0.0513889 0
0 0.598611 0 0.0222222 0
0 0.766667 0 0.0222222 0
0 0.498611 0 0.0527778 0
0 0.598611 0 0.0222222 0
0 0.767361 0 0.0236111 0
0 0.598611 0 0.0222222 0
0 0.499306 0 0.0513889 0
0 0.766667 0 0.0222222 0
0 0.497917 0 0.0513889 0
0 0.598611 0 0.0222222 0
0 0.766667 0 0.0222222 0
0 0.497917 0 0.0513889 0
0 0.598611 0 0.0222222 0
0 0.767361 0 0.0236111 0
0 0.598611 0 0.0222222 0
0 0.498611 0 0.0527778 0
0 0.766667 0 0.025 0
0 0.497917 0 0.0513889 0
0 0.598611 0 0.0222222 0
0 0.767361 0 0.0236111 0
0 0.498611 0 0.05 0
0 0.598611 0 0.0222222 0
0 0.767361 0 0.0236111 0
0 0.498611 0 0.0527778 0
0 0.598611 0 0.0222222 0
0 0.767361 0 0.0236111 0
0 0.498611 0 0.0527778 0
0 0.598611 0 0.0222222 0
0 0.766667 0 0.0222222 0
0 0.498611 0 0.05 0
0 0.598611 0 0.0222222 0
0 0.767361 0 0.0236111 0
0 0.499306 0 0.0513889 0
0 0.598611 0 0.0222222 0
0 0.766667 0 0.0222222 0
0 0.498611 0 0.0527778 0
0 0.598611 0 0.0222222 0
0 0.767361 0 0.0236111 0
0 0.598611 0 0.0222222 0
0 0.499306 0 0.0513889 0
0 0.766667 0 0.0222222 0
0 0.497917 0 0.0513889 0
0 0.598611 0 0.0222222 0
0 0.767361 0 0.0236111 0
0 0.598611 0 0.0222222 0
0 0.498611 0 0.0527778 0
0 0.767361 0 0.0236111 0
0 0.598611 0 0.0222222 0
0 0.498611 0 0.0527778 0
0 0.766667 0 0.025 0
0 0.497917 0 0.0513889 0
0 0.598611 0 0.0222222 0
0 0.767361 0 0.0236111 0
0 0.498611 0 0.05 0
0 0.598611 0 0.0222222 0
0 0.767361 0 0.0236111 0
0 0.498611 0 0.0527778 0
0 0.598611 0 0.0222222 0
0 0.766667 0 0.0222222 0
0 0.497917 0 0.0513889 0
0 0.598611 0 0.0222222 0
0 0.767361 0 0.0236111 0
0 0.499306 0 0.0513889 0
0 0.598611 0 0.0222222 0
0 0.766667 0 0.0222222 0
0 0.497917 0 0.0513889 0
0 0.598611 0 0.0222222 0
0 0.767361 0 0.0236111 0
0 0.598611 0 0.0222222 0
0 0.498611 0 0.0527778 0
0 0.766667 0 0.0222222 0
0 0.497917 0 0.0513889 0
0 0.598611 0 0.0222222 0
0 0.766667 0 0.0222222 0
0 0.497917 0 0.0513889 0
0 0.598611 0 0.0222222 0
0 0.767361 0 0.0236111 0
0 0.598611 0 0.0222222 0
0 0.498611 0 0.0527778 0
0 0.766667 0 0.025 0
0 0.497917 0 0.0513889 0
0 0.598611 0 0.0222222 0
0 0.767361 0 0.0236111 0
0 0.498611 0 0.05 0
0 0.598611 0 0.0222222 0
0 0.767361 0 0.0236111 0
0 0.498611 0 0.0527778 0
0 0.598611 0 0.0222222 0
0 0.766667 0 0.0222222 0
0 0.497917 0 0.0513889 0
0 0.598611 0 0.0222222 0
0 0.767361 0 0.0236111 0
0 0.499306 0 0.0513889 0
0 0.598611 0 0.0222222 0
0 0.766667 0 0.0222222 0
0 0.497917 0 0.0513889 0
0 0.598611 0 0.0222222 0
0 0.766667 0 0.0222222 0
0 0.497917 0 0.0513889 0
0 0.598611 0 0.0222222 0
0 0.767361 0 0.0236111 0
0 0.598611 0 0.0222222 0
0 0.498611 0 0.0527778 0
0 0.766667 0 0.0222222 0
0 0.497917 0 0.0513889 0
0 0.598611 0 0.0222222 0
0 0.767361 0 0.0236111 0
0 0.498611 0 0.0527778 0
0 0.598611 0 0.0222222 0
0 0.766667 0 0.025 0
0 0.497917 0 0.0513889 0
0 0.598611 0 0.0222222 0
0 0.767361 0 0.0236111 0
0 0.498611 0 0.05 0
0 0.598611 0 0.0222222 0
0 0.767361 0 0.0236111 0
0 0.498611 0 0.05 0
0 0.598611 0 0.0222222 0
0 0.767361 0 0.0236111 0
0 0.498611 0 0.0527778 0
0 0.598611 0 0.0222222 0
0 0.766667 0 0.0222222 0
0 0.498611 0 0.05 0
0 0.598611 0 0.0222222 0
0 0.767361 0 0.0236111 0
0 0.499306 0 0.0513889 0
0 0.598611 0 0.0222222 0
0 0.766667 0 0.0222222 0
0 0.497917 0 0.0513889 0
0 0.598611 0 0.0222222 0
0 0.766667 0 0.0222222 0
0 0.497917 0 0.0513889 0
0 0.598611 0 0.0222222 0
0 0.767361 0 0.0236111 0
0 0.598611 0 0.0222222 0
0 0.498611 0 0.0527778 0
0 0.766667 0 0.0222222 0
0 0.497917 0 0.0513889 0
0 0.598611 0 0.0222222 0
0 0.767361 0 0.0236111 0
0 0.498611 0 0.0527778 0
0 0.598611 0 0.0222222 0
0 0.766667 0 0.025 0
0 0.497917 0 0.0513889 0
0 0.598611 0 0.0222222 0
0 0.766667 0 0.025 0
0 0.497917 0 0.0513889 0
0 0.598611 0 0.0222222 0
0 0.767361 0 0.0236111 0
0 0.498611 0 0.05 0
0 0.598611 0 0.0222222 0
0 0.767361 0 0.0236111 0
0 0.498611 0 0.0527778 0
0 0.598611 0 0.0222222 0
0 0.766667 0 0.0222222 0
0 0.498611 0 0.05 0
0 0.598611 0 0.0222222 0
0 0.767361 0 0.0236111 0
0 0.499306 0 0.0513889 0
0 0.598611 0 0.0222222 0
0 0.766667 0 0.0222222 0
0 0.498611 0 0.0527778 0
0 0.598611 0 0.0222222 0
0 0.767361 0 0.0236111 0
0 0.598611 0 0.0222222 0
0 0.498611 0 0.0527778 0
0 0.766667 0 0.0222222 0
0 0.497917 0 0.0513889 0
0 0.598611 0 0.0222222 0
0 0.766667 0 0.0222222 0
0 0.497917 0 0.0513889 0
0 0.598611 0 0.0222222 0
0 0.767361 0 0.0236111 0
0 0.598611 0 0.0222222 0
0 0.498611 0 0.0527778 0
0 0.766667 0 0.025 0
0 0.497917 0 0.0513889 0
0 0.598611 0 0.0222222 0
0 0.767361 0 0.0236111 0
0 0.498611 0 0.05 0
0 0.598611 0 0.0222222 0
0 0.767361 0 0.0236111 0
0 0.498611 0 0.0527778 0
0 0.598611 0 0.0222222 0
0 0.766667 0 0.0222222 0
0 0.498611 0 0.05 0
0 0.598611 0 0.0222222 0
0 0.766667 0 0.0222222 0
0 0.498611 0 0.05 0
0 0.598611 0 0.0222222 0
0 0.767361 0 0.0236111 0
0 0.499306 0 0.0513889 0
0 0.598611 0 0.0222222 0
0 0.766667 0 0.0222222 0
0 0.498611 0 0.0527778 0
0 0.598611 0 0.0222222 0
0 0.767361 0 0.0236111 0
0 0.598611 0 0.0222222 0
0 0.498611 0 0.0527778 0
0 0.766667 0 0.0222222 0
0 0.497917 0 0.0513889 0
0 0.598611 0 0.0222222 0
0 0.767361 0 0.0236111 0
0 0.498611 0 0.0527778 0
0 0.598611 0 0.0222222 0
0 0.767361 0 0.0236111 0
0 0.498611 0 0.0527778 0
0 0.598611 0 0.0222222 0
0 0.766667 0 0.025 0
0 0.497917 0 0.0513889 0
0 0.598611 0 0.0222222 0
0 0.767361 0 0.0236111 0
0 0.498611 0 0.05 0
0 0.598611 0 0.0222222 0
0 0.767361 0 0.0236111 0
0 0.498611 0 0.0527778 0
0 0.598611 0 0.0222222 0
0 0.766667 0 0.0222222 0
0 0.498611 0 0.05 0
0 0.598611 0 0.0222222 0
0 0.767361 0 0.0236111 0
0 0.499306 0 0.0513889 0
0 0.598611 0 0.0222222 0
0 0.767361 0 0.0236111 0
0 0.499306 0 0.0513889 0
0 0.598611 0 0.0222222 0
0 0.766667 0 0.0222222 0
0 0.498611 0 0.0527778 0
0 0.598611 0 0.0222222 0
0 0.767361 0 0.0236111 0
0 0.598611 0 0.0222222 0
0 0.498611 0 0.0527778 0
0 0.766667 0 0.0222222 0
0 0.497917 0 0.0513889 0
0 0.598611 0 0.0222222 0
0 0.767361 0 0.0236111 0
0 0.498611 0 0.0527778 0
0 0.598611 0 0.0222222 0
0 0.767361 0 0.0236111 0
0 0.498611 0 0.0527778 0
0 0.598611 0 0.0222222 0
0 0.766667 0 0.025 0
0 0.497917 0 0.0513889 0
0 0.598611 0 0.0222222 0
0 0.767361 0 0.0236111 0
0 0.498611 0 0.05 0
0 0.598611 0 0.0222222 0
0 0.767361 0 0.0236111 0
0 0.498611 0 0.0527778 0
0 0.598611 0 0.0222222 0
0 0.767361 0 0.0236111 0
0 0.498611 0 0.0527778 0
0 0.598611 0 0.0222222 0
0 0.1375 0 0.00833333 0
0 0.766667 0 0.0222222 0
0 0.498611 0 0.05 0
0 0.598611 0 0.0222222 0
0 0.767361 0 0.0236111 0
0 0.499306 0 0.0513889 0
0 0.598611 0 0.0222222 0
0 0.766667 0 0.0222222 0
0 0.498611 0 0.0527778 0
0 0.598611 0 0.0222222 0
0 0.767361 0 0.0236111 0
0 0.598611 0 0.0222222 0
0 0.498611 0 0.0527778 0
0 0.766667 0 0.0222222 0
0 0.497917 0 0.0513889 0
0 0.598611 0 0.0222222 0
0 0.766667 0 0.0222222 0
0 0.497917 0 0.0513889 0
0 0.598611 0 0.0222222 0
0 0.767361 0 0.0236111 0
0 0.498611 0 0.0527778 0
0 0.598611 0 0.0222222 0
0 0.767361 0 0.0236111 0
0 0.598611 0 0.0222222 0
0 0.498611 0 0.0527778 0
0 0.766667 0 0.0222222 0
0 0.497917 0 0.0513889 0
0 0.598611 0 0.0222222 0
0 0.766667 0 0.0222222 0
0 0.497917 0 0.0513889 0
0 0.598611 0 0.0222222 0
0 0.767361 0 0.0236111 0
0 0.598611 0 0.0222222 0
0 0.498611 0 0.0527778 0
0 0.766667 0 0.025 0
0 0.497917 0 0.0513889 0
0 0.598611 0 0.0222222 0
0 0.767361 0 0.0236111 0
0 0.498611 0 0.0527778 0
0 0.598611 0 0.0222222 0
0 0.767361 0 0.0236111 0
0 0.497917 0 0.0513889 0
0 0.598611 0 0.0222222 0
0 0.767361 0 0.0236111 0
0 0.498611 0 0.05 0
0 0.598611 0 0.0222222 0
0 0.767361 0 0.0236111 0
0 0.498611 0 0.05 0
0 0.598611 0 0.0222222 0
0 0.767361 0 0.0236111 0
0 0.498611 0 0.0527778 0
0 0.598611 0 0.0222222 0
0 0.766667 0 0.0222222 0
0 0.498611 0 0.05 0
0 0.598611 0 0.0222222 0
0 0.767361 0 0.0236111 0
0 0.598611 0 0.0222222 0
0 0.498611 0 0.0527778 0
0 0.766667 0 0.0222222 0
0 0.497917 0 0.0513889 0
0 0.598611 0 0.0222222 0
0 0.766667 0 0.0222222 0
0 0.497917 0 0.0513889 0
0 0.598611 0 0.0222222 0
0 0.767361 0 0.0236111 0
0 0.598611 0 0.0222222 0
0 0.498611 0 0.0527778 0
0 0.766667 0 0.025 0
0 0.497917 0 0.0513889 0
0 0.598611 0 0.0222222 0
0 0.661806 0 0.00694444 0
0 0.767361 0 0.0236111 0
0 0.498611 0 0.0527778 0
0 0.598611 0 0.0222222 0
0 0.767361 0 0.0236111 0
0 0.497917 0 0.0513889 0
0 0.598611 0 0.0222222 0
0 0.767361 0 0.0236111 0
0 0.497917 0 0.0513889 0
0 0.598611 0 0.0222222 0
0 0.767361 0 0.0236111 0
0 0.498611 0 0.05 0
0 0.598611 0 0.0222222 0
0 0.767361 0 0.0236111 0
0 0.498611 0 0.0527778 0
0 0.598611 0 0.0222222 0
0 0.766667 0 0.0222222 0
0 0.498611 0 0.05 0
0 0.598611 0 0.0222222 0
0 0.767361 0 0.0236111 0
0 0.598611 0 0.0222222 0
0 0.498611 0 0.0527778 0
0 0.766667 0 0.0222222 0
0 0.497917 0 0.0513889 0
0 0.598611 0 0.0222222 0
0 0.766667 0 0.0222222 0
0 0.497917 0 0.0513889 0
0 0.598611 0 0.0222222 0
0 0.767361 0 0.0236111 0
0 0.598611 0 0.0222222 0
0 0.498611 0 0.0527778 0
0 0.766667 0 0.025 0
0 0.497917 0 0.0513889 0
0 0.598611 0 0.0222222 0
0 0.767361 0 0.0236111 0
0 0.498611 0 0.0527778 0
0 0.598611 0 0.0222222 0
0 0.767361 0 0.0236111 0
0 0.497917 0 0.0513889 0
0 0.598611 0 0.0222222 0
0 0.767361 0 0.0236111 0
0 0.497917 0 0.0513889 0
0 0.598611 0 0.0222222 0
0 0.767361 0 0.0236111 0
0 0.498611 0 0.05 0
0 0.598611 0 0.0222222 0
0 0.767361 0 0.0236111 0
0 0.498611 0 0.0527778 0
0 0.598611 0 0.0222222 0
0 0.766667 0 0.0222222 0
0 0.498611 0 0.05 0
0 0.598611 0 0.0222222 0
0 0.767361 0 0.0236111 0
0 0.598611 0 0.0222222 0
0 0.498611 0 0.0527778 0
0 0.766667 0 0.0222222 0
0 0.497917 0 0.0513889 0
0 0.598611 0 0.0222222 0
0 0.767361 0 0.0236111 0
0 0.498611 0 0.0527778 0
0 0.598611 0 0.0222222 0
0 0.767361 0 0.0236111 0
0 0.498611 0 0.0527778 0
0 0.598611 0 0.0222222 0
0 0.766667 0 0.025 0
0 0.497917 0 0.0513889 0
0 0.598611 0 0.0222222 0
0 0.767361 0 0.0236111 0
0 0.598611 0 0.0222222 0
0 0.498611 0 0.0527778 0
0 0.767361 0 0.0236111 0
0 0.497917 0 0.0513889 0
0 0.598611 0 0.0222222 0
0 0.767361 0 0.0236111 0
0 0.498611 0 0.05 0
0 0.598611 0 0.0222222 0
0 0.767361 0 0.0236111 0
0 0.498611 0 0.05 0
0 0.598611 0 0.0222222 0
0 0.767361 0 0.0236111 0
0 0.498611 0 0.0527778 0
0 0.598611 0 0.0222222 0
0 0.766667 0 0.0222222 0
0 0.498611 0 0.05 0
0 0.598611 0 0.0222222 0
0 0.767361 0 0.0236111 0
0 0.498611 0 0.0527778 0
0 0.598611 0 0.0222222 0
0 0.767361 0 0.0236111 0
0 0.498611 0 0.0527778 0
0 0.598611 0 0.0222222 0
0 0.766667 0 0.0222222 0
0 0.497917 0 0.0513889 0
0 0.598611 0 0.0222222 0
0 0.767361 0 0.0236111 0
0 0.598611 0 0.0222222 0
0 0.498611 0 0.0527778 0
0 0.766667 0 0.025 0
0 0.497917 0 0.0513889 0
0 0.598611 0 0.0222222 0
0 0.767361 0 0.0236111 0
0 0.598611 0 0.0222222 0
0 0.498611 0 0.0527778 0
0 0.767361 0 0.0236111 0
0 0.598611 0 0.0222222 0
0 0.498611 0 0.0527778 0
0 0.767361 0 0.0236111 0
0 0.497917 0 0.0513889 0
0 0.598611 0 0.0222222 0
0 0.767361 0 0.0236111 0
0 0.498611 0 0.05 0
0 0.598611 0 0.0222222 0
0 0.767361 0 0.0236111 0
0 0.498611 0 0.0527778 0
0 0.598611 0 0.0222222 0
0 0.766667 0 0.0222222 0
0 0.498611 0 0.05 0
0 0.598611 0 0.0222222 0
0 0.767361 0 0.0236111 0
0 0.498611 0 0.0527778 0
0 0.598611 0 0.0222222 0
0 0.767361 0 0.0236111 0
0 0.498611 0 0.0527778 0
0 0.598611 0 0.0222222 0
0 0.766667 0 0.0222222 0
0 0.497917 0 0.0513889 0
0 0.598611 0 0.0222222 0
0 0.767361 0 0.0236111 0
0 0.498611 0 0.0527778 0
0 0.598611 0 0.0222222 0
0 0.767361 0 0.0236111 0
0 0.497917 0 0.0513889 0
0 0.598611 0 0.0222222 0
0 0.767361 0 0.0236111 0
0 0.598611 0 0.0222222 0
0 0.498611 0 0.0527778 0
0 0.767361 0 0.0236111 0
0 0.497917 0 0.0513889 0
0 0.598611 0 0.0222222 0
0 0.767361 0 0.0236111 0
0 0.498611 0 0.05 0
0 0.598611 0 0.0222222 0
0 0.767361 0 0.0236111 0
0 0.498611 0 0.0527778 0
0 0.598611 0 0.0222222 0
0 0.767361 0 0.0236111 0
0 0.498611 0 0.0527778 0
0 0.598611 0 0.0222222 0
0 0.766667 0 0.0222222 0
0 0.498611 0 0.05 0
0 0.598611 0 0.0222222 0
0 0.767361 0 0.0236111 0
0 0.499306 0 0.0513889 0
0 0.598611 0 0.0222222 0
0 0.766667 0 0.0222222 0
0 0.497917 0 0.0513889 0
0 0.598611 0 0.0222222 0
0 0.766667 0 0.0222222 0
0 0.497917 0 0.0513889 0
0 0.598611 0 0.0222222 0
0 0.767361 0 0.0236111 0
0 0.498611 0 0.0527778 0
0 0.598611 0 0.0222222 0
0 0.767361 0 0.0236111 0
0 0.497917 0 0.0513889 0
0 0.598611 0 0.0222222 0
0 0.767361 0 0.0236111 0
0 0.498611 0 0.0527778 0
0 0.598611 0 0.0222222 0
0 0.767361 0 0.0236111 0
0 0.498611 0 0.0527778 0
0 0.598611 0 0.0222222 0
0 0.767361 0 0.0236111 0
0 0.497917 0 0.0513889 0
0 0.598611 0 0.0222222 0
0 0.767361 0 0.0236111 0
0 0.498611 0 0.05 0
0 0.598611 0 0.0222222 0
0 0.767361 0 0.0236111 0
0 0.498611 0 0.0527778 0
0 0.598611 0 0.0222222 0
0 0.766667 0 0.0222222 0
0 0.498611 0 0.05 0
0 0.598611 0 0.0222222 0
0 0.766667 0 0.0222222 0
0 0.498611 0 0.05 0
0 0.598611 0 0.0222222 0
0 0.767361 0 0.0236111 0
0 0.598611 0 0.0222222 0
0 0.499306 0 0.0513889 0
0 0.766667 0 0.0222222 0
0 0.497917 0 0.0513889 0
0 0.598611 0 0.0222222 0
0 0.767361 0 0.0236111 0
0 0.598611 0 0.0222222 0
0 0.498611 0 0.0527778 0
0 0.767361 0 0.0236111 0
0 0.598611 0 0.0222222 0
0 0.498611 0 0.0527778 0
0 0.767361 0 0.0236111 0
0 0.497917 0 0.0513889 0
0 0.598611 0 0.0222222 0
0 0.767361 0 0.0236111 0
0 0.498611 0 0.0527778 0
0 0.598611 0 0.0222222 0
0 0.767361 0 0.0236111 0
0 0.497917 0 0.0513889 0
0 0.598611 0 0.0222222 0
0 0.767361 0 0.0236111 0
0 0.498611 0 0.05 0
0 0.598611 0 0.0222222 0
0 0.767361 0 0.0236111 0
0 0.498611 0 0.05 0
0 0.598611 0 0.0222222 0
0 0.767361 0 0.0236111 0
0 0.498611 0 0.0527778 0
0 0.598611 0 0.0222222 0
0 0.766667 0 0.0222222 0
0 0.498611 0 0.05 0
0 0.598611 0 0.0222222 0
0 0.767361 0 0.0236111 0
0 0.598611 0 0.0222222 0
0 0.498611 0 0.0527778 0
0 0.767361 0 0.0236111 0
0 0.598611 0 0.0222222 0
0 0.498611 0 0.0527778 0
0 0.766667 0 0.0222222 0
0 0.497917 0 0.0513889 0
0 0.598611 0 0.0222222 0
0 0.767361 0 0.0236111 0
0 0.598611 0 0.0222222 0
0 0.498611 0 0.0527778 0
0 0.766667 0 0.025 0
0 0.497917 0 0.0513889 0
0 0.598611 0 0.0222222 0
0 0.767361 0 0.0236111 0
0 0.598611 0 0.0222222 0
0 0.498611 0 0.0527778 0
0 0.767361 0 0.0236111 0
0 0.497917 0 0.0513889 0
0 0.598611 0 0.0222222 0
0 0.767361 0 0.0236111 0
0 0.497917 0 0.0513889 0
0 0.598611 0 0.0222222 0
0 0.767361 0 0.0236111 0
0 0.498611 0 0.05 0
0 0.598611 0 0.0222222 0
0 0.767361 0 0.0236111 0
0 0.498611 0 0.0527778 0
0 0.598611 0 0.0222222 0
0 0.766667 0 0.0222222 0
0 0.498611 0 0.05 0
0 0.598611 0 0.0222222 0
0 0.767361 0 0.0236111 0
0 0.598611 0 0.0222222 0
0 0.499306 0 0.0513889 0
0 0.767361 0 0.0236111 0
0 0.598611 0 0.0222222 0
0 0.499306 0 0.0513889 0
0 0.766667 0 0.0222222 0
0 0.497917 0 0.0513889 0
0 0.598611 0 0.0222222 0
0 0.767361 0 0.0236111 0
0 0.598611 0 0.0222222 0
0 0.498611 0 0.0527778 0
0 0.767361 0 0.0236111 0
0 0.497917 0 0.0513889 0
0 0.598611 0 0.0222222 0
0 0.767361 0 0.0236111 0
0 0.598611 0 0.0222222 0
0 0.498611 0 0.0527778 0
0 0.767361 0 0.0236111 0
0 0.598611 0 0.0222222 0
0 0.498611 0 0.0527778 0
0 0.767361 0 0.0236111 0
0 0.497917 0 0.0513889 0
0 0.598611 0 0.0222222 0
0 0.767361 0 0.0236111 0
0 0.498611 0 0.05 0
0 0.598611 0 0.0222222 0
0 0.767361 0 0.0236111 0
0 0.498611 0 0.0527778 0
0 0.598611 0 0.0222222 0
0 0.766667 0 0.0222222 0
0 0.498611 0 0.05 0
0 0.598611 0 0.0222222 0
0 0.766667 0 0.0222222 0
0 0.498611 0 0.05 0
0 0.598611 0 0.0222222 0
0 0.767361 0 0.0236111 0
0 0.598611 0 0.0222222 0
0 0.499306 0 0.0513889 0
0 0.766667 0 0.0222222 0
0 0.497917 0 0.0513889 0
0 0.598611 0 0.0222222 0
0 0.767361 0 0.0236111 0
0 0.598611 0 0.0222222 0
0 0.498611 0 0.0527778 0
0 0.767361 0 0.0236111 0
0 0.598611 0 0.0222222 0
0 0.498611 0 0.0527778 0
0 0.766667 0 0.025 0
0 0.497917 0 0.0513889 0
0 0.598611 0 0.0222222 0
0 0.767361 0 0.0236111 0
0 0.598611 0 0.0222222 0
0 0.498611 0 0.0527778 0
0 0.767361 0 0.0236111 0
0 0.497917 0 0.0513889 0
0 0.598611 0 0.0222222 0
0 0.767361 0 0.0236111 0
0 0.498611 0 0.05 0
0 0.598611 0 0.0222222 0
0 0.767361 0 0.0236111 0
0 0.498611 0 0.05 0
0 0.598611 0 0.0222222 0
0 0.767361 0 0.0236111 0
0 0.498611 0 0.0527778 0
0 0.598611 0 0.0222222 0
0 0.766667 0 0.0222222 0
0 0.498611 0 0.05 0
0 0.598611 0 0.0222222 0
0 0.767361 0 0.0236111 0
0 0.598611 0 0.0222222 0
0 0.499306 0 0.0513889 0
0 0.767361 0 0.0236111 0
0 0.598611 0 0.0222222 0
0 0.499306 0 0.0513889 0
0 0.766667 0 0.0222222 0
0 0.497917 0 0.0513889 0
0 0.598611 0 0.0222222 0
0 0.767361 0 0.0236111 0
0 0.598611 0 0.0222222 0
0 0.498611 0 0.0527778 0
0 0.766667 0 0.0222222 0
0 0.497917 0 0.0513889 0
0 0.598611 0 0.0222222 0
0 0.767361 0 0.0236111 0
0 0.598611 0 0.0222222 0
0 0.498611 0 0.0527778 0
0 0.767361 0 0.0236111 0
0 0.598611 0 0.0222222 0
0 0.498611 0 0.0527778 0
0 0.767361 0 0.0236111 0
0 0.497917 0 0.0513889 0
0 0.598611 0 0.0222222 0
0 0.767361 0 0.0236111 0
0 0.498611 0 0.05 0
0 0.598611 0 0.0222222 0
0 0.767361 0 0.0236111 0
0 0.498611 0 0.0527778 0
0 0.598611 0 0.0222222 0
0 0.767361 0 0.0236111 0
0 0.498611 0 0.0527778 0
0 0.598611 0 0.0222222 0
0 0.766667 0 0.0222222 0
0 0.498611 0 0.05 0
0 0.598611 0 0.0222222 0
0 0.767361 0 0.0236111 0
0 0.499306 0 0.0513889 0
0 0.598611 0 0.0222222 0
0 0.766667 0 0.0222222 0
0 0.497917 0 0.0513889 0
0 0.598611 0 0.0222222 0
0 0.766667 0 0.0222222 0
0 0.497917 0 0.0513889 0
0 0.598611 0 0.0222222 0
0 0.767361 0 0.0236111 0
0 0.598611 0 0.0222222 0
0 0.498611 0 0.0527778 0
0 0.766667 0 0.0222222 0
0 0.498611 0 0.0527778 0
0 0.598611 0 0.0222222 0
0 0.767361 0 0.0236111 0
0 0.598611 0 0.0222222 0
0 0.498611 0 0.0527778 0
0 0.767361 0 0.0236111 0
0 0.598611 0 0.0222222 0
0 0.498611 0 0.0527778 0
0 0.767361 0 0.0236111 0
0 0.497917 0 0.0513889 0
0 0.598611 0 0.0222222 0
0 0.767361 0 0.0236111 0
0 0.498611 0 0.05 0
0 0.598611 0 0.0222222 0
0 0.767361 0 0.0236111 0
0 0.498611 0 0.0527778 0
0 0.598611 0 0.0222222 0
0 0.766667 0 0.0222222 0
0 0.497917 0 0.0513889 0
0 0.598611 0 0.0222222 0
0 0.766667 0 0.0222222 0
0 0.497917 0 0.0513889 0
0 0.598611 0 0.0222222 0
0 0.767361 0 0.0236111 0
0 0.598611 0 0.0222222 0
0 0.498611 0 0.0527778 0
0 0.766667 0 0.0222222 0
0 0.497917 0 0.0513889 0
0 0.598611 0 0.0222222 0
0 0.767361 0 0.0236111 0
0 0.598611 0 0.0222222 0
0 0.498611 0 0.0527778 0
0 0.767361 0 0.0236111 0
0 0.598611 0 0.0222222 0
0 0.498611 0 0.0527778 0
0 0.767361 0 0.0236111 0
0 0.498611 0 0.0527778 0
0 0.598611 0 0.0222222 0
0 0.767361 0 0.0236111 0
0 0.598611 0 0.0222222 0
0 0.498611 0 0.0527778 0
0 0.767361 0 0.0236111 0
0 0.497917 0 0.0513889 0
0 0.598611 0 0.0222222 0
0 0.767361 0 0.0236111 0
0 0.497917 0 0.0513889 0
0 0.598611 0 0.0222222 0
0 0.767361 0 0.0236111 0
0 0.498611 0 0.05 0
0 0.598611 0 0.0222222 0
0 0.767361 0 0.0236111 0
0 0.498611 0 0.0527778 0
0 0.598611 0 0.0222222 0
0 0.766667 0 0.0222222 0
0 0.498611 0 0.05 0
0 0.598611 0 0.0222222 0
0 0.766667 0 0.0222222 0
0 0.498611 0 0.05 0
0 0.598611 0 0.0222222 0
0 0.767361 0 0.0236111 0
0 0.499306 0 0.0513889 0
0 0.598611 0 0.0222222 0
0 0.767361 0 0.0236111 0
0 0.499306 0 0.0513889 0
0 0.598611 0 0.0222222 0
0 0.767361 0 0.0236111 0
0 0.498611 0 0.0527778 0
0 0.598611 0 0.0222222 0
0 0.1375 0 0.00833333 0
0 0.766667 0 0.025 0
0 0.497917 0 0.0513889 0
0 0.598611 0 0.0222222 0
0 0.274306 0 0.00694444 0
0 0.767361 0 0.0236111 0
0 0.499306 0 0.0513889 0
0 0.598611 0 0.0222222 0
0 0.766667 0 0.0222222 0
0 0.498611 0 0.0527778 0
0 0.598611 0 0.0222222 0
0 0.766667 0 0.0222222 0
0 0.498611 0 0.0527778 0
0 0.598611 0 0.0222222 0
0 0.767361 0 0.0236111 0
0 0.598611 0 0.0222222 0
0 0.498611 0 0.0527778 0
0 0.766667 0 0.0222222 0
0 0.497917 0 0.0513889 0
0 0.598611 0 0.0222222 0
0 0.767361 0 0.0236111 0
0 0.498611 0 0.0527778 0
0 0.598611 0 0.0222222 0
0 0.767361 0 0.0236111 0
0 0.498611 0 0.0527778 0
0 0.598611 0 0.0222222 0
0 0.766667 0 0.025 0
0 0.497917 0 0.0513889 0
0 0.598611 0 0.0222222 0
0 0.767361 0 0.0236111 0
0 0.498611 0 0.05 0
0 0.598611 0 0.0222222 0
0 0.767361 0 0.0236111 0
0 0.498611 0 0.0527778 0
0 0.598611 0 0.0222222 0
0 0.767361 0 0.0236111 0
0 0.498611 0 0.0527778 0
0 0.598611 0 0.0222222 0
0 0.1375 0 0.00833333 0
0 0.766667 0 0.0222222 0
0 0.497917 0 0.0513889 0
0 0.598611 0 0.0222222 0
0 0.767361 0 0.0236111 0
0 0.499306 0 0.0513889 0
0 0.598611 0 0.0222222 0
0 0.766667 0 0.0222222 0
0 0.498611 0 0.0527778 0
0 0.598611 0 0.0222222 0
0 0.766667 0 0.0222222 0
0 0.498611 0 0.0527778 0
0 0.598611 0 0.0222222 0
0 0.767361 0 0.0236111 0
0 0.598611 0 0.0222222 0
0 0.498611 0 0.0527778 0
0 0.766667 0 0.0222222 0
0 0.497917 0 0.0513889 0
0 0.598611 0 0.0222222 0
0 0.767361 0 0.0236111 0
0 0.498611 0 0.0527778 0
0 0.598611 0 0.0222222 0
0 0.767361 0 0.0236111 0
0 0.497917 0 0.0513889 0
0 0.598611 0 0.0222222 0
0 0.767361 0 0.0236111 0
0 0.497917 0 0.0513889 0
0 0.598611 0 0.0222222 0
0 0.767361 0 0.0236111 0
0 0.498611 0 0.05 0
0 0.598611 0 0.0222222 0
0 0.767361 0 0.0236111 0
0 0.498611 0 0.0527778 0
0 0.598611 0 0.0222222 0
0 0.1375 0 0.00833333 0
0 0.766667 0 0.0222222 0
0 0.497917 0 0.0513889 0
0 0.598611 0 0.0222222 0
0 0.767361 0 0.0236111 0
0 0.499306 0 0.0513889 0
0 0.598611 0 0.0222222 0
0 0.766667 0 0.0222222 0
0 0.498611 0 0.0527778 0
0 0.598611 0 0.0222222 0
0 0.766667 0 0.0222222 0
0 0.498611 0 0.0527778 0
0 0.598611 0 0.0222222 0
0 0.767361 0 0.0236111 0
0 0.598611 0 0.0222222 0
0 0.498611 0 0.0527778 0
0 0.766667 0 0.0222222 0
0 0.497917 0 0.0513889 0
0 0.598611 0 0.0222222 0
0 0.767361 0 0.0236111 0
0 0.598611 0 0.0222222 0
0 0.498611 0 0.0527778 0
0 0.767361 0 0.0236111 0
0 0.598611 0 0.0222222 0
0 0.498611 0 0.0527778 0
0 0.766667 0 0.025 0
0 0.497917 0 0.0513889 0
0 0.598611 0 0.0222222 0
0 0.767361 0 0.0236111 0
0 0.498611 0 0.05 0
0 0.598611 0 0.0222222 0
0 0.767361 0 0.0236111 0
0 0.498611 0 0.0527778 0
0 0.598611 0 0.0222222 0
0 0.138194 0 0.00972222 0
0 0.766667 0 0.0222222 0
0 0.497917 0 0.0513889 0
0 0.598611 0 0.0222222 0
0 0.767361 0 0.0236111 0
0 0.499306 0 0.0513889 0
0 0.598611 0 0.0222222 0
0 0.767361 0 0.0236111 0
0 0.499306 0 0.0513889 0
0 0.598611 0 0.0222222 0
0 0.766667 0 0.0222222 0
0 0.498611 0 0.0527778 0
0 0.598611 0 0.0222222 0
0 0.767361 0 0.0236111 0
0 0.598611 0 0.0222222 0
0 0.498611 0 0.0527778 0
0 0.766667 0 0.0222222 0
0 0.497917 0 0.0513889 0
0 0.598611 0 0.0222222 0
0 0.767361 0 0.0236111 0
0 0.598611 0 0.0222222 0
0 0.498611 0 0.0527778 0
0 0.767361 0 0.0236111 0
0 0.598611 0 0.0222222 0
0 0.498611 0 0.0527778 0
0 0.766667 0 0.025 0
0 0.498611 0 0.0527778 0
0 0.598611 0 0.0222222 0
0 0.767361 0 0.0236111 0
0 0.498611 0 0.05 0
0 0.598611 0 0.0222222 0
0 0.767361 0 0.0236111 0
0 0.498611 0 0.05 0
0 0.598611 0 0.0222222 0
0 0.767361 0 0.0236111 0
0 0.497917 0 0.0513889 0
0 0.598611 0 0.0222222 0
0 0.138194 0 0.00972222 0
0 0.766667 0 0.0222222 0
0 0.497917 0 0.0513889 0
0 0.598611 0 0.0222222 0
0 0.767361 0 0.0236111 0
0 0.498611 0 0.0527778 0
0 0.598611 0 0.0222222 0
0 0.766667 0 0.0222222 0
0 0.498611 0 0.0527778 0
0 0.598611 0 0.0222222 0
0 0.766667 0 0.0222222 0
0 0.498611 0 0.0527778 0
0 0.598611 0 0.0222222 0
0 0.767361 0 0.0236111 0
0 0.598611 0 0.0222222 0
0 0.498611 0 0.0527778 0
0 0.766667 0 0.0222222 0
0 0.497917 0 0.0513889 0
0 0.598611 0 0.0222222 0
0 0.767361 0 0.0236111 0
0 0.598611 0 0.0222222 0
0 0.498611 0 0.0527778 0
0 0.767361 0 0.0236111 0
0 0.598611 0 0.0222222 0
0 0.498611 0 0.0527778 0
0 0.766667 0 0.025 0
0 0.498611 0 0.0527778 0
0 0.598611 0 0.0222222 0
0 0.767361 0 0.0236111 0
0 0.498611 0 0.05 0
0 0.598611 0 0.0222222 0
0 0.767361 0 0.0236111 0
0 0.497917 0 0.0513889 0
0 0.598611 0 0.0222222 0
0 0.767361 0 0.0236111 0
0 0.498611 0 0.05 0
0 0.598611 0 0.0222222 0
0 0.767361 0 0.0236111 0
0 0.498611 0 0.05 0
0 0.598611 0 0.0222222 0
0 0.767361 0 0.0236111 0
0 0.498611 0 0.0527778 0
0 0.598611 0 0.0222222 0
0 0.766667 0 0.0222222 0
0 0.498611 0 0.0527778 0
0 0.598611 0 0.0222222 0
0 0.767361 0 0.0236111 0
0 0.598611 0 0.0222222 0
0 0.498611 0 0.0527778 0
0 0.767361 0 0.0236111 0
0 0.598611 0 0.0222222 0
0 0.498611 0 0.0527778 0
0 0.766667 0 0.0222222 0
0 0.497917 0 0.0513889 0
0 0.598611 0 0.0222222 0
0 0.767361 0 0.0236111 0
0 0.598611 0 0.0222222 0
0 0.498611 0 0.0527778 0
0 0.766667 0 0.025 0
0 0.497917 0 0.0513889 0
0 0.598611 0 0.0222222 0
0 0.767361 0 0.0236111 0
0 0.498611 0 0.05 0
0 0.598611 0 0.0222222 0
0 0.767361 0 0.0236111 0
0 0.498611 0 0.05 0
0 0.598611 0 0.0222222 0
0 0.767361 0 0.0236111 0
0 0.497917 0 0.0513889 0
0 0.598611 0 0.0222222 0
0 0.767361 0 0.0236111 0
0 0.498611 0 0.05 0
0 0.598611 0 0.0222222 0
0 0.767361 0 0.0236111 0
0 0.498611 0 0.0527778 0
0 0.598611 0 0.0222222 0
0 0.767361 0 0.0236111 0
0 0.498611 0 0.0527778 0
0 0.598611 0 0.0222222 0
0 0.766667 0 0.0222222 0
0 0.498611 0 0.0527778 0
0 0.598611 0 0.0222222 0
0 0.767361 0 0.0236111 0
0 0.598611 0 0.0222222 0
0 0.498611 0 0.0527778 0
0 0.766667 0 0.0222222 0
0 0.497917 0 0.0513889 0
0 0.598611 0 0.0222222 0
0 0.766667 0 0.0222222 0
0 0.497917 0 0.0513889 0
0 0.598611 0 0.0222222 0
0 0.767361 0 0.0236111 0
0 0.598611 0 0.0222222 0
0 0.498611 0 0.0527778 0
0 0.766667 0 0.025 0
0 0.497917 0 0.0513889 0
0 0.598611 0 0.0222222 0
0 0.767361 0 0.0236111 0
0 0.498611 0 0.05 0
0 0.598611 0 0.0222222 0
0 0.767361 0 0.0236111 0
0 0.498611 0 0.0527778 0
0 0.598611 0 0.0222222 0
0 0.767361 0 0.0236111 0
0 0.498611 0 0.0527778 0
0 0.598611 0 0.0222222 0
0 0.767361 0 0.0236111 0
0 0.498611 0 0.05 0
0 0.598611 0 0.0222222 0
0 0.767361 0 0.0236111 0
0 0.498611 0 0.0527778 0
0 0.598611 0 0.0222222 0
0 0.766667 0 0.0222222 0
0 0.498611 0 0.0527778 0
0 0.598611 0 0.0222222 0
0 0.766667 0 0.0222222 0
0 0.498611 0 0.0527778 0
0 0.598611 0 0.0222222 0
0 0.767361 0 0.0236111 0
0 0.598611 0 0.0222222 0
0 0.498611 0 0.0527778 0
0 0.766667 0 0.0222222 0
0 0.497917 0 0.0513889 0
0 0.598611 0 0.0222222 0
0 0.767361 0 0.0236111 0
0 0.598611 0 0.0222222 0
0 0.498611 0 0.0527778 0
0 0.766667 0 0.025 0
0 0.497917 0 0.0513889 0
0 0.598611 0 0.0222222 0
0 0.766667 0 0.025 0
0 0.497917 0 0.0513889 0
0 0.598611 0 0.0222222 0
0 0.767361 0 0.0236111 0
0 0.498611 0 0.05 0
0 0.598611 0 0.0222222 0
0 0.767361 0 0.0236111 0
0 0.497917 0 0.0513889 0
0 0.598611 0 0.0222222 0
0 0.767361 0 0.0236111 0
0 0.498611 0 0.05 0
0 0.598611 0 0.0222222 0
