0 0.563194 0 0.0402778 0
0 0.563194 0 0.0402778 0
0 0.563194 0 0.0402778 0
0 0.563194 0 0.0402778 0
0 0.563194 0 0.0402778 0
0 0.563194 0 0.0402778 0
0 0.563194 0 0.0402778 0
0 0.563194 0 0.0402778 0
0 0.563194 0 0.0402778 0
0 0.563194 0 0.0402778 0
0 0.563194 0 0.0402778 0
0 0.563194 0 0.0402778 0
0 0.563194 0 0.0402778 0
0 0.563194 0 0.0402778 0
0 0.563194 0 0.0402778 0
0 0.563194 0 0.0402778 0
0 0.563194 0 0.0402778 0
0 0.563194 0 0.0402778 0
0 0.563194 0 0.0402778 0
0 0.563194 0 0.0402778 0
0 0.563194 0 0.0402778 0
0 0.563194 0 0.0402778 0
0 0.563194 0 0.0402778 0
0 0.563194 0 0.0402778 0
0 0.563194 0 0.0402778 0
0 0.563194 0 0.0402778 0
0 0.563194 0 0.0402778 0
0 0.563194 0 0.0402778 0
0 0.563194 0 0.0402778 0
0 0.563194 0 0.0402778 0
0 0.563194 0 0.0402778 0
0 0.563194 0 0.0402778 0
0 0.563194 0 0.0402778 0
0 0.563194 0 0.0402778 0
0 0.563194 0 0.0402778 0
0 0.563194 0 0.0402778 0
0 0.563194 0 0.0402778 0
0 0.563194 0 0.0402778 0
0 0.563194 0 0.0402778 0
0 0.563194 0 0.0402778 0
0 0.563194 0 0.0402778 0
0 0.563194 0 0.0402778 0
0 0.563194 0 0.0402778 0
0 0.563194 0 0.0402778 0
0 0.563194 0 0.0402778 0
0 0.563194 0 0.0402778 0
0 0.563194 0 0.0402778 0
0 0.563194 0 0.0402778 0
0 0.563194 0 0.0402778 0
0 0.563194 0 0.0402778 0
0 0.563194 0 0.0402778 0
0 0.563194 0 0.0402778 0
0 0.563194 0 0.0402778 0
0 0.563194 0 0.0402778 0
0 0.563194 0 0.0402778 0
0 0.563194 0 0.0402778 0
0 0.563194 0 0.0402778 0
0 0.563194 0 0.0402778 0
0 0.563194 0 0.0402778 0
0 0.563194 0 0.0402778 0
0 0.563194 0 0.0402778 0
0 0.563194 0 0.0402778 0
0 0.563194 0 0.0402778 0
0 0.563194 0 0.0402778 0
0 0.563194 0 0.0402778 0
0 0.563194 0 0.0402778 0
0 0.563194 0 0.0402778 0
0 0.563194 0 0.0402778 0
0 0.563194 0 0.0402778 0
0 0.563194 0 0.0402778 0
0 0.563194 0 0.0402778 0
0 0.563194 0 0.0402778 0
0 0.563194 0 0.0402778 0
0 0.563194 0 0.0402778 0
0 0.563194 0 0.0402778 0
0 0.563194 0 0.0402778 0
0 0.563194 0 0.0402778 0
0 0.563194 0 0.0402778 0
0 0.563194 0 0.0402778 0
0 0.563194 0 0.0402778 0
0 0.563194 0 0.0402778 0
0 0.563194 0 0.0402778 0
0 0.563194 0 0.0402778 0
0 0.563194 0 0.0402778 0
0 0.563194 0 0.0402778 0
0 0.563194 0 0.0402778 0
0 0.563194 0 0.0402778 0
0 0.563194 0 0.0402778 0
0 0.563194 0 0.0402778 0
0 0.563194 0 0.0402778 0
0 0.563194 0 0.0402778 0
0 0.563194 0 0.0402778 0
0 0.563194 0 0.0402778 0
0 0.563194 0 0.0402778 0
0 0.563194 0 0.0402778 0
0 0.563194 0 0.0402778 0
0 0.563194 0 0.0402778 0
0 0.563194 0 0.0402778 0
0 0.563194 0 0.0402778 0
0 0.563194 0 0.0402778 0
0 0.563194 0 0.0402778 0
0 0.563194 0 0.0402778 0
0 0.563194 0 0.0402778 0
0 0.563194 0 0.0402778 0
0 0.563194 0 0.0402778 0
0 0.563194 0 0.0402778 0
0 0.563194 0 0.0402778 0
0 0.563194 0 0.0402778 0
0 0.563194 0 0.0402778 0
0 0.563194 0 0.0402778 0
0 0.563194 0 0.0402778 0
0 0.563194 0 0.0402778 0
0 0.563194 0 0.0402778 0
0 0.563194 0 0.0402778 0
0 0.563194 0 0.0402778 0
0 0.563194 0 0.0402778 0
0 0.563194 0 0.0402778 0
0 0.563194 0 0.0402778 0
0 0.563194 0 0.0402778 0
0 0.563194 0 0.0402778 0
0 0.563194 0 0.0402778 0
0 0.563194 0 0.0402778 0
0 0.563194 0 0.0402778 0
0 0.563194 0 0.0402778 0
0 0.563194 0 0.0402778 0
0 0.563194 0 0.0402778 0
0 0.563194 0 0.0402778 0
0 0.563194 0 0.0402778 0
0 0.563194 0 0.0402778 0
0 0.563194 0 0.0402778 0
0 0.563194 0 0.0402778 0
0 0.563194 0 0.0402778 0
0 0.563194 0 0.0402778 0
0 0.563194 0 0.0402778 0
0 0.563194 0 0.0402778 0
0 0.563194 0 0.0402778 0
0 0.563194 0 0.0402778 0
0 0.563194 0 0.0402778 0
0 0.563194 0 0.0402778 0
0 0.563194 0 0.0402778 0
0 0.563194 0 0.0402778 0
0 0.563194 0 0.0402778 0
0 0.563194 0 0.0402778 0
0 0.563194 0 0.0402778 0
0 0.563194 0 0.0402778 0
0 0.563194 0 0.0402778 0
0 0.563194 0 0.0402778 0
0 0.563194 0 0.0402778 0
0 0.563194 0 0.0402778 0
0 0.563194 0 0.0402778 0
0 0.563194 0 0.0402778 0
0 0.563194 0 0.0402778 0
0 0.563194 0 0.0402778 0
0 0.563194 0 0.0402778 0
0 0.563194 0 0.0402778 0
0 0.563194 0 0.0402778 0
0 0.563194 0 0.0402778 0
0 0.563194 0 0.0402778 0
0 0.563194 0 0.0402778 0
0 0.563194 0 0.0402778 0
0 0.563194 0 0.0402778 0
0 0.563194 0 0.0402778 0
0 0.563194 0 0.0402778 0
0 0.563194 0 0.0402778 0
0 0.563194 0 0.0402778 0
0 0.563194 0 0.0402778 0
0 0.563194 0 0.0402778 0
0 0.563194 0 0.0402778 0
0 0.563194 0 0.0402778 0
0 0.563194 0 0.0402778 0
0 0.563194 0 0.0402778 0
0 0.563194 0 0.0402778 0
0 0.563194 0 0.0402778 0
0 0.563194 0 0.0402778 0
0 0.563194 0 0.0402778 0
0 0.563194 0 0.0402778 0
0 0.563194 0 0.0402778 0
0 0.563194 0 0.0402778 0
0 0.563194 0 0.0402778 0
0 0.563194 0 0.0402778 0
0 0.563194 0 0.0402778 0
0 0.563194 0 0.0402778 0
0 0.563194 0 0.0402778 0
0 0.563194 0 0.0402778 0
0 0.563194 0 0.0402778 0
0 0.563194 0 0.0402778 0
0 0.563194 0 0.0402778 0
0 0.563194 0 0.0402778 0
0 0.563194 0 0.0402778 0
0 0.563194 0 0.0402778 0
0 0.563194 0 0.0402778 0
0 0.563194 0 0.0402778 0
0 0.563194 0 0.0402778 0
0 0.563194 0 0.0402778 0
0 0.563194 0 0.0402778 0
0 0.563194 0 0.0402778 0
0 0.563194 0 0.0402778 0
0 0.563194 0 0.0402778 0
0 0.563194 0 0.0402778 0
0 0.563194 0 0.0402778 0
0 0.563194 0 0.0402778 0
0 0.563194 0 0.0402778 0
0 0.563194 0 0.0402778 0
0 0.563194 0 0.0402778 0
0 0.563194 0 0.0402778 0
0 0.563194 0 0.0402778 0
0 0.563194 0 0.0402778 0
0 0.563194 0 0.0402778 0
0 0.563194 0 0.0402778 0
0 0.563194 0 0.0402778 0
0 0.563194 0 0.0402778 0
0 0.563194 0 0.0402778 0
0 0.563194 0 0.0402778 0
0 0.563194 0 0.0402778 0
0 0.563194 0 0.0402778 0
0 0.563194 0 0.0402778 0
0 0.563194 0 0.0402778 0
0 0.563194 0 0.0402778 0
0 0.563194 0 0.0402778 0
0 0.563194 0 0.0402778 0
0 0.563194 0 0.0402778 0
0 0.563194 0 0.0402778 0
0 0.563194 0 0.0402778 0
0 0.563194 0 0.0402778 0
0 0.563194 0 0.0402778 0
0 0.563194 0 0.0402778 0
0 0.563194 0 0.0402778 0
0 0.563194 0 0.0402778 0
0 0.563194 0 0.0402778 0
0 0.563194 0 0.0402778 0
0 0.563194 0 0.0402778 0
0 0.563194 0 0.0402778 0
0 0.561806 0 0.0402778 0
0 0.55625 0 0.0402778 0
0 0.55625 0 0.0402778 0
0 0.55 0 0.0416667 0
0 0.547917 0 0.0402778 0
0 0.547917 0 0.0402778 0
0 0.545139 0 0.0402778 0
0 0.541667 0 0.0416667 0
0 0.540278 0 0.0416667 0
0 0.538889 0 0.0416667 0
0 0.538889 0 0.0416667 0
0 0.5375 0 0.0444444 0
0 0.613194 0 0.0125 0
0 0.536111 0 0.0388889 0
0 0.411111 0 0.0138889 0
0 0.536111 0 0.0388889 0
0 0.613889 0 0.0138889 0
0 0.534722 0.5 0.0361111 1
0 0.613889 0 0.0138889 0
0 0.534028 0.5 0.0375 1
0 0.531944 0.5 0.0361111 1
0 0.531944 0.5 0.0361111 1
0 0.532639 0.5 0.0347222 1
0 0.53125 0.5 0.0347222 1
0 0.529167 0.5 0.0333333 1
0 0.522222 0.5 0.05 1
0 0.520833 0.5 0.05 1
0 0.520833 0.5 0.05 1
0 0.517361 0.5 0.0486111 1
0 0.517361 0.5 0.0458333 1
0 0.509722 0.5 0.05 1
0 0.509028 0.5 0.0486111 1
0 0.505556 0.5 0.0472222 1
0 0.509028 0 0.0375 0
0 0.505556 0.5 0.0472222 1
0 0.509028 0 0.0375 0
0 0.545139 0 0.0402778 0
0 0.504861 0 0.0375 0
0 0.503472 0 0.0375 0
0 0.50625 0 0.0375 0
0 0.513889 0 0.0388889 0
0 0.619444 0 0.0138889 0
0 0.520833 0 0.0388889 0
0 0.525694 0 0.0402778 0
0 0.528472 0 0.0402778 0
0 0.528472 0 0.0402778 0
0 0.531944 0 0.0388889 0
0 0.418056 0 0.0111111 0
0 0.536806 0 0.0402778 0
0 0.540972 0 0.0402778 0
0 0.54375 0 0.0402778 0
0 0.54375 0 0.0402778 0
0 0.547222 0 0.0416667 0
0 0.551389 0 0.0416667 0
0 0.554167 0 0.0416667 0
0 0.556944 0 0.0388889 0
0 0.561111 0 0.0416667 0
0 0.5625 0 0.0416667 0
0 0.422917 0 0.0152778 0
0 0.565278 0 0.0416667 0
0 0.422917 0 0.0152778 0
0 0.565278 0 0.0416667 0
0 0.568056 0 0.0416667 0
0 0.570139 0 0.0402778 0
0 0.574306 0 0.0402778 0
0 0.577778 0 0.0416667 0
0 0.579861 0 0.0402778 0
0 0.579861 0 0.0402778 0
0 0.584722 0 0.0416667 0
0 0.5875 0 0.0416667 0
0 0.427083 0 0.0125 0
0 0.592361 0 0.0402778 0
0 0.596528 0 0.0402778 0
0 0.600694 0 0.0402778 0
0 0.604167 0 0.0416667 0
0 0.604167 0 0.0416667 0
0 0.60625 0 0.0402778 0
0 0.609028 0 0.0402778 0
0 0.608333 0 0.0416667 0
0 0.604861 0 0.0402778 0
0 0.602778 0 0.0416667 0
0 0.602778 0 0.0416667 0
0 0.6 0 0.0416667 0
0 0.599306 0 0.0402778 0
0 0.600694 0 0.0402778 0
0 0.600694 0 0.0402778 0
0 0.600694 0 0.0402778 0
0 0.532639 0 0.0486111 0
0 0.6 0 0.0416667 0
0 0.53125 0 0.0513889 0
0 0.6 0 0.0444444 0
0 0.531944 0 0.0472222 0
0 0.602083 0 0.0402778 0
0 0.531944 0 0.05 0
0 0.602778 0 0.0388889 0
0 0.604167 0 0.0388889 0
0 0.645833 0 0.0138889 0
0 0.532639 0 0.0541667 0
0 0.604167 0 0.0388889 0
0 0.645833 0 0.0138889 0
0 0.532639 0 0.0541667 0
0 0.604167 0 0.0388889 0
0 0.535417 0 0.0513889 0
0 0.606944 0 0.0388889 0
0 0.535417 0 0.0541667 0
0 0.607639 0 0.0402778 0
0 0.609028 0 0.0402778 0
0 0.610417 0 0.0430556 0
0 0.611806 0 0.0402778 0
0 0.613194 0 0.0402778 0
0 0.613194 0 0.0402778 0
0 0.615278 0 0.0416667 0
0 0.617361 0 0.0402778 0
0 0.619444 0 0.0388889 0
0 0.620833 0 0.0444444 0
0 0.620833 0 0.0333333 0
0 0.620833 0 0.0333333 0
